1 -80852.631271 3.226607 5.413915 4.174599 1.665619 102.443952 0.000000
1 -80852.640359 3.310367 3.899644 2.268739 4.782785 86.965838 0.000000
1 -80853.772724 4.774916 1.154174 4.281815 3.770268 149.932927 0.000000
1 -80853.258448 6.677757 2.370848 3.187172 2.110241 147.100321 0.000000
1 -80852.754004 6.040936 5.779669 3.011514 9.490082 91.290808 0.000000
1 -80852.549286 2.048782 4.526537 6.050194 9.593638 67.390420 0.000000
1 -80852.789047 5.355096 4.569882 2.259904 5.350242 99.980075 0.000000
1 -80852.631991 4.306908 5.849101 0.651922 5.350229 84.766418 0.000000
1 -80852.482607 5.228740 0.986835 1.904893 3.854977 51.135374 0.000000
1 -80852.483144 3.573985 4.031431 2.873746 2.591566 54.485517 0.000000
