#REFERENCE 3 87.3333130 -62.0870760
1.1 49.5210565 37.7626436 0.094556 0.093332 8.22158 3.0000 0.00 
1.2 49.3173109 36.0700765 0.089208 0.088773 75.96104 3.0000 0.00 
1.3 51.1648098 37.8202783 0.121738 0.120102 61.28816 3.0000 0.00 
1.4 47.2383867 37.1663070 0.079040 0.078956 170.11662 3.0000 0.00 
1.5 47.7920409 33.5649813 0.081266 0.080710 29.87175 3.0000 0.00 
1.6 52.0405272 32.8538771 0.079049 0.078949 146.07720 3.0000 0.00 
2.1 50.1130530 38.4026246 0.081037 0.080947 103.23942 3.3200 0.00 
2.2 49.0900153 38.7054503 0.090171 0.089817 94.04903 3.3200 0.00 
2.3 52.8398753 32.5198246 0.061027 0.060972 145.22005 3.3200 0.00 
3.1 46.8627323 35.0177354 0.079092 0.078901 166.20609 6.0267 0.00 
3.2 46.9176017 34.6951770 0.074103 0.073890 172.61966 6.0267 0.00 
4.1 50.5779701 38.3405467 0.062106 0.061875 97.80449 3.3200 0.00 
4.2 52.8456078 32.5201793 0.061027 0.060972 145.24434 3.3200 0.00 
5.1 50.8041547 38.2682392 0.057138 0.056838 88.36466 3.3200 0.00 
5.2 52.8418980 32.5093845 0.061027 0.060972 145.12967 3.3200 0.00 
6.1 51.9619875 32.5926572 0.069043 0.068956 142.41789 3.0000 0.00 
6.2 47.6186967 33.6483259 0.079221 0.078761 24.34112 3.0000 0.00 
6.3 47.1694422 36.6074901 0.069022 0.068974 158.39452 3.0000 0.00 
6.4 49.2197158 35.9282146 0.067177 0.066806 77.96637 3.0000 0.00 
7.1 50.8748649 35.3730013 0.095095 0.094891 56.19272 5.5054 0.00 
7.2 51.1364685 35.1070191 0.098046 0.097943 38.01793 5.5054 0.00 
8.1 48.8789917 38.7342559 0.089169 0.088820 102.86732 2.8012 0.00 
8.2 47.8388166 38.0042020 0.085127 0.084863 156.05992 2.8012 0.00 
9.1 51.4176272 32.4561506 0.071055 0.070943 137.19106 3.0000 0.00 
9.2 46.6501984 36.3991461 0.072035 0.071962 158.70515 3.0000 0.00 
