1 -1801.435812 0.665005 -11.777492 5.751581 319.635527 0.000000
1 -3612.825933 0.461961 -1.877471 7.983971 298.377061 0.000000
1 -3612.100130 0.077827 63.322869 7.982019 431.850801 0.000000
1 -3612.170827 0.364488 -1.244451 2.880521 351.111344 0.000000
1 -3612.100800 0.181897 -51.091898 4.646665 315.239791 0.000000
1 -3612.168404 0.093131 47.677680 7.593386 127.804255 0.000000
1 -3612.342265 0.113433 22.098598 2.011447 419.297361 0.000000
1 -3612.686577 0.418145 -88.203755 6.999435 221.397257 0.000000
1 -3612.079022 0.303885 -20.067930 4.993708 434.439075 0.000000
1 -3612.086433 0.066619 89.991159 5.059675 335.252979 0.000000
1 -3612.190675 0.375876 89.202281 7.145314 142.819040 -1.364669
1 -3612.210718 0.100158 -76.641603 9.023052 182.501502 -1.364669
1 -3612.320691 0.339175 64.260260 8.410472 212.758262 -1.364669
1 -1.795405 0.244982 64.875404 0.686110 123.494614 -1.364669
1 -3612.152723 0.329164 9.463947 7.095974 397.315805 -1.364669
1 -3612.143342 0.470470 38.236905 8.102945 57.207767 -1.364669
1 -74.214811 0.770730 48.152967 7.864858 283.780564 -1.364669
1 -3612.140718 0.392137 -56.283325 7.156121 376.175628 -1.364669
1 -3612.113288 0.673176 -75.815367 2.611632 381.372310 -1.364669
1 -3612.124151 0.004539 -69.455349 4.777425 297.631200 -1.364669
1 -3612.624777 0.464323 -6.805578 6.818657 268.683962 -1.895784
1 -1815.081642 0.360154 40.800431 0.891079 166.368513 -1.895784
1 -1807.579430 0.724916 -1.221766 0.498823 172.131575 -1.895784
1 -3.281827 0.246479 71.767961 0.479465 124.208171 -1.895784
1 -4.070991 0.321750 -59.900641 0.247253 121.033845 -1.895784
1 -1.795405 0.244982 64.875404 0.686110 123.494614 -1.895784
1 -2202.993514 0.488169 -11.037566 0.838523 437.639855 -1.895784
1 -3612.149309 0.451293 -70.358679 6.355799 72.347420 -1.895784
1 -3612.354119 0.356553 86.671177 8.827159 343.014916 -1.895784
1 -3612.162961 0.722848 64.446663 10.073320 354.471800 -1.895784
1 -2934.389266 0.450772 77.390189 0.564770 395.649948 -2.320114
1 -1833.512665 0.396935 34.219808 0.504098 181.939609 -2.320114
1 -3612.102028 0.216069 51.727078 9.391058 462.221124 -2.320114
1 -1870.644929 0.330896 86.898421 0.119955 192.151885 -2.320114
1 -11.983496 0.705935 73.933055 0.585760 145.843334 -2.320114
1 -3612.140596 0.161518 -26.563849 2.432029 27.968688 -2.320114
1 -3612.332593 0.712324 -66.470748 2.116473 368.762553 -2.320114
1 -2.145644 0.250340 63.066647 0.711539 126.460887 -2.320114
1 -91.873411 0.213237 -48.259964 1.965770 180.522094 -2.320114
1 -1803.599132 0.728617 20.569859 9.086600 360.580000 -2.320114
1 -3612.366396 0.777442 25.260196 4.577434 225.538329 -2.559315
1 -2.892397 0.136998 -82.935150 0.047312 111.852498 -2.559315
1 -575.778029 0.403367 -50.519376 0.150485 384.913518 -2.559315
1 -990.749442 0.503896 51.857423 0.071542 488.477820 -2.559315
1 -4.782016 0.743722 87.924403 1.739493 153.290112 -2.559315
1 -1813.778369 0.222628 -81.349459 3.205010 455.001034 -2.559315
1 -9.079853 0.229078 -47.507809 1.891420 171.867992 -2.559315
1 -1852.139706 0.718178 -69.660936 2.510663 223.101046 -2.559315
1 -10.549901 0.171312 -67.156759 1.959832 172.358928 -2.559315
1 -1879.802697 0.591937 -80.592961 1.702654 451.931141 -2.559315
1 -5.972147 0.364195 28.703160 2.311889 185.551912 -2.701586
1 -1801.682844 0.105013 -77.660155 0.982837 131.226433 -2.701586
1 -572.288233 0.464675 -45.879150 0.255369 389.890024 -2.701586
1 -671.970385 0.560507 56.770276 0.419843 499.631069 -2.701586
1 -4.639816 0.786553 89.705232 1.999597 158.219035 -2.701586
1 -11.970863 0.234596 -68.977430 0.004318 130.086890 -2.701586
1 -179.977249 0.221334 65.663930 1.156963 321.713357 -2.701586
1 -1801.448973 0.662987 -69.433856 2.884843 171.355372 -2.701586
1 -14.399997 0.193578 -58.294710 1.818942 174.159519 -2.701586
1 -1853.204881 0.153584 -60.484090 2.508717 415.154200 -2.701586
1 -3612.090061 0.298260 -59.526488 4.520157 317.975207 -3.075139
1 -1910.573147 0.196471 4.053291 0.870862 233.482430 -3.075139
1 -3612.230663 0.645218 -57.590124 10.172845 202.649150 -3.075139
1 -594.698334 0.619028 44.404087 0.480230 445.213156 -3.075139
1 -1805.015008 0.287891 -8.883204 3.334929 219.940631 -3.075139
1 -2.975717 0.128656 15.882102 0.322347 123.290297 -3.075139
1 -438.313354 0.280678 -77.087392 0.803167 339.831236 -3.075139
1 -1856.253255 0.082593 -10.147949 0.075352 183.280964 -3.075139
1 -1958.550309 0.423718 73.951190 0.082602 279.881501 -3.075139
1 -1802.979877 0.400854 -36.356308 6.688816 295.405483 -3.075139
1 -1802.285161 0.655675 33.232405 0.471471 139.471968 -3.321318
1 -1855.775101 0.258034 22.670258 0.124844 189.440850 -3.321318
1 -15.124170 0.369133 -74.773738 1.673794 168.095388 -3.321318
1 -11.823767 0.132816 -70.383571 1.580592 166.175437 -3.321318
1 -1823.501266 0.633237 -49.859310 1.268377 459.049323 -3.321318
1 -2.152368 0.068058 13.972405 0.659266 128.361328 -3.321318
1 -846.350320 0.413269 -88.394627 0.293510 379.542207 -3.321318
1 -2026.872251 0.703064 -42.536550 0.027957 366.841772 -3.321318
1 -1848.745966 0.208494 70.542721 2.211395 191.639322 -3.321318
1 -146.060933 0.396979 -39.705662 6.515027 300.204683 -3.321318
1 -2121.808001 0.675208 62.152979 0.810538 349.149460 -3.506645
1 -6.671221 0.285168 -29.450614 0.390219 135.958533 -3.506645
1 -7.644880 0.369047 -75.721868 1.724895 160.176031 -3.506645
1 -8.252526 0.133620 -87.868129 2.097612 172.343196 -3.506645
1 -1855.851610 0.006440 37.798765 0.461995 192.610853 -3.506645
1 -1078.471857 0.121249 18.755627 0.524218 427.570303 -3.506645
1 -32.837754 0.798319 77.410959 0.624272 173.951036 -3.506645
1 -616.211097 0.379234 -52.150479 0.448498 452.662409 -3.506645
1 -2149.787440 0.587723 -38.666996 1.056077 410.140610 -3.506645
1 -149.550930 0.387547 -37.659867 6.771038 306.921087 -3.506645
1 -6.994103 0.623733 84.120775 1.471801 152.281340 -3.671449
1 -1.504257 0.342363 -14.734343 0.087538 110.826718 -3.671449
1 -12.528158 0.354487 85.505147 0.375636 138.305074 -3.671449
1 -1815.023232 0.729150 -78.862717 0.509455 145.104694 -3.671449
1 -1807.268893 0.063797 62.681889 4.440964 233.436225 -3.671449
1 -1801.449991 0.109214 31.703639 6.926767 276.923969 -3.671449
1 -33.134333 0.792603 74.198605 0.470970 171.474412 -3.671449
1 -358.113068 0.385576 -83.688766 0.733165 387.126897 -3.671449
1 -10.697136 0.561512 -70.417493 1.055769 150.836476 -3.671449
1 -1912.991942 0.231658 15.246857 0.234006 233.853168 -3.671449
1 -4.743247 0.622851 86.203912 1.269820 143.435431 -3.787808
1 -1.633520 0.317570 31.743430 0.763026 130.738417 -3.787808
1 -5.978949 0.252486 -72.825899 0.145629 122.862985 -3.787808
1 -20.920286 0.628383 -73.944460 0.014957 142.473749 -3.787808
1 -1100.577549 0.420239 83.604591 0.661340 426.404628 -3.787808
1 -66.561463 0.609716 -21.563925 2.036227 206.104831 -3.787808
1 -24.450417 0.797048 70.200460 0.103502 155.857777 -3.787808
1 -1897.695453 0.291733 43.171933 0.151746 217.469376 -3.787808
1 -31.373269 0.522273 -64.816113 1.173360 175.199784 -3.787808
1 -2034.389921 0.152398 -24.762998 0.057377 300.684440 -3.787808
1 -12.672435 0.591143 84.966936 1.017374 151.976888 -3.856032
1 -1.466696 0.157146 -9.014045 0.538599 120.840857 -3.856032
1 -6.008567 0.287747 -38.288097 0.336360 131.690443 -3.856032
1 -58.032416 0.710291 -75.203200 0.434574 186.103879 -3.856032
1 -847.072394 0.305676 21.783253 0.358291 460.616584 -3.856032
1 -67.760239 0.609747 -21.460098 2.036265 206.673345 -3.856032
1 -7.626833 0.723537 74.619061 0.753491 142.260177 -3.856032
1 -1815.476115 0.754364 6.812001 2.868454 375.981345 -3.856032
1 -23.001104 0.457581 -52.483588 2.618163 197.305677 -3.856032
1 -18.513245 0.795383 73.063724 0.066581 147.415199 -3.856032
1 -484.612391 0.383227 63.058931 0.712202 361.723481 -3.890821
1 -2.991624 0.184150 16.263809 0.172868 119.977864 -3.890821
1 -11.355721 0.188064 -77.216104 1.580812 164.372534 -3.890821
1 -36.702437 0.756916 -57.731699 0.153240 168.689160 -3.890821
1 -185.597664 0.373344 -26.716615 8.939642 362.464516 -3.890821
1 -1.597222 0.629899 12.793045 1.830183 184.252784 -3.890821
1 -8.861206 0.002126 71.969560 1.921170 172.652278 -3.890821
1 -600.164703 0.740638 37.351358 0.436627 463.203664 -3.890821
1 -22.283543 0.467004 -54.679343 2.634001 196.153175 -3.890821
1 -47.615680 0.780272 -88.855749 0.115713 174.396466 -3.890821
1 -375.746208 0.333107 64.560204 0.649290 385.770103 -3.947212
1 -7.445050 0.309732 -27.410996 1.330535 162.555836 -3.947212
1 -4.699261 0.010369 -70.277973 1.669089 160.871160 -3.947212
1 -20.453650 0.674106 -82.220157 1.736735 174.030541 -3.947212
1 -183.927168 0.373575 -27.149460 8.939013 361.513409 -3.947212
1 -1.456724 0.607619 6.365466 1.548787 175.912569 -3.947212
1 -4.736360 0.436605 69.208433 2.774522 177.497493 -3.947212
1 -600.164703 0.740638 37.351358 0.436627 463.203664 -3.947212
1 -618.835857 0.676624 26.479681 0.430948 440.914424 -3.947212
1 -39.634427 0.543658 -76.845137 0.387494 166.005194 -3.947212
1 -2.685139 0.641079 -2.917100 1.267297 176.299005 -3.987894
1 -14.050161 0.359467 -42.606074 1.538397 171.463827 -3.987894
1 -10.032532 0.069144 75.842198 1.947621 173.003431 -3.987894
1 -10.572646 0.656814 -81.913847 2.262371 171.565581 -3.987894
1 -184.519391 0.369320 -27.810378 8.878922 360.034117 -3.987894
1 -2.343076 0.573206 5.589635 1.448365 174.685519 -3.987894
1 -5.116003 0.416069 82.730242 1.243294 144.883700 -3.987894
1 -494.048794 0.701783 40.189982 0.377259 481.258063 -3.987894
1 -550.303795 0.617471 21.365099 0.411524 409.539514 -3.987894
1 -38.343356 0.531591 -68.735693 0.835092 174.308972 -3.987894
1 -11.568454 0.467548 -75.165857 1.329518 156.793754 -4.039292
1 -10.970558 0.366339 -36.356412 0.690594 150.317292 -4.039292
1 -2.331766 0.160746 75.026071 0.761399 128.396504 -4.039292
1 -8.236990 0.667421 -77.836413 2.118367 166.366569 -4.039292
1 -184.427900 0.360376 -24.965211 8.846971 360.870280 -4.039292
1 -1.566774 0.584421 10.811723 1.600597 175.073973 -4.039292
1 -6.661279 0.464734 79.959844 1.718291 157.506937 -4.039292
1 -960.182959 0.736533 58.577517 0.189569 426.489976 -4.039292
1 -487.911251 0.643947 19.321999 0.466397 400.825248 -4.039292
1 -12.485003 0.513310 -65.230662 1.269064 158.286568 -4.039292
1 -8.339679 0.395519 -73.811400 0.931554 144.523681 -4.084325
1 -7.510937 0.387868 -40.222172 0.632402 142.710968 -4.084325
1 -16.693510 0.315491 -33.407722 1.032821 165.016532 -4.084325
1 -28.909338 0.601767 -79.925545 0.716317 163.605663 -4.084325
1 -182.511182 0.345805 -25.087185 8.657806 356.091635 -4.084325
1 -4.175122 0.588646 -4.903218 1.163903 171.524095 -4.084325
1 -5.915603 0.430290 -82.988134 1.637648 154.307014 -4.084325
1 -1001.649235 0.749608 75.817099 0.127168 428.408158 -4.084325
1 -103.885847 0.643095 63.844979 8.626088 287.995259 -4.084325
1 -11.966880 0.495252 -54.098847 1.136747 157.739247 -4.084325
1 -6.225238 0.316920 -53.852181 0.166975 125.571864 -4.093016
1 -9.247508 0.308084 -30.491597 1.149694 159.777398 -4.093016
1 -6.885032 0.485959 -25.140773 0.473177 143.872937 -4.093016
1 -11.479772 0.594753 86.634265 0.629024 142.559635 -4.093016
1 -184.068637 0.352231 -24.522537 8.709482 358.298115 -4.093016
1 -3.466290 0.565371 -2.017026 1.213874 170.209111 -4.093016
1 -1.446201 0.388874 63.550163 1.087599 130.725692 -4.093016
1 -35.526871 0.562381 -82.548476 0.473866 164.171380 -4.093016
1 -3.922320 0.229579 -73.387778 0.298394 121.302915 -4.093016
1 -7.038329 0.353318 -76.635103 1.255308 149.451002 -4.093016
1 -7.001785 0.039151 -15.669262 1.569911 163.264975 -4.115004
1 -3.590037 0.090340 -50.478717 0.800071 135.877278 -4.115004
1 -6.802449 0.457734 -19.743233 0.171323 135.840775 -4.115004
1 -12.676421 0.599247 -72.670331 0.313192 138.463996 -4.115004
1 -184.837488 0.398761 -23.830143 8.635828 361.531717 -4.115004
1 -168.743644 0.173211 -29.127349 8.477521 336.256541 -4.115004
1 -4.925050 0.316578 61.662730 2.671212 179.370814 -4.115004
1 -7.193651 0.509434 -25.936799 0.261615 139.045592 -4.115004
1 -2.507902 0.260331 -73.759465 0.533211 121.233005 -4.115004
1 -157.581801 0.013774 -58.759981 8.196859 320.522451 -4.115004
1 -3.805308 0.211743 -27.312493 0.289973 125.466596 -4.125745
1 -3.129322 0.204636 -39.773745 0.858146 136.939550 -4.125745
1 -2.955641 0.359557 -17.449213 0.372455 129.150292 -4.125745
1 -12.888427 0.596408 85.324903 0.262814 136.957306 -4.125745
1 -184.034010 0.399093 -21.962481 8.570427 361.529961 -4.125745
1 -9.810705 0.505823 -65.952582 0.401389 136.258548 -4.125745
1 -4.196649 0.262100 70.361990 0.615236 130.455481 -4.125745
1 -4.070168 0.507238 -29.565598 0.223452 128.853343 -4.125745
1 -15.937668 0.321234 -69.301166 0.263486 140.868272 -4.125745
1 -11.230913 0.186904 -67.299671 1.329019 159.634350 -4.125745
1 -6.912428 0.167469 -44.455710 1.504947 160.831914 -4.149064
1 -5.140107 0.606973 -24.655917 0.268111 138.226584 -4.149064
1 -7.709571 0.337666 -13.037467 1.178190 163.134078 -4.149064
1 -3.597962 0.613923 81.824086 0.823913 131.203476 -4.149064
1 -179.532865 0.393475 -20.435421 8.212695 354.595291 -4.149064
1 -6.092527 0.231718 -83.898819 0.905705 141.012681 -4.149064
1 -7.821544 0.003760 -70.309864 1.987487 172.859704 -4.149064
1 -16.586677 0.515282 -38.154617 0.965877 165.378492 -4.149064
1 -180.901065 0.112607 -0.275340 9.604514 356.398924 -4.149064
1 -2.248885 0.133393 73.922051 0.452374 120.008867 -4.149064
1 -8.810729 0.269147 -58.888472 0.229030 131.409752 -4.187113
1 -43.739617 0.670723 -72.355869 0.258024 169.978770 -4.187113
1 -21.856899 0.412888 -37.382872 0.966481 169.024394 -4.187113
1 -1.611557 0.692307 62.447560 0.665894 122.067831 -4.187113
1 -181.200903 0.396457 -20.000159 8.253955 356.419290 -4.187113
1 -175.807916 0.057174 -17.450845 9.339521 346.804264 -4.187113
1 -20.309622 0.037467 -81.890860 2.930680 201.363440 -4.187113
1 -11.420888 0.554035 -31.596336 0.911963 161.848081 -4.187113
1 -179.632029 0.125356 3.271239 9.459570 354.542561 -4.187113
1 -1.659440 0.156916 81.714326 0.289932 110.647812 -4.187113
1 -10.728039 0.294053 -63.375279 0.108006 131.064521 -4.228306
1 -8.207700 0.188599 -69.148493 1.620168 161.944842 -4.228306
1 -2.999372 0.308047 -20.027532 1.005169 146.177148 -4.228306
1 -2.637902 0.755286 -11.724721 0.061992 138.228760 -4.228306
1 -11.731632 0.287283 -47.493482 1.283820 161.715394 -4.228306
1 -175.739563 0.053413 -17.972075 9.381415 347.105782 -4.228306
1 -96.520192 0.041466 -77.883775 2.678667 195.563131 -4.228306
1 -2.290894 0.772444 -11.282021 0.517277 156.586900 -4.228306
1 -178.387437 0.117747 3.031490 9.506287 354.216757 -4.228306
1 -1.554443 0.030676 65.479720 0.078659 105.507143 -4.228306
1 -4.367528 0.273678 -57.318766 0.479495 128.229032 -4.285469
1 -9.051927 0.156701 -33.809234 1.779967 171.475634 -4.285469
1 -5.619021 0.213384 -3.901092 1.831414 173.371201 -4.285469
1 -1.821712 0.776967 -13.539147 0.130660 136.905955 -4.285469
1 -6.552873 0.234885 86.151221 1.537047 156.087433 -4.285469
1 -174.453312 0.057535 -17.212627 9.306853 345.867962 -4.285469
1 -95.676702 0.032157 -78.408619 2.683131 195.632858 -4.285469
1 -3.480786 0.109254 -23.048823 1.007288 143.233929 -4.285469
1 -21.208716 0.117482 -22.069500 2.692745 201.500062 -4.285469
1 -1.761270 0.502335 64.499829 1.671770 147.004576 -4.285469
1 -5.697092 0.205211 -52.983998 0.938587 143.775667 -4.338880
1 -8.505913 0.120161 -41.403621 1.952409 173.367881 -4.338880
1 -3.316193 0.005381 1.342553 1.412627 151.846942 -4.338880
1 -1.578461 0.769428 -8.333083 0.022847 132.506389 -4.338880
1 -16.086843 0.799258 -74.693163 1.990101 177.961404 -4.338880
1 -174.247208 0.055792 -15.288445 9.310779 345.829625 -4.338880
1 -5.353276 0.031763 -81.047532 1.951707 167.955496 -4.338880
1 -2.108507 0.124933 -9.182556 1.086614 141.750420 -4.338880
1 -2.426366 0.179925 17.120364 1.775060 163.393858 -4.338880
1 -1.724637 0.515294 69.760846 1.464625 140.229405 -4.338880
1 -8.574060 0.219777 -48.056411 0.879433 148.031601 -4.399152
1 -3.099261 0.062591 1.189114 1.673009 159.531037 -4.399152
1 -2.857815 0.178643 13.128590 0.434981 127.150298 -4.399152
1 -1.706486 0.734497 -11.181340 0.215056 136.972033 -4.399152
1 -24.720679 0.774388 -69.728404 1.532536 179.922841 -4.399152
1 -174.378126 0.054719 -13.239926 9.310606 345.890459 -4.399152
1 -8.493712 0.001380 -84.530187 1.583911 164.691956 -4.399152
1 -1.874603 0.162356 38.559119 0.712392 128.212776 -4.399152
1 -4.498133 0.073788 14.873654 1.844393 166.884929 -4.399152
1 -4.261685 0.507640 -78.801244 1.151463 139.810693 -4.399152
1 -15.270004 0.297358 -73.410796 0.027194 134.407975 -4.466379
1 -96.781156 0.343250 -40.496639 1.805471 181.898186 -4.466379
1 -3.159552 0.202986 -12.228874 0.530617 131.508270 -4.466379
1 -1.551997 0.169081 30.168393 0.058833 107.226823 -4.466379
1 -1.400235 0.508926 5.067255 0.704616 139.532971 -4.466379
1 -174.251992 0.055465 -7.239871 9.351588 346.582086 -4.466379
1 -5.814011 0.031360 -65.647829 1.398513 155.967402 -4.466379
1 -2.386252 0.220213 58.989453 1.163563 140.379942 -4.466379
1 -11.320936 0.044028 16.179476 2.109689 180.380440 -4.466379
1 -3.597743 0.557548 85.221536 1.302782 141.198861 -4.466379
1 -5.462949 0.310587 -62.010770 0.249089 124.763265 -4.527751
1 -114.819392 0.358271 -54.367235 2.231516 192.501456 -4.527751
1 -6.233079 0.020607 -56.216605 0.949678 145.986511 -4.527751
1 -3.113599 0.642586 78.734012 0.387889 120.215960 -4.527751
1 -3.420367 0.478443 -24.467004 0.056013 122.817056 -4.527751
1 -2.215119 0.140937 58.184875 0.258382 115.425436 -4.527751
1 -5.249212 0.039186 -55.564758 1.366163 154.329359 -4.527751
1 -2.334138 0.228192 52.662537 0.659429 127.433289 -4.527751
1 -3.515942 0.753023 68.103370 2.942591 176.661707 -4.527751
1 -3.510225 0.550467 85.669701 1.270235 140.224364 -4.527751
1 -8.429213 0.317917 -43.529827 0.133632 130.646675 -4.570520
1 -4.438180 0.112445 -29.209831 1.569625 159.695133 -4.570520
1 -6.332858 0.703731 -23.426070 0.181724 143.917633 -4.570520
1 -3.027805 0.652593 72.547333 0.330367 119.689690 -4.570520
1 -5.558684 0.369140 -73.717105 0.564562 131.078332 -4.570520
1 -2.711790 0.132447 4.235007 0.101290 116.236476 -4.570520
1 -6.450131 0.670720 79.552407 2.303272 167.314132 -4.570520
1 -2.920027 0.146692 39.243146 0.733641 133.253055 -4.570520
1 -2.763324 0.694764 64.129563 2.738948 172.694343 -4.570520
1 -9.590105 0.402237 -86.151481 0.412243 134.569400 -4.570520
1 -16.073784 0.587542 -66.602459 1.906138 174.101355 -4.704878
1 -7.402402 0.040319 -8.582124 1.385872 159.596600 -4.704878
1 -10.131186 0.656741 -18.181244 0.676505 165.600479 -4.704878
1 -15.715039 0.741165 -75.165850 1.117054 160.561465 -4.704878
1 -10.026945 0.305359 80.563922 0.187125 130.811778 -4.704878
1 -1.499779 0.138982 64.396754 0.773973 124.153932 -4.704878
1 -22.825885 0.494760 81.259188 3.846157 208.664114 -4.704878
1 -4.126829 0.293160 -21.688442 1.019253 149.135002 -4.704878
1 -1.598094 0.610373 57.943551 2.884864 174.672340 -4.704878
1 -2.562934 0.437289 71.232418 0.215035 113.965804 -4.704878
1 -5.421032 0.656503 70.982423 2.936525 178.951858 -4.934655
1 -14.629654 0.192808 -44.376169 1.776646 175.716684 -4.934655
1 -9.373339 0.650195 -11.606629 1.125990 181.147107 -4.934655
1 -6.247394 0.326962 71.548545 0.194469 124.722517 -4.934655
1 -2.687378 0.277029 45.839419 0.060905 113.658379 -4.934655
1 -1.460851 0.106256 47.713111 1.132929 135.535004 -4.934655
1 -22.612876 0.517519 85.415091 3.852272 207.866286 -4.934655
1 -1.732411 0.108065 40.786889 0.219836 112.311298 -4.934655
1 -2.689530 0.664606 42.060906 3.505580 203.207689 -4.934655
1 -3.286608 0.411257 67.137682 0.211342 117.437448 -4.934655
1 -7.367490 0.619209 -84.282674 2.688989 174.400900 -5.078300
1 -4.900265 0.101970 -33.909420 1.750882 164.382885 -5.078300
1 -7.354989 0.647265 -4.152814 1.732934 199.674762 -5.078300
1 -1.366545 0.456937 61.905503 0.391265 109.110590 -5.078300
1 -2.485237 0.266608 45.394208 0.024268 111.730825 -5.078300
1 -3.250432 0.071478 -84.371332 0.027055 113.463591 -5.078300
1 -1.416216 0.517884 6.278358 0.223133 121.834731 -5.078300
1 -2.079412 0.189901 32.412446 0.685544 129.538424 -5.078300
1 -5.777943 0.231321 -35.423231 1.010913 148.659259 -5.078300
1 -2.948734 0.390405 66.328823 0.080590 112.959055 -5.078300
1 -2.109125 0.752586 54.592502 3.148698 184.612172 -5.274524
1 -2.515600 0.071053 -34.412290 1.055583 140.090430 -5.274524
1 -1.480283 0.510230 1.844477 0.073195 117.722325 -5.274524
1 -3.614026 0.547997 -83.968064 1.231757 139.225053 -5.274524
1 -2.053964 0.659434 77.248627 1.417518 138.642905 -5.274524
1 -2.263807 0.139678 -87.082230 0.855490 130.231398 -5.274524
1 -1.387704 0.515220 4.676366 0.266554 123.159065 -5.274524
1 -4.643402 0.746723 74.506167 0.899012 138.959002 -5.274524
1 -2.280473 0.319100 4.973986 0.831961 141.335176 -5.274524
1 -4.253048 0.625718 -86.657775 0.762459 131.082761 -5.274524
1 -5.440470 0.735410 84.781357 2.708679 171.866685 -5.611637
1 -4.336439 0.035939 65.732673 0.970447 142.314812 -5.611637
1 -3.961397 0.069886 -13.330389 0.860798 140.289047 -5.611637
1 -3.071070 0.381125 -82.826313 0.905767 131.372742 -5.611637
1 -1.495292 0.647757 75.565577 1.364138 133.450641 -5.611637
1 -2.434129 0.244925 77.084332 0.922489 131.878617 -5.611637
1 -3.181366 0.598789 89.015949 0.617789 124.270907 -5.611637
1 -4.507434 0.170418 80.859725 2.213692 168.958158 -5.611637
1 -1.369133 0.387196 3.282090 0.819034 137.811864 -5.611637
1 -2.201701 0.440494 65.575912 0.707339 125.445806 -5.611637
1 -3.448837 0.666330 64.452822 2.763375 174.748533 -5.883703
1 -1.523069 0.089156 12.974984 0.401893 116.653114 -5.883703
1 -1.444954 0.608396 53.916053 0.574530 118.549995 -5.883703
1 -2.194161 0.228053 81.161446 1.297517 140.276663 -5.883703
1 -4.939150 0.060303 -80.198296 0.333851 126.722871 -5.883703
1 -2.026240 0.321975 68.034125 0.861930 128.643913 -5.883703
1 -1.479050 0.615518 78.135764 1.015457 123.665969 -5.883703
1 -4.954545 0.102829 74.150447 1.648198 158.927218 -5.883703
1 -1.362748 0.382621 5.740715 0.868186 138.903606 -5.883703
1 -1.638923 0.611843 75.112313 1.775657 144.537431 -5.883703
1 -1.412422 0.378367 6.989479 0.881037 139.988104 -6.101596
1 -1.414378 0.151108 16.713045 0.043482 105.333672 -6.101596
1 -4.785639 0.242280 3.097517 1.985626 177.156349 -6.101596
1 -3.686838 0.000499 26.817178 0.893429 139.099795 -6.101596
1 -2.540915 0.259059 52.410222 0.788190 131.834445 -6.101596
1 -1.703453 0.323696 64.213841 1.258418 137.830852 -6.101596
1 -1.530393 0.544732 62.976216 1.069670 130.571281 -6.101596
1 -2.245572 0.149350 88.799472 1.372343 143.476371 -6.101596
1 -1.384826 0.354573 55.423901 1.340694 138.533001 -6.101596
1 -1.989044 0.608020 77.579126 1.906890 148.914594 -6.101596
1 -2.565228 0.348635 86.603745 1.609502 146.799493 -6.359144
1 -1.645478 0.101874 11.923997 0.064156 108.127818 -6.359144
1 -1.440036 0.118312 27.756478 0.528838 117.077978 -6.359144
1 -1.642881 0.066474 31.431642 0.538923 120.987100 -6.359144
1 -3.543021 0.215340 70.704675 0.211857 118.530383 -6.359144
1 -1.536747 0.204047 62.179569 0.339781 112.033717 -6.359144
1 -1.459196 0.414644 35.229795 1.987380 164.759007 -6.359144
1 -1.409850 0.096640 55.144488 0.495500 114.195549 -6.359144
1 -2.128751 0.267454 50.395850 0.389609 119.268295 -6.359144
1 -3.270127 0.512733 60.594820 2.655544 174.797376 -6.359144
1 -4.659652 0.420304 -88.794117 1.268007 143.942526 -6.698022
1 -1.812323 0.077880 6.435813 0.162432 112.030077 -6.698022
1 -1.976192 0.086839 40.361134 0.275242 115.540095 -6.698022
1 -1.442595 0.200886 32.850458 1.390465 146.056348 -6.698022
1 -1.390710 0.193879 57.170679 0.217449 106.628319 -6.698022
1 -2.843011 0.373664 -89.636449 0.972943 132.327059 -6.698022
1 -1.717591 0.423807 42.913361 2.305245 171.229859 -6.698022
1 -3.876439 0.588883 79.064882 1.118058 138.768069 -6.698022
1 -4.715563 0.099345 43.448642 1.510545 157.561958 -6.698022
1 -1.573145 0.546922 44.219959 2.713953 179.460339 -6.698022
