#REFERENCE 3 328.3894840 17.6993580
1	-0.830078	-0.805059	0.091918	0.217425	
1	-0.781250	-0.818525	0.097913	0.221361	
1	-0.781250	-0.818525	0.097913	0.221361	
1	-0.736664	-0.830078	0.102680	0.224754	
1	-0.736664	-0.830078	0.102680	0.224754	
1	-0.732422	-0.831179	0.103096	0.225064	
1	-0.732422	-0.831179	0.103096	0.225064	
1	-0.683594	-0.841676	0.107598	0.228593	
1	-0.683594	-0.841676	0.107598	0.228593	
1	-0.634766	-0.851714	0.111279	0.231802	
1	-0.634766	-0.851714	0.111279	0.231802	
1	-0.585938	-0.862075	0.114114	0.234601	
1	-0.585938	-0.862075	0.114114	0.234601	
1	-0.537109	-0.874609	0.116044	0.236816	
1	-0.537109	-0.874609	0.116044	0.236816	
1	-0.523011	-0.878906	0.116432	0.237318	
1	-0.523011	-0.878906	0.116432	0.237318	
1	-0.488281	-0.888331	0.117226	0.238467	
1	-0.488281	-0.888331	0.117226	0.238467	
1	-0.439453	-0.907843	0.117561	0.239107	
1	-0.439453	-0.907843	0.117561	0.239107	
1	-0.410619	-0.927734	0.117250	0.238391	
1	-0.410619	-0.927734	0.117250	0.238391	
1	-0.390625	-0.938647	0.117105	0.237985	
1	-0.390625	-0.938647	0.117105	0.237985	
1	-0.344199	-0.976562	0.116348	0.234975	
1	-0.344199	-0.976562	0.116348	0.234975	
1	-0.341797	-0.978120	0.116321	0.234837	
1	-0.341797	-0.978120	0.116321	0.234837	
1	-0.292969	-1.018017	0.115681	0.230294	
1	-0.292969	-1.018017	0.115681	0.230294	
1	-0.285971	-1.025391	0.115588	0.229278	
1	-0.285971	-1.025391	0.115588	0.229278	
1	-0.244141	-1.058582	0.115311	0.224255	
1	-0.244141	-1.058582	0.115311	0.224255	
1	-0.227679	-1.074219	0.115269	0.221544	
1	-0.227679	-1.074219	0.115269	0.221544	
1	-0.195312	-1.098420	0.115330	0.216926	
1	-0.195312	-1.098420	0.115330	0.216926	
1	-0.166270	-1.123047	0.115574	0.211708	
1	-0.166270	-1.123047	0.115574	0.211708	
1	-0.146484	-1.136738	0.115800	0.208519	
1	-0.146484	-1.136738	0.115800	0.208519	
1	-0.099916	-1.171875	0.116704	0.199582	
1	-0.099916	-1.171875	0.116704	0.199582	
1	-0.097656	-1.173308	0.116753	0.199183	
1	-0.097656	-1.173308	0.116753	0.199183	
1	-0.048828	-1.205683	0.118112	0.189640	
1	-0.048828	-1.205683	0.118112	0.189640	
1	-0.027195	-1.220703	0.118917	0.184884	
1	-0.027195	-1.220703	0.118917	0.184884	
1	0.000000	-1.236773	0.119953	0.179336	
1	0.000000	-1.236773	0.119953	0.179336	
1	0.048828	-1.266252	0.122276	0.168433	
1	0.048828	-1.266252	0.122276	0.168433	
1	0.054219	-1.269531	0.122570	0.167162	
1	0.054219	-1.269531	0.122570	0.167162	
1	0.097656	-1.292442	0.124954	0.157506	
1	0.097656	-1.292442	0.124954	0.157506	
1	0.146484	-1.317966	0.128157	0.145893	
1	0.146484	-1.317966	0.128157	0.145893	
1	0.147250	-1.318359	0.128211	0.145706	
1	0.147250	-1.318359	0.128211	0.145706	
1	0.195312	-1.340193	0.131647	0.134459	
1	0.195312	-1.340193	0.131647	0.134459	
1	0.244141	-1.361568	0.135630	0.122529	
1	0.244141	-1.361568	0.135630	0.122529	
1	0.257548	-1.367188	0.136800	0.119204	
1	0.257548	-1.367188	0.136800	0.119204	
1	0.292969	-1.380584	0.139933	0.110637	
1	0.292969	-1.380584	0.139933	0.110637	
1	0.341797	-1.397989	0.144619	0.098602	
1	0.341797	-1.397989	0.144619	0.098602	
1	0.390625	-1.414118	0.149719	0.086359	
1	0.390625	-1.414118	0.149719	0.086359	
1	0.396848	-1.416016	0.150389	0.084808	
1	0.396848	-1.416016	0.150389	0.084808	
1	0.439453	-1.427964	0.155072	0.074292	
1	0.439453	-1.427964	0.155072	0.074292	
1	0.488281	-1.440319	0.160772	0.062174	
1	0.488281	-1.440319	0.160772	0.062174	
1	0.537109	-1.451228	0.166814	0.050024	
1	0.537109	-1.451228	0.166814	0.050024	
1	0.585938	-1.460624	0.173175	0.037894	
1	0.585938	-1.460624	0.173175	0.037894	
1	0.612116	-1.464844	0.176674	0.031477	
1	0.612116	-1.464844	0.176674	0.031477	
1	0.634766	-1.468273	0.179795	0.025894	
1	0.634766	-1.468273	0.179795	0.025894	
1	0.683594	-1.474205	0.186662	0.014035	
1	0.683594	-1.474205	0.186662	0.014035	
1	0.732422	-1.478597	0.193796	0.002279	
1	0.732422	-1.478597	0.193796	0.002279	
1	0.781250	-1.481412	0.201180	-0.009346	
1	0.781250	-1.481412	0.201180	-0.009346	
1	0.830078	-1.482619	0.208795	-0.020815	
1	0.830078	-1.482619	0.208795	-0.020815	
1	0.878906	-1.482189	0.216624	-0.032106	
1	0.878906	-1.482189	0.216624	-0.032106	
1	0.927734	-1.480090	0.224652	-0.043200	
1	0.927734	-1.480090	0.224652	-0.043200	
1	0.976562	-1.476290	0.232864	-0.054079	
1	0.976562	-1.476290	0.232864	-0.054079	
1	1.025391	-1.470752	0.241244	-0.064728	
1	1.025391	-1.470752	0.241244	-0.064728	
1	1.064810	-1.464844	0.248086	-0.073104	
1	1.064810	-1.464844	0.248086	-0.073104	
1	1.074219	-1.463385	0.249766	-0.075118	
1	1.074219	-1.463385	0.249766	-0.075118	
1	1.123047	-1.453933	0.258359	-0.085172	
1	1.123047	-1.453933	0.258359	-0.085172	
1	1.171875	-1.442560	0.267066	-0.094947	
1	1.171875	-1.442560	0.267066	-0.094947	
1	1.220703	-1.429205	0.275875	-0.104434	
1	1.220703	-1.429205	0.275875	-0.104434	
1	1.262531	-1.416016	0.283458	-0.112290	
1	1.262531	-1.416016	0.283458	-0.112290	
1	1.269531	-1.413720	0.284751	-0.113601	
1	1.269531	-1.413720	0.284751	-0.113601	
1	1.318359	-1.395572	0.293555	-0.122314	
1	1.318359	-1.395572	0.293555	-0.122314	
1	1.367188	-1.375155	0.302412	-0.130709	
1	1.367188	-1.375155	0.302412	-0.130709	
1	1.384352	-1.367188	0.305469	-0.133522	
1	1.384352	-1.367188	0.305469	-0.133522	
1	1.416016	-1.351796	0.311151	-0.138632	
1	1.416016	-1.351796	0.311151	-0.138632	
1	1.464844	-1.325568	0.319821	-0.146141	
1	1.464844	-1.325568	0.319821	-0.146141	
1	1.477118	-1.318359	0.321946	-0.147928	
1	1.477118	-1.318359	0.321946	-0.147928	
1	1.513672	-1.295728	0.328246	-0.153099	
1	1.513672	-1.295728	0.328246	-0.153099	
1	1.552433	-1.269531	0.334811	-0.158286	
1	1.552433	-1.269531	0.334811	-0.158286	
1	1.562500	-1.262315	0.336489	-0.159577	
1	1.562500	-1.262315	0.336489	-0.159577	
1	1.611328	-1.224415	0.344356	-0.165443	
1	1.611328	-1.224415	0.344356	-0.165443	
1	1.615775	-1.220703	0.345046	-0.165942	
1	1.615775	-1.220703	0.345046	-0.165942	
1	1.660156	-1.181089	0.351680	-0.170605	
1	1.660156	-1.181089	0.351680	-0.170605	
1	1.669787	-1.171875	0.353063	-0.171545	
1	1.669787	-1.171875	0.353063	-0.171545	
1	1.708984	-1.131468	0.358353	-0.175032	
1	1.708984	-1.131468	0.358353	-0.175032	
1	1.716649	-1.123047	0.359336	-0.175659	
1	1.716649	-1.123047	0.359336	-0.175659	
1	1.757547	-1.074219	0.364090	-0.178590	
1	1.757547	-1.074219	0.364090	-0.178590	
1	1.757812	-1.073873	0.364116	-0.178605	
1	1.757812	-1.073873	0.364116	-0.178605	
1	1.792925	-1.025391	0.367300	-0.180455	
1	1.792925	-1.025391	0.367300	-0.180455	
1	1.806641	-1.004422	0.368259	-0.180990	
1	1.806641	-1.004422	0.368259	-0.180990	
1	1.823935	-0.976562	0.369325	-0.181567	
1	1.823935	-0.976562	0.369325	-0.181567	
1	1.851020	-0.927734	0.370252	-0.182049	
1	1.851020	-0.927734	0.370252	-0.182049	
1	1.855469	-0.918699	0.370229	-0.182039	
1	1.855469	-0.918699	0.370229	-0.182039	
1	1.874174	-0.878906	0.369972	-0.181918	
1	1.874174	-0.878906	0.369972	-0.181918	
1	1.894119	-0.830078	0.368760	-0.181368	
1	1.894119	-0.830078	0.368760	-0.181368	
1	1.904297	-0.800949	0.367467	-0.180806	
1	1.904297	-0.800949	0.367467	-0.180806	
1	1.910907	-0.781250	0.366578	-0.180430	
1	1.910907	-0.781250	0.366578	-0.180430	
1	1.924615	-0.732422	0.363409	-0.179149	
1	1.924615	-0.732422	0.363409	-0.179149	
1	1.935634	-0.683594	0.359413	-0.177633	
1	1.935634	-0.683594	0.359413	-0.177633	
1	1.944039	-0.634766	0.354598	-0.175919	
1	1.944039	-0.634766	0.354598	-0.175919	
1	1.949900	-0.585938	0.348974	-0.174049	
1	1.949900	-0.585938	0.348974	-0.174049	
1	1.953125	-0.539321	0.342834	-0.172143	
1	1.953125	-0.450917	0.329210	-0.168343	
1	1.952789	-0.439453	0.327390	-0.167875	
1	1.952789	-0.439453	0.327390	-0.167875	
1	1.949016	-0.390625	0.318685	-0.165755	
1	1.949016	-0.390625	0.318685	-0.165755	
1	1.942944	-0.341797	0.309264	-0.163664	
1	1.942944	-0.341797	0.309264	-0.163664	
1	1.934612	-0.292969	0.299154	-0.161639	
1	1.934612	-0.292969	0.299154	-0.161639	
1	1.924055	-0.244141	0.288389	-0.159712	
1	1.924055	-0.244141	0.288389	-0.159712	
1	1.911307	-0.195312	0.277005	-0.157918	
1	1.911307	-0.195312	0.277005	-0.157918	
1	1.904297	-0.172330	0.271300	-0.157108	
1	1.904297	-0.172330	0.271300	-0.157108	
1	1.896143	-0.146484	0.264903	-0.156269	
1	1.896143	-0.146484	0.264903	-0.156269	
1	1.878564	-0.097656	0.252111	-0.154802	
1	1.878564	-0.097656	0.252111	-0.154802	
1	1.858842	-0.048828	0.238816	-0.153566	
1	1.858842	-0.048828	0.238816	-0.153566	
1	1.855469	-0.041264	0.236645	-0.153391	
1	1.855469	-0.041264	0.236645	-0.153391	
1	1.836331	0.000000	0.224709	-0.152565	
1	1.836331	0.000000	0.224709	-0.152565	
1	1.811588	0.048828	0.210144	-0.151856	
1	1.811588	0.048828	0.210144	-0.151856	
1	1.806641	0.057864	0.207337	-0.151757	
1	1.806641	0.057864	0.207337	-0.151757	
1	1.783877	0.097656	0.194789	-0.151459	
1	1.783877	0.097656	0.194789	-0.151459	
1	1.757812	0.140174	0.181086	-0.151402	
1	1.757812	0.140174	0.181086	-0.151402	
1	1.753750	0.146484	0.179008	-0.151418	
1	1.753750	0.146484	0.179008	-0.151418	
1	1.720383	0.195312	0.162457	-0.151770	
1	1.720383	0.195312	0.162457	-0.151770	
1	1.708984	0.211121	0.157001	-0.151975	
1	1.708984	0.211121	0.157001	-0.151975	
1	1.683903	0.244141	0.145308	-0.152561	
1	1.683903	0.244141	0.145308	-0.152561	
1	1.660156	0.273998	0.134623	-0.153272	
1	1.660156	0.273998	0.134623	-0.153272	
1	1.644194	0.292969	0.127623	-0.153830	
1	1.644194	0.292969	0.127623	-0.153830	
1	1.611328	0.330546	0.113682	-0.155160	
1	1.611328	0.330546	0.113682	-0.155160	
1	1.600877	0.341797	0.109360	-0.155631	
1	1.600877	0.341797	0.109360	-0.155631	
1	1.562500	0.381812	0.093993	-0.157538	
1	1.562500	0.381812	0.093993	-0.157538	
1	1.553493	0.390625	0.090479	-0.158025	
1	1.553493	0.390625	0.090479	-0.158025	
1	1.513672	0.428603	0.075431	-0.160331	
1	1.513672	0.428603	0.075431	-0.160331	
1	1.501516	0.439453	0.070961	-0.161085	
1	1.501516	0.439453	0.070961	-0.161085	
1	1.464844	0.471547	0.057907	-0.163476	
1	1.464844	0.471547	0.057907	-0.163476	
1	1.444378	0.488281	0.050834	-0.164890	
1	1.444378	0.488281	0.050834	-0.164890	
1	1.416016	0.511140	0.041359	-0.166919	
1	1.416016	0.511140	0.041359	-0.166919	
1	1.381517	0.537109	0.030211	-0.169509	
1	1.381517	0.537109	0.030211	-0.169509	
1	1.367188	0.547792	0.025742	-0.170612	
1	1.367188	0.547792	0.025742	-0.170612	
1	1.318359	0.581712	0.011012	-0.174514	
1	1.318359	0.581712	0.011012	-0.174514	
1	1.311754	0.585938	0.009068	-0.175060	
1	1.311754	0.585938	0.009068	-0.175060	
1	1.269531	0.612900	-0.002886	-0.178593	
1	1.269531	0.612900	-0.002886	-0.178593	
1	1.232841	0.634766	-0.012784	-0.181752	
1	1.232841	0.634766	-0.012784	-0.181752	
1	1.220703	0.642008	-0.015926	-0.182801	
1	1.220703	0.642008	-0.015926	-0.182801	
1	1.171875	0.668757	-0.028174	-0.187116	
1	1.171875	0.668757	-0.028174	-0.187116	
1	1.142627	0.683594	-0.035149	-0.189745	
1	1.142627	0.683594	-0.035149	-0.189745	
1	1.123047	0.693597	-0.039608	-0.191495	
1	1.123047	0.693597	-0.039608	-0.191495	
1	1.074219	0.716396	-0.050268	-0.195915	
1	1.074219	0.716396	-0.050268	-0.195915	
1	1.037231	0.732422	-0.057826	-0.199270	
1	1.037231	0.732422	-0.057826	-0.199270	
1	1.025391	0.737607	-0.060121	-0.200328	
1	1.025391	0.737607	-0.060121	-0.200328	
1	0.976562	0.756693	-0.069244	-0.204734	
1	0.976562	0.756693	-0.069244	-0.204734	
1	0.927734	0.774588	-0.077546	-0.209055	
1	0.927734	0.774588	-0.077546	-0.209055	
1	0.907319	0.781250	-0.080827	-0.210856	
1	0.907319	0.781250	-0.080827	-0.210856	
1	0.878906	0.790639	-0.085109	-0.213298	
1	0.878906	0.790639	-0.085109	-0.213298	
1	0.830078	0.805059	-0.091918	-0.217425	
1	0.830078	0.805059	-0.091918	-0.217425	
1	0.781250	0.818525	-0.097913	-0.221361	
1	0.781250	0.818525	-0.097913	-0.221361	
1	0.736664	0.830078	-0.102680	-0.224754	
1	0.736664	0.830078	-0.102680	-0.224754	
1	0.732422	0.831179	-0.103096	-0.225064	
1	0.732422	0.831179	-0.103096	-0.225064	
1	0.683594	0.841676	-0.107598	-0.228593	
1	0.683594	0.841676	-0.107598	-0.228593	
1	0.634766	0.851714	-0.111279	-0.231802	
1	0.634766	0.851714	-0.111279	-0.231802	
1	0.585938	0.862075	-0.114114	-0.234601	
1	0.585938	0.862075	-0.114114	-0.234601	
1	0.537109	0.874609	-0.116044	-0.236816	
1	0.537109	0.874609	-0.116044	-0.236816	
1	0.523011	0.878906	-0.116432	-0.237318	
1	0.523011	0.878906	-0.116432	-0.237318	
1	0.488281	0.888331	-0.117226	-0.238467	
1	0.488281	0.888331	-0.117226	-0.238467	
1	0.439453	0.907843	-0.117561	-0.239107	
1	0.439453	0.907843	-0.117561	-0.239107	
1	0.410619	0.927734	-0.117250	-0.238391	
1	0.410619	0.927734	-0.117250	-0.238391	
1	0.390625	0.938647	-0.117105	-0.237985	
1	0.390625	0.938647	-0.117105	-0.237985	
1	0.344199	0.976562	-0.116348	-0.234975	
1	0.344199	0.976562	-0.116348	-0.234975	
1	0.341797	0.978120	-0.116321	-0.234837	
1	0.341797	0.978120	-0.116321	-0.234837	
1	0.292969	1.018017	-0.115681	-0.230294	
1	0.292969	1.018017	-0.115681	-0.230294	
1	0.285971	1.025391	-0.115588	-0.229278	
1	0.285971	1.025391	-0.115588	-0.229278	
1	0.244141	1.058582	-0.115311	-0.224255	
1	0.244141	1.058582	-0.115311	-0.224255	
1	0.227679	1.074219	-0.115269	-0.221544	
1	0.227679	1.074219	-0.115269	-0.221544	
1	0.195312	1.098420	-0.115330	-0.216926	
1	0.195312	1.098420	-0.115330	-0.216926	
1	0.166270	1.123047	-0.115574	-0.211708	
1	0.166270	1.123047	-0.115574	-0.211708	
1	0.146484	1.136738	-0.115800	-0.208519	
1	0.146484	1.136738	-0.115800	-0.208519	
1	0.099916	1.171875	-0.116704	-0.199582	
1	0.099916	1.171875	-0.116704	-0.199582	
1	0.097656	1.173308	-0.116753	-0.199183	
1	0.097656	1.173308	-0.116753	-0.199183	
1	0.048828	1.205683	-0.118112	-0.189640	
1	0.048828	1.205683	-0.118112	-0.189640	
1	0.027195	1.220703	-0.118917	-0.184884	
1	0.027195	1.220703	-0.118917	-0.184884	
1	0.000000	1.236773	-0.119953	-0.179336	
1	0.000000	1.236773	-0.119953	-0.179336	
1	-0.048828	1.266252	-0.122276	-0.168433	
1	-0.048828	1.266252	-0.122276	-0.168433	
1	-0.054219	1.269531	-0.122570	-0.167162	
1	-0.054219	1.269531	-0.122570	-0.167162	
1	-0.097656	1.292442	-0.124954	-0.157506	
1	-0.097656	1.292442	-0.124954	-0.157506	
1	-0.146484	1.317966	-0.128157	-0.145893	
1	-0.146484	1.317966	-0.128157	-0.145893	
1	-0.147250	1.318359	-0.128211	-0.145706	
1	-0.147250	1.318359	-0.128211	-0.145706	
1	-0.195312	1.340193	-0.131647	-0.134459	
1	-0.195312	1.340193	-0.131647	-0.134459	
1	-0.244141	1.361568	-0.135630	-0.122529	
1	-0.244141	1.361568	-0.135630	-0.122529	
1	-0.257548	1.367188	-0.136800	-0.119204	
1	-0.257548	1.367188	-0.136800	-0.119204	
1	-0.292969	1.380584	-0.139933	-0.110637	
1	-0.292969	1.380584	-0.139933	-0.110637	
1	-0.341797	1.397989	-0.144619	-0.098602	
1	-0.341797	1.397989	-0.144619	-0.098602	
1	-0.390625	1.414118	-0.149719	-0.086359	
1	-0.390625	1.414118	-0.149719	-0.086359	
1	-0.396848	1.416016	-0.150389	-0.084808	
1	-0.396848	1.416016	-0.150389	-0.084808	
1	-0.439453	1.427964	-0.155072	-0.074292	
1	-0.439453	1.427964	-0.155072	-0.074292	
1	-0.488281	1.440319	-0.160772	-0.062174	
1	-0.488281	1.440319	-0.160772	-0.062174	
1	-0.537109	1.451228	-0.166814	-0.050024	
1	-0.537109	1.451228	-0.166814	-0.050024	
1	-0.585938	1.460624	-0.173175	-0.037894	
1	-0.585938	1.460624	-0.173175	-0.037894	
1	-0.612116	1.464844	-0.176674	-0.031477	
1	-0.612116	1.464844	-0.176674	-0.031477	
1	-0.634766	1.468273	-0.179795	-0.025894	
1	-0.634766	1.468273	-0.179795	-0.025894	
1	-0.683594	1.474205	-0.186662	-0.014035	
1	-0.683594	1.474205	-0.186662	-0.014035	
1	-0.732422	1.478597	-0.193796	-0.002279	
1	-0.732422	1.478597	-0.193796	-0.002279	
1	-0.781250	1.481412	-0.201180	0.009346	
1	-0.781250	1.481412	-0.201180	0.009346	
1	-0.830078	1.482619	-0.208795	0.020815	
1	-0.830078	1.482619	-0.208795	0.020815	
1	-0.878906	1.482189	-0.216624	0.032106	
1	-0.878906	1.482189	-0.216624	0.032106	
1	-0.927734	1.480090	-0.224652	0.043200	
1	-0.927734	1.480090	-0.224652	0.043200	
1	-0.976562	1.476290	-0.232864	0.054079	
1	-0.976562	1.476290	-0.232864	0.054079	
1	-1.025391	1.470752	-0.241244	0.064728	
1	-1.025391	1.470752	-0.241244	0.064728	
1	-1.064810	1.464844	-0.248086	0.073104	
1	-1.064810	1.464844	-0.248086	0.073104	
1	-1.074219	1.463385	-0.249766	0.075118	
1	-1.074219	1.463385	-0.249766	0.075118	
1	-1.123047	1.453933	-0.258359	0.085172	
1	-1.123047	1.453933	-0.258359	0.085172	
1	-1.171875	1.442560	-0.267066	0.094947	
1	-1.171875	1.442560	-0.267066	0.094947	
1	-1.220703	1.429205	-0.275875	0.104434	
1	-1.220703	1.429205	-0.275875	0.104434	
1	-1.262531	1.416016	-0.283458	0.112290	
1	-1.262531	1.416016	-0.283458	0.112290	
1	-1.269531	1.413720	-0.284751	0.113601	
1	-1.269531	1.413720	-0.284751	0.113601	
1	-1.318359	1.395572	-0.293555	0.122314	
1	-1.318359	1.395572	-0.293555	0.122314	
1	-1.367188	1.375155	-0.302412	0.130709	
1	-1.367188	1.375155	-0.302412	0.130709	
1	-1.384352	1.367188	-0.305469	0.133522	
1	-1.384352	1.367188	-0.305469	0.133522	
1	-1.416016	1.351796	-0.311151	0.138632	
1	-1.416016	1.351796	-0.311151	0.138632	
1	-1.464844	1.325568	-0.319821	0.146141	
1	-1.464844	1.325568	-0.319821	0.146141	
1	-1.477118	1.318359	-0.321946	0.147928	
1	-1.477118	1.318359	-0.321946	0.147928	
1	-1.513672	1.295728	-0.328246	0.153099	
1	-1.513672	1.295728	-0.328246	0.153099	
1	-1.552433	1.269531	-0.334811	0.158286	
1	-1.552433	1.269531	-0.334811	0.158286	
1	-1.562500	1.262315	-0.336489	0.159577	
1	-1.562500	1.262315	-0.336489	0.159577	
1	-1.611328	1.224415	-0.344356	0.165443	
1	-1.611328	1.224415	-0.344356	0.165443	
1	-1.615775	1.220703	-0.345046	0.165942	
1	-1.615775	1.220703	-0.345046	0.165942	
1	-1.660156	1.181089	-0.351680	0.170605	
1	-1.660156	1.181089	-0.351680	0.170605	
1	-1.669787	1.171875	-0.353063	0.171545	
1	-1.669787	1.171875	-0.353063	0.171545	
1	-1.708984	1.131468	-0.358353	0.175032	
1	-1.708984	1.131468	-0.358353	0.175032	
1	-1.716649	1.123047	-0.359336	0.175659	
1	-1.716649	1.123047	-0.359336	0.175659	
1	-1.757547	1.074219	-0.364090	0.178590	
1	-1.757547	1.074219	-0.364090	0.178590	
1	-1.757812	1.073873	-0.364116	0.178605	
1	-1.757812	1.073873	-0.364116	0.178605	
1	-1.792925	1.025391	-0.367300	0.180455	
1	-1.792925	1.025391	-0.367300	0.180455	
1	-1.806641	1.004422	-0.368259	0.180990	
1	-1.806641	1.004422	-0.368259	0.180990	
1	-1.823935	0.976562	-0.369325	0.181567	
1	-1.823935	0.976562	-0.369325	0.181567	
1	-1.851020	0.927734	-0.370252	0.182049	
1	-1.851020	0.927734	-0.370252	0.182049	
1	-1.855469	0.918699	-0.370229	0.182039	
1	-1.855469	0.918699	-0.370229	0.182039	
1	-1.874174	0.878906	-0.369972	0.181918	
1	-1.874174	0.878906	-0.369972	0.181918	
1	-1.894119	0.830078	-0.368760	0.181368	
1	-1.894119	0.830078	-0.368760	0.181368	
1	-1.904297	0.800949	-0.367467	0.180806	
1	-1.904297	0.800949	-0.367467	0.180806	
1	-1.910907	0.781250	-0.366578	0.180430	
1	-1.910907	0.781250	-0.366578	0.180430	
1	-1.924615	0.732422	-0.363409	0.179149	
1	-1.924615	0.732422	-0.363409	0.179149	
1	-1.935634	0.683594	-0.359413	0.177633	
1	-1.935634	0.683594	-0.359413	0.177633	
1	-1.944039	0.634766	-0.354598	0.175919	
1	-1.944039	0.634766	-0.354598	0.175919	
1	-1.949900	0.585938	-0.348974	0.174049	
1	-1.949900	0.585938	-0.348974	0.174049	
1	-1.953125	0.539321	-0.342834	0.172143	
1	-1.953125	0.450917	-0.329210	0.168343	
1	-1.952789	0.439453	-0.327390	0.167875	
1	-1.952789	0.439453	-0.327390	0.167875	
1	-1.949016	0.390625	-0.318685	0.165755	
1	-1.949016	0.390625	-0.318685	0.165755	
1	-1.942944	0.341797	-0.309264	0.163664	
1	-1.942944	0.341797	-0.309264	0.163664	
1	-1.934612	0.292969	-0.299154	0.161639	
1	-1.934612	0.292969	-0.299154	0.161639	
1	-1.924055	0.244141	-0.288389	0.159712	
1	-1.924055	0.244141	-0.288389	0.159712	
1	-1.911307	0.195312	-0.277005	0.157918	
1	-1.911307	0.195312	-0.277005	0.157918	
1	-1.904297	0.172330	-0.271300	0.157108	
1	-1.904297	0.172330	-0.271300	0.157108	
1	-1.896143	0.146484	-0.264903	0.156269	
1	-1.896143	0.146484	-0.264903	0.156269	
1	-1.878564	0.097656	-0.252111	0.154802	
1	-1.878564	0.097656	-0.252111	0.154802	
1	-1.858842	0.048828	-0.238816	0.153566	
1	-1.858842	0.048828	-0.238816	0.153566	
1	-1.855469	0.041264	-0.236645	0.153391	
1	-1.855469	0.041264	-0.236645	0.153391	
1	-1.836331	0.000000	-0.224709	0.152565	
1	-1.836331	0.000000	-0.224709	0.152565	
1	-1.811588	-0.048828	-0.210144	0.151856	
1	-1.811588	-0.048828	-0.210144	0.151856	
1	-1.806641	-0.057864	-0.207337	0.151757	
1	-1.806641	-0.057864	-0.207337	0.151757	
1	-1.783877	-0.097656	-0.194789	0.151459	
1	-1.783877	-0.097656	-0.194789	0.151459	
1	-1.757812	-0.140174	-0.181086	0.151402	
1	-1.757812	-0.140174	-0.181086	0.151402	
1	-1.753750	-0.146484	-0.179008	0.151418	
1	-1.753750	-0.146484	-0.179008	0.151418	
1	-1.720383	-0.195312	-0.162457	0.151770	
1	-1.720383	-0.195312	-0.162457	0.151770	
1	-1.708984	-0.211121	-0.157001	0.151975	
1	-1.708984	-0.211121	-0.157001	0.151975	
1	-1.683903	-0.244141	-0.145308	0.152561	
1	-1.683903	-0.244141	-0.145308	0.152561	
1	-1.660156	-0.273998	-0.134623	0.153272	
1	-1.660156	-0.273998	-0.134623	0.153272	
1	-1.644194	-0.292969	-0.127623	0.153830	
1	-1.644194	-0.292969	-0.127623	0.153830	
1	-1.611328	-0.330546	-0.113682	0.155160	
1	-1.611328	-0.330546	-0.113682	0.155160	
1	-1.600877	-0.341797	-0.109360	0.155631	
1	-1.600877	-0.341797	-0.109360	0.155631	
1	-1.562500	-0.381812	-0.093993	0.157538	
1	-1.562500	-0.381812	-0.093993	0.157538	
1	-1.553493	-0.390625	-0.090479	0.158025	
1	-1.553493	-0.390625	-0.090479	0.158025	
1	-1.513672	-0.428603	-0.075431	0.160331	
1	-1.513672	-0.428603	-0.075431	0.160331	
1	-1.501516	-0.439453	-0.070961	0.161085	
1	-1.501516	-0.439453	-0.070961	0.161085	
1	-1.464844	-0.471547	-0.057907	0.163476	
1	-1.464844	-0.471547	-0.057907	0.163476	
1	-1.444378	-0.488281	-0.050834	0.164890	
1	-1.444378	-0.488281	-0.050834	0.164890	
1	-1.416016	-0.511140	-0.041359	0.166919	
1	-1.416016	-0.511140	-0.041359	0.166919	
1	-1.381517	-0.537109	-0.030211	0.169509	
1	-1.381517	-0.537109	-0.030211	0.169509	
1	-1.367188	-0.547792	-0.025742	0.170612	
1	-1.367188	-0.547792	-0.025742	0.170612	
1	-1.318359	-0.581712	-0.011012	0.174514	
1	-1.318359	-0.581712	-0.011012	0.174514	
1	-1.311754	-0.585938	-0.009068	0.175060	
1	-1.311754	-0.585938	-0.009068	0.175060	
1	-1.269531	-0.612900	0.002886	0.178593	
1	-1.269531	-0.612900	0.002886	0.178593	
1	-1.232841	-0.634766	0.012784	0.181752	
1	-1.232841	-0.634766	0.012784	0.181752	
1	-1.220703	-0.642008	0.015926	0.182801	
1	-1.220703	-0.642008	0.015926	0.182801	
1	-1.171875	-0.668757	0.028174	0.187116	
1	-1.171875	-0.668757	0.028174	0.187116	
1	-1.142627	-0.683594	0.035149	0.189745	
1	-1.142627	-0.683594	0.035149	0.189745	
1	-1.123047	-0.693597	0.039608	0.191495	
1	-1.123047	-0.693597	0.039608	0.191495	
1	-1.074219	-0.716396	0.050268	0.195915	
1	-1.074219	-0.716396	0.050268	0.195915	
1	-1.037231	-0.732422	0.057826	0.199270	
1	-1.037231	-0.732422	0.057826	0.199270	
1	-1.025391	-0.737607	0.060121	0.200328	
1	-1.025391	-0.737607	0.060121	0.200328	
1	-0.976562	-0.756693	0.069244	0.204734	
1	-0.976562	-0.756693	0.069244	0.204734	
1	-0.927734	-0.774588	0.077546	0.209055	
1	-0.927734	-0.774588	0.077546	0.209055	
1	-0.907319	-0.781250	0.080827	0.210856	
1	-0.907319	-0.781250	0.080827	0.210856	
1	-0.878906	-0.790639	0.085109	0.213298	
1	-0.878906	-0.790639	0.085109	0.213298	
1	-0.830078	-0.805059	0.091918	0.217425	
