#REFERENCE 3 88.3441340 -33.7228770
1	-0.077273	-0.244141	0.113226	0.137228	
1	-0.048828	-0.251701	0.092317	0.138645	
1	-0.048828	-0.251701	0.092317	0.138645	
1	-0.077273	-0.244141	0.113226	0.137228	
1	-0.097656	-0.239403	0.126755	0.135119	
1	-0.097656	-0.239403	0.126755	0.135119	
1	-0.146484	-0.217650	0.155017	0.126599	
1	-0.146484	-0.217650	0.155017	0.126599	
1	-0.177317	-0.195312	0.170088	0.118531	
1	-0.177317	-0.195312	0.170088	0.118531	
1	-0.195312	-0.176611	0.178245	0.112332	
1	-0.195312	-0.176611	0.178245	0.112332	
1	-0.221698	-0.146484	0.187931	0.101691	
1	-0.221698	-0.146484	0.187931	0.101691	
1	-0.241577	-0.097656	0.195945	0.085804	
1	-0.241577	-0.097656	0.195945	0.085804	
1	-0.244141	-0.082907	0.197318	0.080762	
1	-0.244141	-0.082907	0.197318	0.080762	
1	-0.253238	-0.048828	0.198891	0.067970	
1	-0.253238	-0.048828	0.198891	0.067970	
1	-0.253304	0.000000	0.196989	0.047649	
1	-0.253304	0.000000	0.196989	0.047649	
1	-0.244141	0.036351	0.191680	0.029595	
1	-0.244141	0.036351	0.191680	0.029595	
1	-0.242589	0.048828	0.189122	0.023303	
1	-0.242589	0.048828	0.189122	0.023303	
1	-0.227506	0.097656	0.173825	-0.004348	
1	-0.227506	0.097656	0.173825	-0.004348	
1	-0.195312	0.145908	0.145565	-0.038810	
1	-0.195312	0.145908	0.145565	-0.038810	
1	-0.194986	0.146484	0.145183	-0.039199	
1	-0.194986	0.146484	0.145183	-0.039199	
1	-0.148829	0.195312	0.097531	-0.078581	
1	-0.148829	0.195312	0.097531	-0.078581	
1	-0.146484	0.197202	0.095062	-0.080237	
1	-0.146484	0.197202	0.095062	-0.080237	
1	-0.097656	0.229674	0.042863	-0.108943	
1	-0.097656	0.229674	0.042863	-0.108943	
1	-0.052623	0.244141	-0.002325	-0.125667	
1	-0.052623	0.244141	-0.002325	-0.125667	
1	-0.048828	0.245725	-0.006232	-0.126795	
1	-0.048828	0.245725	-0.006232	-0.126795	
1	0.000000	0.254426	-0.052114	-0.136312	
1	0.000000	0.254426	-0.052114	-0.136312	
1	0.048828	0.251701	-0.092317	-0.138645	
1	0.048828	0.251701	-0.092317	-0.138645	
1	0.077273	0.244141	-0.113226	-0.137228	
1	0.077273	0.244141	-0.113226	-0.137228	
1	0.097656	0.239403	-0.126755	-0.135119	
1	0.097656	0.239403	-0.126755	-0.135119	
1	0.146484	0.217650	-0.155017	-0.126599	
1	0.146484	0.217650	-0.155017	-0.126599	
1	0.177317	0.195312	-0.170088	-0.118531	
1	0.177317	0.195312	-0.170088	-0.118531	
1	0.195312	0.176611	-0.178245	-0.112332	
1	0.195312	0.176611	-0.178245	-0.112332	
1	0.221698	0.146484	-0.187931	-0.101691	
1	0.221698	0.146484	-0.187931	-0.101691	
1	0.241577	0.097656	-0.195945	-0.085804	
1	0.241577	0.097656	-0.195945	-0.085804	
1	0.244141	0.082907	-0.197318	-0.080762	
1	0.244141	0.082907	-0.197318	-0.080762	
1	0.253238	0.048828	-0.198891	-0.067970	
1	0.253238	0.048828	-0.198891	-0.067970	
1	0.253304	0.000000	-0.196989	-0.047649	
1	0.253304	0.000000	-0.196989	-0.047649	
1	0.244141	-0.036351	-0.191680	-0.029595	
1	0.244141	-0.036351	-0.191680	-0.029595	
1	0.242589	-0.048828	-0.189122	-0.023303	
1	0.242589	-0.048828	-0.189122	-0.023303	
1	0.227506	-0.097656	-0.173825	0.004348	
1	0.227506	-0.097656	-0.173825	0.004348	
1	0.195312	-0.145908	-0.145565	0.038810	
1	0.195312	-0.145908	-0.145565	0.038810	
1	0.194986	-0.146484	-0.145183	0.039199	
1	0.194986	-0.146484	-0.145183	0.039199	
1	0.148829	-0.195312	-0.097531	0.078581	
1	0.148829	-0.195312	-0.097531	0.078581	
1	0.146484	-0.197202	-0.095062	0.080237	
1	0.146484	-0.197202	-0.095062	0.080237	
1	0.097656	-0.229674	-0.042863	0.108943	
1	0.097656	-0.229674	-0.042863	0.108943	
1	0.052623	-0.244141	0.002325	0.125667	
1	0.052623	-0.244141	0.002325	0.125667	
1	0.048828	-0.245725	0.006232	0.126795	
1	0.048828	-0.245725	0.006232	0.126795	
1	0.000000	-0.254426	0.052114	0.136312	
1	0.000000	-0.254426	0.052114	0.136312	
