#REFERENCE 3 88.3441340 -33.7228770
   #ID       X         Y         R       EPS       TAU       AMP       E_AMP      DMAG  TIME[days]  DTIME    PARITY
   1.1    -0.616    -0.176     0.641     0.981     5.077    49.930  1211.996      4.25      -4.2       0.0    ++
   1.1     0.585     0.438     0.731     0.974     4.290    31.912   550.987      3.76      -6.6      -2.4    ++
   1.1    -0.003    -0.040     0.040     0.929     2.515     3.297    21.874      1.30       0.1       4.3    --
   1.1     0.155    -0.488     0.512     0.665     0.890   120.313  4021.388      5.20      -1.5       2.7    +-
   1.1    -0.363     0.463     0.588     0.000     0.000   108.139  2690.193      5.08      -3.1       1.1    +-
   1.2    -0.418     0.420     0.593     0.986     5.986    60.578   749.590      4.46      -3.2       1.0    +-
   1.2     0.587     0.467     0.750     0.924     2.416    16.395    91.130      3.04      -7.2      -3.0    ++
   1.2    -0.007    -0.053     0.054     0.807     1.366     3.451    21.669      1.35       0.2       4.4    --
   1.2    -0.615    -0.105     0.624     0.000     0.000   109.752  3533.875      5.10      -3.7       0.5    ++
   1.3    -0.430     0.429     0.607     0.987     6.046    56.572   837.683      4.38      -3.5       0.7    +-
   1.3    -0.628    -0.052     0.630     0.961     3.488    54.454   335.056      4.34      -3.9       0.3    ++
   1.3    -0.000    -0.064     0.064     0.614     0.777     3.477    20.377      1.35       0.2       4.4    --
   1.3     0.564     0.495     0.751     0.000     0.000    27.127   538.139      3.58      -7.2      -3.0    ++
   1.4    -0.668    -0.158     0.686     0.905     2.125    34.098   346.739      3.83      -5.5      -1.3    ++
   1.4     0.501     0.483     0.696     0.893     1.980    49.988  1372.085      4.25      -5.4      -1.3    ++
   1.4     0.023    -0.046     0.051     0.720     1.038     3.942    46.366      1.49       0.1       4.3    --
   1.4    -0.269     0.556     0.618     0.702     0.986    42.745   496.019      4.08      -3.7       0.5    +-
   1.4     0.218    -0.435     0.487     0.000     0.000   159.870  3186.133      5.51      -1.1       3.1    +-
