#REFERENCE 0 88.3441340 -33.7228770
1.1 88.3442552 -33.7227483 0.063004 0.062983 131.39640 4.5000 0.00 
1.2 88.3442738 -33.7227602 0.189162 0.015691 57.24658 4.5000 0.21 
1.2 88.3439379 -33.7227474 0.096161 0.019115 154.62265 4.5000 0.73 
1.2 88.3441363 -33.7228918 0.032585 0.010651 172.49895 4.5000 2.54 
1.2 88.3443393 -33.7229062 0.060011 0.059998 129.66635 4.5000 -0.00 
1.3 88.3442776 -33.7227578 0.262867 0.021591 47.34267 4.5000 -0.61 
1.3 88.3443436 -33.7228914 0.216193 0.030379 81.82066 4.5000 -0.76 
1.3 88.3441341 -33.7228948 0.035881 0.017561 62.85318 4.5000 1.78 
1.3 88.3439457 -33.7227394 0.057002 0.056999 92.49535 4.5000 -0.00 
1.4 88.3443571 -33.7229208 0.122048 0.027280 102.25665 4.5000 -0.45 
1.4 88.3439667 -33.7227427 0.118101 0.028135 130.31312 4.5000 -0.44 
1.4 88.3441262 -33.7228897 0.034277 0.013829 114.71906 4.5000 1.67 
1.4 88.3442239 -33.7227224 0.089833 0.037575 27.47446 4.5000 -0.46 
1.4 88.3440611 -33.7229979 0.047003 0.046998 24.18687 4.5000 -0.00 
