#REFERENCE 0 43.5419130 -58.9498140
5.1 43.5405923 -58.9503131 0.120995 0.120960 152.52778 4.5000 0.00 
5.2 43.5431674 -58.9505391 0.237830 0.011016 134.74485 4.5000 1.72 
5.2 43.5405738 -58.9503222 0.278280 0.043090 69.06675 4.5000 0.07 
5.2 43.5409069 -58.9504722 0.113029 0.112994 11.87221 4.5000 -0.00 
6.1 43.5423078 -58.9501323 0.127602 0.013760 121.16187 4.5000 1.15 
6.1 43.5399770 -58.9495323 0.032821 0.005924 43.49364 4.5000 3.53 
6.1 43.5429905 -58.9499976 0.074747 0.015089 40.19537 4.5000 1.63 
6.1 43.5424001 -58.9498038 0.138952 0.040322 90.99480 4.5000 -0.11 
6.1 43.5424802 -58.9497215 0.071016 0.070897 41.92477 4.5000 0.00 
6.2 43.5430124 -58.9500096 0.082517 0.043615 139.56948 4.5000 0.40 
6.2 43.5399865 -58.9495381 0.033572 0.020977 138.62942 4.5000 2.17 
6.2 43.5422811 -58.9501565 0.072004 0.071989 78.91318 4.5000 0.00 
7.1 43.5420111 -58.9502538 0.094319 0.019180 151.62209 4.5000 0.99 
7.1 43.5401032 -58.9495715 0.047543 0.012690 35.80221 4.5000 2.18 
7.1 43.5432230 -58.9500550 0.065890 0.020232 29.04268 4.5000 1.32 
7.1 43.5422086 -58.9497326 0.095458 0.049133 87.97263 4.5000 -0.05 
7.1 43.5423244 -58.9495886 0.067023 0.066999 114.67648 4.5000 -0.00 
7.2 43.5422352 -58.9497741 0.281341 0.055353 114.61061 4.5000 -0.76 
7.2 43.5423884 -58.9495940 0.235837 0.060575 108.15550 4.5000 -0.66 
7.2 43.5431733 -58.9500356 0.094435 0.058845 138.21995 4.5000 0.36 
7.2 43.5400707 -58.9495568 0.053441 0.038848 137.99651 4.5000 1.43 
7.2 43.5420845 -58.9502259 0.088002 0.087992 79.73827 4.5000 0.00 
