#REFERENCE 3 87.3042528 -62.0775655
1	-1.757812	-2.451021	-0.690359	-0.312353	
1	-1.660156	-2.485221	-0.666016	-0.283773	
2	-1.660156	-2.485221	-0.666016	-0.283773	
2	-1.562500	-2.513691	-0.640880	-0.252919	
3	-1.757812	-2.451021	-0.690359	-0.312353	
3	-1.782150	-2.441406	-0.696200	-0.319025	
4	-1.855469	-2.411435	-0.714067	-0.338991	
4	-1.782150	-2.441406	-0.696200	-0.319025	
5	-1.953125	-2.364979	-0.736405	-0.363014	
5	-1.855469	-2.411435	-0.714067	-0.338991	
6	-1.953125	-2.364979	-0.736405	-0.363014	
6	-1.992896	-2.343750	-0.744943	-0.371917	
7	-2.148438	-2.248116	-0.775444	-0.402389	
7	-2.151343	-2.246094	-0.775949	-0.402875	
8	-2.246094	-2.174634	-0.790780	-0.416830	
8	-2.151343	-2.246094	-0.775949	-0.402875	
9	-2.246094	-2.174634	-0.790780	-0.416830	
9	-2.277557	-2.148438	-0.794970	-0.420651	
10	-2.148438	-2.248116	-0.775444	-0.402389	
10	-2.050781	-2.311054	-0.757101	-0.384321	
11	-2.050781	-2.311054	-0.757101	-0.384321	
11	-1.992896	-2.343750	-0.744943	-0.371917	
12	-2.343750	-2.087594	-0.801785	-0.426723	
12	-2.277557	-2.148438	-0.794970	-0.420651	
13	-2.343750	-2.087594	-0.801785	-0.426723	
13	-2.380754	-2.050781	-0.804739	-0.429283	
14	-2.441406	-1.982774	-0.806667	-0.430918	
14	-2.380754	-2.050781	-0.804739	-0.429283	
15	-2.441406	-1.982774	-0.806667	-0.430918	
15	-2.466268	-1.953125	-0.806929	-0.431134	
16	-2.539062	-1.852793	-0.802321	-0.427465	
16	-2.597404	-1.757812	-0.793113	-0.420425	
17	-2.466268	-1.953125	-0.806929	-0.431134	
17	-2.537357	-1.855469	-0.802565	-0.427656	
18	-2.539062	-1.852793	-0.802321	-0.427465	
18	-2.537357	-1.855469	-0.802565	-0.427656	
19	-2.636719	-1.680084	-0.781243	-0.411669	
19	-2.646563	-1.660156	-0.778197	-0.409468	
20	-2.636719	-1.680084	-0.781243	-0.411669	
20	-2.597404	-1.757812	-0.793113	-0.420425	
21	-2.646563	-1.660156	-0.778197	-0.409468	
21	-2.687613	-1.562500	-0.759281	-0.396114	
22	-1.074219	-2.588823	-0.514062	-0.072970	
22	-0.976562	-2.591687	-0.489548	-0.032373	
23	-1.171875	-2.582087	-0.539051	-0.112123	
23	-1.074219	-2.588823	-0.514062	-0.072970	
24	-0.878906	-2.590773	-0.465649	0.009598	
24	-0.781250	-2.586113	-0.442485	0.052900	
25	-0.976562	-2.591687	-0.489548	-0.032373	
25	-0.878906	-2.590773	-0.465649	0.009598	
26	-1.367188	-2.556329	-0.589802	-0.185704	
26	-1.454122	-2.539062	-0.612344	-0.216148	
27	-1.269531	-2.571326	-0.564357	-0.149738	
27	-1.171875	-2.582087	-0.539051	-0.112123	
28	-1.367188	-2.556329	-0.589802	-0.185704	
28	-1.269531	-2.571326	-0.564357	-0.149738	
29	-1.562500	-2.513691	-0.640880	-0.252919	
29	-1.464844	-2.536938	-0.615240	-0.219968	
30	-1.464844	-2.536938	-0.615240	-0.219968	
30	-1.454122	-2.539062	-0.612344	-0.216148	
31	-0.195312	-2.478150	-0.325786	0.338487	
31	-0.097656	-2.445187	-0.311063	0.390766	
32	-0.097656	-2.445187	-0.311063	0.390766	
32	-0.087866	-2.441406	-0.309633	0.396269	
33	-0.087866	-2.441406	-0.309633	0.396269	
33	0.000000	-2.409440	-0.298507	0.442619	
34	-0.390625	-2.529199	-0.359417	0.239128	
34	-0.292969	-2.505989	-0.341942	0.288031	
35	-0.292969	-2.505989	-0.341942	0.288031	
35	-0.195312	-2.478150	-0.325786	0.338487	
36	-0.683594	-2.577675	-0.420161	0.097524	
36	-0.585938	-2.565358	-0.398771	0.143500	
37	-0.781250	-2.586113	-0.442485	0.052900	
37	-0.683594	-2.577675	-0.420161	0.097524	
38	-0.488281	-2.548989	-0.378402	0.190905	
38	-0.441332	-2.539062	-0.368820	0.214690	
39	-0.585938	-2.565358	-0.398771	0.143500	
39	-0.488281	-2.548989	-0.378402	0.190905	
40	-0.441332	-2.539062	-0.368820	0.214690	
40	-0.390625	-2.529199	-0.359417	0.239128	
41	-2.734375	-1.410308	-0.720432	-0.370057	
41	-2.745718	-1.367188	-0.708596	-0.362415	
42	-2.745718	-1.367188	-0.708596	-0.362415	
42	-2.765242	-1.269531	-0.678143	-0.343291	
43	-2.765242	-1.269531	-0.678143	-0.343291	
43	-2.778525	-1.171875	-0.644151	-0.322762	
44	-2.687613	-1.562500	-0.759281	-0.396114	
44	-2.720100	-1.464844	-0.735769	-0.380154	
45	-2.734375	-1.410308	-0.720432	-0.370057	
45	-2.720100	-1.464844	-0.735769	-0.380154	
46	-2.778525	-1.171875	-0.644151	-0.322762	
46	-2.786073	-1.074219	-0.606860	-0.301121	
47	-2.786073	-1.074219	-0.606860	-0.301121	
47	-2.788253	-0.976562	-0.566445	-0.278605	
48	-2.788253	-0.976562	-0.566445	-0.278605	
48	-2.785312	-0.878906	-0.523012	-0.255405	
49	-2.785312	-0.878906	-0.523012	-0.255405	
49	-2.777377	-0.781250	-0.476593	-0.231670	
50	-2.777377	-0.781250	-0.476593	-0.231670	
50	-2.764462	-0.683594	-0.427148	-0.207516	
51	-2.764462	-0.683594	-0.427148	-0.207516	
51	-2.746463	-0.585938	-0.374552	-0.183031	
52	-2.746463	-0.585938	-0.374552	-0.183031	
52	-2.734375	-0.535253	-0.345377	-0.169965	
53	-2.734375	-0.535253	-0.345377	-0.169965	
53	-2.723977	-0.488281	-0.319284	-0.158581	
54	-2.723977	-0.488281	-0.319284	-0.158581	
54	-2.697127	-0.390625	-0.261470	-0.134349	
55	-2.697127	-0.390625	-0.261470	-0.134349	
55	-2.664565	-0.292969	-0.199977	-0.110032	
56	-2.636719	-0.222637	-0.152677	-0.092321	
56	-2.626490	-0.195312	-0.135012	-0.085925	
57	-2.664565	-0.292969	-0.199977	-0.110032	
57	-2.636719	-0.222637	-0.152677	-0.092321	
58	-2.539062	-0.010690	-0.002676	-0.041696	
58	-2.533775	0.000000	0.005001	-0.039327	
59	-2.626490	-0.195312	-0.135012	-0.085925	
59	-2.583784	-0.097656	-0.067435	-0.062532	
60	-2.583784	-0.097656	-0.067435	-0.062532	
60	-2.539062	-0.010690	-0.002676	-0.041696	
61	0.097656	-2.368020	-0.287693	0.496296	
61	0.147869	-2.343750	-0.282811	0.525183	
62	0.000000	-2.409440	-0.298507	0.442619	
62	0.097656	-2.368020	-0.287693	0.496296	
63	0.781250	-1.917425	-0.284697	0.886519	
63	0.846365	-1.855469	-0.292851	0.923104	
64	0.878906	-1.823152	-0.297529	0.940918	
64	0.941517	-1.757812	-0.307741	0.974479	
65	0.846365	-1.855469	-0.292851	0.923104	
65	0.878906	-1.823152	-0.297529	0.940918	
66	0.976562	-1.719103	-0.314205	0.992917	
66	1.028317	-1.660156	-0.324402	1.018728	
67	1.074219	-1.604161	-0.334533	1.041235	
67	1.107951	-1.562500	-0.342058	1.056309	
68	1.028317	-1.660156	-0.324402	1.018728	
68	1.074219	-1.604161	-0.334533	1.041235	
69	0.941517	-1.757812	-0.307741	0.974479	
69	0.976562	-1.719103	-0.314205	0.992917	
70	0.147869	-2.343750	-0.282811	0.525183	
70	0.195312	-2.321802	-0.279051	0.550717	
71	0.195312	-2.321802	-0.279051	0.550717	
71	0.292969	-2.270330	-0.272756	0.605891	
72	0.292969	-2.270330	-0.272756	0.605891	
72	0.333931	-2.246094	-0.270803	0.630099	
73	0.333931	-2.246094	-0.270803	0.630099	
73	0.390625	-2.213338	-0.269027	0.661580	
74	0.488281	-2.149188	-0.268095	0.718620	
74	0.489338	-2.148438	-0.268102	0.719256	
75	0.390625	-2.213338	-0.269027	0.661580	
75	0.488281	-2.149188	-0.268095	0.718620	
76	0.585938	-2.079975	-0.270214	0.774480	
76	0.623188	-2.050781	-0.271934	0.796536	
77	0.683594	-2.002829	-0.275654	0.830737	
77	0.741087	-1.953125	-0.280589	0.864057	
78	0.623188	-2.050781	-0.271934	0.796536	
78	0.683594	-2.002829	-0.275654	0.830737	
79	0.489338	-2.148438	-0.268102	0.719256	
79	0.585938	-2.079975	-0.270214	0.774480	
80	0.741087	-1.953125	-0.280589	0.864057	
80	0.781250	-1.917425	-0.284697	0.886519	
81	1.562500	-0.838717	-0.427419	1.162470	
81	1.592823	-0.781250	-0.425388	1.161551	
82	1.592823	-0.781250	-0.425388	1.161551	
82	1.640251	-0.683594	-0.419571	1.159382	
83	1.660156	-0.639086	-0.416010	1.158251	
83	1.685266	-0.585938	-0.409265	1.156395	
84	1.640251	-0.683594	-0.419571	1.159382	
84	1.660156	-0.639086	-0.416010	1.158251	
85	1.757812	-0.409018	-0.381740	1.151566	
85	1.765328	-0.390625	-0.377838	1.151157	
86	1.685266	-0.585938	-0.409265	1.156395	
86	1.727404	-0.488281	-0.394944	1.153417	
87	1.727404	-0.488281	-0.394944	1.153417	
87	1.757812	-0.409018	-0.381740	1.151566	
88	1.765328	-0.390625	-0.377838	1.151157	
88	1.801975	-0.292969	-0.356251	1.149886	
89	1.801975	-0.292969	-0.356251	1.149886	
89	1.833773	-0.195312	-0.333077	1.150170	
90	1.833773	-0.195312	-0.333077	1.150170	
90	1.855469	-0.118555	-0.313924	1.151537	
91	1.855469	-0.118555	-0.313924	1.151537	
91	1.861882	-0.097656	-0.307881	1.152166	
92	1.861882	-0.097656	-0.307881	1.152166	
92	1.888758	0.000000	-0.279317	1.156348	
93	1.107951	-1.562500	-0.342058	1.056309	
93	1.171875	-1.477194	-0.357829	1.084164	
94	1.171875	-1.477194	-0.357829	1.084164	
94	1.181170	-1.464844	-0.360019	1.087682	
95	1.181170	-1.464844	-0.360019	1.087682	
95	1.250364	-1.367188	-0.377183	1.112665	
96	1.367188	-1.185312	-0.405153	1.144690	
96	1.375737	-1.171875	-0.406743	1.146206	
97	1.250364	-1.367188	-0.377183	1.112665	
97	1.269531	-1.337911	-0.382287	1.119277	
98	1.269531	-1.337911	-0.382287	1.119277	
98	1.315467	-1.269531	-0.392857	1.131866	
99	1.315467	-1.269531	-0.392857	1.131866	
99	1.367188	-1.185312	-0.405153	1.144690	
100	1.375737	-1.171875	-0.406743	1.146206	
100	1.434507	-1.074219	-0.417065	1.155210	
101	1.464844	-1.019398	-0.421946	1.158905	
101	1.489660	-0.976562	-0.424118	1.160413	
102	1.434507	-1.074219	-0.417065	1.155210	
102	1.464844	-1.019398	-0.421946	1.158905	
103	1.489660	-0.976562	-0.424118	1.160413	
103	1.542343	-0.878906	-0.427035	1.162257	
104	1.542343	-0.878906	-0.427035	1.162257	
104	1.562500	-0.838717	-0.427419	1.162470	
105	1.888758	0.000000	-0.279317	1.156348	
105	1.911747	0.097656	-0.249618	1.162712	
106	1.911747	0.097656	-0.249618	1.162712	
106	1.931377	0.195312	-0.218736	1.171402	
107	1.931377	0.195312	-0.218736	1.171402	
107	1.948227	0.292969	-0.186596	1.182625	
108	1.948227	0.292969	-0.186596	1.182625	
108	1.953125	0.324436	-0.175984	1.186812	
109	1.953125	0.324436	-0.175984	1.186812	
109	1.964689	0.390625	-0.152092	1.197113	
110	1.964689	0.390625	-0.152092	1.197113	
110	1.980307	0.488281	-0.116005	1.214983	
111	1.980307	0.488281	-0.116005	1.214983	
111	1.994881	0.585938	-0.078920	1.236305	
112	1.994881	0.585938	-0.078920	1.236305	
112	2.009061	0.683594	-0.040988	1.261347	
113	2.009061	0.683594	-0.040988	1.261347	
113	2.023462	0.781250	-0.002475	1.290332	
114	2.023462	0.781250	-0.002475	1.290332	
114	2.038639	0.878906	0.036228	1.323409	
115	2.050781	0.949960	0.064329	1.350185	
115	2.055905	0.976562	0.074873	1.360893	
116	2.038639	0.878906	0.036228	1.323409	
116	2.050781	0.949960	0.064329	1.350185	
117	2.055905	0.976562	0.074873	1.360893	
117	2.077425	1.074219	0.113184	1.403234	
118	2.077425	1.074219	0.113184	1.403234	
118	2.100967	1.171875	0.149465	1.449261	
119	2.100967	1.171875	0.149465	1.449261	
119	2.126537	1.269531	0.182832	1.498424	
120	2.126537	1.269531	0.182832	1.498424	
120	2.148438	1.346125	0.206431	1.538837	
121	2.148438	1.346125	0.206431	1.538837	
121	2.155194	1.367188	0.212507	1.550281	
122	2.155194	1.367188	0.212507	1.550281	
122	2.190583	1.464844	0.237693	1.604544	
123	2.190583	1.464844	0.237693	1.604544	
123	2.227205	1.562500	0.256618	1.658551	
124	2.227205	1.562500	0.256618	1.658551	
124	2.246094	1.609432	0.263273	1.684114	
125	2.246094	1.609432	0.263273	1.684114	
125	2.269883	1.660156	0.268548	1.711288	
126	2.269883	1.660156	0.268548	1.711288	
126	2.318846	1.757812	0.272541	1.759963	
127	2.318846	1.757812	0.272541	1.759963	
127	2.343750	1.804325	0.271570	1.780758	
128	2.343750	1.804325	0.271570	1.780758	
128	2.378840	1.855469	0.268600	1.800665	
129	2.441406	1.936792	0.261112	1.824033	
129	2.459317	1.953125	0.259899	1.826479	
130	2.378840	1.855469	0.268600	1.800665	
130	2.441406	1.936792	0.261112	1.824033	
131	2.832031	2.107404	0.361292	1.775316	
131	2.929688	2.130157	0.419455	1.759536	
132	2.734375	2.085180	0.313060	1.793836	
132	2.832031	2.107404	0.361292	1.775316	
133	2.929688	2.130157	0.419455	1.759536	
133	2.998518	2.148438	0.465271	1.750456	
134	2.998518	2.148438	0.465271	1.750456	
134	3.027344	2.155573	0.485647	1.747161	
135	3.027344	2.155573	0.485647	1.747161	
135	3.125000	2.184500	0.558553	1.738438	
136	2.459317	1.953125	0.259899	1.826479	
136	2.539062	2.012601	0.260255	1.827140	
137	2.539062	2.012601	0.260255	1.827140	
137	2.616543	2.050781	0.272548	1.816806	
138	2.636719	2.058742	0.277627	1.813260	
138	2.734375	2.085180	0.313060	1.793836	
139	2.616543	2.050781	0.272548	1.816806	
139	2.636719	2.058742	0.277627	1.813260	
140	3.417969	2.325982	0.809963	1.735107	
140	3.444512	2.343750	0.835147	1.736579	
141	3.320312	2.268751	0.720834	1.732321	
141	3.417969	2.325982	0.809963	1.735107	
142	3.125000	2.184500	0.558553	1.738438	
142	3.222656	2.222277	0.637018	1.733479	
143	3.222656	2.222277	0.637018	1.733479	
143	3.273563	2.246094	0.680045	1.732394	
144	3.273563	2.246094	0.680045	1.732394	
144	3.320312	2.268751	0.720834	1.732321	
145	3.906250	2.912293	1.376441	1.832257	
145	3.914344	2.929688	1.389008	1.835913	
146	3.914344	2.929688	1.389008	1.835913	
146	3.951374	3.027344	1.452857	1.855582	
147	3.951374	3.027344	1.452857	1.855582	
147	3.979180	3.125000	1.510077	1.874826	
148	3.444512	2.343750	0.835147	1.736579	
148	3.515625	2.395901	0.904733	1.742117	
149	3.515625	2.395901	0.904733	1.742117	
149	3.570260	2.441406	0.960463	1.748052	
150	3.613281	2.482126	1.006023	1.753862	
150	3.669139	2.539062	1.067259	1.763001	
151	3.570260	2.441406	0.960463	1.748052	
151	3.613281	2.482126	1.006023	1.753862	
152	3.710938	2.589068	1.115429	1.771249	
152	3.749464	2.636719	1.161075	1.779921	
153	3.808594	2.725099	1.236121	1.795995	
153	3.814787	2.734375	1.244137	1.797846	
154	3.749464	2.636719	1.161075	1.779921	
154	3.808594	2.725099	1.236121	1.795995	
155	3.669139	2.539062	1.067259	1.763001	
155	3.710938	2.589068	1.115429	1.771249	
156	3.814787	2.734375	1.244137	1.797846	
156	3.870395	2.832031	1.320867	1.816906	
157	3.870395	2.832031	1.320867	1.816906	
157	3.906250	2.912293	1.376441	1.832257	
158	3.979180	3.125000	1.510077	1.874826	
158	3.999014	3.222656	1.561802	1.893632	
159	4.003906	3.259745	1.579495	1.900392	
159	4.012703	3.320312	1.609717	1.912345	
160	3.999014	3.222656	1.561802	1.893632	
160	4.003906	3.259745	1.579495	1.900392	
161	4.012703	3.320312	1.609717	1.912345	
161	4.019638	3.417969	1.653264	1.930535	
162	4.019638	3.417969	1.653264	1.930535	
162	4.019508	3.515625	1.692220	1.947869	
163	4.019508	3.515625	1.692220	1.947869	
163	4.012340	3.613281	1.726713	1.964163	
164	4.003906	3.670923	1.744249	1.972831	
164	4.012340	3.613281	1.726713	1.964163	
165	3.998529	3.710938	1.757218	1.979426	
165	4.003906	3.670923	1.744249	1.972831	
166	3.998529	3.710938	1.757218	1.979426	
166	3.978573	3.808594	1.784304	1.993769	
167	3.978573	3.808594	1.784304	1.993769	
167	3.950886	3.906250	1.806806	2.006374	
168	3.950886	3.906250	1.806806	2.006374	
168	3.914528	4.003906	1.824226	2.016678	
169	3.906250	4.022238	1.826568	2.018107	
169	3.914528	4.003906	1.824226	2.016678	
170	3.871639	4.101562	1.838599	2.025657	
170	3.906250	4.022238	1.826568	2.018107	
171	3.871639	4.101562	1.838599	2.025657	
171	3.818665	4.199219	1.847466	2.031517	
172	3.808594	4.215190	1.848089	2.031942	
172	3.818665	4.199219	1.847466	2.031517	
173	3.757314	4.296875	1.852618	2.035122	
173	3.808594	4.215190	1.848089	2.031942	
174	3.684249	4.394531	1.852151	2.034783	
174	3.710938	4.359213	1.852142	2.034775	
175	3.613281	4.475932	1.847281	2.030955	
175	3.684249	4.394531	1.852151	2.034783	
176	3.598559	4.492188	1.846243	2.030114	
176	3.613281	4.475932	1.847281	2.030955	
177	3.710938	4.359213	1.852142	2.034775	
177	3.757314	4.296875	1.852618	2.035122	
178	3.515625	4.573578	1.836655	2.022053	
178	3.598559	4.492188	1.846243	2.030114	
179	3.497973	4.589844	1.834416	2.020107	
179	3.515625	4.573578	1.836655	2.022053	
180	3.417969	4.656950	1.822170	2.009103	
180	3.497973	4.589844	1.834416	2.020107	
181	3.378101	4.687500	1.815379	2.002762	
181	3.417969	4.656950	1.822170	2.009103	
182	3.231069	4.785156	1.786885	1.974496	
182	3.320312	4.728728	1.804867	1.992637	
183	3.222656	4.790215	1.785184	1.972728	
183	3.231069	4.785156	1.786885	1.974496	
184	3.125000	4.843857	1.764305	1.950317	
184	3.222656	4.790215	1.785184	1.972728	
185	3.320312	4.728728	1.804867	1.992637	
185	3.378101	4.687500	1.815379	2.002762	
186	0.860907	4.003906	1.086590	0.523914	
186	0.878906	3.983964	1.087693	0.524629	
187	0.878906	3.983964	1.087693	0.524629	
187	0.957169	3.906250	1.102179	0.531485	
188	0.860907	4.003906	1.086590	0.523914	
188	0.798614	4.101562	1.096602	0.534902	
189	0.781250	4.135487	1.102942	0.543340	
189	0.798614	4.101562	1.096602	0.534902	
190	1.396126	3.906250	1.222028	0.534389	
190	1.413836	4.003906	1.217489	0.573737	
191	1.413836	4.003906	1.217489	0.573737	
191	1.416272	4.101562	1.219943	0.623882	
192	1.416272	4.101562	1.219943	0.623882	
192	1.414016	4.199219	1.228149	0.681464	
193	1.414016	4.199219	1.228149	0.681464	
193	1.414293	4.296875	1.240873	0.745781	
194	1.414293	4.296875	1.240873	0.745781	
194	1.423787	4.394531	1.257398	0.817354	
195	1.423787	4.394531	1.257398	0.817354	
195	1.449561	4.492188	1.277571	0.897401	
196	1.449561	4.492188	1.277571	0.897401	
196	1.464844	4.525702	1.285474	0.927412	
197	1.464844	4.525702	1.285474	0.927412	
197	1.494569	4.589844	1.301568	0.986630	
198	1.494569	4.589844	1.301568	0.986630	
198	1.562500	4.682671	1.328939	1.081935	
199	0.750090	4.199219	1.116313	0.564429	
199	0.781250	4.135487	1.102942	0.543340	
200	0.750090	4.199219	1.116313	0.564429	
200	0.696654	4.296875	1.137196	0.606705	
201	0.515207	4.492188	1.171183	0.713969	
201	0.585938	4.435628	1.163031	0.680899	
202	0.626835	4.394531	1.156223	0.658000	
202	0.683594	4.316654	1.141193	0.616291	
203	0.683594	4.316654	1.141193	0.616291	
203	0.696654	4.296875	1.137196	0.606705	
204	0.585938	4.435628	1.163031	0.680899	
204	0.626835	4.394531	1.156223	0.658000	
205	0.390625	4.560771	1.178641	0.756847	
205	0.488281	4.509926	1.173400	0.724725	
206	0.488281	4.509926	1.173400	0.724725	
206	0.515207	4.492188	1.171183	0.713969	
207	0.305372	4.589844	1.180669	0.776259	
207	0.390625	4.560771	1.178641	0.756847	
208	0.292969	4.593948	1.180903	0.779374	
208	0.305372	4.589844	1.180669	0.776259	
209	0.195312	4.617101	1.181677	0.798345	
209	0.292969	4.593948	1.180903	0.779374	
210	0.097656	4.629239	1.181384	0.812202	
210	0.195312	4.617101	1.181677	0.798345	
211	0.000000	4.631886	1.180549	0.822220	
211	0.097656	4.629239	1.181384	0.812202	
212	1.562500	4.682671	1.328939	1.081935	
212	1.566435	4.687500	1.330484	1.087116	
213	1.566435	4.687500	1.330484	1.087116	
213	1.660156	4.777294	1.362998	1.191293	
214	1.660156	4.777294	1.362998	1.191293	
214	1.669948	4.785156	1.366210	1.201087	
215	1.669948	4.785156	1.366210	1.201087	
215	1.757812	4.846937	1.394189	1.282780	
216	1.757812	4.846937	1.394189	1.282780	
216	1.822245	4.882812	1.413622	1.335855	
217	1.822245	4.882812	1.413622	1.335855	
217	1.855469	4.900224	1.423871	1.362705	
218	1.855469	4.900224	1.423871	1.362705	
218	1.953125	4.941822	1.452876	1.434696	
219	2.246094	5.010839	1.536754	1.614179	
219	2.343750	5.018713	1.564058	1.664831	
220	2.148438	4.995541	1.509021	1.559084	
220	2.246094	5.010839	1.536754	1.614179	
221	1.953125	4.941822	1.452876	1.434696	
221	2.050781	4.972635	1.481016	1.499336	
222	2.050781	4.972635	1.481016	1.499336	
222	2.085008	4.980469	1.490418	1.519882	
223	2.085008	4.980469	1.490418	1.519882	
223	2.148438	4.995541	1.509021	1.559084	
224	2.636719	5.001783	1.643439	1.794491	
224	2.734375	4.982875	1.668751	1.830972	
225	2.539062	5.014015	1.617461	1.754719	
225	2.636719	5.001783	1.643439	1.794491	
226	2.441406	5.019680	1.590970	1.711564	
226	2.539062	5.014015	1.617461	1.754719	
227	2.343750	5.018713	1.564058	1.664831	
227	2.441406	5.019680	1.590970	1.711564	
228	3.040502	4.882812	1.744553	1.927919	
228	3.125000	4.843857	1.764305	1.950317	
229	2.929688	4.927517	1.718475	1.896564	
229	3.027344	4.888762	1.741613	1.924486	
230	3.027344	4.888762	1.741613	1.924486	
230	3.040502	4.882812	1.744553	1.927919	
231	2.743869	4.980469	1.671061	1.834195	
231	2.832031	4.958648	1.694050	1.865320	
232	2.832031	4.958648	1.694050	1.865320	
232	2.929688	4.927517	1.718475	1.896564	
233	2.734375	4.982875	1.668751	1.830972	
233	2.743869	4.980469	1.671061	1.834195	
234	-2.533775	0.000000	0.005001	-0.039327	
234	-2.478542	0.097656	0.080272	-0.017237	
235	-2.441406	0.154453	0.127605	-0.004395	
235	-2.415099	0.195312	0.160806	0.004131	
236	-2.478542	0.097656	0.080272	-0.017237	
236	-2.441406	0.154453	0.127605	-0.004395	
237	-2.415099	0.195312	0.160806	0.004131	
237	-2.343750	0.291392	0.245657	0.024107	
238	-2.343750	0.291392	0.245657	0.024107	
238	-2.342579	0.292969	0.247026	0.024408	
239	-2.342579	0.292969	0.247026	0.024408	
239	-2.260912	0.390625	0.338456	0.042940	
240	-1.953125	0.662985	0.639863	0.080933	
240	-1.922921	0.683594	0.666367	0.082395	
241	-1.855469	0.726821	0.723734	0.084352	
241	-1.758433	0.781250	0.801841	0.084092	
242	-1.922921	0.683594	0.666367	0.082395	
242	-1.855469	0.726821	0.723734	0.084352	
243	-2.260912	0.390625	0.338456	0.042940	
243	-2.246094	0.406410	0.354355	0.045846	
244	-2.246094	0.406410	0.354355	0.045846	
244	-2.166377	0.488281	0.437605	0.059490	
245	-2.166377	0.488281	0.437605	0.059490	
245	-2.148438	0.504896	0.455665	0.062095	
246	-2.148438	0.504896	0.455665	0.062095	
246	-2.055335	0.585938	0.546318	0.073182	
247	-2.055335	0.585938	0.546318	0.073182	
247	-2.050781	0.589572	0.550611	0.073622	
248	-2.050781	0.589572	0.550611	0.073622	
248	-1.953125	0.662985	0.639863	0.080933	
249	-1.758433	0.781250	0.801841	0.084092	
249	-1.757812	0.781586	0.802323	0.084079	
250	-1.757812	0.781586	0.802323	0.084079	
250	-1.660156	0.831420	0.875434	0.080238	
251	-1.660156	0.831420	0.875434	0.080238	
251	-1.562500	0.874589	0.942788	0.072899	
252	-1.562500	0.874589	0.942788	0.072899	
252	-1.552291	0.878906	0.949466	0.071934	
253	-1.464844	0.916848	1.003302	0.062237	
253	-1.367188	0.957364	1.056102	0.048518	
254	-1.552291	0.878906	0.949466	0.071934	
254	-1.464844	0.916848	1.003302	0.062237	
255	-1.367188	0.957364	1.056102	0.048518	
255	-1.322910	0.976562	1.076969	0.041495	
256	-1.322910	0.976562	1.076969	0.041495	
256	-1.269531	1.001920	1.098990	0.032692	
257	-1.269531	1.001920	1.098990	0.032692	
257	-1.171875	1.055295	1.129302	0.016939	
258	-1.171875	1.055295	1.129302	0.016939	
258	-1.143856	1.074219	1.134969	0.013198	
259	-1.074219	1.129189	1.142704	0.007204	
259	-1.032963	1.171875	1.141929	0.008251	
260	-1.143856	1.074219	1.134969	0.013198	
260	-1.074219	1.129189	1.142704	0.007204	
261	-1.032963	1.171875	1.141929	0.008251	
261	-0.976562	1.241349	1.135471	0.017628	
262	-0.976562	1.241349	1.135471	0.017628	
262	-0.959144	1.269531	1.131580	0.024418	
263	-0.959144	1.269531	1.131580	0.024418	
263	-0.907986	1.367188	1.117767	0.056722	
264	-0.907986	1.367188	1.117767	0.056722	
264	-0.878906	1.432383	1.109724	0.084503	
265	-0.878906	1.432383	1.109724	0.084503	
265	-0.867271	1.464844	1.106289	0.100077	
266	-0.867271	1.464844	1.106289	0.100077	
266	-0.837361	1.562500	1.099061	0.151885	
267	-0.837361	1.562500	1.099061	0.151885	
267	-0.812102	1.660156	1.096897	0.209411	
268	-0.812102	1.660156	1.096897	0.209411	
268	-0.791936	1.757812	1.099898	0.270987	
269	-0.791936	1.757812	1.099898	0.270987	
269	-0.781250	1.830344	1.105379	0.318314	
270	-0.781250	2.186281	1.166674	0.547466	
270	-0.789942	2.246094	1.181411	0.582155	
271	-0.789942	2.246094	1.181411	0.582155	
271	-0.811377	2.343750	1.206864	0.633627	
272	-0.811377	2.343750	1.206864	0.633627	
272	-0.838671	2.441406	1.233376	0.678117	
273	-0.838671	2.441406	1.233376	0.678117	
273	-0.870033	2.539062	1.259873	0.714796	
274	-0.878906	2.563390	1.266135	0.722425	
274	-0.908362	2.636719	1.283426	0.741496	
275	-0.878906	2.563390	1.266135	0.722425	
275	-0.870033	2.539062	1.259873	0.714796	
276	-0.908362	2.636719	1.283426	0.741496	
276	-0.948672	2.734375	1.303137	0.759610	
277	-0.976562	2.803686	1.314524	0.768143	
277	-0.989300	2.832031	1.317575	0.770153	
278	-0.989300	2.832031	1.317575	0.770153	
278	-1.031901	2.929688	1.323728	0.773788	
279	-0.976562	2.803686	1.314524	0.768143	
279	-0.948672	2.734375	1.303137	0.759610	
280	-1.031901	2.929688	1.323728	0.773788	
280	-1.068345	3.027344	1.325358	0.774661	
281	-1.074219	3.045392	1.325312	0.774650	
281	-1.068345	3.027344	1.325358	0.774661	
282	-1.074219	3.045392	1.325312	0.774650	
282	-1.103597	3.125000	1.318770	0.773045	
283	-1.103597	3.125000	1.318770	0.773045	
283	-1.131445	3.222656	1.308699	0.771688	
284	-1.131445	3.222656	1.308699	0.771688	
284	-1.150613	3.320312	1.296996	0.771250	
285	-1.150613	3.320312	1.296996	0.771250	
285	-1.161422	3.417969	1.284122	0.771913	
286	-1.161422	3.417969	1.284122	0.771913	
286	-1.164064	3.515625	1.270443	0.773820	
287	-1.164064	3.515625	1.270443	0.773820	
287	-1.158357	3.613281	1.256465	0.777037	
288	-1.158357	3.613281	1.256465	0.777037	
288	-1.143596	3.710938	1.242945	0.781434	
289	-1.143596	3.710938	1.242945	0.781434	
289	-1.118487	3.808594	1.230852	0.786569	
290	-1.118487	3.808594	1.230852	0.786569	
290	-1.081153	3.906250	1.221168	0.791644	
291	-0.097656	4.625712	1.179529	0.829095	
291	0.000000	4.631886	1.180549	0.822220	
292	-0.195312	4.610654	1.178678	0.832990	
292	-0.097656	4.625712	1.179529	0.829095	
293	-0.390625	4.556515	1.177599	0.836202	
293	-0.292969	4.586629	1.178305	0.834254	
294	-0.292969	4.586629	1.178305	0.834254	
294	-0.278157	4.589844	1.178600	0.833227	
295	-0.278157	4.589844	1.178600	0.833227	
295	-0.195312	4.610654	1.178678	0.832990	
296	-0.781250	4.321088	1.186381	0.820974	
296	-0.688995	4.394531	1.182858	0.825908	
297	-0.683594	4.398642	1.182581	0.826332	
297	-0.585938	4.463433	1.179501	0.831617	
298	-0.688995	4.394531	1.182858	0.825908	
298	-0.683594	4.398642	1.182581	0.826332	
299	-0.585938	4.463433	1.179501	0.831617	
299	-0.530363	4.492188	1.179425	0.831802	
300	-0.530363	4.492188	1.179425	0.831802	
300	-0.488281	4.514832	1.178234	0.834378	
301	-0.488281	4.514832	1.178234	0.834378	
301	-0.390625	4.556515	1.177599	0.836202	
302	-1.081153	3.906250	1.221168	0.791644	
302	-1.074219	3.920464	1.220257	0.792169	
303	-1.074219	3.920464	1.220257	0.792169	
303	-1.035469	4.003906	1.210386	0.798473	
304	-1.035469	4.003906	1.210386	0.798473	
304	-0.976562	4.097905	1.202999	0.804088	
305	-0.976562	4.097905	1.202999	0.804088	
305	-0.974257	4.101562	1.202579	0.804433	
306	-0.974257	4.101562	1.202579	0.804433	
306	-0.900522	4.199219	1.194430	0.811844	
307	-0.878906	4.223544	1.192875	0.813441	
307	-0.807446	4.296875	1.187952	0.819000	
308	-0.900522	4.199219	1.194430	0.811844	
308	-0.878906	4.223544	1.192875	0.813441	
309	-0.807446	4.296875	1.187952	0.819000	
309	-0.781250	4.321088	1.186381	0.820974	
