#REFERENCE 3 87.3042528 -62.0775655
1	-0.029700	-0.195312	0.522420	2.327955	
1	0.000000	-0.221619	0.240058	2.357143	
2	-0.177596	-0.097656	1.795017	1.443998	
2	-0.097656	-0.175568	1.124227	2.107132	
3	-0.097656	-0.175568	1.124227	2.107132	
3	-0.029700	-0.195312	0.522420	2.327955	
4	-0.195312	-0.034607	1.984546	0.960914	
4	-0.177596	-0.097656	1.795017	1.443998	
5	-0.228764	0.000000	2.019338	0.681088	
5	-0.195312	-0.034607	1.984546	0.960914	
6	0.097656	-0.230979	-0.476809	2.237031	
6	0.162995	-0.195312	-0.914310	1.986038	
7	0.000000	-0.221619	0.240058	2.357143	
7	0.097656	-0.230979	-0.476809	2.237031	
8	0.195312	-0.166635	-1.112141	1.793766	
8	0.244269	-0.097656	-1.368198	1.356144	
9	0.244269	-0.097656	-1.368198	1.356144	
9	0.235580	0.000000	-1.458433	0.778453	
10	0.162995	-0.195312	-0.914310	1.986038	
10	0.195312	-0.166635	-1.112141	1.793766	
11	0.195312	0.040979	-1.412624	0.450384	
11	0.178967	0.097656	-1.236588	0.021168	
12	0.097656	0.174784	-0.563244	-0.644341	
12	0.178967	0.097656	-1.236588	0.021168	
13	0.097656	0.174784	-0.563244	-0.644341	
13	0.028176	0.195312	0.057336	-0.870193	
14	0.195312	0.040979	-1.412624	0.450384	
14	0.235580	0.000000	-1.458433	0.778453	
15	0.000000	0.220901	0.326857	-0.897573	
15	0.028176	0.195312	0.057336	-0.870193	
16	-0.228764	0.000000	2.019338	0.681088	
16	-0.243403	0.097656	1.929597	0.096747	
17	-0.243403	0.097656	1.929597	0.096747	
17	-0.195312	0.175560	1.650226	-0.370620	
18	-0.195312	0.175560	1.650226	-0.370620	
18	-0.175290	0.195312	1.526854	-0.492543	
19	-0.175290	0.195312	1.526854	-0.492543	
19	-0.097656	0.237078	1.031087	-0.785035	
20	-0.097656	0.237078	1.031087	-0.785035	
20	0.000000	0.220901	0.326857	-0.897573	
