#REFERENCE 0 87.3042528 -62.0775655
O1 87.3042528 -62.0775655 0.0000 0.0000 36.06 0.00
O1 87.304253 -62.077565 0.0000 0.0000 36.06 0.00
O1 87.3042528 -62.0775655 0.0000 0.0000 36.06 0.00
O1 87.3042528 -62.0775655 6.3380 2.4825 36.06 29.91
7 87.3042528 -62.0775655 0.0000 0.0000 -82.51 0.00
7 87.304253 -62.077565 0.0000 0.0000 -82.51 0.00
7 87.3042528 -62.0775655 0.0000 0.0000 -82.51 0.00
7 87.3042528 -62.0775655 1.7849 1.5513 -82.51 0.85
25 87.3031153 -62.0767410 0.0000 0.0000 87.24 0.00
25 87.303115 -62.076741 0.0000 0.0000 87.24 0.00
25 87.3031153 -62.0767410 0.0000 0.0000 87.24 0.00
25 87.3031153 -62.0767410 1.6388 1.2188 87.24 0.42
36 87.3042495 -62.0766157 0.0000 0.0000 -0.39 0.00
36 87.304249 -62.076616 0.0000 0.0000 -0.39 0.00
36 87.3042495 -62.0766157 0.0000 0.0000 -0.39 0.00
36 87.3042495 -62.0766157 1.3159 1.1578 -0.39 0.26
