#REFERENCE 3 87.3042528 -62.0775655
9.3 0.371 0.509 0.082 0.034 38.36 2.702 0.67 2.483 -1.882 1.28 -0.60
9.3 0.371 0.509 0.082 0.034 38.36 2.702 0.67 -2.248 2.369 1.33 -0.66
9.3 0.371 0.509 0.082 0.034 38.36 2.702 0.67 -0.002 0.005 -8.10 8.77
9.3 0.371 0.509 0.082 0.034 38.36 2.702 0.67 0.615 1.387 0.02 0.66
9.3 0.371 0.509 0.082 0.034 38.36 2.702 0.67 -1.377 -1.016 0.67 -0.00
9.2 0.297 0.437 0.057 0.026 179.15 2.702 1.35 -1.464 -1.052 0.82 0.53
9.2 0.297 0.437 0.057 0.026 179.15 2.702 1.35 2.301 -2.065 1.29 0.07
9.2 0.297 0.437 0.057 0.026 179.15 2.702 1.35 0.604 1.296 -0.09 1.44
9.2 0.297 0.437 0.057 0.026 179.15 2.702 1.35 -0.001 0.007 -8.06 9.42
9.2 0.297 0.437 0.057 0.026 179.15 2.702 1.35 -2.343 2.172 1.35 -0.00
9.1 0.320 0.579 0.054 0.027 141.19 2.702 1.34 -1.257 -1.150 0.64 0.70
9.1 0.320 0.579 0.054 0.027 141.19 2.702 1.34 0.711 1.366 0.02 1.32
9.1 0.320 0.579 0.054 0.027 141.19 2.702 1.34 -2.310 2.550 1.27 0.06
9.1 0.320 0.579 0.054 0.027 141.19 2.702 1.34 -0.001 0.004 -8.13 9.47
9.1 0.320 0.579 0.054 0.027 141.19 2.702 1.34 2.431 -1.772 1.34 -0.00
1.6 0.651 0.696 0.061 0.032 156.15 2.871 1.25 0.548 1.727 0.44 0.81
1.6 0.651 0.696 0.061 0.032 156.15 2.871 1.25 -1.189 -0.816 0.24 1.01
1.6 0.651 0.696 0.061 0.032 156.15 2.871 1.25 -1.919 2.934 1.40 -0.15
1.6 0.651 0.696 0.061 0.032 156.15 2.871 1.25 -0.008 0.001 -8.03 9.29
1.6 0.651 0.696 0.061 0.032 156.15 2.871 1.25 2.265 3.666 -0.35 1.60
1.6 0.651 0.696 0.061 0.032 156.15 2.871 1.25 1.920 2.985 -7.41 8.66
1.6 0.651 0.696 0.061 0.032 156.15 2.871 1.25 3.054 -1.373 1.25 0.00
1.5 0.776 0.671 0.094 0.059 33.05 2.871 0.18 3.226 -1.379 1.20 -1.02
1.5 0.776 0.671 0.094 0.059 33.05 2.871 0.18 -1.760 2.856 1.51 -1.32
1.5 0.776 0.671 0.094 0.059 33.05 2.871 0.18 0.366 1.839 0.66 -0.48
1.5 0.776 0.671 0.094 0.059 33.05 2.871 0.18 1.917 2.986 -7.35 7.53
1.5 0.776 0.671 0.094 0.059 33.05 2.871 0.18 2.200 3.757 -0.15 0.33
1.5 0.776 0.671 0.094 0.059 33.05 2.871 0.18 -0.011 0.002 -7.92 8.10
1.5 0.776 0.671 0.094 0.059 33.05 2.871 0.18 -1.202 -0.666 0.18 -0.00
1.4 0.781 0.698 0.062 0.025 1.72 2.871 1.51 0.385 1.860 0.70 0.82
1.4 0.781 0.698 0.062 0.025 1.72 2.871 1.51 2.219 3.773 -0.12 1.64
1.4 0.781 0.698 0.062 0.025 1.72 2.871 1.51 -0.012 0.001 -7.92 9.43
1.4 0.781 0.698 0.062 0.025 1.72 2.871 1.51 -1.173 -0.679 0.14 1.37
1.4 0.781 0.698 0.062 0.025 1.72 2.871 1.51 3.244 -1.317 1.21 0.30
1.4 0.781 0.698 0.062 0.025 1.72 2.871 1.51 1.917 2.985 -7.43 8.94
1.4 0.781 0.698 0.062 0.025 1.72 2.871 1.51 -1.756 2.940 1.51 0.00
1.3 0.629 0.573 0.177 0.131 148.82 2.871 -0.50 -1.330 -0.748 0.41 -0.91
1.3 0.629 0.573 0.177 0.131 148.82 2.871 -0.50 0.455 1.645 0.34 -0.84
1.3 0.629 0.573 0.177 0.131 148.82 2.871 -0.50 -1.945 2.585 1.42 -1.92
1.3 0.629 0.573 0.177 0.131 148.82 2.871 -0.50 -0.008 0.004 -8.03 7.52
1.3 0.629 0.573 0.177 0.131 148.82 2.871 -0.50 2.965 -1.650 1.20 -1.71
1.3 0.629 0.573 0.177 0.131 148.82 2.871 -0.50 2.178 3.600 -0.50 -0.00
1.3 0.629 0.573 0.177 0.131 148.82 2.871 -0.50 2.178 3.600 -0.50 -0.00
1.2 0.792 0.655 0.089 0.048 68.81 2.871 0.68 -1.737 2.804 1.52 -0.84
1.2 0.792 0.655 0.089 0.048 68.81 2.871 0.68 -1.737 2.804 1.52 -0.84
1.2 0.792 0.655 0.089 0.048 68.81 2.871 0.68 3.243 -1.408 1.19 -0.51
1.2 0.792 0.655 0.089 0.048 68.81 2.871 0.68 -1.215 -0.638 0.19 0.49
1.2 0.792 0.655 0.089 0.048 68.81 2.871 0.68 2.179 3.763 -0.13 0.81
1.2 0.792 0.655 0.089 0.048 68.81 2.871 0.68 -0.012 0.002 -7.90 8.58
1.2 0.792 0.655 0.089 0.048 68.81 2.871 0.68 0.327 1.845 0.68 0.00
1.1 0.717 0.588 0.125 0.086 100.62 2.871 -0.21 -1.828 2.620 1.47 -1.67
1.1 0.717 0.588 0.125 0.086 100.62 2.871 -0.21 -1.300 -0.662 0.33 -0.54
1.1 0.717 0.588 0.125 0.086 100.62 2.871 -0.21 3.107 -1.579 1.18 -1.39
1.1 0.717 0.588 0.125 0.086 100.62 2.871 -0.21 0.367 1.734 0.49 -0.70
1.1 0.717 0.588 0.125 0.086 100.62 2.871 -0.21 -0.010 0.004 -7.96 7.75
1.1 0.717 0.588 0.125 0.086 100.62 2.871 -0.21 2.161 3.672 -0.33 0.12
1.1 0.717 0.588 0.125 0.086 100.62 2.871 -0.21 2.161 3.672 -0.33 0.12
6.4 0.760 0.479 0.069 0.042 70.71 3.015 0.47 3.145 -1.807 1.12 -0.65
6.4 0.760 0.479 0.069 0.042 70.71 3.015 0.47 -1.775 2.347 1.53 -1.05
6.4 0.760 0.479 0.069 0.042 70.71 3.015 0.47 -1.418 -0.510 0.47 0.00
6.4 0.760 0.479 0.069 0.042 70.71 3.015 0.47 -0.011 0.007 -7.89 8.36
6.4 0.760 0.479 0.069 0.042 70.71 3.015 0.47 0.229 1.703 0.47 0.00
6.3 0.728 0.490 0.048 0.025 6.34 3.015 1.50 0.278 1.684 0.43 1.08
6.3 0.728 0.490 0.048 0.025 6.34 3.015 1.50 3.100 -1.800 1.14 0.37
6.3 0.728 0.490 0.048 0.025 6.34 3.015 1.50 -0.010 0.006 -7.93 9.43
6.3 0.728 0.490 0.048 0.025 6.34 3.015 1.50 -1.417 -0.557 0.47 1.03
6.3 0.728 0.490 0.048 0.025 6.34 3.015 1.50 -1.824 2.381 1.50 0.00
6.2 0.741 0.525 0.090 0.048 29.03 3.015 0.41 3.134 -1.724 1.15 -0.74
6.2 0.741 0.525 0.090 0.048 29.03 3.015 0.41 0.291 1.718 0.47 -0.06
6.2 0.741 0.525 0.090 0.048 29.03 3.015 0.41 -1.811 2.477 1.50 -1.09
6.2 0.741 0.525 0.090 0.048 29.03 3.015 0.41 -0.011 0.005 -7.93 8.34
6.2 0.741 0.525 0.090 0.048 29.03 3.015 0.41 -1.375 -0.582 0.41 -0.00
6.1 0.617 0.594 0.053 0.029 150.64 3.015 1.22 -1.318 -0.788 0.39 0.83
6.1 0.617 0.594 0.053 0.029 150.64 3.015 1.22 0.494 1.649 0.32 0.90
6.1 0.617 0.594 0.053 0.029 150.64 3.015 1.22 -1.985 2.686 1.41 -0.19
6.1 0.617 0.594 0.053 0.029 150.64 3.015 1.22 -0.007 0.004 -8.06 9.27
6.1 0.617 0.594 0.053 0.029 150.64 3.015 1.22 2.208 3.619 -0.48 1.69
6.1 0.617 0.594 0.053 0.029 150.64 3.015 1.22 2.208 3.619 -0.48 1.69
6.1 0.617 0.594 0.053 0.029 150.64 3.015 1.22 2.975 -1.635 1.22 -0.00
11.2 1.109 0.645 0.062 0.019 21.16 3.220 2.00 -0.249 2.124 1.17 0.83
11.2 1.109 0.645 0.062 0.019 21.16 3.220 2.00 3.725 -1.375 1.10 0.91
11.2 1.109 0.645 0.062 0.019 21.16 3.220 2.00 -0.021 0.003 -7.50 9.51
11.2 1.109 0.645 0.062 0.019 21.16 3.220 2.00 -1.129 -0.366 -0.03 2.03
11.2 1.109 0.645 0.062 0.019 21.16 3.220 2.00 -1.338 2.754 2.00 -0.00
11.1 1.154 0.622 0.064 0.021 73.57 3.220 1.47 -1.214 2.606 2.15 -0.68
11.1 1.154 0.622 0.064 0.021 73.57 3.220 1.47 3.780 -1.408 1.08 0.39
11.1 1.154 0.622 0.064 0.021 73.57 3.220 1.47 -0.395 2.155 1.47 0.00
5.2 1.218 0.476 0.050 0.030 156.19 3.531 1.01 3.855 -1.717 1.01 -0.00
5.1 1.123 0.569 0.046 0.026 76.96 3.531 1.06 -1.304 2.568 1.99 -0.93
5.1 1.123 0.569 0.046 0.026 76.96 3.531 1.06 3.754 -1.564 1.07 -0.00
5.1 1.123 0.569 0.046 0.026 76.96 3.531 1.06 -1.198 -0.303 0.08 0.98
5.1 1.123 0.569 0.046 0.026 76.96 3.531 1.06 -0.305 2.075 1.23 -0.16
5.1 1.123 0.569 0.046 0.026 76.96 3.531 1.06 -0.021 0.005 -7.50 8.56
2.3 1.215 0.483 0.050 0.029 156.32 3.542 1.02 3.853 -1.707 1.02 -0.00
2.2 1.210 0.583 0.092 0.011 91.45 3.542 2.27 -1.090 2.482 2.47 -0.20
2.2 1.210 0.583 0.092 0.011 91.45 3.542 2.27 3.877 -1.510 1.05 1.22
2.2 1.210 0.583 0.092 0.011 91.45 3.542 2.27 -0.560 2.197 1.98 0.29
2.1 1.193 0.564 0.044 0.010 68.31 3.542 2.94 3.849 -1.554 1.05 1.89
2.1 1.193 0.564 0.044 0.010 68.31 3.542 2.94 -0.526 2.156 1.86 1.08
4.2 1.201 0.498 0.049 0.029 156.36 3.772 1.02 -0.607 2.111 2.24 -1.22
4.2 1.201 0.498 0.049 0.029 156.36 3.772 1.02 -1.022 2.284 2.60 -1.57
4.2 1.201 0.498 0.049 0.029 156.36 3.772 1.02 -0.024 0.008 -7.35 8.37
4.2 1.201 0.498 0.049 0.029 156.36 3.772 1.02 -1.211 -0.187 0.14 0.89
4.2 1.201 0.498 0.049 0.029 156.36 3.772 1.02 3.859 -1.706 1.02 0.00
4.1 1.199 0.552 0.042 0.012 81.80 3.772 2.21 -1.146 2.471 2.31 -0.10
4.1 1.199 0.552 0.042 0.012 81.80 3.772 2.21 3.874 -1.600 1.04 1.16
4.1 1.199 0.552 0.042 0.012 81.80 3.772 2.21 -0.505 2.145 1.74 0.47
10.2 1.253 0.605 0.047 0.009 37.45 3.880 2.60 -0.597 2.267 2.02 0.58
10.2 1.253 0.605 0.047 0.009 37.45 3.880 2.60 3.971 -1.487 1.05 1.55
10.2 1.253 0.605 0.047 0.009 37.45 3.880 2.60 -1.121 2.612 2.60 -0.00
10.1 1.258 0.603 0.055 0.012 67.86 3.880 2.15 3.976 -1.490 1.05 1.10
10.1 1.258 0.603 0.055 0.012 67.86 3.880 2.15 -1.097 2.587 2.67 -0.53
10.1 1.258 0.603 0.055 0.012 67.86 3.880 2.15 -0.622 2.277 2.15 0.00
3.2 0.600 0.058 0.067 0.005 7.92 3.949 3.12 2.789 -2.729 1.03 2.09
3.2 0.600 0.058 0.067 0.005 7.92 3.949 3.12 0.161 1.310 -0.11 3.22
3.2 0.600 0.058 0.067 0.005 7.92 3.949 3.12 -0.008 0.019 -7.66 10.78
3.2 0.600 0.058 0.067 0.005 7.92 3.949 3.12 -2.113 0.855 3.23 -0.11
3.1 0.582 0.054 0.067 0.004 4.00 3.949 3.54 2.755 -2.743 1.04 2.51
3.1 0.582 0.054 0.067 0.004 4.00 3.949 3.54 0.174 1.297 -0.13 3.67
3.1 0.582 0.054 0.067 0.004 4.00 3.949 3.54 -0.007 0.019 -7.66 11.20
3.1 0.582 0.054 0.067 0.004 4.00 3.949 3.54 -2.131 0.790 3.54 0.00
