#REFERENCE 0 87.3042530 -62.0775650
4.2 87.3063669 -62.0780708 0.073325 0.037196 116.96585 4.5000 0.70 
4.2 87.3044528 -62.0769787 0.097834 0.078188 12.10342 4.5000 -0.42 
4.2 87.3031857 -62.0764371 0.072000 0.072000 86.54085 4.5000 -0.00 
4.1 87.3063858 -62.0780575 0.063004 0.032077 125.31669 4.5000 1.11 
4.1 87.3032088 -62.0764253 0.069415 0.054762 170.25613 4.5000 0.43 
4.1 87.3044870 -62.0769682 0.075000 0.074999 139.86369 4.5000 0.00 
5.1 87.3063115 -62.0781047 0.059101 0.030979 127.25965 4.5000 1.13 
5.1 87.3031166 -62.0764667 0.065258 0.053965 171.30394 4.5000 0.42 
5.1 87.3043674 -62.0770113 0.072000 0.071999 139.36144 4.5000 0.00 
5.2 87.3062976 -62.0781039 0.071128 0.038320 118.96489 4.5000 0.67 
5.2 87.3043776 -62.0770241 0.095219 0.078946 12.21510 4.5000 -0.43 
5.2 87.3030928 -62.0764630 0.071000 0.070997 138.93659 4.5000 0.00 
