#REFERENCE 3 99.7096370 -53.9831290
1	-0.138879	-0.537109	-0.023491	0.118567	
1	-0.097656	-0.553577	-0.034850	0.124702	
1	-0.097656	-0.553577	-0.034850	0.124702	
1	-0.138879	-0.537109	-0.023491	0.118567	
1	-0.146484	-0.534351	-0.021406	0.117366	
1	-0.146484	-0.534351	-0.021406	0.117366	
1	-0.195312	-0.511940	-0.007280	0.108604	
1	-0.195312	-0.511940	-0.007280	0.108604	
1	-0.236309	-0.488281	0.005374	0.099827	
1	-0.236309	-0.488281	0.005374	0.099827	
1	-0.244141	-0.483874	0.007771	0.098063	
1	-0.244141	-0.483874	0.007771	0.098063	
1	-0.292969	-0.450947	0.023485	0.085664	
1	-0.292969	-0.450947	0.023485	0.085664	
1	-0.307516	-0.439453	0.028390	0.081484	
1	-0.307516	-0.439453	0.028390	0.081484	
1	-0.341797	-0.411294	0.039949	0.071009	
1	-0.341797	-0.411294	0.039949	0.071009	
1	-0.363878	-0.390625	0.047652	0.063509	
1	-0.363878	-0.390625	0.047652	0.063509	
1	-0.390625	-0.363373	0.057105	0.053678	
1	-0.390625	-0.363373	0.057105	0.053678	
1	-0.410013	-0.341797	0.064046	0.045978	
1	-0.410013	-0.341797	0.064046	0.045978	
1	-0.439453	-0.304555	0.074883	0.033030	
1	-0.439453	-0.304555	0.074883	0.033030	
1	-0.448225	-0.292969	0.078058	0.028998	
1	-0.448225	-0.292969	0.078058	0.028998	
1	-0.480111	-0.244141	0.090047	0.012620	
1	-0.480111	-0.244141	0.090047	0.012620	
1	-0.488281	-0.229084	0.093319	0.007786	
1	-0.488281	-0.229084	0.093319	0.007786	
1	-0.506968	-0.195312	0.100289	-0.003143	
1	-0.506968	-0.195312	0.100289	-0.003143	
1	-0.528702	-0.146484	0.108903	-0.018122	
1	-0.528702	-0.146484	0.108903	-0.018122	
1	-0.537109	-0.122420	0.112571	-0.025138	
1	-0.537109	-0.122420	0.112571	-0.025138	
1	-0.546567	-0.097656	0.116116	-0.032386	
1	-0.546567	-0.097656	0.116116	-0.032386	
1	-0.560808	-0.048828	0.122043	-0.045871	
1	-0.560808	-0.048828	0.122043	-0.045871	
1	-0.571049	0.000000	0.126776	-0.058485	
1	-0.571049	0.000000	0.126776	-0.058485	
1	-0.577709	0.048828	0.130437	-0.070239	
1	-0.577709	0.048828	0.130437	-0.070239	
1	-0.581049	0.097656	0.133125	-0.081128	
1	-0.581049	0.097656	0.133125	-0.081128	
1	-0.581173	0.146484	0.134921	-0.091137	
1	-0.581173	0.146484	0.134921	-0.091137	
1	-0.578009	0.195312	0.135899	-0.100248	
1	-0.578009	0.195312	0.135899	-0.100248	
1	-0.571252	0.244141	0.136124	-0.108453	
1	-0.571252	0.244141	0.136124	-0.108453	
1	-0.560218	0.292969	0.135654	-0.115762	
1	-0.560218	0.292969	0.135654	-0.115762	
1	-0.543487	0.341797	0.134519	-0.122228	
1	-0.543487	0.341797	0.134519	-0.122228	
1	-0.537109	0.356595	0.134041	-0.124033	
1	-0.537109	0.356595	0.134041	-0.124033	
1	-0.521578	0.390625	0.132716	-0.127866	
1	-0.521578	0.390625	0.132716	-0.127866	
1	-0.489782	0.439453	0.130099	-0.132853	
1	-0.489782	0.439453	0.130099	-0.132853	
1	-0.488281	0.441441	0.129972	-0.133042	
1	-0.488281	0.441441	0.129972	-0.133042	
1	-0.445565	0.488281	0.126297	-0.137265	
1	-0.445565	0.488281	0.126297	-0.137265	
1	-0.439453	0.493800	0.125755	-0.137735	
1	-0.439453	0.493800	0.125755	-0.137735	
1	-0.390625	0.528959	0.121261	-0.140686	
1	-0.390625	0.528959	0.121261	-0.140686	
1	-0.375213	0.537109	0.119765	-0.141388	
1	-0.375213	0.537109	0.119765	-0.141388	
1	-0.341797	0.553886	0.116247	-0.142660	
1	-0.341797	0.553886	0.116247	-0.142660	
1	-0.292969	0.570848	0.110584	-0.143889	
1	-0.292969	0.570848	0.110584	-0.143889	
1	-0.244141	0.581656	0.104149	-0.144436	
1	-0.244141	0.581656	0.104149	-0.144436	
1	-0.212775	0.585938	0.099569	-0.144419	
1	-0.212775	0.585938	0.099569	-0.144419	
1	-0.195312	0.588465	0.096870	-0.144280	
1	-0.195312	0.588465	0.096870	-0.144280	
1	-0.146484	0.591687	0.088733	-0.143371	
1	-0.146484	0.591687	0.088733	-0.143371	
1	-0.097656	0.590929	0.079709	-0.141637	
1	-0.097656	0.590929	0.079709	-0.141637	
1	-0.048828	0.586389	0.069778	-0.138992	
1	-0.048828	0.586389	0.069778	-0.138992	
1	-0.046309	0.585938	0.069234	-0.138827	
1	-0.046309	0.585938	0.069234	-0.138827	
1	0.000000	0.579174	0.059012	-0.135366	
1	0.000000	0.579174	0.059012	-0.135366	
1	0.048828	0.568414	0.047380	-0.130649	
1	0.048828	0.568414	0.047380	-0.130649	
1	0.097656	0.553577	0.034850	-0.124702	
1	0.097656	0.553577	0.034850	-0.124702	
1	0.138879	0.537109	0.023491	-0.118567	
1	0.138879	0.537109	0.023491	-0.118567	
1	0.146484	0.534351	0.021406	-0.117366	
1	0.146484	0.534351	0.021406	-0.117366	
1	0.195312	0.511940	0.007280	-0.108604	
1	0.195312	0.511940	0.007280	-0.108604	
1	0.236309	0.488281	-0.005374	-0.099827	
1	0.236309	0.488281	-0.005374	-0.099827	
1	0.244141	0.483874	-0.007771	-0.098063	
1	0.244141	0.483874	-0.007771	-0.098063	
1	0.292969	0.450947	-0.023485	-0.085664	
1	0.292969	0.450947	-0.023485	-0.085664	
1	0.307516	0.439453	-0.028390	-0.081484	
1	0.307516	0.439453	-0.028390	-0.081484	
1	0.341797	0.411294	-0.039949	-0.071009	
1	0.341797	0.411294	-0.039949	-0.071009	
1	0.363878	0.390625	-0.047652	-0.063509	
1	0.363878	0.390625	-0.047652	-0.063509	
1	0.390625	0.363373	-0.057105	-0.053678	
1	0.390625	0.363373	-0.057105	-0.053678	
1	0.410013	0.341797	-0.064046	-0.045978	
1	0.410013	0.341797	-0.064046	-0.045978	
1	0.439453	0.304555	-0.074883	-0.033030	
1	0.439453	0.304555	-0.074883	-0.033030	
1	0.448225	0.292969	-0.078058	-0.028998	
1	0.448225	0.292969	-0.078058	-0.028998	
1	0.480111	0.244141	-0.090047	-0.012620	
1	0.480111	0.244141	-0.090047	-0.012620	
1	0.488281	0.229084	-0.093319	-0.007786	
1	0.488281	0.229084	-0.093319	-0.007786	
1	0.506968	0.195312	-0.100289	0.003143	
1	0.506968	0.195312	-0.100289	0.003143	
1	0.528702	0.146484	-0.108903	0.018122	
1	0.528702	0.146484	-0.108903	0.018122	
1	0.537109	0.122420	-0.112571	0.025138	
1	0.537109	0.122420	-0.112571	0.025138	
1	0.546567	0.097656	-0.116116	0.032386	
1	0.546567	0.097656	-0.116116	0.032386	
1	0.560808	0.048828	-0.122043	0.045871	
1	0.560808	0.048828	-0.122043	0.045871	
1	0.571049	0.000000	-0.126776	0.058485	
1	0.571049	0.000000	-0.126776	0.058485	
1	0.577709	-0.048828	-0.130437	0.070239	
1	0.577709	-0.048828	-0.130437	0.070239	
1	0.581049	-0.097656	-0.133125	0.081128	
1	0.581049	-0.097656	-0.133125	0.081128	
1	0.581173	-0.146484	-0.134921	0.091137	
1	0.581173	-0.146484	-0.134921	0.091137	
1	0.578009	-0.195312	-0.135899	0.100248	
1	0.578009	-0.195312	-0.135899	0.100248	
1	0.571252	-0.244141	-0.136124	0.108453	
1	0.571252	-0.244141	-0.136124	0.108453	
1	0.560218	-0.292969	-0.135654	0.115762	
1	0.560218	-0.292969	-0.135654	0.115762	
1	0.543487	-0.341797	-0.134519	0.122228	
1	0.543487	-0.341797	-0.134519	0.122228	
1	0.537109	-0.356595	-0.134041	0.124033	
1	0.537109	-0.356595	-0.134041	0.124033	
1	0.521578	-0.390625	-0.132716	0.127866	
1	0.521578	-0.390625	-0.132716	0.127866	
1	0.489782	-0.439453	-0.130099	0.132853	
1	0.489782	-0.439453	-0.130099	0.132853	
1	0.488281	-0.441441	-0.129972	0.133042	
1	0.488281	-0.441441	-0.129972	0.133042	
1	0.445565	-0.488281	-0.126297	0.137265	
1	0.445565	-0.488281	-0.126297	0.137265	
1	0.439453	-0.493800	-0.125755	0.137735	
1	0.439453	-0.493800	-0.125755	0.137735	
1	0.390625	-0.528959	-0.121261	0.140686	
1	0.390625	-0.528959	-0.121261	0.140686	
1	0.375213	-0.537109	-0.119765	0.141388	
1	0.375213	-0.537109	-0.119765	0.141388	
1	0.341797	-0.553886	-0.116247	0.142660	
1	0.341797	-0.553886	-0.116247	0.142660	
1	0.292969	-0.570848	-0.110584	0.143889	
1	0.292969	-0.570848	-0.110584	0.143889	
1	0.244141	-0.581656	-0.104149	0.144436	
1	0.244141	-0.581656	-0.104149	0.144436	
1	0.212775	-0.585938	-0.099569	0.144419	
1	0.212775	-0.585938	-0.099569	0.144419	
1	0.195312	-0.588465	-0.096870	0.144280	
1	0.195312	-0.588465	-0.096870	0.144280	
1	0.146484	-0.591687	-0.088733	0.143371	
1	0.146484	-0.591687	-0.088733	0.143371	
1	0.097656	-0.590929	-0.079709	0.141637	
1	0.097656	-0.590929	-0.079709	0.141637	
1	0.048828	-0.586389	-0.069778	0.138992	
1	0.048828	-0.586389	-0.069778	0.138992	
1	0.046309	-0.585938	-0.069234	0.138827	
1	0.046309	-0.585938	-0.069234	0.138827	
1	0.000000	-0.579174	-0.059012	0.135366	
1	0.000000	-0.579174	-0.059012	0.135366	
1	-0.048828	-0.568414	-0.047380	0.130649	
1	-0.048828	-0.568414	-0.047380	0.130649	
