#REFERENCE 3 99.7096370 -53.9831290
1.1 0.093 -0.073 0.032 0.001 100.18 4.500 6.59 -0.881 -0.052 3.73 2.85
1.1 0.093 -0.073 0.032 0.001 100.18 4.500 6.59 1.129 -1.086 2.31 4.27
1.1 0.093 -0.073 0.032 0.001 100.18 4.500 6.59 -0.260 0.140 2.96 3.63
1.2 0.088 -0.072 0.031 0.005 85.39 4.500 4.57 -0.473 0.961 4.72 -0.15
1.2 0.088 -0.072 0.031 0.005 85.39 4.500 4.57 -0.473 0.961 4.72 -0.15
1.2 0.088 -0.072 0.031 0.005 85.39 4.500 4.57 1.115 -1.091 2.33 2.24
1.2 0.088 -0.072 0.031 0.005 85.39 4.500 4.57 -0.897 -0.068 3.70 0.87
1.2 0.088 -0.072 0.031 0.005 85.39 4.500 4.57 -0.240 0.143 2.90 1.67
1.2 0.088 -0.072 0.031 0.005 85.39 4.500 4.57 -0.047 1.019 4.57 -0.00
1.3 -0.092 0.072 0.033 0.002 105.00 4.500 5.35 0.884 0.061 3.71 1.63
1.3 -0.092 0.072 0.033 0.002 105.00 4.500 5.35 -1.126 1.085 2.32 3.03
1.3 -0.092 0.072 0.033 0.002 105.00 4.500 5.35 0.141 -1.024 5.27 0.08
1.3 -0.092 0.072 0.033 0.002 105.00 4.500 5.35 0.255 -0.138 2.94 2.41
2.1 0.057 -0.092 0.035 0.004 156.07 4.500 4.61 0.192 0.867 3.60 1.01
2.1 0.057 -0.092 0.035 0.004 156.07 4.500 4.61 -1.036 0.083 4.48 0.12
2.1 0.057 -0.092 0.035 0.004 156.07 4.500 4.61 0.972 -1.205 2.35 2.25
2.1 0.057 -0.092 0.035 0.004 156.07 4.500 4.61 -0.095 0.252 2.87 1.74
2.1 0.057 -0.092 0.035 0.004 156.07 4.500 4.61 -0.960 0.521 4.61 0.00
2.2 -0.028 -0.058 0.027 0.016 137.20 4.500 3.41 -0.989 -0.626 3.40 0.01
2.2 -0.028 -0.058 0.027 0.016 137.20 4.500 3.41 -1.176 0.579 3.22 0.19
2.2 -0.028 -0.058 0.027 0.016 137.20 4.500 3.41 0.639 -1.252 2.80 0.62
2.2 -0.028 -0.058 0.027 0.016 137.20 4.500 3.41 0.180 0.242 3.02 0.40
2.2 -0.028 -0.058 0.027 0.016 137.20 4.500 3.41 0.496 0.576 3.41 -0.00
