#REFERENCE 3 203.8541010 41.0050560
1	0.000000	-5.626102	0.347301	-3.114667	
1	-0.013158	-5.615234	0.347334	-3.104385	
1	-0.013158	-5.615234	0.347334	-3.104385	
1	0.000000	-5.626102	0.347301	-3.114667	
1	0.048828	-5.663005	0.347385	-3.149849	
1	0.048828	-5.663005	0.347385	-3.149849	
1	0.050368	-5.664062	0.347392	-3.150864	
1	0.050368	-5.664062	0.347392	-3.150864	
1	0.097656	-5.696639	0.347745	-3.182351	
1	0.097656	-5.696639	0.347745	-3.182351	
1	0.123988	-5.712891	0.348026	-3.198257	
1	0.123988	-5.712891	0.348026	-3.198257	
1	0.146484	-5.726843	0.348329	-3.212005	
1	0.146484	-5.726843	0.348329	-3.212005	
1	0.195312	-5.753675	0.349086	-3.238856	
1	0.195312	-5.753675	0.349086	-3.238856	
1	0.212100	-5.761719	0.349364	-3.247055	
1	0.212100	-5.761719	0.349364	-3.247055	
1	0.244141	-5.777195	0.349970	-3.262950	
1	0.244141	-5.777195	0.349970	-3.262950	
1	0.292969	-5.797317	0.350929	-3.284198	
1	0.292969	-5.797317	0.350929	-3.284198	
1	0.331738	-5.810547	0.351693	-3.298730	
1	0.331738	-5.810547	0.351693	-3.298730	
1	0.341797	-5.814018	0.351912	-3.302576	
1	0.341797	-5.814018	0.351912	-3.302576	
1	0.390625	-5.827395	0.352878	-3.318174	
1	0.390625	-5.827395	0.352878	-3.318174	
1	0.439453	-5.837282	0.353768	-3.330833	
1	0.439453	-5.837282	0.353768	-3.330833	
1	0.488281	-5.843660	0.354532	-3.340541	
1	0.488281	-5.843660	0.354532	-3.340541	
1	0.537109	-5.846493	0.355118	-3.347268	
1	0.537109	-5.846493	0.355118	-3.347268	
1	0.585938	-5.845723	0.355471	-3.350969	
1	0.585938	-5.845723	0.355471	-3.350969	
1	0.634766	-5.841272	0.355533	-3.351581	
1	0.634766	-5.841272	0.355533	-3.351581	
1	0.683594	-5.833039	0.355242	-3.349024	
1	0.683594	-5.833039	0.355242	-3.349024	
1	0.732422	-5.820904	0.354531	-3.343202	
1	0.732422	-5.820904	0.354531	-3.343202	
1	0.763830	-5.810547	0.353765	-3.337282	
1	0.763830	-5.810547	0.353765	-3.337282	
1	0.781250	-5.804781	0.353333	-3.334055	
1	0.781250	-5.804781	0.353333	-3.334055	
1	0.830078	-5.784580	0.351580	-3.321527	
1	0.830078	-5.784580	0.351580	-3.321527	
1	0.875539	-5.761719	0.349343	-3.306487	
1	0.875539	-5.761719	0.349343	-3.306487	
1	0.878906	-5.760011	0.349173	-3.305376	
1	0.878906	-5.760011	0.349173	-3.305376	
1	0.927734	-5.731081	0.346047	-3.285643	
1	0.927734	-5.731081	0.346047	-3.285643	
1	0.954295	-5.712891	0.343925	-3.272843	
1	0.954295	-5.712891	0.343925	-3.272843	
1	0.976562	-5.697440	0.342083	-3.262046	
1	0.976562	-5.697440	0.342083	-3.262046	
1	1.018924	-5.664062	0.337847	-3.238134	
1	1.018924	-5.664062	0.337847	-3.238134	
1	1.025391	-5.658886	0.337175	-3.234446	
1	1.025391	-5.658886	0.337175	-3.234446	
1	1.074156	-5.615234	0.331213	-3.202719	
1	1.074156	-5.615234	0.331213	-3.202719	
1	1.074219	-5.615177	0.331205	-3.202678	
1	1.074219	-5.615177	0.331205	-3.202678	
1	1.122662	-5.566406	0.324093	-3.166821	
1	1.122662	-5.566406	0.324093	-3.166821	
1	1.123047	-5.566010	0.324034	-3.166530	
1	1.123047	-5.566010	0.324034	-3.166530	
1	1.166166	-5.517578	0.316540	-3.130597	
1	1.166166	-5.517578	0.316540	-3.130597	
1	1.171875	-5.511009	0.315501	-3.125740	
1	1.171875	-5.511009	0.315501	-3.125740	
1	1.205824	-5.468750	0.308596	-3.094165	
1	1.205824	-5.468750	0.308596	-3.094165	
1	1.220703	-5.449723	0.305414	-3.079989	
1	1.220703	-5.449723	0.305414	-3.079989	
1	1.242424	-5.419922	0.300292	-3.057605	
1	1.242424	-5.419922	0.300292	-3.057605	
1	1.269531	-5.381606	0.293551	-3.028900	
1	1.269531	-5.381606	0.293551	-3.028900	
1	1.276515	-5.371094	0.291656	-3.020975	
1	1.276515	-5.371094	0.291656	-3.020975	
1	1.308156	-5.322266	0.282688	-2.984240	
1	1.308156	-5.322266	0.282688	-2.984240	
1	1.318359	-5.306064	0.279653	-2.972076	
1	1.318359	-5.306064	0.279653	-2.972076	
1	1.337803	-5.273438	0.273413	-2.947463	
1	1.337803	-5.273438	0.273413	-2.947463	
1	1.365886	-5.224609	0.263856	-2.910711	
1	1.365886	-5.224609	0.263856	-2.910711	
1	1.367188	-5.222296	0.263396	-2.908972	
1	1.367188	-5.222296	0.263396	-2.908972	
1	1.392121	-5.175781	0.253998	-2.873892	
1	1.392121	-5.175781	0.253998	-2.873892	
1	1.416016	-5.129355	0.244390	-2.838959	
1	1.416016	-5.129355	0.244390	-2.838959	
1	1.417200	-5.126953	0.243885	-2.837148	
1	1.417200	-5.126953	0.243885	-2.837148	
1	1.440763	-5.078125	0.233491	-2.800374	
1	1.440763	-5.078125	0.233491	-2.800374	
1	1.463348	-5.029297	0.222856	-2.763688	
1	1.463348	-5.029297	0.222856	-2.763688	
1	1.464844	-5.025987	0.222126	-2.761204	
1	1.464844	-5.025987	0.222126	-2.761204	
1	1.484683	-4.980469	0.211959	-2.727008	
1	1.484683	-4.980469	0.211959	-2.727008	
1	1.505117	-4.931641	0.200827	-2.690410	
1	1.505117	-4.931641	0.200827	-2.690410	
1	1.513672	-4.910543	0.195945	-2.674622	
1	1.513672	-4.910543	0.195945	-2.674622	
1	1.524583	-4.882812	0.189455	-2.653868	
1	1.524583	-4.882812	0.189455	-2.653868	
1	1.543161	-4.833984	0.177851	-2.617395	
1	1.543161	-4.833984	0.177851	-2.617395	
1	1.560967	-4.785156	0.166024	-2.581013	
1	1.560967	-4.785156	0.166024	-2.581013	
1	1.562500	-4.780841	0.164967	-2.577800	
1	1.562500	-4.780841	0.164967	-2.577800	
1	1.577939	-4.736328	0.153968	-2.544699	
1	1.577939	-4.736328	0.153968	-2.544699	
1	1.594199	-4.687500	0.141697	-2.508480	
1	1.594199	-4.687500	0.141697	-2.508480	
1	1.609774	-4.638672	0.129212	-2.472361	
1	1.609774	-4.638672	0.129212	-2.472361	
1	1.611328	-4.633663	0.127918	-2.468659	
1	1.611328	-4.633663	0.127918	-2.468659	
1	1.624675	-4.589844	0.116514	-2.436337	
1	1.624675	-4.589844	0.116514	-2.436337	
1	1.638946	-4.541016	0.103610	-2.400420	
1	1.638946	-4.541016	0.103610	-2.400420	
1	1.652606	-4.492188	0.090500	-2.364611	
1	1.652606	-4.492188	0.090500	-2.364611	
1	1.660156	-4.464161	0.082882	-2.344100	
1	1.660156	-4.464161	0.082882	-2.344100	
1	1.665690	-4.443359	0.077190	-2.328916	
1	1.665690	-4.443359	0.077190	-2.328916	
1	1.678232	-4.394531	0.063683	-2.293346	
1	1.678232	-4.394531	0.063683	-2.293346	
1	1.690224	-4.345703	0.049979	-2.257894	
1	1.690224	-4.345703	0.049979	-2.257894	
1	1.701678	-4.296875	0.036080	-2.222562	
1	1.701678	-4.296875	0.036080	-2.222562	
1	1.708984	-4.264397	0.026724	-2.199123	
1	1.708984	-4.264397	0.026724	-2.199123	
1	1.712639	-4.248047	0.021991	-2.187363	
1	1.712639	-4.248047	0.021991	-2.187363	
1	1.723155	-4.199219	0.007719	-2.152313	
1	1.723155	-4.199219	0.007719	-2.152313	
1	1.733183	-4.150391	-0.006741	-2.117395	
1	1.733183	-4.150391	-0.006741	-2.117395	
1	1.742732	-4.101562	-0.021387	-2.082613	
1	1.742732	-4.101562	-0.021387	-2.082613	
1	1.751814	-4.052734	-0.036218	-2.047969	
1	1.751814	-4.052734	-0.036218	-2.047969	
1	1.757812	-4.018918	-0.046600	-2.024052	
1	1.757812	-4.018918	-0.046600	-2.024052	
1	1.760476	-4.003906	-0.051226	-2.013480	
1	1.760476	-4.003906	-0.051226	-2.013480	
1	1.768773	-3.955078	-0.066402	-1.979165	
1	1.768773	-3.955078	-0.066402	-1.979165	
1	1.776640	-3.906250	-0.081756	-1.945001	
1	1.776640	-3.906250	-0.081756	-1.945001	
1	1.784084	-3.857422	-0.097285	-1.910993	
1	1.784084	-3.857422	-0.097285	-1.910993	
1	1.791114	-3.808594	-0.112988	-1.877144	
1	1.791114	-3.808594	-0.112988	-1.877144	
1	1.797738	-3.759766	-0.128862	-1.843457	
1	1.797738	-3.759766	-0.128862	-1.843457	
1	1.803966	-3.710938	-0.144907	-1.809938	
1	1.803966	-3.710938	-0.144907	-1.809938	
1	1.806641	-3.688691	-0.152278	-1.794711	
1	1.806641	-3.688691	-0.152278	-1.794711	
1	1.809864	-3.662109	-0.161108	-1.776611	
1	1.809864	-3.662109	-0.161108	-1.776611	
1	1.815430	-3.613281	-0.177466	-1.743477	
1	1.815430	-3.613281	-0.177466	-1.743477	
1	1.820619	-3.564453	-0.193987	-1.710524	
1	1.820619	-3.564453	-0.193987	-1.710524	
1	1.825439	-3.515625	-0.210669	-1.677754	
1	1.825439	-3.515625	-0.210669	-1.677754	
1	1.829894	-3.466797	-0.227510	-1.645172	
1	1.829894	-3.466797	-0.227510	-1.645172	
1	1.833990	-3.417969	-0.244507	-1.612783	
1	1.833990	-3.417969	-0.244507	-1.612783	
1	1.837732	-3.369141	-0.261659	-1.580591	
1	1.837732	-3.369141	-0.261659	-1.580591	
1	1.841126	-3.320312	-0.278963	-1.548600	
1	1.841126	-3.320312	-0.278963	-1.548600	
1	1.844174	-3.271484	-0.296417	-1.516815	
1	1.844174	-3.271484	-0.296417	-1.516815	
1	1.846882	-3.222656	-0.314018	-1.485241	
1	1.846882	-3.222656	-0.314018	-1.485241	
1	1.849253	-3.173828	-0.331765	-1.453882	
1	1.849253	-3.173828	-0.331765	-1.453882	
1	1.851290	-3.125000	-0.349654	-1.422742	
1	1.851290	-3.125000	-0.349654	-1.422742	
1	1.852996	-3.076172	-0.367684	-1.391826	
1	1.852996	-3.076172	-0.367684	-1.391826	
1	1.854374	-3.027344	-0.385851	-1.361140	
1	1.854374	-3.027344	-0.385851	-1.361140	
1	1.855425	-2.978516	-0.404153	-1.330688	
1	1.855425	-2.978516	-0.404153	-1.330688	
1	1.855469	-2.975608	-0.405249	-1.328878	
1	1.855469	-2.975608	-0.405249	-1.328878	
1	1.856172	-2.929688	-0.422583	-1.300481	
1	1.856172	-2.929688	-0.422583	-1.300481	
1	1.856587	-2.880859	-0.441144	-1.270515	
1	1.856587	-2.880859	-0.441144	-1.270515	
1	1.856671	-2.832031	-0.459834	-1.240793	
1	1.856671	-2.832031	-0.459834	-1.240793	
1	1.856423	-2.783203	-0.478650	-1.211321	
1	1.856423	-2.783203	-0.478650	-1.211321	
1	1.855844	-2.734375	-0.497589	-1.182102	
1	1.855844	-2.734375	-0.497589	-1.182102	
1	1.855469	-2.714348	-0.505402	-1.170176	
1	1.855469	-2.714348	-0.505402	-1.170176	
1	1.854947	-2.685547	-0.516645	-1.153147	
1	1.854947	-2.685547	-0.516645	-1.153147	
1	1.853737	-2.636719	-0.535813	-1.124464	
1	1.853737	-2.636719	-0.535813	-1.124464	
1	1.852202	-2.587891	-0.555093	-1.096052	
1	1.852202	-2.587891	-0.555093	-1.096052	
1	1.850340	-2.539062	-0.574482	-1.067917	
1	1.850340	-2.539062	-0.574482	-1.067917	
1	1.848147	-2.490234	-0.593976	-1.040063	
1	1.848147	-2.490234	-0.593976	-1.040063	
1	1.845622	-2.441406	-0.613573	-1.012494	
1	1.845622	-2.441406	-0.613573	-1.012494	
1	1.842761	-2.392578	-0.633268	-0.985216	
1	1.842761	-2.392578	-0.633268	-0.985216	
1	1.839559	-2.343750	-0.653059	-0.958232	
1	1.839559	-2.343750	-0.653059	-0.958232	
1	1.836012	-2.294922	-0.672943	-0.931549	
1	1.836012	-2.294922	-0.672943	-0.931549	
1	1.832115	-2.246094	-0.692914	-0.905169	
1	1.832115	-2.246094	-0.692914	-0.905169	
1	1.827861	-2.197266	-0.712971	-0.879099	
1	1.827861	-2.197266	-0.712971	-0.879099	
1	1.823246	-2.148438	-0.733109	-0.853342	
1	1.823246	-2.148438	-0.733109	-0.853342	
1	1.818261	-2.099609	-0.753324	-0.827904	
1	1.818261	-2.099609	-0.753324	-0.827904	
1	1.812901	-2.050781	-0.773613	-0.802789	
1	1.812901	-2.050781	-0.773613	-0.802789	
1	1.807156	-2.001953	-0.793971	-0.778003	
1	1.807156	-2.001953	-0.793971	-0.778003	
1	1.806641	-1.997826	-0.795699	-0.775918	
1	1.806641	-1.997826	-0.795699	-0.775918	
1	1.801198	-1.953125	-0.814337	-0.753617	
1	1.801198	-1.953125	-0.814337	-0.753617	
1	1.794868	-1.904297	-0.834753	-0.729580	
1	1.794868	-1.904297	-0.834753	-0.729580	
1	1.788138	-1.855469	-0.855219	-0.705890	
1	1.788138	-1.855469	-0.855219	-0.705890	
1	1.780999	-1.806641	-0.875731	-0.682553	
1	1.780999	-1.806641	-0.875731	-0.682553	
1	1.773441	-1.757812	-0.896283	-0.659573	
1	1.773441	-1.757812	-0.896283	-0.659573	
1	1.765453	-1.708984	-0.916869	-0.636957	
1	1.765453	-1.708984	-0.916869	-0.636957	
1	1.757812	-1.664676	-0.935577	-0.616751	
1	1.757812	-1.664676	-0.935577	-0.616751	
1	1.757049	-1.660156	-0.937474	-0.614720	
1	1.757049	-1.660156	-0.937474	-0.614720	
1	1.748434	-1.611328	-0.958018	-0.592946	
1	1.748434	-1.611328	-0.958018	-0.592946	
1	1.739363	-1.562500	-0.978573	-0.571555	
1	1.739363	-1.562500	-0.978573	-0.571555	
1	1.729821	-1.513672	-0.999129	-0.550554	
1	1.729821	-1.513672	-0.999129	-0.550554	
1	1.719798	-1.464844	-1.019680	-0.529951	
1	1.719798	-1.464844	-1.019680	-0.529951	
1	1.709282	-1.416016	-1.040214	-0.509754	
1	1.709282	-1.416016	-1.040214	-0.509754	
1	1.708984	-1.414679	-1.040777	-0.509206	
1	1.708984	-1.414679	-1.040777	-0.509206	
1	1.698546	-1.367188	-1.060622	-0.490067	
1	1.698546	-1.367188	-1.060622	-0.490067	
1	1.687298	-1.318359	-1.080988	-0.470803	
1	1.687298	-1.318359	-1.080988	-0.470803	
1	1.675520	-1.269531	-1.101305	-0.451969	
1	1.675520	-1.269531	-1.101305	-0.451969	
1	1.663202	-1.220703	-1.121556	-0.433575	
1	1.663202	-1.220703	-1.121556	-0.433575	
1	1.660156	-1.208981	-1.126408	-0.429224	
1	1.660156	-1.208981	-1.126408	-0.429224	
1	1.650549	-1.171875	-1.141648	-0.415702	
1	1.650549	-1.171875	-1.141648	-0.415702	
1	1.637391	-1.123047	-1.161622	-0.398307	
1	1.637391	-1.123047	-1.161622	-0.398307	
1	1.623653	-1.074219	-1.181483	-0.381384	
1	1.623653	-1.074219	-1.181483	-0.381384	
1	1.611328	-1.032065	-1.198517	-0.367165	
1	1.611328	-1.032065	-1.198517	-0.367165	
1	1.609366	-1.025391	-1.201194	-0.364956	
1	1.609366	-1.025391	-1.201194	-0.364956	
1	1.594676	-0.976562	-1.220677	-0.349083	
1	1.594676	-0.976562	-1.220677	-0.349083	
1	1.579369	-0.927734	-1.239982	-0.333718	
1	1.579369	-0.927734	-1.239982	-0.333718	
1	1.563458	-0.878906	-1.259073	-0.318883	
1	1.563458	-0.878906	-1.259073	-0.318883	
1	1.562500	-0.876001	-1.260199	-0.318019	
1	1.562500	-0.876001	-1.260199	-0.318019	
1	1.547044	-0.830078	-1.277883	-0.304621	
1	1.547044	-0.830078	-1.277883	-0.304621	
1	1.530002	-0.781250	-1.296420	-0.290919	
1	1.530002	-0.781250	-1.296420	-0.290919	
1	1.513672	-0.735946	-1.313326	-0.278732	
1	1.513672	-0.735946	-1.313326	-0.278732	
1	1.512360	-0.732422	-1.314635	-0.277801	
1	1.512360	-0.732422	-1.314635	-0.277801	
1	1.494037	-0.683594	-1.332517	-0.265269	
1	1.494037	-0.683594	-1.332517	-0.265269	
1	1.475119	-0.634766	-1.349990	-0.253362	
1	1.475119	-0.634766	-1.349990	-0.253362	
1	1.464844	-0.608571	-1.359139	-0.247265	
1	1.464844	-0.608571	-1.359139	-0.247265	
1	1.455494	-0.585938	-1.367042	-0.242077	
1	1.455494	-0.585938	-1.367042	-0.242077	
1	1.435121	-0.537109	-1.383634	-0.231427	
1	1.435121	-0.537109	-1.383634	-0.231427	
1	1.416016	-0.492138	-1.398358	-0.222263	
1	1.416016	-0.492138	-1.398358	-0.222263	
1	1.414252	-0.488281	-1.399628	-0.221485	
1	1.414252	-0.488281	-1.399628	-0.221485	
1	1.392212	-0.439453	-1.415169	-0.212148	
1	1.392212	-0.439453	-1.415169	-0.212148	
1	1.369925	-0.390625	-1.429907	-0.203605	
1	1.369925	-0.390625	-1.429907	-0.203605	
1	1.367188	-0.384448	-1.431683	-0.202597	
1	1.367188	-0.384448	-1.431683	-0.202597	
1	1.346165	-0.341797	-1.444120	-0.195678	
1	1.346165	-0.341797	-1.444120	-0.195678	
1	1.322332	-0.292969	-1.457334	-0.188611	
1	1.322332	-0.292969	-1.457334	-0.188611	
1	1.318359	-0.284418	-1.459488	-0.187489	
1	1.318359	-0.284418	-1.459488	-0.187489	
1	1.296682	-0.244141	-1.469911	-0.182187	
1	1.296682	-0.244141	-1.469911	-0.182187	
1	1.271447	-0.195312	-1.481202	-0.176711	
1	1.271447	-0.195312	-1.481202	-0.176711	
1	1.269531	-0.191264	-1.482045	-0.176315	
1	1.269531	-0.191264	-1.482045	-0.176315	
1	1.243461	-0.146484	-1.491804	-0.171868	
1	1.243461	-0.146484	-1.491804	-0.171868	
1	1.220703	-0.103447	-1.499627	-0.168529	
1	1.220703	-0.103447	-1.499627	-0.168529	
1	1.216531	-0.097656	-1.500795	-0.168051	
1	1.216531	-0.097656	-1.500795	-0.168051	
1	1.186583	-0.048828	-1.508794	-0.164961	
1	1.186583	-0.048828	-1.508794	-0.164961	
1	1.171875	-0.018942	-1.512381	-0.163713	
1	1.171875	-0.018942	-1.512381	-0.163713	
1	1.156292	0.000000	-1.515151	-0.162832	
1	1.115063	0.195312	-1.519253	-0.160520	
1	1.123047	0.208069	-1.518045	-0.159947	
1	1.123047	0.208069	-1.518045	-0.159947	
1	1.132238	0.244141	-1.515335	-0.158522	
1	1.132238	0.244141	-1.515335	-0.158522	
1	1.148377	0.292969	-1.510294	-0.155545	
1	1.148377	0.292969	-1.510294	-0.155545	
1	1.165930	0.341797	-1.503916	-0.151408	
1	1.165930	0.341797	-1.503916	-0.151408	
1	1.171875	0.357005	-1.501627	-0.149852	
1	1.171875	0.357005	-1.501627	-0.149852	
1	1.181408	0.390625	-1.496726	-0.146418	
1	1.181408	0.390625	-1.496726	-0.146418	
1	1.196041	0.439453	-1.488675	-0.140520	
1	1.196041	0.439453	-1.488675	-0.140520	
1	1.210602	0.488281	-1.479712	-0.133644	
1	1.210602	0.488281	-1.479712	-0.133644	
1	1.220703	0.522445	-1.472937	-0.128260	
1	1.220703	0.522445	-1.472937	-0.128260	
1	1.224383	0.537109	-1.470027	-0.125903	
1	1.224383	0.537109	-1.470027	-0.125903	
1	1.236924	0.585938	-1.459784	-0.117407	
1	1.236924	0.585938	-1.459784	-0.117407	
1	1.249066	0.634766	-1.448891	-0.108057	
1	1.249066	0.634766	-1.448891	-0.108057	
1	1.260678	0.683594	-1.437427	-0.097895	
1	1.260678	0.683594	-1.437427	-0.097895	
1	1.269531	0.722509	-1.427923	-0.089234	
1	1.269531	0.722509	-1.427923	-0.089234	
1	1.271612	0.732422	-1.425479	-0.086974	
1	1.271612	0.732422	-1.425479	-0.086974	
1	1.281729	0.781250	-1.413128	-0.075350	
1	1.281729	0.781250	-1.413128	-0.075350	
1	1.291314	0.830078	-1.400358	-0.062991	
1	1.291314	0.830078	-1.400358	-0.062991	
1	1.300333	0.878906	-1.387219	-0.049925	
1	1.300333	0.878906	-1.387219	-0.049925	
1	1.308769	0.927734	-1.373753	-0.036177	
1	1.308769	0.927734	-1.373753	-0.036177	
1	1.316617	0.976562	-1.359999	-0.021771	
1	1.316617	0.976562	-1.359999	-0.021771	
1	1.318359	0.987992	-1.356744	-0.018308	
1	1.318359	0.987992	-1.356744	-0.018308	
1	1.323919	1.025391	-1.345980	-0.006716	
1	1.323919	1.025391	-1.345980	-0.006716	
1	1.330697	1.074219	-1.331723	0.008973	
1	1.330697	1.074219	-1.331723	0.008973	
1	1.336944	1.123047	-1.317257	0.025278	
1	1.336944	1.123047	-1.317257	0.025278	
1	1.342667	1.171875	-1.302608	0.042182	
1	1.342667	1.171875	-1.302608	0.042182	
1	1.347873	1.220703	-1.287800	0.059669	
1	1.347873	1.220703	-1.287800	0.059669	
1	1.352571	1.269531	-1.272853	0.077726	
1	1.352571	1.269531	-1.272853	0.077726	
1	1.356773	1.318359	-1.257788	0.096340	
1	1.356773	1.318359	-1.257788	0.096340	
1	1.360490	1.367188	-1.242620	0.115499	
1	1.360490	1.367188	-1.242620	0.115499	
1	1.363733	1.416016	-1.227368	0.135192	
1	1.363733	1.416016	-1.227368	0.135192	
1	1.366514	1.464844	-1.212045	0.155409	
1	1.366514	1.464844	-1.212045	0.155409	
1	1.367188	1.478824	-1.207656	0.161281	
1	1.367188	1.478824	-1.207656	0.161281	
1	1.368891	1.513672	-1.196656	0.176154	
1	1.368891	1.513672	-1.196656	0.176154	
1	1.370838	1.562500	-1.181222	0.197405	
1	1.370838	1.562500	-1.181222	0.197405	
1	1.372342	1.611328	-1.165761	0.219148	
1	1.372342	1.611328	-1.165761	0.219148	
1	1.373413	1.660156	-1.150284	0.241372	
1	1.373413	1.660156	-1.150284	0.241372	
1	1.374056	1.708984	-1.134804	0.264068	
1	1.374056	1.708984	-1.134804	0.264068	
1	1.374279	1.757812	-1.119331	0.287227	
1	1.374279	1.757812	-1.119331	0.287227	
1	1.374086	1.806641	-1.103875	0.310840	
1	1.374086	1.806641	-1.103875	0.310840	
1	1.373485	1.855469	-1.088445	0.334897	
1	1.373485	1.855469	-1.088445	0.334897	
1	1.372479	1.904297	-1.073052	0.359391	
1	1.372479	1.904297	-1.073052	0.359391	
1	1.371073	1.953125	-1.057703	0.384313	
1	1.371073	1.953125	-1.057703	0.384313	
1	1.369270	2.001953	-1.042407	0.409654	
1	1.369270	2.001953	-1.042407	0.409654	
1	1.367188	2.048253	-1.027961	0.434061	
1	1.367188	2.048253	-1.027961	0.434061	
1	1.367078	2.050781	-1.027172	0.435408	
1	1.367078	2.050781	-1.027172	0.435408	
1	1.364576	2.099609	-1.011989	0.461592	
1	1.364576	2.099609	-1.011989	0.461592	
1	1.361699	2.148438	-0.996881	0.488175	
1	1.361699	2.148438	-0.996881	0.488175	
1	1.358447	2.197266	-0.981854	0.515150	
1	1.358447	2.197266	-0.981854	0.515150	
1	1.354821	2.246094	-0.966914	0.542510	
1	1.354821	2.246094	-0.966914	0.542510	
1	1.350822	2.294922	-0.952068	0.570245	
1	1.350822	2.294922	-0.952068	0.570245	
1	1.346450	2.343750	-0.937321	0.598349	
1	1.346450	2.343750	-0.937321	0.598349	
1	1.341705	2.392578	-0.922681	0.626815	
1	1.341705	2.392578	-0.922681	0.626815	
1	1.336585	2.441406	-0.908151	0.655635	
1	1.336585	2.441406	-0.908151	0.655635	
1	1.331091	2.490234	-0.893738	0.684802	
1	1.331091	2.490234	-0.893738	0.684802	
1	1.325219	2.539062	-0.879445	0.714309	
1	1.325219	2.539062	-0.879445	0.714309	
1	1.318970	2.587891	-0.865279	0.744150	
1	1.318970	2.587891	-0.865279	0.744150	
1	1.318359	2.592413	-0.863975	0.746926	
1	1.318359	2.592413	-0.863975	0.746926	
1	1.312527	2.636719	-0.851216	0.774375	
1	1.312527	2.636719	-0.851216	0.774375	
1	1.305728	2.685547	-0.837286	0.804927	
1	1.305728	2.685547	-0.837286	0.804927	
1	1.298552	2.734375	-0.823494	0.835795	
1	1.298552	2.734375	-0.823494	0.835795	
1	1.290996	2.783203	-0.809845	0.866973	
1	1.290996	2.783203	-0.809845	0.866973	
1	1.283056	2.832031	-0.796343	0.898454	
1	1.283056	2.832031	-0.796343	0.898454	
1	1.274730	2.880859	-0.782990	0.930232	
1	1.274730	2.880859	-0.782990	0.930232	
1	1.269531	2.910085	-0.775074	0.949384	
1	1.269531	2.910085	-0.775074	0.949384	
1	1.266115	2.929688	-0.769778	0.962331	
1	1.266115	2.929688	-0.769778	0.962331	
1	1.257260	2.978516	-0.756706	0.994761	
1	1.257260	2.978516	-0.756706	0.994761	
1	1.248012	3.027344	-0.743793	1.027471	
1	1.248012	3.027344	-0.743793	1.027471	
1	1.238367	3.076172	-0.731044	1.060457	
1	1.238367	3.076172	-0.731044	1.060457	
1	1.228320	3.125000	-0.718460	1.093713	
1	1.228320	3.125000	-0.718460	1.093713	
1	1.220703	3.160680	-0.709373	1.118178	
1	1.220703	3.160680	-0.709373	1.118178	
1	1.217941	3.173828	-0.706037	1.127256	
1	1.217941	3.173828	-0.706037	1.127256	
1	1.207354	3.222656	-0.693765	1.161115	
1	1.207354	3.222656	-0.693765	1.161115	
1	1.196353	3.271484	-0.681668	1.195229	
1	1.196353	3.271484	-0.681668	1.195229	
1	1.184934	3.320312	-0.669747	1.229595	
1	1.184934	3.320312	-0.669747	1.229595	
1	1.173092	3.369141	-0.658004	1.264208	
1	1.173092	3.369141	-0.658004	1.264208	
1	1.171875	3.374034	-0.656838	1.267689	
1	1.171875	3.374034	-0.656838	1.267689	
1	1.161077	3.417969	-0.646421	1.299131	
1	1.161077	3.417969	-0.646421	1.299131	
1	1.148656	3.466797	-0.635018	1.334299	
1	1.148656	3.466797	-0.635018	1.334299	
1	1.135796	3.515625	-0.623801	1.369702	
1	1.135796	3.515625	-0.623801	1.369702	
1	1.123047	3.562441	-0.613223	1.403863	
1	1.123047	3.562441	-0.613223	1.403863	
1	1.122503	3.564453	-0.612771	1.405339	
1	1.122503	3.564453	-0.612771	1.405339	
1	1.109030	3.613281	-0.601910	1.441270	
1	1.109030	3.613281	-0.601910	1.441270	
1	1.095099	3.662109	-0.591241	1.477424	
1	1.095099	3.662109	-0.591241	1.477424	
1	1.080705	3.710938	-0.580765	1.513799	
1	1.080705	3.710938	-0.580765	1.513799	
1	1.074219	3.732409	-0.576220	1.529862	
1	1.074219	3.732409	-0.576220	1.529862	
1	1.065993	3.759766	-0.570475	1.550428	
1	1.065993	3.759766	-0.570475	1.550428	
1	1.050922	3.808594	-0.560374	1.587298	
1	1.050922	3.808594	-0.560374	1.587298	
1	1.035366	3.857422	-0.550473	1.624380	
1	1.035366	3.857422	-0.550473	1.624380	
1	1.025391	3.887941	-0.544387	1.647663	
1	1.025391	3.887941	-0.544387	1.647663	
1	1.019414	3.906250	-0.540767	1.661692	
1	1.019414	3.906250	-0.540767	1.661692	
1	1.003119	3.955078	-0.531256	1.699246	
1	1.003119	3.955078	-0.531256	1.699246	
1	0.986316	4.003906	-0.521949	1.737004	
1	0.986316	4.003906	-0.521949	1.737004	
1	0.976562	4.031590	-0.516764	1.758502	
1	0.976562	4.031590	-0.516764	1.758502	
1	0.969097	4.052734	-0.512844	1.774986	
1	0.969097	4.052734	-0.512844	1.774986	
1	0.951481	4.101562	-0.503941	1.813195	
1	0.951481	4.101562	-0.503941	1.813195	
1	0.933330	4.150391	-0.495249	1.851604	
1	0.933330	4.150391	-0.495249	1.851604	
1	0.927734	4.165170	-0.492659	1.863270	
1	0.927734	4.165170	-0.492659	1.863270	
1	0.914774	4.199219	-0.486762	1.890238	
1	0.914774	4.199219	-0.486762	1.890238	
1	0.895722	4.248047	-0.478488	1.929081	
1	0.895722	4.248047	-0.478488	1.929081	
1	0.878906	4.290005	-0.471550	1.962617	
1	0.878906	4.290005	-0.471550	1.962617	
1	0.876130	4.296875	-0.470428	1.968125	
1	0.876130	4.296875	-0.470428	1.968125	
1	0.856097	4.345703	-0.462582	2.007389	
1	0.856097	4.345703	-0.462582	2.007389	
1	0.835480	4.394531	-0.454956	2.046849	
1	0.835480	4.394531	-0.454956	2.046849	
1	0.830078	4.407122	-0.453026	2.057058	
1	0.830078	4.407122	-0.453026	2.057058	
1	0.814348	4.443359	-0.447550	2.086520	
1	0.814348	4.443359	-0.447550	2.086520	
1	0.792636	4.492188	-0.440368	2.126392	
1	0.792636	4.492188	-0.440368	2.126392	
1	0.781250	4.517293	-0.436764	2.146973	
1	0.781250	4.517293	-0.436764	2.146973	
1	0.770331	4.541016	-0.433413	2.166467	
1	0.770331	4.541016	-0.433413	2.166467	
1	0.747419	4.589844	-0.426687	2.206745	
1	0.747419	4.589844	-0.426687	2.206745	
1	0.732422	4.621128	-0.422499	2.232660	
1	0.732422	4.621128	-0.422499	2.232660	
1	0.723859	4.638672	-0.420193	2.247224	
1	0.723859	4.638672	-0.420193	2.247224	
1	0.699629	4.687500	-0.413936	2.287905	
1	0.699629	4.687500	-0.413936	2.287905	
1	0.683594	4.719142	-0.410007	2.314380	
1	0.683594	4.719142	-0.410007	2.314380	
1	0.674697	4.736328	-0.407917	2.328788	
1	0.674697	4.736328	-0.407917	2.328788	
1	0.649017	4.785156	-0.402142	2.369873	
1	0.649017	4.785156	-0.402142	2.369873	
1	0.634766	4.811750	-0.399099	2.392343	
1	0.634766	4.811750	-0.399099	2.392343	
1	0.622554	4.833984	-0.396614	2.411162	
1	0.622554	4.833984	-0.396614	2.411162	
1	0.595274	4.882812	-0.391337	2.452658	
1	0.595274	4.882812	-0.391337	2.452658	
1	0.585938	4.899282	-0.389614	2.466708	
1	0.585938	4.899282	-0.389614	2.466708	
1	0.567073	4.931641	-0.386317	2.494356	
1	0.567073	4.931641	-0.386317	2.494356	
1	0.538025	4.980469	-0.381558	2.536275	
1	0.538025	4.980469	-0.381558	2.536275	
1	0.537109	4.981994	-0.381413	2.537589	
1	0.537109	4.981994	-0.381413	2.537589	
1	0.507815	5.029297	-0.377067	2.578392	
1	0.507815	5.029297	-0.377067	2.578392	
1	0.488281	5.060260	-0.374358	2.605230	
1	0.488281	5.060260	-0.374358	2.605230	
1	0.476608	5.078125	-0.372848	2.620737	
1	0.476608	5.078125	-0.372848	2.620737	
1	0.444249	5.126953	-0.368909	2.663307	
1	0.444249	5.126953	-0.368909	2.663307	
1	0.439453	5.134120	-0.368354	2.669579	
1	0.439453	5.134120	-0.368354	2.669579	
1	0.410463	5.175781	-0.365259	2.706097	
1	0.410463	5.175781	-0.365259	2.706097	
1	0.390625	5.203880	-0.363290	2.730847	
1	0.390625	5.203880	-0.363290	2.730847	
1	0.375347	5.224609	-0.361904	2.749134	
1	0.375347	5.224609	-0.361904	2.749134	
1	0.341797	5.269556	-0.359086	2.788981	
1	0.341797	5.269556	-0.359086	2.788981	
1	0.338760	5.273438	-0.358855	2.792428	
1	0.338760	5.273438	-0.358855	2.792428	
1	0.300255	5.322266	-0.356124	2.835976	
1	0.300255	5.322266	-0.356124	2.835976	
1	0.292969	5.331421	-0.355648	2.844180	
1	0.292969	5.331421	-0.355648	2.844180	
1	0.259719	5.371094	-0.353723	2.879805	
1	0.259719	5.371094	-0.353723	2.879805	
1	0.244141	5.389518	-0.352905	2.896435	
1	0.244141	5.389518	-0.352905	2.896435	
1	0.216937	5.419922	-0.351667	2.923943	
1	0.216937	5.419922	-0.351667	2.923943	
1	0.195312	5.443920	-0.350788	2.945770	
1	0.195312	5.443920	-0.350788	2.945770	
1	0.171510	5.468750	-0.349975	2.968419	
1	0.171510	5.468750	-0.349975	2.968419	
1	0.146484	5.494719	-0.349230	2.992235	
1	0.146484	5.494719	-0.349230	2.992235	
1	0.122913	5.517578	-0.348669	3.013273	
1	0.122913	5.517578	-0.348669	3.013273	
1	0.097656	5.541986	-0.348168	3.035862	
1	0.097656	5.541986	-0.348168	3.035862	
1	0.070444	5.566406	-0.347776	3.058566	
1	0.070444	5.566406	-0.347776	3.058566	
1	0.048828	5.585770	-0.347544	3.076672	
1	0.048828	5.585770	-0.347544	3.076672	
1	0.013158	5.615234	-0.347334	3.104385	
1	0.013158	5.615234	-0.347334	3.104385	
1	0.000000	5.626102	-0.347301	3.114667	
1	0.000000	5.626102	-0.347301	3.114667	
1	-0.048828	5.663005	-0.347385	3.149849	
1	-0.048828	5.663005	-0.347385	3.149849	
1	-0.050368	5.664062	-0.347392	3.150864	
1	-0.050368	5.664062	-0.347392	3.150864	
1	-0.097656	5.696639	-0.347745	3.182351	
1	-0.097656	5.696639	-0.347745	3.182351	
1	-0.123988	5.712891	-0.348026	3.198257	
1	-0.123988	5.712891	-0.348026	3.198257	
1	-0.146484	5.726843	-0.348329	3.212005	
1	-0.146484	5.726843	-0.348329	3.212005	
1	-0.195312	5.753675	-0.349086	3.238856	
1	-0.195312	5.753675	-0.349086	3.238856	
1	-0.212100	5.761719	-0.349364	3.247055	
1	-0.212100	5.761719	-0.349364	3.247055	
1	-0.244141	5.777195	-0.349970	3.262950	
1	-0.244141	5.777195	-0.349970	3.262950	
1	-0.292969	5.797317	-0.350929	3.284198	
1	-0.292969	5.797317	-0.350929	3.284198	
1	-0.331738	5.810547	-0.351693	3.298730	
1	-0.331738	5.810547	-0.351693	3.298730	
1	-0.341797	5.814018	-0.351912	3.302576	
1	-0.341797	5.814018	-0.351912	3.302576	
1	-0.390625	5.827395	-0.352878	3.318174	
1	-0.390625	5.827395	-0.352878	3.318174	
1	-0.439453	5.837282	-0.353768	3.330833	
1	-0.439453	5.837282	-0.353768	3.330833	
1	-0.488281	5.843660	-0.354532	3.340541	
1	-0.488281	5.843660	-0.354532	3.340541	
1	-0.537109	5.846493	-0.355118	3.347268	
1	-0.537109	5.846493	-0.355118	3.347268	
1	-0.585938	5.845723	-0.355471	3.350969	
1	-0.585938	5.845723	-0.355471	3.350969	
1	-0.634766	5.841272	-0.355533	3.351581	
1	-0.634766	5.841272	-0.355533	3.351581	
1	-0.683594	5.833039	-0.355242	3.349024	
1	-0.683594	5.833039	-0.355242	3.349024	
1	-0.732422	5.820904	-0.354531	3.343202	
1	-0.732422	5.820904	-0.354531	3.343202	
1	-0.763830	5.810547	-0.353765	3.337282	
1	-0.763830	5.810547	-0.353765	3.337282	
1	-0.781250	5.804781	-0.353333	3.334055	
1	-0.781250	5.804781	-0.353333	3.334055	
1	-0.830078	5.784580	-0.351580	3.321527	
1	-0.830078	5.784580	-0.351580	3.321527	
1	-0.875539	5.761719	-0.349343	3.306487	
1	-0.875539	5.761719	-0.349343	3.306487	
1	-0.878906	5.760011	-0.349173	3.305376	
1	-0.878906	5.760011	-0.349173	3.305376	
1	-0.927734	5.731081	-0.346047	3.285643	
1	-0.927734	5.731081	-0.346047	3.285643	
1	-0.954295	5.712891	-0.343925	3.272843	
1	-0.954295	5.712891	-0.343925	3.272843	
1	-0.976562	5.697440	-0.342083	3.262046	
1	-0.976562	5.697440	-0.342083	3.262046	
1	-1.018924	5.664062	-0.337847	3.238134	
1	-1.018924	5.664062	-0.337847	3.238134	
1	-1.025391	5.658886	-0.337175	3.234446	
1	-1.025391	5.658886	-0.337175	3.234446	
1	-1.074156	5.615234	-0.331213	3.202719	
1	-1.074156	5.615234	-0.331213	3.202719	
1	-1.074219	5.615177	-0.331205	3.202678	
1	-1.074219	5.615177	-0.331205	3.202678	
1	-1.122662	5.566406	-0.324093	3.166821	
1	-1.122662	5.566406	-0.324093	3.166821	
1	-1.123047	5.566010	-0.324034	3.166530	
1	-1.123047	5.566010	-0.324034	3.166530	
1	-1.166166	5.517578	-0.316540	3.130597	
1	-1.166166	5.517578	-0.316540	3.130597	
1	-1.171875	5.511009	-0.315501	3.125740	
1	-1.171875	5.511009	-0.315501	3.125740	
1	-1.205824	5.468750	-0.308596	3.094165	
1	-1.205824	5.468750	-0.308596	3.094165	
1	-1.220703	5.449723	-0.305414	3.079989	
1	-1.220703	5.449723	-0.305414	3.079989	
1	-1.242424	5.419922	-0.300292	3.057605	
1	-1.242424	5.419922	-0.300292	3.057605	
1	-1.269531	5.381606	-0.293551	3.028900	
1	-1.269531	5.381606	-0.293551	3.028900	
1	-1.276515	5.371094	-0.291656	3.020975	
1	-1.276515	5.371094	-0.291656	3.020975	
1	-1.308156	5.322266	-0.282688	2.984240	
1	-1.308156	5.322266	-0.282688	2.984240	
1	-1.318359	5.306064	-0.279653	2.972076	
1	-1.318359	5.306064	-0.279653	2.972076	
1	-1.337803	5.273438	-0.273413	2.947463	
1	-1.337803	5.273438	-0.273413	2.947463	
1	-1.365886	5.224609	-0.263856	2.910711	
1	-1.365886	5.224609	-0.263856	2.910711	
1	-1.367188	5.222296	-0.263396	2.908972	
1	-1.367188	5.222296	-0.263396	2.908972	
1	-1.392121	5.175781	-0.253998	2.873892	
1	-1.392121	5.175781	-0.253998	2.873892	
1	-1.416016	5.129355	-0.244390	2.838959	
1	-1.416016	5.129355	-0.244390	2.838959	
1	-1.417200	5.126953	-0.243885	2.837148	
1	-1.417200	5.126953	-0.243885	2.837148	
1	-1.440763	5.078125	-0.233491	2.800374	
1	-1.440763	5.078125	-0.233491	2.800374	
1	-1.463348	5.029297	-0.222856	2.763688	
1	-1.463348	5.029297	-0.222856	2.763688	
1	-1.464844	5.025987	-0.222126	2.761204	
1	-1.464844	5.025987	-0.222126	2.761204	
1	-1.484683	4.980469	-0.211959	2.727008	
1	-1.484683	4.980469	-0.211959	2.727008	
1	-1.505117	4.931641	-0.200827	2.690410	
1	-1.505117	4.931641	-0.200827	2.690410	
1	-1.513672	4.910543	-0.195945	2.674622	
1	-1.513672	4.910543	-0.195945	2.674622	
1	-1.524583	4.882812	-0.189455	2.653868	
1	-1.524583	4.882812	-0.189455	2.653868	
1	-1.543161	4.833984	-0.177851	2.617395	
1	-1.543161	4.833984	-0.177851	2.617395	
1	-1.560967	4.785156	-0.166024	2.581013	
1	-1.560967	4.785156	-0.166024	2.581013	
1	-1.562500	4.780841	-0.164967	2.577800	
1	-1.562500	4.780841	-0.164967	2.577800	
1	-1.577939	4.736328	-0.153968	2.544699	
1	-1.577939	4.736328	-0.153968	2.544699	
1	-1.594199	4.687500	-0.141697	2.508480	
1	-1.594199	4.687500	-0.141697	2.508480	
1	-1.609774	4.638672	-0.129212	2.472361	
1	-1.609774	4.638672	-0.129212	2.472361	
1	-1.611328	4.633663	-0.127918	2.468659	
1	-1.611328	4.633663	-0.127918	2.468659	
1	-1.624675	4.589844	-0.116514	2.436337	
1	-1.624675	4.589844	-0.116514	2.436337	
1	-1.638946	4.541016	-0.103610	2.400420	
1	-1.638946	4.541016	-0.103610	2.400420	
1	-1.652606	4.492188	-0.090500	2.364611	
1	-1.652606	4.492188	-0.090500	2.364611	
1	-1.660156	4.464161	-0.082882	2.344100	
1	-1.660156	4.464161	-0.082882	2.344100	
1	-1.665690	4.443359	-0.077190	2.328916	
1	-1.665690	4.443359	-0.077190	2.328916	
1	-1.678232	4.394531	-0.063683	2.293346	
1	-1.678232	4.394531	-0.063683	2.293346	
1	-1.690224	4.345703	-0.049979	2.257894	
1	-1.690224	4.345703	-0.049979	2.257894	
1	-1.701678	4.296875	-0.036080	2.222562	
1	-1.701678	4.296875	-0.036080	2.222562	
1	-1.708984	4.264397	-0.026724	2.199123	
1	-1.708984	4.264397	-0.026724	2.199123	
1	-1.712639	4.248047	-0.021991	2.187363	
1	-1.712639	4.248047	-0.021991	2.187363	
1	-1.723155	4.199219	-0.007719	2.152313	
1	-1.723155	4.199219	-0.007719	2.152313	
1	-1.733183	4.150391	0.006741	2.117395	
1	-1.733183	4.150391	0.006741	2.117395	
1	-1.742732	4.101562	0.021387	2.082613	
1	-1.742732	4.101562	0.021387	2.082613	
1	-1.751814	4.052734	0.036218	2.047969	
1	-1.751814	4.052734	0.036218	2.047969	
1	-1.757812	4.018918	0.046600	2.024052	
1	-1.757812	4.018918	0.046600	2.024052	
1	-1.760476	4.003906	0.051226	2.013480	
1	-1.760476	4.003906	0.051226	2.013480	
1	-1.768773	3.955078	0.066402	1.979165	
1	-1.768773	3.955078	0.066402	1.979165	
1	-1.776640	3.906250	0.081756	1.945001	
1	-1.776640	3.906250	0.081756	1.945001	
1	-1.784084	3.857422	0.097285	1.910993	
1	-1.784084	3.857422	0.097285	1.910993	
1	-1.791114	3.808594	0.112988	1.877144	
1	-1.791114	3.808594	0.112988	1.877144	
1	-1.797738	3.759766	0.128862	1.843457	
1	-1.797738	3.759766	0.128862	1.843457	
1	-1.803966	3.710938	0.144907	1.809938	
1	-1.803966	3.710938	0.144907	1.809938	
1	-1.806641	3.688691	0.152278	1.794711	
1	-1.806641	3.688691	0.152278	1.794711	
1	-1.809864	3.662109	0.161108	1.776611	
1	-1.809864	3.662109	0.161108	1.776611	
1	-1.815430	3.613281	0.177466	1.743477	
1	-1.815430	3.613281	0.177466	1.743477	
1	-1.820619	3.564453	0.193987	1.710524	
1	-1.820619	3.564453	0.193987	1.710524	
1	-1.825439	3.515625	0.210669	1.677754	
1	-1.825439	3.515625	0.210669	1.677754	
1	-1.829894	3.466797	0.227510	1.645172	
1	-1.829894	3.466797	0.227510	1.645172	
1	-1.833990	3.417969	0.244507	1.612783	
1	-1.833990	3.417969	0.244507	1.612783	
1	-1.837732	3.369141	0.261659	1.580591	
1	-1.837732	3.369141	0.261659	1.580591	
1	-1.841126	3.320312	0.278963	1.548600	
1	-1.841126	3.320312	0.278963	1.548600	
1	-1.844174	3.271484	0.296417	1.516815	
1	-1.844174	3.271484	0.296417	1.516815	
1	-1.846882	3.222656	0.314018	1.485241	
1	-1.846882	3.222656	0.314018	1.485241	
1	-1.849253	3.173828	0.331765	1.453882	
1	-1.849253	3.173828	0.331765	1.453882	
1	-1.851290	3.125000	0.349654	1.422742	
1	-1.851290	3.125000	0.349654	1.422742	
1	-1.852996	3.076172	0.367684	1.391826	
1	-1.852996	3.076172	0.367684	1.391826	
1	-1.854374	3.027344	0.385851	1.361140	
1	-1.854374	3.027344	0.385851	1.361140	
1	-1.855425	2.978516	0.404153	1.330688	
1	-1.855425	2.978516	0.404153	1.330688	
1	-1.855469	2.975608	0.405249	1.328878	
1	-1.855469	2.975608	0.405249	1.328878	
1	-1.856172	2.929688	0.422583	1.300481	
1	-1.856172	2.929688	0.422583	1.300481	
1	-1.856587	2.880859	0.441144	1.270515	
1	-1.856587	2.880859	0.441144	1.270515	
1	-1.856671	2.832031	0.459834	1.240793	
1	-1.856671	2.832031	0.459834	1.240793	
1	-1.856423	2.783203	0.478650	1.211321	
1	-1.856423	2.783203	0.478650	1.211321	
1	-1.855844	2.734375	0.497589	1.182102	
1	-1.855844	2.734375	0.497589	1.182102	
1	-1.855469	2.714348	0.505402	1.170176	
1	-1.855469	2.714348	0.505402	1.170176	
1	-1.854947	2.685547	0.516645	1.153147	
1	-1.854947	2.685547	0.516645	1.153147	
1	-1.853737	2.636719	0.535813	1.124464	
1	-1.853737	2.636719	0.535813	1.124464	
1	-1.852202	2.587891	0.555093	1.096052	
1	-1.852202	2.587891	0.555093	1.096052	
1	-1.850340	2.539062	0.574482	1.067917	
1	-1.850340	2.539062	0.574482	1.067917	
1	-1.848147	2.490234	0.593976	1.040063	
1	-1.848147	2.490234	0.593976	1.040063	
1	-1.845622	2.441406	0.613573	1.012494	
1	-1.845622	2.441406	0.613573	1.012494	
1	-1.842761	2.392578	0.633268	0.985216	
1	-1.842761	2.392578	0.633268	0.985216	
1	-1.839559	2.343750	0.653059	0.958232	
1	-1.839559	2.343750	0.653059	0.958232	
1	-1.836012	2.294922	0.672943	0.931549	
1	-1.836012	2.294922	0.672943	0.931549	
1	-1.832115	2.246094	0.692914	0.905169	
1	-1.832115	2.246094	0.692914	0.905169	
1	-1.827861	2.197266	0.712971	0.879099	
1	-1.827861	2.197266	0.712971	0.879099	
1	-1.823246	2.148438	0.733109	0.853342	
1	-1.823246	2.148438	0.733109	0.853342	
1	-1.818261	2.099609	0.753324	0.827904	
1	-1.818261	2.099609	0.753324	0.827904	
1	-1.812901	2.050781	0.773613	0.802789	
1	-1.812901	2.050781	0.773613	0.802789	
1	-1.807156	2.001953	0.793971	0.778003	
1	-1.807156	2.001953	0.793971	0.778003	
1	-1.806641	1.997826	0.795699	0.775918	
1	-1.806641	1.997826	0.795699	0.775918	
1	-1.801198	1.953125	0.814337	0.753617	
1	-1.801198	1.953125	0.814337	0.753617	
1	-1.794868	1.904297	0.834753	0.729580	
1	-1.794868	1.904297	0.834753	0.729580	
1	-1.788138	1.855469	0.855219	0.705890	
1	-1.788138	1.855469	0.855219	0.705890	
1	-1.780999	1.806641	0.875731	0.682553	
1	-1.780999	1.806641	0.875731	0.682553	
1	-1.773441	1.757812	0.896283	0.659573	
1	-1.773441	1.757812	0.896283	0.659573	
1	-1.765453	1.708984	0.916869	0.636957	
1	-1.765453	1.708984	0.916869	0.636957	
1	-1.757812	1.664676	0.935577	0.616751	
1	-1.757812	1.664676	0.935577	0.616751	
1	-1.757049	1.660156	0.937474	0.614720	
1	-1.757049	1.660156	0.937474	0.614720	
1	-1.748434	1.611328	0.958018	0.592946	
1	-1.748434	1.611328	0.958018	0.592946	
1	-1.739363	1.562500	0.978573	0.571555	
1	-1.739363	1.562500	0.978573	0.571555	
1	-1.729821	1.513672	0.999129	0.550554	
1	-1.729821	1.513672	0.999129	0.550554	
1	-1.719798	1.464844	1.019680	0.529951	
1	-1.719798	1.464844	1.019680	0.529951	
1	-1.709282	1.416016	1.040214	0.509754	
1	-1.709282	1.416016	1.040214	0.509754	
1	-1.708984	1.414679	1.040777	0.509206	
1	-1.708984	1.414679	1.040777	0.509206	
1	-1.698546	1.367188	1.060622	0.490067	
1	-1.698546	1.367188	1.060622	0.490067	
1	-1.687298	1.318359	1.080988	0.470803	
1	-1.687298	1.318359	1.080988	0.470803	
1	-1.675520	1.269531	1.101305	0.451969	
1	-1.675520	1.269531	1.101305	0.451969	
1	-1.663202	1.220703	1.121556	0.433575	
1	-1.663202	1.220703	1.121556	0.433575	
1	-1.660156	1.208981	1.126408	0.429224	
1	-1.660156	1.208981	1.126408	0.429224	
1	-1.650549	1.171875	1.141648	0.415702	
1	-1.650549	1.171875	1.141648	0.415702	
1	-1.637391	1.123047	1.161622	0.398307	
1	-1.637391	1.123047	1.161622	0.398307	
1	-1.623653	1.074219	1.181483	0.381384	
1	-1.623653	1.074219	1.181483	0.381384	
1	-1.611328	1.032065	1.198517	0.367165	
1	-1.611328	1.032065	1.198517	0.367165	
1	-1.609366	1.025391	1.201194	0.364956	
1	-1.609366	1.025391	1.201194	0.364956	
1	-1.594676	0.976562	1.220677	0.349083	
1	-1.594676	0.976562	1.220677	0.349083	
1	-1.579369	0.927734	1.239982	0.333718	
1	-1.579369	0.927734	1.239982	0.333718	
1	-1.563458	0.878906	1.259073	0.318883	
1	-1.563458	0.878906	1.259073	0.318883	
1	-1.562500	0.876001	1.260199	0.318019	
1	-1.562500	0.876001	1.260199	0.318019	
1	-1.547044	0.830078	1.277883	0.304621	
1	-1.547044	0.830078	1.277883	0.304621	
1	-1.530002	0.781250	1.296420	0.290919	
1	-1.530002	0.781250	1.296420	0.290919	
1	-1.513672	0.735946	1.313326	0.278732	
1	-1.513672	0.735946	1.313326	0.278732	
1	-1.512360	0.732422	1.314635	0.277801	
1	-1.512360	0.732422	1.314635	0.277801	
1	-1.494037	0.683594	1.332517	0.265269	
1	-1.494037	0.683594	1.332517	0.265269	
1	-1.475119	0.634766	1.349990	0.253362	
1	-1.475119	0.634766	1.349990	0.253362	
1	-1.464844	0.608571	1.359139	0.247265	
1	-1.464844	0.608571	1.359139	0.247265	
1	-1.455494	0.585938	1.367042	0.242077	
1	-1.455494	0.585938	1.367042	0.242077	
1	-1.435121	0.537109	1.383634	0.231427	
1	-1.435121	0.537109	1.383634	0.231427	
1	-1.416016	0.492138	1.398358	0.222263	
1	-1.416016	0.492138	1.398358	0.222263	
1	-1.414252	0.488281	1.399628	0.221485	
1	-1.414252	0.488281	1.399628	0.221485	
1	-1.392212	0.439453	1.415169	0.212148	
1	-1.392212	0.439453	1.415169	0.212148	
1	-1.369925	0.390625	1.429907	0.203605	
1	-1.369925	0.390625	1.429907	0.203605	
1	-1.367188	0.384448	1.431683	0.202597	
1	-1.367188	0.384448	1.431683	0.202597	
1	-1.346165	0.341797	1.444120	0.195678	
1	-1.346165	0.341797	1.444120	0.195678	
1	-1.322332	0.292969	1.457334	0.188611	
1	-1.322332	0.292969	1.457334	0.188611	
1	-1.318359	0.284418	1.459488	0.187489	
1	-1.318359	0.284418	1.459488	0.187489	
1	-1.296682	0.244141	1.469911	0.182187	
1	-1.296682	0.244141	1.469911	0.182187	
1	-1.271447	0.195312	1.481202	0.176711	
1	-1.271447	0.195312	1.481202	0.176711	
1	-1.269531	0.191264	1.482045	0.176315	
1	-1.269531	0.191264	1.482045	0.176315	
1	-1.243461	0.146484	1.491804	0.171868	
1	-1.243461	0.146484	1.491804	0.171868	
1	-1.220703	0.103447	1.499627	0.168529	
1	-1.220703	0.103447	1.499627	0.168529	
1	-1.216531	0.097656	1.500795	0.168051	
1	-1.216531	0.097656	1.500795	0.168051	
1	-1.186583	0.048828	1.508794	0.164961	
1	-1.186583	0.048828	1.508794	0.164961	
1	-1.171875	0.018942	1.512381	0.163713	
1	-1.171875	0.018942	1.512381	0.163713	
1	-1.156292	0.000000	1.515151	0.162832	
1	-1.115063	-0.195312	1.519253	0.160520	
1	-1.123047	-0.208069	1.518045	0.159947	
1	-1.123047	-0.208069	1.518045	0.159947	
1	-1.132238	-0.244141	1.515335	0.158522	
1	-1.132238	-0.244141	1.515335	0.158522	
1	-1.148377	-0.292969	1.510294	0.155545	
1	-1.148377	-0.292969	1.510294	0.155545	
1	-1.165930	-0.341797	1.503916	0.151408	
1	-1.165930	-0.341797	1.503916	0.151408	
1	-1.171875	-0.357005	1.501627	0.149852	
1	-1.171875	-0.357005	1.501627	0.149852	
1	-1.181408	-0.390625	1.496726	0.146418	
1	-1.181408	-0.390625	1.496726	0.146418	
1	-1.196041	-0.439453	1.488675	0.140520	
1	-1.196041	-0.439453	1.488675	0.140520	
1	-1.210602	-0.488281	1.479712	0.133644	
1	-1.210602	-0.488281	1.479712	0.133644	
1	-1.220703	-0.522445	1.472937	0.128260	
1	-1.220703	-0.522445	1.472937	0.128260	
1	-1.224383	-0.537109	1.470027	0.125903	
1	-1.224383	-0.537109	1.470027	0.125903	
1	-1.236924	-0.585938	1.459784	0.117407	
1	-1.236924	-0.585938	1.459784	0.117407	
1	-1.249066	-0.634766	1.448891	0.108057	
1	-1.249066	-0.634766	1.448891	0.108057	
1	-1.260678	-0.683594	1.437427	0.097895	
1	-1.260678	-0.683594	1.437427	0.097895	
1	-1.269531	-0.722509	1.427923	0.089234	
1	-1.269531	-0.722509	1.427923	0.089234	
1	-1.271612	-0.732422	1.425479	0.086974	
1	-1.271612	-0.732422	1.425479	0.086974	
1	-1.281729	-0.781250	1.413128	0.075350	
1	-1.281729	-0.781250	1.413128	0.075350	
1	-1.291314	-0.830078	1.400358	0.062991	
1	-1.291314	-0.830078	1.400358	0.062991	
1	-1.300333	-0.878906	1.387219	0.049925	
1	-1.300333	-0.878906	1.387219	0.049925	
1	-1.308769	-0.927734	1.373753	0.036177	
1	-1.308769	-0.927734	1.373753	0.036177	
1	-1.316617	-0.976562	1.359999	0.021771	
1	-1.316617	-0.976562	1.359999	0.021771	
1	-1.318359	-0.987992	1.356744	0.018308	
1	-1.318359	-0.987992	1.356744	0.018308	
1	-1.323919	-1.025391	1.345980	0.006716	
1	-1.323919	-1.025391	1.345980	0.006716	
1	-1.330697	-1.074219	1.331723	-0.008973	
1	-1.330697	-1.074219	1.331723	-0.008973	
1	-1.336944	-1.123047	1.317257	-0.025278	
1	-1.336944	-1.123047	1.317257	-0.025278	
1	-1.342667	-1.171875	1.302608	-0.042182	
1	-1.342667	-1.171875	1.302608	-0.042182	
1	-1.347873	-1.220703	1.287800	-0.059669	
1	-1.347873	-1.220703	1.287800	-0.059669	
1	-1.352571	-1.269531	1.272853	-0.077726	
1	-1.352571	-1.269531	1.272853	-0.077726	
1	-1.356773	-1.318359	1.257788	-0.096340	
1	-1.356773	-1.318359	1.257788	-0.096340	
1	-1.360490	-1.367188	1.242620	-0.115499	
1	-1.360490	-1.367188	1.242620	-0.115499	
1	-1.363733	-1.416016	1.227368	-0.135192	
1	-1.363733	-1.416016	1.227368	-0.135192	
1	-1.366514	-1.464844	1.212045	-0.155409	
1	-1.366514	-1.464844	1.212045	-0.155409	
1	-1.367188	-1.478824	1.207656	-0.161281	
1	-1.367188	-1.478824	1.207656	-0.161281	
1	-1.368891	-1.513672	1.196656	-0.176154	
1	-1.368891	-1.513672	1.196656	-0.176154	
1	-1.370838	-1.562500	1.181222	-0.197405	
1	-1.370838	-1.562500	1.181222	-0.197405	
1	-1.372342	-1.611328	1.165761	-0.219148	
1	-1.372342	-1.611328	1.165761	-0.219148	
1	-1.373413	-1.660156	1.150284	-0.241372	
1	-1.373413	-1.660156	1.150284	-0.241372	
1	-1.374056	-1.708984	1.134804	-0.264068	
1	-1.374056	-1.708984	1.134804	-0.264068	
1	-1.374279	-1.757812	1.119331	-0.287227	
1	-1.374279	-1.757812	1.119331	-0.287227	
1	-1.374086	-1.806641	1.103875	-0.310840	
1	-1.374086	-1.806641	1.103875	-0.310840	
1	-1.373485	-1.855469	1.088445	-0.334897	
1	-1.373485	-1.855469	1.088445	-0.334897	
1	-1.372479	-1.904297	1.073052	-0.359391	
1	-1.372479	-1.904297	1.073052	-0.359391	
1	-1.371073	-1.953125	1.057703	-0.384313	
1	-1.371073	-1.953125	1.057703	-0.384313	
1	-1.369270	-2.001953	1.042407	-0.409654	
1	-1.369270	-2.001953	1.042407	-0.409654	
1	-1.367188	-2.048253	1.027961	-0.434061	
1	-1.367188	-2.048253	1.027961	-0.434061	
1	-1.367078	-2.050781	1.027172	-0.435408	
1	-1.367078	-2.050781	1.027172	-0.435408	
1	-1.364576	-2.099609	1.011989	-0.461592	
1	-1.364576	-2.099609	1.011989	-0.461592	
1	-1.361699	-2.148438	0.996881	-0.488175	
1	-1.361699	-2.148438	0.996881	-0.488175	
1	-1.358447	-2.197266	0.981854	-0.515150	
1	-1.358447	-2.197266	0.981854	-0.515150	
1	-1.354821	-2.246094	0.966914	-0.542510	
1	-1.354821	-2.246094	0.966914	-0.542510	
1	-1.350822	-2.294922	0.952068	-0.570245	
1	-1.350822	-2.294922	0.952068	-0.570245	
1	-1.346450	-2.343750	0.937321	-0.598349	
1	-1.346450	-2.343750	0.937321	-0.598349	
1	-1.341705	-2.392578	0.922681	-0.626815	
1	-1.341705	-2.392578	0.922681	-0.626815	
1	-1.336585	-2.441406	0.908151	-0.655635	
1	-1.336585	-2.441406	0.908151	-0.655635	
1	-1.331091	-2.490234	0.893738	-0.684802	
1	-1.331091	-2.490234	0.893738	-0.684802	
1	-1.325219	-2.539062	0.879445	-0.714309	
1	-1.325219	-2.539062	0.879445	-0.714309	
1	-1.318970	-2.587891	0.865279	-0.744150	
1	-1.318970	-2.587891	0.865279	-0.744150	
1	-1.318359	-2.592413	0.863975	-0.746926	
1	-1.318359	-2.592413	0.863975	-0.746926	
1	-1.312527	-2.636719	0.851216	-0.774375	
1	-1.312527	-2.636719	0.851216	-0.774375	
1	-1.305728	-2.685547	0.837286	-0.804927	
1	-1.305728	-2.685547	0.837286	-0.804927	
1	-1.298552	-2.734375	0.823494	-0.835795	
1	-1.298552	-2.734375	0.823494	-0.835795	
1	-1.290996	-2.783203	0.809845	-0.866973	
1	-1.290996	-2.783203	0.809845	-0.866973	
1	-1.283056	-2.832031	0.796343	-0.898454	
1	-1.283056	-2.832031	0.796343	-0.898454	
1	-1.274730	-2.880859	0.782990	-0.930232	
1	-1.274730	-2.880859	0.782990	-0.930232	
1	-1.269531	-2.910085	0.775074	-0.949384	
1	-1.269531	-2.910085	0.775074	-0.949384	
1	-1.266115	-2.929688	0.769778	-0.962331	
1	-1.266115	-2.929688	0.769778	-0.962331	
1	-1.257260	-2.978516	0.756706	-0.994761	
1	-1.257260	-2.978516	0.756706	-0.994761	
1	-1.248012	-3.027344	0.743793	-1.027471	
1	-1.248012	-3.027344	0.743793	-1.027471	
1	-1.238367	-3.076172	0.731044	-1.060457	
1	-1.238367	-3.076172	0.731044	-1.060457	
1	-1.228320	-3.125000	0.718460	-1.093713	
1	-1.228320	-3.125000	0.718460	-1.093713	
1	-1.220703	-3.160680	0.709373	-1.118178	
1	-1.220703	-3.160680	0.709373	-1.118178	
1	-1.217941	-3.173828	0.706037	-1.127256	
1	-1.217941	-3.173828	0.706037	-1.127256	
1	-1.207354	-3.222656	0.693765	-1.161115	
1	-1.207354	-3.222656	0.693765	-1.161115	
1	-1.196353	-3.271484	0.681668	-1.195229	
1	-1.196353	-3.271484	0.681668	-1.195229	
1	-1.184934	-3.320312	0.669747	-1.229595	
1	-1.184934	-3.320312	0.669747	-1.229595	
1	-1.173092	-3.369141	0.658004	-1.264208	
1	-1.173092	-3.369141	0.658004	-1.264208	
1	-1.171875	-3.374034	0.656838	-1.267689	
1	-1.171875	-3.374034	0.656838	-1.267689	
1	-1.161077	-3.417969	0.646421	-1.299131	
1	-1.161077	-3.417969	0.646421	-1.299131	
1	-1.148656	-3.466797	0.635018	-1.334299	
1	-1.148656	-3.466797	0.635018	-1.334299	
1	-1.135796	-3.515625	0.623801	-1.369702	
1	-1.135796	-3.515625	0.623801	-1.369702	
1	-1.123047	-3.562441	0.613223	-1.403863	
1	-1.123047	-3.562441	0.613223	-1.403863	
1	-1.122503	-3.564453	0.612771	-1.405339	
1	-1.122503	-3.564453	0.612771	-1.405339	
1	-1.109030	-3.613281	0.601910	-1.441270	
1	-1.109030	-3.613281	0.601910	-1.441270	
1	-1.095099	-3.662109	0.591241	-1.477424	
1	-1.095099	-3.662109	0.591241	-1.477424	
1	-1.080705	-3.710938	0.580765	-1.513799	
1	-1.080705	-3.710938	0.580765	-1.513799	
1	-1.074219	-3.732409	0.576220	-1.529862	
1	-1.074219	-3.732409	0.576220	-1.529862	
1	-1.065993	-3.759766	0.570475	-1.550428	
1	-1.065993	-3.759766	0.570475	-1.550428	
1	-1.050922	-3.808594	0.560374	-1.587298	
1	-1.050922	-3.808594	0.560374	-1.587298	
1	-1.035366	-3.857422	0.550473	-1.624380	
1	-1.035366	-3.857422	0.550473	-1.624380	
1	-1.025391	-3.887941	0.544387	-1.647663	
1	-1.025391	-3.887941	0.544387	-1.647663	
1	-1.019414	-3.906250	0.540767	-1.661692	
1	-1.019414	-3.906250	0.540767	-1.661692	
1	-1.003119	-3.955078	0.531256	-1.699246	
1	-1.003119	-3.955078	0.531256	-1.699246	
1	-0.986316	-4.003906	0.521949	-1.737004	
1	-0.986316	-4.003906	0.521949	-1.737004	
1	-0.976562	-4.031590	0.516764	-1.758502	
1	-0.976562	-4.031590	0.516764	-1.758502	
1	-0.969097	-4.052734	0.512844	-1.774986	
1	-0.969097	-4.052734	0.512844	-1.774986	
1	-0.951481	-4.101562	0.503941	-1.813195	
1	-0.951481	-4.101562	0.503941	-1.813195	
1	-0.933330	-4.150391	0.495249	-1.851604	
1	-0.933330	-4.150391	0.495249	-1.851604	
1	-0.927734	-4.165170	0.492659	-1.863270	
1	-0.927734	-4.165170	0.492659	-1.863270	
1	-0.914774	-4.199219	0.486762	-1.890238	
1	-0.914774	-4.199219	0.486762	-1.890238	
1	-0.895722	-4.248047	0.478488	-1.929081	
1	-0.895722	-4.248047	0.478488	-1.929081	
1	-0.878906	-4.290005	0.471550	-1.962617	
1	-0.878906	-4.290005	0.471550	-1.962617	
1	-0.876130	-4.296875	0.470428	-1.968125	
1	-0.876130	-4.296875	0.470428	-1.968125	
1	-0.856097	-4.345703	0.462582	-2.007389	
1	-0.856097	-4.345703	0.462582	-2.007389	
1	-0.835480	-4.394531	0.454956	-2.046849	
1	-0.835480	-4.394531	0.454956	-2.046849	
1	-0.830078	-4.407122	0.453026	-2.057058	
1	-0.830078	-4.407122	0.453026	-2.057058	
1	-0.814348	-4.443359	0.447550	-2.086520	
1	-0.814348	-4.443359	0.447550	-2.086520	
1	-0.792636	-4.492188	0.440368	-2.126392	
1	-0.792636	-4.492188	0.440368	-2.126392	
1	-0.781250	-4.517293	0.436764	-2.146973	
1	-0.781250	-4.517293	0.436764	-2.146973	
1	-0.770331	-4.541016	0.433413	-2.166467	
1	-0.770331	-4.541016	0.433413	-2.166467	
1	-0.747419	-4.589844	0.426687	-2.206745	
1	-0.747419	-4.589844	0.426687	-2.206745	
1	-0.732422	-4.621128	0.422499	-2.232660	
1	-0.732422	-4.621128	0.422499	-2.232660	
1	-0.723859	-4.638672	0.420193	-2.247224	
1	-0.723859	-4.638672	0.420193	-2.247224	
1	-0.699629	-4.687500	0.413936	-2.287905	
1	-0.699629	-4.687500	0.413936	-2.287905	
1	-0.683594	-4.719142	0.410007	-2.314380	
1	-0.683594	-4.719142	0.410007	-2.314380	
1	-0.674697	-4.736328	0.407917	-2.328788	
1	-0.674697	-4.736328	0.407917	-2.328788	
1	-0.649017	-4.785156	0.402142	-2.369873	
1	-0.649017	-4.785156	0.402142	-2.369873	
1	-0.634766	-4.811750	0.399099	-2.392343	
1	-0.634766	-4.811750	0.399099	-2.392343	
1	-0.622554	-4.833984	0.396614	-2.411162	
1	-0.622554	-4.833984	0.396614	-2.411162	
1	-0.595274	-4.882812	0.391337	-2.452658	
1	-0.595274	-4.882812	0.391337	-2.452658	
1	-0.585938	-4.899282	0.389614	-2.466708	
1	-0.585938	-4.899282	0.389614	-2.466708	
1	-0.567073	-4.931641	0.386317	-2.494356	
1	-0.567073	-4.931641	0.386317	-2.494356	
1	-0.538025	-4.980469	0.381558	-2.536275	
1	-0.538025	-4.980469	0.381558	-2.536275	
1	-0.537109	-4.981994	0.381413	-2.537589	
1	-0.537109	-4.981994	0.381413	-2.537589	
1	-0.507815	-5.029297	0.377067	-2.578392	
1	-0.507815	-5.029297	0.377067	-2.578392	
1	-0.488281	-5.060260	0.374358	-2.605230	
1	-0.488281	-5.060260	0.374358	-2.605230	
1	-0.476608	-5.078125	0.372848	-2.620737	
1	-0.476608	-5.078125	0.372848	-2.620737	
1	-0.444249	-5.126953	0.368909	-2.663307	
1	-0.444249	-5.126953	0.368909	-2.663307	
1	-0.439453	-5.134120	0.368354	-2.669579	
1	-0.439453	-5.134120	0.368354	-2.669579	
1	-0.410463	-5.175781	0.365259	-2.706097	
1	-0.410463	-5.175781	0.365259	-2.706097	
1	-0.390625	-5.203880	0.363290	-2.730847	
1	-0.390625	-5.203880	0.363290	-2.730847	
1	-0.375347	-5.224609	0.361904	-2.749134	
1	-0.375347	-5.224609	0.361904	-2.749134	
1	-0.341797	-5.269556	0.359086	-2.788981	
1	-0.341797	-5.269556	0.359086	-2.788981	
1	-0.338760	-5.273438	0.358855	-2.792428	
1	-0.338760	-5.273438	0.358855	-2.792428	
1	-0.300255	-5.322266	0.356124	-2.835976	
1	-0.300255	-5.322266	0.356124	-2.835976	
1	-0.292969	-5.331421	0.355648	-2.844180	
1	-0.292969	-5.331421	0.355648	-2.844180	
1	-0.259719	-5.371094	0.353723	-2.879805	
1	-0.259719	-5.371094	0.353723	-2.879805	
1	-0.244141	-5.389518	0.352905	-2.896435	
1	-0.244141	-5.389518	0.352905	-2.896435	
1	-0.216937	-5.419922	0.351667	-2.923943	
1	-0.216937	-5.419922	0.351667	-2.923943	
1	-0.195312	-5.443920	0.350788	-2.945770	
1	-0.195312	-5.443920	0.350788	-2.945770	
1	-0.171510	-5.468750	0.349975	-2.968419	
1	-0.171510	-5.468750	0.349975	-2.968419	
1	-0.146484	-5.494719	0.349230	-2.992235	
1	-0.146484	-5.494719	0.349230	-2.992235	
1	-0.122913	-5.517578	0.348669	-3.013273	
1	-0.122913	-5.517578	0.348669	-3.013273	
1	-0.097656	-5.541986	0.348168	-3.035862	
1	-0.097656	-5.541986	0.348168	-3.035862	
1	-0.070444	-5.566406	0.347776	-3.058566	
1	-0.070444	-5.566406	0.347776	-3.058566	
1	-0.048828	-5.585770	0.347544	-3.076672	
1	-0.048828	-5.585770	0.347544	-3.076672	
