#REFERENCE 3 203.8541010 41.0050560
1	-0.048828	-0.880406	0.334364	0.298137	
1	0.000000	-0.884103	0.212499	0.291766	
1	0.000000	-0.884103	0.212499	0.291766	
1	0.048828	-0.884136	0.087361	0.282452	
1	0.048828	-0.884136	0.087361	0.282452	
1	0.097656	-0.880392	-0.039804	0.270145	
1	0.097656	-0.880392	-0.039804	0.270145	
1	0.107330	-0.878906	-0.065202	0.267344	
1	0.107330	-0.878906	-0.065202	0.267344	
1	0.146484	-0.873083	-0.167513	0.254897	
1	0.146484	-0.873083	-0.167513	0.254897	
1	0.195312	-0.861960	-0.294344	0.236846	
1	0.195312	-0.861960	-0.294344	0.236846	
1	0.244141	-0.846763	-0.418947	0.216204	
1	0.244141	-0.846763	-0.418947	0.216204	
1	0.286646	-0.830078	-0.524619	0.196343	
1	0.286646	-0.830078	-0.524619	0.196343	
1	0.292969	-0.827467	-0.539998	0.193266	
1	0.292969	-0.827467	-0.539998	0.193266	
1	0.341797	-0.804503	-0.656113	0.168433	
1	0.341797	-0.804503	-0.656113	0.168433	
1	0.384155	-0.781250	-0.752231	0.145631	
1	0.384155	-0.781250	-0.752231	0.145631	
1	0.390625	-0.777332	-0.766544	0.142052	
1	0.390625	-0.777332	-0.766544	0.142052	
1	0.439453	-0.746268	-0.870362	0.114573	
1	0.439453	-0.746268	-0.870362	0.114573	
1	0.460230	-0.732422	-0.912119	0.102728	
1	0.460230	-0.732422	-0.912119	0.102728	
1	0.488281	-0.711084	-0.967095	0.086389	
1	0.488281	-0.711084	-0.967095	0.086389	
1	0.523979	-0.683594	-1.032701	0.065705	
1	0.523979	-0.683594	-1.032701	0.065705	
1	0.537109	-0.671824	-1.056310	0.057925	
1	0.537109	-0.671824	-1.056310	0.057925	
1	0.579750	-0.634766	-1.127618	0.033246	
1	0.579750	-0.634766	-1.127618	0.033246	
1	0.585938	-0.628401	-1.137781	0.029575	
1	0.585938	-0.628401	-1.137781	0.029575	
1	0.630141	-0.585938	-1.204546	0.004415	
1	0.630141	-0.585938	-1.204546	0.004415	
1	0.634766	-0.580604	-1.211434	0.001710	
1	0.634766	-0.580604	-1.211434	0.001710	
1	0.676521	-0.537109	-1.267829	-0.021301	
1	0.676521	-0.537109	-1.267829	-0.021301	
1	0.683594	-0.528156	-1.277277	-0.025316	
1	0.683594	-0.528156	-1.277277	-0.025316	
1	0.719574	-0.488281	-1.320165	-0.044191	
1	0.719574	-0.488281	-1.320165	-0.044191	
1	0.732422	-0.470792	-1.335332	-0.051140	
1	0.732422	-0.470792	-1.335332	-0.051140	
1	0.759547	-0.439453	-1.363386	-0.064422	
1	0.759547	-0.439453	-1.363386	-0.064422	
1	0.781250	-0.408363	-1.385584	-0.075363	
1	0.781250	-0.408363	-1.385584	-0.075363	
1	0.796334	-0.390625	-1.398822	-0.082094	
1	0.796334	-0.390625	-1.398822	-0.082094	
1	0.829576	-0.341797	-1.427544	-0.097300	
1	0.829576	-0.341797	-1.427544	-0.097300	
1	0.830078	-0.340891	-1.427985	-0.097541	
1	0.830078	-0.340891	-1.427985	-0.097541	
1	0.863930	-0.292969	-1.452385	-0.111252	
1	0.863930	-0.292969	-1.452385	-0.111252	
1	0.878906	-0.265736	-1.463039	-0.117516	
1	0.878906	-0.265736	-1.463039	-0.117516	
1	0.894834	-0.244141	-1.472002	-0.122947	
1	0.894834	-0.244141	-1.472002	-0.122947	
1	0.922860	-0.195312	-1.487442	-0.132716	
1	0.922860	-0.195312	-1.487442	-0.132716	
1	0.927734	-0.184310	-1.490185	-0.134519	
1	0.927734	-0.184310	-1.490185	-0.134519	
1	0.952140	-0.146484	-1.500109	-0.141265	
1	0.952140	-0.146484	-1.500109	-0.141265	
1	0.975471	-0.097656	-1.509064	-0.147751	
1	0.975471	-0.097656	-1.509064	-0.147751	
1	0.976562	-0.094493	-1.509512	-0.148089	
1	0.976562	-0.094493	-1.509512	-0.148089	
1	1.003333	-0.048828	-1.516146	-0.153360	
1	1.003333	-0.048828	-1.516146	-0.153360	
1	1.022806	0.000000	-1.520347	-0.157108	
1	1.016383	0.195312	-1.521170	-0.164217	
1	0.977304	0.244141	-1.516091	-0.167328	
1	0.977304	0.244141	-1.516091	-0.167328	
1	0.976562	0.244712	-1.515984	-0.167387	
1	0.976562	0.244712	-1.515984	-0.167387	
1	0.941606	0.292969	-1.508365	-0.171246	
1	0.941606	0.292969	-1.508365	-0.171246	
1	0.927734	0.305740	-1.505083	-0.172778	
1	0.927734	0.305740	-1.505083	-0.172778	
1	0.900919	0.341797	-1.496628	-0.176485	
1	0.900919	0.341797	-1.496628	-0.176485	
1	0.878906	0.363060	-1.489278	-0.179513	
1	0.878906	0.363060	-1.489278	-0.179513	
1	0.857310	0.390625	-1.480323	-0.183009	
1	0.857310	0.390625	-1.480323	-0.183009	
1	0.830078	0.416808	-1.468489	-0.187383	
1	0.830078	0.416808	-1.468489	-0.187383	
1	0.811099	0.439453	-1.458688	-0.190826	
1	0.811099	0.439453	-1.458688	-0.190826	
1	0.781250	0.467207	-1.442599	-0.196192	
1	0.781250	0.467207	-1.442599	-0.196192	
1	0.762126	0.488281	-1.430708	-0.199958	
1	0.762126	0.488281	-1.430708	-0.199958	
1	0.732422	0.514469	-1.411458	-0.205751	
1	0.732422	0.514469	-1.411458	-0.205751	
1	0.709918	0.537109	-1.394982	-0.210443	
1	0.709918	0.537109	-1.394982	-0.210443	
1	0.683594	0.558766	-1.374893	-0.215874	
1	0.683594	0.558766	-1.374893	-0.215874	
1	0.653643	0.585938	-1.349447	-0.222340	
1	0.653643	0.585938	-1.349447	-0.222340	
1	0.634766	0.600213	-1.332716	-0.226367	
1	0.634766	0.600213	-1.332716	-0.226367	
1	0.591915	0.634766	-1.290836	-0.235744	
1	0.591915	0.634766	-1.290836	-0.235744	
1	0.585938	0.638855	-1.284737	-0.237032	
1	0.585938	0.638855	-1.284737	-0.237032	
1	0.537109	0.674745	-1.230750	-0.247662	
1	0.537109	0.674745	-1.230750	-0.247662	
1	0.525426	0.683594	-1.216791	-0.250200	
1	0.525426	0.683594	-1.216791	-0.250200	
1	0.488281	0.708006	-1.170534	-0.258044	
1	0.488281	0.708006	-1.170534	-0.258044	
1	0.450145	0.732422	-1.118998	-0.265837	
1	0.450145	0.732422	-1.118998	-0.265837	
1	0.439453	0.738468	-1.103929	-0.267940	
1	0.439453	0.738468	-1.103929	-0.267940	
1	0.390625	0.766370	-1.030719	-0.277114	
1	0.390625	0.766370	-1.030719	-0.277114	
1	0.362809	0.781250	-0.985990	-0.281919	
1	0.362809	0.781250	-0.985990	-0.281919	
1	0.341797	0.791449	-0.950817	-0.285300	
1	0.341797	0.791449	-0.950817	-0.285300	
1	0.292969	0.813839	-0.864124	-0.292231	
1	0.292969	0.813839	-0.864124	-0.292231	
1	0.252270	0.830078	-0.786723	-0.296840	
1	0.252270	0.830078	-0.786723	-0.296840	
1	0.244141	0.833118	-0.770699	-0.297619	
1	0.244141	0.833118	-0.770699	-0.297619	
1	0.195312	0.849904	-0.670611	-0.301180	
1	0.195312	0.849904	-0.670611	-0.301180	
1	0.146484	0.863362	-0.564203	-0.302628	
1	0.146484	0.863362	-0.564203	-0.302628	
1	0.097656	0.873498	-0.451902	-0.301694	
1	0.097656	0.873498	-0.451902	-0.301694	
1	0.059354	0.878906	-0.360077	-0.299135	
1	0.059354	0.878906	-0.360077	-0.299135	
1	0.048828	0.880406	-0.334364	-0.298137	
1	0.048828	0.880406	-0.334364	-0.298137	
1	0.000000	0.884103	-0.212499	-0.291766	
1	0.000000	0.884103	-0.212499	-0.291766	
1	-0.048828	0.884136	-0.087361	-0.282452	
1	-0.048828	0.884136	-0.087361	-0.282452	
1	-0.097656	0.880392	0.039804	-0.270145	
1	-0.097656	0.880392	0.039804	-0.270145	
1	-0.107330	0.878906	0.065202	-0.267344	
1	-0.107330	0.878906	0.065202	-0.267344	
1	-0.146484	0.873083	0.167513	-0.254897	
1	-0.146484	0.873083	0.167513	-0.254897	
1	-0.195312	0.861960	0.294344	-0.236846	
1	-0.195312	0.861960	0.294344	-0.236846	
1	-0.244141	0.846763	0.418947	-0.216204	
1	-0.244141	0.846763	0.418947	-0.216204	
1	-0.286646	0.830078	0.524619	-0.196343	
1	-0.286646	0.830078	0.524619	-0.196343	
1	-0.292969	0.827467	0.539998	-0.193266	
1	-0.292969	0.827467	0.539998	-0.193266	
1	-0.341797	0.804503	0.656113	-0.168433	
1	-0.341797	0.804503	0.656113	-0.168433	
1	-0.384155	0.781250	0.752231	-0.145631	
1	-0.384155	0.781250	0.752231	-0.145631	
1	-0.390625	0.777332	0.766544	-0.142052	
1	-0.390625	0.777332	0.766544	-0.142052	
1	-0.439453	0.746268	0.870362	-0.114573	
1	-0.439453	0.746268	0.870362	-0.114573	
1	-0.460230	0.732422	0.912119	-0.102728	
1	-0.460230	0.732422	0.912119	-0.102728	
1	-0.488281	0.711084	0.967095	-0.086389	
1	-0.488281	0.711084	0.967095	-0.086389	
1	-0.523979	0.683594	1.032701	-0.065705	
1	-0.523979	0.683594	1.032701	-0.065705	
1	-0.537109	0.671824	1.056310	-0.057925	
1	-0.537109	0.671824	1.056310	-0.057925	
1	-0.579750	0.634766	1.127618	-0.033246	
1	-0.579750	0.634766	1.127618	-0.033246	
1	-0.585938	0.628401	1.137781	-0.029575	
1	-0.585938	0.628401	1.137781	-0.029575	
1	-0.630141	0.585938	1.204546	-0.004415	
1	-0.630141	0.585938	1.204546	-0.004415	
1	-0.634766	0.580604	1.211434	-0.001710	
1	-0.634766	0.580604	1.211434	-0.001710	
1	-0.676521	0.537109	1.267829	0.021301	
1	-0.676521	0.537109	1.267829	0.021301	
1	-0.683594	0.528156	1.277277	0.025316	
1	-0.683594	0.528156	1.277277	0.025316	
1	-0.719574	0.488281	1.320165	0.044191	
1	-0.719574	0.488281	1.320165	0.044191	
1	-0.732422	0.470792	1.335332	0.051140	
1	-0.732422	0.470792	1.335332	0.051140	
1	-0.759547	0.439453	1.363386	0.064422	
1	-0.759547	0.439453	1.363386	0.064422	
1	-0.781250	0.408363	1.385584	0.075363	
1	-0.781250	0.408363	1.385584	0.075363	
1	-0.796334	0.390625	1.398822	0.082094	
1	-0.796334	0.390625	1.398822	0.082094	
1	-0.829576	0.341797	1.427544	0.097300	
1	-0.829576	0.341797	1.427544	0.097300	
1	-0.830078	0.340891	1.427985	0.097541	
1	-0.830078	0.340891	1.427985	0.097541	
1	-0.863930	0.292969	1.452385	0.111252	
1	-0.863930	0.292969	1.452385	0.111252	
1	-0.878906	0.265736	1.463039	0.117516	
1	-0.878906	0.265736	1.463039	0.117516	
1	-0.894834	0.244141	1.472002	0.122947	
1	-0.894834	0.244141	1.472002	0.122947	
1	-0.922860	0.195312	1.487442	0.132716	
1	-0.922860	0.195312	1.487442	0.132716	
1	-0.927734	0.184310	1.490185	0.134519	
1	-0.927734	0.184310	1.490185	0.134519	
1	-0.952140	0.146484	1.500109	0.141265	
1	-0.952140	0.146484	1.500109	0.141265	
1	-0.975471	0.097656	1.509064	0.147751	
1	-0.975471	0.097656	1.509064	0.147751	
1	-0.976562	0.094493	1.509512	0.148089	
1	-0.976562	0.094493	1.509512	0.148089	
1	-1.003333	0.048828	1.516146	0.153360	
1	-1.003333	0.048828	1.516146	0.153360	
1	-1.022806	0.000000	1.520347	0.157108	
1	-1.016383	-0.195312	1.521170	0.164217	
1	-0.977304	-0.244141	1.516091	0.167328	
1	-0.977304	-0.244141	1.516091	0.167328	
1	-0.976562	-0.244712	1.515984	0.167387	
1	-0.976562	-0.244712	1.515984	0.167387	
1	-0.941606	-0.292969	1.508365	0.171246	
1	-0.941606	-0.292969	1.508365	0.171246	
1	-0.927734	-0.305740	1.505083	0.172778	
1	-0.927734	-0.305740	1.505083	0.172778	
1	-0.900919	-0.341797	1.496628	0.176485	
1	-0.900919	-0.341797	1.496628	0.176485	
1	-0.878906	-0.363060	1.489278	0.179513	
1	-0.878906	-0.363060	1.489278	0.179513	
1	-0.857310	-0.390625	1.480323	0.183009	
1	-0.857310	-0.390625	1.480323	0.183009	
1	-0.830078	-0.416808	1.468489	0.187383	
1	-0.830078	-0.416808	1.468489	0.187383	
1	-0.811099	-0.439453	1.458688	0.190826	
1	-0.811099	-0.439453	1.458688	0.190826	
1	-0.781250	-0.467207	1.442599	0.196192	
1	-0.781250	-0.467207	1.442599	0.196192	
1	-0.762126	-0.488281	1.430708	0.199958	
1	-0.762126	-0.488281	1.430708	0.199958	
1	-0.732422	-0.514469	1.411458	0.205751	
1	-0.732422	-0.514469	1.411458	0.205751	
1	-0.709918	-0.537109	1.394982	0.210443	
1	-0.709918	-0.537109	1.394982	0.210443	
1	-0.683594	-0.558766	1.374893	0.215874	
1	-0.683594	-0.558766	1.374893	0.215874	
1	-0.653643	-0.585938	1.349447	0.222340	
1	-0.653643	-0.585938	1.349447	0.222340	
1	-0.634766	-0.600213	1.332716	0.226367	
1	-0.634766	-0.600213	1.332716	0.226367	
1	-0.591915	-0.634766	1.290836	0.235744	
1	-0.591915	-0.634766	1.290836	0.235744	
1	-0.585938	-0.638855	1.284737	0.237032	
1	-0.585938	-0.638855	1.284737	0.237032	
1	-0.537109	-0.674745	1.230750	0.247662	
1	-0.537109	-0.674745	1.230750	0.247662	
1	-0.525426	-0.683594	1.216791	0.250200	
1	-0.525426	-0.683594	1.216791	0.250200	
1	-0.488281	-0.708006	1.170534	0.258044	
1	-0.488281	-0.708006	1.170534	0.258044	
1	-0.450145	-0.732422	1.118998	0.265837	
1	-0.450145	-0.732422	1.118998	0.265837	
1	-0.439453	-0.738468	1.103929	0.267940	
1	-0.439453	-0.738468	1.103929	0.267940	
1	-0.390625	-0.766370	1.030719	0.277114	
1	-0.390625	-0.766370	1.030719	0.277114	
1	-0.362809	-0.781250	0.985990	0.281919	
1	-0.362809	-0.781250	0.985990	0.281919	
1	-0.341797	-0.791449	0.950817	0.285300	
1	-0.341797	-0.791449	0.950817	0.285300	
1	-0.292969	-0.813839	0.864124	0.292231	
1	-0.292969	-0.813839	0.864124	0.292231	
1	-0.252270	-0.830078	0.786723	0.296840	
1	-0.252270	-0.830078	0.786723	0.296840	
1	-0.244141	-0.833118	0.770699	0.297619	
1	-0.244141	-0.833118	0.770699	0.297619	
1	-0.195312	-0.849904	0.670611	0.301180	
1	-0.195312	-0.849904	0.670611	0.301180	
1	-0.146484	-0.863362	0.564203	0.302628	
1	-0.146484	-0.863362	0.564203	0.302628	
1	-0.097656	-0.873498	0.451902	0.301694	
1	-0.097656	-0.873498	0.451902	0.301694	
1	-0.059354	-0.878906	0.360077	0.299135	
1	-0.059354	-0.878906	0.360077	0.299135	
1	-0.048828	-0.880406	0.334364	0.298137	
