#REFERENCE 3 203.8541010 41.0050560
3.1 1.412 0.149 0.024 0.020 40.16 4.500 2.60 -0.690 -0.070 2.15 0.45
3.1 1.412 0.149 0.024 0.020 40.16 4.500 2.60 -1.515 -0.165 2.99 -0.39
3.1 1.412 0.149 0.024 0.020 40.16 4.500 2.60 4.895 0.518 0.51 2.09
3.1 1.412 0.149 0.024 0.020 40.16 4.500 2.60 -0.925 -0.837 2.61 -0.00
3.1 1.412 0.149 0.024 0.020 40.16 4.500 2.60 -1.076 0.623 2.60 0.00
3.2 1.415 0.115 0.026 0.016 56.87 4.500 2.85 -0.722 0.111 2.42 0.44
3.2 1.415 0.115 0.026 0.016 56.87 4.500 2.85 -1.469 -0.398 3.13 -0.28
3.2 1.415 0.115 0.026 0.016 56.87 4.500 2.85 4.900 0.465 0.51 2.34
3.2 1.415 0.115 0.026 0.016 56.87 4.500 2.85 -0.961 0.550 2.73 0.12
3.2 1.415 0.115 0.026 0.016 56.87 4.500 2.85 -1.035 -0.875 2.85 -0.00
4.1 1.496 0.142 0.019 0.005 40.20 4.500 4.49 4.981 0.502 0.50 3.99
4.2 1.487 0.164 0.015 0.012 146.16 4.500 3.81 -1.306 -0.052 4.29 -0.47
4.2 1.487 0.164 0.015 0.012 146.16 4.500 3.81 -0.831 -0.142 3.44 0.37
4.2 1.487 0.164 0.015 0.012 146.16 4.500 3.81 4.970 0.537 0.50 3.31
4.2 1.487 0.164 0.015 0.012 146.16 4.500 3.81 -1.154 0.294 4.04 -0.22
4.2 1.487 0.164 0.015 0.012 146.16 4.500 3.81 -0.990 -0.522 3.81 0.00
