#REFERENCE 0 210.2576280 2.8961450
1.1 210.2569323 2.8963279 0.221101 0.058879 119.00952 4.5000 0.94 
1.1 210.2577466 2.8965545 0.306546 0.128648 39.23986 4.5000 -0.26 
1.1 210.2580938 2.8964471 0.176003 0.175994 24.50566 4.5000 0.00 
1.2 210.2569274 2.8963226 0.159965 0.053601 102.05554 4.5000 1.27 
1.2 210.2580862 2.8964451 0.228166 0.096160 54.69221 4.5000 0.25 
1.2 210.2577576 2.8965479 0.166019 0.165990 2.26385 4.5000 -0.00 
1.3 210.2580677 2.8964765 0.647762 0.141262 30.51512 4.5000 -1.13 
1.3 210.2577702 2.8965707 0.638758 0.173750 3.25027 4.5000 -1.34 
1.3 210.2569291 2.8963462 0.180004 0.180003 177.34835 4.5000 -0.00 
