#REFERENCE 3 180.3146860 23.1330970
1	-0.207569	-0.244141	0.241566	0.296324	
1	-0.195312	-0.254758	0.225311	0.309631	
1	-0.195312	-0.254758	0.225311	0.309631	
1	-0.207569	-0.244141	0.241566	0.296324	
1	-0.244141	-0.207628	0.289001	0.248519	
1	-0.244141	-0.207628	0.289001	0.248519	
1	-0.254709	-0.195312	0.302290	0.232035	
1	-0.254709	-0.195312	0.302290	0.232035	
1	-0.285789	-0.146484	0.342748	0.168411	
1	-0.285789	-0.146484	0.342748	0.168411	
1	-0.292969	-0.127374	0.354197	0.144580	
1	-0.292969	-0.127374	0.354197	0.144580	
1	-0.307007	-0.097656	0.369377	0.105064	
1	-0.307007	-0.097656	0.369377	0.105064	
1	-0.319488	-0.048828	0.384631	0.042881	
1	-0.319488	-0.048828	0.384631	0.042881	
1	-0.323218	0.000000	0.390081	-0.017982	
1	-0.323218	0.000000	0.390081	-0.017982	
1	-0.319515	0.048828	0.386422	-0.077853	
1	-0.319515	0.048828	0.386422	-0.077853	
1	-0.307089	0.097656	0.373508	-0.137056	
1	-0.307089	0.097656	0.373508	-0.137056	
1	-0.292969	0.127910	0.360080	-0.174324	
1	-0.292969	0.127910	0.360080	-0.174324	
1	-0.285908	0.146484	0.350300	-0.195631	
1	-0.285908	0.146484	0.350300	-0.195631	
1	-0.254961	0.195312	0.314856	-0.252998	
1	-0.254961	0.195312	0.314856	-0.252998	
1	-0.244141	0.207995	0.302841	-0.268087	
1	-0.244141	0.207995	0.302841	-0.268087	
1	-0.207963	0.244141	0.261319	-0.309954	
1	-0.207963	0.244141	0.261319	-0.309954	
1	-0.195312	0.255044	0.246404	-0.322023	
1	-0.195312	0.255044	0.246404	-0.322023	
1	-0.146484	0.285988	0.190137	-0.357362	
1	-0.146484	0.285988	0.190137	-0.357362	
1	-0.127996	0.292969	0.169475	-0.367005	
1	-0.127996	0.292969	0.169475	-0.367005	
1	-0.097656	0.307206	0.133080	-0.380338	
1	-0.097656	0.307206	0.133080	-0.380338	
1	-0.048828	0.319621	0.075716	-0.393053	
1	-0.048828	0.319621	0.075716	-0.393053	
1	0.000000	0.323304	0.017851	-0.396646	
1	0.000000	0.323304	0.017851	-0.396646	
1	0.048828	0.319565	-0.040971	-0.391297	
1	0.048828	0.319565	-0.040971	-0.391297	
1	0.097656	0.307069	-0.101221	-0.376284	
1	0.097656	0.307069	-0.101221	-0.376284	
1	0.127341	0.292969	-0.139659	-0.361287	
1	0.127341	0.292969	-0.139659	-0.361287	
1	0.146484	0.285827	-0.162911	-0.349940	
1	0.146484	0.285827	-0.162911	-0.349940	
1	0.195312	0.254758	-0.225311	-0.309631	
1	0.195312	0.254758	-0.225311	-0.309631	
1	0.207569	0.244141	-0.241566	-0.296324	
1	0.207569	0.244141	-0.241566	-0.296324	
1	0.244141	0.207628	-0.289001	-0.248519	
1	0.244141	0.207628	-0.289001	-0.248519	
1	0.254709	0.195312	-0.302290	-0.232035	
1	0.254709	0.195312	-0.302290	-0.232035	
1	0.285789	0.146484	-0.342748	-0.168411	
1	0.285789	0.146484	-0.342748	-0.168411	
1	0.292969	0.127374	-0.354197	-0.144580	
1	0.292969	0.127374	-0.354197	-0.144580	
1	0.307007	0.097656	-0.369377	-0.105064	
1	0.307007	0.097656	-0.369377	-0.105064	
1	0.319488	0.048828	-0.384631	-0.042881	
1	0.319488	0.048828	-0.384631	-0.042881	
1	0.323218	0.000000	-0.390081	0.017982	
1	0.323218	0.000000	-0.390081	0.017982	
1	0.319515	-0.048828	-0.386422	0.077853	
1	0.319515	-0.048828	-0.386422	0.077853	
1	0.307089	-0.097656	-0.373508	0.137056	
1	0.307089	-0.097656	-0.373508	0.137056	
1	0.292969	-0.127910	-0.360080	0.174324	
1	0.292969	-0.127910	-0.360080	0.174324	
1	0.285908	-0.146484	-0.350300	0.195631	
1	0.285908	-0.146484	-0.350300	0.195631	
1	0.254961	-0.195312	-0.314856	0.252998	
1	0.254961	-0.195312	-0.314856	0.252998	
1	0.244141	-0.207995	-0.302841	0.268087	
1	0.244141	-0.207995	-0.302841	0.268087	
1	0.207963	-0.244141	-0.261319	0.309954	
1	0.207963	-0.244141	-0.261319	0.309954	
1	0.195312	-0.255044	-0.246404	0.322023	
1	0.195312	-0.255044	-0.246404	0.322023	
1	0.146484	-0.285988	-0.190137	0.357362	
1	0.146484	-0.285988	-0.190137	0.357362	
1	0.127996	-0.292969	-0.169475	0.367005	
1	0.127996	-0.292969	-0.169475	0.367005	
1	0.097656	-0.307206	-0.133080	0.380338	
1	0.097656	-0.307206	-0.133080	0.380338	
1	0.048828	-0.319621	-0.075716	0.393053	
1	0.048828	-0.319621	-0.075716	0.393053	
1	0.000000	-0.323304	-0.017851	0.396646	
1	0.000000	-0.323304	-0.017851	0.396646	
1	-0.048828	-0.319565	0.040971	0.391297	
1	-0.048828	-0.319565	0.040971	0.391297	
1	-0.097656	-0.307069	0.101221	0.376284	
1	-0.097656	-0.307069	0.101221	0.376284	
1	-0.127341	-0.292969	0.139659	0.361287	
1	-0.127341	-0.292969	0.139659	0.361287	
1	-0.146484	-0.285827	0.162911	0.349940	
1	-0.146484	-0.285827	0.162911	0.349940	
