#REFERENCE 3 99.7096370 -53.9831290
2.3 -0.216 -0.029 0.082 0.007 110.94 4.500 2.66 -1.308 0.367 0.98 1.68
2.3 -0.216 -0.029 0.082 0.007 110.94 4.500 2.66 0.542 0.560 0.37 2.29
2.3 -0.216 -0.029 0.082 0.007 110.94 4.500 2.66 0.020 0.010 -4.83 7.49
2.3 -0.216 -0.029 0.082 0.007 110.94 4.500 2.66 0.364 -0.969 2.66 -0.00
2.1 -0.250 -0.051 0.126 0.052 167.03 4.500 0.96 0.520 0.521 0.27 0.70
2.1 -0.250 -0.051 0.126 0.052 167.03 4.500 0.96 0.025 0.014 -4.74 5.70
2.1 -0.250 -0.051 0.126 0.052 167.03 4.500 0.96 -1.354 0.303 0.96 -0.00
2.2 -0.156 -0.087 0.105 0.100 53.29 4.500 0.21 0.564 -0.960 1.68 -1.47
2.2 -0.156 -0.087 0.105 0.100 53.29 4.500 0.21 -0.281 -1.050 1.38 -1.17
2.2 -0.156 -0.087 0.105 0.100 53.29 4.500 0.21 -1.263 0.244 1.11 -0.89
2.2 -0.156 -0.087 0.105 0.100 53.29 4.500 0.21 0.016 0.016 -4.88 5.09
2.2 -0.156 -0.087 0.105 0.100 53.29 4.500 0.21 0.462 0.620 0.21 -0.00
