#REFERENCE 3 87.3042530 -62.0775650
1	-1.562500	-2.207823	0.918084	0.868179	
1	-1.572383	-2.197266	0.919778	0.870565	
1	-1.572383	-2.197266	0.919778	0.870565	
1	-1.562500	-2.207823	0.918084	0.868179	
1	-1.525558	-2.246094	0.912108	0.859588	
1	-1.525558	-2.246094	0.912108	0.859588	
1	-1.513672	-2.258120	0.910253	0.856864	
1	-1.513672	-2.258120	0.910253	0.856864	
1	-1.476057	-2.294922	0.904765	0.848629	
1	-1.476057	-2.294922	0.904765	0.848629	
1	-1.464844	-2.305665	0.903176	0.846194	
1	-1.464844	-2.305665	0.903176	0.846194	
1	-1.423621	-2.343750	0.897763	0.837714	
1	-1.423621	-2.343750	0.897763	0.837714	
1	-1.416016	-2.350649	0.896786	0.836151	
1	-1.416016	-2.350649	0.896786	0.836151	
1	-1.367944	-2.392578	0.891117	0.826870	
1	-1.367944	-2.392578	0.891117	0.826870	
1	-1.367188	-2.393228	0.891029	0.826722	
1	-1.367188	-2.393228	0.891029	0.826722	
1	-1.318359	-2.433649	0.885809	0.817816	
1	-1.318359	-2.433649	0.885809	0.817816	
1	-1.308563	-2.441406	0.884868	0.816169	
1	-1.308563	-2.441406	0.884868	0.816169	
1	-1.269531	-2.471957	0.881117	0.809475	
1	-1.269531	-2.471957	0.881117	0.809475	
1	-1.245038	-2.490234	0.879025	0.805641	
1	-1.245038	-2.490234	0.879025	0.805641	
1	-1.220703	-2.508227	0.876927	0.801717	
1	-1.220703	-2.508227	0.876927	0.801717	
1	-1.176829	-2.539062	0.873599	0.795312	
1	-1.176829	-2.539062	0.873599	0.795312	
1	-1.171875	-2.542521	0.873216	0.794560	
1	-1.171875	-2.542521	0.873216	0.794560	
1	-1.123047	-2.575127	0.869867	0.787832	
1	-1.123047	-2.575127	0.869867	0.787832	
1	-1.102867	-2.587891	0.868676	0.785369	
1	-1.102867	-2.587891	0.868676	0.785369	
1	-1.074219	-2.605955	0.866918	0.781659	
1	-1.074219	-2.605955	0.866918	0.781659	
1	-1.025391	-2.634995	0.864371	0.776100	
1	-1.025391	-2.634995	0.864371	0.776100	
1	-1.022344	-2.636719	0.864236	0.775800	
1	-1.022344	-2.636719	0.864236	0.775800	
1	-0.976562	-2.662629	0.862077	0.770881	
1	-0.976562	-2.662629	0.862077	0.770881	
1	-0.933297	-2.685547	0.860398	0.766907	
1	-0.933297	-2.685547	0.860398	0.766907	
1	-0.927734	-2.688501	0.860165	0.766343	
1	-0.927734	-2.688501	0.860165	0.766343	
1	-0.878906	-2.713065	0.858467	0.762134	
1	-0.878906	-2.713065	0.858467	0.762134	
1	-0.833426	-2.734375	0.857209	0.758884	
1	-0.833426	-2.734375	0.857209	0.758884	
1	-0.830078	-2.735953	0.857105	0.758610	
1	-0.830078	-2.735953	0.857105	0.758610	
1	-0.781250	-2.757653	0.855909	0.755372	
1	-0.781250	-2.757653	0.855909	0.755372	
1	-0.732422	-2.777766	0.855003	0.752803	
1	-0.732422	-2.777766	0.855003	0.752803	
1	-0.718268	-2.783203	0.854822	0.752274	
1	-0.718268	-2.783203	0.854822	0.752274	
1	-0.683594	-2.796664	0.854261	0.750598	
1	-0.683594	-2.796664	0.854261	0.750598	
1	-0.634766	-2.814202	0.853720	0.748909	
1	-0.634766	-2.814202	0.853720	0.748909	
1	-0.585938	-2.830309	0.853389	0.747827	
1	-0.585938	-2.830309	0.853389	0.747827	
1	-0.580273	-2.832031	0.853379	0.747791	
1	-0.580273	-2.832031	0.853379	0.747791	
1	-0.537109	-2.845349	0.853160	0.747037	
1	-0.537109	-2.845349	0.853160	0.747037	
1	-0.488281	-2.859073	0.853092	0.746787	
1	-0.488281	-2.859073	0.853092	0.746787	
1	-0.439453	-2.871480	0.853174	0.747095	
1	-0.439453	-2.871480	0.853174	0.747095	
1	-0.398334	-2.880859	0.853359	0.747843	
1	-0.398334	-2.880859	0.853359	0.747843	
1	-0.390625	-2.882651	0.853372	0.747901	
1	-0.390625	-2.882651	0.853372	0.747901	
1	-0.341797	-2.892776	0.853637	0.749039	
1	-0.341797	-2.892776	0.853637	0.749039	
1	-0.292969	-2.901660	0.854002	0.750707	
1	-0.292969	-2.901660	0.854002	0.750707	
1	-0.244141	-2.909329	0.854449	0.752891	
1	-0.244141	-2.909329	0.854449	0.752891	
1	-0.195312	-2.915804	0.854961	0.755580	
1	-0.195312	-2.915804	0.854961	0.755580	
1	-0.146484	-2.921105	0.855524	0.758764	
1	-0.146484	-2.921105	0.855524	0.758764	
1	-0.097656	-2.925247	0.856124	0.762436	
1	-0.097656	-2.925247	0.856124	0.762436	
1	-0.048828	-2.928240	0.856746	0.766593	
1	-0.048828	-2.928240	0.856746	0.766593	
1	-0.010626	-2.929688	0.857253	0.770275	
1	-0.010626	-2.929688	0.857253	0.770275	
1	0.000000	-2.930101	0.857377	0.771221	
1	0.000000	-2.930101	0.857377	0.771221	
1	0.048828	-2.930831	0.858005	0.776325	
1	0.048828	-2.930831	0.858005	0.776325	
1	0.097656	-2.930398	0.858621	0.781937	
1	0.097656	-2.930398	0.858621	0.781937	
1	0.119410	-2.929688	0.858903	0.784739	
1	0.119410	-2.929688	0.858903	0.784739	
1	0.146484	-2.928817	0.859213	0.788043	
1	0.146484	-2.928817	0.859213	0.788043	
1	0.195312	-2.926103	0.859764	0.794630	
1	0.195312	-2.926103	0.859764	0.794630	
1	0.244141	-2.922231	0.860267	0.801721	
1	0.244141	-2.922231	0.860267	0.801721	
1	0.292969	-2.917186	0.860707	0.809327	
1	0.292969	-2.917186	0.860707	0.809327	
1	0.341797	-2.910952	0.861072	0.817461	
1	0.341797	-2.910952	0.861072	0.817461	
1	0.390625	-2.903511	0.861349	0.826136	
1	0.390625	-2.903511	0.861349	0.826136	
1	0.439453	-2.894840	0.861524	0.835367	
1	0.439453	-2.894840	0.861524	0.835367	
1	0.488281	-2.884915	0.861582	0.845169	
1	0.488281	-2.884915	0.861582	0.845169	
1	0.506127	-2.880859	0.861570	0.849003	
1	0.506127	-2.880859	0.861570	0.849003	
1	0.537109	-2.873833	0.861508	0.855441	
1	0.537109	-2.873833	0.861508	0.855441	
1	0.585938	-2.861522	0.861289	0.866243	
1	0.585938	-2.861522	0.861289	0.866243	
1	0.634766	-2.847877	0.860907	0.877661	
1	0.634766	-2.847877	0.860907	0.877661	
1	0.683594	-2.832866	0.860345	0.889711	
1	0.683594	-2.832866	0.860345	0.889711	
1	0.686123	-2.832031	0.860309	0.890371	
1	0.686123	-2.832031	0.860309	0.890371	
1	0.732422	-2.816669	0.859594	0.902210	
1	0.732422	-2.816669	0.859594	0.902210	
1	0.781250	-2.799041	0.858628	0.915369	
1	0.781250	-2.799041	0.858628	0.915369	
1	0.821869	-2.783203	0.857640	0.926884	
1	0.821869	-2.783203	0.857640	0.926884	
1	0.830078	-2.779973	0.857427	0.929179	
1	0.830078	-2.779973	0.857427	0.929179	
1	0.878906	-2.759567	0.855984	0.943523	
1	0.878906	-2.759567	0.855984	0.943523	
1	0.927734	-2.737589	0.854259	0.958592	
1	0.927734	-2.737589	0.854259	0.958592	
1	0.934521	-2.734375	0.853992	0.960774	
1	0.934521	-2.734375	0.853992	0.960774	
1	0.976562	-2.714167	0.852248	0.974241	
1	0.976562	-2.714167	0.852248	0.974241	
1	1.025391	-2.689098	0.849910	0.990627	
1	1.025391	-2.689098	0.849910	0.990627	
1	1.032005	-2.685547	0.849563	0.992928	
1	1.032005	-2.685547	0.849563	0.992928	
1	1.074219	-2.662443	0.847234	1.007662	
1	1.074219	-2.662443	0.847234	1.007662	
1	1.118524	-2.636719	0.844474	1.023795	
1	1.118524	-2.636719	0.844474	1.023795	
1	1.123047	-2.634033	0.844177	1.025457	
1	1.123047	-2.634033	0.844177	1.025457	
1	1.171875	-2.603868	0.840720	1.043973	
1	1.171875	-2.603868	0.840720	1.043973	
1	1.196537	-2.587891	0.838803	1.053650	
1	1.196537	-2.587891	0.838803	1.053650	
1	1.220703	-2.571812	0.836821	1.063283	
1	1.220703	-2.571812	0.836821	1.063283	
1	1.267759	-2.539062	0.832614	1.082652	
1	1.267759	-2.539062	0.832614	1.082652	
1	1.269531	-2.537792	0.832446	1.083397	
1	1.269531	-2.537792	0.832446	1.083397	
1	1.318359	-2.501664	0.827548	1.104381	
1	1.318359	-2.501664	0.827548	1.104381	
1	1.333259	-2.490234	0.825949	1.110935	
1	1.333259	-2.490234	0.825949	1.110935	
1	1.367188	-2.463307	0.822080	1.126270	
1	1.367188	-2.463307	0.822080	1.126270	
1	1.393896	-2.441406	0.818845	1.138580	
1	1.393896	-2.441406	0.818845	1.138580	
1	1.416016	-2.422578	0.815990	1.149107	
1	1.416016	-2.422578	0.815990	1.149107	
1	1.450280	-2.392578	0.811333	1.165657	
1	1.450280	-2.392578	0.811333	1.165657	
1	1.464844	-2.379297	0.809216	1.172955	
1	1.464844	-2.379297	0.809216	1.172955	
1	1.502903	-2.343750	0.803438	1.192217	
1	1.502903	-2.343750	0.803438	1.192217	
1	1.513672	-2.333239	0.801683	1.197896	
1	1.513672	-2.333239	0.801683	1.197896	
1	1.552163	-2.294922	0.795182	1.218296	
1	1.552163	-2.294922	0.795182	1.218296	
1	1.562500	-2.284132	0.793301	1.224030	
1	1.562500	-2.284132	0.793301	1.224030	
1	1.598378	-2.246094	0.786586	1.243927	
1	1.598378	-2.246094	0.786586	1.243927	
1	1.611328	-2.231650	0.783964	1.251473	
1	1.611328	-2.231650	0.783964	1.251473	
1	1.641801	-2.197266	0.777666	1.269134	
1	1.641801	-2.197266	0.777666	1.269134	
1	1.660156	-2.175407	0.773548	1.280353	
1	1.660156	-2.175407	0.773548	1.280353	
1	1.682630	-2.148438	0.768436	1.293946	
1	1.682630	-2.148438	0.768436	1.293946	
1	1.708984	-2.114956	0.761908	1.310807	
1	1.708984	-2.114956	0.761908	1.310807	
1	1.721017	-2.099609	0.758906	1.318387	
1	1.721017	-2.099609	0.758906	1.318387	
1	1.757090	-2.050781	0.749086	1.342481	
1	1.757090	-2.050781	0.749086	1.342481	
1	1.757812	-2.049746	0.748873	1.342994	
1	1.757812	-2.049746	0.748873	1.342994	
1	1.791225	-2.001953	0.739017	1.366168	
1	1.791225	-2.001953	0.739017	1.366168	
1	1.806641	-1.978375	0.734017	1.377583	
1	1.806641	-1.978375	0.734017	1.377583	
1	1.823244	-1.953125	0.728675	1.389541	
1	1.823244	-1.953125	0.728675	1.389541	
1	1.853230	-1.904297	0.718067	1.412617	
1	1.853230	-1.904297	0.718067	1.412617	
1	1.855469	-1.900402	0.717200	1.414465	
1	1.855469	-1.900402	0.717200	1.414465	
1	1.881600	-1.855469	0.707249	1.435298	
1	1.881600	-1.855469	0.707249	1.435298	
1	1.904297	-1.813338	0.697673	1.454723	
1	1.904297	-1.813338	0.697673	1.454723	
1	1.907959	-1.806641	0.696162	1.457735	
1	1.907959	-1.806641	0.696162	1.457735	
1	1.932829	-1.757812	0.684886	1.479790	
1	1.932829	-1.757812	0.684886	1.479790	
1	1.953125	-1.714549	0.674656	1.499183	
1	1.953125	-1.714549	0.674656	1.499183	
1	1.955790	-1.708984	0.673352	1.501613	
1	1.955790	-1.708984	0.673352	1.501613	
1	1.977390	-1.660156	0.661654	1.523050	
1	1.977390	-1.660156	0.661654	1.523050	
1	1.997152	-1.611328	0.649708	1.544264	
1	1.997152	-1.611328	0.649708	1.544264	
1	2.001953	-1.598302	0.646450	1.549938	
1	2.001953	-1.598302	0.646450	1.549938	
1	2.015537	-1.562500	0.637601	1.565120	
1	2.015537	-1.562500	0.637601	1.565120	
1	2.032330	-1.513672	0.625294	1.585695	
1	2.032330	-1.513672	0.625294	1.585695	
1	2.047438	-1.464844	0.612774	1.606022	
1	2.047438	-1.464844	0.612774	1.606022	
1	2.050781	-1.452662	0.609585	1.611107	
1	2.050781	-1.452662	0.609585	1.611107	
1	2.061224	-1.416016	0.600115	1.625990	
1	2.061224	-1.416016	0.600115	1.625990	
1	2.073480	-1.367188	0.587283	1.645665	
1	2.073480	-1.367188	0.587283	1.645665	
1	2.084129	-1.318359	0.574267	1.665067	
1	2.084129	-1.318359	0.574267	1.665067	
1	2.093190	-1.269531	0.561079	1.684185	
1	2.093190	-1.269531	0.561079	1.684185	
1	2.099609	-1.227551	0.549587	1.700418	
1	2.099609	-1.227551	0.549587	1.700418	
1	2.100709	-1.220703	0.547737	1.702995	
1	2.100709	-1.220703	0.547737	1.702995	
1	2.106813	-1.171875	0.534281	1.721447	
1	2.106813	-1.171875	0.534281	1.721447	
1	2.111290	-1.123047	0.520675	1.739593	
1	2.111290	-1.123047	0.520675	1.739593	
1	2.114120	-1.074219	0.506930	1.757418	
1	2.114120	-1.074219	0.506930	1.757418	
1	2.115274	-1.025391	0.493055	1.774908	
1	2.115274	-1.025391	0.493055	1.774908	
1	2.114712	-0.976562	0.479060	1.792048	
1	2.114712	-0.976562	0.479060	1.792048	
1	2.112388	-0.927734	0.464955	1.808819	
1	2.112388	-0.927734	0.464955	1.808819	
1	2.108246	-0.878906	0.450751	1.825201	
1	2.108246	-0.878906	0.450751	1.825201	
1	2.102222	-0.830078	0.436462	1.841165	
1	2.102222	-0.830078	0.436462	1.841165	
1	2.099609	-0.813583	0.431585	1.846495	
1	2.099609	-0.813583	0.431585	1.846495	
1	2.094429	-0.781250	0.422146	1.856636	
1	2.094429	-0.781250	0.422146	1.856636	
1	2.084781	-0.732422	0.407819	1.871581	
1	2.084781	-0.732422	0.407819	1.871581	
1	2.073150	-0.683594	0.393493	1.885971	
1	2.073150	-0.683594	0.393493	1.885971	
1	2.059528	-0.634766	0.379211	1.899735	
1	2.059528	-0.634766	0.379211	1.899735	
1	2.050781	-0.606673	0.371032	1.907343	
1	2.050781	-0.606673	0.371032	1.907343	
1	2.044203	-0.585938	0.365092	1.912736	
1	2.044203	-0.585938	0.365092	1.912736	
1	2.027441	-0.537109	0.351256	1.924844	
1	2.027441	-0.537109	0.351256	1.924844	
1	2.009191	-0.488281	0.337750	1.935995	
1	2.009191	-0.488281	0.337750	1.935995	
1	2.001953	-0.469334	0.332668	1.940004	
1	2.001953	-0.469334	0.332668	1.940004	
1	1.990388	-0.439453	0.324853	1.945952	
1	1.990388	-0.439453	0.324853	1.945952	
1	1.971548	-0.390625	0.312746	1.954592	
1	1.971548	-0.390625	0.312746	1.954592	
1	1.953279	-0.341797	0.301625	1.961817	
1	1.953279	-0.341797	0.301625	1.961817	
1	1.953125	-0.341323	0.301527	1.961877	
1	1.953125	-0.341323	0.301527	1.961877	
1	1.937587	-0.292969	0.291986	1.967410	
1	1.937587	-0.292969	0.291986	1.967410	
1	1.924872	-0.244141	0.283949	1.971476	
1	1.924872	-0.244141	0.283949	1.971476	
1	1.916369	-0.195312	0.277790	1.974104	
1	1.916369	-0.195312	0.277790	1.974104	
1	1.913095	-0.146484	0.273700	1.975511	
1	1.913095	-0.146484	0.273700	1.975511	
1	1.915640	-0.097656	0.271737	1.976027	
1	1.915640	-0.097656	0.271737	1.976027	
1	1.924030	-0.048828	0.271799	1.976038	
1	1.924030	-0.048828	0.271799	1.976038	
1	1.937725	0.000000	0.273641	1.975918	
1	1.937725	0.000000	0.273641	1.975918	
1	1.953125	0.041405	0.276406	1.975944	
1	1.953125	0.041405	0.276406	1.975944	
1	1.956003	0.048828	0.276967	1.975972	
1	1.956003	0.048828	0.276967	1.975972	
1	1.979335	0.097656	0.281671	1.976447	
1	1.979335	0.097656	0.281671	1.976447	
1	2.001953	0.140414	0.286449	1.977308	
1	2.001953	0.140414	0.286449	1.977308	
1	2.005283	0.146484	0.287164	1.977467	
1	2.005283	0.146484	0.287164	1.977467	
1	2.034922	0.195312	0.293442	1.979158	
1	2.034922	0.195312	0.293442	1.979158	
1	2.050781	0.220371	0.296799	1.980275	
1	2.050781	0.220371	0.296799	1.980275	
1	2.066372	0.244141	0.300065	1.981497	
1	2.066372	0.244141	0.300065	1.981497	
1	2.099012	0.292969	0.306826	1.984445	
1	2.099012	0.292969	0.306826	1.984445	
1	2.099609	0.293835	0.306948	1.984503	
1	2.099609	0.293835	0.306948	1.984503	
1	2.133950	0.341797	0.313741	1.988038	
1	2.133950	0.341797	0.313741	1.988038	
1	2.148438	0.362291	0.316566	1.989676	
1	2.148438	0.362291	0.316566	1.989676	
1	2.169307	0.390625	0.320491	1.992120	
1	2.169307	0.390625	0.320491	1.992120	
1	2.197266	0.429434	0.325656	1.995641	
1	2.197266	0.429434	0.325656	1.995641	
1	2.204807	0.439453	0.326988	1.996608	
1	2.204807	0.439453	0.326988	1.996608	
1	2.240818	0.488281	0.333214	2.001460	
1	2.240818	0.488281	0.333214	2.001460	
1	2.246094	0.495652	0.334112	2.002206	
1	2.246094	0.495652	0.334112	2.002206	
1	2.277305	0.537109	0.339119	2.006603	
1	2.277305	0.537109	0.339119	2.006603	
1	2.294922	0.561690	0.341897	2.009221	
1	2.294922	0.561690	0.341897	2.009221	
1	2.313263	0.585938	0.344603	2.011904	
1	2.313263	0.585938	0.344603	2.011904	
1	2.343750	0.628510	0.349013	2.016578	
1	2.343750	0.628510	0.349013	2.016578	
1	2.348495	0.634766	0.349650	2.017287	
1	2.348495	0.634766	0.349650	2.017287	
1	2.383851	0.683594	0.354307	2.022744	
1	2.383851	0.683594	0.354307	2.022744	
1	2.392578	0.696447	0.355439	2.024151	
1	2.392578	0.696447	0.355439	2.024151	
1	2.418694	0.732422	0.358539	2.028179	
1	2.418694	0.732422	0.358539	2.028179	
1	2.441406	0.766129	0.361181	2.031838	
1	2.441406	0.766129	0.361181	2.031838	
1	2.452345	0.781250	0.362335	2.033507	
1	2.452345	0.781250	0.362335	2.033507	
1	2.485233	0.830078	0.365733	2.038709	
1	2.485233	0.830078	0.365733	2.038709	
1	2.490234	0.838103	0.366245	2.039534	
1	2.490234	0.838103	0.366245	2.039534	
1	2.517860	0.878906	0.368765	2.043768	
1	2.517860	0.878906	0.368765	2.043768	
1	2.539062	0.913185	0.370651	2.047150	
1	2.539062	0.913185	0.370651	2.047150	
1	2.548886	0.927734	0.371422	2.048591	
1	2.548886	0.927734	0.371422	2.048591	
1	2.579177	0.976562	0.373752	2.053188	
1	2.579177	0.976562	0.373752	2.053188	
1	2.587891	0.992058	0.374415	2.054571	
1	2.587891	0.992058	0.374415	2.054571	
1	2.608667	1.025391	0.375780	2.057530	
1	2.608667	1.025391	0.375780	2.057530	
1	2.636252	1.074219	0.377519	2.061564	
1	2.636252	1.074219	0.377519	2.061564	
1	2.636719	1.075145	0.377549	2.061637	
1	2.636719	1.075145	0.377549	2.061637	
1	2.663968	1.123047	0.379025	2.065330	
1	2.663968	1.123047	0.379025	2.065330	
1	2.685547	1.165096	0.380131	2.068288	
1	2.685547	1.165096	0.380131	2.068288	
1	2.689498	1.171875	0.380300	2.068754	
1	2.689498	1.171875	0.380300	2.068754	
1	2.714814	1.220703	0.381390	2.071869	
1	2.714814	1.220703	0.381390	2.071869	
1	2.734375	1.262590	0.382187	2.074252	
1	2.734375	1.262590	0.382187	2.074252	
1	2.738152	1.269531	0.382312	2.074632	
1	2.738152	1.269531	0.382312	2.074632	
1	2.761281	1.318359	0.383103	2.077063	
1	2.761281	1.318359	0.383103	2.077063	
1	2.782471	1.367188	0.383781	2.079130	
1	2.782471	1.367188	0.383781	2.079130	
1	2.783203	1.369292	0.383807	2.079210	
1	2.783203	1.369292	0.383807	2.079210	
1	2.803695	1.416016	0.384381	2.080852	
1	2.803695	1.416016	0.384381	2.080852	
1	2.823782	1.464844	0.384923	2.082210	
1	2.823782	1.464844	0.384923	2.082210	
1	2.832031	1.488804	0.385171	2.082732	
1	2.832031	1.488804	0.385171	2.082732	
1	2.843966	1.513672	0.385440	2.083212	
1	2.843966	1.513672	0.385440	2.083212	
1	2.866801	1.562500	0.385980	2.083874	
1	2.866801	1.562500	0.385980	2.083874	
1	2.880859	1.588935	0.386310	2.084093	
1	2.880859	1.588935	0.386310	2.084093	
1	2.904823	1.611328	0.386830	2.084260	
1	2.904823	1.611328	0.386830	2.084260	
1	2.929688	1.626374	0.387551	2.084330	
1	2.929688	1.626374	0.387551	2.084330	
1	2.978516	1.646274	0.389749	2.084241	
1	2.978516	1.646274	0.389749	2.084241	
1	3.011488	1.660156	0.391860	2.084029	
1	3.011488	1.660156	0.391860	2.084029	
1	3.027344	1.665512	0.393071	2.083888	
1	3.027344	1.665512	0.393071	2.083888	
1	3.076172	1.688237	0.397487	2.083322	
1	3.076172	1.688237	0.397487	2.083322	
1	3.114157	1.708984	0.401655	2.082770	
1	3.114157	1.708984	0.401655	2.082770	
1	3.125000	1.714096	0.402984	2.082596	
1	3.125000	1.714096	0.402984	2.082596	
1	3.173828	1.744417	0.409531	2.081764	
1	3.173828	1.744417	0.409531	2.081764	
1	3.191563	1.757812	0.412144	2.081448	
1	3.191563	1.757812	0.412144	2.081448	
1	3.222656	1.778961	0.417137	2.080878	
1	3.222656	1.778961	0.417137	2.080878	
1	3.256334	1.806641	0.422984	2.080265	
1	3.256334	1.806641	0.422984	2.080265	
1	3.271484	1.817979	0.425821	2.079992	
1	3.271484	1.817979	0.425821	2.079992	
1	3.312822	1.855469	0.434033	2.079284	
1	3.312822	1.855469	0.434033	2.079284	
1	3.320312	1.861726	0.435625	2.079162	
1	3.320312	1.861726	0.435625	2.079162	
1	3.362628	1.904297	0.445068	2.078537	
1	3.362628	1.904297	0.445068	2.078537	
1	3.369141	1.910402	0.446615	2.078450	
1	3.369141	1.910402	0.446615	2.078450	
1	3.407402	1.953125	0.456104	2.078019	
1	3.407402	1.953125	0.456104	2.078019	
1	3.417969	1.964247	0.458882	2.077925	
1	3.417969	1.964247	0.458882	2.077925	
1	3.448442	2.001953	0.467232	2.077726	
1	3.448442	2.001953	0.467232	2.077726	
1	3.466797	2.023598	0.472550	2.077666	
1	3.466797	2.023598	0.472550	2.077666	
1	3.486669	2.050781	0.478550	2.077658	
1	3.486669	2.050781	0.478550	2.077658	
1	3.515625	2.088930	0.487778	2.077770	
1	3.515625	2.088930	0.487778	2.077770	
1	3.522705	2.099609	0.490132	2.077823	
1	3.522705	2.099609	0.490132	2.077823	
1	3.555861	2.148438	0.501655	2.078214	
1	3.555861	2.148438	0.501655	2.078214	
1	3.564453	2.160791	0.504773	2.078358	
1	3.564453	2.160791	0.504773	2.078358	
1	3.586731	2.197266	0.513214	2.078829	
1	3.586731	2.197266	0.513214	2.078829	
1	3.613281	2.240019	0.523808	2.079584	
1	3.613281	2.240019	0.523808	2.079584	
1	3.616638	2.246094	0.525211	2.079698	
1	3.616638	2.246094	0.525211	2.079698	
1	3.643808	2.294922	0.536946	2.080768	
1	3.643808	2.294922	0.536946	2.080768	
1	3.662109	2.327661	0.545246	2.081654	
1	3.662109	2.327661	0.545246	2.081654	
1	3.670180	2.343750	0.549084	2.082099	
1	3.670180	2.343750	0.549084	2.082099	
1	3.694634	2.392578	0.561158	2.083644	
1	3.694634	2.392578	0.561158	2.083644	
1	3.710938	2.425341	0.569588	2.084852	
1	3.710938	2.425341	0.569588	2.084852	
1	3.718180	2.441406	0.573523	2.085451	
1	3.718180	2.441406	0.573523	2.085451	
1	3.739980	2.490234	0.585809	2.087466	
1	3.739980	2.490234	0.585809	2.087466	
1	3.759766	2.535384	0.597561	2.089595	
1	3.759766	2.535384	0.597561	2.089595	
1	3.761240	2.539062	0.598483	2.089771	
1	3.761240	2.539062	0.598483	2.089771	
1	3.780539	2.587891	0.610917	2.092250	
1	3.780539	2.587891	0.610917	2.092250	
1	3.799294	2.636719	0.623689	2.095020	
1	3.799294	2.636719	0.623689	2.095020	
1	3.808594	2.661581	0.630301	2.096541	
1	3.808594	2.661581	0.630301	2.096541	
1	3.816873	2.685547	0.636506	2.098023	
1	3.816873	2.685547	0.636506	2.098023	
1	3.833244	2.734375	0.649328	2.101248	
1	3.833244	2.734375	0.649328	2.101248	
1	3.848951	2.783203	0.662380	2.104756	
1	3.848951	2.783203	0.662380	2.104756	
1	3.857422	2.810605	0.669776	2.106843	
1	3.857422	2.810605	0.669776	2.106843	
1	3.863605	2.832031	0.675468	2.108498	
1	3.863605	2.832031	0.675468	2.108498	
1	3.877127	2.880859	0.688538	2.112459	
1	3.877127	2.880859	0.688538	2.112459	
1	3.889931	2.929688	0.701763	2.116692	
1	3.889931	2.929688	0.701763	2.116692	
1	3.901988	2.978516	0.715116	2.121194	
1	3.901988	2.978516	0.715116	2.121194	
1	3.906250	2.996769	0.720114	2.122938	
1	3.906250	2.996769	0.720114	2.122938	
1	3.912992	3.027344	0.728441	2.125914	
1	3.912992	3.027344	0.728441	2.125914	
1	3.923089	3.076172	0.741791	2.130871	
1	3.923089	3.076172	0.741791	2.130871	
1	3.932439	3.125000	0.755229	2.136090	
1	3.932439	3.125000	0.755229	2.136090	
1	3.941029	3.173828	0.768738	2.141568	
1	3.941029	3.173828	0.768738	2.141568	
1	3.948848	3.222656	0.782302	2.147301	
1	3.948848	3.222656	0.782302	2.147301	
1	3.955078	3.265785	0.794304	2.152570	
1	3.955078	3.265785	0.794304	2.152570	
1	3.955866	3.271484	0.795896	2.153283	
1	3.955866	3.271484	0.795896	2.153283	
1	3.961959	3.320312	0.809452	2.159482	
1	3.961959	3.320312	0.809452	2.159482	
1	3.967306	3.369141	0.823044	2.165935	
1	3.967306	3.369141	0.823044	2.165935	
1	3.971901	3.417969	0.836662	2.172638	
1	3.971901	3.417969	0.836662	2.172638	
1	3.975743	3.466797	0.850297	2.179591	
1	3.975743	3.466797	0.850297	2.179591	
1	3.978832	3.515625	0.863941	2.186790	
1	3.978832	3.515625	0.863941	2.186790	
1	3.981165	3.564453	0.877587	2.194236	
1	3.981165	3.564453	0.877587	2.194236	
1	3.982744	3.613281	0.891227	2.201925	
1	3.982744	3.613281	0.891227	2.201925	
1	3.983569	3.662109	0.904856	2.209857	
1	3.983569	3.662109	0.904856	2.209857	
1	3.983641	3.710938	0.918469	2.218031	
1	3.983641	3.710938	0.918469	2.218031	
1	3.982960	3.759766	0.932059	2.226445	
1	3.982960	3.759766	0.932059	2.226445	
1	3.981525	3.808594	0.945622	2.235100	
1	3.981525	3.808594	0.945622	2.235100	
1	3.979336	3.857422	0.959154	2.243993	
1	3.979336	3.857422	0.959154	2.243993	
1	3.976392	3.906250	0.972648	2.253124	
1	3.976392	3.906250	0.972648	2.253124	
1	3.972690	3.955078	0.986101	2.262492	
1	3.972690	3.955078	0.986101	2.262492	
1	3.968227	4.003906	0.999508	2.272096	
1	3.968227	4.003906	0.999508	2.272096	
1	3.962998	4.052734	1.012862	2.281934	
1	3.962998	4.052734	1.012862	2.281934	
1	3.956999	4.101562	1.026160	2.292006	
1	3.956999	4.101562	1.026160	2.292006	
1	3.955078	4.115350	1.029868	2.294863	
1	3.955078	4.115350	1.029868	2.294863	
1	3.950188	4.150391	1.039382	2.302298	
1	3.950188	4.150391	1.039382	2.302298	
1	3.942583	4.199219	1.052533	2.312817	
1	3.942583	4.199219	1.052533	2.312817	
1	3.934188	4.248047	1.065614	2.323566	
1	3.934188	4.248047	1.065614	2.323566	
1	3.924996	4.296875	1.078619	2.334544	
1	3.924996	4.296875	1.078619	2.334544	
1	3.914994	4.345703	1.091544	2.345748	
1	3.914994	4.345703	1.091544	2.345748	
1	3.906250	4.385133	1.101892	2.354936	
1	3.906250	4.385133	1.101892	2.354936	
1	3.904160	4.394531	1.104378	2.357173	
1	3.904160	4.394531	1.104378	2.357173	
1	3.892448	4.443359	1.117104	2.368806	
1	3.892448	4.443359	1.117104	2.368806	
1	3.879892	4.492188	1.129736	2.380661	
1	3.879892	4.492188	1.129736	2.380661	
1	3.866476	4.541016	1.142267	2.392738	
1	3.866476	4.541016	1.142267	2.392738	
1	3.857422	4.571950	1.150115	2.400464	
1	3.857422	4.571950	1.150115	2.400464	
1	3.852159	4.589844	1.154684	2.405023	
1	3.852159	4.589844	1.154684	2.405023	
1	3.836907	4.638672	1.166976	2.417512	
1	3.836907	4.638672	1.166976	2.417512	
1	3.820744	4.687500	1.179152	2.430216	
1	3.820744	4.687500	1.179152	2.430216	
1	3.808594	4.722220	1.187707	2.439347	
1	3.808594	4.722220	1.187707	2.439347	
1	3.803623	4.736328	1.191201	2.443125	
1	3.803623	4.736328	1.191201	2.443125	
1	3.785490	4.785156	1.203105	2.456227	
1	3.785490	4.785156	1.203105	2.456227	
1	3.766378	4.833984	1.214879	2.469539	
1	3.766378	4.833984	1.214879	2.469539	
1	3.759766	4.850077	1.218701	2.473938	
1	3.759766	4.850077	1.218701	2.473938	
1	3.746192	4.882812	1.226497	2.483037	
1	3.746192	4.882812	1.226497	2.483037	
1	3.724940	4.931641	1.237966	2.496731	
1	3.724940	4.931641	1.237966	2.496731	
1	3.710938	4.962344	1.245075	2.505412	
1	3.710938	4.962344	1.245075	2.505412	
1	3.702578	4.980469	1.249276	2.510615	
1	3.702578	4.980469	1.249276	2.510615	
1	3.679038	5.029297	1.260414	2.524677	
1	3.679038	5.029297	1.260414	2.524677	
1	3.662109	5.062877	1.267961	2.534436	
1	3.662109	5.062877	1.267961	2.534436	
1	3.654318	5.078125	1.271385	2.538928	
1	3.654318	5.078125	1.271385	2.538928	
1	3.628316	5.126953	1.282167	2.553345	
1	3.628316	5.126953	1.282167	2.553345	
1	3.613281	5.154032	1.288053	2.561395	
1	3.613281	5.154032	1.288053	2.561395	
1	3.601015	5.175781	1.292765	2.567938	
1	3.601015	5.175781	1.292765	2.567938	
1	3.572346	5.224609	1.303169	2.582699	
1	3.572346	5.224609	1.303169	2.582699	
1	3.564453	5.237560	1.305882	2.586623	
1	3.564453	5.237560	1.305882	2.586623	
1	3.542187	5.273438	1.313358	2.597604	
1	3.542187	5.273438	1.313358	2.597604	
1	3.515625	5.314580	1.321785	2.610294	
1	3.515625	5.314580	1.321785	2.610294	
1	3.510562	5.322266	1.323348	2.612685	
1	3.510562	5.322266	1.323348	2.612685	
1	3.477259	5.371094	1.333102	2.627890	
1	3.477259	5.371094	1.333102	2.627890	
1	3.466797	5.385907	1.336010	2.632522	
1	3.466797	5.385907	1.336010	2.632522	
1	3.442220	5.419922	1.342621	2.643228	
1	3.442220	5.419922	1.342621	2.643228	
1	3.417969	5.452332	1.348810	2.653486	
1	3.417969	5.452332	1.348810	2.653486	
1	3.405375	5.468750	1.351906	2.658707	
1	3.405375	5.468750	1.351906	2.658707	
1	3.369141	5.514434	1.360369	2.673307	
1	3.369141	5.514434	1.360369	2.673307	
1	3.366579	5.517578	1.360943	2.674315	
1	3.366579	5.517578	1.360943	2.674315	
1	3.325568	5.566406	1.369699	2.690002	
1	3.325568	5.566406	1.369699	2.690002	
1	3.320312	5.572480	1.370769	2.691962	
1	3.320312	5.572480	1.370769	2.691962	
1	3.282198	5.615234	1.378171	2.705773	
1	3.282198	5.615234	1.378171	2.705773	
1	3.271484	5.626910	1.380158	2.709565	
1	3.271484	5.626910	1.380158	2.709565	
1	3.236275	5.664062	1.386350	2.721620	
1	3.236275	5.664062	1.386350	2.721620	
1	3.222656	5.678046	1.388643	2.726183	
1	3.222656	5.678046	1.388643	2.726183	
1	3.187520	5.712891	1.394219	2.737522	
1	3.187520	5.712891	1.394219	2.737522	
1	3.173828	5.726125	1.396304	2.741854	
1	3.173828	5.726125	1.396304	2.741854	
1	3.135601	5.761719	1.401759	2.753454	
1	3.135601	5.761719	1.401759	2.753454	
1	3.125000	5.771356	1.403214	2.756616	
1	3.125000	5.771356	1.403214	2.756616	
1	3.080125	5.810547	1.408952	2.769393	
1	3.080125	5.810547	1.408952	2.769393	
1	3.076172	5.813923	1.409440	2.770502	
1	3.076172	5.813923	1.409440	2.770502	
1	3.027344	5.853941	1.415025	2.783512	
1	3.027344	5.853941	1.415025	2.783512	
1	3.020413	5.859375	1.415755	2.785256	
1	3.020413	5.859375	1.415755	2.785256	
1	2.978516	5.891565	1.420027	2.795682	
1	2.978516	5.891565	1.420027	2.795682	
1	2.955783	5.908203	1.422144	2.801001	
1	2.955783	5.908203	1.422144	2.801001	
1	2.929688	5.926951	1.424502	2.807060	
1	2.929688	5.926951	1.424502	2.807060	
1	2.885589	5.957031	1.428115	2.816640	
1	2.885589	5.957031	1.428115	2.816640	
1	2.880859	5.960203	1.428492	2.817663	
1	2.880859	5.960203	1.428492	2.817663	
1	2.832031	5.991344	1.432016	2.827459	
1	2.832031	5.991344	1.432016	2.827459	
1	2.807921	6.005859	1.433568	2.831924	
1	2.807921	6.005859	1.433568	2.831924	
1	2.783203	6.020524	1.435126	2.836510	
1	2.783203	6.020524	1.435126	2.836510	
1	2.734375	6.047798	1.437850	2.844818	
1	2.734375	6.047798	1.437850	2.844818	
1	2.721257	6.054688	1.438492	2.846834	
1	2.721257	6.054688	1.438492	2.846834	
1	2.685547	6.073209	1.440214	2.852376	
1	2.685547	6.073209	1.440214	2.852376	
1	2.636719	6.096848	1.442252	2.859218	
1	2.636719	6.096848	1.442252	2.859218	
1	2.621950	6.103516	1.442778	2.861042	
1	2.621950	6.103516	1.442778	2.861042	
1	2.587891	6.118736	1.443984	2.865332	
1	2.587891	6.118736	1.443984	2.865332	
1	2.539062	6.138936	1.445438	2.870738	
1	2.539062	6.138936	1.445438	2.870738	
1	2.503859	6.152344	1.446302	2.874097	
1	2.503859	6.152344	1.446302	2.874097	
1	2.490234	6.157491	1.446638	2.875442	
1	2.490234	6.157491	1.446638	2.875442	
1	2.441406	6.174418	1.447602	2.879436	
1	2.441406	6.174418	1.447602	2.879436	
1	2.392578	6.189769	1.448355	2.882740	
1	2.392578	6.189769	1.448355	2.882740	
1	2.352264	6.201172	1.448815	2.884869	
1	2.352264	6.201172	1.448815	2.884869	
1	2.343750	6.203567	1.448916	2.885354	
1	2.343750	6.203567	1.448916	2.885354	
1	2.294922	6.215826	1.449303	2.887273	
1	2.294922	6.215826	1.449303	2.887273	
1	2.246094	6.226578	1.449536	2.888505	
1	2.246094	6.226578	1.449536	2.888505	
1	2.197266	6.235840	1.449633	2.889052	
1	2.197266	6.235840	1.449633	2.889052	
1	2.148438	6.243625	1.449611	2.888915	
1	2.148438	6.243625	1.449611	2.888915	
1	2.099609	6.249948	1.449488	2.888093	
1	2.099609	6.249948	1.449488	2.888093	
1	2.099086	6.250000	1.449485	2.888074	
1	2.099086	6.250000	1.449485	2.888074	
1	2.050781	6.254814	1.449280	2.886582	
1	2.050781	6.254814	1.449280	2.886582	
1	2.001953	6.258233	1.449004	2.884384	
1	2.001953	6.258233	1.449004	2.884384	
1	1.953125	6.260210	1.448677	2.881497	
1	1.953125	6.260210	1.448677	2.881497	
1	1.904297	6.260748	1.448313	2.877917	
1	1.904297	6.260748	1.448313	2.877917	
1	1.855469	6.259845	1.447931	2.873642	
1	1.855469	6.259845	1.447931	2.873642	
1	1.806641	6.257501	1.447546	2.868667	
1	1.806641	6.257501	1.447546	2.868667	
1	1.757812	6.253708	1.447173	2.862989	
1	1.757812	6.253708	1.447173	2.862989	
1	1.723254	6.250000	1.446920	2.858423	
1	1.723254	6.250000	1.446920	2.858423	
1	1.708984	6.248460	1.446830	2.856600	
1	1.708984	6.248460	1.446830	2.856600	
1	1.660156	6.241739	1.446532	2.849489	
1	1.660156	6.241739	1.446532	2.849489	
1	1.611328	6.233539	1.446297	2.841655	
1	1.611328	6.233539	1.446297	2.841655	
1	1.562500	6.223846	1.446141	2.833090	
1	1.562500	6.223846	1.446141	2.833090	
1	1.513672	6.212643	1.446081	2.823788	
1	1.513672	6.212643	1.446081	2.823788	
1	1.469636	6.201172	1.446126	2.814714	
1	1.469636	6.201172	1.446126	2.814714	
1	1.464844	6.199910	1.446136	2.813740	
1	1.464844	6.199910	1.446136	2.813740	
1	1.416016	6.185586	1.446324	2.802905	
1	1.416016	6.185586	1.446324	2.802905	
1	1.367188	6.169684	1.446664	2.791307	
1	1.367188	6.169684	1.446664	2.791307	
1	1.318801	6.152344	1.447169	2.779050	
1	1.318801	6.152344	1.447169	2.779050	
1	1.318359	6.152183	1.447174	2.778939	
1	1.318359	6.152183	1.447174	2.778939	
1	1.269531	6.132961	1.447879	2.765720	
1	1.269531	6.132961	1.447879	2.765720	
1	1.220703	6.112076	1.448795	2.751712	
1	1.220703	6.112076	1.448795	2.751712	
1	1.202061	6.103516	1.449214	2.746044	
1	1.202061	6.103516	1.449214	2.746044	
1	1.171875	6.089407	1.449950	2.736841	
1	1.171875	6.089407	1.449950	2.736841	
1	1.123047	6.064948	1.451364	2.721120	
1	1.123047	6.064948	1.451364	2.721120	
1	1.103800	6.054688	1.452007	2.714596	
1	1.103800	6.054688	1.452007	2.714596	
1	1.074219	6.038593	1.453066	2.704492	
1	1.074219	6.038593	1.453066	2.704492	
1	1.025391	6.010341	1.455078	2.686984	
1	1.025391	6.010341	1.455078	2.686984	
1	1.018038	6.005859	1.455415	2.684225	
1	1.018038	6.005859	1.455415	2.684225	
1	0.976562	5.979992	1.457441	2.668472	
1	0.976562	5.979992	1.457441	2.668472	
1	0.941704	5.957031	1.459357	2.654652	
1	0.941704	5.957031	1.459357	2.654652	
1	0.927734	5.947596	1.460173	2.649028	
1	0.927734	5.947596	1.460173	2.649028	
1	0.878906	5.912987	1.463315	2.628565	
1	0.878906	5.912987	1.463315	2.628565	
1	0.872443	5.908203	1.463767	2.625755	
1	0.872443	5.908203	1.463767	2.625755	
1	0.830078	5.875977	1.466914	2.606986	
1	0.830078	5.875977	1.466914	2.606986	
1	0.809174	5.859375	1.468605	2.597402	
1	0.809174	5.859375	1.468605	2.597402	
1	0.781250	5.836534	1.471002	2.584318	
1	0.781250	5.836534	1.471002	2.584318	
1	0.750706	5.810547	1.473829	2.569552	
1	0.750706	5.810547	1.473829	2.569552	
1	0.732422	5.794493	1.475625	2.560494	
1	0.732422	5.794493	1.475625	2.560494	
1	0.696410	5.761719	1.479409	2.542144	
1	0.696410	5.761719	1.479409	2.542144	
1	0.683594	5.749658	1.480839	2.535434	
1	0.683594	5.749658	1.480839	2.535434	
1	0.645775	5.712891	1.485320	2.515136	
1	0.645775	5.712891	1.485320	2.515136	
1	0.634766	5.701801	1.486707	2.509050	
1	0.634766	5.701801	1.486707	2.509050	
1	0.598383	5.664062	1.491539	2.488499	
1	0.598383	5.664062	1.491539	2.488499	
1	0.585938	5.650662	1.493299	2.481243	
1	0.585938	5.650662	1.493299	2.481243	
1	0.553886	5.615234	1.498047	2.462210	
1	0.553886	5.615234	1.498047	2.462210	
1	0.537109	5.595948	1.500696	2.451907	
1	0.537109	5.595948	1.500696	2.451907	
1	0.512003	5.566406	1.504825	2.436252	
1	0.512003	5.566406	1.504825	2.436252	
1	0.488281	5.537326	1.508986	2.420930	
1	0.488281	5.537326	1.508986	2.420930	
1	0.472499	5.517578	1.511855	2.410612	
1	0.472499	5.517578	1.511855	2.410612	
1	0.439453	5.474428	1.518268	2.388201	
1	0.439453	5.474428	1.518268	2.388201	
1	0.435181	5.468750	1.519123	2.385277	
1	0.435181	5.468750	1.519123	2.385277	
1	0.399948	5.419922	1.526616	2.360226	
1	0.399948	5.419922	1.526616	2.360226	
1	0.390625	5.406403	1.528735	2.353323	
1	0.390625	5.406403	1.528735	2.353323	
1	0.366617	5.371094	1.534321	2.335459	
1	0.366617	5.371094	1.534321	2.335459	
1	0.341797	5.332804	1.540506	2.316219	
1	0.341797	5.332804	1.540506	2.316219	
1	0.335045	5.322266	1.542221	2.310974	
1	0.335045	5.322266	1.542221	2.310974	
1	0.305182	5.273438	1.550309	2.286753	
1	0.305182	5.273438	1.550309	2.286753	
1	0.292969	5.252445	1.553850	2.276395	
1	0.292969	5.252445	1.553850	2.276395	
1	0.276907	5.224609	1.558571	2.262799	
1	0.276907	5.224609	1.558571	2.262799	
1	0.250141	5.175781	1.566995	2.239106	
1	0.250141	5.175781	1.566995	2.239106	
1	0.244141	5.164248	1.569015	2.233524	
1	0.244141	5.164248	1.569015	2.233524	
1	0.224834	5.126953	1.575571	2.215667	
1	0.224834	5.126953	1.575571	2.215667	
1	0.200901	5.078125	1.584287	2.192483	
1	0.200901	5.078125	1.584287	2.192483	
1	0.195312	5.066066	1.586470	2.186771	
1	0.195312	5.066066	1.586470	2.186771	
1	0.178306	5.029297	1.593133	2.169549	
1	0.178306	5.029297	1.593133	2.169549	
1	0.156989	4.980469	1.602098	2.146865	
1	0.156989	4.980469	1.602098	2.146865	
1	0.146484	4.954914	1.606848	2.135057	
1	0.146484	4.954914	1.606848	2.135057	
1	0.136908	4.931641	1.611171	2.124428	
1	0.136908	4.931641	1.611171	2.124428	
1	0.118028	4.882812	1.620341	2.102238	
1	0.118028	4.882812	1.620341	2.102238	
1	0.100308	4.833984	1.629597	2.080293	
1	0.100308	4.833984	1.629597	2.080293	
1	0.097656	4.826149	1.631098	2.076775	
1	0.097656	4.826149	1.631098	2.076775	
1	0.083719	4.785156	1.638928	2.058593	
1	0.083719	4.785156	1.638928	2.058593	
1	0.068232	4.736328	1.648323	2.037139	
1	0.068232	4.736328	1.648323	2.037139	
1	0.053816	4.687500	1.657768	2.015930	
1	0.053816	4.687500	1.657768	2.015930	
1	0.048828	4.669188	1.661336	2.008008	
1	0.048828	4.669188	1.661336	2.008008	
1	0.040450	4.638672	1.667254	1.994969	
1	0.040450	4.638672	1.667254	1.994969	
1	0.028114	4.589844	1.676766	1.974254	
1	0.028114	4.589844	1.676766	1.974254	
1	0.016779	4.541016	1.686292	1.953789	
1	0.016779	4.541016	1.686292	1.953789	
1	0.006423	4.492188	1.695817	1.933577	
1	0.006423	4.492188	1.695817	1.933577	
1	0.000000	4.458683	1.702358	1.919828	
1	0.000000	4.458683	1.702358	1.919828	
1	-0.002971	4.443359	1.705328	1.913619	
1	-0.002971	4.443359	1.705328	1.913619	
1	-0.011407	4.394531	1.714811	1.893915	
1	-0.011407	4.394531	1.714811	1.893915	
1	-0.018923	4.345703	1.724248	1.874472	
1	-0.018923	4.345703	1.724248	1.874472	
1	-0.025541	4.296875	1.733624	1.855295	
1	-0.025541	4.296875	1.733624	1.855295	
1	-0.031286	4.248047	1.742921	1.836388	
1	-0.031286	4.248047	1.742921	1.836388	
1	-0.036185	4.199219	1.752119	1.817757	
1	-0.036185	4.199219	1.752119	1.817757	
1	-0.040266	4.150391	1.761199	1.799408	
1	-0.040266	4.150391	1.761199	1.799408	
1	-0.043565	4.101562	1.770141	1.781349	
1	-0.043565	4.101562	1.770141	1.781349	
1	-0.046121	4.052734	1.778923	1.763586	
1	-0.046121	4.052734	1.778923	1.763586	
1	-0.047984	4.003906	1.787522	1.746128	
1	-0.047984	4.003906	1.787522	1.746128	
1	-0.048828	3.970001	1.793379	1.734179	
1	-0.048828	3.970001	1.793379	1.734179	
1	-0.049204	3.955078	1.795915	1.728985	
1	-0.049204	3.955078	1.795915	1.728985	
1	-0.049855	3.906250	1.804076	1.712165	
1	-0.049855	3.906250	1.804076	1.712165	
1	-0.050033	3.857422	1.811980	1.695683	
1	-0.050033	3.857422	1.811980	1.695683	
1	-0.049847	3.808594	1.819599	1.679549	
1	-0.049847	3.808594	1.819599	1.679549	
1	-0.049424	3.759766	1.826908	1.663775	
1	-0.049424	3.759766	1.826908	1.663775	
1	-0.048917	3.710938	1.833881	1.648370	
1	-0.048917	3.710938	1.833881	1.648370	
1	-0.048828	3.700171	1.835370	1.645027	
1	-0.048828	3.700171	1.835370	1.645027	
1	-0.048498	3.662109	1.840496	1.633344	
1	-0.048498	3.662109	1.840496	1.633344	
1	-0.048389	3.613281	1.846729	1.618704	
1	-0.048389	3.613281	1.846729	1.618704	
1	-0.048828	3.565983	1.852387	1.604895	
1	-0.048828	3.565983	1.852387	1.604895	
1	-0.048842	3.564453	1.852565	1.604453	
1	-0.048842	3.564453	1.852565	1.604453	
1	-0.050096	3.515625	1.857990	1.590583	
1	-0.050096	3.515625	1.857990	1.590583	
1	-0.052454	3.466797	1.862998	1.577085	
1	-0.052454	3.466797	1.862998	1.577085	
1	-0.056225	3.417969	1.867590	1.563939	
1	-0.056225	3.417969	1.867590	1.563939	
1	-0.061723	3.369141	1.871772	1.551113	
1	-0.061723	3.369141	1.871772	1.551113	
1	-0.069251	3.320312	1.875561	1.538568	
1	-0.069251	3.320312	1.875561	1.538568	
1	-0.079083	3.271484	1.878977	1.526251	
1	-0.079083	3.271484	1.878977	1.526251	
1	-0.091444	3.222656	1.882049	1.514103	
1	-0.091444	3.222656	1.882049	1.514103	
1	-0.097656	3.202456	1.883222	1.509131	
1	-0.097656	3.202456	1.883222	1.509131	
1	-0.106186	3.173828	1.884812	1.502041	
1	-0.106186	3.173828	1.884812	1.502041	
1	-0.123390	3.125000	1.887301	1.490003	
1	-0.123390	3.125000	1.887301	1.490003	
1	-0.143263	3.076172	1.889548	1.477939	
1	-0.143263	3.076172	1.889548	1.477939	
1	-0.146484	3.069226	1.889848	1.476226	
1	-0.146484	3.069226	1.889848	1.476226	
1	-0.165207	3.027344	1.891595	1.465772	
1	-0.165207	3.027344	1.891595	1.465772	
1	-0.189462	2.978516	1.893478	1.453474	
1	-0.189462	2.978516	1.893478	1.453474	
1	-0.195312	2.967856	1.893870	1.450779	
1	-0.195312	2.967856	1.893870	1.450779	
1	-0.215515	2.929688	1.895238	1.441001	
1	-0.215515	2.929688	1.895238	1.441001	
1	-0.243406	2.880859	1.896912	1.428344	
1	-0.243406	2.880859	1.896912	1.428344	
1	-0.244141	2.879673	1.896952	1.428036	
1	-0.244141	2.879673	1.896952	1.428036	
1	-0.272656	2.832031	1.898543	1.415486	
1	-0.272656	2.832031	1.898543	1.415486	
1	-0.292969	2.799975	1.899608	1.406955	
1	-0.292969	2.799975	1.899608	1.406955	
1	-0.303279	2.783203	1.900170	1.402441	
1	-0.303279	2.783203	1.900170	1.402441	
1	-0.335001	2.734375	1.901834	1.389221	
1	-0.335001	2.734375	1.901834	1.389221	
1	-0.341797	2.724441	1.902180	1.386521	
1	-0.341797	2.724441	1.902180	1.386521	
1	-0.367695	2.685547	1.903575	1.375855	
1	-0.367695	2.685547	1.903575	1.375855	
1	-0.390625	2.652381	1.904819	1.366721	
1	-0.390625	2.652381	1.904819	1.366721	
1	-0.401205	2.636719	1.905431	1.362377	
1	-0.401205	2.636719	1.905431	1.362377	
1	-0.435418	2.587891	1.907438	1.348831	
1	-0.435418	2.587891	1.907438	1.348831	
1	-0.439453	2.582344	1.907676	1.347295	
1	-0.439453	2.582344	1.907676	1.347295	
1	-0.470339	2.539062	1.909628	1.335271	
1	-0.470339	2.539062	1.909628	1.335271	
1	-0.488281	2.514535	1.910805	1.328482	
1	-0.488281	2.514535	1.910805	1.328482	
1	-0.505783	2.490234	1.912032	1.321750	
1	-0.505783	2.490234	1.912032	1.321750	
1	-0.537109	2.447686	1.914320	1.310053	
1	-0.537109	2.447686	1.914320	1.310053	
1	-0.541677	2.441406	1.914675	1.308330	
1	-0.541677	2.441406	1.914675	1.308330	
1	-0.578151	2.392578	1.917573	1.295090	
1	-0.578151	2.392578	1.917573	1.295090	
1	-0.585938	2.382363	1.918211	1.292356	
1	-0.585938	2.382363	1.918211	1.292356	
1	-0.615139	2.343750	1.920737	1.282103	
1	-0.615139	2.343750	1.920737	1.282103	
1	-0.634766	2.318186	1.922500	1.275438	
1	-0.634766	2.318186	1.922500	1.275438	
1	-0.652540	2.294922	1.924173	1.269444	
1	-0.652540	2.294922	1.924173	1.269444	
1	-0.683594	2.254851	1.927189	1.259363	
1	-0.683594	2.254851	1.927189	1.259363	
1	-0.690366	2.246094	1.927873	1.257196	
1	-0.690366	2.246094	1.927873	1.257196	
1	-0.728766	2.197266	1.931816	1.245462	
1	-0.728766	2.197266	1.931816	1.245462	
1	-0.732422	2.192692	1.932195	1.244396	
1	-0.732422	2.192692	1.932195	1.244396	
1	-0.767877	2.148438	1.935963	1.234353	
1	-0.767877	2.148438	1.935963	1.234353	
1	-0.781250	2.131941	1.937402	1.230758	
1	-0.781250	2.131941	1.937402	1.230758	
1	-0.807572	2.099609	1.940272	1.223950	
1	-0.807572	2.099609	1.940272	1.223950	
1	-0.830078	2.072313	1.942724	1.218486	
1	-0.830078	2.072313	1.942724	1.218486	
1	-0.847936	2.050781	1.944674	1.214360	
1	-0.847936	2.050781	1.944674	1.214360	
1	-0.878906	2.013958	1.948000	1.207735	
1	-0.878906	2.013958	1.948000	1.207735	
1	-0.889072	2.001953	1.949079	1.205691	
1	-0.889072	2.001953	1.949079	1.205691	
1	-0.927734	1.957004	1.953036	1.198625	
1	-0.927734	1.957004	1.953036	1.198625	
1	-0.931095	1.953125	1.953371	1.198057	
1	-0.931095	1.953125	1.953371	1.198057	
1	-0.974184	1.904297	1.957396	1.191578	
1	-0.974184	1.904297	1.957396	1.191578	
1	-0.976562	1.901650	1.957602	1.191264	
1	-0.976562	1.901650	1.957602	1.191264	
1	-1.018412	1.855469	1.960983	1.186352	
1	-1.018412	1.855469	1.960983	1.186352	
1	-1.025391	1.847910	1.961482	1.185666	
1	-1.025391	1.847910	1.961482	1.185666	
1	-1.063748	1.806641	1.963944	1.182442	
1	-1.063748	1.806641	1.963944	1.182442	
1	-1.074219	1.795607	1.964493	1.181762	
1	-1.074219	1.795607	1.964493	1.181762	
1	-1.110219	1.757812	1.966066	1.179902	
1	-1.110219	1.757812	1.966066	1.179902	
1	-1.123047	1.744645	1.966444	1.179478	
1	-1.123047	1.744645	1.966444	1.179478	
1	-1.157783	1.708984	1.967125	1.178746	
1	-1.157783	1.708984	1.967125	1.178746	
1	-1.171875	1.694859	1.967170	1.178700	
1	-1.171875	1.694859	1.967170	1.178700	
1	-1.206321	1.660156	1.966910	1.178945	
1	-1.206321	1.660156	1.966910	1.178945	
1	-1.220703	1.646019	1.966536	1.179286	
1	-1.220703	1.646019	1.966536	1.179286	
1	-1.255624	1.611328	1.965236	1.180413	
1	-1.255624	1.611328	1.965236	1.180413	
1	-1.269531	1.597848	1.964440	1.181073	
1	-1.269531	1.597848	1.964440	1.181073	
1	-1.305400	1.562500	1.961974	1.183014	
1	-1.305400	1.562500	1.961974	1.183014	
1	-1.318359	1.550031	1.960807	1.183892	
1	-1.318359	1.550031	1.960807	1.183892	
1	-1.355297	1.513672	1.957058	1.186569	
1	-1.355297	1.513672	1.957058	1.186569	
1	-1.367188	1.502227	1.955585	1.187573	
1	-1.367188	1.502227	1.955585	1.187573	
1	-1.404930	1.464844	1.950492	1.190872	
1	-1.404930	1.464844	1.950492	1.190872	
1	-1.416016	1.454084	1.948741	1.191953	
1	-1.416016	1.454084	1.948741	1.191953	
1	-1.453923	1.416016	1.942346	1.195708	
1	-1.453923	1.416016	1.942346	1.195708	
1	-1.464844	1.405237	1.940249	1.196881	
1	-1.464844	1.405237	1.940249	1.196881	
1	-1.501936	1.367188	1.932742	1.200872	
1	-1.501936	1.367188	1.932742	1.200872	
1	-1.513672	1.355312	1.930089	1.202212	
1	-1.513672	1.355312	1.930089	1.202212	
1	-1.548688	1.318359	1.921828	1.206183	
1	-1.548688	1.318359	1.921828	1.206183	
1	-1.562500	1.303922	1.918243	1.207817	
1	-1.562500	1.303922	1.918243	1.207817	
1	-1.593970	1.269531	1.909767	1.211488	
1	-1.593970	1.269531	1.909767	1.211488	
1	-1.611328	1.250655	1.904683	1.213571	
1	-1.611328	1.250655	1.904683	1.213571	
1	-1.637639	1.220703	1.896719	1.216669	
1	-1.637639	1.220703	1.896719	1.216669	
1	-1.660156	1.195068	1.889373	1.219361	
1	-1.660156	1.195068	1.889373	1.219361	
1	-1.679611	1.171875	1.882832	1.221633	
1	-1.679611	1.171875	1.882832	1.221633	
1	-1.708984	1.136668	1.872261	1.225074	
1	-1.708984	1.136668	1.872261	1.225074	
1	-1.719845	1.123047	1.868238	1.226312	
1	-1.719845	1.123047	1.868238	1.226312	
1	-1.757812	1.074900	1.853267	1.230603	
1	-1.757812	1.074900	1.853267	1.230603	
1	-1.758327	1.074219	1.853058	1.230659	
1	-1.758327	1.074219	1.853058	1.230659	
1	-1.794943	1.025391	1.837479	1.234619	
1	-1.794943	1.025391	1.837479	1.234619	
1	-1.806641	1.009486	1.832223	1.235849	
1	-1.806641	1.009486	1.832223	1.235849	
1	-1.829865	0.976562	1.821499	1.238198	
1	-1.829865	0.976562	1.821499	1.238198	
1	-1.855469	0.939314	1.809032	1.240673	
1	-1.855469	0.939314	1.809032	1.240673	
1	-1.863126	0.927734	1.805198	1.241381	
1	-1.863126	0.927734	1.805198	1.241381	
1	-1.894706	0.878906	1.788684	1.244156	
1	-1.894706	0.878906	1.788684	1.244156	
1	-1.904297	0.863655	1.783445	1.244946	
1	-1.904297	0.863655	1.783445	1.244946	
1	-1.924690	0.830078	1.771986	1.246526	
1	-1.924690	0.830078	1.771986	1.246526	
1	-1.953122	0.781250	1.755155	1.248495	
1	-1.953122	0.781250	1.755155	1.248495	
1	-1.953125	0.781245	1.755154	1.248496	
1	-1.953125	0.781245	1.755154	1.248496	
1	-1.980065	0.732422	1.738220	1.250069	
1	-1.980065	0.732422	1.738220	1.250069	
1	-2.001953	0.690601	1.723688	1.251107	
1	-2.001953	0.690601	1.723688	1.251107	
1	-2.005527	0.683594	1.721243	1.251253	
1	-2.005527	0.683594	1.721243	1.251253	
1	-2.029626	0.634766	1.704197	1.252059	
1	-2.029626	0.634766	1.704197	1.252059	
1	-2.050781	0.589257	1.688361	1.252473	
1	-2.050781	0.589257	1.688361	1.252473	
1	-2.052293	0.585938	1.687195	1.252491	
1	-2.052293	0.585938	1.687195	1.252491	
1	-2.073736	0.537109	1.670123	1.252562	
1	-2.073736	0.537109	1.670123	1.252562	
1	-2.093804	0.488281	1.653151	1.252279	
1	-2.093804	0.488281	1.653151	1.252279	
1	-2.099609	0.473412	1.648037	1.252126	
1	-2.099609	0.473412	1.648037	1.252126	
1	-2.112697	0.439453	1.636162	1.251651	
1	-2.112697	0.439453	1.636162	1.251651	
1	-2.130364	0.390625	1.619236	1.250687	
1	-2.130364	0.390625	1.619236	1.250687	
1	-2.146753	0.341797	1.602454	1.249403	
1	-2.146753	0.341797	1.602454	1.249403	
1	-2.148438	0.336479	1.600656	1.249246	
1	-2.148438	0.336479	1.600656	1.249246	
1	-2.162144	0.292969	1.585617	1.247789	
1	-2.162144	0.292969	1.585617	1.247789	
1	-2.176360	0.244141	1.568902	1.245867	
1	-2.176360	0.244141	1.568902	1.245867	
1	-2.189399	0.195312	1.552340	1.243652	
1	-2.189399	0.195312	1.552340	1.243652	
1	-2.197266	0.163230	1.541604	1.242050	
1	-2.197266	0.163230	1.541604	1.242050	
1	-2.201380	0.146484	1.535855	1.241140	
1	-2.201380	0.146484	1.535855	1.241140	
1	-2.212410	0.097656	1.519380	1.238324	
1	-2.212410	0.097656	1.519380	1.238324	
1	-2.222348	0.048828	1.503054	1.235233	
1	-2.222348	0.048828	1.503054	1.235233	
1	-2.231220	0.000000	1.486875	1.231875	
1	-2.231220	0.000000	1.486875	1.231875	
1	-2.239051	-0.048828	1.470840	1.228255	
1	-2.239051	-0.048828	1.470840	1.228255	
1	-2.245865	-0.097656	1.454943	1.224380	
1	-2.245865	-0.097656	1.454943	1.224380	
1	-2.246094	-0.099555	1.454340	1.224227	
1	-2.246094	-0.099555	1.454340	1.224227	
1	-2.251836	-0.146484	1.439049	1.220218	
1	-2.251836	-0.146484	1.439049	1.220218	
1	-2.256818	-0.195312	1.423295	1.215807	
1	-2.256818	-0.195312	1.423295	1.215807	
1	-2.260822	-0.244141	1.407684	1.211152	
1	-2.260822	-0.244141	1.407684	1.211152	
1	-2.263861	-0.292969	1.392214	1.206259	
1	-2.263861	-0.292969	1.392214	1.206259	
1	-2.265946	-0.341797	1.376883	1.201131	
1	-2.265946	-0.341797	1.376883	1.201131	
1	-2.267087	-0.390625	1.361692	1.195773	
1	-2.267087	-0.390625	1.361692	1.195773	
1	-2.267288	-0.439453	1.346642	1.190187	
1	-2.267288	-0.439453	1.346642	1.190187	
1	-2.266555	-0.488281	1.331734	1.184380	
1	-2.266555	-0.488281	1.331734	1.184380	
1	-2.264888	-0.537109	1.316971	1.178354	
1	-2.264888	-0.537109	1.316971	1.178354	
1	-2.262285	-0.585938	1.302359	1.172116	
1	-2.262285	-0.585938	1.302359	1.172116	
1	-2.258742	-0.634766	1.287902	1.165671	
1	-2.258742	-0.634766	1.287902	1.165671	
1	-2.254252	-0.683594	1.273608	1.159025	
1	-2.254252	-0.683594	1.273608	1.159025	
1	-2.248805	-0.732422	1.259482	1.152185	
1	-2.248805	-0.732422	1.259482	1.152185	
1	-2.246094	-0.753099	1.253641	1.149276	
1	-2.246094	-0.753099	1.253641	1.149276	
1	-2.242496	-0.781250	1.245453	1.145118	
1	-2.242496	-0.781250	1.245453	1.145118	
1	-2.235308	-0.830078	1.231533	1.137829	
1	-2.235308	-0.830078	1.231533	1.137829	
1	-2.227143	-0.878906	1.217795	1.130357	
1	-2.227143	-0.878906	1.217795	1.130357	
1	-2.217981	-0.927734	1.204249	1.122713	
1	-2.217981	-0.927734	1.204249	1.122713	
1	-2.207799	-0.976562	1.190908	1.114907	
1	-2.207799	-0.976562	1.190908	1.114907	
1	-2.197266	-1.022402	1.178597	1.107452	
1	-2.197266	-1.022402	1.178597	1.107452	
1	-2.196592	-1.025391	1.177769	1.106941	
1	-2.196592	-1.025391	1.177769	1.106941	
1	-2.184627	-1.074219	1.164637	1.098697	
1	-2.184627	-1.074219	1.164637	1.098697	
1	-2.171579	-1.123047	1.151737	1.090314	
1	-2.171579	-1.123047	1.151737	1.090314	
1	-2.157416	-1.171875	1.139082	1.081805	
1	-2.157416	-1.171875	1.139082	1.081805	
1	-2.148438	-1.200666	1.131799	1.076776	
1	-2.148438	-1.200666	1.131799	1.076776	
1	-2.142266	-1.220703	1.126574	1.073108	
1	-2.142266	-1.220703	1.126574	1.073108	
1	-2.126178	-1.269531	1.114175	1.064194	
1	-2.126178	-1.269531	1.114175	1.064194	
1	-2.108878	-1.318359	1.102053	1.055187	
1	-2.108878	-1.318359	1.102053	1.055187	
1	-2.099609	-1.342956	1.096106	1.050658	
1	-2.099609	-1.342956	1.096106	1.050658	
1	-2.090546	-1.367188	1.090080	1.045994	
1	-2.090546	-1.367188	1.090080	1.045994	
1	-2.071150	-1.416016	1.078267	1.036621	
1	-2.071150	-1.416016	1.078267	1.036621	
1	-2.050781	-1.464011	1.066958	1.027355	
1	-2.050781	-1.464011	1.066958	1.027355	
1	-2.050429	-1.464844	1.066756	1.027188	
1	-2.050429	-1.464844	1.066756	1.027188	
1	-2.028795	-1.513672	1.055291	1.017480	
1	-2.028795	-1.513672	1.055291	1.017480	
1	-2.005732	-1.562500	1.044156	1.007741	
1	-2.005732	-1.562500	1.044156	1.007741	
1	-2.001953	-1.570155	1.042457	1.006227	
1	-2.001953	-1.570155	1.042457	1.006227	
1	-1.981599	-1.611328	1.033130	0.997778	
1	-1.981599	-1.611328	1.033130	0.997778	
1	-1.956007	-1.660156	1.022410	0.987770	
1	-1.956007	-1.660156	1.022410	0.987770	
1	-1.953125	-1.665442	1.021279	0.986695	
1	-1.953125	-1.665442	1.021279	0.986695	
1	-1.929255	-1.708984	1.011815	0.977549	
1	-1.929255	-1.708984	1.011815	0.977549	
1	-1.904297	-1.752088	1.002747	0.968524	
1	-1.904297	-1.752088	1.002747	0.968524	
1	-1.900956	-1.757812	1.001528	0.967291	
1	-1.900956	-1.757812	1.001528	0.967291	
1	-1.871352	-1.806641	0.991401	0.956850	
1	-1.871352	-1.806641	0.991401	0.956850	
1	-1.855469	-1.831663	0.986366	0.951524	
1	-1.855469	-1.831663	0.986366	0.951524	
1	-1.840178	-1.855469	0.981542	0.946335	
1	-1.840178	-1.855469	0.981542	0.946335	
1	-1.807367	-1.904297	0.971951	0.935752	
1	-1.807367	-1.904297	0.971951	0.935752	
1	-1.806641	-1.905345	0.971749	0.935526	
1	-1.806641	-1.905345	0.971749	0.935526	
1	-1.773019	-1.953125	0.962556	0.925019	
1	-1.773019	-1.953125	0.962556	0.925019	
1	-1.757812	-1.973882	0.958674	0.920471	
1	-1.757812	-1.973882	0.958674	0.920471	
1	-1.736865	-2.001953	0.953443	0.914234	
1	-1.736865	-2.001953	0.953443	0.914234	
1	-1.708984	-2.037951	0.946914	0.906261	
1	-1.708984	-2.037951	0.946914	0.906261	
1	-1.698833	-2.050781	0.944607	0.903392	
1	-1.698833	-2.050781	0.944607	0.903392	
1	-1.660156	-2.098025	0.936321	0.892851	
1	-1.660156	-2.098025	0.936321	0.892851	
1	-1.658827	-2.099609	0.936047	0.892495	
1	-1.658827	-2.099609	0.936047	0.892495	
1	-1.616744	-2.148438	0.927762	0.881541	
1	-1.616744	-2.148438	0.927762	0.881541	
1	-1.611328	-2.154546	0.926744	0.880166	
1	-1.611328	-2.154546	0.926744	0.880166	
