#REFERENCE 0 87.3042530 -62.0775650
7.2 87.3032264 -62.0772379 0.100335 0.081166 135.18182 1.0634 0.18 
7.2 87.3029773 -62.0773210 0.098005 0.097927 54.90831 1.0634 0.00 
7.1 87.3050380 -62.0768840 0.106159 0.008049 52.46681 1.0634 2.56 
7.1 87.3042471 -62.0775871 0.009411 0.000835 72.72680 1.0634 7.65 
7.1 87.3042642 -62.0777635 0.051906 0.005240 104.34054 1.0634 3.80 
7.1 87.3030269 -62.0772808 0.102943 0.093786 71.02286 1.0634 -0.07 
6.4 87.3050682 -62.0771521 0.207324 0.045166 58.53439 1.4963 -0.80 
6.4 87.3049973 -62.0777518 0.124671 0.035047 128.85502 1.4963 0.03 
6.4 87.3020887 -62.0776855 0.111180 0.037511 55.57092 1.4963 0.08 
6.4 87.3042663 -62.0775599 0.004134 0.002721 82.55409 1.4963 6.50 
6.4 87.3041170 -62.0770924 0.066999 0.066996 66.43115 1.4963 0.00 
6.3 87.3043024 -62.0779116 0.085443 0.027058 3.17368 1.4963 0.78 
6.3 87.3042444 -62.0775726 0.005282 0.002460 138.23704 1.4963 6.41 
6.3 87.3034713 -62.0771425 0.094831 0.047799 146.45900 1.4963 0.05 
6.3 87.3024104 -62.0774678 0.099688 0.084451 170.82909 1.4963 -0.62 
6.3 87.3053349 -62.0769041 0.069001 0.069000 14.82713 1.4963 -0.00 
6.2 87.3051682 -62.0772423 0.397456 0.026995 59.04875 1.4963 -0.59 
6.2 87.3021492 -62.0777270 0.215833 0.020414 41.11702 1.4963 0.38 
6.2 87.3041234 -62.0771219 0.140465 0.028595 121.23120 1.4963 0.48 
6.2 87.3042649 -62.0775582 0.007109 0.001703 34.61682 1.4963 6.78 
6.2 87.3050686 -62.0777271 0.079001 0.078998 59.98618 1.4963 0.00 
6.1 87.3042647 -62.0775350 0.017085 0.003047 107.87431 1.4963 4.90 
6.1 87.3042592 -62.0773347 0.084905 0.021474 64.13748 1.4963 1.04 
6.1 87.3024878 -62.0780196 0.069000 0.068999 123.57076 1.4963 0.00 
5.2 87.3042519 -62.0775387 0.009021 0.001925 108.74912 4.5000 5.83 
5.2 87.3041211 -62.0772622 0.061944 0.018745 40.08491 4.5000 1.26 
5.2 87.3019659 -62.0780425 0.061001 0.061000 9.37128 4.5000 -0.00 
5.1 87.3046619 -62.0780483 0.088890 0.011571 150.26026 4.5000 1.25 
5.1 87.3035482 -62.0769764 0.073022 0.027169 86.96165 4.5000 0.54 
5.1 87.3042486 -62.0775631 0.002467 0.000942 170.33353 4.5000 7.86 
5.1 87.3032858 -62.0766938 0.091674 0.039056 62.85120 4.5000 -0.11 
5.1 87.3015430 -62.0774890 0.066933 0.029929 33.07242 4.5000 0.53 
5.1 87.3055959 -62.0768727 0.066785 0.030469 33.20808 4.5000 0.51 
5.1 87.3031765 -62.0764413 0.057008 0.056996 100.62679 4.5000 -0.00 
4.2 87.3042518 -62.0775390 0.008878 0.001914 108.99843 4.5000 5.85 
4.2 87.3041183 -62.0772602 0.061742 0.018889 39.44776 4.5000 1.26 
4.2 87.3019637 -62.0780395 0.061001 0.061000 65.54602 4.5000 -0.00 
4.1 87.3035268 -62.0768624 0.264965 0.033588 69.89334 4.5000 -0.91 
4.1 87.3034455 -62.0767743 0.286233 0.036687 64.71410 4.5000 -1.09 
4.1 87.3048106 -62.0779921 0.079472 0.015553 137.86342 4.5000 1.23 
4.1 87.3054420 -62.0768333 0.090616 0.031844 40.38996 4.5000 0.31 
4.1 87.3014076 -62.0774566 0.069719 0.031706 43.28977 4.5000 0.60 
4.1 87.3042543 -62.0775631 0.002384 0.001191 176.28002 4.5000 7.83 
4.1 87.3033111 -62.0764213 0.062005 0.062000 77.47388 4.5000 -0.00 
2.3 87.3042516 -62.0775390 0.008835 0.001909 108.97882 4.5000 5.86 
2.3 87.3041167 -62.0772601 0.061589 0.018857 39.23190 4.5000 1.26 
2.3 87.3019671 -62.0780396 0.061000 0.060999 108.98351 4.5000 0.00 
2.2 87.3010528 -62.0771388 0.143632 0.002654 94.61653 4.5000 3.32 
2.2 87.3047549 -62.0778642 0.067087 0.002242 164.87467 4.5000 4.33 
2.2 87.3042685 -62.0775702 0.004295 0.000172 108.04647 4.5000 10.10 
2.1 87.3050945 -62.0767208 0.143330 0.042031 44.04952 4.5000 0.09 
2.1 87.3012034 -62.0773909 0.084308 0.034127 65.22611 4.5000 0.89 
2.1 87.3049400 -62.0778935 0.062536 0.027506 128.94818 4.5000 1.45 
2.1 87.3042635 -62.0775636 0.002306 0.002019 15.59352 4.5000 7.87 
2.1 87.3035872 -62.0764042 0.081005 0.080997 97.24294 4.5000 -0.00 
1.6 87.3038278 -62.0782225 0.231360 0.018633 18.69926 6.5876 0.40 
1.6 87.3061214 -62.0771902 0.173678 0.014619 99.37274 6.5876 0.98 
1.6 87.3042248 -62.0775554 0.005409 0.001236 124.68658 6.5876 7.43 
1.6 87.3037110 -62.0772546 0.060856 0.016412 177.53037 6.5876 1.99 
1.6 87.3024412 -62.0779470 0.079000 0.078997 122.12920 6.5876 0.00 
1.5 87.3007698 -62.0772517 0.183589 0.062644 70.34782 6.5876 -0.61 
1.5 87.3042836 -62.0775650 0.007573 0.004769 29.59147 6.5876 5.65 
1.5 87.3049658 -62.0777504 0.081001 0.081000 178.63062 6.5876 -0.00 
1.4 87.3049531 -62.0779436 0.135690 0.016013 138.82718 6.5876 1.15 
1.4 87.3035188 -62.0763329 0.139537 0.040981 47.75434 6.5876 0.09 
1.4 87.3042595 -62.0775625 0.004004 0.001225 138.77514 6.5876 7.76 
1.4 87.3011726 -62.0774078 0.087149 0.039972 107.34540 6.5876 0.63 
1.4 87.3052941 -62.0767488 0.079003 0.079001 50.19281 6.5876 -0.00 
1.3 87.3040962 -62.0781661 0.314952 0.000255 4.00416 6.5876 5.65 
1.3 87.3042312 -62.0775614 0.007813 0.000021 162.48828 6.5876 12.36 
1.3 87.3019367 -62.0776571 0.191327 0.000854 13.72047 6.5876 4.88 
1.3 87.3035415 -62.0771542 0.107387 0.000509 120.59693 6.5876 6.07 
1.3 87.3060006 -62.0769718 0.108610 0.000797 150.74641 6.5876 5.57 
1.2 87.3013284 -62.0777564 0.129673 0.068319 46.33952 6.5876 -0.12 
1.2 87.3042640 -62.0775502 0.006275 0.003707 134.74746 6.5876 6.33 
1.2 87.3040591 -62.0770531 0.088998 0.088996 85.81676 6.5876 0.00 
1.1 87.3048530 -62.0767464 0.158138 0.033139 35.98866 6.5876 0.57 
1.1 87.3009892 -62.0774796 0.051082 0.021145 60.82152 6.5876 2.28 
1.1 87.3052116 -62.0777377 0.050317 0.021399 111.15537 6.5876 2.29 
1.1 87.3042730 -62.0775585 0.001795 0.001420 174.51312 6.5876 8.85 
1.1 87.3039374 -62.0765823 0.094020 0.093984 100.05892 6.5876 -0.00 
8.2 87.3048275 -62.0779199 0.098139 0.014369 149.10442 6.6242 1.77 
8.2 87.3010467 -62.0772243 0.125337 0.023907 101.07470 6.6242 0.96 
8.2 87.3037413 -62.0762371 0.157617 0.039749 43.49154 6.6242 0.15 
8.2 87.3042628 -62.0775668 0.004141 0.001078 127.70962 6.6242 8.02 
8.2 87.3049382 -62.0765157 0.084999 0.084996 102.49410 6.6242 0.00 
8.1 87.3009649 -62.0771519 0.145300 0.000105 95.63499 6.6242 6.79 
8.1 87.3048124 -62.0778849 0.077297 0.000086 158.81086 6.6242 7.69 
8.1 87.3042670 -62.0775685 0.004195 0.000006 112.08978 6.6242 13.69 
8.1 87.3043224 -62.0763100 0.326953 0.084039 32.19452 6.6242 -1.35 
3.2 87.3054557 -62.0772633 0.389613 0.016897 67.56619 6.8498 -0.20 
3.2 87.3011458 -62.0776656 0.113029 0.005534 30.55825 6.8498 2.36 
3.2 87.3042702 -62.0775523 0.005217 0.000330 175.43733 6.8498 8.76 
3.2 87.3040819 -62.0769523 0.130803 0.008460 127.60507 6.8498 1.74 
3.2 87.3054845 -62.0774357 0.074004 0.073943 15.83781 6.8498 0.00 
3.1 87.3011939 -62.0776792 0.106934 0.003154 24.07414 6.8498 3.17 
3.1 87.3042677 -62.0775524 0.005349 0.000162 168.49050 6.8498 9.65 
3.1 87.3040474 -62.0769756 0.116105 0.004115 131.84931 6.8498 2.79 
3.1 87.3055204 -62.0774334 0.370599 0.015531 80.65646 6.8498 0.09 
3.1 87.3055169 -62.0773460 0.079192 0.078973 63.68996 6.8498 -0.00 
