1 -9085.828886 0.065882 32.041195 6.790272 237.719410 0.550192 35.067597 6.487650 437.157466 0.000000
1 -7340.719802 0.019965 -10.765545 8.797780 186.523340 0.725127 -60.998468 5.365617 217.438336 0.000000
1 -9012.517962 0.182082 -61.660734 3.843055 41.153355 0.302436 49.589870 2.830016 387.166230 0.000000
1 -8694.607239 0.128790 -71.343937 2.428007 167.881029 0.097349 -12.183602 0.017196 312.656032 0.000000
1 -8316.516589 0.702138 18.480571 0.386919 226.782278 0.272908 -58.710188 7.631579 260.057866 0.000000
1 -10887.749756 0.641476 -55.731530 7.212131 320.538803 0.206455 75.601254 4.898945 343.468806 0.000000
1 -7569.897654 0.065061 57.413065 6.024184 89.232145 0.249811 -73.967785 3.412027 390.096744 0.000000
1 -9065.154546 0.306264 -14.990233 1.131710 42.317597 0.488792 59.192728 5.457890 472.524668 0.000000
1 -9079.408319 0.678703 -58.605199 2.286237 20.942310 0.375185 -40.596654 6.121133 296.043212 0.000000
1 -10885.722149 0.152299 80.043063 3.043011 331.992659 0.390058 66.813507 6.338431 346.979936 0.000000
1 -10885.270789 0.089626 55.888349 7.449112 313.294580 0.496038 74.349462 7.549671 480.334575 -2.161149
1 -9050.853327 0.755788 -42.483099 0.421085 32.858694 0.560519 79.020817 1.586308 194.396324 -2.161149
1 -9071.104366 0.675433 -40.588649 7.792109 316.776279 0.407464 41.339013 0.456552 85.273537 -2.161149
1 -10884.929699 0.232973 -78.242232 7.826773 340.692686 0.560411 -35.752801 8.645309 387.158212 -2.161149
1 -5512.193635 0.332763 -62.038742 3.671413 359.941658 0.053580 67.891046 0.474604 219.170472 -2.161149
1 -7393.015377 0.306853 -38.980579 7.984558 185.068779 0.698177 -63.614083 6.596272 173.603120 -2.161149
1 -9232.173293 0.329090 -26.770299 3.627833 326.151923 0.775191 -14.097713 1.888496 418.363609 -2.161149
1 -10889.777648 0.245674 80.431861 3.525719 488.517991 0.271527 39.759205 6.943484 125.434991 -2.161149
1 -10887.283513 0.787536 -12.004983 6.222937 402.671521 0.199830 -59.572715 4.972825 417.758528 -2.161149
1 -9080.585022 0.656130 82.469769 2.844912 207.540280 0.289317 70.255547 3.329198 243.334956 -2.161149
1 -10885.270440 0.128281 6.706574 5.976195 395.010573 0.195020 -49.376997 7.091001 326.648590 -4.062260
1 -7284.935759 0.249717 70.601812 2.354553 271.737853 0.311620 -79.701598 6.737656 10.826487 -4.062260
1 -7311.507659 0.016646 63.751396 2.584952 191.272162 0.770460 -79.793339 2.219372 485.731882 -4.062260
1 -10891.417954 0.361847 -19.345583 2.919838 446.709604 0.269268 -40.729900 3.775238 252.461293 -4.062260
1 -9094.690729 0.317070 -62.674774 3.236248 359.845692 0.080824 68.199359 0.851124 206.728189 -4.062260
1 -5445.103566 0.358848 -25.838799 7.539306 242.945339 0.755080 -68.404957 6.468338 28.534850 -4.062260
1 -10892.684844 0.139390 -55.816474 1.769296 412.575367 0.453836 -47.721277 8.135319 148.289554 -4.062260
1 -5469.975952 0.329928 -4.407531 8.067112 262.983364 0.210414 2.243527 8.645214 86.297357 -4.062260
1 -8812.999158 0.299662 51.218664 4.396965 174.231461 0.091021 -48.515282 1.367456 328.887036 -4.062260
1 -9055.861392 0.031372 8.937977 8.781839 192.664885 0.780098 -72.177770 5.221334 124.074550 -4.062260
1 -9068.654100 0.384195 -15.323594 4.917205 214.393183 0.485985 -84.338999 3.253783 275.910275 -5.491394
1 -9085.325775 0.714647 60.943399 6.395039 226.725314 0.760330 -47.814412 3.034442 282.519554 -5.491394
1 -5456.540423 0.238893 86.036148 0.165125 179.864565 0.605439 28.440757 8.298883 133.849379 -5.491394
1 -10885.079815 0.242192 79.561997 4.286268 274.541849 0.571063 71.774588 2.538060 149.478240 -5.491394
1 -10885.299169 0.005952 -36.038757 6.711344 425.368385 0.491621 7.210256 6.939756 413.757358 -5.491394
1 -4657.851506 0.657159 -34.495723 1.202505 127.183244 0.211337 77.155649 5.069344 156.241353 -5.491394
1 -7742.930879 0.649289 -57.845953 2.506124 264.314397 0.302689 -36.583014 2.082464 269.208732 -5.491394
1 -7273.229371 0.709522 10.807768 0.605431 172.741892 0.415553 -80.178928 1.440177 341.461771 -5.491394
1 -9080.439885 0.677274 -79.843195 6.887666 134.677980 0.266934 -21.510966 7.769455 471.394127 -5.491394
1 -5773.214970 0.183439 39.173431 6.664656 229.926212 0.095611 73.326076 7.039155 113.856068 -5.491394
1 -5502.242880 0.357129 -17.172725 5.212014 412.271252 0.323389 -25.771778 0.534377 206.651294 -6.537200
1 -9056.600509 0.238314 26.033968 6.658718 93.443577 0.415404 -80.020216 4.924766 195.487858 -6.537200
1 -4866.401250 0.702103 -10.814376 1.269659 151.626229 0.258646 14.674144 0.590578 257.877391 -6.537200
1 -7423.015221 0.098631 52.091321 3.323259 42.294278 0.257128 75.244575 4.963710 333.515486 -6.537200
1 -7507.603510 0.420479 15.058483 7.454793 75.802790 0.722336 42.512626 6.606846 425.035252 -6.537200
1 -5535.034835 0.082039 -15.606210 8.094036 226.643796 0.630459 36.933504 1.900891 391.531620 -6.537200
1 -5454.409130 0.775465 -27.677226 4.669291 220.886317 0.179600 -50.987533 3.971232 68.417624 -6.537200
1 -5504.580374 0.051971 54.882180 3.387027 489.987318 0.711526 -57.515133 7.253350 469.322302 -6.537200
1 -5437.857797 0.554860 -12.024915 1.449497 154.545314 0.221403 49.193733 5.508707 115.379847 -6.537200
1 -5903.314503 0.181633 78.398775 1.188065 198.485107 0.105662 79.386920 7.122132 64.999793 -6.537200
1 -6039.588377 0.415714 -24.065465 5.110282 315.576511 0.286334 -26.095448 0.634057 224.196379 -7.384570
1 -5464.713427 0.286044 78.173935 1.100463 211.279383 0.320177 56.192633 6.363949 75.909187 -7.384570
1 -5632.525735 0.537246 -75.021649 1.091903 97.736530 0.739558 59.109003 1.346628 359.025994 -7.384570
1 -7424.960490 0.096851 52.622499 3.315717 43.078991 0.259881 75.120248 5.001325 334.598911 -7.384570
1 -6735.010408 0.087758 66.649943 7.919687 282.330643 0.335484 -9.311388 0.545421 276.794680 -7.384570
1 -4689.982420 0.085143 -13.178561 7.982706 223.946294 0.627640 39.728179 1.874973 396.003779 -7.384570
1 -7329.237151 0.192575 -58.586475 4.578521 281.899444 0.189145 10.299265 2.728703 485.397024 -7.384570
1 -3922.921717 0.005276 65.018421 3.289848 486.826995 0.690103 -50.227448 7.549578 468.263380 -7.384570
1 -5447.939987 0.555548 0.328443 3.508126 169.842525 0.774240 55.885366 6.525600 143.556611 -7.384570
1 -9067.506620 0.795537 -66.160155 2.084788 193.870065 0.005470 8.432335 4.037826 358.817177 -7.384570
1 -5449.535215 0.349276 6.671717 6.197297 203.735399 0.234034 -21.091591 6.137105 117.805028 -8.103974
1 -3089.712443 0.394179 -3.587467 1.017760 234.387611 0.750272 -8.018533 0.565022 307.018322 -8.103974
1 -6248.548373 0.376231 -84.208543 2.889965 94.362576 0.693708 -83.583303 0.118517 334.584937 -8.103974
1 -3930.037661 0.039337 47.226055 3.034204 475.587331 0.673593 -58.254260 7.106113 476.903890 -8.103974
1 -5451.707528 0.506467 -21.567743 6.515098 216.398061 0.379631 6.605888 3.240983 68.749665 -8.103974
1 -5764.725303 0.431152 1.676056 1.019321 165.112422 0.780082 -34.972057 7.133495 135.637661 -8.103974
1 -7442.600917 0.582446 -21.701984 0.521434 316.774812 0.271489 -18.534209 4.059296 65.241214 -8.103974
1 -5491.682504 0.033320 58.615693 0.178737 218.135101 0.595296 62.476815 3.164212 88.583924 -8.103974
1 -3783.322261 0.799291 -43.001546 7.329292 226.767259 0.505643 53.592147 0.201627 58.263695 -8.103974
1 -5438.148601 0.668711 69.080063 6.957920 219.054685 0.596454 80.452189 6.492477 143.594587 -8.103974
1 -7601.798900 0.175958 58.248061 4.281694 313.117056 0.394655 -31.495998 6.938534 13.436732 -8.696398
1 -2663.038083 0.361380 -19.741909 0.273345 247.350158 0.699010 -14.213649 0.238739 310.196338 -8.696398
1 -3009.302115 0.414072 -36.600514 0.399711 244.037239 0.700964 -17.101448 0.319415 304.010352 -8.696398
1 -3915.688667 0.028931 51.610753 2.694973 477.110356 0.700413 -68.427016 7.537303 437.268116 -8.696398
1 -5457.421627 0.456674 6.019982 7.270322 238.747642 0.412930 -23.882859 3.722972 81.153540 -8.696398
1 -3653.554813 0.094643 -69.538810 5.720264 145.961643 0.267093 12.817136 0.055781 66.922009 -8.696398
1 -6965.265131 0.592028 -22.993461 0.482120 315.569951 0.250447 -22.200107 4.231073 67.182850 -8.696398
1 -7660.475501 0.646909 -58.043782 6.316904 377.026468 0.739158 55.393655 3.701874 412.754474 -8.696398
1 -2925.200092 0.093477 -59.601478 8.559565 226.983394 0.460352 42.915536 0.237107 53.339002 -8.696398
1 -4153.601682 0.015832 -75.913288 2.938061 167.479761 0.067585 -88.633228 0.212769 81.579434 -8.696398
1 -7284.669087 0.419342 37.001230 3.799459 306.213257 0.294588 26.543663 4.275506 17.853594 -9.073974
1 -829.987649 0.477048 -34.090780 0.788807 255.897145 0.707923 -27.132361 0.469323 281.380119 -9.073974
1 -1511.707789 0.400702 -16.800195 0.944405 314.524790 0.685417 4.747595 0.183019 307.421007 -9.073974
1 -4000.911185 0.038864 46.968582 2.977355 464.797747 0.746771 -67.075086 7.313202 432.359292 -9.073974
1 -5794.605855 0.645245 27.891064 3.919710 252.333045 0.430540 -43.142809 5.040125 144.539594 -9.073974
1 -7287.231479 0.146491 8.889731 7.139528 289.815553 0.685441 -51.786204 6.128135 31.071510 -9.073974
1 -5454.719079 0.358296 27.073722 8.678538 254.829603 0.418564 -59.093155 5.679459 65.886564 -9.073974
1 -1663.042971 0.448697 -32.944813 0.616044 224.248956 0.775299 2.498651 0.888893 363.998440 -9.073974
1 -3080.056159 0.111835 -57.080948 8.556591 236.119476 0.501306 38.224352 0.223071 68.966687 -9.073974
1 -319.549501 0.040156 -73.461652 1.833670 166.884401 0.119029 88.650036 0.487878 65.731285 -9.073974
1 -5974.262880 0.665194 -81.817833 3.800314 287.177729 0.359774 37.587769 0.851307 265.384104 -9.409447
1 -8198.532017 0.269513 -31.109525 2.919999 284.668692 0.100054 32.374321 0.134239 319.185797 -9.409447
1 -2273.793057 0.407843 -14.766295 1.003224 320.046393 0.682134 6.697116 0.208424 310.817791 -9.409447
1 -4146.412023 0.091043 -84.576054 3.757072 56.040984 0.103672 -22.179146 2.807105 118.675637 -9.409447
1 -5553.180997 0.769043 0.049225 1.152364 331.690318 0.693972 -16.755648 3.874665 53.305641 -9.409447
1 -2523.074219 0.500219 -26.033838 1.489438 227.001739 0.730480 3.515656 0.600188 335.219853 -9.409447
1 -3672.665412 0.749550 -81.801266 6.543571 26.873050 0.665260 -13.797731 0.068930 103.529160 -9.409447
1 -1673.402046 0.447614 -33.022098 0.557527 223.539952 0.778316 2.317473 0.913894 367.208773 -9.409447
1 -4017.287591 0.781572 -8.028808 0.454606 257.017657 0.036561 33.996882 5.321372 136.050431 -9.409447
1 -10.759376 0.069307 -73.955654 2.139250 161.267806 0.101238 85.257582 0.299678 49.744262 -9.409447
1 -3362.451377 0.665672 -83.806512 3.648163 267.834671 0.207277 49.439684 1.174098 284.239237 -9.740627
1 -7352.910363 0.658918 -59.633585 0.500187 188.243907 0.072862 -9.357729 0.484704 371.194659 -9.740627
1 -1411.091709 0.338538 -24.533110 1.352428 299.192438 0.639941 2.675000 0.427786 278.132881 -9.740627
1 -4179.386569 0.090705 -85.272718 3.810709 53.874721 0.109911 -22.967803 2.752759 117.998832 -9.740627
1 -3702.927134 0.157202 -18.051866 8.477349 226.335166 0.534603 -32.674433 3.530486 75.286241 -9.740627
1 -3339.357395 0.484577 -28.092207 1.570364 223.804241 0.691752 7.866498 0.597860 317.488475 -9.740627
1 -3649.383886 0.016911 84.252366 6.470794 77.505901 0.767432 -6.203199 0.179341 83.173212 -9.740627
1 -2450.303155 0.469378 -19.073011 3.072940 288.144068 0.650934 39.172691 1.063856 304.062722 -9.740627
1 -4049.736915 0.700017 -1.042237 7.114242 232.601358 0.185373 47.832999 7.441788 96.087438 -9.740627
1 -23.953724 0.042335 85.283597 2.003342 148.905231 0.638761 56.021228 0.899648 74.388136 -9.740627
1 -3351.636050 0.691855 -89.735434 3.917955 257.442327 0.201866 45.281657 1.168276 289.855332 -10.023732
1 -3695.200873 0.134401 82.797737 4.431400 145.031437 0.081370 -70.384912 7.656313 176.103527 -10.023732
1 -3047.983521 0.224896 -30.032947 1.074638 178.896596 0.006675 -1.211640 0.528405 247.700951 -10.023732
1 -4196.017524 0.108734 -81.266463 3.810275 45.009274 0.119167 -19.508161 2.763155 116.909439 -10.023732
1 -3651.723647 0.269991 -10.071506 0.849835 61.030873 0.546730 11.213218 0.177470 83.781300 -10.023732
1 -3624.268393 0.720255 -37.905671 8.690818 144.933425 0.701420 1.470513 0.396791 336.598489 -10.023732
1 -11.116732 0.113245 -83.503785 1.438572 150.859435 0.763435 63.391253 0.404714 69.117760 -10.023732
1 -2766.551093 0.528947 19.405857 2.967498 307.363938 0.694664 28.426125 0.295534 305.260404 -10.023732
1 -3970.210096 0.241676 -12.413538 0.244746 165.347614 0.110826 -10.111285 2.103114 78.186360 -10.023732
1 -7.752669 0.029443 67.477064 1.594986 148.415638 0.719041 68.495623 0.217052 58.075502 -10.023732
1 -20.414904 0.025700 68.756252 1.823742 155.988514 0.750849 73.247149 0.035483 69.799690 -10.341157
1 -4376.122073 0.071914 76.946400 3.781255 140.292654 0.092641 -81.821369 7.485456 159.267123 -10.341157
1 -2574.722772 0.246816 -30.024824 1.492308 184.543851 0.041718 1.839681 0.345611 259.987396 -10.341157
1 -4198.323292 0.094918 -80.233763 3.864419 49.293234 0.137807 -15.659873 2.703498 115.389800 -10.341157
1 -7264.608293 0.429998 -3.307634 3.613535 125.270201 0.420095 86.831674 2.841761 407.734700 -10.341157
1 -2450.605151 0.092415 -5.151241 8.507552 300.799485 0.596824 29.563570 1.750206 373.131426 -10.341157
1 -281.156865 0.229188 70.359022 1.410607 156.572684 0.700233 47.004399 0.724276 77.383442 -10.341157
1 -1946.289115 0.525168 17.242088 3.191901 302.742993 0.692964 28.147722 0.359068 300.410738 -10.341157
1 -4066.251552 0.256746 -11.861531 0.347329 166.675039 0.100063 -8.836352 2.289849 95.591777 -10.341157
1 -7.660772 0.030549 69.950139 1.514958 149.250642 0.723980 68.874590 0.216733 59.966620 -10.341157
1 -12.859199 0.067168 62.033858 1.722060 155.320766 0.733432 65.994997 0.377262 69.801340 -10.561645
1 -15.805715 0.026728 73.774795 1.924909 154.235496 0.784850 72.878296 0.009098 68.508549 -10.561645
1 -2649.085190 0.240469 -30.365781 1.707861 188.255615 0.052805 3.387278 0.311778 267.035173 -10.561645
1 -4128.216102 0.764828 -65.225927 0.193973 211.048476 0.654956 -38.838453 6.704088 101.152975 -10.561645
1 -3682.715631 0.472403 -9.087248 3.123225 263.148116 0.104910 45.618746 1.297457 289.683086 -10.561645
1 -2437.539772 0.093878 -3.520640 8.479251 297.970989 0.596686 31.542953 1.748517 370.817624 -10.561645
1 -11.488699 0.163835 63.658948 1.574888 142.328060 0.665175 29.858381 1.029588 69.463093 -10.561645
1 -4347.450521 0.535954 29.408900 2.427161 291.371852 0.701155 29.212019 0.531489 280.497825 -10.561645
1 -3913.871127 0.260459 -28.028742 0.285578 136.795779 0.083386 -4.940782 2.581938 101.715139 -10.561645
1 -10.371994 0.020243 67.363341 1.132491 148.378806 0.762588 66.715842 0.149838 68.424779 -10.561645
1 -21.093964 0.065711 66.049860 2.018827 158.895785 0.739625 69.446934 0.194061 69.943248 -10.768172
1 -9.769135 0.145595 -87.045039 1.307481 146.458890 0.096434 56.973311 0.112706 56.695670 -10.768172
1 -2498.457280 0.233839 -31.074037 1.747258 180.114673 0.034227 -3.294646 0.352677 261.740073 -10.768172
1 -4141.674223 0.766281 -66.907846 0.216951 212.851355 0.645580 -39.207784 6.702227 103.772150 -10.768172
1 -12.501161 0.139690 65.086265 2.333548 153.505141 0.655251 21.786679 1.284291 67.011754 -10.768172
1 -2439.435343 0.091877 -3.636847 8.480285 296.941219 0.596685 31.230300 1.777800 373.934801 -10.768172
1 -11.808273 0.069768 64.735982 0.751181 139.917374 0.735114 20.416488 0.356194 68.589662 -10.768172
1 -3192.934693 0.575431 -2.116258 2.476538 307.858837 0.599619 30.526476 0.554393 281.748444 -10.768172
1 -5470.814474 0.323447 -44.123543 0.374501 219.082216 0.798784 -8.076168 2.456204 38.397215 -10.768172
1 -15.159417 0.056285 58.272475 1.357353 157.292373 0.708307 71.090649 0.382582 71.603327 -10.768172
1 -12.089381 0.019940 86.661658 1.919427 147.758131 0.035584 76.467862 0.024554 50.907136 -10.924832
1 -10.067504 0.225147 -84.514612 1.444132 158.734821 0.170803 55.889689 0.400972 56.070214 -10.924832
1 -4313.177599 0.232041 -23.748239 1.929338 191.467148 0.036221 -3.236269 0.434020 271.552862 -10.924832
1 -3129.409314 0.692719 84.096240 7.933146 208.040903 0.724036 -26.035251 0.476016 314.256799 -10.924832
1 -15.780855 0.101488 89.530642 2.326086 169.924699 0.711276 16.688191 0.570867 55.521508 -10.924832
1 -3678.326434 0.089448 -5.093869 8.445936 296.106536 0.595572 34.384789 1.691643 375.710241 -10.924832
1 -6.308942 0.008708 49.308509 0.030484 133.589632 0.626598 24.357622 0.295444 60.543708 -10.924832
1 -3709.272963 0.573732 1.609360 3.082818 242.472353 0.703326 -42.335820 1.166736 310.487063 -10.924832
1 -11.328801 0.013717 56.734397 1.136001 136.905043 0.680240 72.121141 0.111600 55.493549 -10.924832
1 -8.621186 0.065287 54.534549 1.484674 157.051830 0.705784 69.218064 0.193681 57.754457 -10.924832
1 -18.889065 0.156489 88.946786 2.077828 154.884883 0.620835 54.725949 0.630440 67.875632 -11.087229
1 -6.621543 0.243506 81.384322 0.642642 142.069159 0.441833 39.316981 0.743913 67.653000 -11.087229
1 -3678.544635 0.244900 -8.303631 1.935871 182.353385 0.044242 -2.001666 0.500399 265.418925 -11.087229
1 -5619.528200 0.693297 85.993869 6.816130 93.930247 0.674713 -10.139586 0.928617 324.992259 -11.087229
1 -19.407897 0.146906 -82.261609 2.138642 155.993029 0.723153 25.106574 0.510600 61.117205 -11.087229
1 -12.010013 0.084941 54.912899 1.492960 161.889123 0.681426 68.479269 0.191183 62.536130 -11.087229
1 -8.394183 0.101371 46.529245 0.655200 132.189491 0.696858 23.301810 0.201881 61.651354 -11.087229
1 -4088.952079 0.541213 -27.087005 2.959692 245.026208 0.706141 -52.809441 0.524044 302.889304 -11.087229
1 -21.597666 0.069045 -3.307440 1.420688 139.452858 0.660669 47.236502 0.250604 67.601571 -11.087229
1 -13.090055 0.059493 60.842664 0.119732 127.839485 0.597393 83.422303 0.952364 91.808485 -11.087229
1 -11.726378 0.212464 -81.389843 1.892005 154.800680 0.668227 46.476107 0.791122 60.704285 -11.184846
1 -8.912428 0.342759 54.062654 0.657227 150.855956 0.500623 37.277882 0.739230 71.487283 -11.184846
1 -3148.169228 0.208348 -27.453111 2.893466 215.905085 0.303610 -23.930971 0.472212 264.126247 -11.184846
1 -12.789241 0.099569 -39.280988 1.516670 144.322525 0.766433 12.952820 0.277604 51.919664 -11.184846
1 -18.003763 0.153376 -22.848255 0.428051 131.371031 0.546941 -28.042054 0.721543 73.673518 -11.184846
1 -9.214706 0.033770 46.482807 2.290334 153.993245 0.686334 69.269033 0.072932 48.232399 -11.184846
1 -26.362612 0.059289 -10.395348 0.575046 129.545489 0.308969 49.164034 0.088951 69.836911 -11.184846
1 -5450.434917 0.140695 50.028341 3.355267 222.705204 0.682781 28.255336 3.252104 15.806632 -11.184846
1 -11.945136 0.067665 -2.846647 1.076231 147.040611 0.617549 44.220432 0.406078 66.119223 -11.184846
1 -16.259551 0.753720 79.873730 0.185934 159.773567 0.594052 -88.054602 0.343002 83.342659 -11.184846
1 -13.575079 0.088649 -88.973956 1.996649 154.888266 0.629103 58.341978 0.831802 68.614266 -11.225040
1 -16.723609 0.054710 -23.716428 1.079082 136.221966 0.188574 53.042006 0.845528 72.138005 -11.225040
1 -3149.674490 0.253537 -28.589288 3.359817 214.438779 0.314736 -22.047514 0.482614 263.513398 -11.225040
1 -6.348770 0.491667 44.095297 1.267013 148.040579 0.033421 14.115226 0.037362 59.764456 -11.225040
1 -10.593793 0.011696 -18.310446 0.673284 132.265642 0.583366 -28.833778 0.279133 61.092331 -11.225040
1 -226.830435 0.029404 64.085180 2.218524 153.132926 0.690339 49.977237 0.006951 45.100119 -11.225040
1 -16.258464 0.255656 36.131295 0.695426 160.521826 0.248237 64.447762 0.044581 65.686555 -11.225040
1 -9.339229 0.753451 25.396217 1.329212 158.344872 0.642904 56.321842 0.667898 85.202905 -11.225040
1 -12.285476 0.153660 31.064973 0.319915 153.440672 0.679532 53.235986 0.260385 68.204495 -11.225040
1 -258.477039 0.363572 -25.844643 0.478223 147.905112 0.785168 5.869776 0.211407 66.514138 -11.225040
1 -21.174474 0.764172 55.259368 2.278952 191.636505 0.510857 47.770821 1.249930 81.075786 -11.234867
1 -6.410941 0.030314 31.849625 0.671564 136.688364 0.238393 74.065318 0.054854 53.956184 -11.234867
1 -9.202881 0.745506 15.526195 0.888011 145.443338 0.695877 52.254445 0.934841 86.454042 -11.234867
1 -6.305613 0.539899 31.809588 0.565266 142.281942 0.018744 3.582626 0.017243 63.911834 -11.234867
1 -636.123692 0.304403 -10.810872 0.187552 118.671422 0.759801 11.489066 0.905427 70.111882 -11.234867
1 -19.428515 0.115737 70.473902 2.052940 152.168350 0.090098 56.825806 0.404746 63.564801 -11.234867
1 -24.840560 0.424666 69.734550 1.048902 180.778748 0.285483 77.283594 0.036958 60.361812 -11.234867
1 -10.889100 0.788613 35.049175 1.262773 159.122693 0.269237 54.892160 0.231912 75.938167 -11.234867
1 -12.466953 0.745001 14.791546 0.445676 119.344391 0.698420 34.449296 1.031023 79.907201 -11.234867
1 -12.276435 0.124187 -52.612718 0.089027 148.113746 0.714048 -28.574692 0.003634 60.609900 -11.234867
1 -248.761608 0.008337 73.439942 2.211391 156.425066 0.470844 46.039829 0.505658 49.980121 -11.239777
1 -7.848129 0.107137 2.295141 0.301983 141.630951 0.124342 -83.857973 0.204258 55.335134 -11.239777
1 -8.126022 0.691783 29.399797 1.265684 165.008506 0.725333 58.046400 0.497364 73.438205 -11.239777
1 -8.826806 0.655808 14.028602 0.237805 131.411802 0.150300 -12.685901 0.265643 72.681222 -11.239777
1 -18.417395 0.240644 0.658234 0.007237 121.067256 0.724790 -5.848213 1.018527 82.278699 -11.239777
1 -17.087774 0.115736 74.242520 1.711410 156.566733 0.191062 33.942789 0.113021 59.329950 -11.239777
1 -8.565362 0.339703 76.131633 0.708791 158.558562 0.347126 -88.388421 0.133530 52.829367 -11.239777
1 -11.323645 0.033266 10.172725 1.761351 146.355742 0.783049 16.515980 0.037826 55.397951 -11.239777
1 -15.058817 0.780954 8.833836 0.242020 121.110727 0.691260 31.943844 1.001445 88.512392 -11.239777
1 -10.485521 0.256105 53.764459 1.224649 147.626635 0.760202 -12.477244 0.124917 64.407362 -11.239777
1 -108.053957 0.464116 -6.102169 2.496106 139.088477 0.408710 39.889918 0.084012 60.549880 -11.246898
1 -8.641756 0.036308 15.464744 0.526835 146.589975 0.152722 -83.794601 0.165118 51.062815 -11.246898
1 -9.645858 0.797960 33.844267 1.906658 163.512600 0.723041 66.459675 0.135745 78.643478 -11.246898
1 -22.661676 0.554059 78.648845 0.582393 172.153103 0.646379 78.812810 0.596957 79.115960 -11.246898
1 -15.118275 0.251395 11.539612 0.882614 129.506211 0.597925 -17.836609 0.457512 69.970295 -11.246898
1 -236.770284 0.133323 -65.937914 1.324753 149.347300 0.232632 59.562934 0.611752 68.435502 -11.246898
1 -29.598404 0.727965 81.258154 0.374823 150.240400 0.645045 -31.979699 0.461802 82.368978 -11.246898
1 -10.391021 0.124050 -4.564272 2.367276 161.507202 0.647317 38.954019 0.090240 44.361841 -11.246898
1 -14.076766 0.759068 11.340801 0.078530 132.066080 0.604731 10.005870 0.326558 81.058176 -11.246898
1 -13.081328 0.354086 86.252547 1.083196 161.589611 0.749003 -2.006966 0.753414 64.202855 -11.246898
1 -270.709079 0.732660 13.408879 2.273465 159.691372 0.550897 -87.250874 0.128600 58.800878 -11.254211
1 -9.977676 0.091305 6.822083 0.672290 130.217061 0.162251 -77.079782 0.385705 62.165208 -11.254211
1 -11.716197 0.772455 10.502942 1.056288 173.826674 0.701858 42.204248 0.015466 69.103527 -11.254211
1 -22.494720 0.550443 77.012779 0.592509 171.921640 0.636133 79.331924 0.603595 79.323396 -11.254211
1 -20.282557 0.557050 11.011184 1.821852 135.881851 0.631479 65.836349 0.280386 79.130734 -11.254211
1 -22.045737 0.170585 -83.580182 1.530543 148.327042 0.225779 71.610637 0.667114 68.994448 -11.254211
1 -9.181477 0.768004 85.005632 0.158564 162.258906 0.558990 -62.290567 0.459690 75.052847 -11.254211
1 -15.638908 0.031702 -16.209348 1.842375 149.056585 0.438994 9.819860 0.258194 57.857702 -11.254211
1 -7.845749 0.334848 40.295163 1.388585 157.832170 0.206406 78.056658 0.282436 58.951510 -11.254211
1 -10.417601 0.378442 -86.231022 0.908711 154.325473 0.049100 5.556717 0.816215 65.079372 -11.254211
1 -36.455461 0.437478 -23.128552 2.953776 159.630418 0.495759 -62.243485 0.134318 49.687888 -11.258099
1 -26.995487 0.032211 -22.794425 0.358039 129.613516 0.131694 -78.993583 0.570859 78.434764 -11.258099
1 -5.181976 0.746223 24.017984 0.396580 137.130081 0.019755 85.874608 0.340052 70.331884 -11.258099
1 -20.890461 0.720194 59.465141 0.407410 177.929232 0.750326 -68.068550 0.455720 80.148139 -11.258099
1 -5.388173 0.486036 22.876727 0.591948 139.816980 0.532742 79.914017 0.055975 64.579897 -11.258099
1 -16.573738 0.017588 75.324666 2.064423 149.210783 0.313457 -40.703546 0.836015 65.060097 -11.258099
1 -33.952890 0.657966 50.903995 1.675166 143.824682 0.627488 -37.956169 0.043454 84.789551 -11.258099
1 -32.493822 0.564080 57.737028 1.571164 200.529191 0.165140 33.707244 0.151204 55.696373 -11.258099
1 -14.188069 0.491334 -85.854295 1.391645 169.916586 0.237089 63.775530 0.416301 58.563518 -11.258099
1 -20.948313 0.336379 -89.659222 0.705744 138.724675 0.031422 -0.696983 0.717317 72.947814 -11.258099
1 -24.870189 0.424701 -12.232332 3.078941 159.509503 0.553486 -57.019770 0.019444 52.062559 -11.266073
1 -17.367389 0.761476 -1.410614 0.028046 133.080019 0.220297 -80.866413 0.316000 79.771060 -11.266073
1 -115.201389 0.663318 -5.570373 0.741658 123.576546 0.165473 59.073143 0.293196 71.492157 -11.266073
1 -23.452001 0.796912 73.833867 0.434855 179.372909 0.660411 -75.071047 0.126772 75.002120 -11.266073
1 -24.024925 0.463300 20.425900 0.895959 147.932684 0.585465 71.622987 0.061737 82.402233 -11.266073
1 -18.972407 0.083415 -56.498236 2.016406 152.462132 0.525400 -13.297778 0.665669 59.821021 -11.266073
1 -23.713723 0.694560 33.848678 1.575761 140.363020 0.590563 -50.830847 0.043492 85.624343 -11.266073
1 -9.715642 0.600747 79.622018 1.979637 168.929528 0.100378 54.420627 0.587032 63.595785 -11.266073
1 -10.055282 0.482257 61.906058 1.326362 164.454223 0.525138 -35.663746 0.253476 56.199671 -11.266073
1 -25.382478 0.561132 -83.740719 0.764910 156.140235 0.126411 7.243597 0.670070 67.824921 -11.266073
1 -17.652320 0.359921 -0.974824 2.729086 157.830536 0.426831 -46.039592 0.310099 57.684427 -11.272832
1 -94.082634 0.735015 16.283539 0.802772 122.045913 0.038427 -71.001093 0.177278 77.379766 -11.272832
1 -29.946017 0.627177 13.115257 0.909882 130.224521 0.346858 55.440444 0.070108 83.801937 -11.272832
1 -15.126107 0.733904 49.907316 0.566589 166.717480 0.616120 -30.825828 0.421362 75.080098 -11.272832
1 -11.720878 0.382560 30.629936 0.717777 146.200638 0.499317 -66.168570 0.362879 77.468897 -11.272832
1 -13.855786 0.079712 -49.440577 1.256417 157.683035 0.704426 -9.185786 0.454716 57.181261 -11.272832
1 -7.223136 0.664565 28.048544 1.593911 138.967108 0.704984 -42.219435 0.141915 71.189688 -11.272832
1 -11.021806 0.529123 67.829545 2.286027 173.513231 0.131185 68.291538 0.578723 59.373840 -11.272832
1 -16.575718 0.587813 67.243590 0.612564 169.027937 0.715361 -57.774431 0.469186 73.603366 -11.272832
1 -18.267899 0.629115 -85.857241 1.106529 168.199508 0.022953 28.913808 0.357237 61.323643 -11.272832
1 -30.637934 0.231085 -20.056252 2.816713 156.523987 0.797466 -31.259772 0.075339 52.033778 -11.277460
1 -22.061945 0.703189 23.463651 1.383129 133.961592 0.004455 -53.469052 0.266577 83.206287 -11.277460
1 -13.843676 0.552771 24.990685 0.978397 132.292754 0.506080 47.744590 0.306966 79.041624 -11.277460
1 -14.463175 0.623449 53.082844 0.778286 157.443458 0.235929 4.928976 1.175434 83.952005 -11.277460
1 -8.199971 0.520813 48.219540 0.061834 148.423608 0.359293 -54.690632 0.391490 70.967648 -11.277460
1 -13.461145 0.050778 86.621752 1.603073 146.796012 0.708779 13.497425 0.183647 59.381154 -11.277460
1 -10.864453 0.417555 87.845892 0.141755 160.801376 0.770262 -24.355591 0.228309 56.671096 -11.277460
1 -18.112161 0.602103 65.261103 1.911496 163.911010 0.187653 84.991080 0.696744 76.177616 -11.277460
1 -13.354325 0.688084 87.305989 0.648715 162.572917 0.581977 -38.066656 0.661396 71.998126 -11.277460
1 -16.411838 0.636673 80.700603 1.053348 169.005911 0.035711 57.392484 0.647185 69.291331 -11.277460
1 -22.011966 0.187333 -27.119925 3.188311 164.028698 0.715663 12.586184 0.251358 42.755873 -11.282162
1 -15.288395 0.745667 5.545582 1.442301 136.298514 0.706516 -77.958513 0.500895 90.633488 -11.282162
1 -14.509903 0.487772 29.794138 1.761748 135.184812 0.513296 38.277791 0.253714 69.449035 -11.282162
1 -15.038479 0.719634 61.011352 0.184901 134.409381 0.100452 -17.635319 1.005887 89.359602 -11.282162
1 -19.965852 0.532211 78.601993 0.113529 163.231486 0.336398 -55.167118 0.467244 72.665493 -11.282162
1 -18.468355 0.124749 -85.050923 0.877861 150.414422 0.093079 -25.707031 0.367311 65.099319 -11.282162
1 -6.207969 0.369086 31.900603 2.235282 151.495398 0.333239 -33.463879 0.019948 54.687233 -11.282162
1 -20.533623 0.351811 -88.215522 2.317909 175.046122 0.099649 -45.417402 0.215954 52.579467 -11.282162
1 -21.307450 0.771046 -85.443278 0.392956 166.071728 0.456457 33.057274 1.004809 75.481068 -11.282162
1 -10.857570 0.511635 75.471137 1.830177 173.000488 0.212981 9.029010 0.310073 48.246590 -11.282162
1 -14.533927 0.018638 13.150066 2.242588 165.890879 0.605491 12.904480 0.183356 52.335810 -11.286294
1 -10.155281 0.749223 32.824565 1.157516 149.422815 0.584428 -71.648613 0.136151 81.883044 -11.286294
1 -10.655617 0.682214 13.470278 1.646857 139.393301 0.750669 22.191275 0.071211 69.153813 -11.286294
1 -11.135805 0.484553 52.639268 0.402493 140.592720 0.133929 -15.999859 0.931232 82.515979 -11.286294
1 -17.093195 0.595564 71.620345 0.786049 176.599556 0.591321 -19.042081 0.008993 50.299690 -11.286294
1 -14.042966 0.135034 18.612079 0.239388 149.004906 0.263543 -67.092239 0.242927 68.387916 -11.286294
1 -10.189923 0.608328 65.663947 1.090535 151.825917 0.124740 -80.957734 0.327699 67.307699 -11.286294
1 -14.659354 0.312557 82.110373 2.521667 170.946363 0.113690 -42.572737 0.555346 57.498454 -11.286294
1 -26.618642 0.601642 71.237070 1.403910 193.158637 0.464426 24.976146 0.408690 52.572926 -11.286294
1 -15.195715 0.365007 -89.161807 1.536951 177.176890 0.097732 -87.729648 0.120540 48.625909 -11.286294
1 -15.441147 0.032132 3.044752 2.336838 160.996014 0.666846 -5.215538 0.041162 52.287533 -11.299422
1 -11.266079 0.598927 55.970710 2.137656 163.613320 0.377443 -62.055164 0.203311 66.235283 -11.299422
1 -17.072520 0.732961 2.269906 1.336985 147.311415 0.773867 12.072927 0.018884 73.020162 -11.299422
1 -9.148390 0.613228 52.762650 0.204035 152.821821 0.442903 39.043416 0.483332 63.822048 -11.299422
1 -19.839803 0.675056 61.875119 0.613610 179.894869 0.629888 16.828942 0.010581 54.075387 -11.299422
1 -7.689733 0.600629 21.363603 0.078774 122.198260 0.235751 70.738975 0.515748 77.583937 -11.299422
1 -16.404102 0.570041 43.324509 1.474734 174.728158 0.126280 -77.169971 0.356419 68.883272 -11.299422
1 -18.004958 0.349379 -14.183295 2.158941 158.540153 0.646542 13.303947 0.095609 52.306433 -11.299422
1 -14.168836 0.420777 78.724391 1.558719 178.670130 0.573717 8.225170 0.020718 40.638726 -11.299422
1 -329.364615 0.381262 -87.359990 1.321820 176.928011 0.013988 81.111532 0.269457 55.317938 -11.299422
1 -14.628711 0.753244 17.889557 2.346512 153.975064 0.624043 -25.158175 0.201721 75.012695 -11.307417
1 -17.908376 0.684515 34.510734 2.265878 141.053826 0.463999 4.300369 0.775413 82.261040 -11.307417
1 -6.770132 0.797320 16.967706 0.900731 138.536015 0.702882 -18.926766 0.650428 68.586544 -11.307417
1 -23.716030 0.555551 47.930107 0.636487 138.747939 0.417804 -0.061179 0.995398 88.377151 -11.307417
1 -26.771366 0.786227 75.770114 0.366467 163.110792 0.634645 10.827429 0.920592 84.027669 -11.307417
1 -6.290400 0.310156 53.365737 0.056836 143.538698 0.650627 -41.284305 0.042917 60.683600 -11.307417
1 -7.741564 0.078222 6.260239 0.599725 138.102855 0.137996 -37.681339 0.366047 61.352191 -11.307417
1 -18.895348 0.402785 1.160254 1.208244 133.157241 0.729580 56.439760 0.358111 76.628233 -11.307417
1 -8.628261 0.409491 77.662176 1.840622 167.297657 0.500845 0.975286 0.485591 54.764742 -11.307417
1 -16.885627 0.118151 21.610774 3.141576 160.863372 0.120040 42.363954 0.410013 55.992923 -11.307417
1 -24.292925 0.746294 56.293496 1.487664 169.487553 0.206647 -21.770244 0.025735 72.425895 -11.323683
1 -15.325460 0.492926 16.633781 1.368650 132.279000 0.311951 1.944305 0.963737 80.213437 -11.323683
1 -14.352719 0.774324 60.843245 0.337934 156.324273 0.115968 45.707094 0.431344 70.075149 -11.323683
1 -5.708025 0.540243 40.021727 0.915217 142.685695 0.236289 68.799215 0.141164 57.438028 -11.323683
1 -138.582078 0.045635 77.848919 0.724452 132.142903 0.683360 27.980796 0.484618 75.780114 -11.323683
1 -25.653224 0.738794 -5.129793 2.432330 147.021530 0.612291 8.633236 0.093026 60.407640 -11.323683
1 -16.538975 0.251388 -8.921442 1.452946 140.993085 0.247296 -26.255902 0.718267 64.776820 -11.323683
1 -24.893352 0.597857 7.648230 2.707986 143.667145 0.656238 -81.032720 0.354269 80.231391 -11.323683
1 -13.326015 0.304493 77.309249 2.728281 170.754209 0.264723 -43.172158 0.392681 55.963997 -11.323683
1 -22.846368 0.032592 -17.704641 1.476441 139.756083 0.073902 10.202777 0.652522 67.574577 -11.323683
1 -9.196159 0.246131 27.317406 2.008485 145.147351 0.203535 -37.971455 0.743292 64.906298 -11.335285
1 -19.202907 0.480187 20.849201 1.222268 136.443889 0.393359 9.837718 1.168953 85.242341 -11.335285
1 -108.776177 0.125121 65.121038 0.743111 127.868556 0.204010 63.933729 0.065913 75.403948 -11.335285
1 -5.703961 0.431538 56.957249 0.610262 141.487893 0.301871 85.501868 0.120495 57.739827 -11.335285
1 -12.199022 0.558320 48.588645 0.954318 161.921580 0.320040 43.051176 0.101298 65.520920 -11.335285
1 -14.345250 0.609206 15.502340 2.799542 165.195810 0.570316 16.453761 0.273011 65.012600 -11.335285
1 -9.900360 0.307678 11.901237 0.720565 128.174486 0.262178 -12.656542 0.908649 72.419482 -11.335285
1 -8.907285 0.740459 26.700272 3.367899 157.781266 0.786198 -65.475997 0.351215 84.352291 -11.335285
1 -13.374527 0.144852 75.872700 3.000777 165.077526 0.220297 -60.002820 0.569006 56.215839 -11.335285
1 -12.730869 0.116146 -21.835789 1.275736 153.245731 0.059812 11.268474 0.302517 56.001895 -11.335285
1 -26.690595 0.587590 12.579053 3.986449 158.288463 0.181240 -19.309841 0.480134 65.215654 -11.349907
1 -13.439808 0.327524 16.483755 0.821183 131.788072 0.350441 55.748568 1.055943 84.240256 -11.349907
1 -133.075577 0.079117 60.899929 1.332179 135.529358 0.125873 72.722815 0.104754 69.023959 -11.349907
1 -6.594454 0.633914 33.017458 2.760326 150.652902 0.650514 59.546686 0.256358 65.937412 -11.349907
1 -22.261717 0.661558 45.381587 7.747385 230.991025 0.754504 48.088525 0.294649 50.922089 -11.349907
1 -12.327945 0.643965 46.884693 3.292578 185.146498 0.056289 33.681397 0.328029 57.544697 -11.349907
1 -7.130564 0.534202 14.983601 0.530716 129.265107 0.319489 25.885063 0.860400 73.624103 -11.349907
1 -28.298083 0.785805 17.839433 3.689655 157.161072 0.047842 -68.560145 0.675950 81.705678 -11.349907
1 -9.548906 0.200081 66.037654 2.104675 150.104113 0.175851 -68.308375 0.518069 59.676709 -11.349907
1 -13.180554 0.254451 -42.775942 1.286290 149.799014 0.138575 75.562958 0.014816 48.119380 -11.349907
1 -10.601353 0.577634 19.119292 2.256868 139.336757 0.717636 -7.510973 0.926979 68.834908 -11.358800
1 -25.941747 0.589621 60.297702 1.599076 164.248083 0.451491 61.969491 0.897569 84.203815 -11.358800
1 -10.083838 0.147053 35.485675 1.218367 138.452573 0.101425 78.506001 0.180270 63.544975 -11.358800
1 -25.468683 0.597680 45.342325 4.006901 169.543163 0.581373 -85.086128 0.132210 75.787910 -11.358800
1 -12.327316 0.534580 35.137195 7.505811 208.814516 0.792166 54.630214 0.477222 48.979773 -11.358800
1 -14.546453 0.626161 44.377455 4.010130 196.773398 0.074431 21.843144 0.122698 46.814902 -11.358800
1 -21.643203 0.710213 28.868080 0.875673 128.693665 0.320535 13.225918 0.852704 91.344995 -11.358800
1 -28.484854 0.681430 8.426934 3.353633 149.605779 0.751510 -55.613613 0.493672 80.879679 -11.358800
1 -7.373720 0.273833 66.152817 0.856559 135.855829 0.169459 89.327224 0.831827 72.990566 -11.358800
1 -7.903076 0.049119 -34.880452 1.278703 145.909409 0.670389 17.461698 0.091039 48.773505 -11.358800
1 -14.788624 0.702860 11.970480 3.877041 157.977639 0.102622 10.017531 0.412909 63.913715 -11.368961
1 -20.129712 0.565965 59.471420 0.719226 166.149401 0.501634 83.231777 0.702484 84.218685 -11.368961
1 -23.839185 0.404147 37.659516 0.332261 150.236285 0.447011 23.331640 0.029863 75.521096 -11.368961
1 -14.841614 0.574484 36.328069 3.803297 160.803891 0.703294 84.214392 0.006307 74.643947 -11.368961
1 -16.210779 0.554259 53.683909 6.822955 216.005650 0.736590 0.334515 0.557872 46.017632 -11.368961
1 -32.537350 0.766986 50.080892 3.320450 219.398234 0.213844 -18.252580 0.799602 66.194680 -11.368961
1 -29.325080 0.686817 28.782295 1.440097 131.200948 0.372199 15.081984 0.755657 90.002373 -11.368961
1 -8.903906 0.621554 43.848108 0.282997 141.127093 0.729500 -29.276641 0.626099 81.012281 -11.368961
1 -12.589866 0.304592 63.114844 0.756074 136.487699 0.071435 -82.508490 1.087639 83.065432 -11.368961
1 -15.044031 0.102921 -31.535315 1.344848 142.768777 0.523695 74.943802 0.119352 63.039121 -11.368961
1 -13.077298 0.667711 7.626369 2.587986 147.231378 0.101710 18.704126 0.617719 67.384432 -11.376002
1 -11.680006 0.775035 79.930792 0.371590 166.311271 0.633873 82.265784 1.036537 90.137352 -11.376002
1 -8.313446 0.398795 11.152264 1.054647 147.088774 0.559366 4.265041 0.349268 53.469229 -11.376002
1 -10.561607 0.532588 31.867282 5.186801 184.299701 0.712093 84.441017 0.274099 62.826290 -11.376002
1 -21.482249 0.442190 61.688447 5.457450 205.276024 0.716682 -4.210620 0.915812 51.149751 -11.376002
1 -12.855856 0.750576 23.843147 2.336882 194.255764 0.300184 -16.668645 0.038906 53.306616 -11.376002
1 -11.842395 0.350773 1.974075 0.369744 141.871788 0.677927 13.354125 0.325710 68.577752 -11.376002
1 -13.720670 0.703148 10.182312 2.336564 139.229516 0.685888 -31.124675 0.777675 71.310829 -11.376002
1 -6.000989 0.551513 21.340500 0.021286 135.605387 0.327831 -44.621045 0.339429 61.451983 -11.376002
1 -20.842749 0.058451 -55.502821 1.270529 145.441719 0.314800 20.246960 0.066881 61.265724 -11.376002
1 -9.275746 0.109219 36.152253 2.608650 161.496184 0.737385 5.727345 0.464925 52.507781 -11.384656
1 -11.102306 0.655543 71.306882 0.221872 147.330442 0.717425 78.505892 1.593039 110.506822 -11.384656
1 -5.367427 0.314236 43.754758 0.534810 138.076734 0.557331 9.630149 0.180599 60.540353 -11.384656
1 -20.868490 0.478003 52.980321 6.477669 210.684843 0.673406 80.036724 0.297989 54.812301 -11.384656
1 -22.157231 0.416371 59.270376 5.486999 205.323590 0.721554 0.427017 0.860952 50.422434 -11.384656
1 -27.630526 0.760035 44.015901 3.781587 223.099120 0.396943 -28.927873 0.106925 49.234279 -11.384656
1 -10.279148 0.235511 9.859000 0.762697 129.285378 0.656480 -19.212970 0.430880 63.777461 -11.384656
1 -26.829534 0.595506 50.349785 4.936842 213.281034 0.036693 -16.527449 0.236275 51.087158 -11.384656
1 -11.741929 0.651853 4.730984 0.083682 119.706978 0.257673 -38.900944 0.670606 74.974163 -11.384656
1 -15.131127 0.229024 -71.396162 0.089557 140.625774 0.265448 21.957210 0.111175 64.446020 -11.384656
1 -7.715338 0.247486 38.705000 0.447714 138.844764 0.477323 -55.531209 0.036346 66.486750 -11.409686
1 -7.765991 0.636909 85.255161 0.184013 145.055699 0.794507 79.649136 1.584324 109.222651 -11.409686
1 -13.068136 0.586964 43.754896 4.177235 186.389294 0.196983 51.172967 0.386635 59.143835 -11.409686
1 -14.118809 0.516524 44.774447 6.391520 205.190551 0.749310 78.579396 0.506349 59.287816 -11.409686
1 -25.403881 0.361208 57.376394 5.123231 204.074522 0.584319 0.209416 0.865817 49.731043 -11.409686
1 -137.201995 0.388417 -4.511237 1.582497 131.027084 0.067284 75.299007 0.448010 73.641848 -11.409686
1 -7.820442 0.306644 46.957673 1.903548 158.695338 0.010337 -32.458062 0.148372 56.761895 -11.409686
1 -23.211034 0.530229 3.562824 2.299824 142.846109 0.296533 -36.252739 0.076406 64.227063 -11.409686
1 -30.107090 0.575417 6.595996 0.493060 125.709169 0.074136 -28.040238 0.377429 83.573875 -11.409686
1 -12.888025 0.083428 -88.692343 1.573528 155.020967 0.335051 5.890184 0.233837 56.694273 -11.409686
1 -5.810027 0.319051 77.071441 1.504488 150.282760 0.338250 -31.922744 0.206046 52.992579 -11.430350
1 -6.261036 0.653633 82.955304 0.113809 145.115832 0.783686 75.256215 1.597495 106.811963 -11.430350
1 -15.074946 0.643641 16.855715 4.293981 170.222422 0.255851 59.643022 0.098376 60.610895 -11.430350
1 -8.712228 0.584472 48.587605 6.445299 202.579414 0.755621 82.133339 0.172353 56.877170 -11.430350
1 -19.292423 0.347503 69.758570 5.605348 205.240056 0.522971 10.711826 0.659034 44.622056 -11.430350
1 -5.830305 0.107249 56.642852 0.490199 137.832995 0.331358 36.489681 0.416432 60.515236 -11.430350
1 -14.269053 0.119831 -66.603951 3.587142 179.894028 0.530295 23.762455 0.112203 36.247086 -11.430350
1 -5.227094 0.409197 39.335034 0.372062 134.695081 0.487362 -69.954772 0.378090 73.053944 -11.430350
1 -6.939327 0.368655 23.204222 1.267542 150.395360 0.754934 46.102404 0.072019 61.837600 -11.430350
1 -8.330938 0.263161 59.048269 2.405346 162.178697 0.339007 -53.875191 0.084967 55.071256 -11.430350
1 -11.052291 0.084962 -79.040877 0.539401 133.835430 0.211688 -34.311688 0.383389 65.099256 -11.493515
1 -9.602932 0.584057 43.855560 0.926931 160.619387 0.705606 65.622459 0.256279 71.259346 -11.493515
1 -25.967123 0.730042 8.457369 5.259038 169.683274 0.191826 79.298638 0.108366 59.271162 -11.493515
1 -22.333672 0.565357 49.562666 6.966358 217.021577 0.775157 85.016448 0.084242 57.503860 -11.493515
1 -19.812329 0.348018 67.440117 5.382643 201.249899 0.502589 21.224084 0.780771 48.334908 -11.493515
1 -12.041743 0.334831 -74.656890 0.685071 147.611197 0.582174 27.469234 0.536083 62.981482 -11.493515
1 -16.434902 0.096152 -51.255216 0.643179 151.747084 0.718345 30.411793 0.144423 65.016174 -11.493515
1 -14.019128 0.481256 53.207888 2.832189 166.810620 0.476099 20.963721 0.917721 69.557017 -11.493515
1 -19.083086 0.187009 44.018937 3.064795 177.292716 0.766395 -7.290561 0.786237 57.540457 -11.493515
1 -12.849194 0.010782 11.576268 1.197984 141.525632 0.159304 30.965084 0.446164 64.626859 -11.493515
1 -10.314485 0.006652 -66.737629 0.454835 131.112954 0.298155 -11.621329 0.410998 64.542240 -11.609977
1 -7.153363 0.482267 50.528101 0.030613 142.448095 0.656865 49.390218 0.551353 65.520035 -11.609977
1 -14.886469 0.770977 11.025343 5.665235 187.183740 0.217437 -84.745840 0.266739 58.109468 -11.609977
1 -22.878433 0.663044 52.967927 0.355835 181.003915 0.623149 -63.910625 0.288088 75.036872 -11.609977
1 -16.249476 0.292756 54.320207 4.864143 192.334023 0.476436 16.749684 0.727269 49.381675 -11.609977
1 -9.305162 0.374332 -87.334031 0.653306 156.491552 0.591411 29.261489 0.726358 58.024910 -11.609977
1 -15.828485 0.039425 -65.796286 0.089281 162.090549 0.727483 16.237853 0.020014 56.889021 -11.609977
1 -21.028700 0.574725 46.959450 3.685657 187.362733 0.361953 22.247567 0.251167 60.305420 -11.609977
1 -13.915951 0.250177 31.486314 3.099628 176.949284 0.792804 16.913171 0.569786 54.390015 -11.609977
1 -7.223302 0.775219 16.894489 2.051044 152.801068 0.170090 34.697075 0.392271 57.278579 -11.609977
1 -13.045783 0.026031 -45.516146 0.036542 131.741673 0.220999 12.307211 0.603147 72.861201 -11.856137
1 -6.292568 0.395430 39.842580 0.198432 143.165632 0.666601 68.154404 0.296358 69.641351 -11.856137
1 -13.181828 0.763497 43.622561 5.884439 187.463493 0.199881 -37.304682 0.543859 68.619703 -11.856137
1 -9.396461 0.642019 51.244655 0.542539 154.181938 0.553703 -67.298089 0.564631 77.060037 -11.856137
1 -16.004340 0.342159 50.616400 3.438327 171.123398 0.345231 43.114588 0.763958 63.962550 -11.856137
1 -28.834376 0.396362 -67.497073 1.421421 156.008900 0.697354 1.908201 0.681321 58.699198 -11.856137
1 -17.071917 0.536906 60.775431 2.634156 186.618085 0.372218 -19.482212 0.264797 53.850373 -11.856137
1 -26.117921 0.622415 53.915551 3.712595 198.066732 0.586934 18.748229 0.496445 61.699790 -11.856137
1 -9.560401 0.425843 34.125628 3.473647 175.857064 0.771590 -6.760929 0.225181 51.448427 -11.856137
1 -14.392054 0.711146 39.488444 3.336612 185.243254 0.289456 5.115091 0.182420 62.881504 -11.856137
1 -9.528710 0.041827 -17.433891 0.359571 130.364971 0.124138 2.654929 0.227236 61.614114 -12.314026
1 -16.474352 0.736812 35.857940 5.958757 214.218400 0.173505 32.308126 0.408744 53.662975 -12.314026
1 -20.140191 0.473223 53.264927 1.335266 178.748840 0.407343 -8.101389 0.545824 62.580715 -12.314026
1 -5.175171 0.457511 40.707164 0.292114 132.581576 0.569531 -52.651859 0.244136 65.846549 -12.314026
1 -9.030434 0.392032 36.512595 3.956375 174.550022 0.669117 36.565852 0.747326 55.248388 -12.314026
1 -25.794018 0.339039 -62.835981 2.096275 161.572476 0.727456 19.530284 0.791417 53.391434 -12.314026
1 -10.557376 0.501145 89.503834 0.761163 160.578690 0.370027 -39.105209 0.500436 62.723881 -12.314026
1 -9.992370 0.583958 40.251422 3.869961 174.588173 0.373074 26.319987 0.468343 61.772869 -12.314026
1 -11.836130 0.547907 40.435062 4.581795 193.757333 0.368686 -79.350900 0.039810 46.812226 -12.314026
1 -14.070226 0.637429 41.776009 3.918549 192.512334 0.271265 -45.747062 0.172415 55.348727 -12.314026
1 -12.172295 0.087175 -80.220843 0.647957 147.382755 0.190533 -77.150297 0.445899 66.176233 -12.821260
1 -14.264930 0.723526 32.779098 7.004597 218.300854 0.095251 28.085934 0.072079 43.153459 -12.821260
1 -15.233366 0.428566 39.497262 5.947564 186.572550 0.362741 42.623561 0.462410 52.727542 -12.821260
1 -8.936813 0.457567 21.897590 0.669652 142.281508 0.582587 -49.579174 0.617896 77.052673 -12.821260
1 -9.960552 0.637132 73.533857 0.649300 154.104594 0.034562 -43.498716 0.188772 63.518287 -12.821260
1 -16.581318 0.335066 -57.638841 1.100272 150.683689 0.769904 8.652351 0.837087 57.783372 -12.821260
1 -10.517060 0.531353 70.234678 1.222865 165.470049 0.347251 14.712599 0.290509 57.507404 -12.821260
1 -8.578487 0.666167 35.645127 0.053306 150.923286 0.416988 50.228439 0.718223 69.394583 -12.821260
1 -7.054840 0.421742 55.553372 0.134766 147.239435 0.675859 -3.491157 0.517597 63.966809 -12.821260
1 -9.732687 0.485665 56.178280 4.875571 189.226784 0.267696 -55.566512 0.375505 52.162312 -12.821260
1 -8.611047 0.173634 -0.260374 0.080693 143.253418 0.716692 30.604894 0.262999 59.968342 -13.569845
1 -9.921614 0.481941 25.605213 1.059139 134.115229 0.469475 -88.767672 1.158113 93.360539 -13.569845
1 -16.883831 0.504770 32.339148 4.599511 172.578194 0.375695 38.792422 1.024809 67.670203 -13.569845
1 -4.971530 0.437445 43.605363 0.253011 135.986067 0.532418 -64.091346 0.213738 67.189906 -13.569845
1 -7.714970 0.239084 35.568847 0.344440 146.290267 0.643890 -22.147780 0.314283 63.188439 -13.569845
1 -13.640278 0.297222 -73.858643 1.468948 151.361346 0.775108 22.792655 0.301387 49.458407 -13.569845
1 -8.313476 0.529940 72.843031 0.294952 134.640273 0.370528 -3.547045 0.333495 63.416783 -13.569845
1 -7.084411 0.623057 17.566954 1.489392 142.989352 0.341504 14.197708 0.018063 61.309954 -13.569845
1 -14.046331 0.511046 30.865603 0.618657 137.853102 0.456439 0.632441 0.829900 82.685742 -13.569845
1 -15.090304 0.327273 51.506526 4.578717 185.088491 0.247046 54.756710 0.015553 49.258832 -13.569845
1 -9.764194 0.181121 10.350318 1.420463 155.285233 0.795925 22.043581 0.316373 59.061487 -14.245466
1 -6.172129 0.631802 27.261933 2.336551 150.704531 0.539246 -81.028391 0.760750 80.034962 -14.245466
1 -15.381093 0.342465 18.061449 4.660034 177.615029 0.506802 37.313972 0.659707 52.309442 -14.245466
1 -6.049243 0.296082 53.468316 1.326064 146.331306 0.152870 -11.861528 0.371590 61.549075 -14.245466
1 -6.156774 0.244250 55.690559 0.376246 137.911397 0.076782 9.286275 0.142778 62.098298 -14.245466
1 -15.670613 0.287584 -74.069552 0.727413 141.969489 0.023634 32.183956 0.900467 70.290764 -14.245466
1 -6.253091 0.777198 22.058553 0.139391 159.396464 0.454154 28.082990 0.150795 58.828864 -14.245466
1 -6.453474 0.548748 12.578054 0.298439 133.028283 0.368524 7.059675 0.074924 61.083374 -14.245466
1 -7.192931 0.457445 24.684385 1.219032 137.222556 0.548708 -54.658943 0.482543 74.400187 -14.245466
1 -15.405878 0.431559 54.557534 4.917808 184.270125 0.252252 71.059480 0.192369 55.370657 -14.245466
1 -9.585061 0.173128 -22.590101 0.304319 137.572325 0.698723 16.143637 0.332483 61.624097 -14.912689
1 -5.829763 0.648158 28.113059 0.845973 141.441910 0.630526 58.202481 0.412237 65.966842 -14.912689
1 -5.573578 0.177651 38.224375 0.548658 139.834157 0.637827 20.835058 0.022118 47.859473 -14.912689
1 -6.003164 0.260787 62.344146 0.898190 141.286187 0.239654 -88.497379 0.763162 71.224935 -14.912689
1 -8.715094 0.562515 41.644493 0.020547 120.528447 0.332263 11.733570 0.026623 60.905865 -14.912689
1 -6.321286 0.324598 -86.763152 0.064968 136.039212 0.797236 20.864359 0.935097 67.926970 -14.912689
1 -13.245126 0.167194 54.148057 0.142021 152.755268 0.139244 52.357516 0.089944 64.675752 -14.912689
1 -13.590653 0.126993 19.474779 0.895835 143.408034 0.312199 -55.738902 0.639428 72.624646 -14.912689
1 -18.701634 0.664957 69.309809 1.438118 165.945359 0.324327 -88.213237 0.856820 81.221422 -14.912689
1 -8.103810 0.434683 57.388273 4.888298 186.154561 0.415349 -69.237237 0.149226 51.198576 -14.912689
1 -10.882903 0.293069 -38.449086 0.062622 132.668161 0.736805 30.592594 0.185775 56.145804 -15.563749
1 -10.938654 0.607719 31.441701 1.473828 131.318590 0.507943 36.229640 0.415704 71.299444 -15.563749
1 -6.640796 0.072473 14.093361 0.617623 139.106085 0.508785 -3.440414 0.278872 55.187434 -15.563749
1 -11.352143 0.410899 22.140652 2.292985 154.143283 0.310296 64.679043 0.630424 70.121926 -15.563749
1 -6.982879 0.441787 30.530631 1.328142 151.603051 0.424718 -1.610175 0.086465 59.414887 -15.563749
1 -6.736293 0.359849 84.642708 0.139276 141.772352 0.772286 35.745326 0.873439 64.897157 -15.563749
1 -14.226459 0.245639 -57.682546 0.412887 134.425281 0.670192 1.638676 0.407025 57.432181 -15.563749
1 -10.638227 0.098798 56.125450 0.236126 127.079614 0.277156 -48.903990 1.013319 81.034897 -15.563749
1 -7.216230 0.053732 89.481580 0.203678 139.545536 0.285611 67.363531 0.228956 52.391388 -15.563749
1 -7.184000 0.499900 56.661047 4.990296 185.836088 0.482189 -43.316668 0.090848 49.140903 -15.563749
1 -7.475491 0.256933 42.212795 2.194841 152.094895 0.793611 -7.538648 0.277491 58.789083 -16.174984
1 -9.310483 0.576042 5.071622 0.166079 128.068203 0.493855 78.901241 0.237600 72.002025 -16.174984
1 -6.490616 0.796303 27.595677 0.481541 150.459132 0.474700 7.868011 0.439321 74.185393 -16.174984
1 -9.218335 0.579310 51.201554 3.011934 169.940461 0.330736 52.376114 0.527183 64.952322 -16.174984
1 -7.097065 0.379568 54.963802 0.475285 142.041495 0.414188 11.891336 0.283942 65.338307 -16.174984
1 -6.622903 0.364574 -89.684660 0.335289 148.944263 0.797533 28.323896 0.874518 64.382759 -16.174984
1 -5.998619 0.323932 58.306246 1.555797 145.595671 0.471298 89.499900 0.169064 63.507030 -16.174984
1 -5.583157 0.155249 32.593665 0.141325 130.651929 0.256457 63.717172 0.126039 60.042914 -16.174984
1 -6.254899 0.185408 75.380812 1.234585 145.939965 0.182449 57.945874 0.365039 58.605314 -16.174984
1 -7.314293 0.462684 51.870024 5.003221 184.114310 0.451276 -43.457757 0.051092 48.494272 -16.174984
1 -5.645072 0.319348 42.604445 0.910409 147.494307 0.780307 18.912440 0.267708 55.974163 -16.839910
1 -10.623035 0.094858 -44.973939 0.485916 142.251971 0.618951 29.147403 0.546448 65.359724 -16.839910
1 -5.144839 0.624937 34.720027 0.083252 133.346053 0.303734 35.800822 0.416194 68.622494 -16.839910
1 -5.969430 0.402830 50.288840 2.545249 156.891054 0.256687 -26.214706 0.054963 53.526479 -16.839910
1 -11.575148 0.489938 71.995349 1.923858 169.574350 0.220391 -43.253895 0.258468 58.742215 -16.839910
1 -10.322145 0.480559 54.695019 2.193409 163.720788 0.168096 -19.124239 0.601607 65.789066 -16.839910
1 -7.810577 0.279458 24.155518 1.429349 145.561442 0.325014 -86.343622 0.124506 62.872866 -16.839910
1 -6.464145 0.315070 30.910810 0.005649 140.122037 0.202920 72.989761 0.334366 65.430690 -16.839910
1 -7.979996 0.126781 87.912136 0.479060 132.768429 0.165796 70.531055 0.230519 58.818729 -16.839910
1 -8.939288 0.429499 55.278610 5.035832 182.635382 0.591622 -51.794299 0.049878 49.997965 -16.839910
1 -6.183522 0.384068 36.076200 0.181184 131.871017 0.516591 -5.220407 0.124191 64.565946 -17.417564
1 -6.484827 0.477689 17.028624 0.189903 132.113790 0.641538 13.644232 0.833148 73.337803 -17.417564
1 -5.280156 0.535776 22.209688 0.347301 142.533839 0.248425 32.677356 0.019581 53.764449 -17.417564
1 -6.712023 0.248546 12.404861 0.923804 138.212221 0.199938 85.963507 0.078324 51.447326 -17.417564
1 -8.602473 0.300854 -89.675336 0.913215 154.905033 0.291833 10.298944 0.165747 55.158529 -17.417564
1 -13.475489 0.570991 76.641417 1.862799 174.643675 0.168359 20.587189 0.836102 64.528225 -17.417564
1 -5.278622 0.340199 46.424719 1.516615 144.711795 0.272812 79.049624 0.191862 59.479603 -17.417564
1 -8.449557 0.471483 37.181592 1.082890 155.100204 0.335347 -27.129778 0.032692 45.069940 -17.417564
1 -5.738269 0.167230 76.258195 0.089678 133.663074 0.137054 50.334482 0.343639 57.097752 -17.417564
1 -6.279069 0.391263 35.732432 0.094369 139.069546 0.400458 -20.398026 0.486906 68.800398 -17.417564
1 -5.577851 0.308692 59.332920 0.121556 132.326906 0.477953 8.020854 0.803910 71.322623 -17.979138
1 -6.817031 0.394341 26.008318 0.582048 140.338282 0.595575 -23.568461 0.746635 69.061031 -17.979138
1 -5.867730 0.550220 22.238313 0.437194 145.001467 0.272059 27.328703 0.299504 59.438034 -17.979138
1 -6.278813 0.099922 29.950682 0.148265 138.158215 0.244423 -56.201499 0.218504 59.665507 -17.979138
1 -6.327098 0.366419 78.482213 1.344640 153.812803 0.251353 6.628567 0.409038 58.230545 -17.979138
1 -11.238304 0.504951 52.697410 1.986354 168.025418 0.031745 46.259989 0.890354 68.717350 -17.979138
1 -6.622766 0.119394 58.331714 1.373821 147.676051 0.150587 -73.340132 0.275815 57.470187 -17.979138
1 -9.630961 0.511210 47.104496 1.102807 158.785866 0.326264 -41.606307 0.114357 49.406614 -17.979138
1 -7.008564 0.233281 -84.581763 0.340599 138.557538 0.216196 61.198938 0.388551 55.803308 -17.979138
1 -8.809527 0.442282 9.614193 0.327255 131.260842 0.722389 1.383069 1.024888 69.926236 -17.979138
1 -5.936667 0.263641 59.005309 0.220653 130.348133 0.440486 35.966788 0.875669 73.973891 -18.528991
1 -6.012002 0.574054 86.995830 0.248507 144.699827 0.113516 43.567786 0.196552 59.636161 -18.528991
1 -6.324700 0.556639 32.060711 1.094290 148.835532 0.341347 33.429765 0.503920 59.929176 -18.528991
1 -6.385617 0.171168 67.941423 0.959357 141.831189 0.368366 -61.934266 0.309006 62.931525 -18.528991
1 -6.286661 0.289487 55.205025 1.250114 152.351771 0.354526 -10.463260 0.305566 52.825495 -18.528991
1 -6.651155 0.461777 42.861709 2.111710 151.153526 0.034437 47.677888 0.885656 71.593311 -18.528991
1 -9.087976 0.012277 19.299824 1.148726 142.144233 0.110759 -36.133031 0.394761 60.457609 -18.528991
1 -7.169383 0.192152 76.021946 1.211304 149.978401 0.453173 89.842784 0.510644 64.476156 -18.528991
1 -5.164559 0.180455 67.948134 0.384023 141.326061 0.194490 -19.140937 0.061092 51.493757 -18.528991
1 -7.770432 0.354433 31.408310 1.008135 154.422553 0.340240 -7.611755 0.280325 58.494053 -18.528991
