#REFERENCE 3 87.3042530 -62.0775650
6.4 1.017 1.401 0.040 0.031 165.10 3.007 1.38 0.685 3.375 1.91 -0.52
6.4 1.017 1.401 0.040 0.031 165.10 3.007 1.38 1.238 3.594 2.44 -1.06
6.4 1.017 1.401 0.040 0.031 165.10 3.007 1.38 3.336 -1.739 0.88 0.50
6.4 1.017 1.401 0.040 0.031 165.10 3.007 1.38 -0.108 0.065 -2.52 3.91
6.4 1.017 1.401 0.040 0.031 165.10 3.007 1.38 -1.806 2.062 2.13 -0.75
6.4 1.017 1.401 0.040 0.031 165.10 3.007 1.38 -1.341 -0.463 0.71 0.67
6.4 1.017 1.401 0.040 0.031 165.10 3.007 1.38 0.229 1.701 1.38 0.00
6.3 1.009 1.489 0.035 0.018 0.80 3.007 2.18 -1.023 4.516 2.84 -0.65
6.3 1.009 1.489 0.035 0.018 0.80 3.007 2.18 0.704 3.278 1.71 0.48
6.3 1.009 1.489 0.035 0.018 0.80 3.007 2.18 -1.432 4.061 2.72 -0.53
6.3 1.009 1.489 0.035 0.018 0.80 3.007 2.18 1.473 3.575 2.17 0.01
6.3 1.009 1.489 0.035 0.018 0.80 3.007 2.18 -0.113 0.040 -2.66 4.84
6.3 1.009 1.489 0.035 0.018 0.80 3.007 2.18 3.369 -1.602 0.91 1.27
6.3 1.009 1.489 0.035 0.018 0.80 3.007 2.18 -1.249 -0.526 0.50 1.68
6.3 1.009 1.489 0.035 0.018 0.80 3.007 2.18 0.329 1.863 1.49 0.69
6.3 1.009 1.489 0.035 0.018 0.80 3.007 2.18 -1.824 2.379 2.18 0.00
6.2 0.929 1.430 0.061 0.058 120.21 3.007 0.61 -1.975 2.166 2.03 -1.42
6.2 0.929 1.430 0.061 0.058 120.21 3.007 0.61 3.210 -1.737 0.91 -0.30
6.2 0.929 1.430 0.061 0.058 120.21 3.007 0.61 -0.083 0.063 -2.76 3.37
6.2 0.929 1.430 0.061 0.058 120.21 3.007 0.61 0.369 1.669 1.23 -0.61
6.2 0.929 1.430 0.061 0.058 120.21 3.007 0.61 -1.375 -0.584 0.61 0.00
6.1 0.749 1.554 0.062 0.031 133.34 3.007 0.99 -2.270 2.619 2.01 -1.02
6.1 0.749 1.554 0.062 0.031 133.34 3.007 0.99 -1.331 -0.841 0.36 0.63
6.1 0.749 1.554 0.062 0.031 133.34 3.007 0.99 0.675 1.677 1.10 -0.11
6.1 0.749 1.554 0.062 0.031 133.34 3.007 0.99 -0.045 0.046 -3.19 4.18
6.1 0.749 1.554 0.062 0.031 133.34 3.007 0.99 2.976 -1.637 0.99 0.00
1.6 0.700 1.765 0.069 0.033 137.23 3.469 1.08 -1.680 4.783 1.96 -0.87
1.6 0.700 1.765 0.069 0.033 137.23 3.469 1.08 1.027 2.003 1.64 -0.56
1.6 0.700 1.765 0.069 0.033 137.23 3.469 1.08 -1.177 -0.943 0.13 0.95
1.6 0.700 1.765 0.069 0.033 137.23 3.469 1.08 -0.048 0.009 -3.43 4.51
1.6 0.700 1.765 0.069 0.033 137.23 3.469 1.08 3.054 -1.375 1.08 0.00
1.5 0.950 1.636 0.088 0.059 124.58 3.469 0.27 -1.025 4.877 1.95 -1.69
1.5 0.950 1.636 0.088 0.059 124.58 3.469 0.27 0.937 3.038 2.04 -1.78
1.5 0.950 1.636 0.088 0.059 124.58 3.469 0.27 0.606 2.115 1.75 -1.49
1.5 0.950 1.636 0.088 0.059 124.58 3.469 0.27 1.841 3.451 1.94 -1.67
1.5 0.950 1.636 0.088 0.059 124.58 3.469 0.27 3.393 -1.456 0.97 -0.70
1.5 0.950 1.636 0.088 0.059 124.58 3.469 0.27 -0.100 0.015 -2.98 3.25
1.5 0.950 1.636 0.088 0.059 124.58 3.469 0.27 -1.202 -0.667 0.27 0.00
1.4 1.093 1.580 0.041 0.009 177.29 3.469 3.12 -0.521 4.942 1.96 1.16
1.4 1.093 1.580 0.041 0.009 177.29 3.469 3.12 0.489 3.153 1.34 1.78
1.4 1.093 1.580 0.041 0.009 177.29 3.469 3.12 -0.141 0.015 -2.57 5.70
1.4 1.093 1.580 0.041 0.009 177.29 3.469 3.12 -1.153 -0.500 0.38 2.75
1.4 1.093 1.580 0.041 0.009 177.29 3.469 3.12 3.588 -1.475 0.92 2.20
1.4 1.093 1.580 0.041 0.009 177.29 3.469 3.12 1.891 3.782 1.75 1.38
1.4 1.093 1.580 0.041 0.009 177.29 3.469 3.12 0.328 2.159 1.85 1.27
1.4 1.093 1.580 0.041 0.009 177.29 3.469 3.12 -1.700 3.398 2.93 0.19
1.4 1.093 1.580 0.041 0.009 177.29 3.469 3.12 -1.755 2.938 3.12 0.00
1.3 1.026 1.741 0.068 0.048 126.32 3.469 1.62 -0.644 5.142 1.68 -0.06
1.3 1.026 1.741 0.068 0.048 126.32 3.469 1.62 -0.136 -0.020 -2.78 4.40
1.3 1.026 1.741 0.068 0.048 126.32 3.469 1.62 3.570 -1.230 0.99 0.63
1.3 1.026 1.741 0.068 0.048 126.32 3.469 1.62 -1.038 -0.598 0.11 1.50
1.3 1.026 1.741 0.068 0.048 126.32 3.469 1.62 2.178 3.598 1.62 -0.00
1.2 1.017 1.474 0.054 0.039 163.92 3.469 1.44 -1.059 4.578 2.72 -1.28
1.2 1.017 1.474 0.054 0.039 163.92 3.469 1.44 0.695 3.258 1.53 -0.09
1.2 1.017 1.474 0.054 0.039 163.92 3.469 1.44 -1.527 4.047 2.61 -1.17
1.2 1.017 1.474 0.054 0.039 163.92 3.469 1.44 1.567 3.618 2.02 -0.58
1.2 1.017 1.474 0.054 0.039 163.92 3.469 1.44 3.412 -1.689 0.90 0.54
1.2 1.017 1.474 0.054 0.039 163.92 3.469 1.44 -0.105 0.052 -2.69 4.13
1.2 1.017 1.474 0.054 0.039 163.92 3.469 1.44 -1.908 2.386 2.20 -0.76
1.2 1.017 1.474 0.054 0.039 163.92 3.469 1.44 -1.332 -0.536 0.57 0.87
1.2 1.017 1.474 0.054 0.039 163.92 3.469 1.44 0.327 1.843 1.44 0.00
1.1 1.076 1.208 0.074 0.018 105.16 3.469 2.07 -1.797 1.363 2.41 -0.33
1.1 1.076 1.208 0.074 0.018 105.16 3.469 2.07 -1.591 -0.144 1.56 0.51
1.1 1.076 1.208 0.074 0.018 105.16 3.469 2.07 0.017 1.367 1.29 0.78
1.1 1.076 1.208 0.074 0.018 105.16 3.469 2.07 -0.108 0.141 -1.94 4.01
1.1 1.076 1.208 0.074 0.018 105.16 3.469 2.07 3.371 -2.070 0.82 1.25
1.1 1.076 1.208 0.074 0.018 105.16 3.469 2.07 0.895 3.739 2.72 -0.65
1.1 1.076 1.208 0.074 0.018 105.16 3.469 2.07 0.532 3.538 2.07 -0.00
5.2 1.277 1.435 0.058 0.030 137.38 4.500 0.84 0.176 4.933 2.37 -1.52
5.2 1.277 1.435 0.058 0.030 137.38 4.500 0.84 1.645 4.286 2.16 -1.32
5.2 1.277 1.435 0.058 0.030 137.38 4.500 0.84 0.109 3.305 0.47 0.37
5.2 1.277 1.435 0.058 0.030 137.38 4.500 0.84 -1.491 2.303 2.64 -1.80
5.2 1.277 1.435 0.058 0.030 137.38 4.500 0.84 -0.114 2.011 2.04 -1.20
5.2 1.277 1.435 0.058 0.030 137.38 4.500 0.84 -0.189 0.058 -1.95 2.79
5.2 1.277 1.435 0.058 0.030 137.38 4.500 0.84 -1.398 3.603 1.86 -1.01
5.2 1.277 1.435 0.058 0.030 137.38 4.500 0.84 -1.228 -0.263 0.81 0.03
5.2 1.277 1.435 0.058 0.030 137.38 4.500 0.84 3.856 -1.719 0.84 0.00
5.1 1.187 1.473 0.027 0.022 44.93 4.500 1.82 -0.295 4.959 2.12 -0.29
5.1 1.187 1.473 0.027 0.022 44.93 4.500 1.82 3.738 -1.702 0.87 0.96
5.1 1.187 1.473 0.027 0.022 44.93 4.500 1.82 -1.587 3.618 2.04 -0.22
5.1 1.187 1.473 0.027 0.022 44.93 4.500 1.82 0.296 3.248 0.71 1.11
5.1 1.187 1.473 0.027 0.022 44.93 4.500 1.82 -1.719 2.489 2.53 -0.71
5.1 1.187 1.473 0.027 0.022 44.93 4.500 1.82 -0.151 0.052 -2.34 4.16
5.1 1.187 1.473 0.027 0.022 44.93 4.500 1.82 -1.291 -0.387 0.67 1.15
5.1 1.187 1.473 0.027 0.022 44.93 4.500 1.82 0.110 2.016 1.77 0.05
5.1 1.187 1.473 0.027 0.022 44.93 4.500 1.82 1.815 4.045 1.82 0.00
4.2 1.277 1.441 0.058 0.030 137.50 4.500 0.84 0.176 4.943 2.35 -1.50
4.2 1.277 1.441 0.058 0.030 137.50 4.500 0.84 1.663 4.283 2.14 -1.30
4.2 1.277 1.441 0.058 0.030 137.50 4.500 0.84 0.110 3.299 0.49 0.35
4.2 1.277 1.441 0.058 0.030 137.50 4.500 0.84 -1.492 2.330 2.65 -1.81
4.2 1.277 1.441 0.058 0.030 137.50 4.500 0.84 -0.108 2.027 2.05 -1.20
4.2 1.277 1.441 0.058 0.030 137.50 4.500 0.84 -0.189 0.056 -1.96 2.80
4.2 1.277 1.441 0.058 0.030 137.50 4.500 0.84 -1.406 3.587 1.88 -1.04
4.2 1.277 1.441 0.058 0.030 137.50 4.500 0.84 -1.221 -0.268 0.79 0.05
4.2 1.277 1.441 0.058 0.030 137.50 4.500 0.84 3.859 -1.708 0.84 -0.00
4.1 1.208 1.384 0.030 0.020 47.65 4.500 2.02 -0.252 4.834 2.37 -0.35
4.1 1.208 1.384 0.030 0.020 47.65 4.500 2.02 3.724 -1.834 0.84 1.17
4.1 1.208 1.384 0.030 0.020 47.65 4.500 2.02 0.233 3.329 0.46 1.55
4.1 1.208 1.384 0.030 0.020 47.65 4.500 2.02 -1.417 3.822 1.87 0.15
4.1 1.208 1.384 0.030 0.020 47.65 4.500 2.02 -0.154 0.080 -2.13 4.15
4.1 1.208 1.384 0.030 0.020 47.65 4.500 2.02 -1.663 2.113 2.43 -0.41
4.1 1.208 1.384 0.030 0.020 47.65 4.500 2.02 -0.010 1.835 1.73 0.29
4.1 1.208 1.384 0.030 0.020 47.65 4.500 2.02 -1.364 -0.287 0.93 1.09
4.1 1.208 1.384 0.030 0.020 47.65 4.500 2.02 1.588 4.117 2.02 0.00
2.3 1.273 1.442 0.058 0.030 137.47 4.500 0.85 0.152 4.945 2.33 -1.49
2.3 1.273 1.442 0.058 0.030 137.47 4.500 0.85 0.118 3.297 0.49 0.35
2.3 1.273 1.442 0.058 0.030 137.47 4.500 0.85 1.672 4.271 2.12 -1.28
2.3 1.273 1.442 0.058 0.030 137.47 4.500 0.85 -1.504 2.336 2.64 -1.80
2.3 1.273 1.442 0.058 0.030 137.47 4.500 0.85 -0.097 2.026 2.03 -1.19
2.3 1.273 1.442 0.058 0.030 137.47 4.500 0.85 -0.187 0.056 -1.97 2.82
2.3 1.273 1.442 0.058 0.030 137.47 4.500 0.85 -1.415 3.589 1.89 -1.04
2.3 1.273 1.442 0.058 0.030 137.47 4.500 0.85 -1.225 -0.273 0.79 0.06
2.3 1.273 1.442 0.058 0.030 137.47 4.500 0.85 3.853 -1.709 0.85 -0.00
2.2 1.263 1.154 0.048 0.004 88.43 4.500 4.15 -1.555 1.105 3.09 1.06
2.2 1.263 1.154 0.048 0.004 88.43 4.500 4.15 -1.533 0.275 2.50 1.65
2.2 1.263 1.154 0.048 0.004 88.43 4.500 4.15 -0.787 4.151 2.85 1.30
2.2 1.263 1.154 0.048 0.004 88.43 4.500 4.15 -0.265 1.334 1.83 2.32
2.2 1.263 1.154 0.048 0.004 88.43 4.500 4.15 3.696 -2.155 0.78 3.37
2.2 1.263 1.154 0.048 0.004 88.43 4.500 4.15 -0.175 0.181 -1.22 5.37
2.2 1.263 1.154 0.048 0.004 88.43 4.500 4.15 0.614 4.373 3.84 0.30
2.2 1.263 1.154 0.048 0.004 88.43 4.500 4.15 0.080 3.514 0.61 3.54
2.2 1.263 1.154 0.048 0.004 88.43 4.500 4.15 0.098 4.481 4.15 0.00
2.1 1.218 1.224 0.037 0.018 53.57 4.500 2.46 -0.416 4.541 3.30 -0.84
2.1 1.218 1.224 0.037 0.018 53.57 4.500 2.46 -0.982 4.179 2.85 -0.39
2.1 1.218 1.224 0.037 0.018 53.57 4.500 2.46 3.660 -2.073 0.80 1.66
2.1 1.218 1.224 0.037 0.018 53.57 4.500 2.46 -1.647 1.469 2.60 -0.14
2.1 1.218 1.224 0.037 0.018 53.57 4.500 2.46 0.184 3.451 0.48 1.98
2.1 1.218 1.224 0.037 0.018 53.57 4.500 2.46 -0.146 1.483 1.66 0.80
2.1 1.218 1.224 0.037 0.018 53.57 4.500 2.46 -1.526 -0.017 1.66 0.80
2.1 1.218 1.224 0.037 0.018 53.57 4.500 2.46 -0.152 0.143 -1.67 4.13
2.1 1.218 1.224 0.037 0.018 53.57 4.500 2.46 1.122 4.179 2.46 0.00
