#
1.4 25.739416 44.635556  0.1 0.1 0.0 0. 0.
1.3 25.738075 44.631471  0.1 0.1 0.0 0. 0.
1.1 25.730209 44.640826  0.1 0.1 0.0 0. 0.
1.2 25.717551 44.630947  0.1 0.1 0.0 0. 0.
#
3.1 25.719517  44.635734  0.1 0.1 0.0 3.1 0.
3.2 25.719881  44.6362   0.1 0.1 0.0 3.1 0.
3.3 25.725698 44.628758  0.1 0.1 0.0 3.1 0.
3.4 25.743277 44.639164  0.1 0.1 0.0 3.1 0.
#
2.1 25.724454 44.640869  0.1 0.1 0.0 0. 0.
2.2 25.720732 44.638985  0.1 0.1 0.0 0. 0.
2.3 25.736714 44.640951  0.1 0.1 0.0 0. 0.
#
4.1 25.732188 44.642701  0.1 0.1 0.0 0. 0.
4.2 25.736812 44.641174  0.1 0.1 0.0 0. 0.
4.3 25.736935 44.630052  0.1 0.1 0.0 0. 0.


