#REFERENCE 3 181.5506200 -8.8009360
2.1 -27.9373109 -6.4346941 0.088381 0.010433 26.10482 4.5000 2.59 
3.1 -28.0282301 -6.4210420 0.094708 0.009860 26.02162 4.5000 2.72 
3.2 -28.2070757 -6.4915259 0.092923 0.007240 18.98085 4.5000 2.91 
2.2 -28.1460564 -6.5036340 0.088890 0.006534 17.52215 4.5000 2.98 
2.3 -27.8964595 -6.4196638 0.088018 0.006230 10.14253 4.5000 3.30 
2.4 -27.7139859 -6.3871103 0.067755 0.004716 11.59261 4.5000 3.14 
2.5 -27.7700776 -6.4000841 0.078998 0.006092 13.86893 4.5000 3.21 
3.5 -27.8608624 -6.3955805 0.070552 0.007328 12.47903 4.5000 2.89 
3.4 -27.7857816 -6.3863082 0.074271 0.006259 8.98032 4.5000 2.95 
3.3 -27.9493765 -6.4143716 0.076722 0.005667 9.62809 4.5000 3.29 
