#REFERENCE 3 10.8448140 -20.6043000
1	-0.015627	-0.927734	-0.279826	0.609693	
1	0.000000	-0.939053	-0.287393	0.617514	
1	0.000000	-0.939053	-0.287393	0.617514	
1	-0.015627	-0.927734	-0.279826	0.609693	
1	-0.048828	-0.906430	-0.264020	0.593203	
1	-0.048828	-0.906430	-0.264020	0.593203	
1	-0.085106	-0.878906	-0.244662	0.572686	
1	-0.085106	-0.878906	-0.244662	0.572686	
1	-0.097656	-0.870276	-0.238064	0.565605	
1	-0.097656	-0.870276	-0.238064	0.565605	
1	-0.146484	-0.830781	-0.209586	0.534474	
1	-0.146484	-0.830781	-0.209586	0.534474	
1	-0.147239	-0.830078	-0.209103	0.533937	
1	-0.147239	-0.830078	-0.209103	0.533937	
1	-0.195312	-0.788204	-0.178739	0.499619	
1	-0.195312	-0.788204	-0.178739	0.499619	
1	-0.202282	-0.781250	-0.173917	0.494056	
1	-0.202282	-0.781250	-0.173917	0.494056	
1	-0.244141	-0.741368	-0.145206	0.460245	
1	-0.244141	-0.741368	-0.145206	0.460245	
1	-0.252430	-0.732422	-0.139032	0.452815	
1	-0.252430	-0.732422	-0.139032	0.452815	
1	-0.292969	-0.689794	-0.108947	0.415752	
1	-0.292969	-0.689794	-0.108947	0.415752	
1	-0.298244	-0.683594	-0.104736	0.410446	
1	-0.298244	-0.683594	-0.104736	0.410446	
1	-0.340128	-0.634766	-0.071271	0.367187	
1	-0.340128	-0.634766	-0.071271	0.367187	
1	-0.341797	-0.632820	-0.069933	0.365415	
1	-0.341797	-0.632820	-0.069933	0.365415	
1	-0.378285	-0.585938	-0.038863	0.323309	
1	-0.378285	-0.585938	-0.038863	0.323309	
1	-0.390625	-0.569682	-0.028208	0.308424	
1	-0.390625	-0.569682	-0.028208	0.308424	
1	-0.413468	-0.537109	-0.007509	0.278816	
1	-0.413468	-0.537109	-0.007509	0.278816	
1	-0.439453	-0.498422	0.016522	0.243221	
1	-0.439453	-0.498422	0.016522	0.243221	
1	-0.445863	-0.488281	0.022656	0.233914	
1	-0.445863	-0.488281	0.022656	0.233914	
1	-0.475478	-0.439453	0.051493	0.188862	
1	-0.475478	-0.439453	0.051493	0.188862	
1	-0.488281	-0.416953	0.064328	0.168080	
1	-0.488281	-0.416953	0.064328	0.168080	
1	-0.502706	-0.390625	0.078998	0.143735	
1	-0.502706	-0.390625	0.078998	0.143735	
1	-0.527575	-0.341797	0.105097	0.098740	
1	-0.527575	-0.341797	0.105097	0.098740	
1	-0.537109	-0.321512	0.115490	0.080176	
1	-0.537109	-0.321512	0.115490	0.080176	
1	-0.550352	-0.292969	0.129796	0.053970	
1	-0.550352	-0.292969	0.129796	0.053970	
1	-0.571048	-0.244141	0.153059	0.009607	
1	-0.571048	-0.244141	0.153059	0.009607	
1	-0.585938	-0.205141	0.170573	-0.025369	
1	-0.585938	-0.205141	0.170573	-0.025369	
1	-0.589737	-0.195312	0.174887	-0.034212	
1	-0.589737	-0.195312	0.174887	-0.034212	
1	-0.606806	-0.146484	0.195344	-0.077472	
1	-0.606806	-0.146484	0.195344	-0.077472	
1	-0.621932	-0.097656	0.214385	-0.119915	
1	-0.621932	-0.097656	0.214385	-0.119915	
1	-0.634766	-0.050541	0.231456	-0.160011	
1	-0.634766	-0.050541	0.231456	-0.160011	
1	-0.635253	-0.048828	0.232060	-0.161468	
1	-0.635253	-0.048828	0.232060	-0.161468	
1	-0.647324	0.000000	0.248469	-0.202187	
1	-0.647324	0.000000	0.248469	-0.202187	
1	-0.657697	0.048828	0.263593	-0.241821	
1	-0.657697	0.048828	0.263593	-0.241821	
1	-0.666466	0.097656	0.277491	-0.280310	
1	-0.666466	0.097656	0.277491	-0.280310	
1	-0.673713	0.146484	0.290225	-0.317593	
1	-0.673713	0.146484	0.290225	-0.317593	
1	-0.679504	0.195312	0.301859	-0.353613	
1	-0.679504	0.195312	0.301859	-0.353613	
1	-0.683594	0.240918	0.311785	-0.386056	
1	-0.683594	0.240918	0.311785	-0.386056	
1	-0.683910	0.244141	0.312458	-0.388318	
1	-0.683910	0.244141	0.312458	-0.388318	
1	-0.687079	0.292969	0.322092	-0.421675	
1	-0.687079	0.292969	0.322092	-0.421675	
1	-0.688842	0.341797	0.330816	-0.453598	
1	-0.688842	0.341797	0.330816	-0.453598	
1	-0.689220	0.390625	0.338700	-0.484045	
1	-0.689220	0.390625	0.338700	-0.484045	
1	-0.688221	0.439453	0.345812	-0.512982	
1	-0.688221	0.439453	0.345812	-0.512982	
1	-0.685839	0.488281	0.352224	-0.540374	
1	-0.685839	0.488281	0.352224	-0.540374	
1	-0.683594	0.518240	0.355838	-0.556393	
1	-0.683594	0.518240	0.355838	-0.556393	
1	-0.682103	0.537109	0.358004	-0.566199	
1	-0.682103	0.537109	0.358004	-0.566199	
1	-0.677025	0.585938	0.363224	-0.590434	
1	-0.677025	0.585938	0.363224	-0.590434	
1	-0.670463	0.634766	0.367951	-0.613044	
1	-0.670463	0.634766	0.367951	-0.613044	
1	-0.662328	0.683594	0.372252	-0.634006	
1	-0.662328	0.683594	0.372252	-0.634006	
1	-0.652506	0.732422	0.376195	-0.653299	
1	-0.652506	0.732422	0.376195	-0.653299	
1	-0.640838	0.781250	0.379846	-0.670901	
1	-0.640838	0.781250	0.379846	-0.670901	
1	-0.634766	0.804595	0.381511	-0.678728	
1	-0.634766	0.804595	0.381511	-0.678728	
1	-0.627006	0.830078	0.383268	-0.686779	
1	-0.627006	0.830078	0.383268	-0.686779	
1	-0.610484	0.878906	0.386518	-0.700881	
1	-0.610484	0.878906	0.386518	-0.700881	
1	-0.590673	0.927734	0.389648	-0.713149	
1	-0.590673	0.927734	0.389648	-0.713149	
1	-0.585938	0.939023	0.390367	-0.715743	
1	-0.585938	0.939023	0.390367	-0.715743	
1	-0.564950	0.976562	0.392653	-0.723353	
1	-0.564950	0.976562	0.392653	-0.723353	
1	-0.537109	1.017998	0.395076	-0.730220	
1	-0.537109	1.017998	0.395076	-0.730220	
1	-0.529504	1.025391	0.395426	-0.731097	
1	-0.529504	1.025391	0.395426	-0.731097	
1	-0.488281	1.061702	0.396891	-0.734341	
1	-0.488281	1.061702	0.396891	-0.734341	
1	-0.457629	1.074219	0.396440	-0.733554	
1	-0.457629	1.074219	0.396440	-0.733554	
1	-0.439453	1.081392	0.396013	-0.732872	
1	-0.439453	1.081392	0.396013	-0.732872	
1	-0.390625	1.087363	0.392809	-0.728301	
1	-0.390625	1.087363	0.392809	-0.728301	
1	-0.341797	1.083588	0.387282	-0.721345	
1	-0.341797	1.083588	0.387282	-0.721345	
1	-0.299052	1.074219	0.380507	-0.713506	
1	-0.299052	1.074219	0.380507	-0.713506	
1	-0.292969	1.073239	0.379510	-0.712390	
1	-0.292969	1.073239	0.379510	-0.712390	
1	-0.244141	1.059659	0.369798	-0.701838	
1	-0.244141	1.059659	0.369798	-0.701838	
1	-0.195312	1.041622	0.357803	-0.689284	
1	-0.195312	1.041622	0.357803	-0.689284	
1	-0.160781	1.025391	0.347678	-0.678896	
1	-0.160781	1.025391	0.347678	-0.678896	
1	-0.146484	1.019922	0.343516	-0.674655	
1	-0.146484	1.019922	0.343516	-0.674655	
1	-0.097656	0.996186	0.327193	-0.658098	
1	-0.097656	0.996186	0.327193	-0.658098	
1	-0.064295	0.976562	0.314296	-0.645018	
1	-0.064295	0.976562	0.314296	-0.645018	
1	-0.048828	0.968801	0.308400	-0.639023	
1	-0.048828	0.968801	0.308400	-0.639023	
1	0.000000	0.939053	0.287393	-0.617514	
1	0.000000	0.939053	0.287393	-0.617514	
1	0.015627	0.927734	0.279826	-0.609693	
1	0.015627	0.927734	0.279826	-0.609693	
1	0.048828	0.906430	0.264020	-0.593203	
1	0.048828	0.906430	0.264020	-0.593203	
1	0.085106	0.878906	0.244662	-0.572686	
1	0.085106	0.878906	0.244662	-0.572686	
1	0.097656	0.870276	0.238064	-0.565605	
1	0.097656	0.870276	0.238064	-0.565605	
1	0.146484	0.830781	0.209586	-0.534474	
1	0.146484	0.830781	0.209586	-0.534474	
1	0.147239	0.830078	0.209103	-0.533937	
1	0.147239	0.830078	0.209103	-0.533937	
1	0.195312	0.788204	0.178739	-0.499619	
1	0.195312	0.788204	0.178739	-0.499619	
1	0.202282	0.781250	0.173917	-0.494056	
1	0.202282	0.781250	0.173917	-0.494056	
1	0.244141	0.741368	0.145206	-0.460245	
1	0.244141	0.741368	0.145206	-0.460245	
1	0.252430	0.732422	0.139032	-0.452815	
1	0.252430	0.732422	0.139032	-0.452815	
1	0.292969	0.689794	0.108947	-0.415752	
1	0.292969	0.689794	0.108947	-0.415752	
1	0.298244	0.683594	0.104736	-0.410446	
1	0.298244	0.683594	0.104736	-0.410446	
1	0.340128	0.634766	0.071271	-0.367187	
1	0.340128	0.634766	0.071271	-0.367187	
1	0.341797	0.632820	0.069933	-0.365415	
1	0.341797	0.632820	0.069933	-0.365415	
1	0.378285	0.585938	0.038863	-0.323309	
1	0.378285	0.585938	0.038863	-0.323309	
1	0.390625	0.569682	0.028208	-0.308424	
1	0.390625	0.569682	0.028208	-0.308424	
1	0.413468	0.537109	0.007509	-0.278816	
1	0.413468	0.537109	0.007509	-0.278816	
1	0.439453	0.498422	-0.016522	-0.243221	
1	0.439453	0.498422	-0.016522	-0.243221	
1	0.445863	0.488281	-0.022656	-0.233914	
1	0.445863	0.488281	-0.022656	-0.233914	
1	0.475478	0.439453	-0.051493	-0.188862	
1	0.475478	0.439453	-0.051493	-0.188862	
1	0.488281	0.416953	-0.064328	-0.168080	
1	0.488281	0.416953	-0.064328	-0.168080	
1	0.502706	0.390625	-0.078998	-0.143735	
1	0.502706	0.390625	-0.078998	-0.143735	
1	0.527575	0.341797	-0.105097	-0.098740	
1	0.527575	0.341797	-0.105097	-0.098740	
1	0.537109	0.321512	-0.115490	-0.080176	
1	0.537109	0.321512	-0.115490	-0.080176	
1	0.550352	0.292969	-0.129796	-0.053970	
1	0.550352	0.292969	-0.129796	-0.053970	
1	0.571048	0.244141	-0.153059	-0.009607	
1	0.571048	0.244141	-0.153059	-0.009607	
1	0.585938	0.205141	-0.170573	0.025369	
1	0.585938	0.205141	-0.170573	0.025369	
1	0.589737	0.195312	-0.174887	0.034212	
1	0.589737	0.195312	-0.174887	0.034212	
1	0.606806	0.146484	-0.195344	0.077472	
1	0.606806	0.146484	-0.195344	0.077472	
1	0.621932	0.097656	-0.214385	0.119915	
1	0.621932	0.097656	-0.214385	0.119915	
1	0.634766	0.050541	-0.231456	0.160011	
1	0.634766	0.050541	-0.231456	0.160011	
1	0.635253	0.048828	-0.232060	0.161468	
1	0.635253	0.048828	-0.232060	0.161468	
1	0.647324	0.000000	-0.248469	0.202187	
1	0.647324	0.000000	-0.248469	0.202187	
1	0.657697	-0.048828	-0.263593	0.241821	
1	0.657697	-0.048828	-0.263593	0.241821	
1	0.666466	-0.097656	-0.277491	0.280310	
1	0.666466	-0.097656	-0.277491	0.280310	
1	0.673713	-0.146484	-0.290225	0.317593	
1	0.673713	-0.146484	-0.290225	0.317593	
1	0.679504	-0.195312	-0.301859	0.353613	
1	0.679504	-0.195312	-0.301859	0.353613	
1	0.683594	-0.240918	-0.311785	0.386056	
1	0.683594	-0.240918	-0.311785	0.386056	
1	0.683910	-0.244141	-0.312458	0.388318	
1	0.683910	-0.244141	-0.312458	0.388318	
1	0.687079	-0.292969	-0.322092	0.421675	
1	0.687079	-0.292969	-0.322092	0.421675	
1	0.688842	-0.341797	-0.330816	0.453598	
1	0.688842	-0.341797	-0.330816	0.453598	
1	0.689220	-0.390625	-0.338700	0.484045	
1	0.689220	-0.390625	-0.338700	0.484045	
1	0.688221	-0.439453	-0.345812	0.512982	
1	0.688221	-0.439453	-0.345812	0.512982	
1	0.685839	-0.488281	-0.352224	0.540374	
1	0.685839	-0.488281	-0.352224	0.540374	
1	0.683594	-0.518240	-0.355838	0.556393	
1	0.683594	-0.518240	-0.355838	0.556393	
1	0.682103	-0.537109	-0.358004	0.566199	
1	0.682103	-0.537109	-0.358004	0.566199	
1	0.677025	-0.585938	-0.363224	0.590434	
1	0.677025	-0.585938	-0.363224	0.590434	
1	0.670463	-0.634766	-0.367951	0.613044	
1	0.670463	-0.634766	-0.367951	0.613044	
1	0.662328	-0.683594	-0.372252	0.634006	
1	0.662328	-0.683594	-0.372252	0.634006	
1	0.652506	-0.732422	-0.376195	0.653299	
1	0.652506	-0.732422	-0.376195	0.653299	
1	0.640838	-0.781250	-0.379846	0.670901	
1	0.640838	-0.781250	-0.379846	0.670901	
1	0.634766	-0.804595	-0.381511	0.678728	
1	0.634766	-0.804595	-0.381511	0.678728	
1	0.627006	-0.830078	-0.383268	0.686779	
1	0.627006	-0.830078	-0.383268	0.686779	
1	0.610484	-0.878906	-0.386518	0.700881	
1	0.610484	-0.878906	-0.386518	0.700881	
1	0.590673	-0.927734	-0.389648	0.713149	
1	0.590673	-0.927734	-0.389648	0.713149	
1	0.585938	-0.939023	-0.390367	0.715743	
1	0.585938	-0.939023	-0.390367	0.715743	
1	0.564950	-0.976562	-0.392653	0.723353	
1	0.564950	-0.976562	-0.392653	0.723353	
1	0.537109	-1.017998	-0.395076	0.730220	
1	0.537109	-1.017998	-0.395076	0.730220	
1	0.529504	-1.025391	-0.395426	0.731097	
1	0.529504	-1.025391	-0.395426	0.731097	
1	0.488281	-1.061702	-0.396891	0.734341	
1	0.488281	-1.061702	-0.396891	0.734341	
1	0.457629	-1.074219	-0.396440	0.733554	
1	0.457629	-1.074219	-0.396440	0.733554	
1	0.439453	-1.081392	-0.396013	0.732872	
1	0.439453	-1.081392	-0.396013	0.732872	
1	0.390625	-1.087363	-0.392809	0.728301	
1	0.390625	-1.087363	-0.392809	0.728301	
1	0.341797	-1.083588	-0.387282	0.721345	
1	0.341797	-1.083588	-0.387282	0.721345	
1	0.299052	-1.074219	-0.380507	0.713506	
1	0.299052	-1.074219	-0.380507	0.713506	
1	0.292969	-1.073239	-0.379510	0.712390	
1	0.292969	-1.073239	-0.379510	0.712390	
1	0.244141	-1.059659	-0.369798	0.701838	
1	0.244141	-1.059659	-0.369798	0.701838	
1	0.195312	-1.041622	-0.357803	0.689284	
1	0.195312	-1.041622	-0.357803	0.689284	
1	0.160781	-1.025391	-0.347678	0.678896	
1	0.160781	-1.025391	-0.347678	0.678896	
1	0.146484	-1.019922	-0.343516	0.674655	
1	0.146484	-1.019922	-0.343516	0.674655	
1	0.097656	-0.996186	-0.327193	0.658098	
1	0.097656	-0.996186	-0.327193	0.658098	
1	0.064295	-0.976562	-0.314296	0.645018	
1	0.064295	-0.976562	-0.314296	0.645018	
1	0.048828	-0.968801	-0.308400	0.639023	
1	0.048828	-0.968801	-0.308400	0.639023	
