#REFERENCE 3 245.3426620 38.1684740
1	-0.039062	-0.318154	-0.010038	0.222617	
1	0.000000	-0.324608	-0.021591	0.225105	
1	0.000000	-0.324608	-0.021591	0.225105	
1	0.039062	-0.323605	-0.032268	0.225236	
1	0.039062	-0.323605	-0.032268	0.225236	
1	0.078125	-0.314201	-0.042856	0.223073	
1	0.078125	-0.314201	-0.042856	0.223073	
1	0.081781	-0.312500	-0.043904	0.222725	
1	0.081781	-0.312500	-0.043904	0.222725	
1	0.117188	-0.301010	-0.053512	0.218324	
1	0.117188	-0.301010	-0.053512	0.218324	
1	0.156250	-0.276132	-0.065528	0.209558	
1	0.156250	-0.276132	-0.065528	0.209558	
1	0.159162	-0.273438	-0.066565	0.208615	
1	0.159162	-0.273438	-0.066565	0.208615	
1	0.195312	-0.243699	-0.078614	0.195194	
1	0.195312	-0.243699	-0.078614	0.195194	
1	0.203181	-0.234375	-0.081737	0.190893	
1	0.203181	-0.234375	-0.081737	0.190893	
1	0.234152	-0.195312	-0.093964	0.169818	
1	0.234152	-0.195312	-0.093964	0.169818	
1	0.234375	-0.195004	-0.094053	0.169635	
1	0.234375	-0.195004	-0.094053	0.169635	
1	0.258121	-0.156250	-0.103978	0.145293	
1	0.258121	-0.156250	-0.103978	0.145293	
1	0.273438	-0.119269	-0.111232	0.119657	
1	0.273438	-0.119269	-0.111232	0.119657	
1	0.274272	-0.117188	-0.111582	0.118121	
1	0.274272	-0.117188	-0.111582	0.118121	
1	0.286778	-0.078125	-0.116776	0.088125	
1	0.286778	-0.078125	-0.116776	0.088125	
1	0.293569	-0.039062	-0.119271	0.056147	
1	0.293569	-0.039062	-0.119271	0.056147	
1	0.295421	0.000000	-0.118905	0.022588	
1	0.295421	0.000000	-0.118905	0.022588	
1	0.292502	0.039062	-0.115518	-0.011969	
1	0.292502	0.039062	-0.115518	-0.011969	
1	0.284367	0.078125	-0.108985	-0.046910	
1	0.284367	0.078125	-0.108985	-0.046910	
1	0.273438	0.108764	-0.101549	-0.074314	
1	0.273438	0.108764	-0.101549	-0.074314	
1	0.270601	0.117188	-0.099213	-0.081574	
1	0.270601	0.117188	-0.099213	-0.081574	
1	0.252056	0.156250	-0.086337	-0.114782	
1	0.252056	0.156250	-0.086337	-0.114782	
1	0.234375	0.183593	-0.075356	-0.137082	
1	0.234375	0.183593	-0.075356	-0.137082	
1	0.225512	0.195312	-0.070146	-0.146309	
1	0.225512	0.195312	-0.070146	-0.146309	
1	0.195312	0.229870	-0.053237	-0.171687	
1	0.195312	0.229870	-0.053237	-0.171687	
1	0.190018	0.234375	-0.050670	-0.175018	
1	0.190018	0.234375	-0.050670	-0.175018	
1	0.156250	0.264183	-0.033851	-0.193954	
1	0.156250	0.264183	-0.033851	-0.193954	
1	0.140188	0.273438	-0.027188	-0.200184	
1	0.140188	0.273438	-0.027188	-0.200184	
1	0.117188	0.289733	-0.017076	-0.208338	
1	0.117188	0.289733	-0.017076	-0.208338	
1	0.078125	0.306697	-0.002748	-0.217288	
1	0.078125	0.306697	-0.002748	-0.217288	
1	0.054044	0.312500	0.005081	-0.220860	
1	0.054044	0.312500	0.005081	-0.220860	
1	0.039062	0.318154	0.010038	-0.222617	
1	0.039062	0.318154	0.010038	-0.222617	
1	0.000000	0.324608	0.021591	-0.225105	
1	0.000000	0.324608	0.021591	-0.225105	
1	-0.039062	0.323605	0.032268	-0.225236	
1	-0.039062	0.323605	0.032268	-0.225236	
1	-0.078125	0.314201	0.042856	-0.223073	
1	-0.078125	0.314201	0.042856	-0.223073	
1	-0.081781	0.312500	0.043904	-0.222725	
1	-0.081781	0.312500	0.043904	-0.222725	
1	-0.117188	0.301010	0.053512	-0.218324	
1	-0.117188	0.301010	0.053512	-0.218324	
1	-0.156250	0.276132	0.065528	-0.209558	
1	-0.156250	0.276132	0.065528	-0.209558	
1	-0.159162	0.273438	0.066565	-0.208615	
1	-0.159162	0.273438	0.066565	-0.208615	
1	-0.195312	0.243699	0.078614	-0.195194	
1	-0.195312	0.243699	0.078614	-0.195194	
1	-0.203181	0.234375	0.081737	-0.190893	
1	-0.203181	0.234375	0.081737	-0.190893	
1	-0.234152	0.195312	0.093964	-0.169818	
1	-0.234152	0.195312	0.093964	-0.169818	
1	-0.234375	0.195004	0.094053	-0.169635	
1	-0.234375	0.195004	0.094053	-0.169635	
1	-0.258121	0.156250	0.103978	-0.145293	
1	-0.258121	0.156250	0.103978	-0.145293	
1	-0.273438	0.119269	0.111232	-0.119657	
1	-0.273438	0.119269	0.111232	-0.119657	
1	-0.274272	0.117188	0.111582	-0.118121	
1	-0.274272	0.117188	0.111582	-0.118121	
1	-0.286778	0.078125	0.116776	-0.088125	
1	-0.286778	0.078125	0.116776	-0.088125	
1	-0.293569	0.039062	0.119271	-0.056147	
1	-0.293569	0.039062	0.119271	-0.056147	
1	-0.295421	0.000000	0.118905	-0.022588	
1	-0.295421	0.000000	0.118905	-0.022588	
1	-0.292502	-0.039062	0.115518	0.011969	
1	-0.292502	-0.039062	0.115518	0.011969	
1	-0.284367	-0.078125	0.108985	0.046910	
1	-0.284367	-0.078125	0.108985	0.046910	
1	-0.273438	-0.108764	0.101549	0.074314	
1	-0.273438	-0.108764	0.101549	0.074314	
1	-0.270601	-0.117188	0.099213	0.081574	
1	-0.270601	-0.117188	0.099213	0.081574	
1	-0.252056	-0.156250	0.086337	0.114782	
1	-0.252056	-0.156250	0.086337	0.114782	
1	-0.234375	-0.183593	0.075356	0.137082	
1	-0.234375	-0.183593	0.075356	0.137082	
1	-0.225512	-0.195312	0.070146	0.146309	
1	-0.225512	-0.195312	0.070146	0.146309	
1	-0.195312	-0.229870	0.053237	0.171687	
1	-0.195312	-0.229870	0.053237	0.171687	
1	-0.190018	-0.234375	0.050670	0.175018	
1	-0.190018	-0.234375	0.050670	0.175018	
1	-0.156250	-0.264183	0.033851	0.193954	
1	-0.156250	-0.264183	0.033851	0.193954	
1	-0.140188	-0.273438	0.027188	0.200184	
1	-0.140188	-0.273438	0.027188	0.200184	
1	-0.117188	-0.289733	0.017076	0.208338	
1	-0.117188	-0.289733	0.017076	0.208338	
1	-0.078125	-0.306697	0.002748	0.217288	
1	-0.078125	-0.306697	0.002748	0.217288	
1	-0.054044	-0.312500	-0.005081	0.220860	
1	-0.054044	-0.312500	-0.005081	0.220860	
1	-0.039062	-0.318154	-0.010038	0.222617	
