#REFERENCE 3 328.3894840 17.6993580
4.1 0.012 -0.057 0.013 0.006 178.41 4.500 6.07 -0.994 1.755 5.92 0.16
4.1 0.012 -0.057 0.013 0.006 178.41 4.500 6.07 0.872 -2.502 4.25 1.82
4.1 0.012 -0.057 0.013 0.006 178.41 4.500 6.07 0.058 0.600 6.31 -0.23
4.1 0.012 -0.057 0.013 0.006 178.41 4.500 6.07 0.732 1.083 6.34 -0.27
4.1 0.012 -0.057 0.013 0.006 178.41 4.500 6.07 -1.563 0.404 6.07 -0.00
4.2 0.017 -0.061 0.008 0.007 132.68 4.500 6.34 -0.911 1.748 6.07 0.27
4.2 0.017 -0.061 0.008 0.007 132.68 4.500 6.34 0.920 -2.509 4.21 2.13
4.2 0.017 -0.061 0.008 0.007 132.68 4.500 6.34 -0.046 0.617 6.30 0.04
4.2 0.017 -0.061 0.008 0.007 132.68 4.500 6.34 -1.495 0.486 6.20 0.14
4.2 0.017 -0.061 0.008 0.007 132.68 4.500 6.34 0.687 1.178 6.34 0.00
5.1 0.011 -0.040 0.009 0.006 6.98 4.500 5.80 -0.891 1.946 5.46 0.35
5.1 0.011 -0.040 0.009 0.006 6.98 4.500 5.80 0.901 -2.418 4.38 1.42
5.1 0.011 -0.040 0.009 0.006 6.98 4.500 5.80 -0.027 0.383 5.94 -0.13
5.1 0.011 -0.040 0.009 0.006 6.98 4.500 5.80 1.001 1.013 5.92 -0.12
5.1 0.011 -0.040 0.009 0.006 6.98 4.500 5.80 -1.551 0.064 5.80 0.00
5.2 0.010 -0.045 0.008 0.007 126.01 4.500 6.05 -0.950 1.886 5.56 0.49
5.2 0.010 -0.045 0.008 0.007 126.01 4.500 6.05 0.872 -2.447 4.35 1.70
5.2 0.010 -0.045 0.008 0.007 126.01 4.500 6.05 0.035 0.452 6.04 0.01
5.2 0.010 -0.045 0.008 0.007 126.01 4.500 6.05 -1.581 0.146 5.84 0.21
5.2 0.010 -0.045 0.008 0.007 126.01 4.500 6.05 0.921 1.013 6.05 0.00
6.1 -0.007 -0.012 0.013 0.008 18.51 4.500 5.55 -1.036 2.094 4.92 0.63
6.1 -0.007 -0.012 0.013 0.008 18.51 4.500 5.55 0.748 -2.313 4.70 0.86
6.1 -0.007 -0.012 0.013 0.008 18.51 4.500 5.55 0.211 0.170 5.87 -0.31
6.1 -0.007 -0.012 0.013 0.008 18.51 4.500 5.55 1.201 0.606 5.87 -0.31
6.1 -0.007 -0.012 0.013 0.008 18.51 4.500 5.55 -1.557 -0.463 5.55 -0.00
6.2 -0.010 -0.017 0.010 0.006 115.08 4.500 6.05 -1.612 -0.428 5.54 0.51
6.2 -0.010 -0.017 0.010 0.006 115.08 4.500 6.05 0.691 -2.345 4.67 1.38
6.2 -0.010 -0.017 0.010 0.006 115.08 4.500 6.05 0.315 0.238 6.03 0.02
6.2 -0.010 -0.017 0.010 0.006 115.08 4.500 6.05 -1.102 2.044 4.97 1.08
6.2 -0.010 -0.017 0.010 0.006 115.08 4.500 6.05 1.109 0.597 6.05 0.00
7.1 -0.021 0.006 0.015 0.008 26.81 4.500 5.54 0.458 0.058 6.16 -0.62
7.1 -0.021 0.006 0.015 0.008 26.81 4.500 5.54 -1.146 2.167 4.66 0.88
7.1 -0.021 0.006 0.015 0.008 26.81 4.500 5.54 0.570 -2.244 4.99 0.55
7.1 -0.021 0.006 0.015 0.008 26.81 4.500 5.54 1.170 0.303 6.18 -0.64
7.1 -0.021 0.006 0.015 0.008 26.81 4.500 5.54 -1.469 -0.833 5.54 -0.00
7.2 -0.020 0.003 0.010 0.005 109.15 4.500 6.17 -1.496 -0.783 5.53 0.64
7.2 -0.020 0.003 0.010 0.005 109.15 4.500 6.17 -1.145 2.150 4.69 1.48
7.2 -0.020 0.003 0.010 0.005 109.15 4.500 6.17 0.447 0.084 6.15 0.02
7.2 -0.020 0.003 0.010 0.005 109.15 4.500 6.17 0.582 -2.259 4.94 1.23
7.2 -0.020 0.003 0.010 0.005 109.15 4.500 6.17 1.161 0.339 6.17 -0.00
