#REFERENCE 3 87.3042530 -62.0775650
1.1 0.5759036 1.3562283 0.066011 0.017492 106.00132 3.2539 2.21 
1.2 0.5037059 1.4966595 0.045751 0.037073 172.23907 3.2539 1.67 
1.3 0.3758595 1.7575486 0.074465 0.032530 122.77223 3.2539 1.95 
1.4 0.6518090 1.6496837 0.024782 0.020174 176.43958 3.2539 2.74 
1.5 0.6242505 1.5167450 0.103474 0.030530 127.87406 3.2539 0.79 
1.6 0.2020558 1.6148594 0.078724 0.032323 134.02347 3.2539 0.97 
2.1 0.6023489 1.1603658 0.026396 0.017479 139.61447 4.5000 2.88 
2.2 0.7144768 1.0902585 0.035058 0.000819 92.95931 4.5000 6.13 
2.3 0.7781770 1.2329238 0.064388 0.028874 133.86014 4.5000 0.75 
