#REFERENCE 3 87.3042528 -62.0775655
9.3 0.320 0.407 0.077 0.032 38.26 2.530 0.80 2.473 -1.909 1.43 -0.63
9.3 0.320 0.407 0.077 0.032 38.26 2.530 0.80 -2.204 2.329 1.44 -0.65
9.3 0.320 0.407 0.077 0.032 38.26 2.530 0.80 -0.002 0.004 -8.12 8.92
9.3 0.320 0.407 0.077 0.032 38.26 2.530 0.80 0.649 1.411 0.18 0.61
9.3 0.320 0.407 0.077 0.032 38.26 2.530 0.80 -1.377 -1.016 0.80 -0.00
9.2 0.224 0.352 0.052 0.026 176.81 2.530 1.45 -1.433 -1.113 0.96 0.50
9.2 0.224 0.352 0.052 0.026 176.81 2.530 1.45 2.244 -2.085 1.45 -0.00
9.2 0.224 0.352 0.052 0.026 176.81 2.530 1.45 0.668 1.302 0.07 1.39
9.2 0.224 0.352 0.052 0.026 176.81 2.530 1.45 -0.000 0.006 -8.10 9.56
9.2 0.224 0.352 0.052 0.026 176.81 2.530 1.45 -2.343 2.172 1.45 -0.00
9.1 0.274 0.483 0.050 0.025 142.23 2.530 1.50 -1.244 -1.152 0.75 0.75
9.1 0.274 0.483 0.050 0.025 142.23 2.530 1.50 0.758 1.391 0.19 1.30
9.1 0.274 0.483 0.050 0.025 142.23 2.530 1.50 -2.264 2.525 1.38 0.12
9.1 0.274 0.483 0.050 0.025 142.23 2.530 1.50 -0.001 0.002 -8.15 9.64
9.1 0.274 0.483 0.050 0.025 142.23 2.530 1.50 2.431 -1.772 1.50 -0.00
6.4 0.665 0.348 0.067 0.037 70.89 2.679 0.65 3.075 -1.888 1.27 -0.62
6.4 0.665 0.348 0.067 0.037 70.89 2.679 0.65 -1.440 -0.496 0.64 0.00
6.4 0.665 0.348 0.067 0.037 70.89 2.679 0.65 -1.440 -0.496 0.64 0.00
6.4 0.665 0.348 0.067 0.037 70.89 2.679 0.65 -1.710 2.214 1.64 -0.99
6.4 0.665 0.348 0.067 0.037 70.89 2.679 0.65 0.229 1.703 0.65 0.00
6.3 0.599 0.409 0.044 0.026 4.49 2.679 1.56 0.376 1.683 0.56 1.00
6.3 0.599 0.409 0.044 0.026 4.49 2.679 1.56 2.994 -1.791 1.31 0.25
6.3 0.599 0.409 0.044 0.026 4.49 2.679 1.56 -1.391 -0.647 0.58 0.98
6.3 0.599 0.409 0.044 0.026 4.49 2.679 1.56 -1.391 -0.647 0.58 0.98
6.3 0.599 0.409 0.044 0.026 4.49 2.679 1.56 2.112 3.540 -0.62 2.18
6.3 0.599 0.409 0.044 0.026 4.49 2.679 1.56 2.112 3.540 -0.62 2.18
6.3 0.599 0.409 0.044 0.026 4.49 2.679 1.56 -1.824 2.381 1.56 0.00
6.2 0.655 0.409 0.085 0.045 28.75 2.679 0.54 3.086 -1.765 1.30 -0.75
6.2 0.655 0.409 0.085 0.045 28.75 2.679 0.54 0.298 1.735 0.67 -0.13
6.2 0.655 0.409 0.085 0.045 28.75 2.679 0.54 -1.735 2.375 1.60 -1.05
6.2 0.655 0.409 0.085 0.045 28.75 2.679 0.54 -1.375 -0.582 0.54 -0.00
6.2 0.655 0.409 0.085 0.045 28.75 2.679 0.54 -1.375 -0.582 0.54 -0.00
6.1 0.566 0.486 0.050 0.027 151.73 2.679 1.36 0.496 1.691 0.55 0.81
6.1 0.566 0.486 0.050 0.027 151.73 2.679 1.36 -1.302 -0.766 0.49 0.88
6.1 0.566 0.486 0.050 0.027 151.73 2.679 1.36 -1.302 -0.766 0.49 0.88
6.1 0.566 0.486 0.050 0.027 151.73 2.679 1.36 -1.881 2.593 1.51 -0.14
6.1 0.566 0.486 0.050 0.027 151.73 2.679 1.36 2.172 3.561 -0.57 1.94
6.1 0.566 0.486 0.050 0.027 151.73 2.679 1.36 2.172 3.561 -0.57 1.94
6.1 0.566 0.486 0.050 0.027 151.73 2.679 1.36 2.975 -1.635 1.37 -0.00
1.6 0.579 0.598 0.056 0.030 157.37 2.717 1.42 0.604 1.756 0.62 0.80
1.6 0.579 0.598 0.056 0.030 157.37 2.717 1.42 -1.172 -0.835 0.33 1.09
1.6 0.579 0.598 0.056 0.030 157.37 2.717 1.42 -0.008 -0.000 -8.06 9.48
1.6 0.579 0.598 0.056 0.030 157.37 2.717 1.42 2.254 3.619 -0.41 1.83
1.6 0.579 0.598 0.056 0.030 157.37 2.717 1.42 -1.872 2.914 1.47 -0.05
1.6 0.579 0.598 0.056 0.030 157.37 2.717 1.42 1.921 2.984 -7.48 8.90
1.6 0.579 0.598 0.056 0.030 157.37 2.717 1.42 3.054 -1.373 1.42 0.00
1.5 0.707 0.557 0.090 0.057 32.79 2.717 0.28 3.237 -1.417 1.35 -1.07
1.5 0.707 0.557 0.090 0.057 32.79 2.717 0.28 0.372 1.883 0.90 -0.62
1.5 0.707 0.557 0.090 0.057 32.79 2.717 0.28 -1.689 2.792 1.58 -1.30
1.5 0.707 0.557 0.090 0.057 32.79 2.717 0.28 2.176 3.702 -0.22 0.50
1.5 0.707 0.557 0.090 0.057 32.79 2.717 0.28 0.625 3.548 0.16 0.12
1.5 0.707 0.557 0.090 0.057 32.79 2.717 0.28 -0.011 0.001 -7.95 8.23
1.5 0.707 0.557 0.090 0.057 32.79 2.717 0.28 -1.202 -0.666 0.28 -0.00
1.4 0.663 0.606 0.057 0.027 0.69 2.717 1.53 0.500 1.858 0.83 0.70
1.4 0.663 0.606 0.057 0.027 0.69 2.717 1.53 2.234 3.688 -0.25 1.78
1.4 0.663 0.606 0.057 0.027 0.69 2.717 1.53 -1.157 -0.746 0.25 1.28
1.4 0.663 0.606 0.057 0.027 0.69 2.717 1.53 -0.010 -0.000 -7.99 9.53
1.4 0.663 0.606 0.057 0.027 0.69 2.717 1.53 3.189 -1.317 1.39 0.14
1.4 0.663 0.606 0.057 0.027 0.69 2.717 1.53 1.919 2.984 -7.54 9.07
1.4 0.663 0.606 0.057 0.027 0.69 2.717 1.53 -1.756 2.940 1.53 0.00
1.3 0.602 0.504 0.166 0.137 149.53 2.717 -0.48 0.470 1.739 0.63 -1.10
1.3 0.602 0.504 0.166 0.137 149.53 2.717 -0.48 -1.281 -0.739 0.44 -0.91
1.3 0.602 0.504 0.166 0.137 149.53 2.717 -0.48 -1.281 -0.739 0.44 -0.91
1.3 0.602 0.504 0.166 0.137 149.53 2.717 -0.48 -1.836 2.651 1.52 -2.00
1.3 0.602 0.504 0.166 0.137 149.53 2.717 -0.48 3.049 -1.586 1.36 -1.84
1.3 0.602 0.504 0.166 0.137 149.53 2.717 -0.48 2.178 3.600 -0.48 -0.00
1.3 0.602 0.504 0.166 0.137 149.53 2.717 -0.48 2.178 3.600 -0.48 -0.00
1.2 0.701 0.506 0.086 0.043 68.92 2.717 0.84 3.207 -1.538 1.33 -0.49
1.2 0.701 0.506 0.086 0.043 68.92 2.717 0.84 -1.688 2.646 1.59 -0.75
1.2 0.701 0.506 0.086 0.043 68.92 2.717 0.84 -1.258 -0.631 0.35 0.49
1.2 0.701 0.506 0.086 0.043 68.92 2.717 0.84 -1.258 -0.631 0.35 0.49
1.2 0.701 0.506 0.086 0.043 68.92 2.717 0.84 0.598 3.598 0.22 0.62
1.2 0.701 0.506 0.086 0.043 68.92 2.717 0.84 0.327 1.845 0.84 0.00
1.1 0.621 0.535 0.113 0.090 100.94 2.717 -0.16 -1.812 2.737 1.52 -1.68
1.1 0.621 0.535 0.113 0.090 100.94 2.717 -0.16 3.093 -1.506 1.37 -1.53
1.1 0.621 0.535 0.113 0.090 100.94 2.717 -0.16 -1.242 -0.744 0.38 -0.54
1.1 0.621 0.535 0.113 0.090 100.94 2.717 -0.16 0.479 1.775 0.69 -0.85
1.1 0.621 0.535 0.113 0.090 100.94 2.717 -0.16 -0.009 0.001 -8.03 7.86
1.1 0.621 0.535 0.113 0.090 100.94 2.717 -0.16 2.194 3.627 -0.41 0.24
1.1 0.621 0.535 0.113 0.090 100.94 2.717 -0.16 2.194 3.627 -0.41 0.24
12.2 1.096 0.666 0.090 0.004 99.47 3.262 3.22 -1.233 3.563 2.79 0.43
12.2 1.096 0.666 0.090 0.004 99.47 3.262 3.22 3.925 -1.119 1.29 1.93
12.2 1.096 0.666 0.090 0.004 99.47 3.262 3.22 -0.323 2.374 1.26 1.96
12.1 1.102 0.683 0.082 0.006 155.70 3.262 3.16 -0.317 2.393 1.23 1.93
12.1 1.102 0.683 0.082 0.006 155.70 3.262 3.16 3.938 -1.077 1.29 1.86
10.2 1.090 0.503 0.044 0.011 39.38 3.411 2.42 3.886 -1.513 1.21 1.21
10.2 1.090 0.503 0.044 0.011 39.38 3.411 2.42 -0.501 2.254 1.88 0.55
10.1 1.104 0.481 0.053 0.009 68.82 3.411 2.48 3.900 -1.557 1.20 1.28
10.1 1.104 0.481 0.053 0.009 68.82 3.411 2.48 -0.998 2.479 2.81 -0.33
10.1 1.104 0.481 0.053 0.009 68.82 3.411 2.48 -0.622 2.277 2.48 -0.00
5.2 1.078 0.417 0.046 0.027 156.79 3.536 1.18 -0.568 2.171 2.23 -1.05
5.2 1.078 0.417 0.046 0.027 156.79 3.536 1.18 -1.025 2.372 2.60 -1.42
5.2 1.078 0.417 0.046 0.027 156.79 3.536 1.18 -0.021 0.006 -7.53 8.71
5.2 1.078 0.417 0.046 0.027 156.79 3.536 1.18 -1.214 -0.247 0.18 1.00
5.2 1.078 0.417 0.046 0.027 156.79 3.536 1.18 3.855 -1.717 1.18 -0.00
5.1 1.056 0.511 0.048 0.024 78.22 3.536 1.14 -1.264 2.757 2.17 -1.03
5.1 1.056 0.511 0.048 0.024 78.22 3.536 1.14 3.854 -1.523 1.23 -0.08
5.1 1.056 0.511 0.048 0.024 78.22 3.536 1.14 -1.160 -0.348 0.06 1.08
5.1 1.056 0.511 0.048 0.024 78.22 3.536 1.14 -0.020 0.003 -7.59 8.74
5.1 1.056 0.511 0.048 0.024 78.22 3.536 1.14 -0.344 2.207 1.42 -0.28
3.2 0.534 -0.032 0.061 0.004 7.09 3.601 3.26 2.793 -2.796 1.17 2.09
3.2 0.534 -0.032 0.061 0.004 7.09 3.601 3.26 0.169 1.356 0.07 3.19
3.2 0.534 -0.032 0.061 0.004 7.09 3.601 3.26 -0.007 0.017 -7.76 11.02
3.2 0.534 -0.032 0.061 0.004 7.09 3.601 3.26 -2.106 0.859 3.37 -0.11
3.1 0.513 -0.036 0.061 0.003 2.86 3.601 3.68 2.753 -2.812 1.17 2.51
3.1 0.513 -0.036 0.061 0.003 2.86 3.601 3.68 0.186 1.340 0.03 3.65
3.1 0.513 -0.036 0.061 0.003 2.86 3.601 3.68 -0.007 0.017 -7.76 11.45
3.1 0.513 -0.036 0.061 0.003 2.86 3.601 3.68 -2.131 0.790 3.68 0.00
2.3 1.060 0.435 0.046 0.027 156.93 3.728 1.19 -0.411 2.148 1.59 -0.40
2.3 1.060 0.435 0.046 0.027 156.93 3.728 1.19 -1.197 2.528 2.21 -1.02
2.3 1.060 0.435 0.046 0.027 156.93 3.728 1.19 -0.020 0.005 -7.59 8.78
2.3 1.060 0.435 0.046 0.027 156.93 3.728 1.19 -1.226 -0.283 0.18 1.01
2.3 1.060 0.435 0.046 0.027 156.93 3.728 1.19 3.853 -1.707 1.19 -0.00
2.2 1.103 0.534 0.091 0.009 90.96 3.728 2.45 3.949 -1.477 1.22 1.22
2.2 1.103 0.534 0.091 0.009 90.96 3.728 2.45 -0.417 2.281 1.52 0.93
2.1 1.105 0.505 0.046 0.012 70.59 3.728 2.71 3.942 -1.540 1.21 1.49
2.1 1.105 0.505 0.046 0.012 70.59 3.728 2.71 -0.466 2.264 1.68 1.02
11.2 1.029 0.481 0.057 0.020 22.35 3.777 2.06 -0.261 2.153 1.26 0.80
11.2 1.029 0.481 0.057 0.020 22.35 3.777 2.06 3.829 -1.622 1.22 0.83
11.2 1.029 0.481 0.057 0.020 22.35 3.777 2.06 -0.019 0.004 -7.66 9.72
11.2 1.029 0.481 0.057 0.020 22.35 3.777 2.06 -1.213 -0.351 0.14 1.92
11.2 1.029 0.481 0.057 0.020 22.35 3.777 2.06 -1.338 2.754 2.06 -0.00
11.1 1.061 0.442 0.062 0.020 74.24 3.777 1.54 3.862 -1.696 1.20 0.34
11.1 1.061 0.442 0.062 0.020 74.24 3.777 1.54 -1.218 2.568 2.19 -0.65
11.1 1.061 0.442 0.062 0.020 74.24 3.777 1.54 -1.223 -0.290 0.17 1.37
11.1 1.061 0.442 0.062 0.020 74.24 3.777 1.54 -0.020 0.005 -7.60 9.14
11.1 1.061 0.442 0.062 0.020 74.24 3.777 1.54 -0.396 2.155 1.54 -0.00
4.2 1.055 0.441 0.046 0.027 156.97 3.841 1.20 -0.367 2.147 1.46 -0.27
4.2 1.055 0.441 0.046 0.027 156.97 3.841 1.20 -1.247 2.591 2.15 -0.95
4.2 1.055 0.441 0.046 0.027 156.97 3.841 1.20 -0.020 0.005 -7.61 8.81
4.2 1.055 0.441 0.046 0.027 156.97 3.841 1.20 -1.231 -0.295 0.18 1.02
4.2 1.055 0.441 0.046 0.027 156.97 3.841 1.20 3.859 -1.706 1.20 0.00
4.1 1.121 0.496 0.044 0.010 83.31 3.841 2.37 3.973 -1.566 1.20 1.16
4.1 1.121 0.496 0.044 0.010 83.31 3.841 2.37 -0.512 2.281 1.82 0.55
