#REFERENCE 3 87.3042528 -62.0775655
1.1 0.6205874 0.5348501 0.113497 0.090484 100.93561 2.7173 -0.16 
1.2 0.7008464 0.5063138 0.085710 0.042710 68.91555 2.7173 0.84 
1.3 0.6024298 0.5037023 0.166312 0.136507 149.52798 2.7173 -0.48 
1.4 0.6627803 0.6063195 0.056985 0.026675 0.68969 2.7173 1.53 
1.5 0.7066774 0.5574662 0.089572 0.056782 32.78896 2.7173 0.28 
1.6 0.5787892 0.5977024 0.056463 0.029835 157.36731 2.7173 1.42 
2.1 1.1046596 0.5049956 0.045502 0.011927 70.59279 3.7280 2.71 
2.2 1.1029415 0.5338607 0.091192 0.009334 90.95674 3.7280 2.45 
2.3 1.0595136 0.4347752 0.046196 0.026838 156.93164 3.7280 1.19 
3.1 0.5133556 -0.0359552 0.060810 0.003449 2.86366 3.6014 3.68 
3.2 0.5343136 -0.0316081 0.060914 0.004477 7.09246 3.6014 3.26 
4.1 1.1208929 0.4956893 0.043803 0.009915 83.31408 3.8408 2.37 
4.2 1.0547373 0.4410333 0.046168 0.026750 156.96828 3.8408 1.20 
5.1 1.0558304 0.5108064 0.047862 0.023670 78.22210 3.5359 1.14 
5.2 1.0782227 0.4170754 0.046306 0.027091 156.79205 3.5359 1.18 
6.1 0.5658777 0.4863402 0.049586 0.027311 151.72911 2.6792 1.36 
6.2 0.6551886 0.4086991 0.084535 0.044871 28.74546 2.6792 0.54 
6.3 0.5993185 0.4086522 0.044036 0.025629 4.48768 2.6792 1.56 
6.4 0.6647608 0.3484010 0.066548 0.037195 70.88598 2.6792 0.65 
9.1 0.2739569 0.4827946 0.049889 0.025482 142.23056 2.5298 1.50 
9.2 0.2241013 0.3517496 0.052042 0.026102 176.80772 2.5298 1.45 
9.3 0.3203844 0.4070921 0.076520 0.032476 38.26341 2.5298 0.80 
10.1 1.1041407 0.4812107 0.053264 0.008868 68.81884 3.4109 2.48 
10.2 1.0896722 0.5032519 0.044369 0.011206 39.37635 3.4109 2.42 
11.1 1.0607451 0.4421887 0.061597 0.020358 74.23813 3.7767 1.54 
11.2 1.0286501 0.4814485 0.056884 0.020022 22.35018 3.7767 2.06 
12.1 1.1015389 0.6831141 0.081539 0.005554 155.70318 3.2615 3.16 
12.2 1.0956943 0.6663533 0.089774 0.004349 99.46650 3.2615 3.22 
