#REFERENCE 0 181.5652550 -8.8060840
2.1 181.5655954 -8.8076897 0.100000 0.100000 122.42507 4.5000 -0.00 
3.1 181.5665887 -8.8054142 0.421429 0.050850 85.66445 4.5000 -0.68 
3.1 181.5663564 -8.8063506 0.363752 0.062117 122.49015 4.5000 -0.74 
3.1 181.5667339 -8.8045834 0.343210 0.058900 76.43848 4.5000 -0.62 
3.1 181.5667133 -8.8047310 0.287955 0.066110 132.35224 4.5000 -0.55 
3.1 181.5656825 -8.8075678 0.107001 0.107000 128.09158 4.5000 -0.00 
3.2 181.5665864 -8.8047882 0.181485 0.037550 168.87160 4.5000 0.39 
3.2 181.5665452 -8.8052083 0.227914 0.047895 66.07659 4.5000 -0.12 
3.2 181.5656201 -8.8075413 0.159191 0.038846 161.41964 4.5000 0.50 
3.2 181.5666713 -8.8044670 0.137804 0.042481 33.62299 4.5000 0.56 
3.2 181.5662540 -8.8064423 0.099001 0.098999 158.26473 4.5000 -0.00 
2.2 181.5655539 -8.8076048 0.148345 0.033115 162.40428 4.5000 0.66 
2.2 181.5665082 -8.8052713 0.205946 0.049088 65.32773 4.5000 -0.12 
2.2 181.5665567 -8.8047425 0.153827 0.044739 175.37556 4.5000 0.29 
2.2 181.5666281 -8.8045093 0.129357 0.052878 24.98239 4.5000 0.30 
2.2 181.5662762 -8.8063245 0.095004 0.094999 142.17597 4.5000 -0.00 
2.3 181.5655089 -8.8075974 0.198774 0.024650 145.88872 4.5000 0.92 
2.3 181.5662231 -8.8063532 0.202738 0.040463 89.35525 4.5000 0.36 
2.3 181.5665876 -8.8044658 0.142479 0.041788 153.47029 4.5000 0.71 
2.3 181.5664918 -8.8047824 0.123599 0.064719 34.17601 4.5000 0.39 
2.3 181.5664717 -8.8051514 0.106999 0.106999 154.39129 4.5000 0.00 
2.4 181.5654583 -8.8076392 0.106992 0.026232 152.95430 4.5000 0.78 
2.4 181.5664409 -8.8051891 0.124250 0.056564 69.67226 4.5000 -0.21 
2.4 181.5662294 -8.8062740 0.103584 0.050080 88.83751 4.5000 0.12 
2.4 181.5665453 -8.8045052 0.096413 0.051005 150.87758 4.5000 0.17 
2.4 181.5664704 -8.8047361 0.076001 0.075993 8.30480 4.5000 0.00 
2.5 181.5664456 -8.8051502 0.252065 0.064293 77.16291 4.5000 -0.61 
2.5 181.5654694 -8.8076220 0.120001 0.053098 155.18317 4.5000 0.40 
2.5 181.5664665 -8.8047668 0.159118 0.077315 125.07071 4.5000 -0.31 
2.5 181.5662178 -8.8063094 0.145192 0.076668 112.73661 4.5000 -0.21 
2.5 181.5665554 -8.8044808 0.096002 0.096000 117.24557 4.5000 -0.00 
3.5 181.5655461 -8.8075285 0.153685 0.057491 141.02399 4.5000 -0.19 
3.5 181.5661692 -8.8064762 0.182587 0.069122 109.03865 4.5000 -0.58 
3.5 181.5666058 -8.8043978 0.085999 0.085996 28.70664 4.5000 0.00 
3.4 181.5655029 -8.8075953 0.137171 0.029375 146.65467 4.5000 0.61 
3.4 181.5662147 -8.8063585 0.142615 0.046632 93.15420 4.5000 0.06 
3.4 181.5665821 -8.8044589 0.097827 0.049011 154.36324 4.5000 0.42 
3.4 181.5664661 -8.8051293 0.134488 0.073594 77.89541 4.5000 -0.37 
3.4 181.5664825 -8.8047931 0.084010 0.083998 106.07843 4.5000 -0.00 
3.3 181.5655626 -8.8075443 0.189516 0.019763 143.76914 4.5000 0.95 
3.3 181.5662041 -8.8064475 0.187779 0.030022 92.48501 4.5000 0.51 
3.3 181.5666233 -8.8044279 0.109160 0.031216 159.90265 4.5000 1.06 
3.3 181.5665127 -8.8048331 0.105742 0.060369 18.67620 4.5000 0.38 
3.3 181.5665008 -8.8050881 0.095001 0.094994 44.03540 4.5000 0.00 
