1 -5437.896979 0.615646 38.067092 10.516715 35.954699 0.000000
1 -17.309584 0.269805 88.350697 7.263500 385.800422 0.000000
1 -5438.616088 0.735835 69.124491 7.162891 451.282822 0.000000
1 -5440.282923 0.605898 13.519127 11.208712 304.800109 0.000000
1 -5439.464545 0.098876 45.687288 1.335415 118.953036 0.000000
1 -5437.899594 0.281598 9.971892 8.016941 38.628117 0.000000
1 -1931.537022 0.553487 41.251392 0.858287 349.411931 0.000000
1 -5438.054775 0.777299 -18.537952 12.707933 174.881699 0.000000
1 -5438.075964 0.348167 41.718583 7.174413 149.283697 0.000000
1 -5438.057583 0.343038 41.553709 10.331957 172.768822 0.000000
1 -5437.762349 0.797278 30.250625 3.465992 418.760242 -0.548827
1 -5437.984687 0.437269 -33.597995 1.767794 377.905273 -0.548827
1 -5437.957453 0.356428 27.969932 4.938524 493.936802 -0.548827
1 -20.996399 0.373075 -54.590771 0.439190 158.792511 -0.548827
1 -11.136489 0.560096 87.876732 7.087315 405.409154 -0.548827
1 -5438.111307 0.041060 -35.541954 12.099962 213.126419 -0.548827
1 -5440.696711 0.799875 45.545518 8.336298 281.479260 -0.548827
1 -1824.937868 0.559748 49.346614 12.896415 409.128490 -0.548827
1 -5437.983095 0.267823 33.127662 1.466721 408.838071 -0.548827
1 -1830.674384 0.446504 -55.323759 4.442218 428.430350 -0.548827
1 -1834.924542 0.263658 -40.065046 9.561210 420.699715 -0.859319
1 -21.252577 0.637863 21.976933 12.337645 415.885742 -0.859319
1 -1821.324338 0.674300 61.707953 2.378210 227.960887 -0.859319
1 -167.555333 0.145034 53.549202 0.544340 261.279169 -0.859319
1 -5437.891705 0.082864 25.725631 13.135980 12.468079 -0.859319
1 -22.331039 0.033940 -74.830344 7.484910 373.439785 -0.859319
1 -3671.464496 0.738983 -55.702702 8.343654 343.400588 -0.859319
1 -5439.711485 0.591240 43.264204 10.974375 457.542075 -0.859319
1 -10.806141 0.432883 86.318572 6.732029 371.965002 -0.859319
1 -5437.896623 0.587981 -38.169696 13.558245 43.039292 -0.859319
1 -5437.966775 0.233170 54.587214 8.353917 117.322852 -1.182934
1 -1830.993474 0.638953 22.872843 12.047183 426.268420 -1.182934
1 -5438.162204 0.065335 7.591910 10.900735 213.696111 -1.182934
1 -5444.270822 0.324144 60.700459 2.265793 179.537393 -1.182934
1 -5437.930707 0.687360 30.393020 4.285352 54.999094 -1.182934
1 -1883.238610 0.776876 34.308532 3.197396 469.961575 -1.182934
1 -11.190040 0.434479 87.737952 6.673565 367.377507 -1.182934
1 -11.840172 0.180751 76.462448 6.750425 336.961833 -1.182934
1 -25.765593 0.499426 79.609395 1.122026 220.654036 -1.182934
1 -307.179202 0.422941 11.569852 3.924583 440.560666 -1.182934
1 -5437.938612 0.219428 36.111283 9.859615 100.673548 -1.398286
1 -120.607440 0.630850 -84.352406 0.991910 310.021196 -1.398286
1 -15.883473 0.526868 -34.186290 0.724241 133.713338 -1.398286
1 -18.886658 0.273429 -66.643439 0.051377 135.251747 -1.398286
1 -5437.942138 0.079827 -4.881730 12.817730 119.843072 -1.398286
1 -17.249515 0.606742 27.217734 5.698807 265.775550 -1.398286
1 -147.493089 0.418183 83.850303 0.423102 315.554897 -1.398286
1 -16.420269 0.395254 -49.351936 5.421544 308.602517 -1.398286
1 -5437.972690 0.364598 7.996746 4.706934 427.927089 -1.398286
1 -1826.760916 0.223961 81.470841 8.046771 349.620953 -1.398286
1 -5437.950159 0.177191 54.014597 10.302723 116.881606 -1.553714
1 -132.589782 0.625434 -81.623071 0.773843 308.580092 -1.553714
1 -11.385495 0.541091 -89.977039 9.038626 444.830791 -1.553714
1 -14.147136 0.398265 -26.301916 4.873827 265.014510 -1.553714
1 -5437.892262 0.131690 -2.553602 11.496468 16.920393 -1.553714
1 -14.794311 0.423409 6.591890 4.694580 262.699174 -1.553714
1 -18.899971 0.135071 -80.697942 5.886711 337.497922 -1.553714
1 -1836.911082 0.332216 88.783574 2.850647 312.343386 -1.553714
1 -25.383604 0.220144 -66.029569 5.470360 333.679694 -1.553714
1 -45.075706 0.115092 6.628567 1.178579 290.234860 -1.553714
1 -35.541563 0.155503 -68.359627 2.392559 321.308730 -1.621552
1 -12.066535 0.176626 -6.432061 5.073182 273.874175 -1.621552
1 -66.812361 0.480621 10.899905 1.247914 301.576862 -1.621552
1 -33.430176 0.046014 84.425003 5.916549 475.819620 -1.621552
1 -14.609010 0.209191 60.232217 0.074778 115.734854 -1.621552
1 -14.532175 0.365294 27.451233 3.275303 231.345411 -1.621552
1 -1823.289203 0.174621 -42.251500 6.918721 316.449007 -1.621552
1 -21.283136 0.598984 -53.244720 5.043897 303.684147 -1.621552
1 -3638.649815 0.042046 75.799558 6.577208 370.748062 -1.621552
1 -10.759258 0.544679 65.450571 4.187195 280.341199 -1.621552
1 -41.375188 0.251555 -80.592404 1.969578 290.566272 -1.787411
1 -20.442238 0.397080 -75.842502 4.915095 329.228045 -1.787411
1 -382.262833 0.260674 57.810050 0.378445 376.545214 -1.787411
1 -11.705936 0.030950 -32.573913 9.624428 389.293453 -1.787411
1 -15.126417 0.167836 72.726537 0.033707 112.870829 -1.787411
1 -5438.255385 0.716972 -2.518595 8.594504 390.083395 -1.787411
1 -1836.225435 0.245647 -55.832701 5.265668 281.646456 -1.787411
1 -27.391697 0.540885 -69.955702 8.078653 420.125704 -1.787411
1 -5439.515658 0.248343 -63.304820 4.539707 380.022648 -1.787411
1 -30.443944 0.477015 26.331534 7.001930 290.629420 -1.787411
1 -22.588238 0.563721 -64.879075 7.680041 394.485422 -1.810354
1 -21.156757 0.459248 -24.280724 5.076246 284.891420 -1.810354
1 -47.718383 0.443191 2.381420 1.334276 303.645509 -1.810354
1 -11.794985 0.038561 -29.270380 9.637466 388.160249 -1.810354
1 -26.280482 0.348621 -14.807273 1.697832 190.719468 -1.810354
1 -1831.222214 0.049679 65.222120 4.379941 302.652328 -1.810354
1 -13.213166 0.531699 -16.507741 4.971607 262.201060 -1.810354
1 -25.828929 0.217313 88.660365 0.090479 162.887736 -1.810354
1 -13.163095 0.465744 21.963653 5.788213 289.342516 -1.810354
1 -15.985480 0.262461 -48.383992 10.892953 434.057499 -1.810354
1 -36.674854 0.741458 -57.379657 5.177160 322.145630 -1.863272
1 -11.713904 0.359131 4.100755 6.139011 293.625631 -1.863272
1 -16.413035 0.191332 70.898751 7.111528 366.843105 -1.863272
1 -69.027844 0.084464 71.309748 0.718728 305.674972 -1.863272
1 -1825.767058 0.019021 43.940044 4.056167 282.857968 -1.863272
1 -85.437631 0.503743 -84.025190 1.314806 295.408333 -1.863272
1 -21.423217 0.138000 29.589678 3.073521 243.465992 -1.863272
1 -11.427034 0.397673 74.073552 0.872788 167.951565 -1.863272
1 -10.888161 0.284683 69.334843 9.692399 415.266365 -1.863272
1 -1905.435304 0.197147 35.321340 0.997870 314.913744 -1.863272
1 -20.299846 0.497293 -12.914584 4.293601 257.233326 -1.896138
1 -15.240978 0.625185 20.178365 13.558406 425.240233 -1.896138
1 -12.773873 0.187274 -85.157211 7.492679 356.855212 -1.896138
1 -11.836721 0.392268 -2.630824 7.151302 313.059430 -1.896138
1 -11.183859 0.099637 33.667357 5.146943 287.666606 -1.896138
1 -1981.814350 0.378194 -2.221911 3.004062 212.244662 -1.896138
1 -22.861034 0.709097 -37.477832 12.064619 425.895783 -1.896138
1 -12.012803 0.365562 78.145223 0.905727 170.550757 -1.896138
1 -11.029016 0.373011 60.784920 7.963963 373.007015 -1.896138
1 -18.980377 0.509975 -12.935058 0.902819 162.723464 -1.896138
1 -15.437971 0.060817 -21.918303 9.083974 392.434427 -1.900790
1 -18.153246 0.702013 27.690869 11.276431 356.062277 -1.900790
1 -76.764148 0.513477 -44.562254 0.582330 331.677901 -1.900790
1 -11.638134 0.439267 2.339367 7.526793 317.048387 -1.900790
1 -11.775247 0.046350 37.012947 5.239327 287.217990 -1.900790
1 -16.548837 0.591717 32.616491 0.044271 98.519859 -1.900790
1 -38.604247 0.201272 -39.184542 1.416623 289.545720 -1.900790
1 -45.402972 0.361614 68.332377 2.439324 329.518357 -1.900790
1 -10.634952 0.389677 63.706142 7.866306 368.276391 -1.900790
1 -13.017093 0.204242 12.676796 5.871675 302.915413 -1.900790
1 -121.341294 0.356022 -77.957774 0.540485 295.775983 -1.908012
1 -12.515881 0.211143 7.483892 9.290892 359.908937 -1.908012
1 -16.766112 0.480926 -12.635351 12.859109 394.021223 -1.908012
1 -26.677509 0.242637 3.314123 0.527296 164.459860 -1.908012
1 -11.430862 0.769808 4.712072 7.378656 289.553946 -1.908012
1 -16.411038 0.793763 10.295177 13.258034 398.485755 -1.908012
1 -45.175248 0.371224 32.022324 2.051527 318.319393 -1.908012
1 -15.159850 0.604265 -18.225157 11.398888 390.232149 -1.908012
1 -13.823711 0.712112 74.994702 3.317169 275.718547 -1.908012
1 -11.878311 0.142088 -19.183505 8.744996 365.337314 -1.908012
1 -23.516391 0.089530 54.322430 11.215693 454.438681 -1.918003
1 -12.703811 0.360888 19.623438 8.599024 354.373311 -1.918003
1 -13.702976 0.639731 24.270740 5.171338 267.866340 -1.918003
1 -18.521024 0.245999 4.840615 1.197280 163.522350 -1.918003
1 -10.799268 0.774670 27.584681 6.217331 273.831483 -1.918003
1 -12.425558 0.092440 -20.406276 13.348027 447.091804 -1.918003
1 -55.025404 0.398371 27.165775 1.089242 310.996633 -1.918003
1 -52.582726 0.670391 -18.722750 0.566934 280.383349 -1.918003
1 -27.625573 0.427827 -18.560881 8.341010 364.992951 -1.918003
1 -13.606089 0.124678 -38.933238 8.519413 359.488869 -1.918003
1 -11.367559 0.176119 51.817336 11.291557 420.692584 -1.929777
1 -13.234457 0.328974 0.584313 12.881356 430.321449 -1.929777
1 -10.939724 0.673940 28.962810 6.873995 293.247649 -1.929777
1 -13.010432 0.249000 -43.135107 13.164061 460.136792 -1.929777
1 -11.408824 0.052813 12.298209 7.493305 342.600053 -1.929777
1 -32.224499 0.183874 41.263884 5.743858 469.410045 -1.929777
1 -39.892063 0.453699 -48.588211 1.965805 327.517534 -1.929777
1 -123.712905 0.716711 -82.640076 4.764514 362.305034 -1.929777
1 -12.166992 0.409413 35.780739 7.247334 317.745364 -1.929777
1 -15.222226 0.337143 -76.194943 4.440979 286.577646 -1.929777
1 -11.745571 0.155345 47.216181 11.288755 430.510665 -1.937748
1 -17.861730 0.330087 -41.263945 11.825623 445.791107 -1.937748
1 -19.772813 0.644884 71.084492 11.138252 444.533278 -1.937748
1 -18.205581 0.318738 -56.959222 13.391718 458.148830 -1.937748
1 -13.996445 0.024077 62.265066 8.792857 365.285386 -1.937748
1 -31.769158 0.181838 40.984740 5.732071 469.489922 -1.937748
1 -16.526593 0.105910 -16.671304 8.551332 378.944316 -1.937748
1 -21.071221 0.717751 25.346973 10.907225 344.677040 -1.937748
1 -12.122886 0.695359 -1.651277 5.822546 261.950819 -1.937748
1 -29.673006 0.354604 -37.571692 3.739688 268.449900 -1.937748
1 -13.474518 0.516398 85.470771 5.444758 355.723010 -1.945886
1 -34.496122 0.121972 5.270044 0.574482 174.435587 -1.945886
1 -16.846080 0.501581 -14.696605 1.360107 171.430209 -1.945886
1 -15.946374 0.267961 -58.141267 0.493224 134.451300 -1.945886
1 -13.084575 0.703002 50.607345 9.766184 392.970570 -1.945886
1 -32.343383 0.244513 39.154279 6.161541 491.896148 -1.945886
1 -17.901376 0.114523 -14.518313 8.734916 384.062448 -1.945886
1 -23.931786 0.720651 45.176954 12.403672 394.393604 -1.945886
1 -15.680337 0.694142 -11.056791 3.999695 231.652990 -1.945886
1 -13.368756 0.259319 79.169267 8.075528 371.021492 -1.945886
1 -16.437080 0.526230 84.210292 4.679855 335.947834 -1.954582
1 -11.513416 0.359711 46.648605 5.710293 305.748744 -1.954582
1 -34.094101 0.398418 -31.297154 1.718982 203.091054 -1.954582
1 -15.125778 0.152780 -21.434467 9.109435 385.619079 -1.954582
1 -27.060582 0.011675 -74.367365 11.791276 468.130626 -1.954582
1 -13.822155 0.093707 23.423603 13.055469 462.449335 -1.954582
1 -15.402650 0.758363 83.607390 1.933150 276.861125 -1.954582
1 -22.673168 0.685625 31.001258 9.171731 324.618863 -1.954582
1 -35.019616 0.549258 7.699926 0.395867 168.018180 -1.954582
1 -19.416393 0.310888 37.111037 7.705881 361.468024 -1.954582
1 -29.830016 0.382141 -70.469514 3.698174 292.439475 -1.963801
1 -15.608311 0.506211 54.051758 4.909042 276.295227 -1.963801
1 -44.831570 0.093286 -32.314847 0.039844 172.138934 -1.963801
1 -41.377690 0.794539 15.089449 0.943104 304.057384 -1.963801
1 -12.929945 0.274321 -35.880167 10.048513 389.855668 -1.963801
1 -16.597088 0.137927 44.136456 10.722407 430.814441 -1.963801
1 -20.009671 0.772231 81.560585 1.481614 264.686883 -1.963801
1 -12.627479 0.259435 -25.167393 11.560858 409.722354 -1.963801
1 -14.311471 0.733885 -10.362254 9.297986 321.512067 -1.963801
1 -15.203689 0.350548 37.819586 7.678584 353.381700 -1.963801
1 -16.756020 0.393228 -62.289353 5.510589 309.748919 -1.971798
1 -10.524466 0.499156 34.995581 4.612539 257.802272 -1.971798
1 -15.373230 0.196789 10.332610 0.222688 109.073884 -1.971798
1 -13.218610 0.011216 23.265044 10.244919 414.502424 -1.971798
1 -10.966088 0.445083 62.851978 10.664865 425.064684 -1.971798
1 -19.741285 0.556826 10.438002 1.426785 176.329413 -1.971798
1 -11.531334 0.769806 45.642080 7.648073 333.793729 -1.971798
1 -21.543454 0.360038 -42.388997 13.466546 480.944853 -1.971798
1 -55.761097 0.070943 23.267776 0.747949 288.523068 -1.971798
1 -18.285459 0.729399 -25.513102 6.546037 300.472058 -1.971798
1 -19.597547 0.557577 -35.940276 6.394562 318.268519 -1.978483
1 -13.153212 0.431532 23.271756 4.961545 257.866578 -1.978483
1 -15.216324 0.209407 17.958568 0.140436 106.497522 -1.978483
1 -12.226355 0.666091 9.657914 9.791066 333.140608 -1.978483
1 -17.235321 0.523824 57.708598 12.172013 468.772311 -1.978483
1 -14.338569 0.688199 80.399341 10.392837 473.595338 -1.978483
1 -20.609924 0.258967 63.529529 7.725026 386.294475 -1.978483
1 -17.435521 0.211007 -64.289244 11.616768 465.187131 -1.978483
1 -11.704246 0.519363 -2.288022 6.073229 278.549834 -1.978483
1 -20.459008 0.782593 -28.555693 6.617743 303.983588 -1.978483
1 -18.610640 0.187517 -4.294887 7.309375 346.792700 -2.001465
1 -14.857229 0.288922 46.856192 6.553420 311.174159 -2.001465
1 -13.798114 0.195168 17.072403 0.026471 111.874134 -2.001465
1 -37.409153 0.430349 -1.540559 1.935448 197.918789 -2.001465
1 -16.476625 0.480325 83.296762 0.596611 180.262599 -2.001465
1 -108.856322 0.000407 -58.490040 0.577026 221.591536 -2.001465
1 -19.214900 0.379246 41.018586 8.224157 373.042935 -2.001465
1 -51.915596 0.734533 -16.026436 0.182591 179.056549 -2.001465
1 -27.224745 0.598476 -54.963247 4.268766 421.669939 -2.001465
1 -31.436559 0.701651 -25.233515 7.280941 332.554728 -2.001465
1 -13.517364 0.355141 43.947247 7.368290 348.451113 -2.037876
1 -31.454522 0.164226 -54.010216 3.945542 392.984884 -2.037876
1 -18.919266 0.054660 31.727080 10.108220 379.177528 -2.037876
1 -34.919333 0.254348 -76.759319 1.778752 269.031405 -2.037876
1 -21.646670 0.330981 -85.068705 4.614192 287.693445 -2.037876
1 -14.164574 0.675794 -19.278068 0.934557 144.323891 -2.037876
1 -20.289276 0.619219 -30.040390 5.195278 282.154130 -2.037876
1 -22.801638 0.225627 56.196920 5.408302 285.303763 -2.037876
1 -29.703035 0.747104 68.661268 0.498718 210.789021 -2.037876
1 -19.060067 0.662544 5.047265 3.955005 237.407445 -2.037876
1 -10.707621 0.351057 31.786237 5.633088 288.076832 -2.082970
1 -19.894435 0.679551 -56.256885 11.168505 437.803735 -2.082970
1 -11.697800 0.044036 61.078609 8.690516 379.444650 -2.082970
1 -18.075280 0.445777 -30.119827 13.214667 417.351568 -2.082970
1 -19.128091 0.315395 73.693147 6.627594 368.601441 -2.082970
1 -14.000453 0.702312 -8.855837 0.616664 137.530002 -2.082970
1 -18.880374 0.668290 -9.613477 5.078644 264.819631 -2.082970
1 -22.110228 0.264848 41.508909 4.217234 250.277178 -2.082970
1 -11.435447 0.133797 67.639918 13.087280 471.413609 -2.082970
1 -11.583467 0.451403 68.247176 0.102736 143.039750 -2.082970
1 -17.123452 0.317954 31.148106 7.458957 348.267981 -2.206857
1 -24.067958 0.666485 -55.281373 11.356592 451.202342 -2.206857
1 -20.159668 0.404148 -15.836922 9.471356 379.795469 -2.206857
1 -13.799720 0.375747 -17.159020 13.532769 422.588216 -2.206857
1 -13.135359 0.218481 76.929879 9.366871 394.691347 -2.206857
1 -15.663312 0.650243 -11.187674 0.021937 126.273093 -2.206857
1 -57.458756 0.745192 -44.179844 1.337937 323.624963 -2.206857
1 -17.207031 0.636160 14.123873 7.916124 327.277334 -2.206857
1 -38.516929 0.293316 6.503447 3.771187 428.154890 -2.206857
1 -18.857096 0.395903 41.633955 8.576766 380.015159 -2.206857
1 -13.075185 0.367539 -78.357967 6.891539 361.210928 -2.387058
1 -17.270054 0.756408 -13.219712 13.502077 409.103853 -2.387058
1 -19.185348 0.215794 -13.885547 12.677311 452.831878 -2.387058
1 -15.967695 0.727644 -27.608061 9.653499 358.294410 -2.387058
1 -11.095422 0.564837 46.667218 7.147625 323.789994 -2.387058
1 -14.573664 0.633797 -21.726427 0.653295 128.170521 -2.387058
1 -33.861221 0.218123 56.285307 3.341440 355.049734 -2.387058
1 -20.894615 0.729563 14.775383 5.676367 281.218010 -2.387058
1 -12.278376 0.286526 52.726035 6.293410 313.260694 -2.387058
1 -19.696226 0.541099 42.152298 7.319654 312.431863 -2.387058
1 -12.444982 0.315858 -20.189059 13.272527 433.372689 -2.678080
1 -12.078601 0.043238 -5.690125 12.001270 439.266094 -2.678080
1 -20.319395 0.079881 -16.452221 12.150236 458.423184 -2.678080
1 -24.559129 0.497937 -69.005096 8.506027 425.711473 -2.678080
1 -17.149378 0.616077 15.920683 7.865860 328.553802 -2.678080
1 -14.246806 0.651783 -22.084194 0.411030 129.994205 -2.678080
1 -43.333530 0.187044 37.358382 2.903290 350.632710 -2.678080
1 -14.154486 0.274248 -14.575509 11.262741 390.709113 -2.678080
1 -13.144009 0.230142 -59.668510 9.849405 403.424563 -2.678080
1 -19.838240 0.161102 65.372394 6.584145 316.808714 -2.678080
1 -13.441262 0.050911 88.645883 13.538563 483.438894 -2.932543
1 -13.128968 0.055554 88.268944 12.853665 447.697702 -2.932543
1 -18.407437 0.325840 65.964098 12.879736 497.470624 -2.932543
1 -10.776221 0.464958 83.397793 11.705831 486.828391 -2.932543
1 -27.285752 0.739420 -59.427891 10.697758 444.612398 -2.932543
1 -42.755407 0.250252 -24.545027 1.907454 331.733966 -2.932543
1 -14.464354 0.441802 -4.379035 11.619405 402.109572 -2.932543
1 -13.521636 0.310724 -37.092688 8.862029 373.903981 -2.932543
1 -12.263333 0.206521 -67.289827 9.390167 402.965782 -2.932543
1 -19.171741 0.623066 -3.916374 9.894590 364.469542 -2.932543
1 -13.989944 0.010228 -64.169690 9.670304 382.526216 -3.104667
1 -14.888684 0.573621 89.730039 5.053038 332.459474 -3.104667
1 -19.413156 0.663757 -15.594967 6.039223 289.668564 -3.104667
1 -15.208365 0.492365 -86.170318 9.602863 472.844407 -3.104667
1 -12.639526 0.586091 33.653452 0.897995 157.215706 -3.104667
1 -14.921190 0.454366 -66.119738 12.272825 474.814296 -3.104667
1 -11.218176 0.380742 12.574613 12.339516 406.772474 -3.104667
1 -14.609355 0.135926 36.890888 10.310710 386.508245 -3.104667
1 -13.901155 0.149209 -42.086450 7.075007 329.213394 -3.104667
1 -13.938087 0.299249 -1.424575 0.329701 125.586838 -3.104667
1 -18.053042 0.187660 -26.633115 10.226095 412.913731 -3.321373
1 -12.948606 0.600036 -84.397236 4.384008 322.886699 -3.321373
1 -13.987876 0.664452 -14.756579 5.650393 271.578741 -3.321373
1 -13.953575 0.732994 59.873404 10.457290 426.624179 -3.321373
1 -17.341892 0.339820 -69.209166 11.730795 446.147100 -3.321373
1 -19.002863 0.241215 78.893060 7.214064 342.226433 -3.321373
1 -20.128558 0.495210 -31.354157 1.229804 168.934266 -3.321373
1 -12.786606 0.280723 -79.542465 6.501228 354.413624 -3.321373
1 -15.699555 0.003234 -69.302740 8.579344 357.413208 -3.321373
1 -19.495893 0.360028 -48.121141 0.203979 106.436475 -3.321373
1 -12.861076 0.403774 45.389676 4.757514 282.021143 -3.539843
1 -12.850903 0.614261 -14.418383 11.918144 387.238899 -3.539843
1 -12.187398 0.603371 9.315441 8.097215 320.731558 -3.539843
1 -15.460160 0.724392 -12.375009 13.014839 377.646562 -3.539843
1 -34.785661 0.036041 -88.143168 1.521449 261.195752 -3.539843
1 -11.965068 0.464611 -8.341987 6.758500 299.136680 -3.539843
1 -16.028760 0.496428 -39.480004 0.807187 146.900359 -3.539843
1 -13.480267 0.552336 -16.964957 11.981346 386.202000 -3.539843
1 -13.399764 0.007592 -25.607903 12.558418 459.151981 -3.539843
1 -15.903722 0.331659 -45.880203 0.099761 109.381748 -3.539843
1 -22.913100 0.332319 -14.768254 2.575164 216.659942 -3.737816
1 -15.653436 0.668235 74.588606 13.024563 499.799385 -3.737816
1 -12.261045 0.281785 -21.231011 6.294664 303.869183 -3.737816
1 -15.736422 0.045478 -22.630786 12.178313 455.098784 -3.737816
1 -20.494507 0.160046 -13.086852 2.348098 212.001427 -3.737816
1 -11.922687 0.646513 66.849310 10.501540 441.998327 -3.737816
1 -14.599925 0.456295 61.435621 1.677822 195.729679 -3.737816
1 -13.485125 0.651538 -3.229827 12.415401 373.666403 -3.737816
1 -14.019599 0.079982 -3.008234 12.867849 431.225817 -3.737816
1 -17.576742 0.330388 -41.918737 0.396029 116.975917 -3.737816
1 -15.740007 0.229227 2.304353 7.864915 325.020170 -3.936465
1 -15.253656 0.613962 -35.564857 8.500521 344.703209 -3.936465
1 -17.566928 0.498524 -5.950576 8.650698 349.705037 -3.936465
1 -12.458022 0.618101 2.837095 10.451528 360.654848 -3.936465
1 -13.523471 0.270518 -75.694072 3.264788 255.649438 -3.936465
1 -14.258935 0.716749 -26.426394 11.256062 378.830022 -3.936465
1 -16.873602 0.037859 -89.516050 4.147060 277.712610 -3.936465
1 -13.727482 0.756423 17.028914 11.837425 379.753348 -3.936465
1 -20.432288 0.301594 28.729310 2.233585 208.636314 -3.936465
1 -13.336850 0.612926 -5.623739 0.225484 118.498896 -3.936465
1 -14.606317 0.408813 39.613959 11.094318 389.690063 -4.124536
1 -13.852860 0.411449 -9.745129 7.647843 329.832271 -4.124536
1 -13.513700 0.089696 -53.104533 5.747306 315.639048 -4.124536
1 -12.186959 0.039800 -53.669419 9.088387 377.636607 -4.124536
1 -12.234310 0.271580 -79.547677 4.402343 285.331669 -4.124536
1 -14.759353 0.690685 -13.962942 12.625776 378.019821 -4.124536
1 -16.921407 0.215181 -73.516684 0.834244 169.409956 -4.124536
1 -11.533904 0.763409 13.957406 12.029266 361.900709 -4.124536
1 -20.197988 0.488503 -53.988134 6.505150 345.662732 -4.124536
1 -15.397324 0.683603 -29.708689 1.031793 146.781885 -4.124536
1 -12.900192 0.427025 -88.000630 10.460483 475.172445 -4.314238
1 -17.587199 0.546374 -76.315919 11.074153 494.801927 -4.314238
1 -11.835500 0.067141 -42.365125 10.987690 417.511394 -4.314238
1 -18.267592 0.419972 -13.053253 8.953854 364.722136 -4.314238
1 -16.926214 0.311217 -64.599174 3.820186 275.425218 -4.314238
1 -15.471638 0.226375 -27.212272 8.665621 350.522769 -4.314238
1 -12.319297 0.225786 -10.746867 6.447522 312.030501 -4.314238
1 -11.958983 0.147956 -24.475671 7.697239 344.504782 -4.314238
1 -14.212831 0.491007 -37.804095 13.357866 444.439791 -4.314238
1 -17.595367 0.589996 -41.363040 0.579563 126.470540 -4.314238
1 -12.882327 0.462074 87.805070 10.430810 480.145195 -4.498549
1 -12.583713 0.542687 78.477020 2.275347 234.197934 -4.498549
1 -12.191480 0.722006 56.641193 7.708899 347.345978 -4.498549
1 -15.228351 0.251057 -14.494255 11.334224 391.211713 -4.498549
1 -13.888039 0.644762 -12.499940 0.600660 125.611751 -4.498549
1 -21.073260 0.196994 -35.075028 2.849906 233.486631 -4.498549
1 -11.929871 0.096123 -39.213644 5.313367 295.034239 -4.498549
1 -11.379594 0.236350 46.947620 6.729829 322.518308 -4.498549
1 -18.677010 0.553192 -48.891120 12.912914 442.671828 -4.498549
1 -13.548064 0.626131 -15.264506 12.383073 397.420229 -4.498549
1 -15.954433 0.521428 -82.081166 10.541751 494.460463 -4.734584
1 -31.549156 0.518233 80.574078 2.018942 256.522209 -4.734584
1 -20.427918 0.579197 25.417306 3.061049 216.095336 -4.734584
1 -14.285955 0.406469 -31.828232 13.137619 429.114645 -4.734584
1 -16.516842 0.685669 -3.554596 0.185440 98.514091 -4.734584
1 -19.883280 0.208331 -37.841357 1.538992 187.851798 -4.734584
1 -12.841565 0.438747 -18.783134 9.062318 348.302130 -4.734584
1 -13.723849 0.365645 -79.289090 3.442200 261.389628 -4.734584
1 -13.812648 0.465646 -33.665384 10.525945 392.824566 -4.734584
1 -17.372332 0.154014 -40.893323 11.336015 406.214104 -4.734584
1 -11.239556 0.090507 29.474236 8.248198 359.249310 -4.953148
1 -12.136973 0.334294 -82.172577 7.303060 371.646414 -4.953148
1 -18.085662 0.295545 39.721970 6.015219 322.349203 -4.953148
1 -17.430242 0.156230 -8.241378 0.659666 147.329683 -4.953148
1 -14.580246 0.697604 -6.782686 0.564448 118.826110 -4.953148
1 -15.944110 0.252434 -48.312009 0.838451 149.582042 -4.953148
1 -12.026453 0.136072 -25.499057 12.879221 443.246780 -4.953148
1 -11.672290 0.382632 -0.683289 8.565330 337.896495 -4.953148
1 -13.368178 0.131222 -33.162238 11.347057 430.281305 -4.953148
1 -12.677997 0.084226 -7.946905 11.572658 430.198554 -4.953148
1 -12.172011 0.092664 -76.801276 7.953728 370.532127 -5.191873
1 -14.328049 0.643315 -24.532008 10.807912 378.468412 -5.191873
1 -12.077275 0.067912 -42.513897 5.933504 313.552875 -5.191873
1 -12.010454 0.148052 -21.737286 12.308165 433.807435 -5.191873
1 -14.984767 0.564574 -7.401802 0.683094 122.729360 -5.191873
1 -16.580557 0.361153 -57.904073 10.456554 412.343225 -5.191873
1 -13.811114 0.113946 -48.943796 13.196569 449.482433 -5.191873
1 -12.171741 0.596633 35.810723 5.703117 288.925982 -5.191873
1 -16.078884 0.134618 18.868693 5.518632 305.291622 -5.191873
1 -17.072081 0.455384 61.795303 10.765428 411.392794 -5.191873
1 -13.162094 0.503581 49.503788 11.274078 429.581380 -5.660976
1 -17.890802 0.799032 2.597534 4.781733 247.617779 -5.660976
1 -11.609482 0.035574 -29.506058 7.993536 356.710434 -5.660976
1 -17.139994 0.145102 -59.594201 11.951369 426.738112 -5.660976
1 -16.632890 0.561184 -2.183927 0.553484 141.520488 -5.660976
1 -12.986891 0.428605 31.800497 5.629614 277.503003 -5.660976
1 -11.665553 0.735380 20.851346 12.268708 371.601935 -5.660976
1 -13.835967 0.616264 29.956173 4.079321 245.635164 -5.660976
1 -11.321852 0.204271 87.425063 5.170853 307.584028 -5.660976
1 -12.497242 0.518731 58.474267 8.701779 391.206816 -5.660976
1 -14.299540 0.031804 -85.637074 11.261153 413.937069 -6.377584
1 -16.947981 0.109187 -43.745865 1.354575 180.442931 -6.377584
1 -11.835870 0.058291 -23.928621 7.294350 342.512799 -6.377584
1 -11.879413 0.068098 -37.520447 10.825307 416.777088 -6.377584
1 -13.773539 0.591494 -8.349893 0.686719 136.343756 -6.377584
1 -10.382435 0.509380 55.378324 0.330196 144.556883 -6.377584
1 -13.633677 0.715124 -10.981543 9.859048 333.663715 -6.377584
1 -14.060388 0.170540 10.339575 0.254666 123.965156 -6.377584
1 -13.231262 0.102432 69.306023 5.366767 309.347684 -6.377584
1 -17.024267 0.519313 56.416660 9.507365 378.718400 -6.377584
1 -10.692816 0.648238 39.551338 12.153204 410.349284 -7.056850
1 -16.285302 0.119454 -43.885361 1.459187 182.917895 -7.056850
1 -11.916614 0.087410 -18.697891 6.338243 318.105671 -7.056850
1 -12.267694 0.027964 -23.698366 4.749862 282.452479 -7.056850
1 -11.901158 0.003683 -12.749041 10.343102 411.252990 -7.056850
1 -10.240393 0.515653 55.070982 0.017802 133.687659 -7.056850
1 -10.822996 0.369327 45.494473 9.296669 381.656161 -7.056850
1 -13.877906 0.200838 9.562443 0.408319 125.460721 -7.056850
1 -13.557704 0.153330 -66.051723 5.629221 304.250212 -7.056850
1 -10.561764 0.597977 45.819677 10.035670 383.741678 -7.056850
1 -12.028656 0.103335 52.757591 11.797869 427.606028 -7.706024
1 -14.990157 0.105925 -41.108382 2.047420 199.766413 -7.706024
1 -12.432491 0.690131 8.307541 9.995858 347.986993 -7.706024
1 -14.542183 0.054676 -50.805316 2.838308 228.924069 -7.706024
1 -13.115089 0.308588 75.697961 11.564755 445.125669 -7.706024
1 -10.185996 0.516919 55.055262 0.037873 134.034942 -7.706024
1 -12.099474 0.084694 45.564925 5.106898 293.554879 -7.706024
1 -13.851761 0.195662 -0.757429 0.232095 119.798687 -7.706024
1 -13.036150 0.354579 -80.841644 8.813818 406.049162 -7.706024
1 -10.662945 0.599654 46.969902 10.051729 384.072292 -7.706024
1 -14.043035 0.075763 45.513254 10.515353 422.867060 -8.356737
1 -10.716453 0.371155 51.609041 12.149621 437.291560 -8.356737
1 -12.144099 0.793124 -4.689516 9.676017 329.086471 -8.356737
1 -12.297320 0.098764 -57.276958 4.155711 268.583946 -8.356737
1 -11.016471 0.291633 57.793914 11.605389 442.736203 -8.356737
1 -10.961144 0.555035 44.618916 0.039723 136.907492 -8.356737
1 -12.181066 0.061889 32.875501 7.375074 348.288046 -8.356737
1 -11.019525 0.201816 48.928923 12.932756 456.323455 -8.356737
1 -10.845934 0.408281 76.902361 5.641852 333.706427 -8.356737
1 -14.496264 0.654328 -6.964931 8.552673 312.425141 -8.356737
1 -11.339733 0.163555 27.969032 11.571576 422.271211 -9.455195
1 -11.425768 0.483549 -87.459178 6.775022 380.525456 -9.455195
1 -14.900777 0.009176 10.521625 11.706214 416.310841 -9.455195
1 -13.669853 0.117520 -73.370297 4.850880 282.712846 -9.455195
1 -10.619678 0.398062 40.976584 8.946912 365.501813 -9.455195
1 -12.995139 0.660924 67.342323 3.872010 280.652981 -9.455195
1 -10.713188 0.402793 57.761692 11.449760 438.683579 -9.455195
1 -11.595777 0.215854 -89.669989 10.891545 437.859968 -9.455195
1 -10.914832 0.413634 86.251246 6.025579 347.888788 -9.455195
1 -12.177135 0.655281 0.085910 7.352461 292.507165 -9.455195
1 -12.711798 0.702282 56.227803 8.722483 366.845924 -10.550908
1 -11.001500 0.208497 34.975811 12.520356 437.008893 -10.550908
1 -11.565243 0.029213 24.415221 12.090058 434.134674 -10.550908
1 -10.850142 0.561450 53.316160 3.470268 244.521044 -10.550908
1 -13.424038 0.276424 -83.468092 8.825355 394.971828 -10.550908
1 -11.296932 0.418241 7.830050 7.739060 321.578592 -10.550908
1 -11.509095 0.530615 60.926743 9.582972 411.179164 -10.550908
1 -11.935577 0.221373 -86.894121 11.010093 439.196171 -10.550908
1 -12.959831 0.286999 7.445097 7.408432 316.005882 -10.550908
1 -11.452019 0.625296 36.431377 6.963438 303.569469 -10.550908
1 -12.843230 0.097528 -60.249259 7.380875 356.263756 -11.636726
1 -11.327924 0.231290 40.589692 12.256541 428.576403 -11.636726
1 -11.272086 0.263537 69.233555 12.979900 480.988349 -11.636726
1 -10.628566 0.577610 35.752260 11.492159 397.640936 -11.636726
1 -11.390383 0.411568 5.597255 8.482564 336.387095 -11.636726
1 -12.057357 0.377028 -2.811407 11.292426 385.277065 -11.636726
1 -11.265761 0.593298 84.141274 11.254613 497.078147 -11.636726
1 -11.183923 0.307409 84.835712 10.048438 431.040713 -11.636726
1 -11.257685 0.378333 9.517189 6.817833 303.342551 -11.636726
1 -11.622231 0.676157 16.284048 7.800020 301.240485 -11.636726
1 -15.048847 0.079499 -73.350429 11.778760 457.263533 -12.732531
1 -11.461301 0.226034 37.517162 11.656746 427.645640 -12.732531
1 -11.148079 0.198240 70.254058 11.534447 447.608212 -12.732531
1 -11.147513 0.110042 71.692098 5.426052 301.767552 -12.732531
1 -11.665496 0.213420 26.979476 9.296991 378.070908 -12.732531
1 -11.359872 0.068355 73.439173 12.270504 448.388347 -12.732531
1 -11.804364 0.599018 -87.772977 10.497508 492.870261 -12.732531
1 -10.910996 0.301450 79.834132 9.204223 410.566929 -12.732531
1 -12.509237 0.019723 -21.627746 2.142279 200.078699 -12.732531
1 -11.017500 0.619134 16.140557 5.988260 275.246446 -12.732531
