#REFERENCE 3 87.3042530 -62.0775650
1	-0.423696	-0.439453	1.022336	2.332171	
1	-0.390625	-0.462645	0.942083	2.403329	
1	-0.390625	-0.462645	0.942083	2.403329	
1	-0.423696	-0.439453	1.022336	2.332171	
1	-0.439453	-0.428232	1.059922	2.296490	
1	-0.439453	-0.428232	1.059922	2.296490	
1	-0.484343	-0.390625	1.169753	2.182651	
1	-0.484343	-0.390625	1.169753	2.182651	
1	-0.488281	-0.386892	1.179530	2.171763	
1	-0.488281	-0.386892	1.179530	2.171763	
1	-0.533158	-0.341797	1.287381	2.042074	
1	-0.533158	-0.341797	1.287381	2.042074	
1	-0.537109	-0.336879	1.297371	2.029074	
1	-0.537109	-0.336879	1.297371	2.029074	
1	-0.574103	-0.292969	1.381251	1.911865	
1	-0.574103	-0.292969	1.381251	1.911865	
1	-0.585938	-0.274574	1.409978	1.867877	
1	-0.585938	-0.274574	1.409978	1.867877	
1	-0.608413	-0.244141	1.455095	1.793818	
1	-0.608413	-0.244141	1.455095	1.793818	
1	-0.634766	-0.196695	1.510584	1.692107	
1	-0.634766	-0.196695	1.510584	1.692107	
1	-0.635709	-0.195312	1.512111	1.689100	
1	-0.635709	-0.195312	1.512111	1.689100	
1	-0.662027	-0.146484	1.557586	1.592800	
1	-0.662027	-0.146484	1.557586	1.592800	
1	-0.681808	-0.097656	1.591739	1.508755	
1	-0.681808	-0.097656	1.591739	1.508755	
1	-0.683594	-0.091786	1.595187	1.499468	
1	-0.683594	-0.091786	1.595187	1.499468	
1	-0.701350	-0.048828	1.618057	1.432505	
1	-0.701350	-0.048828	1.618057	1.432505	
1	-0.716890	0.000000	1.637301	1.365403	
1	-0.716890	0.000000	1.637301	1.365403	
1	-0.729006	0.048828	1.650969	1.306158	
1	-0.729006	0.048828	1.650969	1.306158	
1	-0.732422	0.067560	1.654960	1.285375	
1	-0.732422	0.067560	1.654960	1.285375	
1	-0.740238	0.097656	1.660209	1.253463	
1	-0.740238	0.097656	1.660209	1.253463	
1	-0.749481	0.146484	1.665764	1.207053	
1	-0.749481	0.146484	1.665764	1.207053	
1	-0.756117	0.195312	1.668320	1.166360	
1	-0.756117	0.195312	1.668320	1.166360	
1	-0.760358	0.244141	1.668441	1.130761	
1	-0.760358	0.244141	1.668441	1.130761	
1	-0.762211	0.292969	1.666571	1.099736	
1	-0.762211	0.292969	1.666571	1.099736	
1	-0.761450	0.341797	1.663058	1.072812	
1	-0.761450	0.341797	1.663058	1.072812	
1	-0.757524	0.390625	1.658153	1.049521	
1	-0.757524	0.390625	1.658153	1.049521	
1	-0.749328	0.439453	1.651980	1.029348	
1	-0.749328	0.439453	1.651980	1.029348	
1	-0.734629	0.488281	1.644420	1.011626	
1	-0.734629	0.488281	1.644420	1.011626	
1	-0.732422	0.493855	1.643451	1.009726	
1	-0.732422	0.493855	1.643451	1.009726	
1	-0.712454	0.537109	1.635133	0.995883	
1	-0.712454	0.537109	1.635133	0.995883	
1	-0.683594	0.574445	1.625595	0.983958	
1	-0.683594	0.574445	1.625595	0.983958	
1	-0.671980	0.585938	1.621951	0.980185	
1	-0.671980	0.585938	1.621951	0.980185	
1	-0.634766	0.613776	1.610447	0.970250	
1	-0.634766	0.613776	1.610447	0.970250	
1	-0.589414	0.634766	1.595982	0.960681	
1	-0.589414	0.634766	1.595982	0.960681	
1	-0.585938	0.636138	1.594797	0.960000	
1	-0.585938	0.636138	1.594797	0.960000	
1	-0.537109	0.651995	1.576938	0.951125	
1	-0.537109	0.651995	1.576938	0.951125	
1	-0.488281	0.661956	1.556622	0.943356	
1	-0.488281	0.661956	1.556622	0.943356	
1	-0.439453	0.668126	1.533308	0.936531	
1	-0.439453	0.668126	1.533308	0.936531	
1	-0.390625	0.671612	1.506599	0.930709	
1	-0.390625	0.671612	1.506599	0.930709	
1	-0.341797	0.673041	1.476155	0.926063	
1	-0.341797	0.673041	1.476155	0.926063	
1	-0.292969	0.672778	1.441671	0.922837	
1	-0.292969	0.672778	1.441671	0.922837	
1	-0.244141	0.671027	1.402852	0.921339	
1	-0.244141	0.671027	1.402852	0.921339	
1	-0.195312	0.667884	1.359410	0.921937	
1	-0.195312	0.667884	1.359410	0.921937	
1	-0.146484	0.663359	1.311051	0.925058	
1	-0.146484	0.663359	1.311051	0.925058	
1	-0.097656	0.657387	1.257469	0.931201	
1	-0.097656	0.657387	1.257469	0.931201	
1	-0.048828	0.649826	1.198326	0.940950	
1	-0.048828	0.649826	1.198326	0.940950	
1	0.000000	0.640451	1.133229	0.954998	
1	0.000000	0.640451	1.133229	0.954998	
1	0.023517	0.634766	1.099455	0.963582	
1	0.023517	0.634766	1.099455	0.963582	
1	0.048828	0.630456	1.062329	0.974002	
1	0.048828	0.630456	1.062329	0.974002	
1	0.097656	0.620124	0.985877	0.998609	
1	0.097656	0.620124	0.985877	0.998609	
1	0.146484	0.607571	0.903042	1.029911	
1	0.146484	0.607571	0.903042	1.029911	
1	0.195312	0.592237	0.813320	1.069143	
1	0.195312	0.592237	0.813320	1.069143	
1	0.211984	0.585938	0.780743	1.084750	
1	0.211984	0.585938	0.780743	1.084750	
1	0.244141	0.576643	0.718930	1.116361	
1	0.244141	0.576643	0.718930	1.116361	
1	0.292969	0.559322	0.619652	1.172664	
1	0.292969	0.559322	0.619652	1.172664	
1	0.341797	0.537819	0.513854	1.240360	
1	0.341797	0.537819	0.513854	1.240360	
1	0.343235	0.537109	0.510633	1.242550	
1	0.343235	0.537109	0.510633	1.242550	
1	0.390625	0.516789	0.408229	1.316267	
1	0.390625	0.516789	0.408229	1.316267	
1	0.439453	0.490690	0.298364	1.404697	
1	0.439453	0.490690	0.298364	1.404697	
1	0.443667	0.488281	0.288854	1.412836	
1	0.443667	0.488281	0.288854	1.412836	
1	0.488281	0.463198	0.191357	1.501098	
1	0.488281	0.463198	0.191357	1.501098	
1	0.524972	0.439453	0.111809	1.580174	
1	0.524972	0.439453	0.111809	1.580174	
1	0.537109	0.430926	0.085807	1.607548	
1	0.537109	0.430926	0.085807	1.607548	
1	0.585938	0.394885	-0.013747	1.720274	
1	0.585938	0.394885	-0.013747	1.720274	
1	0.591865	0.390625	-0.024825	1.733678	
1	0.591865	0.390625	-0.024825	1.733678	
1	0.634766	0.353796	-0.105687	1.837710	
1	0.634766	0.353796	-0.105687	1.837710	
1	0.649518	0.341797	-0.130025	1.871445	
1	0.649518	0.341797	-0.130025	1.871445	
1	0.683594	0.306541	-0.188148	1.957612	
1	0.683594	0.306541	-0.188148	1.957612	
1	0.698447	0.292969	-0.209117	1.990989	
1	0.698447	0.292969	-0.209117	1.990989	
1	0.732422	0.251701	-0.259528	2.077641	
1	0.732422	0.251701	-0.259528	2.077641	
1	0.739901	0.244141	-0.268204	2.093665	
1	0.739901	0.244141	-0.268204	2.093665	
1	0.775740	0.195312	-0.312369	2.182167	
1	0.775740	0.195312	-0.312369	2.182167	
1	0.781250	0.184703	-0.319935	2.198801	
1	0.781250	0.184703	-0.319935	2.198801	
1	0.807092	0.146484	-0.345060	2.258541	
1	0.807092	0.146484	-0.345060	2.258541	
1	0.829882	0.097656	-0.368210	2.322741	
1	0.829882	0.097656	-0.368210	2.322741	
1	0.830078	0.097024	-0.368455	2.323489	
1	0.830078	0.097024	-0.368455	2.323489	
1	0.850796	0.048828	-0.384781	2.379093	
1	0.850796	0.048828	-0.384781	2.379093	
1	0.863982	0.000000	-0.395655	2.427148	
1	0.863982	0.000000	-0.395655	2.427148	
1	0.870786	-0.048828	-0.402180	2.468927	
1	0.870786	-0.048828	-0.402180	2.468927	
1	0.871667	-0.097656	-0.405178	2.505757	
1	0.871667	-0.097656	-0.405178	2.505757	
1	0.866255	-0.146484	-0.405171	2.538662	
1	0.866255	-0.146484	-0.405171	2.538662	
1	0.853214	-0.195312	-0.402438	2.568653	
1	0.853214	-0.195312	-0.402438	2.568653	
1	0.830078	-0.243530	-0.396991	2.596655	
1	0.830078	-0.243530	-0.396991	2.596655	
1	0.829812	-0.244141	-0.396905	2.596993	
1	0.829812	-0.244141	-0.396905	2.596993	
1	0.800411	-0.292969	-0.388340	2.624010	
1	0.800411	-0.292969	-0.388340	2.624010	
1	0.781250	-0.315326	-0.383003	2.636709	
1	0.781250	-0.315326	-0.383003	2.636709	
1	0.758800	-0.341797	-0.375696	2.651269	
1	0.758800	-0.341797	-0.375696	2.651269	
1	0.732422	-0.366017	-0.367272	2.665375	
1	0.732422	-0.366017	-0.367272	2.665375	
1	0.704370	-0.390625	-0.357262	2.679603	
1	0.704370	-0.390625	-0.357262	2.679603	
1	0.683594	-0.405874	-0.349720	2.689003	
1	0.683594	-0.405874	-0.349720	2.689003	
1	0.634766	-0.438271	-0.330242	2.709557	
1	0.634766	-0.438271	-0.330242	2.709557	
1	0.632940	-0.439453	-0.329452	2.710301	
1	0.632940	-0.439453	-0.329452	2.710301	
1	0.585938	-0.466915	-0.308161	2.728320	
1	0.585938	-0.466915	-0.308161	2.728320	
1	0.540986	-0.488281	-0.286025	2.743783	
1	0.540986	-0.488281	-0.286025	2.743783	
1	0.537109	-0.490023	-0.284002	2.745061	
1	0.537109	-0.490023	-0.284002	2.745061	
1	0.488281	-0.511519	-0.256735	2.760495	
1	0.488281	-0.511519	-0.256735	2.760495	
1	0.439453	-0.528742	-0.226949	2.774164	
1	0.439453	-0.528742	-0.226949	2.774164	
1	0.411750	-0.537109	-0.208746	2.781180	
1	0.411750	-0.537109	-0.208746	2.781180	
1	0.390625	-0.543630	-0.194029	2.786211	
1	0.390625	-0.543630	-0.194029	2.786211	
1	0.341797	-0.556967	-0.157683	2.796478	
1	0.341797	-0.556967	-0.157683	2.796478	
1	0.292969	-0.567369	-0.118009	2.804658	
1	0.292969	-0.567369	-0.118009	2.804658	
1	0.244141	-0.575205	-0.074685	2.810520	
1	0.244141	-0.575205	-0.074685	2.810520	
1	0.195312	-0.580760	-0.027402	2.813738	
1	0.195312	-0.580760	-0.027402	2.813738	
1	0.146484	-0.584245	0.024123	2.813908	
1	0.146484	-0.584245	0.024123	2.813908	
1	0.097656	-0.585795	0.080145	2.810552	
1	0.097656	-0.585795	0.080145	2.810552	
1	0.048828	-0.585466	0.140893	2.803119	
1	0.048828	-0.585466	0.140893	2.803119	
1	0.000000	-0.583217	0.206583	2.790983	
1	0.000000	-0.583217	0.206583	2.790983	
1	-0.048828	-0.578891	0.277447	2.773424	
1	-0.048828	-0.578891	0.277447	2.773424	
1	-0.097656	-0.572178	0.353798	2.749589	
1	-0.097656	-0.572178	0.353798	2.749589	
1	-0.146484	-0.562571	0.436117	2.718400	
1	-0.146484	-0.562571	0.436117	2.718400	
1	-0.195312	-0.549305	0.525198	2.678395	
1	-0.195312	-0.549305	0.525198	2.678395	
1	-0.228848	-0.537109	0.591308	2.644539	
1	-0.228848	-0.537109	0.591308	2.644539	
1	-0.244141	-0.532770	0.620918	2.628221	
1	-0.244141	-0.532770	0.620918	2.628221	
1	-0.292969	-0.514499	0.721265	2.567547	
1	-0.292969	-0.514499	0.721265	2.567547	
1	-0.341797	-0.489658	0.830491	2.491807	
1	-0.341797	-0.489658	0.830491	2.491807	
1	-0.344085	-0.488281	0.835884	2.487797	
1	-0.344085	-0.488281	0.835884	2.487797	
2	1.863983	2.148438	0.532768	2.221517	
2	1.863983	2.148438	0.532768	2.221517	
2	1.855469	2.155215	0.542404	2.217231	
2	1.855469	2.155215	0.542404	2.217231	
2	1.806641	2.196441	0.599708	2.191283	
2	1.806641	2.196441	0.599708	2.191283	
2	1.805695	2.197266	0.600846	2.190759	
2	1.805695	2.197266	0.600846	2.190759	
2	1.757812	2.234675	0.657390	2.164235	
2	1.757812	2.234675	0.657390	2.164235	
2	1.743570	2.246094	0.674534	2.155992	
2	1.743570	2.246094	0.674534	2.155992	
2	1.708984	2.271362	0.715370	2.135945	
2	1.708984	2.271362	0.715370	2.135945	
2	1.677304	2.294922	0.753107	2.116868	
2	1.677304	2.294922	0.753107	2.116868	
2	1.660156	2.306767	0.773134	2.106515	
2	1.660156	2.306767	0.773134	2.106515	
2	1.611328	2.340744	0.829998	2.076195	
2	1.611328	2.340744	0.829998	2.076195	
2	1.606884	2.343750	0.835101	2.073404	
2	1.606884	2.343750	0.835101	2.073404	
2	1.562500	2.372474	0.885001	2.045477	
2	1.562500	2.372474	0.885001	2.045477	
2	1.531088	2.392578	0.919566	2.025423	
2	1.531088	2.392578	0.919566	2.025423	
2	1.513672	2.403500	0.938345	2.014274	
2	1.513672	2.403500	0.938345	2.014274	
2	1.464844	2.433172	0.989304	1.983074	
2	1.464844	2.433172	0.989304	1.983074	
2	1.450516	2.441406	1.003654	1.974031	
2	1.450516	2.441406	1.003654	1.974031	
2	1.416016	2.461478	1.037545	1.952206	
2	1.416016	2.461478	1.037545	1.952206	
2	1.367188	2.489044	1.083121	1.921783	
2	1.367188	2.489044	1.083121	1.921783	
2	1.364859	2.490234	1.085177	1.920381	
2	1.364859	2.490234	1.085177	1.920381	
2	1.318359	2.515096	1.125542	1.892312	
2	1.318359	2.515096	1.125542	1.892312	
2	1.271933	2.539062	1.163166	1.865201	
2	1.271933	2.539062	1.163166	1.865201	
2	1.269531	2.540392	1.165087	1.863792	
2	1.269531	2.540392	1.165087	1.863792	
2	1.220703	2.564507	1.201585	1.836543	
2	1.220703	2.564507	1.201585	1.836543	
2	1.171875	2.587587	1.235171	1.810663	
2	1.171875	2.587587	1.235171	1.810663	
2	1.171136	2.587891	1.235643	1.810293	
2	1.171136	2.587891	1.235643	1.810293	
2	1.123047	2.609803	1.266024	1.786199	
2	1.123047	2.609803	1.266024	1.786199	
2	1.074219	2.630766	1.294155	1.763323	
2	1.074219	2.630766	1.294155	1.763323	
2	1.058441	2.636719	1.302511	1.756425	
2	1.058441	2.636719	1.302511	1.756425	
2	1.025391	2.650922	1.319891	1.741929	
2	1.025391	2.650922	1.319891	1.741929	
2	0.976562	2.669928	1.343306	1.722102	
2	0.976562	2.669928	1.343306	1.722102	
2	0.932692	2.685547	1.362398	1.705705	
2	0.932692	2.685547	1.362398	1.705705	
2	0.927734	2.687602	1.364552	1.703844	
2	0.927734	2.687602	1.364552	1.703844	
2	0.878906	2.704822	1.384067	1.686886	
2	0.878906	2.704822	1.384067	1.686886	
2	0.830078	2.720592	1.401778	1.671390	
2	0.830078	2.720592	1.401778	1.671390	
2	0.783108	2.734375	1.417304	1.657768	
2	0.783108	2.734375	1.417304	1.657768	
2	0.781250	2.735019	1.417918	1.657229	
2	0.781250	2.735019	1.417918	1.657229	
2	0.732422	2.749248	1.432923	1.644089	
2	0.732422	2.749248	1.432923	1.644089	
2	0.683594	2.762203	1.446722	1.632081	
2	0.683594	2.762203	1.446722	1.632081	
2	0.634766	2.774037	1.459521	1.621066	
2	0.634766	2.774037	1.459521	1.621066	
2	0.593266	2.783203	1.469731	1.612403	
2	0.593266	2.783203	1.469731	1.612403	
2	0.585938	2.785080	1.471536	1.610885	
2	0.585938	2.785080	1.471536	1.610885	
2	0.537109	2.796021	1.483019	1.601344	
2	0.537109	2.796021	1.483019	1.601344	
2	0.488281	2.806232	1.493993	1.592436	
2	0.488281	2.806232	1.493993	1.592436	
2	0.439453	2.815917	1.504615	1.584032	
2	0.439453	2.815917	1.504615	1.584032	
2	0.390625	2.825269	1.515031	1.576006	
2	0.390625	2.825269	1.515031	1.576006	
2	0.354453	2.832031	1.522687	1.570239	
2	0.354453	2.832031	1.522687	1.570239	
2	0.341797	2.834508	1.525383	1.568233	
2	0.341797	2.834508	1.525383	1.568233	
2	0.292969	2.843670	1.535780	1.560602	
2	0.292969	2.843670	1.535780	1.560602	
2	0.244141	2.852673	1.546313	1.553009	
2	0.244141	2.852673	1.546313	1.553009	
2	0.195312	2.861660	1.557099	1.545321	
2	0.195312	2.861660	1.557099	1.545321	
2	0.146484	2.870795	1.568254	1.537395	
2	0.146484	2.870795	1.568254	1.537395	
2	0.097656	2.880283	1.579895	1.529078	
2	0.097656	2.880283	1.579895	1.529078	
2	0.094890	2.880859	1.580575	1.528589	
2	0.094890	2.880859	1.580575	1.528589	
2	0.048828	2.889470	1.591995	1.520303	
2	0.048828	2.889470	1.591995	1.520303	
2	0.000000	2.899288	1.604760	1.510829	
2	0.000000	2.899288	1.604760	1.510829	
2	-0.048828	2.910276	1.618339	1.500427	
2	-0.048828	2.910276	1.618339	1.500427	
2	-0.097656	2.923086	1.632908	1.488820	
2	-0.097656	2.923086	1.632908	1.488820	
2	-0.118678	2.929688	1.639606	1.483309	
2	-0.118678	2.929688	1.639606	1.483309	
2	-0.146484	2.937542	1.648459	1.475844	
2	-0.146484	2.937542	1.648459	1.475844	
2	-0.195312	2.954748	1.665213	1.461107	
2	-0.195312	2.954748	1.665213	1.461107	
2	-0.244141	2.977102	1.683688	1.443848	
2	-0.244141	2.977102	1.683688	1.443848	
2	-0.246670	2.978516	1.684720	1.442851	
2	-0.246670	2.978516	1.684720	1.442851	
2	-0.292969	3.004901	1.703801	1.423722	
2	-0.292969	3.004901	1.703801	1.423722	
2	-0.323236	3.027344	1.717569	1.409048	
2	-0.323236	3.027344	1.717569	1.409048	
2	-0.341797	3.043047	1.726399	1.399210	
2	-0.341797	3.043047	1.726399	1.399210	
2	-0.374023	3.076172	1.742790	1.379945	
2	-0.374023	3.076172	1.742790	1.379945	
2	-0.390625	3.098414	1.752164	1.368256	
2	-0.390625	3.098414	1.752164	1.368256	
2	-0.408899	3.125000	1.762441	1.354768	
2	-0.408899	3.125000	1.762441	1.354768	
2	-0.432362	3.173828	1.777709	1.333087	
2	-0.432362	3.173828	1.777709	1.333087	
2	-0.439453	3.197269	1.783632	1.323978	
2	-0.439453	3.197269	1.783632	1.323978	
2	-0.448050	3.222656	1.789599	1.314265	
2	-0.448050	3.222656	1.789599	1.314265	
2	-0.457391	3.271484	1.798689	1.298006	
2	-0.457391	3.271484	1.798689	1.298006	
2	-0.460557	3.320312	1.805416	1.284095	
2	-0.460557	3.320312	1.805416	1.284095	
2	-0.458083	3.369141	1.810216	1.272169	
2	-0.458083	3.369141	1.810216	1.272169	
2	-0.449685	3.417969	1.813425	1.261921	
2	-0.449685	3.417969	1.813425	1.261921	
2	-0.439453	3.451458	1.814844	1.255715	
2	-0.439453	3.451458	1.814844	1.255715	
2	-0.435449	3.466797	1.815318	1.252991	
2	-0.435449	3.466797	1.815318	1.252991	
2	-0.417233	3.515625	1.816073	1.245043	
2	-0.417233	3.515625	1.816073	1.245043	
2	-0.390625	3.562356	1.815814	1.238110	
2	-0.390625	3.562356	1.815814	1.238110	
2	-0.389558	3.564453	1.815780	1.237813	
2	-0.389558	3.564453	1.815780	1.237813	
2	-0.358652	3.613281	1.814430	1.231062	
2	-0.358652	3.613281	1.814430	1.231062	
2	-0.341797	3.633459	1.813517	1.228274	
2	-0.341797	3.633459	1.813517	1.228274	
2	-0.319598	3.662109	1.811894	1.224494	
2	-0.319598	3.662109	1.811894	1.224494	
2	-0.292969	3.689854	1.809793	1.220714	
2	-0.292969	3.689854	1.809793	1.220714	
2	-0.273645	3.710938	1.807929	1.217964	
2	-0.273645	3.710938	1.807929	1.217964	
2	-0.244141	3.738233	1.804921	1.214243	
2	-0.244141	3.738233	1.804921	1.214243	
2	-0.221354	3.759766	1.802222	1.211417	
2	-0.221354	3.759766	1.802222	1.211417	
2	-0.195312	3.781405	1.798972	1.208451	
2	-0.195312	3.781405	1.798972	1.208451	
2	-0.162567	3.808594	1.794366	1.204840	
2	-0.162567	3.808594	1.794366	1.204840	
2	-0.146484	3.820673	1.791983	1.203177	
2	-0.146484	3.820673	1.791983	1.203177	
2	-0.097656	3.856730	1.783983	1.198347	
2	-0.097656	3.856730	1.783983	1.198347	
2	-0.096744	3.857422	1.783821	1.198259	
2	-0.096744	3.857422	1.783821	1.198259	
2	-0.048828	3.891439	1.774897	1.193886	
2	-0.048828	3.891439	1.774897	1.193886	
2	-0.026982	3.906250	1.770512	1.192022	
2	-0.026982	3.906250	1.770512	1.192022	
2	0.000000	3.923667	1.764846	1.189837	
2	0.000000	3.923667	1.764846	1.189837	
2	0.048828	3.953518	1.753858	1.186193	
2	0.048828	3.953518	1.753858	1.186193	
2	0.051354	3.955078	1.753260	1.186014	
2	0.051354	3.955078	1.753260	1.186014	
2	0.097656	3.982888	1.741852	1.182926	
2	0.097656	3.982888	1.741852	1.182926	
2	0.135651	4.003906	1.731914	1.180673	
2	0.135651	4.003906	1.731914	1.180673	
2	0.146484	4.009797	1.728976	1.180075	
2	0.146484	4.009797	1.728976	1.180075	
2	0.195312	4.035936	1.715172	1.177623	
2	0.195312	4.035936	1.715172	1.177623	
2	0.229183	4.052734	1.705106	1.176166	
2	0.229183	4.052734	1.705106	1.176166	
2	0.244141	4.060126	1.700523	1.175585	
2	0.244141	4.060126	1.700523	1.175585	
2	0.292969	4.083401	1.685018	1.173956	
2	0.292969	4.083401	1.685018	1.173956	
2	0.334776	4.101562	1.671113	1.172890	
2	0.334776	4.101562	1.671113	1.172890	
2	0.341797	4.104634	1.668718	1.172740	
2	0.341797	4.104634	1.668718	1.172740	
2	0.390625	4.125249	1.651616	1.171933	
2	0.390625	4.125249	1.651616	1.171933	
2	0.439453	4.143689	1.633765	1.171531	
2	0.439453	4.143689	1.633765	1.171531	
2	0.458520	4.150391	1.626593	1.171482	
2	0.458520	4.150391	1.626593	1.171482	
2	0.488281	4.161021	1.615176	1.171528	
2	0.488281	4.161021	1.615176	1.171528	
2	0.537109	4.176746	1.595878	1.171915	
2	0.537109	4.176746	1.595878	1.171915	
2	0.585938	4.190507	1.575885	1.172681	
2	0.585938	4.190507	1.575885	1.172681	
2	0.621283	4.199219	1.560988	1.173464	
2	0.621283	4.199219	1.560988	1.173464	
2	0.634766	4.202617	1.555223	1.173811	
2	0.634766	4.202617	1.555223	1.173811	
2	0.683594	4.213121	1.533919	1.175288	
2	0.683594	4.213121	1.533919	1.175288	
2	0.732422	4.221484	1.511980	1.177089	
2	0.732422	4.221484	1.511980	1.177089	
2	0.781250	4.227687	1.489425	1.179189	
2	0.781250	4.227687	1.489425	1.179189	
2	0.830078	4.231642	1.466274	1.181557	
2	0.830078	4.231642	1.466274	1.181557	
2	0.878906	4.233205	1.442543	1.184155	
2	0.878906	4.233205	1.442543	1.184155	
2	0.927734	4.232198	1.418247	1.186939	
2	0.927734	4.232198	1.418247	1.186939	
2	0.976562	4.228424	1.393402	1.189862	
2	0.976562	4.228424	1.393402	1.189862	
2	1.025391	4.221698	1.368020	1.192867	
2	1.025391	4.221698	1.368020	1.192867	
2	1.074219	4.211867	1.342115	1.195894	
2	1.074219	4.211867	1.342115	1.195894	
2	1.121573	4.199219	1.316502	1.198791	
2	1.121573	4.199219	1.316502	1.198791	
2	1.123047	4.198804	1.315699	1.198880	
2	1.123047	4.198804	1.315699	1.198880	
2	1.171875	4.182084	1.288757	1.201766	
2	1.171875	4.182084	1.288757	1.201766	
2	1.220703	4.162201	1.261312	1.204495	
2	1.220703	4.162201	1.261312	1.204495	
2	1.246079	4.150391	1.246830	1.205841	
2	1.246079	4.150391	1.246830	1.205841	
2	1.269531	4.139090	1.233331	1.207034	
2	1.269531	4.139090	1.233331	1.207034	
2	1.318359	4.113262	1.204779	1.209371	
2	1.318359	4.113262	1.204779	1.209371	
2	1.338803	4.101562	1.192628	1.210296	
2	1.338803	4.101562	1.192628	1.210296	
2	1.367188	4.085385	1.175582	1.211535	
2	1.367188	4.085385	1.175582	1.211535	
2	1.416016	4.056193	1.145630	1.213596	
2	1.416016	4.056193	1.145630	1.213596	
2	1.421520	4.052734	1.142196	1.213827	
2	1.421520	4.052734	1.142196	1.213827	
2	1.464844	4.026880	1.114805	1.215667	
2	1.464844	4.026880	1.114805	1.215667	
2	1.502321	4.003906	1.090429	1.217360	
2	1.502321	4.003906	1.090429	1.217360	
2	1.513672	3.997516	1.082940	1.217901	
2	1.513672	3.997516	1.082940	1.217901	
2	1.562500	3.969167	1.049937	1.220476	
2	1.562500	3.969167	1.049937	1.220476	
2	1.585945	3.955078	1.033606	1.221895	
2	1.585945	3.955078	1.033606	1.221895	
2	1.611328	3.941503	1.015679	1.223589	
2	1.611328	3.941503	1.015679	1.223589	
2	1.660156	3.914337	0.980095	1.227448	
2	1.660156	3.914337	0.980095	1.227448	
2	1.673916	3.906250	0.969778	1.228705	
2	1.673916	3.906250	0.969778	1.228705	
2	1.708984	3.888178	0.943223	1.232255	
2	1.708984	3.888178	0.943223	1.232255	
2	1.757812	3.861379	0.904936	1.238239	
2	1.757812	3.861379	0.904936	1.238239	
2	1.764516	3.857422	0.899540	1.239170	
2	1.764516	3.857422	0.899540	1.239170	
2	1.806641	3.835632	0.865509	1.245571	
2	1.806641	3.835632	0.865509	1.245571	
2	1.854311	3.808594	0.825599	1.254301	
2	1.854311	3.808594	0.825599	1.254301	
2	1.855469	3.808017	0.824630	1.254530	
2	1.855469	3.808017	0.824630	1.254530	
2	1.904297	3.781414	0.782912	1.265202	
2	1.904297	3.781414	0.782912	1.265202	
2	1.939824	3.759766	0.751540	1.274307	
2	1.939824	3.759766	0.751540	1.274307	
2	1.953125	3.752528	0.739891	1.277934	
2	1.953125	3.752528	0.739891	1.277934	
2	2.001953	3.723005	0.696080	1.292819	
2	2.001953	3.723005	0.696080	1.292819	
2	2.019916	3.710938	0.679523	1.298976	
2	2.019916	3.710938	0.679523	1.298976	
2	2.050781	3.691962	0.651482	1.310099	
2	2.050781	3.691962	0.651482	1.310099	
2	2.093691	3.662109	0.611397	1.327588	
2	2.093691	3.662109	0.611397	1.327588	
2	2.099609	3.658278	0.605965	1.330109	
2	2.099609	3.658278	0.605965	1.330109	
2	2.148438	3.623431	0.560247	1.352818	
2	2.148438	3.623431	0.560247	1.352818	
2	2.161349	3.613281	0.547900	1.359430	
2	2.161349	3.613281	0.547900	1.359430	
2	2.197266	3.586149	0.514209	1.378572	
2	2.197266	3.586149	0.514209	1.378572	
2	2.223304	3.564453	0.489315	1.393806	
2	2.223304	3.564453	0.489315	1.393806	
2	2.246094	3.545806	0.467924	1.407685	
2	2.246094	3.545806	0.467924	1.407685	
2	2.279997	3.515625	0.435671	1.430081	
2	2.279997	3.515625	0.435671	1.430081	
2	2.294922	3.502277	0.421691	1.440373	
2	2.294922	3.502277	0.421691	1.440373	
2	2.332030	3.466797	0.386736	1.467781	
2	2.332030	3.466797	0.386736	1.467781	
2	2.343750	3.455275	0.375815	1.476867	
2	2.343750	3.455275	0.375815	1.476867	
2	2.379966	3.417969	0.342222	1.506522	
2	2.379966	3.417969	0.342222	1.506522	
2	2.392578	3.404305	0.330579	1.517446	
2	2.392578	3.404305	0.330579	1.517446	
2	2.424229	3.369141	0.301867	1.545955	
2	2.424229	3.369141	0.301867	1.545955	
2	2.441406	3.348636	0.286255	1.562475	
2	2.441406	3.348636	0.286255	1.562475	
2	2.465062	3.320312	0.265451	1.585730	
2	2.465062	3.320312	0.265451	1.585730	
2	2.490234	3.287298	0.243134	1.612423	
2	2.490234	3.287298	0.243134	1.612423	
2	2.502521	3.271484	0.232776	1.625494	
2	2.502521	3.271484	0.232776	1.625494	
2	2.536836	3.222656	0.203557	1.665036	
2	2.536836	3.222656	0.203557	1.665036	
2	2.539062	3.219194	0.201634	1.667791	
2	2.539062	3.219194	0.201634	1.667791	
2	2.569730	3.173828	0.177171	1.704735	
2	2.569730	3.173828	0.177171	1.704735	
2	2.587891	3.143040	0.162343	1.729066	
2	2.587891	3.143040	0.162343	1.729066	
2	2.599295	3.125000	0.153925	1.743641	
2	2.599295	3.125000	0.153925	1.743641	
2	2.626786	3.076172	0.133332	1.782023	
2	2.626786	3.076172	0.133332	1.782023	
2	2.636719	3.056110	0.125712	1.797373	
2	2.636719	3.056110	0.125712	1.797373	
2	2.652401	3.027344	0.115198	1.819768	
2	2.652401	3.027344	0.115198	1.819768	
2	2.675641	2.978516	0.099410	1.856596	
2	2.675641	2.978516	0.099410	1.856596	
2	2.685547	2.954685	0.092548	1.874074	
2	2.685547	2.954685	0.092548	1.874074	
2	2.697252	2.929688	0.085705	1.892599	
2	2.697252	2.929688	0.085705	1.892599	
2	2.717231	2.880859	0.073932	1.927665	
2	2.717231	2.880859	0.073932	1.927665	
2	2.734375	2.832199	0.064020	1.961396	
2	2.734375	2.832199	0.064020	1.961396	
2	2.734443	2.832031	0.063988	1.961512	
2	2.734443	2.832031	0.063988	1.961512	
2	2.751758	2.783203	0.055583	1.994582	
2	2.751758	2.783203	0.055583	1.994582	
2	2.766660	2.734375	0.048687	2.026391	
2	2.766660	2.734375	0.048687	2.026391	
2	2.779527	2.685547	0.043130	2.057002	
2	2.779527	2.685547	0.043130	2.057002	
2	2.783203	2.669201	0.041547	2.066967	
2	2.783203	2.669201	0.041547	2.066967	
2	2.791745	2.636719	0.038758	2.086528	
2	2.791745	2.636719	0.038758	2.086528	
2	2.802626	2.587891	0.035463	2.114860	
2	2.802626	2.587891	0.035463	2.114860	
2	2.811837	2.539062	0.033126	2.141971	
2	2.811837	2.539062	0.033126	2.141971	
2	2.819555	2.490234	0.031633	2.167875	
2	2.819555	2.490234	0.031633	2.167875	
2	2.825915	2.441406	0.030879	2.192581	
2	2.825915	2.441406	0.030879	2.192581	
2	2.831012	2.392578	0.030765	2.216094	
2	2.831012	2.392578	0.030765	2.216094	
2	2.832031	2.379193	0.030833	2.222333	
2	2.832031	2.379193	0.030833	2.222333	
2	2.835193	2.343750	0.031196	2.238416	
2	2.835193	2.343750	0.031196	2.238416	
2	2.838143	2.294922	0.032085	2.259557	
2	2.838143	2.294922	0.032085	2.259557	
2	2.839802	2.246094	0.033347	2.279534	
2	2.839802	2.246094	0.033347	2.279534	
2	2.840201	2.197266	0.034906	2.298367	
2	2.840201	2.197266	0.034906	2.298367	
2	2.839355	2.148438	0.036686	2.316076	
2	2.839355	2.148438	0.036686	2.316076	
2	2.837268	2.099609	0.038620	2.332683	
2	2.837268	2.099609	0.038620	2.332683	
2	2.833935	2.050781	0.040642	2.348212	
2	2.833935	2.050781	0.040642	2.348212	
2	2.832031	2.029465	0.041536	2.354662	
2	2.832031	2.029465	0.041536	2.354662	
2	2.829427	2.001953	0.042689	2.362684	
2	2.829427	2.001953	0.042689	2.362684	
2	2.823670	1.953125	0.044704	2.376128	
2	2.823670	1.953125	0.044704	2.376128	
2	2.816540	1.904297	0.046633	2.388573	
2	2.816540	1.904297	0.046633	2.388573	
2	2.807988	1.855469	0.048422	2.400046	
2	2.807988	1.855469	0.048422	2.400046	
2	2.797963	1.806641	0.050022	2.410572	
2	2.797963	1.806641	0.050022	2.410572	
2	2.786420	1.757812	0.051383	2.420175	
2	2.786420	1.757812	0.051383	2.420175	
2	2.783203	1.744724	0.051701	2.422591	
2	2.783203	1.744724	0.051701	2.422591	
2	2.772751	1.708984	0.052460	2.428886	
2	2.772751	1.708984	0.052460	2.428886	
2	2.756880	1.660156	0.053201	2.436714	
2	2.756880	1.660156	0.053201	2.436714	
2	2.738798	1.611328	0.053558	2.443662	
2	2.738798	1.611328	0.053558	2.443662	
2	2.734375	1.599513	0.053581	2.445211	
2	2.734375	1.599513	0.053581	2.445211	
2	2.715581	1.562500	0.053479	2.449711	
2	2.715581	1.562500	0.053479	2.449711	
2	2.687332	1.513672	0.052918	2.454766	
2	2.687332	1.513672	0.052918	2.454766	
2	2.685547	1.510567	0.052865	2.455055	
2	2.685547	1.510567	0.052865	2.455055	
2	2.639051	1.464844	0.052012	2.458164	
2	2.639051	1.464844	0.052012	2.458164	
2	2.636719	1.462655	0.051965	2.458273	
2	2.636719	1.462655	0.051965	2.458273	
2	2.587891	1.446786	0.052614	2.457237	
2	2.587891	1.446786	0.052614	2.457237	
2	2.539062	1.457128	0.056239	2.452850	
2	2.539062	1.457128	0.056239	2.452850	
2	2.527806	1.464844	0.057814	2.451219	
2	2.527806	1.464844	0.057814	2.451219	
2	2.490234	1.483993	0.063529	2.445922	
2	2.490234	1.483993	0.063529	2.445922	
2	2.456436	1.513672	0.071493	2.439439	
2	2.456436	1.513672	0.071493	2.439439	
2	2.441406	1.523949	0.075203	2.436640	
2	2.441406	1.523949	0.075203	2.436640	
2	2.404215	1.562500	0.087528	2.427992	
2	2.404215	1.562500	0.087528	2.427992	
2	2.392578	1.572164	0.091496	2.425370	
2	2.392578	1.572164	0.091496	2.425370	
2	2.359018	1.611328	0.105896	2.416333	
2	2.359018	1.611328	0.105896	2.416333	
2	2.343750	1.625867	0.112556	2.412359	
2	2.343750	1.625867	0.112556	2.412359	
2	2.316744	1.660156	0.126805	2.404194	
2	2.316744	1.660156	0.126805	2.404194	
2	2.294922	1.683040	0.138407	2.397827	
2	2.294922	1.683040	0.138407	2.397827	
2	2.275610	1.708984	0.150477	2.391421	
2	2.275610	1.708984	0.150477	2.391421	
2	2.246094	1.742000	0.168939	2.381976	
2	2.246094	1.742000	0.168939	2.381976	
2	2.234693	1.757812	0.177137	2.377898	
2	2.234693	1.757812	0.177137	2.377898	
2	2.197266	1.801279	0.203924	2.364973	
2	2.197266	1.801279	0.203924	2.364973	
2	2.193437	1.806641	0.207017	2.363515	
2	2.193437	1.806641	0.207017	2.363515	
2	2.152015	1.855469	0.240061	2.348282	
2	2.152015	1.855469	0.240061	2.348282	
2	2.148438	1.859015	0.242893	2.347002	
2	2.148438	1.859015	0.242893	2.347002	
2	2.109768	1.904297	0.276660	2.331979	
2	2.109768	1.904297	0.276660	2.331979	
2	2.099609	1.914334	0.285469	2.328119	
2	2.099609	1.914334	0.285469	2.328119	
2	2.065612	1.953125	0.317599	2.314192	
2	2.065612	1.953125	0.317599	2.314192	
2	2.050781	1.967474	0.331486	2.308227	
2	2.050781	1.967474	0.331486	2.308227	
2	2.019282	2.001953	0.363280	2.294642	
2	2.019282	2.001953	0.363280	2.294642	
2	2.001953	2.018135	0.380580	2.287271	
2	2.001953	2.018135	0.380580	2.287271	
2	1.970466	2.050781	0.414125	2.272975	
2	1.970466	2.050781	0.414125	2.272975	
2	1.953125	2.066234	0.432371	2.265175	
2	1.953125	2.066234	0.432371	2.265175	
2	1.918815	2.099609	0.470528	2.248761	
2	1.918815	2.099609	0.470528	2.248761	
2	1.904297	2.111860	0.486455	2.241853	
2	1.904297	2.111860	0.486455	2.241853	
