chi multiples
 N    ID    z   Narcs    chip    chix    chiy    chia   rmss     rmsi    dx      dy    nwarn
 0    3.2 4.500   1      5.32    0.00    0.00    0.00   0.424    1.15   -1.15   -0.02  0
 0    3.1 4.500   1      6.11    0.00    0.00    0.00   0.424    1.24    1.21   -0.23  0
 0    3.2 4.500   2     11.42    0.00    0.00    0.00   0.424    1.20    N/A     N/A   0
 1    2.2 4.500   1      0.32    0.00    0.00    0.00   0.102    0.28    0.28    0.01  0
 1    2.1 4.500   1      0.28    0.00    0.00    0.00   0.102    0.27   -0.25    0.08  0
 1    2.2 4.500   2      0.60    0.00    0.00    0.00   0.102    0.27    N/A     N/A   0
 2    1.2 4.500   1      2.12    0.00    0.00    0.00   0.257    0.73    0.73    0.06  0
 2    1.1 4.500   1      1.75    0.00    0.00    0.00   0.257    0.66   -0.62    0.23  0
 2    1.2 4.500   2      3.87    0.00    0.00    0.00   0.257    0.70    N/A     N/A   0
chimul                  15.90    0.00    0.00    0.00   0.293    0.81    N/A     N/A   0
log(Likelihood)        -10.66

chitot           15.90
log(Likelihood)    -10.66
