#REFERENCE 0 180.3146860 23.1330970
6.1 180.3146781 23.1330847 0.015910 0.002036 121.15429 4.5000 5.60 
6.1 180.3146122 23.1329811 0.087297 0.018057 118.81989 4.5000 1.38 
6.1 180.3148970 23.1334053 0.075005 0.074991 158.90443 4.5000 0.00 
6.2 180.3149144 23.1333257 0.249674 0.061378 46.90856 4.5000 -1.30 
6.2 180.3146823 23.1330922 0.007561 0.002561 122.94877 4.5000 5.95 
6.2 180.3145691 23.1329356 0.068012 0.067999 29.85538 4.5000 -0.00 
7.1 180.3146575 23.1328659 0.250118 0.010589 176.59746 4.5000 0.30 
7.1 180.3146864 23.1330949 0.005300 0.000700 56.77727 4.5000 7.43 
7.1 180.3145015 23.1333229 0.059013 0.058974 88.18080 4.5000 0.00 
7.2 180.3146879 23.1330915 0.006824 0.001969 82.40235 4.5000 6.21 
7.2 180.3145062 23.1333702 0.139691 0.041456 131.44125 4.5000 -0.38 
7.2 180.3147251 23.1329032 0.064002 0.063999 16.26310 4.5000 -0.00 
