#REFERENCE 3 152.6345220 -12.6646950
1	-8.593750	42.072600	-8.712383	43.094631	
1	-8.560513	42.089844	-8.712242	43.104932	
1	-8.560513	42.089844	-8.712242	43.104932	
1	-8.544922	42.098418	-8.712264	43.109833	
1	-8.544922	42.098418	-8.712264	43.109833	
1	-8.593750	42.072600	-8.712383	43.094631	
1	-8.642578	42.050735	-8.713003	43.080473	
1	-8.642578	42.050735	-8.713003	43.080473	
1	-8.668493	42.041016	-8.713490	43.073593	
1	-8.668493	42.041016	-8.713490	43.073593	
1	-8.691406	42.032800	-8.714030	43.067471	
1	-8.691406	42.032800	-8.714030	43.067471	
1	-8.740234	42.018765	-8.715364	43.055709	
1	-8.740234	42.018765	-8.715364	43.055709	
1	-8.789062	42.008299	-8.716933	43.045055	
1	-8.789062	42.008299	-8.716933	43.045055	
1	-8.837891	42.001459	-8.718651	43.035590	
1	-8.837891	42.001459	-8.718651	43.035590	
1	-8.886719	41.998315	-8.720422	43.027379	
1	-8.886719	41.998315	-8.720422	43.027379	
1	-8.935547	41.998962	-8.722150	43.020477	
1	-8.935547	41.998962	-8.722150	43.020477	
1	-8.984375	42.003519	-8.723732	43.014933	
1	-8.984375	42.003519	-8.723732	43.014933	
1	-9.033203	42.012137	-8.725064	43.010789	
1	-9.033203	42.012137	-8.725064	43.010789	
1	-9.082031	42.025007	-8.726034	43.008080	
1	-9.082031	42.025007	-8.726034	43.008080	
1	-9.127147	42.041016	-8.726477	43.006952	
1	-9.127147	42.041016	-8.726477	43.006952	
1	-9.130859	42.042413	-8.726514	43.006863	
1	-9.130859	42.042413	-8.726514	43.006863	
1	-9.179688	42.065407	-8.726196	43.007559	
1	-9.179688	42.065407	-8.726196	43.007559	
1	-9.222022	42.089844	-8.725224	43.009533	
1	-9.222022	42.089844	-8.725224	43.009533	
1	-9.228516	42.093885	-8.725036	43.009900	
1	-9.228516	42.093885	-8.725036	43.009900	
1	-9.277344	42.129560	-8.722550	43.014475	
1	-9.277344	42.129560	-8.722550	43.014475	
1	-9.288177	42.138672	-8.721754	43.015859	
1	-9.288177	42.138672	-8.721754	43.015859	
1	-9.326172	42.173709	-8.718354	43.021468	
1	-9.326172	42.173709	-8.718354	43.021468	
1	-9.339432	42.187500	-8.716824	43.023865	
1	-9.339432	42.187500	-8.716824	43.023865	
1	-9.375000	42.228651	-8.711807	43.031305	
1	-9.375000	42.228651	-8.711807	43.031305	
1	-9.381002	42.236328	-8.710793	43.032744	
1	-9.381002	42.236328	-8.710793	43.032744	
1	-9.415020	42.285156	-8.703765	43.042227	
1	-9.415020	42.285156	-8.703765	43.042227	
1	-9.423828	42.299589	-8.701505	43.045120	
1	-9.423828	42.299589	-8.701505	43.045120	
1	-9.443219	42.333984	-8.695912	43.052009	
1	-9.443219	42.333984	-8.695912	43.052009	
1	-9.466884	42.382812	-8.687415	43.061833	
1	-9.466884	42.382812	-8.687415	43.061833	
1	-9.472656	42.396820	-8.684795	43.064726	
1	-9.472656	42.396820	-8.684795	43.064726	
1	-9.486148	42.431641	-8.678214	43.071742	
1	-9.486148	42.431641	-8.678214	43.071742	
1	-9.501805	42.480469	-8.668458	43.081549	
1	-9.501805	42.480469	-8.668458	43.081549	
1	-9.514335	42.529297	-8.658249	43.091144	
1	-9.514335	42.529297	-8.658249	43.091144	
1	-9.521484	42.565750	-8.650262	43.098226	
1	-9.521484	42.565750	-8.650262	43.098226	
1	-9.523804	42.578125	-8.647581	43.100526	
1	-9.523804	42.578125	-8.647581	43.100526	
1	-9.530237	42.626953	-8.636446	43.109686	
1	-9.530237	42.626953	-8.636446	43.109686	
1	-9.534043	42.675781	-8.624974	43.118506	
1	-9.534043	42.675781	-8.624974	43.118506	
1	-9.535315	42.724609	-8.613210	43.126947	
1	-9.535315	42.724609	-8.613210	43.126947	
1	-9.534132	42.773438	-8.601202	43.134973	
1	-9.534132	42.773438	-8.601202	43.134973	
1	-9.530568	42.822266	-8.589010	43.142540	
1	-9.530568	42.822266	-8.589010	43.142540	
1	-9.524704	42.871094	-8.576707	43.149604	
1	-9.524704	42.871094	-8.576707	43.149604	
1	-9.521484	42.890789	-8.571651	43.152343	
1	-9.521484	42.890789	-8.571651	43.152343	
1	-9.516233	42.919922	-8.564236	43.156191	
1	-9.516233	42.919922	-8.564236	43.156191	
1	-9.505151	42.968750	-8.551666	43.162255	
1	-9.505151	42.968750	-8.551666	43.162255	
1	-9.491877	43.017578	-8.539233	43.167680	
1	-9.491877	43.017578	-8.539233	43.167680	
1	-9.476666	43.066406	-8.527124	43.172405	
1	-9.476666	43.066406	-8.527124	43.172405	
1	-9.472656	43.078210	-8.524242	43.173446	
1	-9.472656	43.078210	-8.524242	43.173446	
1	-9.457952	43.115234	-8.514912	43.176589	
1	-9.457952	43.115234	-8.514912	43.176589	
1	-9.437190	43.164062	-8.503247	43.180005	
1	-9.437190	43.164062	-8.503247	43.180005	
1	-9.423828	43.194449	-8.496512	43.181696	
1	-9.423828	43.194449	-8.496512	43.181696	
1	-9.413805	43.212891	-8.492093	43.182686	
1	-9.413805	43.212891	-8.492093	43.182686	
1	-9.387498	43.261719	-8.481554	43.184621	
1	-9.387498	43.261719	-8.481554	43.184621	
1	-9.375000	43.285847	-8.477080	43.185237	
1	-9.375000	43.285847	-8.477080	43.185237	
1	-9.358283	43.310547	-8.471865	43.185779	
1	-9.358283	43.310547	-8.471865	43.185779	
1	-9.328820	43.359375	-8.463907	43.186154	
1	-9.328820	43.359375	-8.463907	43.186154	
1	-9.326172	43.364301	-8.463281	43.186155	
1	-9.326172	43.364301	-8.463281	43.186155	
1	-9.294462	43.408203	-8.456759	43.185852	
1	-9.294462	43.408203	-8.456759	43.185852	
1	-9.277344	43.439313	-8.454189	43.185509	
1	-9.277344	43.439313	-8.454189	43.185509	
1	-9.263129	43.457031	-8.452239	43.185122	
1	-9.263129	43.457031	-8.452239	43.185122	
1	-9.237469	43.505859	-8.450424	43.184555	
1	-9.237469	43.505859	-8.450424	43.184555	
1	-9.228516	43.531077	-8.450675	43.184651	
1	-9.228516	43.531077	-8.450675	43.184651	
1	-9.217696	43.554688	-8.450855	43.184732	
1	-9.217696	43.554688	-8.450855	43.184732	
1	-9.203147	43.603516	-8.453050	43.186115	
1	-9.203147	43.603516	-8.453050	43.186115	
1	-9.192350	43.652344	-8.456563	43.188970	
1	-9.192350	43.652344	-8.456563	43.188970	
1	-9.182007	43.701172	-8.460852	43.193197	
1	-9.182007	43.701172	-8.460852	43.193197	
1	-9.179688	43.710186	-8.461670	43.194082	
1	-9.179688	43.710186	-8.461670	43.194082	
1	-9.169256	43.750000	-8.465505	43.198544	
1	-9.169256	43.750000	-8.465505	43.198544	
1	-9.155382	43.798828	-8.470579	43.205203	
1	-9.155382	43.798828	-8.470579	43.205203	
1	-9.140131	43.847656	-8.475959	43.213183	
1	-9.140131	43.847656	-8.475959	43.213183	
1	-9.130859	43.873035	-8.478777	43.217750	
1	-9.130859	43.873035	-8.478777	43.217750	
1	-9.122376	43.896484	-8.481462	43.222357	
1	-9.122376	43.896484	-8.481462	43.222357	
1	-9.101991	43.945312	-8.487013	43.232734	
1	-9.101991	43.945312	-8.487013	43.232734	
1	-9.082031	43.988361	-8.491909	43.242937	
1	-9.082031	43.988361	-8.491909	43.242937	
1	-9.079370	43.994141	-8.492574	43.244407	
1	-9.079370	43.994141	-8.492574	43.244407	
1	-9.053260	44.042969	-8.497996	43.257247	
1	-9.053260	44.042969	-8.497996	43.257247	
1	-9.033203	44.076785	-8.501647	43.266871	
1	-9.033203	44.076785	-8.501647	43.266871	
1	-9.024242	44.091797	-8.503254	43.271406	
1	-9.024242	44.091797	-8.503254	43.271406	
1	-8.991477	44.140625	-8.508238	43.286860	
1	-8.991477	44.140625	-8.508238	43.286860	
1	-8.984375	44.150151	-8.509162	43.290003	
1	-8.984375	44.150151	-8.509162	43.290003	
1	-8.954348	44.189453	-8.512854	43.303663	
1	-8.954348	44.189453	-8.512854	43.303663	
1	-8.935547	44.211775	-8.514811	43.311799	
1	-8.935547	44.211775	-8.514811	43.311799	
1	-8.912385	44.238281	-8.517010	43.321938	
1	-8.912385	44.238281	-8.517010	43.321938	
1	-8.886719	44.265031	-8.519043	43.332599	
1	-8.886719	44.265031	-8.519043	43.332599	
1	-8.864424	44.287109	-8.520577	43.341818	
1	-8.864424	44.287109	-8.520577	43.341818	
1	-8.837891	44.311215	-8.522074	43.352280	
1	-8.837891	44.311215	-8.522074	43.352280	
1	-8.808784	44.335938	-8.523397	43.363538	
1	-8.808784	44.335938	-8.523397	43.363538	
1	-8.789062	44.351449	-8.524102	43.370881	
1	-8.789062	44.351449	-8.524102	43.370881	
1	-8.742933	44.384766	-8.525240	43.387525	
1	-8.742933	44.384766	-8.525240	43.387525	
1	-8.740234	44.386590	-8.525286	43.388474	
1	-8.740234	44.386590	-8.525286	43.388474	
1	-8.691406	44.416436	-8.525741	43.404648	
1	-8.691406	44.416436	-8.525741	43.404648	
1	-8.659639	44.433594	-8.525714	43.414627	
1	-8.659639	44.433594	-8.525714	43.414627	
1	-8.642578	44.442308	-8.525602	43.419926	
1	-8.642578	44.442308	-8.525602	43.419926	
1	-8.593750	44.463868	-8.524970	43.433947	
1	-8.593750	44.463868	-8.524970	43.433947	
1	-8.544922	44.481855	-8.523922	43.447018	
1	-8.544922	44.481855	-8.523922	43.447018	
1	-8.543000	44.482422	-8.523878	43.447471	
1	-8.543000	44.482422	-8.523878	43.447471	
1	-8.496094	44.495701	-8.522582	43.458704	
1	-8.496094	44.495701	-8.522582	43.458704	
1	-8.447266	44.505977	-8.521012	43.469278	
1	-8.447266	44.505977	-8.521012	43.469278	
1	-8.398438	44.512649	-8.519297	43.478675	
1	-8.398438	44.512649	-8.519297	43.478675	
1	-8.349609	44.515644	-8.517529	43.486831	
1	-8.349609	44.515644	-8.517529	43.486831	
1	-8.300781	44.514870	-8.515805	43.493690	
1	-8.300781	44.514870	-8.515805	43.493690	
1	-8.251953	44.510208	-8.514226	43.499205	
1	-8.251953	44.510208	-8.514226	43.499205	
1	-8.203125	44.501504	-8.512894	43.503333	
1	-8.203125	44.501504	-8.512894	43.503333	
1	-8.154297	44.488569	-8.511921	43.506039	
1	-8.154297	44.488569	-8.511921	43.506039	
1	-8.136822	44.482422	-8.511779	43.506409	
1	-8.136822	44.482422	-8.511779	43.506409	
1	-8.105469	44.470744	-8.511517	43.507063	
1	-8.105469	44.470744	-8.511517	43.507063	
1	-8.056641	44.447766	-8.511816	43.506418	
1	-8.056641	44.447766	-8.511816	43.506418	
1	-8.031811	44.433594	-8.512384	43.505245	
1	-8.031811	44.433594	-8.512384	43.505245	
1	-8.007812	44.418852	-8.513069	43.503897	
1	-8.007812	44.418852	-8.513069	43.503897	
1	-7.960902	44.384766	-8.515399	43.499615	
1	-7.960902	44.384766	-8.515399	43.499615	
1	-7.958984	44.383246	-8.515517	43.499408	
1	-7.958984	44.383246	-8.515517	43.499408	
1	-7.910156	44.338848	-8.519758	43.492355	
1	-7.910156	44.338848	-8.519758	43.492355	
1	-7.907316	44.335938	-8.520076	43.491852	
1	-7.907316	44.335938	-8.520076	43.491852	
1	-7.864290	44.287109	-8.525940	43.483056	
1	-7.864290	44.287109	-8.525940	43.483056	
1	-7.861328	44.283337	-8.526440	43.482344	
1	-7.861328	44.283337	-8.526440	43.482344	
1	-7.829196	44.238281	-8.532839	43.473596	
1	-7.829196	44.238281	-8.532839	43.473596	
1	-7.812500	44.211518	-8.536965	43.468287	
1	-7.812500	44.211518	-8.536965	43.468287	
1	-7.799789	44.189453	-8.540501	43.463908	
1	-7.799789	44.189453	-8.540501	43.463908	
1	-7.775414	44.140625	-8.548909	43.454050	
1	-7.775414	44.140625	-8.548909	43.454050	
1	-7.763672	44.112955	-8.554006	43.448401	
1	-7.763672	44.112955	-8.554006	43.448401	
1	-7.755232	44.091797	-8.557949	43.444182	
1	-7.755232	44.091797	-8.557949	43.444182	
1	-7.738972	44.042969	-8.567620	43.434331	
1	-7.738972	44.042969	-8.567620	43.434331	
1	-7.725873	43.994141	-8.577751	43.424686	
1	-7.725873	43.994141	-8.577751	43.424686	
1	-7.715757	43.945312	-8.588311	43.415280	
1	-7.715757	43.945312	-8.588311	43.415280	
1	-7.714844	43.939169	-8.589719	43.414071	
1	-7.714844	43.939169	-8.589719	43.414071	
1	-7.708772	43.896484	-8.599366	43.406066	
1	-7.708772	43.896484	-8.599366	43.406066	
1	-7.704471	43.847656	-8.610777	43.397176	
1	-7.704471	43.847656	-8.610777	43.397176	
1	-7.702716	43.798828	-8.622488	43.388658	
1	-7.702716	43.798828	-8.622488	43.388658	
1	-7.703427	43.750000	-8.634452	43.380550	
1	-7.703427	43.750000	-8.634452	43.380550	
1	-7.706529	43.701172	-8.646611	43.372892	
1	-7.706529	43.701172	-8.646611	43.372892	
1	-7.711941	43.652344	-8.658894	43.365730	
1	-7.711941	43.652344	-8.658894	43.365730	
1	-7.714844	43.633566	-8.663715	43.363073	
1	-7.714844	43.633566	-8.663715	43.363073	
1	-7.719954	43.603516	-8.671354	43.359037	
1	-7.719954	43.603516	-8.671354	43.359037	
1	-7.730559	43.554688	-8.683921	43.352864	
1	-7.730559	43.554688	-8.683921	43.352864	
1	-7.743382	43.505859	-8.696378	43.347318	
1	-7.743382	43.505859	-8.696378	43.347318	
1	-7.758186	43.457031	-8.708545	43.342461	
1	-7.758186	43.457031	-8.708545	43.342461	
1	-7.763672	43.440562	-8.712583	43.340974	
1	-7.763672	43.440562	-8.712583	43.340974	
1	-7.776251	43.408203	-8.720759	43.338162	
1	-7.776251	43.408203	-8.720759	43.338162	
1	-7.796666	43.359375	-8.732557	43.334593	
1	-7.796666	43.359375	-8.732557	43.334593	
1	-7.812500	43.323021	-8.740699	43.332491	
1	-7.812500	43.323021	-8.740699	43.332491	
1	-7.819210	43.310547	-8.743718	43.331792	
1	-7.819210	43.310547	-8.743718	43.331792	
1	-7.845414	43.261719	-8.754533	43.329682	
1	-7.845414	43.261719	-8.754533	43.329682	
1	-7.861328	43.231034	-8.760357	43.328833	
1	-7.861328	43.231034	-8.760357	43.328833	
1	-7.873653	43.212891	-8.764290	43.328389	
1	-7.873653	43.212891	-8.764290	43.328389	
1	-7.903655	43.164062	-8.772738	43.327865	
1	-7.903655	43.164062	-8.772738	43.327865	
1	-7.910156	43.152151	-8.774326	43.327845	
1	-7.910156	43.152151	-8.774326	43.327845	
1	-7.937466	43.115234	-8.780143	43.328048	
1	-7.937466	43.115234	-8.780143	43.328048	
1	-7.958984	43.077394	-8.783580	43.328454	
1	-7.958984	43.077394	-8.783580	43.328454	
1	-7.968286	43.066406	-8.784940	43.328698	
1	-7.968286	43.066406	-8.784940	43.328698	
1	-7.996382	43.017578	-8.787469	43.329395	
1	-7.996382	43.017578	-8.787469	43.329395	
1	-8.007812	42.986939	-8.787350	43.329360	
1	-8.007812	42.986939	-8.787350	43.329360	
1	-8.016797	42.968750	-8.787364	43.329376	
1	-8.016797	42.968750	-8.787364	43.329376	
1	-8.032505	42.919922	-8.785505	43.328272	
1	-8.032505	42.919922	-8.785505	43.328272	
1	-8.043551	42.871094	-8.782175	43.325680	
1	-8.043551	42.871094	-8.782175	43.325680	
1	-8.053805	42.822266	-8.778007	43.321707	
1	-8.053805	42.822266	-8.778007	43.321707	
1	-8.056641	42.810962	-8.776999	43.320644	
1	-8.056641	42.810962	-8.776999	43.320644	
1	-8.066263	42.773438	-8.773437	43.316599	
1	-8.066263	42.773438	-8.773437	43.316599	
1	-8.079857	42.724609	-8.768431	43.310190	
1	-8.079857	42.724609	-8.768431	43.310190	
1	-8.094743	42.675781	-8.763094	43.302454	
1	-8.094743	42.675781	-8.763094	43.302454	
1	-8.105469	42.645451	-8.759724	43.297083	
1	-8.105469	42.645451	-8.759724	43.297083	
1	-8.111945	42.626953	-8.757604	43.293503	
1	-8.111945	42.626953	-8.757604	43.293503	
1	-8.131915	42.578125	-8.752065	43.283375	
1	-8.131915	42.578125	-8.752065	43.283375	
1	-8.153913	42.529297	-8.746487	43.271927	
1	-8.153913	42.529297	-8.746487	43.271927	
1	-8.154297	42.528565	-8.746406	43.271751	
1	-8.154297	42.528565	-8.746406	43.271751	
1	-8.179511	42.480469	-8.741044	43.259341	
1	-8.179511	42.480469	-8.741044	43.259341	
1	-8.203125	42.439652	-8.736605	43.247820	
1	-8.203125	42.439652	-8.736605	43.247820	
1	-8.207782	42.431641	-8.735739	43.245418	
1	-8.207782	42.431641	-8.735739	43.245418	
1	-8.239944	42.382812	-8.730703	43.230239	
1	-8.239944	42.382812	-8.730703	43.230239	
1	-8.251953	42.366372	-8.729089	43.224862	
1	-8.251953	42.366372	-8.729089	43.224862	
1	-8.276158	42.333984	-8.726007	43.213700	
1	-8.276158	42.333984	-8.726007	43.213700	
1	-8.300781	42.304173	-8.723356	43.202925	
1	-8.300781	42.304173	-8.723356	43.202925	
1	-8.317047	42.285156	-8.721751	43.195711	
1	-8.317047	42.285156	-8.721751	43.195711	
1	-8.349609	42.250582	-8.719073	43.182052	
1	-8.349609	42.250582	-8.719073	43.182052	
1	-8.363713	42.236328	-8.718059	43.176154	
1	-8.363713	42.236328	-8.718059	43.176154	
1	-8.398438	42.204222	-8.716010	43.162355	
1	-8.398438	42.204222	-8.716010	43.162355	
1	-8.417751	42.187500	-8.715080	43.154819	
1	-8.417751	42.187500	-8.715080	43.154819	
1	-8.447266	42.163898	-8.713955	43.143771	
1	-8.447266	42.163898	-8.713955	43.143771	
1	-8.481568	42.138672	-8.713026	43.131325	
1	-8.481568	42.138672	-8.713026	43.131325	
1	-8.496094	42.128700	-8.712747	43.126204	
1	-8.496094	42.128700	-8.712747	43.126204	
