#REFERENCE 3 87.3031150 -62.0767410
1	-3.125000	-5.285551	-1.682638	-2.509086	
1	-3.143874	-5.273438	-1.681192	-2.506365	
1	-3.143874	-5.273438	-1.681192	-2.506365	
1	-3.125000	-5.285551	-1.682638	-2.509086	
1	-3.076172	-5.315213	-1.685745	-2.515140	
1	-3.076172	-5.315213	-1.685745	-2.515140	
1	-3.063936	-5.322266	-1.686382	-2.516420	
1	-3.063936	-5.322266	-1.686382	-2.516420	
1	-3.027344	-5.343517	-1.688657	-2.521104	
1	-3.027344	-5.343517	-1.688657	-2.521104	
1	-2.978516	-5.369912	-1.691002	-2.526148	
1	-2.978516	-5.369912	-1.691002	-2.526148	
1	-2.976222	-5.371094	-1.691091	-2.526346	
1	-2.976222	-5.371094	-1.691091	-2.526346	
1	-2.929688	-5.395383	-1.693395	-2.531567	
1	-2.929688	-5.395383	-1.693395	-2.531567	
1	-2.880859	-5.418887	-1.695183	-2.535838	
1	-2.880859	-5.418887	-1.695183	-2.535838	
1	-2.878594	-5.419922	-1.695248	-2.535995	
1	-2.878594	-5.419922	-1.695248	-2.535995	
1	-2.832031	-5.441583	-1.697054	-2.540548	
1	-2.832031	-5.441583	-1.697054	-2.540548	
1	-2.783203	-5.462494	-1.698437	-2.544238	
1	-2.783203	-5.462494	-1.698437	-2.544238	
1	-2.767595	-5.468750	-1.698755	-2.545114	
1	-2.767595	-5.468750	-1.698755	-2.545114	
1	-2.734375	-5.482383	-1.699760	-2.547971	
1	-2.734375	-5.482383	-1.699760	-2.547971	
1	-2.685547	-5.500923	-1.700843	-2.551223	
1	-2.685547	-5.500923	-1.700843	-2.551223	
1	-2.637593	-5.517578	-1.701568	-2.553534	
1	-2.637593	-5.517578	-1.701568	-2.553534	
1	-2.636719	-5.517891	-1.701589	-2.553603	
1	-2.636719	-5.517891	-1.701589	-2.553603	
1	-2.587891	-5.534218	-1.702441	-2.556496	
1	-2.587891	-5.534218	-1.702441	-2.556496	
1	-2.539062	-5.549065	-1.703010	-2.558585	
1	-2.539062	-5.549065	-1.703010	-2.558585	
1	-2.490234	-5.562508	-1.703354	-2.559943	
1	-2.490234	-5.562508	-1.703354	-2.559943	
1	-2.474715	-5.566406	-1.703390	-2.560090	
1	-2.474715	-5.566406	-1.703390	-2.560090	
1	-2.441406	-5.575093	-1.703698	-2.561399	
1	-2.441406	-5.575093	-1.703698	-2.561399	
1	-2.392578	-5.586568	-1.703941	-2.562533	
1	-2.392578	-5.586568	-1.703941	-2.562533	
1	-2.343750	-5.596764	-1.704037	-2.563051	
1	-2.343750	-5.596764	-1.704037	-2.563051	
1	-2.294922	-5.605732	-1.704021	-2.563009	
1	-2.294922	-5.605732	-1.704021	-2.563009	
1	-2.246094	-5.613515	-1.703926	-2.562456	
1	-2.246094	-5.613515	-1.703926	-2.562456	
1	-2.233544	-5.615234	-1.703868	-2.562083	
1	-2.233544	-5.615234	-1.703868	-2.562083	
1	-2.197266	-5.620448	-1.703844	-2.561917	
1	-2.197266	-5.620448	-1.703844	-2.561917	
1	-2.148438	-5.626307	-1.703721	-2.561019	
1	-2.148438	-5.626307	-1.703721	-2.561019	
1	-2.099609	-5.631016	-1.703555	-2.559626	
1	-2.099609	-5.631016	-1.703555	-2.559626	
1	-2.050781	-5.634597	-1.703366	-2.557760	
1	-2.050781	-5.634597	-1.703366	-2.557760	
1	-2.001953	-5.637065	-1.703173	-2.555439	
1	-2.001953	-5.637065	-1.703173	-2.555439	
1	-1.953125	-5.638429	-1.702991	-2.552673	
1	-1.953125	-5.638429	-1.702991	-2.552673	
1	-1.904297	-5.638694	-1.702836	-2.549463	
1	-1.904297	-5.638694	-1.702836	-2.549463	
1	-1.855469	-5.637856	-1.702724	-2.545806	
1	-1.855469	-5.637856	-1.702724	-2.545806	
1	-1.806641	-5.635909	-1.702669	-2.541689	
1	-1.806641	-5.635909	-1.702669	-2.541689	
1	-1.757812	-5.632837	-1.702687	-2.537093	
1	-1.757812	-5.632837	-1.702687	-2.537093	
1	-1.708984	-5.628622	-1.702797	-2.531989	
1	-1.708984	-5.628622	-1.702797	-2.531989	
1	-1.660156	-5.623236	-1.703018	-2.526343	
1	-1.660156	-5.623236	-1.703018	-2.526343	
1	-1.611328	-5.616649	-1.703372	-2.520114	
1	-1.611328	-5.616649	-1.703372	-2.520114	
1	-1.602412	-5.615234	-1.703462	-2.518780	
1	-1.602412	-5.615234	-1.703462	-2.518780	
1	-1.562500	-5.609175	-1.703839	-2.513831	
1	-1.562500	-5.609175	-1.703839	-2.513831	
1	-1.513672	-5.600556	-1.704454	-2.507085	
1	-1.513672	-5.600556	-1.704454	-2.507085	
1	-1.464844	-5.590663	-1.705256	-2.499681	
1	-1.464844	-5.590663	-1.705256	-2.499681	
1	-1.416016	-5.579437	-1.706283	-2.491549	
1	-1.416016	-5.579437	-1.706283	-2.491549	
1	-1.367188	-5.566813	-1.707576	-2.482608	
1	-1.367188	-5.566813	-1.707576	-2.482608	
1	-1.365749	-5.566406	-1.707622	-2.482311	
1	-1.365749	-5.566406	-1.707622	-2.482311	
1	-1.318359	-5.553437	-1.708988	-2.473927	
1	-1.318359	-5.553437	-1.708988	-2.473927	
1	-1.269531	-5.538591	-1.710711	-2.464379	
1	-1.269531	-5.538591	-1.710711	-2.464379	
1	-1.220703	-5.522166	-1.712813	-2.453832	
1	-1.220703	-5.522166	-1.712813	-2.453832	
1	-1.208072	-5.517578	-1.713450	-2.450818	
1	-1.208072	-5.517578	-1.713450	-2.450818	
1	-1.171875	-5.504747	-1.715122	-2.443248	
1	-1.171875	-5.504747	-1.715122	-2.443248	
1	-1.123047	-5.485839	-1.717814	-2.431892	
1	-1.123047	-5.485839	-1.717814	-2.431892	
1	-1.082599	-5.468750	-1.720473	-2.421475	
1	-1.082599	-5.468750	-1.720473	-2.421475	
1	-1.074219	-5.465274	-1.720982	-2.419553	
1	-1.074219	-5.465274	-1.720982	-2.419553	
1	-1.025391	-5.443649	-1.724398	-2.407203	
1	-1.025391	-5.443649	-1.724398	-2.407203	
1	-0.976562	-5.419988	-1.728494	-2.393413	
1	-0.976562	-5.419988	-1.728494	-2.393413	
1	-0.976434	-5.419922	-1.728506	-2.393374	
1	-0.976434	-5.419922	-1.728506	-2.393374	
1	-0.927734	-5.395314	-1.732822	-2.379791	
1	-0.927734	-5.395314	-1.732822	-2.379791	
1	-0.883687	-5.371094	-1.737457	-2.366079	
1	-0.883687	-5.371094	-1.737457	-2.366079	
1	-0.878906	-5.368480	-1.737938	-2.364699	
1	-0.878906	-5.368480	-1.737938	-2.364699	
1	-0.830078	-5.340330	-1.743438	-2.349460	
1	-0.830078	-5.340330	-1.743438	-2.349460	
1	-0.800873	-5.322266	-1.747232	-2.339448	
1	-0.800873	-5.322266	-1.747232	-2.339448	
1	-0.781250	-5.310118	-1.749718	-2.333079	
1	-0.781250	-5.310118	-1.749718	-2.333079	
1	-0.732422	-5.277932	-1.756750	-2.315792	
1	-0.732422	-5.277932	-1.756750	-2.315792	
1	-0.725917	-5.273438	-1.757778	-2.313347	
1	-0.725917	-5.273438	-1.757778	-2.313347	
1	-0.683594	-5.243968	-1.764425	-2.297981	
1	-0.683594	-5.243968	-1.764425	-2.297981	
1	-0.657399	-5.224609	-1.769052	-2.287698	
1	-0.657399	-5.224609	-1.769052	-2.287698	
1	-0.634766	-5.207677	-1.773071	-2.279013	
1	-0.634766	-5.207677	-1.773071	-2.279013	
1	-0.594389	-5.175781	-1.781043	-2.262395	
1	-0.594389	-5.175781	-1.781043	-2.262395	
1	-0.585938	-5.168991	-1.782741	-2.258953	
1	-0.585938	-5.168991	-1.782741	-2.258953	
1	-0.537109	-5.127824	-1.793491	-2.237853	
1	-0.537109	-5.127824	-1.793491	-2.237853	
1	-0.536114	-5.126953	-1.793725	-2.237406	
1	-0.536114	-5.126953	-1.793725	-2.237406	
1	-0.488281	-5.084095	-1.805363	-2.215794	
1	-0.488281	-5.084095	-1.805363	-2.215794	
1	-0.481884	-5.078125	-1.807036	-2.212779	
1	-0.481884	-5.078125	-1.807036	-2.212779	
1	-0.439453	-5.037349	-1.818652	-2.192415	
1	-0.439453	-5.037349	-1.818652	-2.192415	
1	-0.431369	-5.029297	-1.821002	-2.188408	
1	-0.431369	-5.029297	-1.821002	-2.188408	
1	-0.390625	-4.987287	-1.833545	-2.167614	
1	-0.390625	-4.987287	-1.833545	-2.167614	
1	-0.384213	-4.980469	-1.835617	-2.164269	
1	-0.384213	-4.980469	-1.835617	-2.164269	
1	-0.341797	-4.933523	-1.850288	-2.141240	
1	-0.341797	-4.933523	-1.850288	-2.141240	
1	-0.340140	-4.931641	-1.850883	-2.140329	
1	-0.340140	-4.931641	-1.850883	-2.140329	
1	-0.298747	-4.882812	-1.866716	-2.116697	
1	-0.298747	-4.882812	-1.866716	-2.116697	
1	-0.292969	-4.875667	-1.869115	-2.113212	
1	-0.292969	-4.875667	-1.869115	-2.113212	
1	-0.259900	-4.833984	-1.883138	-2.093310	
1	-0.259900	-4.833984	-1.883138	-2.093310	
1	-0.244141	-4.812985	-1.890498	-2.083166	
1	-0.244141	-4.812985	-1.890498	-2.083166	
1	-0.223548	-4.785156	-1.900214	-2.070070	
1	-0.223548	-4.785156	-1.900214	-2.070070	
1	-0.195312	-4.744559	-1.915031	-2.050700	
1	-0.195312	-4.744559	-1.915031	-2.050700	
1	-0.189641	-4.736328	-1.918007	-2.046892	
1	-0.189641	-4.736328	-1.918007	-2.046892	
1	-0.157678	-4.687500	-1.936293	-2.024065	
1	-0.157678	-4.687500	-1.936293	-2.024065	
1	-0.146484	-4.669243	-1.943437	-2.015398	
1	-0.146484	-4.669243	-1.943437	-2.015398	
1	-0.127779	-4.638672	-1.955206	-2.001408	
1	-0.127779	-4.638672	-1.955206	-2.001408	
1	-0.100118	-4.589844	-1.974941	-1.978704	
1	-0.100118	-4.589844	-1.974941	-1.978704	
1	-0.097656	-4.585238	-1.976870	-1.976532	
1	-0.097656	-4.585238	-1.976870	-1.976532	
1	-0.073894	-4.541016	-1.994995	-1.956528	
1	-0.073894	-4.541016	-1.994995	-1.956528	
1	-0.049998	-4.492188	-2.016072	-1.934111	
1	-0.049998	-4.492188	-2.016072	-1.934111	
1	-0.048828	-4.489640	-2.017211	-1.932923	
1	-0.048828	-4.489640	-2.017211	-1.932923	
1	-0.027305	-4.443359	-2.037376	-1.912306	
1	-0.027305	-4.443359	-2.037376	-1.912306	
1	-0.006762	-4.394531	-2.059690	-1.890316	
1	-0.006762	-4.394531	-2.059690	-1.890316	
1	0.000000	-4.377041	-2.068006	-1.882331	
1	0.000000	-4.377041	-2.068006	-1.882331	
1	0.012366	-4.345703	-2.082474	-1.868697	
1	0.012366	-4.345703	-2.082474	-1.868697	
1	0.029848	-4.296875	-2.105952	-1.847236	
1	0.029848	-4.296875	-2.105952	-1.847236	
1	0.045413	-4.248047	-2.130412	-1.825703	
1	0.045413	-4.248047	-2.130412	-1.825703	
1	0.048828	-4.236183	-2.136581	-1.820398	
1	0.048828	-4.236183	-2.136581	-1.820398	
1	0.059804	-4.199219	-2.155223	-1.804666	
1	0.059804	-4.199219	-2.155223	-1.804666	
1	0.072607	-4.150391	-2.180783	-1.783792	
1	0.072607	-4.150391	-2.180783	-1.783792	
1	0.083693	-4.101562	-2.207251	-1.762981	
1	0.083693	-4.101562	-2.207251	-1.762981	
1	0.093134	-4.052734	-2.234596	-1.742296	
1	0.093134	-4.052734	-2.234596	-1.742296	
1	0.097656	-4.024884	-2.250726	-1.730464	
1	0.097656	-4.024884	-2.250726	-1.730464	
1	0.101221	-4.003906	-2.262548	-1.721962	
1	0.101221	-4.003906	-2.262548	-1.721962	
1	0.107999	-3.955078	-2.291066	-1.702021	
1	0.107999	-3.955078	-2.291066	-1.702021	
1	0.113208	-3.906250	-2.320432	-1.682302	
1	0.113208	-3.906250	-2.320432	-1.682302	
1	0.116884	-3.857422	-2.350622	-1.662854	
1	0.116884	-3.857422	-2.350622	-1.662854	
1	0.119050	-3.808594	-2.381614	-1.643728	
1	0.119050	-3.808594	-2.381614	-1.643728	
1	0.119727	-3.759766	-2.413389	-1.624972	
1	0.119727	-3.759766	-2.413389	-1.624972	
1	0.118924	-3.710938	-2.445927	-1.606637	
1	0.118924	-3.710938	-2.445927	-1.606637	
1	0.116644	-3.662109	-2.479210	-1.588771	
1	0.116644	-3.662109	-2.479210	-1.588771	
1	0.112885	-3.613281	-2.513221	-1.571427	
1	0.112885	-3.613281	-2.513221	-1.571427	
1	0.107636	-3.564453	-2.547942	-1.554661	
1	0.107636	-3.564453	-2.547942	-1.554661	
1	0.100885	-3.515625	-2.583350	-1.538534	
1	0.100885	-3.515625	-2.583350	-1.538534	
1	0.097656	-3.496519	-2.597603	-1.532319	
1	0.097656	-3.496519	-2.597603	-1.532319	
1	0.093017	-3.466797	-2.618919	-1.523322	
1	0.093017	-3.466797	-2.618919	-1.523322	
1	0.084015	-3.417969	-2.654592	-1.509067	
1	0.084015	-3.417969	-2.654592	-1.509067	
1	0.073624	-3.369141	-2.690612	-1.495709	
1	0.073624	-3.369141	-2.690612	-1.495709	
1	0.061846	-3.320312	-2.726886	-1.483334	
1	0.061846	-3.320312	-2.726886	-1.483334	
1	0.048828	-3.271962	-2.762945	-1.472142	
1	0.048828	-3.271962	-2.762945	-1.472142	
1	0.048710	-3.271484	-2.763280	-1.472043	
1	0.048710	-3.271484	-2.763280	-1.472043	
1	0.035501	-3.222656	-2.798002	-1.462371	
1	0.035501	-3.222656	-2.798002	-1.462371	
1	0.021178	-3.173828	-2.832257	-1.453944	
1	0.021178	-3.173828	-2.832257	-1.453944	
1	0.005830	-3.125000	-2.865779	-1.446850	
1	0.005830	-3.125000	-2.865779	-1.446850	
1	0.000000	-3.107367	-2.877721	-1.444618	
1	0.000000	-3.107367	-2.877721	-1.444618	
1	-0.009438	-3.076172	-2.896961	-1.441369	
1	-0.009438	-3.076172	-2.896961	-1.441369	
1	-0.024770	-3.027344	-2.925818	-1.437362	
1	-0.024770	-3.027344	-2.925818	-1.437362	
1	-0.040508	-2.978516	-2.952626	-1.434686	
1	-0.040508	-2.978516	-2.952626	-1.434686	
1	-0.048828	-2.952902	-2.965684	-1.433797	
1	-0.048828	-2.952902	-2.965684	-1.433797	
1	-0.055658	-2.929688	-2.975926	-1.433314	
1	-0.055658	-2.929688	-2.975926	-1.433314	
1	-0.069837	-2.880859	-2.995092	-1.432990	
1	-0.069837	-2.880859	-2.995092	-1.432990	
1	-0.083589	-2.832031	-3.010713	-1.433408	
1	-0.083589	-2.832031	-3.010713	-1.433408	
1	-0.096626	-2.783203	-3.022341	-1.434264	
1	-0.096626	-2.783203	-3.022341	-1.434264	
1	-0.097656	-2.779032	-3.023085	-1.434340	
1	-0.097656	-2.779032	-3.023085	-1.434340	
1	-0.107478	-2.734375	-3.028147	-1.434958	
1	-0.107478	-2.734375	-3.028147	-1.434958	
1	-0.117027	-2.685547	-3.029299	-1.435105	
1	-0.117027	-2.685547	-3.029299	-1.435105	
1	-0.125156	-2.636719	-3.025770	-1.434231	
1	-0.125156	-2.636719	-3.025770	-1.434231	
1	-0.131668	-2.587891	-3.017512	-1.431821	
1	-0.131668	-2.587891	-3.017512	-1.431821	
1	-0.136404	-2.539062	-3.004604	-1.427358	
1	-0.136404	-2.539062	-3.004604	-1.427358	
1	-0.139247	-2.490234	-2.987245	-1.420348	
1	-0.139247	-2.490234	-2.987245	-1.420348	
1	-0.140121	-2.441406	-2.965745	-1.410348	
1	-0.140121	-2.441406	-2.965745	-1.410348	
1	-0.138991	-2.392578	-2.940509	-1.396980	
1	-0.138991	-2.392578	-2.940509	-1.396980	
1	-0.135856	-2.343750	-2.912012	-1.379949	
1	-0.135856	-2.343750	-2.912012	-1.379949	
1	-0.130745	-2.294922	-2.880780	-1.359044	
1	-0.130745	-2.294922	-2.880780	-1.359044	
1	-0.123707	-2.246094	-2.847360	-1.334140	
1	-0.123707	-2.246094	-2.847360	-1.334140	
1	-0.114808	-2.197266	-2.812310	-1.305191	
1	-0.114808	-2.197266	-2.812310	-1.305191	
1	-0.104117	-2.148438	-2.776178	-1.272224	
1	-0.104117	-2.148438	-2.776178	-1.272224	
1	-0.097656	-2.123377	-2.757208	-1.253589	
1	-0.097656	-2.123377	-2.757208	-1.253589	
1	-0.091012	-2.099609	-2.739102	-1.234910	
1	-0.091012	-2.099609	-2.739102	-1.234910	
1	-0.075376	-2.050781	-2.701621	-1.193289	
1	-0.075376	-2.050781	-2.701621	-1.193289	
1	-0.058075	-2.001953	-2.664737	-1.148050	
1	-0.058075	-2.001953	-2.664737	-1.148050	
1	-0.048828	-1.978452	-2.647195	-1.124863	
1	-0.048828	-1.978452	-2.647195	-1.124863	
1	-0.038111	-1.953125	-2.628517	-1.098851	
1	-0.038111	-1.953125	-2.628517	-1.098851	
1	-0.015561	-1.904297	-2.593611	-1.046066	
1	-0.015561	-1.904297	-2.593611	-1.046066	
1	0.000000	-1.873020	-2.572295	-1.010680	
1	0.000000	-1.873020	-2.572295	-1.010680	
1	0.009340	-1.855469	-2.560690	-0.990221	
1	0.009340	-1.855469	-2.560690	-0.990221	
1	0.037291	-1.806641	-2.530160	-0.931460	
1	0.037291	-1.806641	-2.530160	-0.931460	
1	0.048828	-1.787780	-2.519163	-0.908147	
1	0.048828	-1.787780	-2.519163	-0.908147	
1	0.068320	-1.757812	-2.502674	-0.870412	
1	0.068320	-1.757812	-2.502674	-0.870412	
1	0.097656	-1.714920	-2.481609	-0.815671	
1	0.097656	-1.714920	-2.481609	-0.815671	
1	0.101970	-1.708984	-2.478930	-0.808009	
1	0.101970	-1.708984	-2.478930	-0.808009	
1	0.139619	-1.660156	-2.459348	-0.744667	
1	0.139619	-1.660156	-2.459348	-0.744667	
1	0.146484	-1.651715	-2.456437	-0.733723	
1	0.146484	-1.651715	-2.456437	-0.733723	
1	0.181174	-1.611328	-2.444560	-0.681654	
1	0.181174	-1.611328	-2.444560	-0.681654	
1	0.195312	-1.595602	-2.440901	-0.661675	
1	0.195312	-1.595602	-2.440901	-0.661675	
1	0.226744	-1.562500	-2.435014	-0.620394	
1	0.226744	-1.562500	-2.435014	-0.620394	
1	0.244141	-1.544977	-2.432916	-0.599146	
1	0.244141	-1.544977	-2.432916	-0.599146	
1	0.276969	-1.513672	-2.430915	-0.562546	
1	0.276969	-1.513672	-2.430915	-0.562546	
1	0.292969	-1.499066	-2.430735	-0.546207	
1	0.292969	-1.499066	-2.430735	-0.546207	
1	0.332571	-1.464844	-2.432087	-0.510232	
1	0.332571	-1.464844	-2.432087	-0.510232	
1	0.341797	-1.457206	-2.432705	-0.502712	
1	0.341797	-1.457206	-2.432705	-0.502712	
1	0.390625	-1.419127	-2.437222	-0.468663	
1	0.390625	-1.419127	-2.437222	-0.468663	
1	0.394919	-1.416016	-2.437675	-0.466183	
1	0.394919	-1.416016	-2.437675	-0.466183	
1	0.439453	-1.385137	-2.442562	-0.444390	
1	0.439453	-1.385137	-2.442562	-0.444390	
1	0.466817	-1.367188	-2.445504	-0.434263	
1	0.466817	-1.367188	-2.445504	-0.434263	
1	0.488281	-1.353708	-2.447584	-0.428071	
1	0.488281	-1.353708	-2.447584	-0.428071	
1	0.537109	-1.324896	-2.451021	-0.419404	
1	0.537109	-1.324896	-2.451021	-0.419404	
1	0.549064	-1.318359	-2.451435	-0.418500	
1	0.549064	-1.318359	-2.451435	-0.418500	
1	0.585938	-1.299059	-2.451554	-0.418164	
1	0.585938	-1.299059	-2.451554	-0.418164	
1	0.634766	-1.274562	-2.449025	-0.422242	
1	0.634766	-1.274562	-2.449025	-0.422242	
1	0.645512	-1.269531	-2.447893	-0.423947	
1	0.645512	-1.269531	-2.447893	-0.423947	
1	0.683594	-1.252419	-2.442218	-0.431859	
1	0.683594	-1.252419	-2.442218	-0.431859	
1	0.732422	-1.230992	-2.431545	-0.445047	
1	0.732422	-1.230992	-2.431545	-0.445047	
1	0.756548	-1.220703	-2.424731	-0.452742	
1	0.756548	-1.220703	-2.424731	-0.452742	
1	0.781250	-1.210527	-2.416562	-0.461437	
1	0.781250	-1.210527	-2.416562	-0.461437	
1	0.830078	-1.190585	-2.397356	-0.480186	
1	0.830078	-1.190585	-2.397356	-0.480186	
1	0.874438	-1.171875	-2.376859	-0.498274	
1	0.874438	-1.171875	-2.376859	-0.498274	
1	0.878906	-1.170037	-2.374583	-0.500186	
1	0.878906	-1.170037	-2.374583	-0.500186	
1	0.927734	-1.149955	-2.347539	-0.521671	
1	0.927734	-1.149955	-2.347539	-0.521671	
1	0.976562	-1.128340	-2.317564	-0.543303	
1	0.976562	-1.128340	-2.317564	-0.543303	
1	0.988138	-1.123047	-2.309997	-0.548462	
1	0.988138	-1.123047	-2.309997	-0.548462	
1	1.025391	-1.106150	-2.284090	-0.565329	
1	1.025391	-1.106150	-2.284090	-0.565329	
1	1.074219	-1.082056	-2.248023	-0.587007	
1	1.074219	-1.082056	-2.248023	-0.587007	
1	1.089244	-1.074219	-2.236432	-0.593580	
1	1.089244	-1.074219	-2.236432	-0.593580	
1	1.123047	-1.056479	-2.209136	-0.608383	
1	1.123047	-1.056479	-2.209136	-0.608383	
1	1.171875	-1.028306	-2.168119	-0.629002	
1	1.171875	-1.028306	-2.168119	-0.629002	
1	1.176688	-1.025391	-2.163958	-0.630993	
1	1.176688	-1.025391	-2.163958	-0.630993	
1	1.220703	-0.998178	-2.124574	-0.648995	
1	1.220703	-0.998178	-2.124574	-0.648995	
1	1.252665	-0.976562	-2.095147	-0.661505	
1	1.252665	-0.976562	-2.095147	-0.661505	
1	1.269531	-0.964799	-2.079177	-0.667979	
1	1.269531	-0.964799	-2.079177	-0.667979	
1	1.318359	-0.928028	-2.031864	-0.685929	
1	1.318359	-0.928028	-2.031864	-0.685929	
1	1.318732	-0.927734	-2.031495	-0.686062	
1	1.318732	-0.927734	-2.031495	-0.686062	
1	1.367188	-0.887867	-1.982456	-0.702827	
1	1.367188	-0.887867	-1.982456	-0.702827	
1	1.377437	-0.878906	-1.971847	-0.706222	
1	1.377437	-0.878906	-1.971847	-0.706222	
1	1.416016	-0.843289	-1.931194	-0.718493	
1	1.416016	-0.843289	-1.931194	-0.718493	
1	1.429645	-0.830078	-1.916500	-0.722647	
1	1.429645	-0.830078	-1.916500	-0.722647	
1	1.464844	-0.793697	-1.877960	-0.732850	
1	1.464844	-0.793697	-1.877960	-0.732850	
1	1.476446	-0.781250	-1.864944	-0.736073	
1	1.476446	-0.781250	-1.864944	-0.736073	
1	1.513672	-0.738257	-1.822576	-0.745799	
1	1.513672	-0.738257	-1.822576	-0.745799	
1	1.518592	-0.732422	-1.816827	-0.747029	
1	1.518592	-0.732422	-1.816827	-0.747029	
1	1.556936	-0.683594	-1.771401	-0.756005	
1	1.556936	-0.683594	-1.771401	-0.756005	
1	1.562500	-0.675911	-1.764725	-0.757214	
1	1.562500	-0.675911	-1.764725	-0.757214	
1	1.592003	-0.634766	-1.728256	-0.763316	
1	1.592003	-0.634766	-1.728256	-0.763316	
1	1.611328	-0.604989	-1.703951	-0.766915	
1	1.611328	-0.604989	-1.703951	-0.766915	
1	1.623679	-0.585938	-1.687920	-0.769084	
1	1.623679	-0.585938	-1.687920	-0.769084	
1	1.652557	-0.537109	-1.649703	-0.773595	
1	1.652557	-0.537109	-1.649703	-0.773595	
1	1.660156	-0.523027	-1.639457	-0.774645	
1	1.660156	-0.523027	-1.639457	-0.774645	
1	1.679148	-0.488281	-1.612968	-0.777048	
1	1.679148	-0.488281	-1.612968	-0.777048	
1	1.703001	-0.439453	-1.578646	-0.779483	
1	1.703001	-0.439453	-1.578646	-0.779483	
1	1.708984	-0.425981	-1.569818	-0.779984	
1	1.708984	-0.425981	-1.569818	-0.779984	
1	1.725091	-0.390625	-1.545235	-0.781108	
1	1.725091	-0.390625	-1.545235	-0.781108	
1	1.744916	-0.341797	-1.513702	-0.781952	
1	1.744916	-0.341797	-1.513702	-0.781952	
1	1.757812	-0.305963	-1.492179	-0.782138	
1	1.757812	-0.305963	-1.492179	-0.782138	
1	1.762662	-0.292969	-1.483833	-0.782123	
1	1.762662	-0.292969	-1.483833	-0.782123	
1	1.779096	-0.244141	-1.454390	-0.781677	
1	1.779096	-0.244141	-1.454390	-0.781677	
1	1.793430	-0.195312	-1.426797	-0.780690	
1	1.793430	-0.195312	-1.426797	-0.780690	
1	1.805845	-0.146484	-1.400792	-0.779243	
1	1.805845	-0.146484	-1.400792	-0.779243	
1	1.806641	-0.142925	-1.399020	-0.779126	
1	1.806641	-0.142925	-1.399020	-0.779126	
1	1.817322	-0.097656	-1.374742	-0.777274	
1	1.817322	-0.097656	-1.374742	-0.777274	
1	1.827125	-0.048828	-1.349942	-0.774903	
1	1.827125	-0.048828	-1.349942	-0.774903	
1	1.835308	0.000000	-1.326334	-0.772178	
1	1.835308	0.000000	-1.326334	-0.772178	
1	1.841970	0.048828	-1.303767	-0.769133	
1	1.841970	0.048828	-1.303767	-0.769133	
1	1.847194	0.097656	-1.282118	-0.765791	
1	1.847194	0.097656	-1.282118	-0.765791	
1	1.851045	0.146484	-1.261286	-0.762173	
1	1.851045	0.146484	-1.261286	-0.762173	
1	1.853575	0.195312	-1.241191	-0.758293	
1	1.853575	0.195312	-1.241191	-0.758293	
1	1.854821	0.244141	-1.221774	-0.754166	
1	1.854821	0.244141	-1.221774	-0.754166	
1	1.854808	0.292969	-1.202994	-0.749806	
1	1.854808	0.292969	-1.202994	-0.749806	
1	1.853549	0.341797	-1.184829	-0.745227	
1	1.853549	0.341797	-1.184829	-0.745227	
1	1.851043	0.390625	-1.167273	-0.740449	
1	1.851043	0.390625	-1.167273	-0.740449	
1	1.847280	0.439453	-1.150331	-0.735492	
1	1.847280	0.439453	-1.150331	-0.735492	
1	1.842240	0.488281	-1.134024	-0.730385	
1	1.842240	0.488281	-1.134024	-0.730385	
1	1.835892	0.537109	-1.118381	-0.725160	
1	1.835892	0.537109	-1.118381	-0.725160	
1	1.828195	0.585938	-1.103444	-0.719855	
1	1.828195	0.585938	-1.103444	-0.719855	
1	1.819100	0.634766	-1.089257	-0.714516	
1	1.819100	0.634766	-1.089257	-0.714516	
1	1.808549	0.683594	-1.075874	-0.709195	
1	1.808549	0.683594	-1.075874	-0.709195	
1	1.806641	0.691470	-1.073893	-0.708383	
1	1.806641	0.691470	-1.073893	-0.708383	
1	1.797183	0.732422	-1.062304	-0.703502	
1	1.797183	0.732422	-1.062304	-0.703502	
1	1.784432	0.781250	-1.049378	-0.697780	
1	1.784432	0.781250	-1.049378	-0.697780	
1	1.770074	0.830078	-1.037371	-0.692187	
1	1.770074	0.830078	-1.037371	-0.692187	
1	1.757812	0.867641	-1.028894	-0.688067	
1	1.757812	0.867641	-1.028894	-0.688067	
1	1.754267	0.878906	-1.026001	-0.686627	
1	1.754267	0.878906	-1.026001	-0.686627	
1	1.737552	0.927734	-1.014474	-0.680709	
1	1.737552	0.927734	-1.014474	-0.680709	
1	1.718989	0.976562	-1.004044	-0.675092	
1	1.718989	0.976562	-1.004044	-0.675092	
1	1.708984	1.000827	-0.999365	-0.672486	
1	1.708984	1.000827	-0.999365	-0.672486	
1	1.699105	1.025391	-0.993933	-0.669389	
1	1.699105	1.025391	-0.993933	-0.669389	
1	1.677810	1.074219	-0.984209	-0.663644	
1	1.677810	1.074219	-0.984209	-0.663644	
1	1.660156	1.111333	-0.977705	-0.659647	
1	1.660156	1.111333	-0.977705	-0.659647	
1	1.654674	1.123047	-0.975360	-0.658175	
1	1.654674	1.123047	-0.975360	-0.658175	
1	1.630309	1.171875	-0.966545	-0.652476	
1	1.630309	1.171875	-0.966545	-0.652476	
1	1.611328	1.206932	-0.961087	-0.648810	
1	1.611328	1.206932	-0.961087	-0.648810	
1	1.603928	1.220703	-0.958660	-0.647144	
1	1.603928	1.220703	-0.958660	-0.647144	
1	1.576033	1.269531	-0.951017	-0.641740	
1	1.576033	1.269531	-0.951017	-0.641740	
1	1.562500	1.291721	-0.948007	-0.639543	
1	1.562500	1.291721	-0.948007	-0.639543	
1	1.546234	1.318359	-0.943984	-0.636539	
1	1.546234	1.318359	-0.943984	-0.636539	
1	1.514223	1.367188	-0.937792	-0.631755	
1	1.514223	1.367188	-0.937792	-0.631755	
1	1.513672	1.367996	-0.937698	-0.631680	
1	1.513672	1.367996	-0.937698	-0.631680	
1	1.480631	1.416016	-0.931653	-0.626792	
1	1.480631	1.416016	-0.931653	-0.626792	
1	1.464844	1.437619	-0.929364	-0.624879	
1	1.464844	1.437619	-0.929364	-0.624879	
1	1.444628	1.464844	-0.926330	-0.622285	
1	1.444628	1.464844	-0.926330	-0.622285	
1	1.416016	1.501369	-0.922890	-0.619254	
1	1.416016	1.501369	-0.922890	-0.619254	
1	1.406161	1.513672	-0.921720	-0.618199	
1	1.406161	1.513672	-0.921720	-0.618199	
1	1.367188	1.560103	-0.917953	-0.614706	
1	1.367188	1.560103	-0.917953	-0.614706	
1	1.365117	1.562500	-0.917768	-0.614531	
1	1.365117	1.562500	-0.917768	-0.614531	
1	1.321394	1.611328	-0.914396	-0.611249	
1	1.321394	1.611328	-0.914396	-0.611249	
1	1.318359	1.614606	-0.914189	-0.611043	
1	1.318359	1.614606	-0.914189	-0.611043	
1	1.274583	1.660156	-0.911769	-0.608565	
1	1.274583	1.660156	-0.911769	-0.608565	
1	1.269531	1.665254	-0.911517	-0.608299	
1	1.269531	1.665254	-0.911517	-0.608299	
1	1.224271	1.708984	-0.909992	-0.606654	
1	1.224271	1.708984	-0.909992	-0.606654	
1	1.220703	1.712348	-0.909873	-0.606522	
1	1.220703	1.712348	-0.909873	-0.606522	
1	1.171875	1.756234	-0.909112	-0.605660	
1	1.171875	1.756234	-0.909112	-0.605660	
1	1.170027	1.757812	-0.909119	-0.605668	
1	1.170027	1.757812	-0.909119	-0.605668	
1	1.123047	1.797335	-0.909002	-0.605527	
1	1.123047	1.797335	-0.909002	-0.605527	
1	1.111270	1.806641	-0.909244	-0.605824	
1	1.111270	1.806641	-0.909244	-0.605824	
1	1.074219	1.835653	-0.909644	-0.606322	
1	1.074219	1.835653	-0.909644	-0.606322	
1	1.047085	1.855469	-0.910580	-0.607530	
1	1.047085	1.855469	-0.910580	-0.607530	
1	1.025391	1.871260	-0.911056	-0.608158	
1	1.025391	1.871260	-0.911056	-0.608158	
1	0.976562	1.904184	-0.913273	-0.611190	
1	0.976562	1.904184	-0.913273	-0.611190	
1	0.976384	1.904297	-0.913284	-0.611206	
1	0.976384	1.904297	-0.913284	-0.611206	
1	0.927734	1.935352	-0.915604	-0.614524	
1	0.927734	1.935352	-0.915604	-0.614524	
1	0.897242	1.953125	-0.917770	-0.617738	
1	0.897242	1.953125	-0.917770	-0.617738	
1	0.878906	1.963933	-0.918755	-0.619233	
1	0.878906	1.963933	-0.918755	-0.619233	
1	0.830078	1.990486	-0.922317	-0.624798	
1	0.830078	1.990486	-0.922317	-0.624798	
1	0.806986	2.001953	-0.924440	-0.628229	
1	0.806986	2.001953	-0.924440	-0.628229	
1	0.781250	2.014993	-0.926328	-0.631348	
1	0.781250	2.014993	-0.926328	-0.631348	
1	0.732422	2.037512	-0.930762	-0.638918	
1	0.732422	2.037512	-0.930762	-0.638918	
1	0.700463	2.050781	-0.934179	-0.644974	
1	0.700463	2.050781	-0.934179	-0.644974	
1	0.683594	2.057989	-0.935668	-0.647672	
1	0.683594	2.057989	-0.935668	-0.647672	
1	0.634766	2.076878	-0.940729	-0.657113	
1	0.634766	2.076878	-0.940729	-0.657113	
1	0.585938	2.093554	-0.946382	-0.668140	
1	0.585938	2.093554	-0.946382	-0.668140	
1	0.565921	2.099609	-0.948957	-0.673332	
1	0.565921	2.099609	-0.948957	-0.673332	
1	0.537109	2.108686	-0.952165	-0.679946	
1	0.537109	2.108686	-0.952165	-0.679946	
1	0.488281	2.122137	-0.958172	-0.692772	
1	0.488281	2.122137	-0.958172	-0.692772	
1	0.439453	2.133648	-0.964555	-0.707044	
1	0.439453	2.133648	-0.964555	-0.707044	
1	0.390625	2.143312	-0.971235	-0.722698	
1	0.390625	2.143312	-0.971235	-0.722698	
1	0.358974	2.148438	-0.975799	-0.733831	
1	0.358974	2.148438	-0.975799	-0.733831	
1	0.341797	2.151375	-0.978047	-0.739447	
1	0.341797	2.151375	-0.978047	-0.739447	
1	0.292969	2.157934	-0.984926	-0.757197	
1	0.292969	2.157934	-0.984926	-0.757197	
1	0.244141	2.162723	-0.992003	-0.776377	
1	0.244141	2.162723	-0.992003	-0.776377	
1	0.195312	2.165772	-0.999236	-0.796989	
1	0.195312	2.165772	-0.999236	-0.796989	
1	0.146484	2.167097	-1.006588	-0.819055	
1	0.146484	2.167097	-1.006588	-0.819055	
1	0.097656	2.166695	-1.014031	-0.842614	
1	0.097656	2.166695	-1.014031	-0.842614	
1	0.048828	2.164554	-1.021542	-0.867725	
1	0.048828	2.164554	-1.021542	-0.867725	
1	0.000000	2.160642	-1.029100	-0.894463	
1	0.000000	2.160642	-1.029100	-0.894463	
1	-0.048828	2.154922	-1.036687	-0.922921	
1	-0.048828	2.154922	-1.036687	-0.922921	
1	-0.090785	2.148438	-1.043249	-0.948956	
1	-0.090785	2.148438	-1.043249	-0.948956	
1	-0.097656	2.147388	-1.044269	-0.953129	
1	-0.097656	2.147388	-1.044269	-0.953129	
1	-0.146484	2.138252	-1.051733	-0.984788	
1	-0.146484	2.138252	-1.051733	-0.984788	
1	-0.195312	2.127141	-1.059183	-1.018489	
1	-0.195312	2.127141	-1.059183	-1.018489	
1	-0.244141	2.113975	-1.066600	-1.054372	
1	-0.244141	2.113975	-1.066600	-1.054372	
1	-0.290170	2.099609	-1.073540	-1.090325	
1	-0.290170	2.099609	-1.073540	-1.090325	
1	-0.292969	2.098713	-1.073949	-1.092518	
1	-0.292969	2.098713	-1.073949	-1.092518	
1	-0.341797	2.081560	-1.081132	-1.132620	
1	-0.341797	2.081560	-1.081132	-1.132620	
1	-0.390625	2.062063	-1.088233	-1.175384	
1	-0.390625	2.062063	-1.088233	-1.175384	
1	-0.416633	2.050781	-1.091952	-1.199156	
1	-0.416633	2.050781	-1.091952	-1.199156	
1	-0.439453	2.040223	-1.095206	-1.220809	
1	-0.439453	2.040223	-1.095206	-1.220809	
1	-0.488281	2.015858	-1.102050	-1.269172	
1	-0.488281	2.015858	-1.102050	-1.269172	
1	-0.514557	2.001953	-1.105615	-1.296021	
1	-0.514557	2.001953	-1.105615	-1.296021	
1	-0.537109	1.988720	-1.108775	-1.320842	
1	-0.537109	1.988720	-1.108775	-1.320842	
1	-0.585938	1.958652	-1.115374	-1.376031	
1	-0.585938	1.958652	-1.115374	-1.376031	
1	-0.594950	1.953125	-1.116517	-1.386074	
1	-0.594950	1.953125	-1.116517	-1.386074	
1	-0.634766	1.924617	-1.121993	-1.436281	
1	-0.634766	1.924617	-1.121993	-1.436281	
1	-0.663256	1.904297	-1.125638	-1.471658	
1	-0.663256	1.904297	-1.125638	-1.471658	
1	-0.683594	1.886348	-1.128635	-1.501905	
1	-0.683594	1.886348	-1.128635	-1.501905	
1	-0.720516	1.855469	-1.133551	-1.553712	
1	-0.720516	1.855469	-1.133551	-1.553712	
1	-0.732422	1.841960	-1.135559	-1.575592	
1	-0.732422	1.841960	-1.135559	-1.575592	
1	-0.767728	1.806641	-1.140674	-1.632857	
1	-0.767728	1.806641	-1.140674	-1.632857	
1	-0.781250	1.784757	-1.143647	-1.666896	
1	-0.781250	1.784757	-1.143647	-1.666896	
1	-0.802611	1.757812	-1.147293	-1.709049	
1	-0.802611	1.757812	-1.147293	-1.709049	
1	-0.818071	1.708984	-1.153549	-1.781474	
1	-0.818071	1.708984	-1.153549	-1.781474	
1	-0.813425	1.660156	-1.159513	-1.849959	
1	-0.813425	1.660156	-1.159513	-1.849959	
1	-0.793491	1.611328	-1.165155	-1.915008	
1	-0.793491	1.611328	-1.165155	-1.915008	
1	-0.781250	1.593230	-1.167126	-1.938153	
1	-0.781250	1.593230	-1.167126	-1.938153	
1	-0.768649	1.562500	-1.170417	-1.977892	
1	-0.768649	1.562500	-1.170417	-1.977892	
1	-0.743103	1.513672	-1.175128	-2.039132	
1	-0.743103	1.513672	-1.175128	-2.039132	
1	-0.732422	1.496214	-1.176627	-2.060520	
1	-0.732422	1.496214	-1.176627	-2.060520	
1	-0.719273	1.464844	-1.179072	-2.098964	
1	-0.719273	1.464844	-1.179072	-2.098964	
1	-0.697690	1.416016	-1.181993	-2.157337	
1	-0.697690	1.416016	-1.181993	-2.157337	
1	-0.683594	1.383636	-1.183228	-2.195140	
1	-0.683594	1.383636	-1.183228	-2.195140	
1	-0.678308	1.367188	-1.183609	-2.214098	
1	-0.678308	1.367188	-1.183609	-2.214098	
1	-0.663330	1.318359	-1.183621	-2.269005	
1	-0.663330	1.318359	-1.183621	-2.269005	
1	-0.651064	1.269531	-1.181713	-2.321614	
1	-0.651064	1.269531	-1.181713	-2.321614	
1	-0.642447	1.220703	-1.177581	-2.371370	
1	-0.642447	1.220703	-1.177581	-2.371370	
1	-0.638570	1.171875	-1.170983	-2.417385	
1	-0.638570	1.171875	-1.170983	-2.417385	
1	-0.640828	1.123047	-1.161884	-2.458305	
1	-0.640828	1.123047	-1.161884	-2.458305	
1	-0.651158	1.074219	-1.150775	-2.492111	
1	-0.651158	1.074219	-1.150775	-2.492111	
1	-0.672411	1.025391	-1.139381	-2.515898	
1	-0.672411	1.025391	-1.139381	-2.515898	
1	-0.683594	1.010448	-1.136848	-2.519965	
1	-0.683594	1.010448	-1.136848	-2.519965	
1	-0.717068	0.976562	-1.134923	-2.522915	
1	-0.717068	0.976562	-1.134923	-2.522915	
1	-0.732422	0.966879	-1.137209	-2.520843	
1	-0.732422	0.966879	-1.137209	-2.520843	
1	-0.781250	0.947028	-1.152779	-2.510112	
1	-0.781250	0.947028	-1.152779	-2.510112	
1	-0.830078	0.937892	-1.177549	-2.498694	
1	-0.830078	0.937892	-1.177549	-2.498694	
1	-0.878906	0.938201	-1.208527	-2.490124	
1	-0.878906	0.938201	-1.208527	-2.490124	
1	-0.927734	0.946612	-1.242264	-2.486359	
1	-0.927734	0.946612	-1.242264	-2.486359	
1	-0.976562	0.961861	-1.275334	-2.488046	
1	-0.976562	0.961861	-1.275334	-2.488046	
1	-1.010187	0.976562	-1.295933	-2.492175	
1	-1.010187	0.976562	-1.295933	-2.492175	
1	-1.025391	0.986016	-1.303934	-2.494577	
1	-1.025391	0.986016	-1.303934	-2.494577	
1	-1.074219	1.024146	-1.322351	-2.502728	
1	-1.074219	1.024146	-1.322351	-2.502728	
1	-1.075538	1.025391	-1.322651	-2.502912	
1	-1.075538	1.025391	-1.322651	-2.502912	
1	-1.109703	1.074219	-1.321067	-2.501098	
1	-1.109703	1.074219	-1.321067	-2.501098	
1	-1.123047	1.105336	-1.313594	-2.492948	
1	-1.123047	1.105336	-1.313594	-2.492948	
1	-1.129562	1.123047	-1.308443	-2.486459	
1	-1.129562	1.123047	-1.308443	-2.486459	
1	-1.137994	1.171875	-1.290744	-2.459474	
1	-1.137994	1.171875	-1.290744	-2.459474	
1	-1.139372	1.220703	-1.271979	-2.422784	
1	-1.139372	1.220703	-1.271979	-2.422784	
1	-1.135205	1.269531	-1.253805	-2.378191	
1	-1.135205	1.269531	-1.253805	-2.378191	
1	-1.126816	1.318359	-1.237052	-2.327345	
1	-1.126816	1.318359	-1.237052	-2.327345	
1	-1.123047	1.335557	-1.231558	-2.308202	
1	-1.123047	1.335557	-1.231558	-2.308202	
1	-1.113402	1.367188	-1.221909	-2.271072	
1	-1.113402	1.367188	-1.221909	-2.271072	
1	-1.096550	1.416016	-1.208539	-2.210754	
1	-1.096550	1.416016	-1.208539	-2.210754	
1	-1.078495	1.464844	-1.196890	-2.147558	
1	-1.078495	1.464844	-1.196890	-2.147558	
1	-1.074219	1.477550	-1.194130	-2.130817	
1	-1.074219	1.477550	-1.194130	-2.130817	
1	-1.055959	1.513672	-1.186623	-2.081285	
1	-1.055959	1.513672	-1.186623	-2.081285	
1	-1.034005	1.562500	-1.177652	-2.013299	
1	-1.034005	1.562500	-1.177652	-2.013299	
1	-1.025391	1.587748	-1.173472	-1.977913	
1	-1.025391	1.587748	-1.173472	-1.977913	
1	-1.011583	1.611328	-1.169678	-1.943600	
1	-1.011583	1.611328	-1.169678	-1.943600	
1	-0.994968	1.660156	-1.162549	-1.873224	
1	-0.994968	1.660156	-1.162549	-1.873224	
1	-0.993693	1.708984	-1.156153	-1.803364	
1	-0.993693	1.708984	-1.156153	-1.803364	
1	-1.014972	1.757812	-1.150439	-1.734672	
1	-1.014972	1.757812	-1.150439	-1.734672	
1	-1.025391	1.768584	-1.149292	-1.719938	
1	-1.025391	1.768584	-1.149292	-1.719938	
1	-1.053735	1.806641	-1.145376	-1.666120	
1	-1.053735	1.806641	-1.145376	-1.666120	
1	-1.074219	1.823886	-1.143783	-1.642087	
1	-1.074219	1.823886	-1.143783	-1.642087	
1	-1.107173	1.855469	-1.141084	-1.596825	
1	-1.107173	1.855469	-1.141084	-1.596825	
1	-1.123047	1.866761	-1.140229	-1.580721	
1	-1.123047	1.866761	-1.140229	-1.580721	
1	-1.171875	1.903469	-1.137817	-1.527000	
1	-1.171875	1.903469	-1.137817	-1.527000	
1	-1.172934	1.904297	-1.137770	-1.525765	
1	-1.172934	1.904297	-1.137770	-1.525765	
1	-1.220703	1.935272	-1.136314	-1.479285	
1	-1.220703	1.935272	-1.136314	-1.479285	
1	-1.249312	1.953125	-1.135753	-1.451824	
1	-1.249312	1.953125	-1.135753	-1.451824	
1	-1.269531	1.964156	-1.135524	-1.434628	
1	-1.269531	1.964156	-1.135524	-1.434628	
1	-1.318359	1.990091	-1.135382	-1.393181	
1	-1.318359	1.990091	-1.135382	-1.393181	
1	-1.342084	2.001953	-1.135528	-1.373704	
1	-1.342084	2.001953	-1.135528	-1.373704	
1	-1.367188	2.013508	-1.135817	-1.354339	
1	-1.367188	2.013508	-1.135817	-1.354339	
1	-1.416016	2.034629	-1.136774	-1.317801	
1	-1.416016	2.034629	-1.136774	-1.317801	
1	-1.457611	2.050781	-1.137951	-1.288579	
1	-1.457611	2.050781	-1.137951	-1.288579	
1	-1.464844	2.053468	-1.138190	-1.283595	
1	-1.464844	2.053468	-1.138190	-1.283595	
1	-1.513672	2.070590	-1.140055	-1.250830	
1	-1.513672	2.070590	-1.140055	-1.250830	
1	-1.562500	2.085623	-1.142287	-1.220145	
1	-1.562500	2.085623	-1.142287	-1.220145	
1	-1.611328	2.098636	-1.144831	-1.191449	
1	-1.611328	2.098636	-1.144831	-1.191449	
1	-1.615408	2.099609	-1.145052	-1.189179	
1	-1.615408	2.099609	-1.145052	-1.189179	
1	-1.660156	2.110335	-1.147753	-1.163586	
1	-1.660156	2.110335	-1.147753	-1.163586	
1	-1.708984	2.120270	-1.150945	-1.137312	
1	-1.708984	2.120270	-1.150945	-1.137312	
1	-1.757812	2.128462	-1.154364	-1.112595	
1	-1.757812	2.128462	-1.154364	-1.112595	
1	-1.806641	2.134985	-1.157978	-1.089312	
1	-1.806641	2.134985	-1.157978	-1.089312	
1	-1.855469	2.139907	-1.161765	-1.067343	
1	-1.855469	2.139907	-1.161765	-1.067343	
1	-1.904297	2.143286	-1.165704	-1.046585	
1	-1.904297	2.143286	-1.165704	-1.046585	
1	-1.953125	2.145166	-1.169776	-1.026953	
1	-1.953125	2.145166	-1.169776	-1.026953	
1	-2.001953	2.145575	-1.173962	-1.008384	
1	-2.001953	2.145575	-1.173962	-1.008384	
1	-2.050781	2.144524	-1.178239	-0.990839	
1	-2.050781	2.144524	-1.178239	-0.990839	
1	-2.099609	2.142009	-1.182582	-0.974304	
1	-2.099609	2.142009	-1.182582	-0.974304	
1	-2.148438	2.138007	-1.186957	-0.958788	
1	-2.148438	2.138007	-1.186957	-0.958788	
1	-2.197266	2.132478	-1.191321	-0.944321	
1	-2.197266	2.132478	-1.191321	-0.944321	
1	-2.246094	2.125364	-1.195622	-0.930957	
1	-2.246094	2.125364	-1.195622	-0.930957	
1	-2.294922	2.116589	-1.199796	-0.918768	
1	-2.294922	2.116589	-1.199796	-0.918768	
1	-2.343750	2.106060	-1.203762	-0.907841	
1	-2.343750	2.106060	-1.203762	-0.907841	
1	-2.369396	2.099609	-1.205627	-0.902917	
1	-2.369396	2.099609	-1.205627	-0.902917	
1	-2.392578	2.094117	-1.207694	-0.897608	
1	-2.392578	2.094117	-1.207694	-0.897608	
1	-2.441406	2.080793	-1.211614	-0.887971	
1	-2.441406	2.080793	-1.211614	-0.887971	
1	-2.490234	2.065444	-1.215119	-0.879821	
1	-2.490234	2.065444	-1.215119	-0.879821	
1	-2.531247	2.050781	-1.217587	-0.874348	
1	-2.531247	2.050781	-1.217587	-0.874348	
1	-2.539062	2.048108	-1.218206	-0.873008	
1	-2.539062	2.048108	-1.218206	-0.873008	
1	-2.587891	2.029582	-1.221402	-0.866317	
1	-2.587891	2.029582	-1.221402	-0.866317	
1	-2.636719	2.008560	-1.223826	-0.861505	
1	-2.636719	2.008560	-1.223826	-0.861505	
1	-2.650727	2.001953	-1.224293	-0.860606	
1	-2.650727	2.001953	-1.224293	-0.860606	
1	-2.685547	1.985959	-1.226114	-0.857189	
1	-2.685547	1.985959	-1.226114	-0.857189	
1	-2.734375	1.960909	-1.227653	-0.854436	
1	-2.734375	1.960909	-1.227653	-0.854436	
1	-2.748339	1.953125	-1.227827	-0.854135	
1	-2.748339	1.953125	-1.227827	-0.854135	
1	-2.783203	1.933943	-1.228847	-0.852407	
1	-2.783203	1.933943	-1.228847	-0.852407	
1	-2.831623	1.904297	-1.228945	-0.852256	
1	-2.831623	1.904297	-1.228945	-0.852256	
1	-2.832031	1.904048	-1.228951	-0.852245	
1	-2.832031	1.904048	-1.228951	-0.852245	
1	-2.880859	1.872249	-1.228789	-0.852500	
1	-2.880859	1.872249	-1.228789	-0.852500	
1	-2.904438	1.855469	-1.228042	-0.853617	
1	-2.904438	1.855469	-1.228042	-0.853617	
1	-2.929688	1.837315	-1.227444	-0.854489	
1	-2.929688	1.837315	-1.227444	-0.854489	
1	-2.969075	1.806641	-1.225357	-0.857418	
1	-2.969075	1.806641	-1.225357	-0.857418	
1	-2.978516	1.799139	-1.224877	-0.858074	
1	-2.978516	1.799139	-1.224877	-0.858074	
1	-3.026993	1.757812	-1.221017	-0.863173	
1	-3.026993	1.757812	-1.221017	-0.863173	
1	-3.027344	1.757504	-1.220987	-0.863212	
1	-3.027344	1.757504	-1.220987	-0.863212	
1	-3.076172	1.712145	-1.215667	-0.869862	
1	-3.076172	1.712145	-1.215667	-0.869862	
1	-3.079399	1.708984	-1.215242	-0.870379	
1	-3.079399	1.708984	-1.215242	-0.870379	
1	-3.125000	1.662174	-1.208319	-0.878543	
1	-3.125000	1.662174	-1.208319	-0.878543	
1	-3.126881	1.660156	-1.207998	-0.878912	
1	-3.126881	1.660156	-1.207998	-0.878912	
1	-3.170116	1.611328	-1.199417	-0.888480	
1	-3.170116	1.611328	-1.199417	-0.888480	
1	-3.173828	1.606861	-1.198529	-0.889442	
1	-3.173828	1.606861	-1.198529	-0.889442	
1	-3.209603	1.562500	-1.189593	-0.898875	
1	-3.209603	1.562500	-1.189593	-0.898875	
1	-3.222656	1.544962	-1.185531	-0.903028	
1	-3.222656	1.544962	-1.185531	-0.903028	
1	-3.245489	1.513672	-1.178395	-0.910141	
1	-3.245489	1.513672	-1.178395	-0.910141	
1	-3.271484	1.474522	-1.168100	-0.920042	
1	-3.271484	1.474522	-1.168100	-0.920042	
1	-3.277848	1.464844	-1.165645	-0.922346	
1	-3.277848	1.464844	-1.165645	-0.922346	
1	-3.307471	1.416016	-1.151855	-0.934920	
1	-3.307471	1.416016	-1.151855	-0.934920	
1	-3.320312	1.392408	-1.144291	-0.941576	
1	-3.320312	1.392408	-1.144291	-0.941576	
1	-3.334108	1.367188	-1.136636	-0.948155	
1	-3.334108	1.367188	-1.136636	-0.948155	
1	-3.357963	1.318359	-1.120025	-0.961934	
1	-3.357963	1.318359	-1.120025	-0.961934	
1	-3.369141	1.292403	-1.110193	-0.969799	
1	-3.369141	1.292403	-1.110193	-0.969799	
1	-3.379202	1.269531	-1.102049	-0.976163	
1	-3.379202	1.269531	-1.102049	-0.976163	
1	-3.398091	1.220703	-1.082874	-0.990652	
1	-3.398091	1.220703	-1.082874	-0.990652	
1	-3.414041	1.171875	-1.061749	-1.005881	
1	-3.414041	1.171875	-1.061749	-1.005881	
1	-3.417969	1.157759	-1.055106	-1.010524	
1	-3.417969	1.157759	-1.055106	-1.010524	
1	-3.428063	1.123047	-1.039689	-1.021049	
1	-3.428063	1.123047	-1.039689	-1.021049	
1	-3.439716	1.074219	-1.016131	-1.036499	
1	-3.439716	1.074219	-1.016131	-1.036499	
1	-3.448810	1.025391	-0.990771	-1.052345	
1	-3.448810	1.025391	-0.990771	-1.052345	
1	-3.455452	0.976562	-0.963658	-1.068464	
1	-3.455452	0.976562	-0.963658	-1.068464	
1	-3.459716	0.927734	-0.934823	-1.084750	
1	-3.459716	0.927734	-0.934823	-1.084750	
1	-3.461640	0.878906	-0.904267	-1.101115	
1	-3.461640	0.878906	-0.904267	-1.101115	
1	-3.461220	0.830078	-0.871955	-1.117492	
1	-3.461220	0.830078	-0.871955	-1.117492	
1	-3.458403	0.781250	-0.837804	-1.133829	
1	-3.458403	0.781250	-0.837804	-1.133829	
1	-3.453086	0.732422	-0.801674	-1.150089	
1	-3.453086	0.732422	-0.801674	-1.150089	
1	-3.445103	0.683594	-0.763352	-1.166242	
1	-3.445103	0.683594	-0.763352	-1.166242	
1	-3.434215	0.634766	-0.722543	-1.182263	
1	-3.434215	0.634766	-0.722543	-1.182263	
1	-3.420100	0.585938	-0.678849	-1.198113	
1	-3.420100	0.585938	-0.678849	-1.198113	
1	-3.417969	0.579899	-0.673025	-1.200126	
1	-3.417969	0.579899	-0.673025	-1.200126	
1	-3.403931	0.537109	-0.633976	-1.213028	
1	-3.403931	0.537109	-0.633976	-1.213028	
1	-3.384236	0.488281	-0.586015	-1.227468	
1	-3.384236	0.488281	-0.586015	-1.227468	
1	-3.369141	0.457079	-0.552892	-1.236537	
1	-3.369141	0.457079	-0.552892	-1.236537	
1	-3.361129	0.439453	-0.535290	-1.241057	
1	-3.361129	0.439453	-0.535290	-1.241057	
1	-3.335046	0.390625	-0.482653	-1.253313	
1	-3.335046	0.390625	-0.482653	-1.253313	
1	-3.320312	0.366997	-0.455119	-1.258959	
1	-3.320312	0.366997	-0.455119	-1.258959	
1	-3.305380	0.341797	-0.427568	-1.264071	
1	-3.305380	0.341797	-0.427568	-1.264071	
1	-3.271597	0.292969	-0.369711	-1.272985	
1	-3.271597	0.292969	-0.369711	-1.272985	
1	-3.271484	0.292822	-0.369527	-1.273010	
1	-3.271484	0.292822	-0.369527	-1.273010	
1	-3.235636	0.244141	-0.312338	-1.279241	
1	-3.235636	0.244141	-0.312338	-1.279241	
1	-3.222656	0.228503	-0.292787	-1.280742	
1	-3.222656	0.228503	-0.292787	-1.280742	
1	-3.196189	0.195312	-0.254297	-1.282689	
1	-3.196189	0.195312	-0.254297	-1.282689	
1	-3.173828	0.169964	-0.223499	-1.283212	
1	-3.173828	0.169964	-0.223499	-1.283212	
1	-3.153958	0.146484	-0.197385	-1.282874	
1	-3.153958	0.146484	-0.197385	-1.282874	
1	-3.125000	0.114934	-0.161416	-1.281107	
1	-3.125000	0.114934	-0.161416	-1.281107	
1	-3.109853	0.097656	-0.143745	-1.279631	
1	-3.109853	0.097656	-0.143745	-1.279631	
1	-3.076172	0.061489	-0.106950	-1.275083	
1	-3.076172	0.061489	-0.106950	-1.275083	
1	-3.064996	0.048828	-0.095747	-1.273255	
1	-3.064996	0.048828	-0.095747	-1.273255	
1	-3.027344	0.007791	-0.061116	-1.266023	
1	-3.027344	0.007791	-0.061116	-1.266023	
1	-3.020641	0.000000	-0.055669	-1.264636	
1	-3.020641	0.000000	-0.055669	-1.264636	
1	-2.978516	-0.048149	-0.025555	-1.255370	
1	-2.978516	-0.048149	-0.025555	-1.255370	
1	-2.977966	-0.048828	-0.025232	-1.255253	
1	-2.977966	-0.048828	-0.025232	-1.255253	
1	-2.939236	-0.097656	-0.006532	-1.247581	
1	-2.939236	-0.097656	-0.006532	-1.247581	
1	-2.929688	-0.109979	-0.003170	-1.245952	
1	-2.929688	-0.109979	-0.003170	-1.245952	
1	-2.904051	-0.146484	0.001895	-1.243262	
1	-2.904051	-0.146484	0.001895	-1.243262	
1	-2.880859	-0.180905	0.002784	-1.242779	
1	-2.880859	-0.180905	0.002784	-1.242779	
1	-2.872132	-0.195312	0.001598	-1.243646	
1	-2.872132	-0.195312	0.001598	-1.243646	
1	-2.844767	-0.244141	-0.006786	-1.250594	
1	-2.844767	-0.244141	-0.006786	-1.250594	
1	-2.832031	-0.268971	-0.013182	-1.256578	
1	-2.832031	-0.268971	-0.013182	-1.256578	
1	-2.821041	-0.292969	-0.020795	-1.264328	
1	-2.821041	-0.292969	-0.020795	-1.264328	
1	-2.801108	-0.341797	-0.038872	-1.285217	
1	-2.801108	-0.341797	-0.038872	-1.285217	
1	-2.783485	-0.390625	-0.058927	-1.312345	
1	-2.783485	-0.390625	-0.058927	-1.312345	
1	-2.783203	-0.391566	-0.059339	-1.312947	
1	-2.783203	-0.391566	-0.059339	-1.312947	
1	-2.770347	-0.439453	-0.080623	-1.346586	
1	-2.770347	-0.439453	-0.080623	-1.346586	
1	-2.759588	-0.488281	-0.102180	-1.386265	
1	-2.759588	-0.488281	-0.102180	-1.386265	
1	-2.751311	-0.537109	-0.122949	-1.430868	
1	-2.751311	-0.537109	-0.122949	-1.430868	
1	-2.745619	-0.585938	-0.142402	-1.479814	
1	-2.745619	-0.585938	-0.142402	-1.479814	
1	-2.742577	-0.634766	-0.160108	-1.532463	
1	-2.742577	-0.634766	-0.160108	-1.532463	
1	-2.742214	-0.683594	-0.175727	-1.588150	
1	-2.742214	-0.683594	-0.175727	-1.588150	
1	-2.744527	-0.732422	-0.189001	-1.646202	
1	-2.744527	-0.732422	-0.189001	-1.646202	
1	-2.749476	-0.781250	-0.199737	-1.705951	
1	-2.749476	-0.781250	-0.199737	-1.705951	
1	-2.756990	-0.830078	-0.207800	-1.766748	
1	-2.756990	-0.830078	-0.207800	-1.766748	
1	-2.766966	-0.878906	-0.213103	-1.827964	
1	-2.766966	-0.878906	-0.213103	-1.827964	
1	-2.779270	-0.927734	-0.215597	-1.888996	
1	-2.779270	-0.927734	-0.215597	-1.888996	
1	-2.783203	-0.940952	-0.215788	-1.905412	
1	-2.783203	-0.940952	-0.215788	-1.905412	
1	-2.794905	-0.976562	-0.215277	-1.949234	
1	-2.794905	-0.976562	-0.215277	-1.949234	
1	-2.813110	-1.025391	-0.212184	-2.007995	
1	-2.813110	-1.025391	-0.212184	-2.007995	
1	-2.832031	-1.071322	-0.206821	-2.061440	
1	-2.832031	-1.071322	-0.206821	-2.061440	
1	-2.833346	-1.074219	-0.206407	-2.064731	
1	-2.833346	-1.074219	-0.206407	-2.064731	
1	-2.857591	-1.123047	-0.198161	-2.118484	
1	-2.857591	-1.123047	-0.198161	-2.118484	
1	-2.880859	-1.167173	-0.188738	-2.164311	
1	-2.880859	-1.167173	-0.188738	-2.164311	
1	-2.883585	-1.171875	-0.187642	-2.168979	
1	-2.883585	-1.171875	-0.187642	-2.168979	
1	-2.913676	-1.220703	-0.175356	-2.214961	
1	-2.913676	-1.220703	-0.175356	-2.214961	
1	-2.929688	-1.245620	-0.168492	-2.236739	
1	-2.929688	-1.245620	-0.168492	-2.236739	
1	-2.946513	-1.269531	-0.161745	-2.256094	
1	-2.946513	-1.269531	-0.161745	-2.256094	
1	-2.978516	-1.313592	-0.148840	-2.288562	
1	-2.978516	-1.313592	-0.148840	-2.288562	
1	-2.982305	-1.318359	-0.147468	-2.291708	
1	-2.982305	-1.318359	-0.147468	-2.291708	
1	-3.022316	-1.367188	-0.133634	-2.320648	
1	-3.022316	-1.367188	-0.133634	-2.320648	
1	-3.027344	-1.373173	-0.131980	-2.323789	
1	-3.027344	-1.373173	-0.131980	-2.323789	
1	-3.066414	-1.416016	-0.121393	-2.342386	
1	-3.066414	-1.416016	-0.121393	-2.342386	
1	-3.076172	-1.426543	-0.118991	-2.346244	
1	-3.076172	-1.426543	-0.118991	-2.346244	
1	-3.114522	-1.464844	-0.112066	-2.356579	
1	-3.114522	-1.464844	-0.112066	-2.356579	
1	-3.125000	-1.475188	-0.110504	-2.358731	
1	-3.125000	-1.475188	-0.110504	-2.358731	
1	-3.166810	-1.513672	-0.107225	-2.362972	
1	-3.166810	-1.513672	-0.107225	-2.362972	
1	-3.173828	-1.520087	-0.106923	-2.363333	
1	-3.173828	-1.520087	-0.106923	-2.363333	
1	-3.222656	-1.562064	-0.108397	-2.361776	
1	-3.222656	-1.562064	-0.108397	-2.361776	
1	-3.223197	-1.562500	-0.108451	-2.361721	
1	-3.223197	-1.562500	-0.108451	-2.361721	
1	-3.271484	-1.601426	-0.115143	-2.355254	
1	-3.271484	-1.601426	-0.115143	-2.355254	
1	-3.284312	-1.611328	-0.117826	-2.352829	
1	-3.284312	-1.611328	-0.117826	-2.352829	
1	-3.320312	-1.639254	-0.126718	-2.345245	
1	-3.320312	-1.639254	-0.126718	-2.345245	
1	-3.348101	-1.660156	-0.135471	-2.338285	
1	-3.348101	-1.660156	-0.135471	-2.338285	
1	-3.369141	-1.676148	-0.142857	-2.332713	
1	-3.369141	-1.676148	-0.142857	-2.332713	
1	-3.413154	-1.708984	-0.161114	-2.319867	
1	-3.413154	-1.708984	-0.161114	-2.319867	
1	-3.417969	-1.712635	-0.163273	-2.318421	
1	-3.417969	-1.712635	-0.163273	-2.318421	
1	-3.466797	-1.748831	-0.187888	-2.302852	
1	-3.466797	-1.748831	-0.187888	-2.302852	
1	-3.478992	-1.757812	-0.194694	-2.298806	
1	-3.478992	-1.757812	-0.194694	-2.298806	
1	-3.515625	-1.785465	-0.216234	-2.286632	
1	-3.515625	-1.785465	-0.216234	-2.286632	
1	-3.543457	-1.806641	-0.233991	-2.277233	
1	-3.543457	-1.806641	-0.233991	-2.277233	
1	-3.564453	-1.823117	-0.247954	-2.270202	
1	-3.564453	-1.823117	-0.247954	-2.270202	
1	-3.605131	-1.855469	-0.276837	-2.256553	
1	-3.605131	-1.855469	-0.276837	-2.256553	
1	-3.613281	-1.862197	-0.282819	-2.253865	
1	-3.613281	-1.862197	-0.282819	-2.253865	
1	-3.662109	-1.903101	-0.320645	-2.237865	
1	-3.662109	-1.903101	-0.320645	-2.237865	
1	-3.663524	-1.904297	-0.321794	-2.237405	
1	-3.663524	-1.904297	-0.321794	-2.237405	
1	-3.710938	-1.946244	-0.361283	-2.222407	
1	-3.710938	-1.946244	-0.361283	-2.222407	
1	-3.718555	-1.953125	-0.367906	-2.220044	
1	-3.718555	-1.953125	-0.367906	-2.220044	
1	-3.759766	-1.992346	-0.404510	-2.207706	
1	-3.759766	-1.992346	-0.404510	-2.207706	
1	-3.769667	-2.001953	-0.413649	-2.204810	
1	-3.769667	-2.001953	-0.413649	-2.204810	
1	-3.808594	-2.042006	-0.450258	-2.193909	
1	-3.808594	-2.042006	-0.450258	-2.193909	
1	-3.816980	-2.050781	-0.458430	-2.191624	
1	-3.816980	-2.050781	-0.458430	-2.191624	
1	-3.857422	-2.095942	-0.498523	-2.181156	
1	-3.857422	-2.095942	-0.498523	-2.181156	
1	-3.860662	-2.099609	-0.501845	-2.180343	
1	-3.860662	-2.099609	-0.501845	-2.180343	
1	-3.901174	-2.148438	-0.544028	-2.170717	
1	-3.901174	-2.148438	-0.544028	-2.170717	
1	-3.906250	-2.155008	-0.549393	-2.169583	
1	-3.906250	-2.155008	-0.549393	-2.169583	
1	-3.938724	-2.197266	-0.584869	-2.162592	
1	-3.938724	-2.197266	-0.584869	-2.162592	
1	-3.955078	-2.220381	-0.603052	-2.159344	
1	-3.955078	-2.220381	-0.603052	-2.159344	
1	-3.973246	-2.246094	-0.623921	-2.155890	
1	-3.973246	-2.246094	-0.623921	-2.155890	
1	-4.003906	-2.293528	-0.659888	-2.150617	
1	-4.003906	-2.293528	-0.659888	-2.150617	
1	-4.004810	-2.294922	-0.660983	-2.150470	
1	-4.004810	-2.294922	-0.660983	-2.150470	
1	-4.034515	-2.343750	-0.697499	-2.146014	
1	-4.034515	-2.343750	-0.697499	-2.146014	
1	-4.052734	-2.376833	-0.720517	-2.143653	
1	-4.052734	-2.376833	-0.720517	-2.143653	
1	-4.061502	-2.392578	-0.731957	-2.142608	
1	-4.061502	-2.392578	-0.731957	-2.142608	
1	-4.086581	-2.441406	-0.765447	-2.140040	
1	-4.086581	-2.441406	-0.765447	-2.140040	
1	-4.101562	-2.473613	-0.786127	-2.138820	
1	-4.101562	-2.473613	-0.786127	-2.138820	
1	-4.109440	-2.490234	-0.797347	-2.138275	
1	-4.109440	-2.490234	-0.797347	-2.138275	
1	-4.130694	-2.539062	-0.828513	-2.137199	
1	-4.130694	-2.539062	-0.828513	-2.137199	
1	-4.149673	-2.587891	-0.857784	-2.136776	
1	-4.149673	-2.587891	-0.857784	-2.136776	
1	-4.150391	-2.589898	-0.858922	-2.136771	
1	-4.150391	-2.589898	-0.858922	-2.136771	
1	-4.167616	-2.636719	-0.887059	-2.136930	
1	-4.167616	-2.636719	-0.887059	-2.136930	
1	-4.183628	-2.685547	-0.914835	-2.137618	
1	-4.183628	-2.685547	-0.914835	-2.137618	
1	-4.197825	-2.734375	-0.941239	-2.138771	
1	-4.197825	-2.734375	-0.941239	-2.138771	
1	-4.199219	-2.739693	-0.943961	-2.138918	
1	-4.199219	-2.739693	-0.943961	-2.138918	
1	-4.211072	-2.783203	-0.967620	-2.140417	
1	-4.211072	-2.783203	-0.967620	-2.140417	
1	-4.222775	-2.832031	-0.992976	-2.142474	
1	-4.222775	-2.832031	-0.992976	-2.142474	
1	-4.232954	-2.880859	-1.017305	-2.144895	
1	-4.232954	-2.880859	-1.017305	-2.144895	
1	-4.241705	-2.929688	-1.040733	-2.147652	
1	-4.241705	-2.929688	-1.040733	-2.147652	
1	-4.248047	-2.971409	-1.060014	-2.150241	
1	-4.248047	-2.971409	-1.060014	-2.150241	
1	-4.249181	-2.978516	-1.063485	-2.150739	
1	-4.249181	-2.978516	-1.063485	-2.150739	
1	-4.255718	-3.027344	-1.086082	-2.154213	
1	-4.255718	-3.027344	-1.086082	-2.154213	
1	-4.260961	-3.076172	-1.107937	-2.157972	
1	-4.260961	-3.076172	-1.107937	-2.157972	
1	-4.264962	-3.125000	-1.129120	-2.162000	
1	-4.264962	-3.125000	-1.129120	-2.162000	
1	-4.267760	-3.173828	-1.149690	-2.166285	
1	-4.267760	-3.173828	-1.149690	-2.166285	
1	-4.269389	-3.222656	-1.169694	-2.170816	
1	-4.269389	-3.222656	-1.169694	-2.170816	
1	-4.269872	-3.271484	-1.189166	-2.175582	
1	-4.269872	-3.271484	-1.189166	-2.175582	
1	-4.269226	-3.320312	-1.208132	-2.180572	
1	-4.269226	-3.320312	-1.208132	-2.180572	
1	-4.267458	-3.369141	-1.226609	-2.185774	
1	-4.267458	-3.369141	-1.226609	-2.185774	
1	-4.264570	-3.417969	-1.244605	-2.191176	
1	-4.264570	-3.417969	-1.244605	-2.191176	
1	-4.260556	-3.466797	-1.262119	-2.196762	
1	-4.260556	-3.466797	-1.262119	-2.196762	
1	-4.255406	-3.515625	-1.279145	-2.202515	
1	-4.255406	-3.515625	-1.279145	-2.202515	
1	-4.249100	-3.564453	-1.295670	-2.208412	
1	-4.249100	-3.564453	-1.295670	-2.208412	
1	-4.248047	-3.571389	-1.297883	-2.209227	
1	-4.248047	-3.571389	-1.297883	-2.209227	
1	-4.242000	-3.613281	-1.312238	-2.214649	
1	-4.242000	-3.613281	-1.312238	-2.214649	
1	-4.233817	-3.662109	-1.328433	-2.221070	
1	-4.233817	-3.662109	-1.328433	-2.221070	
1	-4.224451	-3.710938	-1.344127	-2.227612	
1	-4.224451	-3.710938	-1.344127	-2.227612	
1	-4.213859	-3.759766	-1.359285	-2.234241	
1	-4.213859	-3.759766	-1.359285	-2.234241	
1	-4.201992	-3.808594	-1.373869	-2.240920	
1	-4.201992	-3.808594	-1.373869	-2.240920	
1	-4.199219	-3.819019	-1.376809	-2.242304	
1	-4.199219	-3.819019	-1.376809	-2.242304	
1	-4.189394	-3.857422	-1.388651	-2.248004	
1	-4.189394	-3.857422	-1.388651	-2.248004	
1	-4.175627	-3.906250	-1.403044	-2.255220	
1	-4.175627	-3.906250	-1.403044	-2.255220	
1	-4.160463	-3.955078	-1.416781	-2.262413	
1	-4.160463	-3.955078	-1.416781	-2.262413	
1	-4.150391	-3.984946	-1.424738	-2.266723	
1	-4.150391	-3.984946	-1.424738	-2.266723	
1	-4.144195	-4.003906	-1.430281	-2.269789	
1	-4.144195	-4.003906	-1.430281	-2.269789	
1	-4.127001	-4.052734	-1.443801	-2.277493	
1	-4.127001	-4.052734	-1.443801	-2.277493	
1	-4.108233	-4.101562	-1.456549	-2.285066	
1	-4.108233	-4.101562	-1.456549	-2.285066	
1	-4.101562	-4.117832	-1.460554	-2.287509	
1	-4.101562	-4.117832	-1.460554	-2.287509	
1	-4.088528	-4.150391	-1.469360	-2.292994	
1	-4.088528	-4.150391	-1.469360	-2.292994	
1	-4.067471	-4.199219	-1.481762	-2.300987	
1	-4.067471	-4.199219	-1.481762	-2.300987	
1	-4.052734	-4.231062	-1.489329	-2.306027	
1	-4.052734	-4.231062	-1.489329	-2.306027	
1	-4.045017	-4.248047	-1.493746	-2.309028	
1	-4.045017	-4.248047	-1.493746	-2.309028	
1	-4.021455	-4.296875	-1.505693	-2.317371	
1	-4.021455	-4.296875	-1.505693	-2.317371	
1	-4.003906	-4.330799	-1.513404	-2.322940	
1	-4.003906	-4.330799	-1.513404	-2.322940	
1	-3.996294	-4.345703	-1.517091	-2.325656	
1	-3.996294	-4.345703	-1.517091	-2.325656	
1	-3.969940	-4.394531	-1.528442	-2.334241	
1	-3.969940	-4.394531	-1.528442	-2.334241	
1	-3.955078	-4.420438	-1.534043	-2.338609	
1	-3.955078	-4.420438	-1.534043	-2.338609	
1	-3.942022	-4.443359	-1.539396	-2.342866	
1	-3.942022	-4.443359	-1.539396	-2.342866	
1	-3.912515	-4.492188	-1.549995	-2.351549	
1	-3.912515	-4.492188	-1.549995	-2.351549	
1	-3.906250	-4.502099	-1.552028	-2.353255	
1	-3.906250	-4.502099	-1.552028	-2.353255	
1	-3.881688	-4.541016	-1.560565	-2.360566	
1	-3.881688	-4.541016	-1.560565	-2.360566	
1	-3.857422	-4.577235	-1.567897	-2.367046	
1	-3.857422	-4.577235	-1.567897	-2.367046	
1	-3.848956	-4.589844	-1.570602	-2.369484	
1	-3.848956	-4.589844	-1.570602	-2.369484	
1	-3.814584	-4.638672	-1.580438	-2.378588	
1	-3.814584	-4.638672	-1.580438	-2.378588	
1	-3.808594	-4.646847	-1.582003	-2.380072	
1	-3.808594	-4.646847	-1.582003	-2.380072	
1	-3.778571	-4.687500	-1.590139	-2.387950	
1	-3.778571	-4.687500	-1.590139	-2.387950	
1	-3.759766	-4.711778	-1.594688	-2.392482	
1	-3.759766	-4.711778	-1.594688	-2.392482	
1	-3.740526	-4.736328	-1.599444	-2.397321	
1	-3.740526	-4.736328	-1.599444	-2.397321	
1	-3.710938	-4.772479	-1.606049	-2.404225	
1	-3.710938	-4.772479	-1.606049	-2.404225	
1	-3.700399	-4.785156	-1.608414	-2.406753	
1	-3.700399	-4.785156	-1.608414	-2.406753	
1	-3.662109	-4.829446	-1.616278	-2.415374	
1	-3.662109	-4.829446	-1.616278	-2.415374	
1	-3.658108	-4.833984	-1.617091	-2.416285	
1	-3.658108	-4.833984	-1.617091	-2.416285	
1	-3.613545	-4.882812	-1.625498	-2.425948	
1	-3.613545	-4.882812	-1.625498	-2.425948	
1	-3.613281	-4.883093	-1.625545	-2.426004	
1	-3.613281	-4.883093	-1.625545	-2.426004	
1	-3.566584	-4.931641	-1.633661	-2.435782	
1	-3.566584	-4.931641	-1.633661	-2.435782	
1	-3.564453	-4.933794	-1.634015	-2.436218	
1	-3.564453	-4.933794	-1.634015	-2.436218	
1	-3.516898	-4.980469	-1.641488	-2.445678	
1	-3.516898	-4.980469	-1.641488	-2.445678	
1	-3.515625	-4.981689	-1.641682	-2.445930	
1	-3.515625	-4.981689	-1.641682	-2.445930	
1	-3.466797	-5.027056	-1.648677	-2.455230	
1	-3.466797	-5.027056	-1.648677	-2.455230	
1	-3.464301	-5.029297	-1.649007	-2.455679	
1	-3.464301	-5.029297	-1.649007	-2.455679	
1	-3.417969	-5.070116	-1.655095	-2.464181	
1	-3.417969	-5.070116	-1.655095	-2.464181	
1	-3.408506	-5.078125	-1.656211	-2.465784	
1	-3.408506	-5.078125	-1.656211	-2.465784	
1	-3.369141	-5.110953	-1.660932	-2.472723	
1	-3.369141	-5.110953	-1.660932	-2.472723	
1	-3.349085	-5.126953	-1.663048	-2.475925	
1	-3.349085	-5.126953	-1.663048	-2.475925	
1	-3.320312	-5.149657	-1.666202	-2.480812	
1	-3.320312	-5.149657	-1.666202	-2.480812	
1	-3.285556	-5.175781	-1.669490	-2.486065	
1	-3.285556	-5.175781	-1.669490	-2.486065	
1	-3.271484	-5.186282	-1.670904	-2.488377	
1	-3.271484	-5.186282	-1.670904	-2.488377	
1	-3.222656	-5.221013	-1.675141	-2.495521	
1	-3.222656	-5.221013	-1.675141	-2.495521	
1	-3.217381	-5.224609	-1.675538	-2.496208	
1	-3.217381	-5.224609	-1.675538	-2.496208	
1	-3.173828	-5.254250	-1.679168	-2.502643	
1	-3.173828	-5.254250	-1.679168	-2.502643	
2	-1.123047	-0.452839	-0.885342	-0.846072	
2	-1.123047	-0.452839	-0.885342	-0.846072	
2	-1.120086	-0.439453	-0.880491	-0.843408	
2	-1.120086	-0.439453	-0.880491	-0.843408	
2	-1.123047	-0.426810	-0.879152	-0.842723	
2	-1.123047	-0.426810	-0.879152	-0.842723	
2	-1.135861	-0.390625	-0.880663	-0.842557	
2	-1.135861	-0.390625	-0.880663	-0.842557	
2	-1.171875	-0.356873	-0.900381	-0.842377	
2	-1.171875	-0.356873	-0.900381	-0.842377	
2	-1.204832	-0.341797	-0.919521	-0.837942	
2	-1.204832	-0.341797	-0.919521	-0.837942	
2	-1.220703	-0.337626	-0.927982	-0.834653	
2	-1.220703	-0.337626	-0.927982	-0.834653	
2	-1.269531	-0.340408	-0.946769	-0.823237	
2	-1.269531	-0.340408	-0.946769	-0.823237	
2	-1.273047	-0.341797	-0.947514	-0.822596	
2	-1.273047	-0.341797	-0.947514	-0.822596	
2	-1.318359	-0.377359	-0.948414	-0.823584	
2	-1.318359	-0.377359	-0.948414	-0.823584	
2	-1.327505	-0.390625	-0.946423	-0.828091	
2	-1.327505	-0.390625	-0.946423	-0.828091	
2	-1.334954	-0.439453	-0.939239	-0.855775	
2	-1.334954	-0.439453	-0.939239	-0.855775	
2	-1.319669	-0.488281	-0.937824	-0.889516	
2	-1.319669	-0.488281	-0.937824	-0.889516	
2	-1.318359	-0.490087	-0.937903	-0.890743	
2	-1.318359	-0.490087	-0.937903	-0.890743	
2	-1.269531	-0.528342	-0.940940	-0.911239	
2	-1.269531	-0.528342	-0.940940	-0.911239	
2	-1.227418	-0.537109	-0.938928	-0.906853	
2	-1.227418	-0.537109	-0.938928	-0.906853	
2	-1.220703	-0.538052	-0.938278	-0.905516	
2	-1.220703	-0.538052	-0.938278	-0.905516	
2	-1.216670	-0.537109	-0.937413	-0.903793	
2	-1.216670	-0.537109	-0.937413	-0.903793	
2	-1.171875	-0.521697	-0.923518	-0.881932	
2	-1.171875	-0.521697	-0.923518	-0.881932	
2	-1.136418	-0.488281	-0.901439	-0.858047	
2	-1.136418	-0.488281	-0.901439	-0.858047	
