chi multiples
 N    ID    z   Narcs    chip    chix    chiy    chia   rmss     rmsi    dx      dy    nwarn
 0    8.2 2.022   1      0.06    0.00    0.00    0.00   0.042    0.12   -0.12    0.02  0
 0    8.1 2.022   1      0.10    0.00    0.00    0.00   0.042    0.16    0.15    0.06  0
 0    8.2 2.022   2      0.16    0.00    0.00    0.00   0.042    0.14    N/A     N/A   0
 1    7.2 1.702   1      0.01    0.00    0.00    0.00   0.014    0.06   -0.01   -0.06  0
 1    7.1 1.702   1      0.00    0.00    0.00    0.00   0.014    0.03   -0.02    0.01  0
 1    7.2 1.702   2      0.02    0.00    0.00    0.00   0.014    0.04    N/A     N/A   0
 2    3.2 5.289   1      0.03    0.00    0.00    0.00   0.006    0.08    0.02    0.08  0
 2    3.1 5.289   1      0.14    0.00    0.00    0.00   0.006    0.19    0.02    0.19  0
 2    3.2 5.289   2      0.17    0.00    0.00    0.00   0.006    0.14    N/A     N/A   0
 3    9.2 3.000   1      0.27    0.00    0.00    0.00   0.134    0.26    0.21    0.16  0
 3    9.1 3.000   1      0.26    0.00    0.00    0.00   0.134    0.25   -0.25    0.03  0
 3    9.2 3.000   2      0.53    0.00    0.00    0.00   0.134    0.26    N/A     N/A   0
 4    6.4 3.000   1      0.03    0.00    0.00    0.00   0.049    0.08   -0.05    0.06  0
 4    6.3 3.000   1      0.22    0.00    0.00    0.00   0.115    0.23    0.23    0.02  0
 4    6.2 3.000   1      0.03    0.00    0.00    0.00   0.074    0.09    0.09    0.02  0
 4    6.1 3.000   1      0.30    0.00    0.00    0.00   0.153    0.27   -0.26    0.09  0
 4    6.4 3.000   4      0.57    0.00    0.00    0.00   0.105    0.19    N/A     N/A   0
 5    1.6 3.000   1      0.38    0.00    0.00    0.00   0.210    0.31   -0.31   -0.02  0
 5    1.5 3.000   1      0.16    0.00    0.00    0.00   0.127    0.20    0.17    0.12  0
 5    1.4 3.000   1      0.35    0.00    0.00    0.00   0.102    0.30    0.19   -0.23  0
 5    1.3 3.000   1      0.61    0.00    0.00    0.00   0.123    0.39    0.37   -0.12  0
 5    1.2 3.000   1      0.04    0.00    0.00    0.00   0.058    0.10    0.07    0.08  0
 5    1.1 3.000   1      2.27    0.00    0.00    0.00   0.333    0.75   -0.68   -0.31  0
 5    1.6 3.000   6      3.82    0.00    0.00    0.00   0.182    0.40    N/A     N/A   0
 6    5.2 3.320   1      0.04    0.00    0.00    0.00   0.080    0.11    0.08    0.07  0
 6    5.1 3.320   1      0.36    0.00    0.00    0.00   0.080    0.30    0.23    0.20  0
 6    5.2 3.320   2      0.41    0.00    0.00    0.00   0.080    0.23    N/A     N/A   0
 7    4.2 3.320   1      0.03    0.00    0.00    0.00   0.058    0.08    0.08   -0.00  0
 7    4.1 3.320   1      0.22    0.00    0.00    0.00   0.058    0.23    0.15    0.18  0
 7    4.2 3.320   2      0.25    0.00    0.00    0.00   0.058    0.18    N/A     N/A   0
 8    2.3 3.320   1      0.23    0.00    0.00    0.00   0.131    0.24    0.13   -0.20  0
 8    2.2 3.320   1      0.21    0.00    0.00    0.00   0.095    0.23   -0.18    0.14  0
 8    2.1 3.320   1      0.14    0.00    0.00    0.00   0.045    0.19    0.10    0.15  0
 8    2.3 3.320   3      0.58    0.00    0.00    0.00   0.097    0.22    N/A     N/A   0
chimul                   6.49    0.00    0.00    0.00   0.115    0.25    N/A     N/A   0
log(Likelihood)        -14.54

chitot           6.49
log(Likelihood)    -14.54
