#REFERENCE 3 87.3042530 -62.0775650
1	-0.048828	-0.406287	0.553010	2.852456	
1	0.000000	-0.425113	0.423569	2.876230	
1	0.000000	-0.425113	0.423569	2.876230	
1	0.048828	-0.438299	0.303629	2.886452	
1	0.048828	-0.438299	0.303629	2.886452	
1	0.055019	-0.439453	0.289063	2.886911	
1	0.055019	-0.439453	0.289063	2.886911	
1	0.097656	-0.452009	0.192995	2.885583	
1	0.097656	-0.452009	0.192995	2.885583	
1	0.146484	-0.461507	0.092451	2.875763	
1	0.146484	-0.461507	0.092451	2.875763	
1	0.195312	-0.467149	0.001248	2.858752	
1	0.195312	-0.467149	0.001248	2.858752	
1	0.244141	-0.469347	-0.081147	2.835929	
1	0.244141	-0.469347	-0.081147	2.835929	
1	0.292969	-0.468030	-0.155351	2.808338	
1	0.292969	-0.468030	-0.155351	2.808338	
1	0.341797	-0.462686	-0.222213	2.776614	
1	0.341797	-0.462686	-0.222213	2.776614	
1	0.390625	-0.452304	-0.282841	2.740817	
1	0.390625	-0.452304	-0.282841	2.740817	
1	0.429564	-0.439453	-0.327540	2.708924	
1	0.429564	-0.439453	-0.327540	2.708924	
1	0.439453	-0.435840	-0.338181	2.700486	
1	0.439453	-0.435840	-0.338181	2.700486	
1	0.488281	-0.412235	-0.388801	2.654680	
1	0.488281	-0.412235	-0.388801	2.654680	
1	0.519816	-0.390625	-0.420263	2.620072	
1	0.519816	-0.390625	-0.420263	2.620072	
1	0.537109	-0.374176	-0.438348	2.597222	
1	0.537109	-0.374176	-0.438348	2.597222	
1	0.566151	-0.341797	-0.467728	2.553655	
1	0.566151	-0.341797	-0.467728	2.553655	
1	0.585938	-0.301865	-0.493480	2.505650	
1	0.585938	-0.301865	-0.493480	2.505650	
1	0.590353	-0.292969	-0.498596	2.494496	
1	0.590353	-0.292969	-0.498596	2.494496	
1	0.603434	-0.244141	-0.521081	2.435135	
1	0.603434	-0.244141	-0.521081	2.435135	
1	0.605530	-0.195312	-0.537086	2.373864	
1	0.605530	-0.195312	-0.537086	2.373864	
1	0.599066	-0.146484	-0.547566	2.307938	
1	0.599066	-0.146484	-0.547566	2.307938	
1	0.585938	-0.104052	-0.552026	2.245221	
1	0.585938	-0.104052	-0.552026	2.245221	
1	0.584661	-0.097656	-0.552288	2.235164	
1	0.584661	-0.097656	-0.552288	2.235164	
1	0.567711	-0.048828	-0.550186	2.153712	
1	0.567711	-0.048828	-0.550186	2.153712	
1	0.541231	0.000000	-0.539403	2.061348	
1	0.541231	0.000000	-0.539403	2.061348	
1	0.537109	0.005374	-0.537524	2.050148	
1	0.537109	0.005374	-0.537524	2.050148	
1	0.512906	0.048828	-0.517524	1.957942	
1	0.512906	0.048828	-0.517524	1.957942	
1	0.488281	0.078960	-0.496095	1.884973	
1	0.488281	0.078960	-0.496095	1.884973	
1	0.476612	0.097656	-0.480397	1.839940	
1	0.476612	0.097656	-0.480397	1.839940	
1	0.439453	0.139329	-0.432142	1.726029	
1	0.439453	0.139329	-0.432142	1.726029	
1	0.434240	0.146484	-0.422796	1.706896	
1	0.434240	0.146484	-0.422796	1.706896	
1	0.390625	0.190665	-0.347498	1.574186	
1	0.390625	0.190665	-0.347498	1.574186	
1	0.386533	0.195312	-0.338696	1.560601	
1	0.386533	0.195312	-0.338696	1.560601	
1	0.341797	0.235997	-0.242960	1.430669	
1	0.341797	0.235997	-0.242960	1.430669	
1	0.332944	0.244141	-0.221417	1.405100	
1	0.332944	0.244141	-0.221417	1.405100	
1	0.292969	0.276869	-0.120752	1.299008	
1	0.292969	0.276869	-0.120752	1.299008	
1	0.271389	0.292969	-0.063222	1.246617	
1	0.271389	0.292969	-0.063222	1.246617	
1	0.244141	0.313335	0.013975	1.184022	
1	0.244141	0.313335	0.013975	1.184022	
1	0.198686	0.341797	0.143647	1.095544	
1	0.198686	0.341797	0.143647	1.095544	
1	0.195312	0.344170	0.153935	1.089317	
1	0.195312	0.344170	0.153935	1.089317	
1	0.146484	0.375648	0.301497	1.011297	
1	0.146484	0.375648	0.301497	1.011297	
1	0.115532	0.390625	0.390552	0.973557	
1	0.115532	0.390625	0.390552	0.973557	
1	0.097656	0.401890	0.444150	0.953978	
1	0.097656	0.401890	0.444150	0.953978	
1	0.048828	0.426792	0.581918	0.913805	
1	0.048828	0.426792	0.581918	0.913805	
1	0.015700	0.439453	0.669183	0.895628	
1	0.015700	0.439453	0.669183	0.895628	
1	0.000000	0.448152	0.710322	0.888980	
1	0.000000	0.448152	0.710322	0.888980	
1	-0.048828	0.469410	0.828963	0.876649	
1	-0.048828	0.469410	0.828963	0.876649	
1	-0.097656	0.485586	0.936102	0.874364	
1	-0.097656	0.485586	0.936102	0.874364	
1	-0.108481	0.488281	0.958451	0.874982	
1	-0.108481	0.488281	0.958451	0.874982	
1	-0.146484	0.503052	1.031950	0.879798	
1	-0.146484	0.503052	1.031950	0.879798	
1	-0.195312	0.517447	1.116914	0.890983	
1	-0.195312	0.517447	1.116914	0.890983	
1	-0.244141	0.528536	1.192135	0.906449	
1	-0.244141	0.528536	1.192135	0.906449	
1	-0.292969	0.536902	1.258392	0.925066	
1	-0.292969	0.536902	1.258392	0.925066	
1	-0.295115	0.537109	1.261153	0.925956	
1	-0.295115	0.537109	1.261153	0.925956	
1	-0.341797	0.544252	1.315707	0.945678	
1	-0.341797	0.544252	1.315707	0.945678	
1	-0.390625	0.547352	1.366258	0.968168	
1	-0.390625	0.547352	1.366258	0.968168	
1	-0.439453	0.545034	1.411331	0.992654	
1	-0.439453	0.545034	1.411331	0.992654	
1	-0.478852	0.537109	1.445084	1.014667	
1	-0.478852	0.537109	1.445084	1.014667	
1	-0.488281	0.534890	1.452596	1.020110	
1	-0.488281	0.534890	1.452596	1.020110	
1	-0.537109	0.511642	1.492743	1.053631	
1	-0.537109	0.511642	1.492743	1.053631	
1	-0.562527	0.488281	1.515911	1.077448	
1	-0.562527	0.488281	1.515911	1.077448	
1	-0.585938	0.448060	1.543706	1.112279	
1	-0.585938	0.448060	1.543706	1.112279	
1	-0.589680	0.439453	1.548872	1.119708	
1	-0.589680	0.439453	1.548872	1.119708	
1	-0.601346	0.390625	1.573939	1.161346	
1	-0.601346	0.390625	1.573939	1.161346	
1	-0.603589	0.341797	1.594923	1.205689	
1	-0.603589	0.341797	1.594923	1.205689	
1	-0.599552	0.292969	1.613055	1.254839	
1	-0.599552	0.292969	1.613055	1.254839	
1	-0.590277	0.244141	1.628426	1.310128	
1	-0.590277	0.244141	1.628426	1.310128	
1	-0.585938	0.230760	1.632054	1.326250	
1	-0.585938	0.230760	1.632054	1.326250	
1	-0.578457	0.195312	1.640705	1.373354	
1	-0.578457	0.195312	1.640705	1.373354	
1	-0.563690	0.146484	1.648881	1.445222	
1	-0.563690	0.146484	1.648881	1.445222	
1	-0.543441	0.097656	1.651675	1.526638	
1	-0.543441	0.097656	1.651675	1.526638	
1	-0.537109	0.086617	1.651391	1.546613	
1	-0.537109	0.086617	1.651391	1.546613	
1	-0.522343	0.048828	1.647340	1.618849	
1	-0.522343	0.048828	1.647340	1.618849	
1	-0.495691	0.000000	1.633491	1.723191	
1	-0.495691	0.000000	1.633491	1.723191	
1	-0.488281	-0.010169	1.629018	1.747104	
1	-0.488281	-0.010169	1.629018	1.747104	
1	-0.467807	-0.048828	1.607338	1.839002	
1	-0.467807	-0.048828	1.607338	1.839002	
1	-0.439453	-0.086682	1.575193	1.940151	
1	-0.439453	-0.086682	1.575193	1.940151	
1	-0.433178	-0.097656	1.564370	1.969038	
1	-0.433178	-0.097656	1.564370	1.969038	
1	-0.394593	-0.146484	1.500060	2.110939	
1	-0.394593	-0.146484	1.500060	2.110939	
1	-0.390625	-0.150546	1.493253	2.123828	
1	-0.390625	-0.150546	1.493253	2.123828	
1	-0.351955	-0.195312	1.409719	2.261036	
1	-0.351955	-0.195312	1.409719	2.261036	
1	-0.341797	-0.204963	1.387234	2.292825	
1	-0.341797	-0.204963	1.387234	2.292825	
1	-0.301378	-0.244141	1.285087	2.418081	
1	-0.301378	-0.244141	1.285087	2.418081	
1	-0.292969	-0.251458	1.262897	2.441895	
1	-0.292969	-0.251458	1.262897	2.441895	
1	-0.244141	-0.291100	1.126470	2.568119	
1	-0.244141	-0.291100	1.126470	2.568119	
1	-0.241541	-0.292969	1.119079	2.574099	
1	-0.241541	-0.292969	1.119079	2.574099	
1	-0.195312	-0.327703	0.979729	2.673295	
1	-0.195312	-0.327703	0.979729	2.673295	
1	-0.170567	-0.341797	0.907858	2.715552	
1	-0.170567	-0.341797	0.907858	2.715552	
1	-0.146484	-0.358023	0.833675	2.753569	
1	-0.146484	-0.358023	0.833675	2.753569	
1	-0.097656	-0.383327	0.691042	2.812252	
1	-0.097656	-0.383327	0.691042	2.812252	
1	-0.078500	-0.390625	0.637625	2.829680	
1	-0.078500	-0.390625	0.637625	2.829680	
1	-0.048828	-0.406287	0.553010	2.852456	
2	0.830078	2.674430	1.232613	2.009139	
2	0.830078	2.674430	1.232613	2.009139	
2	0.878906	2.667426	1.217424	2.023098	
2	0.878906	2.667426	1.217424	2.023098	
2	0.927734	2.660996	1.202385	2.037353	
2	0.927734	2.660996	1.202385	2.037353	
2	0.976562	2.655112	1.187501	2.051891	
2	0.976562	2.655112	1.187501	2.051891	
2	1.025391	2.649749	1.172775	2.066701	
2	1.025391	2.649749	1.172775	2.066701	
2	1.074219	2.644887	1.158208	2.081765	
2	1.074219	2.644887	1.158208	2.081765	
2	1.123047	2.640511	1.143805	2.097064	
2	1.123047	2.640511	1.143805	2.097064	
2	1.170630	2.636719	1.129939	2.112169	
2	1.170630	2.636719	1.129939	2.112169	
2	1.171875	2.636622	1.129577	2.112568	
2	1.171875	2.636622	1.129577	2.112568	
2	1.220703	2.633403	1.115591	2.128186	
2	1.220703	2.633403	1.115591	2.128186	
2	1.269531	2.630727	1.101825	2.143921	
2	1.269531	2.630727	1.101825	2.143921	
2	1.318359	2.628656	1.088319	2.159712	
2	1.318359	2.628656	1.088319	2.159712	
2	1.367188	2.627297	1.075133	2.175477	
2	1.367188	2.627297	1.075133	2.175477	
2	1.416016	2.626819	1.062351	2.191102	
2	1.416016	2.626819	1.062351	2.191102	
2	1.464844	2.627462	1.050093	2.206436	
2	1.464844	2.627462	1.050093	2.206436	
2	1.513672	2.629574	1.038516	2.221272	
2	1.513672	2.629574	1.038516	2.221272	
2	1.562500	2.633638	1.027831	2.235329	
2	1.562500	2.633638	1.027831	2.235329	
2	1.585811	2.636719	1.023209	2.241542	
2	1.585811	2.636719	1.023209	2.241542	
2	1.611328	2.640716	1.018444	2.248047	
2	1.611328	2.640716	1.018444	2.248047	
2	1.660156	2.652219	1.010877	2.258642	
2	1.660156	2.652219	1.010877	2.258642	
2	1.708984	2.669562	1.005653	2.266235	
2	1.708984	2.669562	1.005653	2.266235	
2	1.740527	2.685547	1.004099	2.268574	
2	1.740527	2.685547	1.004099	2.268574	
2	1.757812	2.697606	1.004415	2.268070	
2	1.757812	2.697606	1.004415	2.268070	
2	1.795920	2.734375	1.008691	2.261066	
2	1.795920	2.734375	1.008691	2.261066	
2	1.806641	2.752164	1.012387	2.254818	
2	1.806641	2.752164	1.012387	2.254818	
2	1.821283	2.783203	1.019712	2.242084	
2	1.821283	2.783203	1.019712	2.242084	
2	1.829658	2.832031	1.034131	2.216064	
2	1.829658	2.832031	1.034131	2.216064	
2	1.825718	2.880859	1.050923	2.184657	
2	1.825718	2.880859	1.050923	2.184657	
2	1.811473	2.929688	1.069656	2.148645	
2	1.811473	2.929688	1.069656	2.148645	
2	1.806641	2.939383	1.073734	2.140697	
2	1.806641	2.939383	1.073734	2.140697	
2	1.786661	2.978516	1.090298	2.108080	
2	1.786661	2.978516	1.090298	2.108080	
2	1.757812	3.019619	1.109031	2.070618	
2	1.757812	3.019619	1.109031	2.070618	
2	1.752200	3.027344	1.112578	2.063462	
2	1.752200	3.027344	1.112578	2.063462	
2	1.708984	3.073696	1.135333	2.017065	
2	1.708984	3.073696	1.135333	2.017065	
2	1.706579	3.076172	1.136557	2.014545	
2	1.706579	3.076172	1.136557	2.014545	
2	1.660156	3.115518	1.157156	1.971729	
2	1.660156	3.115518	1.157156	1.971729	
2	1.648467	3.125000	1.162139	1.961247	
2	1.648467	3.125000	1.162139	1.961247	
2	1.611328	3.150969	1.176422	1.930907	
2	1.611328	3.150969	1.176422	1.930907	
2	1.577178	3.173828	1.188974	1.903835	
2	1.577178	3.173828	1.188974	1.903835	
2	1.562500	3.182638	1.193966	1.892952	
2	1.562500	3.182638	1.193966	1.892952	
2	1.513672	3.210705	1.209852	1.857820	
2	1.513672	3.210705	1.209852	1.857820	
2	1.492266	3.222656	1.216546	1.842773	
2	1.492266	3.222656	1.216546	1.842773	
2	1.464844	3.236785	1.224615	1.824424	
2	1.464844	3.236785	1.224615	1.824424	
2	1.416016	3.261331	1.238419	1.792466	
2	1.416016	3.261331	1.238419	1.792466	
2	1.395626	3.271484	1.244013	1.779298	
2	1.395626	3.271484	1.244013	1.779298	
2	1.367188	3.284897	1.251461	1.761566	
2	1.367188	3.284897	1.251461	1.761566	
2	1.318359	3.307783	1.263866	1.731515	
2	1.318359	3.307783	1.263866	1.731515	
2	1.291818	3.320312	1.270461	1.715276	
2	1.291818	3.320312	1.270461	1.715276	
2	1.269531	3.330512	1.275820	1.701948	
2	1.269531	3.330512	1.275820	1.701948	
2	1.220703	3.353053	1.287354	1.672886	
2	1.220703	3.353053	1.287354	1.672886	
2	1.186360	3.369141	1.295332	1.652511	
2	1.186360	3.369141	1.295332	1.652511	
2	1.171875	3.375858	1.298634	1.644021	
2	1.171875	3.375858	1.298634	1.644021	
2	1.123047	3.398910	1.309696	1.615376	
2	1.123047	3.398910	1.309696	1.615376	
2	1.083152	3.417969	1.318614	1.592123	
2	1.083152	3.417969	1.318614	1.592123	
2	1.074219	3.422275	1.320602	1.586929	
2	1.074219	3.422275	1.320602	1.586929	
2	1.025391	3.446293	1.331481	1.558490	
2	1.025391	3.446293	1.331481	1.558490	
2	0.983748	3.466797	1.340641	1.534606	
2	0.983748	3.466797	1.340641	1.534606	
2	0.976562	3.470433	1.342237	1.530460	
2	0.976562	3.470433	1.342237	1.530460	
2	0.927734	3.495496	1.353106	1.502389	
2	0.927734	3.495496	1.353106	1.502389	
2	0.887961	3.515625	1.361826	1.480163	
2	0.887961	3.515625	1.361826	1.480163	
2	0.878906	3.520420	1.363857	1.475035	
2	0.878906	3.520420	1.363857	1.475035	
2	0.830078	3.546286	1.374773	1.447827	
2	0.830078	3.546286	1.374773	1.447827	
2	0.794721	3.564453	1.382513	1.428956	
2	0.794721	3.564453	1.382513	1.428956	
2	0.781250	3.571836	1.385565	1.421624	
2	0.781250	3.571836	1.385565	1.421624	
2	0.732422	3.598042	1.396466	1.395972	
2	0.732422	3.598042	1.396466	1.395972	
2	0.702682	3.613281	1.402916	1.381220	
2	0.702682	3.613281	1.402916	1.381220	
2	0.683594	3.623939	1.407243	1.371511	
2	0.683594	3.623939	1.407243	1.371511	
2	0.634766	3.649953	1.417974	1.348109	
2	0.634766	3.649953	1.417974	1.348109	
2	0.610498	3.662109	1.423106	1.337272	
2	0.610498	3.662109	1.423106	1.337272	
2	0.585938	3.675850	1.428580	1.325974	
2	0.585938	3.675850	1.428580	1.325974	
2	0.537109	3.701214	1.438937	1.305347	
2	0.537109	3.701214	1.438937	1.305347	
2	0.516880	3.710938	1.443022	1.297488	
2	0.516880	3.710938	1.443022	1.297488	
2	0.488281	3.726740	1.449147	1.286002	
2	0.488281	3.726740	1.449147	1.286002	
2	0.439453	3.751167	1.458915	1.268435	
2	0.439453	3.751167	1.458915	1.268435	
2	0.420518	3.759766	1.462474	1.262266	
2	0.420518	3.759766	1.462474	1.262266	
2	0.390625	3.775921	1.468463	1.252178	
2	0.390625	3.775921	1.468463	1.252178	
2	0.341797	3.799323	1.477444	1.237735	
2	0.341797	3.799323	1.477444	1.237735	
2	0.319969	3.808594	1.481154	1.232016	
2	0.319969	3.808594	1.481154	1.232016	
2	0.292969	3.822834	1.486058	1.224687	
2	0.292969	3.822834	1.486058	1.224687	
2	0.244141	3.845312	1.494079	1.213280	
2	0.244141	3.845312	1.494079	1.213280	
2	0.213566	3.857422	1.498607	1.207174	
2	0.213566	3.857422	1.498607	1.207174	
2	0.195312	3.866915	1.501502	1.203407	
2	0.195312	3.866915	1.501502	1.203407	
2	0.146484	3.888764	1.508417	1.194859	
2	0.146484	3.888764	1.508417	1.194859	
2	0.099537	3.906250	1.514174	1.188272	
2	0.099537	3.906250	1.514174	1.188272	
2	0.097656	3.907249	1.514422	1.188001	
2	0.097656	3.907249	1.514422	1.188001	
2	0.048828	3.929058	1.520116	1.182084	
2	0.048828	3.929058	1.520116	1.182084	
2	0.000000	3.946694	1.524835	1.177699	
2	0.000000	3.946694	1.524835	1.177699	
2	-0.029694	3.955078	1.527273	1.175673	
2	-0.029694	3.955078	1.527273	1.175673	
2	-0.048828	3.964300	1.528906	1.174434	
2	-0.048828	3.964300	1.528906	1.174434	
2	-0.097656	3.982076	1.532284	1.172263	
2	-0.097656	3.982076	1.532284	1.172263	
2	-0.146484	3.994570	1.534839	1.171142	
2	-0.146484	3.994570	1.534839	1.171142	
2	-0.195312	4.001055	1.536773	1.170878	
2	-0.195312	4.001055	1.536773	1.170878	
2	-0.244141	3.999105	1.538384	1.171448	
2	-0.244141	3.999105	1.538384	1.171448	
2	-0.292969	3.981460	1.540352	1.173440	
2	-0.292969	3.981460	1.540352	1.173440	
2	-0.319580	3.955078	1.542439	1.176590	
2	-0.319580	3.955078	1.542439	1.176590	
2	-0.341797	3.942547	1.543927	1.179288	
2	-0.341797	3.942547	1.543927	1.179288	
2	-0.377049	3.906250	1.547888	1.187628	
2	-0.377049	3.906250	1.547888	1.187628	
2	-0.390625	3.896170	1.549277	1.190874	
2	-0.390625	3.896170	1.549277	1.190874	
2	-0.424528	3.857422	1.554468	1.204130	
2	-0.424528	3.857422	1.554468	1.204130	
2	-0.439453	3.843298	1.556653	1.210190	
2	-0.439453	3.843298	1.556653	1.210190	
2	-0.465719	3.808594	1.561961	1.225971	
2	-0.465719	3.808594	1.561961	1.225971	
2	-0.488281	3.780987	1.566549	1.240790	
2	-0.488281	3.780987	1.566549	1.240790	
2	-0.501658	3.759766	1.570047	1.252823	
2	-0.501658	3.759766	1.570047	1.252823	
2	-0.532407	3.710938	1.578343	1.284082	
2	-0.532407	3.710938	1.578343	1.284082	
2	-0.537109	3.703100	1.579677	1.289495	
2	-0.537109	3.703100	1.579677	1.289495	
2	-0.558116	3.662109	1.586458	1.318949	
2	-0.558116	3.662109	1.586458	1.318949	
2	-0.578947	3.613281	1.594008	1.356438	
2	-0.578947	3.613281	1.594008	1.356438	
2	-0.585938	3.592678	1.596932	1.372727	
2	-0.585938	3.592678	1.596932	1.372727	
2	-0.595118	3.564453	1.600654	1.395443	
2	-0.595118	3.564453	1.600654	1.395443	
2	-0.606760	3.515625	1.606118	1.434812	
2	-0.606760	3.515625	1.606118	1.434812	
2	-0.613822	3.466797	1.610210	1.473459	
2	-0.613822	3.466797	1.610210	1.473459	
2	-0.616485	3.417969	1.612835	1.510509	
2	-0.616485	3.417969	1.612835	1.510509	
2	-0.614817	3.369141	1.613973	1.545306	
2	-0.614817	3.369141	1.613973	1.545306	
2	-0.608643	3.320312	1.613660	1.577441	
2	-0.608643	3.320312	1.613660	1.577441	
2	-0.597390	3.271484	1.611954	1.606762	
2	-0.597390	3.271484	1.611954	1.606762	
2	-0.585938	3.237785	1.609987	1.625415	
2	-0.585938	3.237785	1.609987	1.625415	
2	-0.580412	3.222656	1.608901	1.633346	
2	-0.580412	3.222656	1.608901	1.633346	
2	-0.556870	3.173828	1.604493	1.657447	
2	-0.556870	3.173828	1.604493	1.657447	
2	-0.537109	3.143455	1.600988	1.671499	
2	-0.537109	3.143455	1.600988	1.671499	
2	-0.523456	3.125000	1.598547	1.679714	
2	-0.523456	3.125000	1.598547	1.679714	
2	-0.488281	3.086771	1.592520	1.696423	
2	-0.488281	3.086771	1.592520	1.696423	
2	-0.476860	3.076172	1.590578	1.701018	
2	-0.476860	3.076172	1.590578	1.701018	
2	-0.439453	3.045997	1.584219	1.714214	
2	-0.439453	3.045997	1.584219	1.714214	
2	-0.411586	3.027344	1.579477	1.722669	
2	-0.411586	3.027344	1.579477	1.722669	
2	-0.390625	3.014524	1.575815	1.728600	
2	-0.390625	3.014524	1.575815	1.728600	
2	-0.341797	2.988617	1.567046	1.741230	
2	-0.341797	2.988617	1.567046	1.741230	
2	-0.320128	2.978516	1.563021	1.746453	
2	-0.320128	2.978516	1.563021	1.746453	
2	-0.292969	2.966299	1.557765	1.752856	
2	-0.292969	2.966299	1.557765	1.752856	
2	-0.244141	2.946463	1.547903	1.763860	
2	-0.244141	2.946463	1.547903	1.763860	
2	-0.196914	2.929688	1.537898	1.774007	
2	-0.196914	2.929688	1.537898	1.774007	
2	-0.195312	2.929121	1.537545	1.774349	
2	-0.195312	2.929121	1.537545	1.774349	
2	-0.146484	2.911943	1.526394	1.784750	
2	-0.146484	2.911943	1.526394	1.784750	
2	-0.097656	2.896313	1.514735	1.794890	
2	-0.097656	2.896313	1.514735	1.794890	
2	-0.048828	2.881849	1.502573	1.804866	
2	-0.048828	2.881849	1.502573	1.804866	
2	-0.045489	2.880859	1.501718	1.805549	
2	-0.045489	2.880859	1.501718	1.805549	
2	0.000000	2.867011	1.489718	1.814910	
2	0.000000	2.867011	1.489718	1.814910	
2	0.048828	2.852907	1.476411	1.824904	
2	0.048828	2.852907	1.476411	1.824904	
2	0.097656	2.839471	1.462702	1.834887	
2	0.097656	2.839471	1.462702	1.834887	
2	0.125258	2.832031	1.454772	1.840554	
2	0.125258	2.832031	1.454772	1.840554	
2	0.146484	2.826124	1.448548	1.844961	
2	0.146484	2.826124	1.448548	1.844961	
2	0.195312	2.812725	1.433978	1.855175	
2	0.195312	2.812725	1.433978	1.855175	
2	0.244141	2.799836	1.419140	1.865493	
2	0.244141	2.799836	1.419140	1.865493	
2	0.292969	2.787391	1.404071	1.875956	
2	0.292969	2.787391	1.404071	1.875956	
2	0.309672	2.783203	1.398866	1.879578	
2	0.309672	2.783203	1.398866	1.879578	
2	0.341797	2.774920	1.388730	1.886658	
2	0.341797	2.774920	1.388730	1.886658	
2	0.390625	2.762719	1.373210	1.897594	
2	0.390625	2.762719	1.373210	1.897594	
2	0.439453	2.751009	1.357591	1.908767	
2	0.439453	2.751009	1.357591	1.908767	
2	0.488281	2.739767	1.341905	1.920206	
2	0.488281	2.739767	1.341905	1.920206	
2	0.512567	2.734375	1.334093	1.925997	
2	0.512567	2.734375	1.334093	1.925997	
2	0.537109	2.728845	1.326153	1.931956	
2	0.537109	2.728845	1.326153	1.931956	
2	0.585938	2.718352	1.310386	1.944025	
2	0.585938	2.718352	1.310386	1.944025	
2	0.634766	2.708434	1.294661	1.956403	
2	0.634766	2.708434	1.294661	1.956403	
2	0.683594	2.699078	1.279000	1.969102	
2	0.683594	2.699078	1.279000	1.969102	
2	0.732422	2.690270	1.263421	1.982129	
2	0.732422	2.690270	1.263421	1.982129	
2	0.760379	2.685547	1.254562	1.989722	
2	0.760379	2.685547	1.254562	1.989722	
2	0.781250	2.682031	1.247947	1.995482	
2	0.781250	2.682031	1.247947	1.995482	
