#REFERENCE 3 87.3042530 -62.0775650
   #ID       X         Y         R       EPS       TAU       AMP       E_AMP      DMAG  TIME[days]  DTIME    PARITY
   7.2     0.632    -1.157     1.318     0.991     7.290    22.870    79.952      3.40    -161.6       0.0    ++
   7.2     0.202    -0.004     0.202     0.973     4.236     3.094    72.947      1.23    -151.3      10.2    --
   7.2     1.633     0.574     1.731     0.970     3.988   109.620   468.669      5.10    -155.5       6.0    +-
   7.2     2.146     1.426     2.577     0.872     1.779   671.132  8313.171      7.07    -155.4       6.2    +-
   7.2    -0.689    -0.686     0.972     0.773     1.218     7.501    41.335      2.19    -157.8       3.8    +-
   7.2    -1.393     2.356     2.737     0.650     0.856     8.536     1.870      2.33    -194.5     -32.9    ++
   7.2     4.041     2.389     4.694     0.603     0.755    37.666   103.500      3.94    -164.7      -3.2    ++
   7.1     0.840    -1.130     1.408     0.995     9.968    50.124  1233.166      4.25    -162.9      -1.4    ++
   7.1     0.140    -0.008     0.141     0.984     5.563     1.094     7.033      0.10    -151.3      10.3    --
   7.1    -0.724    -0.603     0.942     0.977     4.600     5.028     3.350      1.75    -156.7       4.8    +-
   7.1    -1.323     2.316     2.667     0.943     2.826     8.849     1.967      2.37    -190.9     -29.3    ++
   7.1     2.398     0.384     2.429     0.931     2.552   207.494  1665.385      5.79    -158.3       3.3    +-
   7.1     4.126     2.331     4.739     0.929     2.508    30.585    40.788      3.71    -169.3      -7.8    ++
   7.1     1.889     1.145     2.208     0.003     0.003   780.085  5656.489      7.23    -157.5       4.1    +-
   6.4     5.742     1.951     6.065     0.718     1.031     7.625     1.137      2.21    -290.4       0.0    ++
   6.4    -0.226     0.263     0.347     0.538     0.638    16.521   117.324      3.05    -150.5     139.9    --
   6.4    -1.048     0.200     1.067     0.186     0.189     6.432     2.437      2.02    -152.7     137.8    +-
   6.4    -0.921     1.937     2.145     0.141     0.142    21.610     9.097      3.34    -159.0     131.4    ++
   6.4     0.229     1.701     1.717     0.000     0.000    32.081    13.569      3.77    -156.8     133.6    +-
   6.3     0.871    -1.894     2.085     0.984     5.550     8.964     2.822      2.38    -205.8      84.6    ++
   6.3     0.325     0.350     0.477     0.968     3.879    25.125   155.308      3.50    -161.9     128.5    --
   6.3     0.889     0.976     1.320     0.955     3.224    10.998     5.725      2.60    -162.8     127.6    +-
   6.3     3.041    -0.809     3.147     0.942     2.798    12.854     5.749      2.77    -196.7      93.7    +-
   6.3    -1.492    -0.292     1.520     0.541     0.643     5.012     1.836      1.75    -182.2     108.3    +-
   6.3     5.288     2.240     5.743     0.078     0.078    10.694     1.982      2.57    -230.6      59.8    ++
   6.3    -1.824     2.379     2.998     0.000     0.000    10.888     3.233      2.59    -196.6      93.8    ++
   6.2     0.623    -1.795     1.900     0.971     4.090    10.083     4.264      2.51    -188.8     101.6    ++
   6.2     0.353     0.250     0.433     0.968     3.880    48.659  1783.944      4.22    -154.6     135.9    --
   6.2     2.879    -0.678     2.958     0.925     2.434    14.108     6.000      2.87    -179.0     111.5    +-
   6.2     1.268     4.157     4.347     0.896     2.013    41.745   194.175      4.05    -159.4     131.0    +-
   6.2    -1.949     2.868     3.468     0.684     0.937    10.125     2.935      2.51    -203.8      86.6    ++
   6.2     5.169     2.677     5.821     0.643     0.840    10.352     1.939      2.54    -220.4      70.0    ++
   6.2    -1.375    -0.584     1.494     0.000     0.000     5.259     2.629      1.80    -176.0     114.4    +-
   6.1     5.625     1.019     5.717     0.993     8.366    12.434     9.003      2.74    -296.4      -6.0    ++
   6.1     2.240    -2.003     3.005     0.808     1.371    33.811   200.369      3.82    -272.4      18.0    ++
   6.1     2.976    -1.637     3.396     0.000     0.000   188.769  1811.917      5.69    -272.0      18.4    +-
   3.2     0.048    -2.193     2.194     0.999    22.832     6.344     1.434      2.01    -254.8       0.0    ++
   3.2     4.064    -0.146     4.066     0.998    17.033     9.442     3.839      2.44    -206.7      48.1    +-
   3.2     4.996     1.216     5.142     0.991     7.595   314.786  8381.527      6.25    -210.0      44.9    ++
   3.2    -2.138     0.936     2.334     0.650     0.856    35.146   252.529      3.86    -230.5      24.3    ++
   3.2    -2.076     0.465     2.128     0.000     0.000   211.241  1179.032      5.81    -230.4      24.4    +-
   3.1     0.029    -2.197     2.197     1.000    56.993     6.317     1.426      2.00    -256.1      -1.3    ++
   3.1     4.097    -0.111     4.098     1.000    40.969     9.701     4.063      2.47    -206.5      48.3    +-
   3.1     4.975     1.174     5.112     0.998    17.792   343.363  4418.884      6.34    -209.3      45.5    ++
   3.1    -2.105     0.593     2.187     0.655     0.868   291.624  10077.761      6.16    -231.6      23.2    +-
   3.1    -2.131     0.788     2.272     0.001     0.001   134.384  1648.475      5.32    -231.6      23.2    ++
   1.6    -1.723     1.688     2.412     0.989     6.806    14.625     5.306      2.91    -186.6       0.0    ++
   1.6    -1.652     0.369     1.693     0.986     5.972    22.047    23.401      3.36    -184.9       1.8    +-
   1.6     5.719     1.809     5.998     0.976     4.458     9.302     1.662      2.42    -273.5     -86.9    ++
   1.6     1.425    -2.129     2.562     0.841     1.557    12.226   121.624      2.72    -237.8     -51.2    ++
   1.6     3.054    -1.375     3.350     0.000     0.000    59.950  2082.902      4.44    -234.0     -47.4    +-
   1.5     0.138     0.083     0.161     0.863     1.712     0.877     4.420     -0.14    -131.5      55.1    --
   1.5     5.424     3.500     6.455     0.759     1.166     8.036     1.767      2.26    -258.6     -71.9    ++
   1.5    -1.897     3.982     4.411     0.727     1.058    12.414     3.706      2.73    -201.1     -14.5    ++
   1.5     0.413     5.514     5.529     0.345     0.368     9.316     3.802      2.42    -181.9       4.7    +-
   1.5    -1.202    -0.667     1.375     0.000     0.000     4.496     2.010      1.63    -145.5      41.1    +-
   1.4     0.102     0.243     0.264     0.905     2.123     7.248    87.419      2.15    -150.1      36.5    --
   1.4     0.778     4.249     4.320     0.842     1.560    30.243    54.246      3.70    -159.6      27.0    +-
   1.4    -1.447    -0.207     1.462     0.565     0.685     4.421     1.407      1.61    -164.3      22.3    +-
   1.4     5.703     2.527     6.238     0.311     0.327     7.878     1.333      2.24    -271.1     -84.5    ++
   1.4    -1.755     2.938     3.423     0.000     0.000    13.390     4.685      2.82    -183.9       2.7    ++
   1.3     3.949     0.429     3.973     0.995     9.543    11.328     4.506      2.64    -161.7      25.0    +-
   1.3     4.748     2.051     5.172     0.912     2.226    82.672   415.811      4.79    -165.7      21.0    ++
   1.3    -2.802     2.402     3.691     0.856     1.656     8.074     2.432      2.27    -272.2     -85.6    ++
   1.3     2.133     4.249     4.755     0.659     0.876   147.002  1949.885      5.42    -142.7      43.9    +-
   1.3     2.178     3.598     4.206     0.000     0.000   473.166  10113.608      6.69    -142.6      44.0    --
   1.2    -0.172     0.302     0.347     0.669     0.900    14.556   104.599      2.91    -148.4      38.3    --
   1.2     5.991     2.081     6.342     0.559     0.674     6.928     1.019      2.10    -311.2    -124.6    ++
   1.2    -1.207     0.235     1.230     0.449     0.502     7.369     2.528      2.17    -152.2      34.4    +-
   1.2    -1.158     2.198     2.484     0.368     0.396    20.709     8.477      3.29    -159.0      27.7    ++
   1.2     0.327     1.843     1.872     0.000     0.000    28.952     9.646      3.65    -154.5      32.1    +-
   1.1    -0.137     0.178     0.224     0.992     8.028     3.269    27.204      1.29    -139.0      47.7    --
   1.1    -1.195    -0.049     1.196     0.976     4.480     3.919     1.297      1.48    -143.8      42.8    +-
   1.1    -1.316     2.997     3.273     0.919     2.334    19.864     8.139      3.25    -163.3      23.3    ++
   1.1     5.918     2.513     6.430     0.809     1.374     6.773     1.074      2.08    -301.9    -115.3    ++
   1.1     0.532     3.538     3.577     0.000     0.000   167.893   893.550      5.56    -155.0      31.7    +-
   2.3     6.288     1.327     6.426     0.954     3.182     9.613     2.120      2.46    -317.0       0.0    ++
   2.3     0.778    -2.898     3.001     0.896     2.013     5.942     1.214      1.93    -305.2      11.9    ++
   2.3     3.853    -1.709     4.215     0.000     0.000     7.529     2.533      2.19    -284.5      32.6    +-
   2.2     6.762     1.886     7.020     0.935     2.628     5.976     0.914      1.94    -389.1     -72.0    ++
   2.2     0.335     3.797     3.812     0.744     1.112  1629.020  70559.751      8.03    -148.2     168.8    --
   2.2     0.098     4.481     4.483     0.001     0.001    74.833  1835.241      4.69    -148.4     168.6    +-
   2.1     0.495    -2.890     2.933     0.998    14.809     5.674     1.121      1.88    -305.4      11.6    ++
   2.1     4.000    -1.534     4.284     0.996    11.235     6.723     2.049      2.07    -275.6      41.5    +-
   2.1     6.195     1.328     6.336     0.955     3.221    10.737     2.789      2.58    -302.3      14.8    ++
   2.1     0.882     5.124     5.199     0.373     0.401    16.268    12.320      3.03    -153.4     163.6    +-
   2.1     1.122     4.179     4.327     0.000     0.000   335.190  7573.719      6.31    -152.9     164.1    --
   4.2     0.960     4.401     4.504     0.999    22.772   453.405  5518.074      6.64    -152.3       0.0    --
   4.2     0.832     4.869     4.940     0.999    19.907    38.327   155.974      3.96    -152.4      -0.1    +-
   4.2     6.296     1.345     6.438     0.954     3.181     9.581     2.086      2.45    -316.8    -164.5    ++
   4.2     0.753    -2.904     3.000     0.897     2.024     5.924     1.207      1.93    -305.1    -152.8    ++
   4.2     3.859    -1.708     4.220     0.000     0.000     7.451     2.483      2.18    -283.9    -131.6    +-
   4.1    -0.481    -2.844     2.884     0.994     9.068     5.379     1.171      1.83    -330.0    -177.7    ++
   4.1     4.701    -0.703     4.754     0.994     8.811     7.698     3.085      2.22    -246.8     -94.4    +-
   4.1     5.722     0.831     5.782     0.974     4.285    96.413   647.207      4.96    -250.6     -98.2    ++
   4.1     1.374     5.422     5.594     0.455     0.512    13.726     6.975      2.84    -148.5       3.8    +-
   4.1     1.588     4.117     4.413     0.000     0.000    27.979    32.495      3.62    -147.3       5.1    --
   5.2     1.105     3.842     3.998     0.992     7.669    18.448    10.245      3.16    -154.6       0.0    --
   5.2     0.678     5.426     5.468     0.980     4.888    10.878     5.469      2.59    -156.9      -2.3    +-
   5.2     6.333     1.437     6.494     0.955     3.222     9.329     1.904      2.42    -316.6    -161.9    ++
   5.2     0.676    -2.919     2.996     0.899     2.047     5.914     1.208      1.93    -303.7    -149.1    ++
   5.2     3.855    -1.719     4.221     0.000     0.000     7.268     2.373      2.15    -281.2    -126.6    +-
   5.1    -0.929    -2.801     2.951     0.991     7.212     5.574     1.351      1.87    -348.8    -194.1    ++
   5.1     1.666     5.576     5.820     0.609     0.769    14.181     6.186      2.88    -144.2      10.5    +-
   5.1     1.815     4.045     4.434     0.000     0.000    20.078    11.884      3.26    -142.1      12.5    --
