#REFERENCE 0 87.3042530 -62.0775650
1 87.3042530 -62.0775650 0.0000 0.0000 15.47 0.00
1 87.304253 -62.077565 0.0000 0.0000 15.47 0.00
1 87.3042530 -62.0775650 0.0000 0.0000 15.47 0.00
1 87.3042530 -62.0775650 1.6491 1.0378 15.47 3.82
2 87.3031155 -62.0767405 0.0000 0.0000 -65.39 0.00
2 87.303116 -62.076740 0.0000 0.0000 -65.39 0.00
2 87.3031155 -62.0767405 0.0000 0.0000 -65.39 0.00
2 87.3031155 -62.0767405 5.8540 2.0345 -65.39 15.72
3 87.3042497 -62.0766152 0.0000 0.0000 24.26 0.00
3 87.304250 -62.076615 0.0000 0.0000 24.26 0.00
3 87.3042497 -62.0766152 0.0000 0.0000 24.26 0.00
3 87.3042497 -62.0766152 6.0753 2.1656 24.26 14.97
