#REFERENCE 3 87.3042530 -62.0775650
7.2 1.099 2.580 0.005 0.002 15.51 1.405 7.80 0.632 -1.157 3.35 4.45
7.2 1.099 2.580 0.005 0.002 15.51 1.405 7.80 0.202 -0.004 1.45 6.36
7.2 1.099 2.580 0.005 0.002 15.51 1.405 7.80 1.633 0.574 5.60 2.20
7.2 1.099 2.580 0.005 0.002 15.51 1.405 7.80 2.146 1.426 6.50 1.30
7.2 1.099 2.580 0.005 0.002 15.51 1.405 7.80 -0.689 -0.686 2.47 5.34
7.2 1.099 2.580 0.005 0.002 15.51 1.405 7.80 -1.393 2.356 2.76 5.04
7.2 1.099 2.580 0.005 0.002 15.51 1.405 7.80 4.041 2.389 3.49 4.31
7.1 1.123 2.572 0.011 0.002 158.62 1.405 6.86 0.840 -1.130 3.39 3.48
7.1 1.123 2.572 0.011 0.002 158.62 1.405 6.86 0.140 -0.008 1.30 5.56
7.1 1.123 2.572 0.011 0.002 158.62 1.405 6.86 -0.724 -0.603 2.30 4.56
7.1 1.123 2.572 0.011 0.002 158.62 1.405 6.86 -1.323 2.316 2.81 4.05
7.1 1.123 2.572 0.011 0.002 158.62 1.405 6.86 2.398 0.384 5.14 1.73
7.1 1.123 2.572 0.011 0.002 158.62 1.405 6.86 4.126 2.331 3.37 3.50
7.1 1.123 2.572 0.011 0.002 158.62 1.405 6.86 1.889 1.145 6.86 0.00
6.4 1.473 2.550 0.011 0.010 165.97 2.039 4.04 5.742 1.951 2.23 1.81
6.4 1.473 2.550 0.011 0.010 165.97 2.039 4.04 -0.226 0.263 1.69 2.35
6.4 1.473 2.550 0.011 0.010 165.97 2.039 4.04 -1.048 0.200 2.62 1.42
6.4 1.473 2.550 0.011 0.010 165.97 2.039 4.04 -0.921 1.937 4.09 -0.06
6.4 1.473 2.550 0.011 0.010 165.97 2.039 4.04 0.229 1.701 4.04 0.00
6.3 1.227 2.602 0.026 0.010 3.71 2.039 3.21 0.871 -1.894 2.68 0.52
6.3 1.227 2.602 0.026 0.010 3.71 2.039 3.21 0.325 0.350 2.05 1.16
6.3 1.227 2.602 0.026 0.010 3.71 2.039 3.21 0.889 0.976 3.82 -0.61
6.3 1.227 2.602 0.026 0.010 3.71 2.039 3.21 3.041 -0.809 2.95 0.26
6.3 1.227 2.602 0.026 0.010 3.71 2.039 3.21 -1.492 -0.292 2.19 1.02
6.3 1.227 2.602 0.026 0.010 3.71 2.039 3.21 5.288 2.240 2.64 0.57
6.3 1.227 2.602 0.026 0.010 3.71 2.039 3.21 -1.824 2.379 3.21 0.00
6.2 1.186 2.673 0.044 0.020 28.76 2.039 2.14 0.623 -1.795 2.78 -0.64
6.2 1.186 2.673 0.044 0.020 28.76 2.039 2.14 0.353 0.250 1.66 0.48
6.2 1.186 2.673 0.044 0.020 28.76 2.039 2.14 2.879 -0.678 3.03 -0.89
6.2 1.186 2.673 0.044 0.020 28.76 2.039 2.14 1.268 4.157 4.39 -2.25
6.2 1.186 2.673 0.044 0.020 28.76 2.039 2.14 -1.949 2.868 3.04 -0.91
6.2 1.186 2.673 0.044 0.020 28.76 2.039 2.14 5.169 2.677 2.75 -0.61
6.2 1.186 2.673 0.044 0.020 28.76 2.039 2.14 -1.375 -0.584 2.14 -0.00
6.1 1.452 2.349 0.040 0.004 119.46 2.039 3.73 5.625 1.019 2.36 1.37
6.1 1.452 2.349 0.040 0.004 119.46 2.039 3.73 2.240 -2.003 3.62 0.11
6.1 1.452 2.349 0.040 0.004 119.46 2.039 3.73 2.976 -1.637 3.73 0.00
3.2 1.089 2.460 0.040 0.003 9.22 2.141 4.29 0.048 -2.193 2.18 2.11
3.2 1.089 2.460 0.040 0.003 9.22 2.141 4.29 4.064 -0.146 3.20 1.10
3.2 1.089 2.460 0.040 0.003 9.22 2.141 4.29 4.996 1.216 3.26 1.04
3.2 1.089 2.460 0.040 0.003 9.22 2.141 4.29 -2.138 0.936 4.46 -0.17
3.2 1.089 2.460 0.040 0.003 9.22 2.141 4.29 -2.076 0.465 4.29 0.00
3.1 1.084 2.456 0.040 0.001 6.95 2.141 5.36 0.029 -2.197 2.17 3.19
3.1 1.084 2.456 0.040 0.001 6.95 2.141 5.36 4.097 -0.111 3.25 2.11
3.1 1.084 2.456 0.040 0.001 6.95 2.141 5.36 4.975 1.174 3.31 2.05
3.1 1.084 2.456 0.040 0.001 6.95 2.141 5.36 -2.105 0.593 5.29 0.07
3.1 1.084 2.456 0.040 0.001 6.95 2.141 5.36 -2.131 0.788 5.36 -0.00
1.6 1.340 2.539 0.041 0.010 121.61 2.350 2.97 -1.723 1.688 3.80 -0.83
1.6 1.340 2.539 0.041 0.010 121.61 2.350 2.97 -1.652 0.369 3.06 -0.09
1.6 1.340 2.539 0.041 0.010 121.61 2.350 2.97 5.719 1.809 2.38 0.58
1.6 1.340 2.539 0.041 0.010 121.61 2.350 2.97 1.425 -2.129 2.82 0.15
1.6 1.340 2.539 0.041 0.010 121.61 2.350 2.97 3.054 -1.375 2.97 0.00
1.5 1.282 2.835 0.042 0.025 32.94 2.350 1.99 0.138 0.083 0.57 1.42
1.5 1.282 2.835 0.042 0.025 32.94 2.350 1.99 5.424 3.500 2.72 -0.73
1.5 1.282 2.835 0.042 0.025 32.94 2.350 1.99 -1.897 3.982 3.05 -1.06
1.5 1.282 2.835 0.042 0.025 32.94 2.350 1.99 0.413 5.514 3.12 -1.13
1.5 1.282 2.835 0.042 0.025 32.94 2.350 1.99 -1.202 -0.667 1.99 0.00
1.4 1.344 2.678 0.026 0.010 1.58 2.350 3.42 0.102 0.243 0.99 2.43
1.4 1.344 2.678 0.026 0.010 1.58 2.350 3.42 0.778 4.249 4.40 -0.98
1.4 1.344 2.678 0.026 0.010 1.58 2.350 3.42 -1.447 -0.207 2.08 1.34
1.4 1.344 2.678 0.026 0.010 1.58 2.350 3.42 5.703 2.527 2.42 1.00
1.4 1.344 2.678 0.026 0.010 1.58 2.350 3.42 -1.755 2.938 3.42 -0.00
1.3 0.879 2.586 0.041 0.003 5.54 2.350 5.26 3.949 0.429 3.42 1.84
1.3 0.879 2.586 0.041 0.003 5.54 2.350 5.26 4.748 2.051 3.67 1.59
1.3 0.879 2.586 0.041 0.003 5.54 2.350 5.26 -2.802 2.402 2.90 2.37
1.3 0.879 2.586 0.041 0.003 5.54 2.350 5.26 2.133 4.249 5.27 -0.01
1.3 0.879 2.586 0.041 0.003 5.54 2.350 5.26 2.178 3.598 5.26 0.00
1.2 1.501 2.595 0.018 0.010 166.66 2.350 4.09 -0.172 0.302 1.52 2.57
1.2 1.501 2.595 0.018 0.010 166.66 2.350 4.09 5.991 2.081 2.17 1.92
1.2 1.501 2.595 0.018 0.010 166.66 2.350 4.09 -1.207 0.235 2.59 1.50
1.2 1.501 2.595 0.018 0.010 166.66 2.350 4.09 -1.158 2.198 4.08 0.01
1.2 1.501 2.595 0.018 0.010 166.66 2.350 4.09 0.327 1.843 4.09 -0.00
1.1 1.470 2.686 0.024 0.003 11.87 2.350 5.32 -0.137 0.178 0.94 4.38
1.1 1.470 2.686 0.024 0.003 11.87 2.350 5.32 -1.195 -0.049 2.10 3.22
1.1 1.470 2.686 0.024 0.003 11.87 2.350 5.32 -1.316 2.997 3.87 1.45
1.1 1.470 2.686 0.024 0.003 11.87 2.350 5.32 5.918 2.513 2.24 3.07
1.1 1.470 2.686 0.024 0.003 11.87 2.350 5.32 0.532 3.538 5.32 -0.00
2.3 1.302 2.503 0.036 0.012 123.12 4.569 2.34 6.288 1.327 2.31 0.03
2.3 1.302 2.503 0.036 0.012 123.12 4.569 2.34 0.778 -2.898 2.14 0.20
2.3 1.302 2.503 0.036 0.012 123.12 4.569 2.34 3.853 -1.709 2.34 -0.00
2.2 1.599 2.609 0.027 0.004 21.91 4.569 4.82 6.762 1.886 1.99 2.83
2.2 1.599 2.609 0.027 0.004 21.91 4.569 4.82 0.335 3.797 4.95 -0.13
2.2 1.599 2.609 0.027 0.004 21.91 4.569 4.82 0.098 4.481 4.82 0.00
2.1 1.245 2.509 0.041 0.004 13.16 4.569 3.90 0.495 -2.890 2.06 1.83
2.1 1.245 2.509 0.041 0.004 13.16 4.569 3.90 4.000 -1.534 2.32 1.57
2.1 1.245 2.509 0.041 0.004 13.16 4.569 3.90 6.195 1.328 2.40 1.50
2.1 1.245 2.509 0.041 0.004 13.16 4.569 3.90 0.882 5.124 3.88 0.02
2.1 1.245 2.509 0.041 0.004 13.16 4.569 3.90 1.122 4.179 3.90 -0.00
4.2 1.298 2.508 0.036 0.012 123.16 4.655 2.34 0.960 4.401 4.64 -2.31
4.2 1.298 2.508 0.036 0.012 123.16 4.655 2.34 0.832 4.869 4.63 -2.29
4.2 1.298 2.508 0.036 0.012 123.16 4.655 2.34 6.296 1.345 2.31 0.02
4.2 1.298 2.508 0.036 0.012 123.16 4.655 2.34 0.753 -2.904 2.14 0.20
4.2 1.298 2.508 0.036 0.012 123.16 4.655 2.34 3.859 -1.708 2.34 -0.00
4.1 1.021 2.471 0.031 0.005 9.73 4.655 3.53 -0.481 -2.844 1.93 1.60
4.1 1.021 2.471 0.031 0.005 9.73 4.655 3.53 4.701 -0.703 2.85 0.68
4.1 1.021 2.471 0.031 0.005 9.73 4.655 3.53 5.722 0.831 3.04 0.49
4.1 1.021 2.471 0.031 0.005 9.73 4.655 3.53 1.374 5.422 3.63 -0.10
4.1 1.021 2.471 0.031 0.005 9.73 4.655 3.53 1.588 4.117 3.53 0.00
5.2 1.287 2.531 0.036 0.012 123.08 5.005 2.30 1.105 3.842 3.38 -1.08
5.2 1.287 2.531 0.036 0.012 123.08 5.005 2.30 0.678 5.426 3.33 -1.03
5.2 1.287 2.531 0.036 0.012 123.08 5.005 2.30 6.333 1.437 2.32 -0.01
5.2 1.287 2.531 0.036 0.012 123.08 5.005 2.30 0.676 -2.919 2.13 0.18
5.2 1.287 2.531 0.036 0.012 123.08 5.005 2.30 3.855 -1.719 2.30 -0.00
5.1 0.909 2.454 0.028 0.005 7.72 5.005 3.37 -0.929 -2.801 1.94 1.43
5.1 0.909 2.454 0.028 0.005 7.72 5.005 3.37 1.666 5.576 3.61 -0.24
5.1 0.909 2.454 0.028 0.005 7.72 5.005 3.37 1.815 4.045 3.37 0.00
