chi multiples
 N    ID    z   Narcs    chip    chix    chiy    chia   rmss     rmsi    dx      dy    nwarn
 0    7.2 4.500   1      0.03    0.00    0.00    0.00   0.026    0.09   -0.07   -0.05  0
 0    7.1 4.500   1      0.01    0.00    0.00    0.00   0.026    0.06    0.06   -0.00  0
 0    7.2 4.500   2      0.05    0.00    0.00    0.00   0.026    0.08    N/A     N/A   0
 1    6.2 4.500   1      0.01    0.00    0.00    0.00   0.009    0.05    0.02    0.04  0
 1    6.1 4.500   1      0.01    0.00    0.00    0.00   0.009    0.04   -0.04   -0.01  0
 1    6.2 4.500   2      0.01    0.00    0.00    0.00   0.009    0.04    N/A     N/A   0
 2    5.2 4.500   1      0.01    0.00    0.00    0.00   0.014    0.06   -0.03    0.05  0
 2    5.1 4.500   1      0.00    0.00    0.00    0.00   0.014    0.02   -0.02   -0.02  0
 2    5.2 4.500   2      0.02    0.00    0.00    0.00   0.014    0.04    N/A     N/A   0
chimul                   0.08    0.00    0.00    0.00   0.018    0.06    N/A     N/A   0
log(Likelihood)         -2.75

chitot           0.08
log(Likelihood)    -2.75
