1 -1995.064551 0.778467 -47.958638 0.847366 492.298541 0.458313 0.184583 0.622586 85.283467 11.258108 206.091123 55.511572 0.000000
1 -156.700565 0.709289 52.940262 14.591471 366.528773 0.634902 -0.126532 0.302633 -62.202954 0.491986 327.046513 32.804790 0.000000
1 -5419.667237 0.203309 3.951470 5.547810 74.576671 -0.112300 0.335127 0.305934 88.490988 7.607605 259.938721 41.343336 0.000000
1 -5420.611137 0.299953 -72.055296 3.492223 396.571231 0.158805 0.233150 0.353810 -15.648098 11.408832 332.990453 24.825424 0.000000
1 -5419.667270 0.047395 83.789866 14.414314 138.725238 -0.348461 0.551655 0.232806 -25.295726 13.670844 363.602587 18.599616 0.000000
1 -5422.438458 0.611408 14.877620 6.469862 230.000109 0.144589 0.774764 0.139424 3.758573 0.352712 177.800956 21.794960 0.000000
1 -5419.711684 0.188544 -86.499778 4.801794 397.287541 -0.184408 -0.268049 0.151629 -33.659043 8.610188 221.629240 44.436426 0.000000
1 -5419.686328 0.694425 -19.473894 12.592557 113.876806 0.112851 -0.196814 0.137523 18.931709 1.951228 182.586674 30.438023 0.000000
1 -5419.667195 0.448851 -58.772470 7.094191 188.786125 -0.330635 -0.605878 0.515211 -17.033008 3.014670 67.442588 4.837246 0.000000
1 -3619.139596 0.168498 -39.114472 9.876082 178.978112 0.201436 -0.697877 0.014538 -68.497910 1.847528 394.776249 50.437939 0.000000
1 -4.555449 0.018009 -31.194737 5.929607 121.814601 0.924000 0.248816 0.493501 -30.682826 1.152356 340.737228 19.611109 -0.558827
1 -5421.297517 0.476105 -5.328336 0.446071 427.382333 -0.075889 0.101692 0.718673 -59.199286 2.179086 482.668064 24.736904 -0.558827
1 -5419.668029 0.186273 -89.976006 11.748808 450.394096 -0.896525 0.482622 0.108476 -26.412452 11.637397 428.195284 41.591204 -0.558827
1 -16.639644 0.158641 42.870999 3.180539 399.717234 -0.751945 -0.388741 0.738608 -24.232907 9.963599 308.616699 24.088821 -0.558827
1 -5419.690384 0.323083 -88.061373 5.771412 420.468324 -0.572937 -0.601339 0.238895 13.482707 14.338542 324.600907 35.571899 -0.558827
1 -15.050103 0.086313 46.429167 0.978936 227.839009 -0.118308 0.886686 0.560490 76.514096 6.390829 425.736552 49.128053 -0.558827
1 -5419.667157 0.092206 -49.742196 4.750684 83.275690 -0.246087 -0.278212 0.453377 -73.300915 9.770969 163.537855 31.561142 -0.558827
1 -1821.846232 0.476488 -33.283444 13.262104 171.529968 -0.572628 0.257700 0.224609 -86.139954 1.181007 392.935650 15.312891 -0.558827
1 -5419.667344 0.342239 -27.181073 3.277943 64.321541 -0.634398 -0.369374 0.163541 51.316006 7.751399 419.326428 48.626354 -0.558827
1 -5419.667269 0.046161 10.849868 7.877417 15.538731 -0.439058 0.642726 0.360325 31.647287 13.056604 425.455766 54.976962 -0.558827
1 -1811.510455 0.710752 -65.742511 14.354974 275.477415 -0.448262 0.886492 0.724216 68.295830 0.897099 409.920871 38.612718 -1.067023
1 -5420.100745 0.532722 -81.009843 1.907656 63.368056 -0.651826 0.627456 0.620513 76.870199 4.953841 415.957874 28.308928 -1.067023
1 -5420.530647 0.553353 64.459137 1.277822 265.695032 0.760004 -0.512806 0.099762 44.016789 2.460833 371.414502 13.623468 -1.067023
1 -5420.126284 0.317057 -26.334441 1.767444 231.107898 -0.786470 0.027595 0.781328 -75.407403 6.898216 24.854216 9.076092 -1.067023
1 -5419.674830 0.592733 63.474675 2.763141 188.176917 -0.279829 -0.168901 0.518970 66.172518 12.371497 289.946315 49.432060 -1.067023
1 -16.650473 0.555606 55.980010 1.041532 225.091715 -0.121410 0.828150 0.129752 -18.994396 9.518344 283.299948 45.576898 -1.067023
1 -5419.668256 0.611732 49.285629 12.020440 211.808730 0.401359 0.416134 0.761564 -31.684184 10.657426 239.534440 13.380900 -1.067023
1 -5419.667149 0.524419 52.548722 8.882130 25.843249 0.413489 -0.004735 0.007741 27.226810 8.982916 87.231612 35.057549 -1.067023
1 -5.577517 0.232321 -25.430632 13.282080 208.755852 -0.499755 -0.713445 0.764482 -60.913089 0.476553 269.800881 17.159364 -1.067023
1 -5419.667186 0.621479 -79.505594 12.669481 354.289448 -0.346537 -0.090846 0.280656 -44.954378 9.562181 90.403890 54.541757 -1.067023
1 -1821.636069 0.626044 -54.669111 3.178251 87.427057 0.533506 0.892588 0.045240 42.530983 0.550414 415.371435 40.087700 -1.568785
1 -5419.792014 0.535869 -81.368108 2.213799 66.343398 -0.663088 0.665293 0.607934 77.256114 5.226082 414.471754 28.963807 -1.568785
1 -1824.732512 0.041116 -85.596472 2.470008 289.773427 -0.703533 0.366387 0.488336 -84.523502 13.170019 485.316081 53.346686 -1.568785
1 -5419.668622 0.540119 -40.546550 8.236612 388.385650 -0.577069 0.197326 0.066822 55.779125 10.267438 41.349283 37.180369 -1.568785
1 -5419.667164 0.406371 -63.173123 14.773618 346.023817 -0.922993 0.986593 0.181958 -48.951776 13.719393 151.509831 53.276693 -1.568785
1 -5419.667424 0.119920 -35.184420 12.150895 417.757317 0.551186 0.503833 0.174988 62.858726 6.915505 156.317821 51.086162 -1.568785
1 -14.877512 0.136005 26.334252 3.103808 326.208459 0.385175 0.058693 0.620292 -32.269301 0.935316 178.297001 42.220905 -1.568785
1 -5419.667151 0.345450 -64.188841 14.441064 52.428888 0.715316 0.131719 0.131115 -54.874978 11.268464 129.355498 33.589652 -1.568785
1 -12.931135 0.261307 -46.660963 0.663711 208.892541 -0.403942 -0.757311 0.761703 -66.738316 1.172003 220.004011 23.093827 -1.568785
1 -5419.667322 0.005000 -85.492456 8.517824 94.910335 -0.607904 0.324071 0.133800 82.136820 2.221304 68.866860 15.064037 -1.568785
1 -1814.583423 0.560247 47.954353 4.815605 99.703867 -0.069871 0.619433 0.548202 74.292083 2.851022 358.317768 38.310114 -1.787298
1 -13.434493 0.471034 42.017363 2.567791 246.903957 -0.025208 0.970805 0.766947 -80.522334 3.065871 427.030817 46.100190 -1.787298
1 -1846.283036 0.085333 -32.919014 13.219424 249.365161 0.844398 0.030449 0.224559 84.049349 0.803540 474.117350 9.616129 -1.787298
1 -5419.673184 0.321880 83.050412 5.201637 374.225829 -0.366405 -0.032832 0.626859 7.299135 4.848514 42.454805 44.923520 -1.787298
1 -1817.207060 0.344944 -51.374498 2.768056 360.779622 -0.120403 0.001406 0.298632 3.601152 11.307015 316.839645 43.730552 -1.787298
1 -18.637859 0.442833 -71.829423 1.688529 365.954814 0.012807 0.009036 0.797440 -58.559396 0.203598 102.168699 31.545173 -1.787298
1 -7.199450 0.175946 33.350031 3.747152 327.157505 0.444028 0.066029 0.606244 -29.176957 0.397524 177.677769 42.383358 -1.787298
1 -17.672156 0.295981 -54.386302 13.320389 376.594481 -0.518398 0.236500 0.711297 -32.901041 0.336502 260.498603 13.529384 -1.787298
1 -20.415162 0.714561 -49.749242 1.237328 336.125773 -0.039313 -0.354253 0.483791 72.975300 4.360657 173.113952 50.560399 -1.787298
1 -5419.667212 0.171630 20.067310 8.939029 77.702565 -0.114833 0.349728 0.691209 -86.748350 9.956384 325.717763 43.604571 -1.787298
1 -1810.985121 0.597800 13.277747 5.154319 92.814359 -0.013184 0.799031 0.562864 57.410462 2.257345 446.135751 37.738134 -1.985851
1 -47.870136 0.482609 -65.366504 6.651344 344.738530 -0.123781 0.735852 0.689611 -64.954711 2.307557 418.318409 42.475424 -1.985851
1 -24.625223 0.074050 -59.033805 3.694774 108.047792 -0.303401 0.167656 0.602057 88.224304 0.874517 336.678005 13.973590 -1.985851
1 -5419.677439 0.275136 76.315660 5.179802 401.650825 -0.402719 -0.017881 0.624931 -4.055329 5.105189 34.677413 45.281266 -1.985851
1 -5419.669302 0.747005 -15.388999 0.318946 22.044798 0.442055 -0.717632 0.683790 73.562707 6.554045 223.322224 21.933148 -1.985851
1 -36.010741 0.321795 -85.855762 0.660517 370.029460 0.226094 0.218458 0.688490 -55.752260 4.250454 54.399661 35.291718 -1.985851
1 -1874.160047 0.122231 -12.672229 1.480160 291.327641 0.489209 0.012619 0.375434 67.042258 10.096739 391.796168 47.628712 -1.985851
1 -43.118447 0.215326 -44.348096 11.388081 357.377223 -0.090187 0.989384 0.182862 -30.122531 3.456343 414.157619 4.816174 -1.985851
1 -1812.047643 0.000724 -72.747395 4.875417 443.122635 -0.477031 0.990015 0.538243 -87.623742 5.535939 346.792635 42.307741 -1.985851
1 -11.347773 0.291837 0.956546 10.767692 149.093962 -0.897627 0.324833 0.565234 31.119985 1.141034 349.254578 56.255517 -1.985851
1 -70.361842 0.252644 66.730098 2.416405 173.177925 0.616933 0.783860 0.035114 -59.076406 2.230423 407.491354 5.950223 -2.216757
1 -326.875877 0.114347 -56.687417 0.477927 454.984589 -0.224878 0.233024 0.398261 -79.313718 7.880878 44.549539 12.185170 -2.216757
1 -64.116323 0.255492 16.107939 1.091606 261.092262 0.894663 0.554142 0.148577 -51.784192 9.164762 397.094691 50.876418 -2.216757
1 -5419.667684 0.504217 -54.417888 2.965793 126.411350 -0.929760 -1.000511 0.442590 84.393547 8.158644 335.991080 48.236418 -2.216757
1 -140.841688 0.640555 43.466769 0.118452 325.380996 0.456911 0.461543 0.054604 87.270448 4.561498 155.843989 32.924743 -2.216757
1 -5420.255486 0.356350 -63.587879 6.984786 235.559093 0.030158 -0.291395 0.363369 -35.402623 0.838557 149.903359 23.052599 -2.216757
1 -1810.864047 0.082230 -65.555626 10.301164 150.177911 0.953062 0.919714 0.308183 -43.827703 0.891194 273.705807 30.295134 -2.216757
1 -1811.149876 0.386999 47.153754 5.711092 29.673608 -0.077772 0.914609 0.216710 -87.759570 2.822669 448.848677 12.525289 -2.216757
1 -1816.805605 0.448312 38.307485 5.584102 311.726390 0.451981 -0.271874 0.347481 -26.079892 3.983967 380.791363 34.298927 -2.216757
1 -1814.925780 0.075380 49.691802 12.582178 452.766402 -0.782873 -0.083429 0.488417 -56.486286 3.814650 385.410934 6.903599 -2.216757
1 -10.485526 0.254951 79.300996 4.408882 95.522886 -0.977401 0.249783 0.794026 -55.720861 2.158720 324.673915 7.252305 -2.344167
1 -332.356213 0.114768 -57.079283 0.390281 454.697565 -0.224087 0.240010 0.396804 -80.335239 7.935174 44.198829 12.417181 -2.344167
1 -106.421107 0.596965 -78.836090 1.075454 322.947077 0.591026 -0.907193 0.169602 -60.311914 0.192943 225.721659 12.162642 -2.344167
1 -5419.669440 0.366000 -19.773048 5.876325 318.517500 -0.083238 -0.606928 0.783049 72.528018 1.592436 17.210621 29.658162 -2.344167
1 -85.941019 0.141134 11.138273 1.123465 330.998246 0.364343 -0.943723 0.707723 -37.758792 8.790898 304.277096 35.233402 -2.344167
1 -10.401988 0.344042 -89.034614 1.175280 266.332236 -0.462337 0.352455 0.094103 -70.225430 8.058765 370.816632 55.538030 -2.344167
1 -1813.332454 0.537885 -45.944758 8.586195 493.392380 0.704734 0.183351 0.096174 -25.924607 6.469427 335.306571 38.289941 -2.344167
1 -10.968305 0.510552 -89.629173 4.015930 478.600815 -0.335575 -0.085221 0.417459 72.155966 6.795316 315.430358 7.092964 -2.344167
1 -1809.229350 0.461078 -27.291603 6.401720 426.857429 0.753631 -0.041808 0.777879 -28.184415 3.058212 233.727525 5.355062 -2.344167
1 -9.813487 0.767195 59.466464 10.101778 369.219845 -0.963297 -0.352149 0.573407 -58.356229 1.654396 327.152319 11.626920 -2.344167
1 -28.109054 0.382526 -83.434937 0.681680 269.166150 0.352316 0.096962 0.188813 -43.984194 4.356093 339.737125 59.089272 -2.414481
1 -25.886174 0.515165 -36.786012 1.917284 148.028360 0.304225 0.280915 0.782923 79.534545 0.780097 410.114370 20.163632 -2.414481
1 -1830.407536 0.562917 -51.009306 13.555262 52.315519 0.911507 -0.086067 0.191364 60.213674 0.924024 405.802791 51.234029 -2.414481
1 -74.668898 0.281143 -29.104578 1.286157 313.574546 0.191598 -0.544761 0.200987 7.457784 2.040383 222.642933 11.405096 -2.414481
1 -48.292711 0.185128 48.104108 1.462325 323.162423 0.461299 -0.992039 0.465607 39.465994 12.115057 304.503212 33.125110 -2.414481
1 -80.046304 0.339031 74.241750 1.130811 287.702237 0.943673 0.134282 0.464507 -61.100340 12.980285 497.504267 53.342447 -2.414481
1 -1811.576423 0.668099 -58.877385 6.287759 446.200377 0.917237 0.501561 0.088095 -25.216677 9.649539 313.795025 31.191229 -2.414481
1 -48.771600 0.419768 -24.262468 0.925029 314.477009 0.827867 0.439048 0.396379 50.560487 10.341709 110.452221 15.882714 -2.414481
1 -1890.964567 0.223525 -50.980351 6.314122 359.114307 -0.610406 -0.379315 0.032711 66.829297 0.850620 286.203677 40.056450 -2.414481
1 -11.665792 0.634681 -57.913210 11.450388 283.320386 0.412545 0.094973 0.027980 -53.610062 2.432247 367.035215 8.786472 -2.414481
1 -19.900486 0.402326 -78.307023 1.054829 242.875486 0.375200 0.298935 0.257565 -35.063302 4.573308 370.098717 50.973357 -2.477058
1 -154.660944 0.676497 -52.148413 6.625366 133.041218 0.392864 0.560657 0.698749 49.901302 0.722293 480.720505 18.288510 -2.477058
1 -1837.082671 0.272517 14.936450 8.802939 241.126861 0.620588 -0.387725 0.539722 36.911308 0.314003 378.266469 18.637322 -2.477058
1 -80.774233 0.391290 10.471539 0.253694 308.002821 0.164654 -0.518558 0.644005 -3.597313 13.246905 80.105812 36.935691 -2.477058
1 -213.174541 0.239096 -89.946364 13.728006 26.521606 -0.574694 -0.244881 0.500461 86.680335 0.077739 369.319077 58.778928 -2.477058
1 -32.785828 0.231517 39.812974 5.025387 57.308518 0.843708 0.815346 0.757822 -78.476873 1.045164 480.099560 57.762394 -2.477058
1 -127.496562 0.441805 -50.921092 0.825303 405.281966 0.863604 -0.480847 0.094409 9.837478 8.737775 18.496882 45.135877 -2.477058
1 -12.397979 0.460092 -78.055309 1.754230 366.420407 0.159262 0.261878 0.260788 87.376141 6.144946 25.691272 20.716309 -2.477058
1 -1813.028814 0.313803 -89.409366 4.293527 236.362034 -0.537574 0.411823 0.606928 -38.776158 3.585574 351.636901 40.373830 -2.477058
1 -107.489982 0.701586 85.802356 9.325928 237.255486 0.681870 0.230721 0.658359 88.170166 1.782095 394.404651 21.938758 -2.477058
1 -34.508791 0.509849 87.212796 0.553997 295.065248 0.546379 -0.242443 0.277727 48.463443 1.581550 251.060260 4.160166 -2.484270
1 -156.491391 0.427358 11.559714 4.001885 189.619047 0.206138 0.966973 0.068385 -67.364611 2.569297 402.282965 38.180503 -2.484270
1 -18.304085 0.134131 -24.722483 10.112798 329.342619 -0.065643 -0.803543 0.434354 78.944990 0.214693 261.979253 7.636260 -2.484270
1 -34.538653 0.374585 24.052963 0.581086 284.923834 0.332389 -0.475471 0.669737 -8.740371 12.898876 99.548871 39.409156 -2.484270
1 -18.900067 0.049754 -29.349228 1.979067 305.027680 -0.946351 0.104505 0.572219 -11.319400 8.096219 328.377917 57.003648 -2.484270
1 -15.636092 0.780096 36.654053 5.174216 444.969156 0.183918 -0.598061 0.038139 53.396870 1.702858 20.307650 14.390550 -2.484270
1 -17.475306 0.432824 -66.620126 1.061679 324.135046 0.843967 -0.873758 0.075915 19.184454 10.017952 148.380551 46.475844 -2.484270
1 -12.841789 0.460321 -78.177361 1.744132 366.955076 0.158008 0.259791 0.259182 87.294286 6.143931 24.745828 20.695507 -2.484270
1 -122.523769 0.489595 85.898058 0.277735 446.439046 -0.247157 0.824075 0.108488 -47.219792 7.212225 182.588409 49.865571 -2.484270
1 -24.291419 0.711280 -82.209340 10.017625 248.974458 0.655249 0.100009 0.662908 82.517578 1.664616 451.007373 21.676200 -2.484270
1 -101.047332 0.610750 -48.295575 1.428823 271.975262 0.617569 -0.223999 0.395668 57.023652 1.608532 248.003231 56.376927 -2.522481
1 -129.947256 0.485559 47.040442 6.124390 24.307606 0.096940 0.340495 0.114285 53.652987 0.628453 414.054961 26.230260 -2.522481
1 -65.176068 0.157960 -31.942817 11.744300 348.948514 -0.426835 -0.849774 0.514085 74.456760 0.752382 302.625451 56.906421 -2.522481
1 -142.078882 0.691722 34.094995 0.253469 333.219017 0.521132 -0.250301 0.138231 21.872207 4.610903 259.443867 39.539914 -2.522481
1 -81.556888 0.037956 73.326511 0.774947 264.884697 0.398936 0.191712 0.105523 30.731494 6.757872 378.744294 56.462290 -2.522481
1 -17.226877 0.737872 34.459293 4.860718 442.422925 0.181078 -0.609111 0.028815 61.647255 1.657806 11.469467 15.090965 -2.522481
1 -23.700038 0.666656 -49.763431 0.903926 349.437920 -0.605372 -0.638602 0.723511 17.194320 9.136046 131.126154 9.856314 -2.522481
1 -27.915176 0.473666 -78.476794 1.715073 352.977362 0.148019 0.274109 0.262062 89.714431 6.019706 20.818243 19.781792 -2.522481
1 -13.020175 0.744591 24.847117 13.915939 462.476881 0.094974 -0.655183 0.601597 -80.073716 3.244475 410.776577 5.720011 -2.522481
1 -1817.214246 0.779984 -30.577685 5.163839 465.614131 0.022862 0.326611 0.600444 -76.923842 9.131275 173.825534 55.614631 -2.522481
1 -16.160465 0.384477 81.676023 0.744760 309.919205 -0.548643 0.533691 0.023215 17.125035 4.492565 182.833448 46.489586 -2.532550
1 -294.939798 0.507547 46.222032 9.024503 52.486550 -0.030981 0.211586 0.237076 28.013441 0.506051 451.473953 18.593712 -2.532550
1 -31.019535 0.488747 21.260599 1.994020 368.308161 -0.528086 0.962456 0.698671 -60.624627 7.082461 290.279505 13.591499 -2.532550
1 -93.585822 0.712079 27.181035 0.066646 339.380060 0.607759 -0.197167 0.114902 28.867439 4.526378 244.736251 39.239458 -2.532550
1 -92.302662 0.782064 -76.153774 0.184786 366.121379 0.936107 0.082212 0.328559 48.304692 3.897673 168.378944 9.917805 -2.532550
1 -17.932774 0.769174 21.737637 3.448741 296.231790 0.713534 0.065670 0.089739 80.403955 2.005004 232.166128 42.642020 -2.532550
1 -39.979314 0.601965 -72.591538 0.336602 372.547045 -0.029689 -0.470042 0.497349 18.723430 9.781914 133.711573 11.121796 -2.532550
1 -9.782072 0.569771 85.955457 0.936409 315.787852 0.637237 0.340263 0.405586 -77.847539 7.898604 87.127494 31.380734 -2.532550
1 -15.225178 0.770640 0.967018 12.592910 385.555482 0.183038 -0.802776 0.034936 -86.746436 4.517725 418.645246 5.994949 -2.532550
1 -25.069367 0.571987 -24.188694 0.877779 360.311325 -0.796559 0.656811 0.354753 -64.915220 9.612400 53.424957 43.951678 -2.532550
1 -8.063163 0.155154 82.430659 2.637182 312.439606 0.665333 0.180340 0.089628 -72.709064 8.377461 430.588749 10.099581 -2.540726
1 -85.520001 0.576071 7.470162 11.399897 219.356065 -0.191229 0.152366 0.288231 50.965773 0.926380 287.895015 34.774238 -2.540726
1 -10.430764 0.580689 84.954119 0.361263 241.289641 0.923927 0.278738 0.531363 17.546126 5.670623 225.311470 31.020976 -2.540726
1 -150.552002 0.074108 -4.249734 0.434861 339.445303 -0.593328 -0.376213 0.715170 25.173026 6.721127 113.759838 53.303293 -2.540726
1 -75.809338 0.263521 82.970114 2.775799 356.112611 -0.000850 -0.500467 0.174899 -81.959665 0.249999 142.152239 31.650975 -2.540726
1 -23.675076 0.620822 34.708139 1.219660 289.728111 0.115426 -0.672499 0.615017 -36.042749 14.050139 77.422612 47.918710 -2.540726
1 -19.060414 0.386554 -66.217012 2.585176 233.612153 0.794325 0.951510 0.459697 -41.549816 2.475447 451.471977 6.346080 -2.540726
1 -25.986526 0.684095 64.936246 0.455548 360.762418 0.615883 0.491651 0.584973 -5.976914 8.848448 42.816756 40.632082 -2.540726
1 -20.037824 0.183722 0.345324 2.474949 105.744826 -0.450363 -0.972588 0.382282 -0.583174 3.250558 469.463565 21.684997 -2.540726
1 -38.216186 0.735167 -60.190750 0.862652 354.127842 0.882036 -0.858890 0.061361 -41.341640 11.398546 421.138176 38.572517 -2.540726
1 -123.440755 0.549975 -11.936202 2.514058 405.781175 -0.488922 -0.157861 0.481624 -66.353867 13.418276 408.117150 22.681353 -2.554040
1 -10.838704 0.476715 -23.469619 10.346980 294.335777 0.305461 -0.155134 0.404356 63.894810 0.640639 287.900470 40.529005 -2.554040
1 -16.851338 0.177538 62.643291 2.127654 63.748121 -0.212598 0.248811 0.475342 -80.700466 0.972285 343.721245 5.646554 -2.554040
1 -287.039183 0.152471 -4.320924 0.264733 429.836193 -0.578984 -0.374090 0.798623 6.738800 9.308460 81.851893 53.067146 -2.554040
1 -25.404205 0.494874 -14.018177 7.512733 204.502748 0.472983 -0.299214 0.781878 -4.191781 0.841358 338.465926 10.738798 -2.554040
1 -11.930510 0.655166 -8.793455 9.715796 116.154728 0.171483 -0.779922 0.671222 -26.532836 5.841036 498.779150 6.479973 -2.554040
1 -23.314137 0.096542 -48.312058 5.074637 89.256575 -0.867837 -0.841927 0.484216 -38.052571 2.810774 466.873958 11.936866 -2.554040
1 -7.230459 0.482509 -40.255237 10.796050 116.079301 0.882492 0.824297 0.600618 -4.997177 1.291042 384.872392 29.179882 -2.554040
1 -205.677042 0.153719 20.358819 4.171266 61.174120 -0.096899 -0.774954 0.445533 9.654139 0.293264 450.966197 15.410029 -2.554040
1 -19.736954 0.660060 -89.969710 2.319990 392.585101 -0.679890 -0.963650 0.589131 -17.278236 11.114616 386.391918 36.362022 -2.554040
1 -22.907088 0.081346 -53.743182 8.952990 90.566981 0.774445 -0.239833 0.756052 89.325393 2.136534 499.600032 49.457653 -2.573475
1 -334.650803 0.168595 40.207576 0.524376 366.004236 0.413591 0.935157 0.537739 -59.634602 0.173220 338.815374 57.982014 -2.573475
1 -38.608304 0.292400 84.283519 4.339346 19.358934 0.182832 0.286531 0.544585 -86.000465 0.807471 382.304184 56.968660 -2.573475
1 -318.326354 0.148507 -4.293533 0.419600 425.362138 -0.581900 -0.358760 0.003390 6.739324 9.144819 84.797318 52.611288 -2.573475
1 -71.370699 0.527685 49.076662 0.375803 338.898322 -0.499523 -0.923999 0.696556 -84.104245 12.550420 298.116682 54.755312 -2.573475
1 -15.413563 0.361258 -7.045125 6.573134 65.804322 0.698057 0.194774 0.414766 -66.198838 2.950930 463.841469 48.500908 -2.573475
1 -10.099481 0.106035 -87.420489 5.540077 41.818742 -0.786785 -0.179663 0.633983 -21.228902 3.870953 416.227946 8.279745 -2.573475
1 -96.775187 0.036541 70.623961 0.787805 370.012433 0.580449 0.343914 0.362763 55.746577 12.665449 37.222224 29.653672 -2.573475
1 -93.057484 0.132919 -26.458891 14.487856 127.851310 -0.584379 0.804589 0.151706 -5.316016 2.303165 411.788149 16.980819 -2.573475
1 -72.756091 0.183958 -67.339093 0.748911 291.549349 0.812403 0.356619 0.275252 3.595019 12.606609 151.619009 38.559367 -2.573475
1 -120.548999 0.200586 62.411315 0.169526 227.804619 -0.681580 -0.935049 0.456289 39.105972 5.547779 472.806403 8.740886 -2.588097
1 -45.692630 0.679222 87.398669 0.721216 415.465484 0.848097 -0.423866 0.208388 24.121816 10.696455 179.174400 52.145199 -2.588097
1 -18.595967 0.143412 -75.240032 0.621752 214.747705 0.566257 0.195871 0.639647 75.695273 4.440823 414.200660 43.069862 -2.588097
1 -187.496986 0.222955 5.175892 0.237728 384.147612 -0.950725 -0.265891 0.108446 -13.196170 9.802926 74.400752 38.733169 -2.588097
1 -15.683163 0.265105 32.724442 1.778582 198.359499 0.971699 0.552629 0.595352 -65.478867 2.025041 390.515487 24.609420 -2.588097
1 -165.220667 0.556977 -31.570087 3.075526 460.593874 0.481234 0.616760 0.058825 -16.912837 9.967897 324.025514 14.165583 -2.588097
1 -8.570649 0.098661 86.939908 6.074963 36.235563 -0.763772 -0.273177 0.671514 -17.008479 4.247728 423.206611 6.849447 -2.588097
1 -101.258513 0.215453 51.066425 1.840410 176.047737 -0.037983 0.770932 0.003075 -74.912155 0.539981 342.531548 53.213886 -2.588097
1 -79.152552 0.575296 55.890404 11.223188 198.835597 0.078764 -0.445135 0.045822 -7.865466 4.016896 460.934732 33.154174 -2.588097
1 -51.068218 0.052862 -66.473931 1.722171 346.655948 0.797004 0.541357 0.023114 63.857820 0.173810 34.907961 37.673778 -2.588097
1 -150.502103 0.331205 1.100839 7.305507 313.366185 -0.970586 0.338083 0.609666 28.788085 1.029769 365.654392 4.151005 -2.600710
1 -33.371664 0.731477 -88.587469 1.034821 380.303181 -0.578895 -0.303522 0.045795 -10.603830 7.857870 297.916233 56.778580 -2.600710
1 -17.051911 0.281791 -78.417325 1.583698 249.616949 0.717084 -0.914514 0.402097 -22.875029 3.432832 287.143857 32.772718 -2.600710
1 -61.261325 0.026884 3.624147 0.902060 332.972823 -0.857541 -0.183636 0.259637 3.814997 10.016989 106.888288 38.127315 -2.600710
1 -15.428164 0.430741 66.949611 3.704283 162.687235 -0.543695 0.408420 0.270957 77.473441 1.194156 311.358499 26.478381 -2.600710
1 -15.917122 0.492610 -86.763829 2.901502 371.347280 0.928171 0.936224 0.646328 -24.293825 8.283561 414.040125 15.149593 -2.600710
1 -9.666878 0.420238 64.781577 14.443812 332.710826 -0.323248 -0.566193 0.318728 -59.537777 0.240115 223.017839 13.063065 -2.600710
1 -290.577358 0.788708 -11.429212 0.098227 371.023913 0.317755 0.635870 0.478630 59.015261 4.677143 393.053857 9.774118 -2.600710
1 -23.033589 0.344446 -32.734000 1.244743 265.680023 -0.195778 0.467878 0.061336 1.171240 2.037462 265.827042 41.092100 -2.600710
1 -68.529258 0.006236 -76.744009 2.705300 404.339382 0.613906 0.452198 0.751343 34.063247 1.801683 63.591527 31.832056 -2.600710
1 -11.512204 0.192201 -24.197414 7.105644 402.923254 -0.035057 -0.437693 0.739649 -11.847358 0.049490 193.888529 19.519754 -2.617876
1 -18.370760 0.736716 41.990534 1.280471 280.009701 0.080149 -0.280314 0.609081 -11.771958 10.861634 32.399970 41.572836 -2.617876
1 -19.657705 0.254053 81.843017 1.751612 184.651588 -0.584757 0.215310 0.377579 -80.019397 2.361272 348.504289 49.263052 -2.617876
1 -426.878001 0.149068 81.054184 0.173012 457.251714 -0.818418 0.088321 0.306408 -27.037329 6.611097 90.140201 58.635513 -2.617876
1 -79.343327 0.429037 84.470261 5.647529 131.923062 -0.973896 0.120997 0.201137 66.982928 0.939457 330.014275 37.905991 -2.617876
1 -5.657089 0.075182 -85.022676 5.543969 389.601474 0.985561 0.930852 0.027672 -8.157209 7.731533 473.929319 8.266276 -2.617876
1 -11.807423 0.389525 -17.218657 1.037185 278.129701 -0.501958 -0.866792 0.113858 36.701119 6.992663 135.991688 56.539462 -2.617876
1 -272.625318 0.752477 -1.178633 0.157814 378.672297 0.203839 0.699218 0.517187 59.445521 4.944474 386.084986 8.924487 -2.617876
1 -23.803169 0.330991 37.466886 2.326277 222.946217 -0.312232 -0.937231 0.622597 -6.758016 1.879344 358.862515 40.120488 -2.617876
1 -68.546801 0.009081 -74.426638 2.664859 399.173130 0.739173 0.435224 0.746954 30.523379 1.713422 88.803177 29.569790 -2.617876
1 -6.047412 0.241973 -36.821364 7.196154 376.960041 0.003739 -0.490400 0.657282 -16.013559 0.344583 159.321942 23.156683 -2.627625
1 -96.207021 0.082834 -17.077912 12.504115 224.124866 -0.474865 0.225596 0.035408 -65.844995 0.803328 358.483326 6.877687 -2.627625
1 -44.719382 0.309527 50.821095 0.583260 202.699066 -0.451804 0.585251 0.350233 -55.068724 4.603812 412.483909 55.566345 -2.627625
1 -17.637253 0.422920 69.616180 3.576003 304.650355 -0.414097 -0.201710 0.435810 23.299708 4.482900 314.191930 58.319152 -2.627625
1 -112.322289 0.377756 68.028036 4.460473 109.407687 0.693671 0.488180 0.079531 -72.903156 2.165702 422.940164 37.883027 -2.627625
1 -12.626707 0.274430 16.258559 14.535169 386.868272 -0.818575 -0.426305 0.703085 -9.183691 0.486769 223.560933 43.991761 -2.627625
1 -181.639283 0.180065 -49.971099 0.676424 376.100806 -0.332418 0.791182 0.015636 54.490307 5.384776 78.690082 51.283924 -2.627625
1 -19.066543 0.598559 -85.989769 0.892806 249.404254 0.252454 0.984411 0.651180 78.067752 5.526769 391.308131 50.792186 -2.627625
1 -24.404035 0.061613 47.608600 2.685374 371.744982 0.839093 -0.615900 0.040353 89.310835 8.076625 323.857762 15.579790 -2.627625
1 -13.959829 0.747670 -68.522173 0.174773 185.186355 -0.443135 0.170368 0.622484 74.988924 0.163235 189.978528 21.157702 -2.627625
1 -6.516963 0.198453 -51.640605 8.131402 356.261005 0.027449 -0.576683 0.711531 -20.515340 0.195980 192.836502 27.298456 -2.633213
1 -5.274944 0.623727 47.622509 11.201341 170.481803 0.237781 0.135259 0.035321 -22.458718 1.819010 336.448137 55.736515 -2.633213
1 -43.319135 0.308865 53.332187 0.642647 205.525527 -0.469437 0.573115 0.353410 -53.586233 4.633466 410.991935 55.683601 -2.633213
1 -24.607574 0.684802 73.118570 0.826126 384.422082 -0.673545 0.692077 0.065089 7.646910 3.858774 18.225046 13.485297 -2.633213
1 -43.558109 0.213976 -37.573909 8.602141 170.189879 -0.628306 -0.888553 0.575394 -7.836637 0.983699 378.122750 34.007478 -2.633213
1 -10.146057 0.744588 -8.442963 0.319261 204.072229 -0.849920 -0.721530 0.706621 50.543776 1.553689 104.920157 26.168510 -2.633213
1 -10.558595 0.255590 -49.223592 1.705941 313.621915 -0.489248 0.876522 0.783274 15.111096 4.432040 129.854430 52.570531 -2.633213
1 -14.799776 0.749854 -88.373418 14.264327 341.103641 0.871048 -0.556950 0.348741 -38.832463 0.997040 307.776719 28.334803 -2.633213
1 -130.328490 0.047509 53.351834 0.496299 315.505692 0.554514 -0.031293 0.049068 -80.219108 8.903507 329.545775 29.287357 -2.633213
1 -16.442906 0.372200 -77.549713 11.891168 162.971883 -0.304626 -0.030105 0.686539 -66.592034 2.820537 352.454707 55.210787 -2.633213
1 -72.174082 0.195695 -40.686276 2.049421 399.963264 -0.217748 -0.841557 0.678091 44.194154 8.312459 42.530402 12.719716 -2.646098
1 -41.071748 0.668354 60.526105 0.497045 218.647258 0.385079 -0.248038 0.089635 -13.487626 2.460945 354.726115 59.185890 -2.646098
1 -199.804205 0.457968 -85.551410 8.370468 92.744946 0.236726 -0.469306 0.568349 -38.794839 0.204924 444.215460 36.097121 -2.646098
1 -13.503948 0.595720 -89.164783 0.334673 191.031636 -0.795439 0.958413 0.224376 -85.630497 6.004830 396.515099 30.000229 -2.646098
1 -29.492889 0.257164 -30.084563 7.764231 152.625732 -0.683166 -0.976556 0.540564 -2.218916 0.972272 369.169920 35.275152 -2.646098
1 -8.240543 0.697767 15.340388 0.024325 225.120049 -0.693821 -0.697459 0.039936 84.033534 14.112201 398.405953 24.510276 -2.646098
1 -20.484306 0.062383 -6.985514 5.583496 405.765099 0.364076 0.919615 0.748864 -50.321490 2.961707 380.517629 39.884458 -2.646098
1 -177.895857 0.044407 -45.506122 12.082694 11.808792 0.792614 -0.269507 0.380544 -20.422104 0.507144 395.840611 51.102554 -2.646098
1 -126.029340 0.031530 67.302169 0.829572 336.210879 0.889338 -0.226336 0.020092 -73.804623 9.197653 275.732023 20.698645 -2.646098
1 -17.780444 0.385797 -81.205610 12.265273 165.723613 -0.269177 -0.058614 0.684566 -66.449960 2.715314 351.439810 54.709067 -2.646098
1 -14.255660 0.670156 33.763268 3.507576 328.573713 -0.204150 -0.050542 0.217911 18.684976 9.261277 343.883128 10.997382 -2.672209
1 -53.296370 0.143588 -71.432098 1.964780 257.422834 -0.204115 -0.645026 0.383180 -74.103404 0.974048 238.075950 47.167277 -2.672209
1 -307.451239 0.428903 -60.392070 0.262561 418.679778 -0.134082 -0.584950 0.679544 -71.789570 1.650815 163.643307 54.950663 -2.672209
1 -11.351446 0.659814 -75.283913 7.017257 108.248772 -0.834283 0.315276 0.422272 -15.457899 1.540212 345.815248 24.866476 -2.672209
1 -86.991197 0.522139 20.728082 4.961680 277.370371 -0.401341 -0.955561 0.461158 6.911910 0.655225 407.038053 6.714621 -2.672209
1 -74.045266 0.593651 40.185399 1.149979 333.902043 -0.573448 -0.707529 0.697413 -85.320097 13.546641 414.714689 23.959364 -2.672209
1 -108.878099 0.664553 -55.408605 4.428095 171.818718 -0.904712 -0.635840 0.711995 20.839596 0.024453 335.468015 16.307856 -2.672209
1 -533.889474 0.052103 -46.175596 12.319206 495.225764 0.786273 -0.253631 0.381089 -22.675078 0.416787 404.580742 52.131149 -2.672209
1 -20.406929 0.558161 48.826415 1.377829 276.276347 -0.415357 0.406624 0.681595 30.997759 7.829024 152.521198 32.353304 -2.672209
1 -37.972761 0.053388 88.535014 11.290872 313.661607 -0.633705 0.215468 0.592883 -64.027300 0.345866 268.919500 11.142310 -2.672209
1 -14.808554 0.079749 22.023232 2.592530 195.398519 -0.775715 0.594590 0.230050 26.802969 4.017722 441.259026 11.995830 -2.688618
1 -24.728397 0.744322 -73.278501 1.306496 401.903095 -0.601290 -0.878273 0.177653 37.716279 4.140189 167.529114 8.167865 -2.688618
1 -21.867946 0.724551 -1.488744 1.018156 351.110734 0.863172 -0.429238 0.383175 -83.881745 14.127470 290.768992 36.372898 -2.688618
1 -96.348053 0.654833 -74.615364 7.722516 101.092669 -0.890203 0.323093 0.423842 -5.760474 0.669091 344.927331 25.935941 -2.688618
1 -9.369588 0.446415 -86.032995 8.451108 433.400307 -0.799817 -0.143968 0.640201 -19.138046 5.544257 376.223622 15.632375 -2.688618
1 -287.278680 0.617177 76.967626 0.104911 428.780280 -0.585970 0.005363 0.123912 66.308107 10.051779 79.834013 30.205634 -2.688618
1 -11.797159 0.179008 -56.802636 14.687446 158.842547 -0.359387 -0.404606 0.593948 28.673041 0.763829 283.497168 25.386019 -2.688618
1 -12.328028 0.664603 -13.235993 8.417415 332.457439 0.544252 0.005690 0.654040 28.239074 7.888060 473.148987 15.411707 -2.688618
1 -9.562348 0.638592 33.694716 12.613149 165.165204 0.102237 -0.033219 0.449676 81.839039 0.830470 308.431342 55.634106 -2.688618
1 -14.364648 0.181459 -89.787749 10.144444 352.229688 -0.911934 -0.367805 0.720544 56.117872 0.438320 252.979941 25.570439 -2.688618
1 -16.347389 0.039231 13.057333 2.648164 171.566321 -0.786631 0.671443 0.357058 28.531251 4.103999 485.097666 12.006774 -2.703339
1 -40.770885 0.787766 -69.474746 0.452920 386.937164 -0.604610 -0.558456 0.160970 52.997057 5.134346 189.541244 57.972686 -2.703339
1 -45.224757 0.683303 49.124280 0.609560 266.390131 0.276827 -0.117174 0.496088 -81.016205 14.118461 88.039383 42.206826 -2.703339
1 -17.397653 0.347696 60.358727 2.250779 405.049389 -0.611658 0.314718 0.378553 44.997713 10.295535 117.457876 19.469122 -2.703339
1 -48.855349 0.343225 -9.046002 0.828281 373.491124 0.494027 0.544632 0.268842 -22.616852 8.624000 182.708183 23.135449 -2.703339
1 -16.805088 0.539798 -13.584594 8.751489 445.245771 -0.836332 -0.982282 0.069168 68.764143 1.041713 246.080493 46.690657 -2.703339
1 -100.117972 0.721757 -3.103135 6.408189 344.750619 0.432996 0.206120 0.063746 42.095721 0.623545 280.293922 47.792603 -2.703339
1 -36.927493 0.157271 79.850948 1.258526 292.460800 -0.783758 -0.370225 0.069609 -9.994169 9.492841 366.403825 31.247808 -2.703339
1 -7.089141 0.278779 10.220925 11.550363 230.457783 -0.693715 -0.157216 0.461166 78.048797 0.214029 234.335578 10.413115 -2.703339
1 -123.364217 0.137172 -68.843969 0.406899 347.099810 -0.447405 -0.626027 0.638025 -11.880346 3.672662 94.037442 45.008469 -2.703339
1 -65.476021 0.363702 -49.719432 0.901734 364.175612 0.725728 0.004974 0.531425 -71.388427 11.905861 291.199974 57.675293 -2.711838
1 -11.679045 0.319477 -22.072488 9.234862 66.372350 -0.554656 -0.548949 0.782990 -5.882655 2.595691 337.810254 32.773762 -2.711838
1 -24.801842 0.558477 -67.817498 0.539471 281.351435 0.496931 -0.304476 0.646367 53.220688 4.124263 94.587858 11.087576 -2.711838
1 -13.395078 0.305649 66.715612 1.825041 372.477711 -0.767019 0.270458 0.357398 51.919277 11.047756 142.085832 21.096566 -2.711838
1 -21.725472 0.706483 -80.837385 1.221266 346.588682 0.571462 -0.382755 0.057263 7.157506 4.884108 261.434600 40.708581 -2.711838
1 -34.543490 0.088818 34.234335 6.729046 210.716825 -0.360330 -0.769852 0.220077 5.824313 0.978083 317.763109 52.175587 -2.711838
1 -14.761581 0.748044 -12.007975 6.065963 340.926752 0.440810 0.171028 0.080252 41.723993 0.957763 272.547102 49.185115 -2.711838
1 -49.885383 0.021711 76.700828 10.764461 287.104117 0.426342 -0.031547 0.794533 -23.523411 1.063645 433.049335 24.213307 -2.711838
1 -9.501289 0.195564 57.227720 11.715799 324.395444 -0.420414 0.046676 0.654218 -78.113080 0.538127 236.872110 58.056349 -2.711838
1 -15.914810 0.594395 -72.248459 12.363903 255.522956 -0.618543 -0.835128 0.458104 61.920563 5.015012 442.258447 48.937325 -2.711838
1 -101.973959 0.143748 -84.972470 0.297855 346.421059 -0.012440 -0.142732 0.384306 72.395098 6.519887 118.634199 59.087413 -2.731376
1 -10.022038 0.477587 30.027360 3.939501 192.522401 -0.881187 0.246663 0.678784 -41.172942 5.366847 430.738898 32.856329 -2.731376
1 -28.559265 0.463174 -66.992544 1.408709 354.213255 -0.428871 -0.866439 0.087620 87.511372 11.069169 342.083316 36.284919 -2.731376
1 -29.846817 0.424379 81.168681 1.008279 379.429415 -0.190579 0.567395 0.417653 33.215102 8.111607 104.409982 31.097355 -2.731376
1 -40.839002 0.795079 -70.934344 0.701797 424.167637 0.661326 -0.679432 0.040636 73.406058 4.341389 67.464204 31.156185 -2.731376
1 -89.550041 0.013950 -46.670138 4.824760 261.744314 -0.569608 0.413921 0.248102 -74.640605 0.857428 276.638032 45.655411 -2.731376
1 -38.036846 0.699445 -67.153395 0.367634 313.354365 -0.725057 -0.600313 0.554852 68.874053 6.168924 51.028800 38.174111 -2.731376
1 -12.200059 0.069020 33.233702 2.137772 368.523453 0.669187 -0.804521 0.051764 51.253847 8.391739 42.638281 58.019736 -2.731376
1 -10.982845 0.730592 68.525560 13.213105 383.966817 -0.426253 -0.220383 0.521091 -19.665809 1.176489 253.119873 55.991294 -2.731376
1 -29.419640 0.734938 54.950243 1.231368 335.069550 -0.114256 -0.973805 0.309873 -88.303667 9.293365 293.068469 12.157864 -2.731376
1 -89.067594 0.197804 87.499230 0.430531 340.539418 -0.150488 -0.161791 0.309869 -81.001663 6.150562 102.632989 50.655963 -2.756290
1 -12.925187 0.784103 24.614746 1.858657 285.707998 -0.629481 -0.034397 0.401291 -9.552976 9.231049 135.957539 41.018122 -2.756290
1 -42.395612 0.599982 -50.561511 0.481217 349.740490 -0.446061 -0.054147 0.717287 72.959881 11.216984 272.074832 54.749274 -2.756290
1 -159.975092 0.432302 -34.299159 0.356028 457.316228 0.319759 0.555826 0.427527 31.491109 9.299130 97.196709 56.617110 -2.756290
1 -17.989830 0.627478 -69.785889 4.525315 455.915829 0.641620 0.479652 0.707183 -57.195549 4.152857 411.399962 26.086407 -2.756290
1 -7.157538 0.310775 35.085645 0.433802 217.631119 -0.148601 -0.360121 0.655888 10.973759 5.339453 225.130445 17.544013 -2.756290
1 -23.078557 0.578915 -52.494520 7.440573 319.318407 -0.651854 -0.731487 0.661874 -78.634246 0.788806 301.702682 36.757689 -2.756290
1 -12.261691 0.048415 -13.751221 4.215476 487.161313 0.778362 -0.959246 0.168744 -75.389832 4.671408 71.699332 42.772688 -2.756290
1 -5.686488 0.737919 66.007564 13.215998 375.690854 -0.458070 -0.227407 0.529989 -20.080786 1.229997 267.067959 55.297702 -2.756290
1 -116.130316 0.253133 30.263479 0.918817 347.628652 0.061726 0.980938 0.042441 -37.744777 5.902708 80.720465 9.856002 -2.756290
1 -27.482856 0.336403 86.032927 0.668304 352.002429 -0.412644 -0.083475 0.290779 -53.043612 6.112966 83.193300 43.262246 -2.780843
1 -51.785328 0.046149 -46.157200 4.564585 475.230913 -0.982908 -0.227047 0.781905 -55.796716 1.527759 139.763221 31.036791 -2.780843
1 -20.798064 0.388566 -70.803224 1.541480 315.987681 -0.134012 0.156249 0.643020 36.144641 11.808357 435.802302 49.823864 -2.780843
1 -137.788738 0.182718 31.113602 0.713244 348.693741 -0.407368 0.730105 0.623551 10.140539 10.144188 160.529235 38.041690 -2.780843
1 -22.632036 0.628617 -55.957727 4.615816 425.809406 0.551159 0.356971 0.667435 -68.513638 3.388211 411.290014 25.442281 -2.780843
1 -18.987626 0.580582 82.314258 0.673141 320.879830 -0.034066 0.254179 0.635571 -58.086443 4.096897 215.676551 13.215586 -2.780843
1 -6.804653 0.027323 67.674065 3.405349 438.369419 -0.765145 0.749800 0.584756 67.011125 11.146512 80.633157 51.955108 -2.780843
1 -137.715822 0.060695 18.559418 0.758556 343.143691 0.427164 0.593209 0.728250 -64.276214 8.540903 276.554649 43.143269 -2.780843
1 -21.510871 0.768106 -55.826319 3.559320 21.810115 -0.222095 -0.075315 0.159429 35.279925 0.337199 238.163857 50.217225 -2.780843
1 -18.561827 0.360028 15.022480 8.455143 417.408948 0.454888 0.095014 0.277399 60.500472 6.496146 424.016818 21.157959 -2.780843
1 -16.263665 0.309790 -71.663363 0.939279 284.935023 -0.571499 0.244321 0.471472 65.837855 10.385891 132.199564 45.236756 -2.797013
1 -7.175689 0.736880 -27.361331 6.101602 370.556751 -0.660630 -0.483006 0.080226 -76.351417 0.003179 146.228416 38.743531 -2.797013
1 -98.457978 0.396849 -58.231910 1.987429 265.534880 -0.135853 0.458700 0.068906 -1.363945 0.347358 287.291685 30.069595 -2.797013
1 -54.239526 0.290483 15.134675 1.013287 317.969286 -0.074260 -0.776306 0.614354 0.582240 8.563181 136.285648 39.045715 -2.797013
1 -24.820693 0.644707 -51.211381 4.580860 421.611215 0.590130 0.353847 0.642633 -68.167943 3.476322 413.919921 25.483816 -2.797013
1 -20.541969 0.055892 -69.555430 0.425622 173.163388 -0.889776 0.692045 0.606039 -62.720988 3.913872 459.008646 19.224579 -2.797013
1 -8.059346 0.207222 -74.615562 10.172720 253.875613 0.161659 0.121543 0.142461 85.821406 1.679207 329.872312 18.360450 -2.797013
1 -7.538055 0.063466 54.235364 4.236207 485.383909 -0.807334 0.946060 0.572258 72.129842 11.805205 71.480633 56.291220 -2.797013
1 -35.394270 0.093829 -74.155244 5.603109 115.580137 -0.257484 -0.377779 0.265349 19.236012 1.217218 304.867603 48.848924 -2.797013
1 -26.644681 0.310941 32.535227 0.631876 239.176736 0.231102 0.566558 0.112114 6.323977 11.424356 107.088418 51.460926 -2.797013
1 -11.056553 0.158901 -80.332475 0.877057 266.762811 0.851116 0.099002 0.511713 83.977266 5.992348 278.456490 22.729103 -2.814758
1 -6.520369 0.570224 -29.744624 3.072979 281.261477 -0.979900 -0.342844 0.226508 89.988465 0.014866 162.543737 40.729442 -2.814758
1 -8.445461 0.224788 -4.777915 1.835509 328.988067 0.793757 0.734371 0.495810 -33.706447 8.113482 262.713735 15.238853 -2.814758
1 -37.405562 0.212817 52.459356 0.583511 280.518991 0.568040 0.922935 0.375168 43.970417 8.805494 116.715444 46.036288 -2.814758
1 -10.654400 0.198716 1.371002 7.114389 131.503156 -0.958473 0.287365 0.419315 48.191112 1.219583 317.259114 20.230206 -2.814758
1 -70.961139 0.056582 64.984135 0.164903 188.333361 0.082215 0.067209 0.351262 -89.966673 2.768408 361.668946 21.393569 -2.814758
1 -67.899842 0.116294 -75.260853 11.456975 254.526892 0.118916 0.237197 0.016979 -87.488436 1.278192 328.860445 12.812471 -2.814758
1 -88.177218 0.550991 -45.942775 7.189720 326.094604 -0.027456 -0.040608 0.135187 -56.658599 1.946634 339.490067 31.570741 -2.814758
1 -21.833221 0.476864 21.377115 14.510227 85.793711 0.505763 -0.385830 0.476975 2.553718 1.114664 301.824339 10.347443 -2.814758
1 -8.249640 0.350221 -28.164033 5.685504 67.174240 0.956999 -0.174823 0.170279 -34.416622 1.123507 313.606194 44.500445 -2.814758
1 -3.790451 0.796582 84.871336 13.757296 107.383549 -0.812310 -0.376652 0.333632 -54.978950 1.056568 285.938483 35.601271 -2.833175
1 -16.312703 0.492918 -22.002533 5.916688 427.812258 0.821971 -0.443047 0.571906 -78.478066 6.707439 470.917881 36.203912 -2.833175
1 -7.047109 0.161191 -8.183708 1.341009 287.777679 0.820511 0.550577 0.524727 -53.454757 8.406240 285.369739 9.704280 -2.833175
1 -25.816344 0.397172 15.971800 1.373839 354.532880 0.275394 -0.037466 0.692319 -61.530390 8.979290 190.314492 21.141645 -2.833175
1 -5.557972 0.670176 24.718958 8.784247 98.731847 0.593220 0.164812 0.488653 -21.591858 0.618599 308.634645 16.897817 -2.833175
1 -63.020803 0.030619 48.251535 0.124147 192.762423 0.175861 -0.026166 0.397242 68.905256 2.871482 405.590646 12.162622 -2.833175
1 -123.470011 0.714189 39.089115 0.396985 450.781668 -0.288183 -0.379131 0.126295 47.843403 11.588713 179.164252 28.324184 -2.833175
1 -62.367370 0.468871 -47.943271 6.430428 384.852905 0.117105 -0.129965 0.521243 2.996367 1.122683 265.429574 20.006170 -2.833175
1 -5.921564 0.517428 -20.294019 11.117689 36.819575 0.563584 0.100867 0.399918 -36.670229 0.947702 297.773701 30.205870 -2.833175
1 -30.370248 0.392866 -12.682038 5.986234 80.581867 -0.811863 -0.783532 0.436131 -22.033994 0.567694 293.879902 55.252762 -2.833175
1 -2.962021 0.038299 82.394952 14.341375 100.546437 -0.785991 -0.367120 0.336186 -62.499105 0.975242 273.022353 37.688228 -2.850231
1 -14.096558 0.256181 -21.737151 7.571238 263.976173 -0.812661 0.391727 0.373632 -56.059607 1.659464 281.111097 51.882092 -2.850231
1 -28.058499 0.254599 28.252371 9.836380 426.136726 -0.936862 0.305396 0.674554 29.086864 1.978939 390.978583 38.536595 -2.850231
1 -41.512705 0.157424 -23.337043 1.854142 354.342071 -0.171693 -0.789408 0.075446 -35.236655 10.228566 44.802005 28.727552 -2.850231
1 -22.411639 0.632818 -46.418376 1.322100 376.893351 -0.988699 -0.883466 0.440484 -29.328403 7.478909 91.314629 46.919192 -2.850231
1 -32.574347 0.766625 44.334751 0.142795 206.806231 -0.006403 -0.146254 0.392203 69.420791 3.214182 423.603083 5.814997 -2.850231
1 -13.188844 0.012367 -79.597488 6.578229 162.373435 -0.900370 0.829094 0.351021 11.806422 3.843545 499.740942 15.279145 -2.850231
1 -132.064692 0.637308 -2.925006 2.645336 28.591104 0.487535 0.190500 0.127869 -88.306644 1.589362 417.678067 53.153958 -2.850231
1 -18.559780 0.333966 -54.438089 2.737516 438.631581 -0.462520 0.858931 0.042104 30.815285 12.861048 47.889726 42.696889 -2.850231
1 -12.691075 0.195075 -27.519824 8.418420 106.880954 -0.649671 0.987863 0.326860 -14.366658 1.048135 325.654405 47.303090 -2.850231
1 -39.842810 0.502768 -81.178130 0.287911 311.965391 -0.487538 0.085179 0.753431 63.560553 2.495439 211.663717 31.098679 -2.872152
1 -20.586996 0.676323 -18.063476 8.084033 184.890098 -0.150936 0.959582 0.458081 -24.961045 2.385690 427.173797 39.731544 -2.872152
1 -23.599956 0.312044 38.141691 9.892558 450.487400 -0.974753 0.136989 0.775360 40.020397 2.088736 419.758175 34.103414 -2.872152
1 -10.454516 0.102631 -6.872212 2.416172 390.855985 -0.471500 0.659652 0.085882 -26.989134 2.387447 52.646391 20.877699 -2.872152
1 -43.153290 0.685197 -57.875449 0.955953 420.933014 -0.917743 0.974308 0.461504 -46.969506 6.442589 50.065627 52.041527 -2.872152
1 -17.650713 0.585386 49.907156 0.682301 221.806430 -0.608069 -0.309075 0.453096 -69.949081 2.908510 23.213920 14.511474 -2.872152
1 -11.976846 0.191983 67.785990 4.499450 134.064280 0.990654 0.680876 0.244377 -4.819366 3.443599 477.205704 7.188552 -2.872152
1 -107.837628 0.549773 -1.577862 0.447189 82.631123 0.719889 0.037446 0.115718 -71.662827 2.462196 424.328605 52.123766 -2.872152
1 -15.275576 0.329367 -58.879872 3.509662 481.940418 -0.405793 -0.940397 0.040868 28.909572 11.517846 42.228607 45.341670 -2.872152
1 -119.310242 0.563754 68.390027 6.317446 324.936909 0.159360 0.836054 0.348085 -6.651621 0.568469 276.223222 47.541805 -2.872152
1 -31.526293 0.392869 -70.389429 0.942344 355.908237 -0.059806 0.366403 0.073317 -49.990814 1.960801 124.715672 33.526228 -2.901192
1 -85.885225 0.346150 -20.009664 2.401910 203.819721 0.941717 -0.996562 0.190912 58.779231 1.618220 323.145729 42.434028 -2.901192
1 -29.952515 0.229853 59.888446 1.650106 325.338803 -0.551894 -0.460833 0.122105 34.877973 0.366038 157.768296 47.396494 -2.901192
1 -16.858723 0.585583 33.955329 3.429967 361.124250 0.346164 -0.093781 0.354235 -41.717655 13.466247 363.590042 31.068219 -2.901192
1 -21.975384 0.405569 3.540293 1.269830 293.529565 0.017587 0.044941 0.193466 -48.348779 3.769406 315.223672 5.018317 -2.901192
1 -100.938322 0.494392 2.365475 0.665546 351.455874 0.675482 -0.903654 0.717939 87.698899 12.680729 255.490430 29.585658 -2.901192
1 -21.544618 0.210678 68.528874 4.305459 120.165533 -0.953108 0.612009 0.244648 -5.834588 3.562085 492.305167 8.707153 -2.901192
1 -120.602105 0.536435 -22.307709 1.759965 70.232499 0.975138 -0.172635 0.007560 78.817117 1.069389 343.112289 51.352392 -2.901192
1 -12.322183 0.313058 -86.807229 3.360355 465.959316 -0.694762 -0.878265 0.040308 19.860059 12.783622 47.833779 44.811293 -2.901192
1 -97.546830 0.447433 69.254587 0.440055 314.967220 0.593129 0.548584 0.369747 30.624803 7.082636 441.347830 58.818021 -2.901192
1 -59.334493 0.400446 57.074444 1.271067 358.069348 0.007161 0.944289 0.765035 -65.628895 12.255165 54.106227 21.423390 -2.925982
1 -58.874633 0.195762 -38.216078 2.031842 385.656667 0.067573 -0.597426 0.647295 -30.301469 12.341166 23.358304 18.991079 -2.925982
1 -14.209259 0.310692 -19.909666 0.582946 301.566650 0.102400 -0.489274 0.043738 -76.119143 11.540132 106.697160 41.442870 -2.925982
1 -19.511022 0.413269 -61.484298 2.783791 449.824615 -0.383965 0.883050 0.376537 -44.032837 6.867795 122.170116 30.871901 -2.925982
1 -5.463940 0.460716 -17.400879 3.246826 162.305805 0.357803 0.674099 0.032090 -65.396514 2.654539 376.713493 55.757158 -2.925982
1 -21.148278 0.516260 -28.381959 1.864616 373.095832 -0.767380 -0.360027 0.589491 41.166546 11.205411 252.468661 15.670140 -2.925982
1 -116.877659 0.634063 -66.318676 13.787191 87.170622 -0.788572 0.518731 0.328713 -7.101852 0.272390 346.834640 6.149547 -2.925982
1 -7.538882 0.577167 -7.374523 1.552216 116.104203 0.805846 -0.124812 0.760161 69.880757 1.555632 410.561766 34.327682 -2.925982
1 -54.151080 0.265546 -86.374931 3.302699 453.532631 -0.861988 -0.973843 0.096202 15.130579 12.726480 46.221861 45.809753 -2.925982
1 -100.488658 0.426669 64.012163 0.463135 355.907030 0.544552 0.443021 0.344389 25.048575 8.809978 392.117190 58.527951 -2.925982
1 -83.107839 0.317560 -3.911551 0.545088 239.025884 -0.554356 -0.943169 0.524658 -33.889919 13.006548 477.826502 16.707363 -2.959519
1 -18.286452 0.063192 8.937262 6.312674 86.682520 0.122151 0.065019 0.777944 -11.843693 1.623495 474.777757 5.715031 -2.959519
1 -14.773825 0.125008 -26.652831 1.720525 363.081390 0.381144 -0.409885 0.094817 -64.278215 2.133704 16.668209 33.051682 -2.959519
1 -10.319194 0.304649 -29.169830 1.769479 317.233343 0.589137 0.683455 0.765616 78.764591 11.583365 254.244644 21.082722 -2.959519
1 -8.894889 0.541900 -26.438950 1.087386 188.350370 0.226504 0.808616 0.051695 -78.813549 5.433351 438.452094 48.695866 -2.959519
1 -309.294306 0.104005 -14.416064 0.403198 377.138503 -0.015909 0.979958 0.753667 -51.189242 13.296940 477.633489 25.776225 -2.959519
1 -23.749172 0.527680 -85.768736 14.759169 452.490151 0.909496 0.076956 0.366798 19.139632 2.233331 309.507025 16.105089 -2.959519
1 -11.754536 0.075869 64.811989 8.633833 241.176742 -0.363745 0.435969 0.478109 40.090913 0.414557 228.601452 36.063977 -2.959519
1 -16.230423 0.097911 74.279779 3.420567 388.286914 0.990693 -0.881680 0.402591 -29.343628 13.089102 395.458665 51.721572 -2.959519
1 -94.178974 0.412908 63.024726 0.668556 362.311490 0.432350 0.483254 0.404082 28.981453 9.514349 398.061183 53.406391 -2.959519
1 -23.455771 0.652633 -81.947256 0.514694 343.343797 -0.607209 -0.028320 0.170125 38.757324 9.991968 216.833270 22.489053 -2.971443
1 -17.447210 0.024331 47.073664 2.647280 99.702431 -0.179666 0.035056 0.739027 42.820155 2.026761 336.048886 3.626803 -2.971443
1 -8.346907 0.082988 -33.246826 1.753487 335.611873 0.313899 -0.305379 0.153830 -76.388752 0.344054 32.572762 36.355189 -2.971443
1 -56.454498 0.244377 -39.400799 0.649423 332.781286 0.291186 -0.028051 0.012039 44.794732 3.422367 216.274941 21.928248 -2.971443
1 -8.765156 0.543428 -26.195756 1.119664 189.212180 0.228886 0.809680 0.051288 -78.608455 5.435207 438.374590 48.680925 -2.971443
1 -13.420892 0.261027 -39.798256 6.079016 156.571256 -0.954824 -0.934881 0.686663 40.198341 0.606318 297.438342 23.480580 -2.971443
1 -42.035478 0.550853 82.533236 14.790421 443.766518 0.857108 0.265425 0.408711 31.788665 1.817992 292.981863 12.537906 -2.971443
1 -8.292716 0.013428 54.379845 10.654456 261.229282 -0.551419 -0.135677 0.490718 55.022792 0.817827 257.383633 36.084999 -2.971443
1 -19.740272 0.785086 34.607155 1.841830 324.129937 0.111182 -0.898387 0.790701 -80.735093 0.056243 20.015890 49.293390 -2.971443
1 -6.121812 0.197268 4.533129 13.108888 235.747406 0.984657 -0.614416 0.204063 54.037359 3.211440 431.231053 49.663349 -2.971443
1 -13.291819 0.307606 86.973040 8.083717 227.926496 0.002813 -0.198972 0.784459 80.846786 0.965411 360.069537 11.858319 -2.987406
1 -7.291353 0.381613 -40.058085 7.310348 187.720357 -0.965414 -0.290231 0.760758 -11.063954 0.316943 248.497981 13.699731 -2.987406
1 -13.330737 0.249188 41.175497 4.983878 212.989958 -0.101166 -0.269605 0.783971 -48.907004 0.733157 260.325997 24.728764 -2.987406
1 -10.486121 0.321290 -76.479015 1.980773 323.136009 0.778680 -0.223928 0.362508 78.612852 1.429783 160.636250 52.645281 -2.987406
1 -17.235750 0.532906 54.332959 3.318112 112.317286 -0.875720 0.382540 0.781147 81.839434 1.765612 466.243780 9.525859 -2.987406
1 -4.975731 0.784803 -37.862494 3.309423 116.041356 0.717084 -0.682805 0.675401 45.101249 0.823556 304.908567 27.668847 -2.987406
1 -10.786654 0.570442 88.538487 1.057660 332.991807 0.882657 0.169444 0.689467 30.408924 2.461589 64.608210 8.788400 -2.987406
1 -31.634860 0.238501 -87.099183 2.167462 305.261025 -0.609338 -0.067214 0.373995 44.295730 13.824678 396.093851 25.869762 -2.987406
1 -16.975719 0.791068 31.812578 1.930639 319.730259 0.105737 -0.953858 0.006161 -80.400016 14.545848 15.518144 48.798870 -2.987406
1 -10.596784 0.106382 60.075227 8.526669 168.554759 0.980464 -0.863583 0.117225 25.091384 2.331375 375.900269 45.463134 -2.987406
1 -10.446844 0.324111 71.167142 0.677735 272.192239 0.058051 0.701345 0.329792 -1.823185 10.247410 105.041658 58.399622 -3.055866
1 -11.675304 0.358551 -25.617358 7.089417 197.652632 0.900443 -0.316719 0.753913 -23.558927 0.397898 249.660276 14.484003 -3.055866
1 -19.945525 0.636867 -36.018251 0.975582 306.650262 0.414585 -0.496645 0.088102 54.006620 12.395334 287.367876 52.184752 -3.055866
1 -3.960756 0.361614 51.807446 10.456090 177.287547 0.852414 0.977705 0.300662 -18.676130 1.748987 383.751134 23.148378 -3.055866
1 -131.942270 0.688796 37.479829 12.378603 144.342626 0.386768 -0.745913 0.193824 -43.330515 0.672250 479.939377 3.679242 -3.055866
1 -77.503590 0.627652 -38.770753 0.525272 417.099027 0.731359 0.864659 0.102613 -87.444507 12.000387 83.013296 12.657641 -3.055866
1 -18.286274 0.447443 -46.070481 1.657003 363.315313 0.419457 -0.416244 0.058972 29.324100 9.004392 85.806167 49.725232 -3.055866
1 -35.021661 0.098005 58.775006 0.663809 279.205206 -0.530070 -0.082808 0.318428 -76.408681 13.747657 344.049971 15.260739 -3.055866
1 -42.410873 0.507539 84.631372 5.496649 209.483198 -0.501475 -0.044920 0.621738 -81.175271 1.967541 404.269082 48.354277 -3.055866
1 -14.847892 0.200180 -70.781467 7.684494 137.775773 -0.778425 -0.000545 0.427012 6.189630 1.462733 312.687919 32.703903 -3.055866
1 -9.807870 0.053668 41.807684 0.268466 122.867131 0.363442 -0.984952 0.768240 -14.083941 5.227834 386.539816 42.358443 -3.124009
1 -12.516917 0.301856 -28.531955 6.636683 216.110528 0.808592 -0.203360 0.664477 -12.866793 0.676123 299.949373 15.603752 -3.124009
1 -16.878894 0.693831 73.388872 0.481179 310.980493 0.065612 -0.751081 0.568378 43.937940 11.112472 281.720670 44.338172 -3.124009
1 -8.459113 0.512176 -89.220133 9.876389 173.112298 0.528076 0.744532 0.361359 -21.677873 1.228632 371.828190 15.830275 -3.124009
1 -11.135873 0.278740 -0.349258 1.199193 267.399631 -0.090532 0.774485 0.041788 18.276496 10.689104 242.677537 31.450546 -3.124009
1 -23.053339 0.586760 -75.469521 1.235211 374.895904 -0.076071 0.251256 0.613037 -18.847857 13.564893 150.029235 41.285495 -3.124009
1 -14.557844 0.583330 42.193549 3.091765 355.111593 0.637937 0.282466 0.012513 -46.431567 6.995463 128.095921 45.594754 -3.124009
1 -24.593402 0.233446 -80.536189 10.092397 232.804130 0.313584 0.463403 0.715980 -19.923335 1.258516 428.508393 23.375403 -3.124009
1 -16.037240 0.546606 -77.149773 13.042597 133.906136 -0.097568 -0.707187 0.365677 -75.720260 2.710405 363.933140 29.726985 -3.124009
1 -8.748435 0.027997 46.657911 7.536892 112.823793 -0.491617 0.091285 0.316763 0.239486 1.966902 361.643654 50.622751 -3.124009
1 -70.723623 0.408756 -61.485567 7.254737 100.630493 0.059199 0.950885 0.486433 -88.144188 0.768290 338.283693 30.251849 -3.359158
1 -85.826702 0.607623 39.679419 6.750109 378.737088 -0.545311 -0.726181 0.558056 -2.805970 0.303069 303.448145 12.969007 -3.359158
1 -13.358470 0.701807 72.140728 0.565450 305.321827 0.068664 -0.757859 0.577326 43.513186 10.928679 282.755788 43.883179 -3.359158
1 -2.777698 0.356960 28.824071 9.425351 96.096028 0.501041 0.832506 0.512917 -15.571236 1.457888 364.057489 53.777521 -3.359158
1 -12.333178 0.291276 -17.086147 0.781342 275.994914 -0.230584 0.701125 0.136148 26.327535 11.975429 244.327417 29.892731 -3.359158
1 -36.975346 0.666186 -80.925493 0.641170 396.671215 -0.077921 -0.073626 0.643028 -22.001813 14.771520 142.915312 38.985944 -3.359158
1 -16.351917 0.261523 38.329517 3.854118 383.449475 0.086718 0.285179 0.460671 -38.726752 8.279578 343.059085 52.317402 -3.359158
1 -4.869171 0.180152 -47.668763 6.419580 202.448297 0.765607 0.134821 0.580228 -17.514015 0.741589 294.579466 12.705893 -3.359158
1 -29.496256 0.477558 72.616592 13.337213 133.328212 -0.138288 -0.627822 0.275774 81.886702 0.196223 250.471939 34.361764 -3.359158
1 -14.083945 0.675403 86.341652 0.920735 248.477336 -0.019047 0.243714 0.237980 -1.878311 1.932867 274.613979 25.540946 -3.359158
1 -10.005360 0.322672 45.649733 12.329170 428.503863 -0.865510 -0.900341 0.429225 -32.781423 1.277045 257.069603 46.541200 -3.492943
1 -89.380060 0.249157 87.767910 3.761396 401.110519 0.294100 -0.646400 0.156677 -17.321003 0.312775 193.070634 40.202678 -3.492943
1 -14.967711 0.493976 25.990294 2.746544 332.005531 -0.038463 -0.085895 0.745973 30.240034 11.191191 255.033709 41.642684 -3.492943
1 -10.355407 0.403019 42.589632 9.273074 45.904460 0.641563 0.852762 0.467482 10.124287 1.339793 358.871963 51.881664 -3.492943
1 -8.233199 0.320872 -11.383295 1.290739 316.704662 -0.104238 0.971885 0.090057 26.874302 11.303983 179.842798 30.744614 -3.492943
1 -10.381801 0.447458 -43.688504 14.366507 66.278044 -0.949254 -0.774923 0.227332 -58.356210 1.359748 336.323028 44.861172 -3.492943
1 -11.212191 0.174278 24.115826 3.597013 377.742270 -0.046835 0.155829 0.409616 -55.388855 7.827835 338.513268 52.115178 -3.492943
1 -6.184226 0.170436 -59.305731 5.319475 230.711744 0.537414 0.032073 0.571941 -21.910411 0.894620 302.840104 9.458349 -3.492943
1 -4.095817 0.256141 -31.677217 13.087997 118.505789 -0.690364 -0.320782 0.321685 -78.202652 0.894456 267.462626 31.939477 -3.492943
1 -15.834363 0.654665 77.190825 1.332417 287.701588 -0.003235 0.069256 0.226556 13.163308 1.334937 168.728120 12.871951 -3.492943
1 -56.188715 0.794392 -2.949700 11.933016 444.346202 -0.503026 -0.548242 0.580198 -74.885094 0.578454 309.603378 37.940736 -3.603174
1 -5.481357 0.582525 -31.006866 14.766644 191.706669 -0.101413 -0.120857 0.756103 73.697420 0.416658 253.631472 20.574935 -3.603174
1 -3.442559 0.198212 47.040950 4.634285 14.208413 -0.315593 0.220413 0.510865 1.138705 0.944934 291.153795 37.625416 -3.603174
1 -5.796376 0.430841 37.225944 9.285161 409.610789 0.486670 0.956420 0.602646 -13.148355 1.283174 309.763044 45.261476 -3.603174
1 -19.071982 0.164562 -10.787528 8.378852 194.363549 -0.035880 -0.330414 0.309149 -23.173152 0.883859 299.625063 28.804723 -3.603174
1 -4.643135 0.459527 -42.479934 0.217690 52.274342 -0.984112 -0.890657 0.353861 -54.586049 1.956329 355.850006 47.051231 -3.603174
1 -21.930601 0.146437 20.918811 2.817381 378.855877 0.152261 0.298000 0.350993 -54.417879 8.501712 323.729148 52.665535 -3.603174
1 -5.326631 0.222979 -54.573494 5.137551 191.326523 0.685892 0.188780 0.613052 -15.967465 0.846975 314.222992 11.743428 -3.603174
1 -5.116958 0.140584 -47.689781 13.183920 88.451340 -0.676314 0.148389 0.405858 9.082484 1.475428 329.297461 30.877803 -3.603174
1 -6.593452 0.635381 -31.569539 4.045386 281.323866 -0.393319 0.108448 0.312857 2.347690 0.822050 226.731828 23.670955 -3.603174
1 -4.176089 0.489858 -39.482768 0.324119 31.144554 -0.943475 -0.879708 0.329481 -51.888421 1.831914 341.218686 51.544084 -3.709068
1 -12.103653 0.598472 -5.806653 9.326858 373.914032 0.790728 0.368324 0.506771 23.333047 8.989971 495.237381 19.513153 -3.709068
1 -8.115202 0.215826 -21.582096 1.882621 158.520035 -0.683424 -0.165334 0.092071 -8.868437 2.170211 325.418109 25.828779 -3.709068
1 -3.233377 0.362309 40.378267 8.153330 407.286649 0.349828 0.932050 0.573266 -25.791964 1.166888 280.221326 50.992577 -3.709068
1 -21.516671 0.146453 39.542134 3.143110 333.744574 0.675485 -0.075548 0.500314 -24.437344 2.522160 332.898575 5.253924 -3.709068
1 -22.325433 0.470700 -49.140440 12.133923 82.276964 0.807692 0.654113 0.325039 -51.013742 2.220001 446.400390 57.382726 -3.709068
1 -17.994263 0.153728 19.801431 2.985042 386.605335 0.174513 0.326752 0.338410 -49.980312 8.322865 312.195481 49.476843 -3.709068
1 -12.096020 0.516438 -51.998493 14.139575 124.496223 0.344045 -0.506857 0.525497 -9.422355 1.594582 292.897130 14.782117 -3.709068
1 -5.054831 0.137957 -46.180101 0.141016 135.451869 -0.382366 0.104241 0.436380 32.664874 2.012282 263.550330 25.514232 -3.709068
1 -2.903858 0.505010 -17.600194 7.396365 316.820606 -0.109990 0.328037 0.292557 23.107157 0.480192 200.563838 12.441232 -3.709068
1 -19.972176 0.510610 -29.656168 1.107065 40.428351 -0.864249 -0.924807 0.338281 -60.891325 2.326421 415.208946 3.589595 -3.877099
1 -10.710564 0.762220 -45.569997 9.586171 434.666604 -0.885255 -0.899988 0.689328 26.420851 8.779446 487.713344 22.285774 -3.877099
1 -11.887579 0.312024 8.211282 3.473623 354.670292 -0.790817 -0.609022 0.132388 -10.707459 3.791624 218.483821 23.867358 -3.877099
1 -23.317551 0.784614 -49.939974 0.824873 243.176865 0.434670 -0.505381 0.247973 84.329828 8.905331 432.079586 27.887896 -3.877099
1 -7.327996 0.279990 42.775760 4.642209 312.653744 0.668786 0.080166 0.465908 -39.460898 2.598165 383.768270 4.122930 -3.877099
1 -5.631499 0.602311 -34.323100 11.748838 76.798752 -0.431769 -0.651057 0.094493 -48.712421 3.018856 429.608345 3.365019 -3.877099
1 -25.340177 0.162764 23.080145 2.585319 394.465753 0.440649 0.575985 0.301409 -50.427466 7.559265 207.336184 49.179882 -3.877099
1 -20.546477 0.786795 -31.382241 4.022116 57.253118 -0.211212 0.839964 0.619966 -35.863247 1.287730 378.632894 16.176264 -3.877099
1 -3.481840 0.062736 6.367588 1.759247 187.172493 0.882368 -0.993722 0.199422 65.449430 2.783550 341.958564 45.031491 -3.877099
1 -2.647011 0.528878 -7.075683 5.892072 313.760938 0.023396 0.292602 0.326153 9.146652 0.186723 177.200149 12.211756 -3.877099
1 -14.628346 0.451773 88.870026 1.915812 388.847589 -0.951616 -0.317543 0.524798 -18.731588 9.077810 48.773305 10.427747 -4.115676
1 -12.084711 0.765110 -42.297950 11.064979 401.759203 -0.924291 -0.845754 0.687582 29.961614 7.963026 494.967086 28.022002 -4.115676
1 -11.500340 0.288541 7.707723 3.705076 364.136668 -0.682332 -0.622669 0.122045 -3.421681 3.911572 224.878937 27.376322 -4.115676
1 -21.242679 0.755539 -60.175975 1.421421 287.521640 0.275776 -0.710507 0.250229 -36.275123 6.337749 451.938564 20.050527 -4.115676
1 -10.936001 0.248113 48.669959 4.288787 288.175921 0.582053 0.109057 0.455984 -48.947930 3.135767 375.892417 6.645143 -4.115676
1 -6.660081 0.616636 -24.333612 11.149096 85.492649 -0.513329 -0.598875 0.130557 -48.553117 2.971046 432.164163 3.315825 -4.115676
1 -6.606674 0.287822 69.382036 1.110753 302.587204 0.441542 -0.147362 0.711801 71.143084 3.272179 104.136672 52.121595 -4.115676
1 -10.508555 0.006512 -49.439059 0.915606 51.910746 -0.137440 0.862674 0.665476 -19.059207 0.683733 333.547124 28.161480 -4.115676
1 -5.758282 0.138774 34.539240 1.148894 193.669031 0.986155 -0.972902 0.191356 57.074035 2.541518 316.545937 47.278500 -4.115676
1 -5.110601 0.628618 -15.412183 5.853635 325.198354 0.000979 0.456248 0.326717 8.753305 0.021045 154.794824 10.656100 -4.115676
1 -9.510592 0.262352 -79.029985 1.747724 322.575310 0.541069 0.049646 0.516431 23.947996 3.121499 148.332514 49.422105 -4.702675
1 -19.131049 0.145011 -24.482611 6.464609 423.188194 -0.242224 0.249600 0.351522 -11.251112 2.486444 298.475122 20.142213 -4.702675
1 -32.284828 0.152087 43.576859 3.867018 327.836498 -0.743189 -0.694953 0.109099 23.639293 1.279292 213.563570 32.319974 -4.702675
1 -9.544905 0.777695 86.153761 0.078159 220.603926 -0.692445 -0.828531 0.347360 82.079262 5.205185 253.991240 9.715101 -4.702675
1 -9.302648 0.379821 68.187735 1.857441 318.850292 0.219291 -0.805774 0.313103 -70.168615 7.101194 317.391171 45.226004 -4.702675
1 -13.466773 0.421390 -40.647679 7.913300 278.508567 -0.060388 -0.320035 0.422319 23.887727 4.165763 395.149802 34.519504 -4.702675
1 -12.788751 0.165926 66.575814 1.085468 92.771124 -0.812804 -0.196564 0.624106 -88.034710 1.247798 340.106663 42.787380 -4.702675
1 -20.964937 0.328417 -85.488859 1.486618 290.830445 0.137221 0.577143 0.334189 -29.336288 12.152597 485.962608 21.982687 -4.702675
1 -7.896087 0.148384 32.210825 1.122476 161.239519 -0.951392 -0.979400 0.216641 62.763201 2.732550 348.444942 42.894419 -4.702675
1 -3.349365 0.529158 -48.047357 5.016750 181.100585 -0.644824 0.280449 0.458675 2.841072 1.385248 312.284861 8.615714 -4.702675
1 -3.585492 0.165368 -75.431325 1.708256 284.601014 0.875926 -0.405337 0.555237 31.288509 3.834958 244.082187 57.009347 -5.124463
1 -8.421625 0.108294 -20.577839 7.004228 354.545964 -0.221391 0.382741 0.338028 -26.418184 1.899905 324.680349 3.211332 -5.124463
1 -12.272693 0.396327 -74.034286 0.700278 235.048045 0.104223 0.133375 0.502257 84.817050 1.872310 151.120035 20.354794 -5.124463
1 -14.350250 0.534480 -35.618103 1.262130 312.347357 -0.407338 0.930470 0.242733 78.143098 4.558526 200.734977 9.151936 -5.124463
1 -9.244570 0.240412 75.492992 14.449037 228.949037 -0.310012 0.740981 0.382781 -27.753533 1.822379 351.569473 23.226492 -5.124463
1 -14.394065 0.332672 -23.168357 5.641022 231.751320 0.111246 0.183800 0.420016 39.857927 4.522074 409.958612 29.699414 -5.124463
1 -10.188259 0.138957 29.250350 13.606639 38.714295 -0.637596 -0.041913 0.604294 -83.715536 0.996457 310.169796 39.158806 -5.124463
1 -16.930057 0.309410 -80.514815 1.349237 280.671563 -0.034391 0.689597 0.324780 -44.785231 11.284003 476.017977 12.502290 -5.124463
1 -6.414960 0.162436 28.917199 0.653882 164.890983 0.960448 -0.989557 0.259973 74.264952 2.404255 326.740641 44.312217 -5.124463
1 -8.105053 0.523141 -65.042924 2.633658 162.782422 -0.459788 -0.092241 0.498996 19.235323 1.562992 312.874292 14.756097 -5.124463
1 -5.180916 0.133622 -72.844855 1.728005 280.471481 0.850486 -0.405508 0.558617 28.051669 3.575307 243.945658 57.688188 -5.644351
1 -4.104556 0.186785 44.969947 9.476853 263.623474 -0.530636 0.514376 0.453825 2.296403 1.528378 307.135026 7.375840 -5.644351
1 -12.728390 0.401442 -76.357775 0.528714 229.077945 0.091400 0.101715 0.507077 84.138172 1.829157 151.018111 18.589994 -5.644351
1 -4.053451 0.548067 16.483470 11.798491 417.043551 -0.494107 0.674661 0.196255 -5.633738 0.427047 209.096331 30.404188 -5.644351
1 -16.759239 0.235037 75.552206 14.361137 233.235937 -0.191919 0.632019 0.364374 -37.304824 1.903197 360.442018 26.784001 -5.644351
1 -15.859213 0.411504 87.282102 4.963148 186.574683 -0.035094 -0.082680 0.478833 33.673340 4.047706 396.773303 34.311297 -5.644351
1 -11.117895 0.201292 -5.519098 11.922104 107.209110 -0.867671 -0.558458 0.555934 -82.691328 0.871239 321.154265 39.027876 -5.644351
1 -9.101038 0.518076 -86.544259 1.181358 118.376200 -0.629909 -0.518008 0.444882 -4.531479 1.078128 269.416927 20.420296 -5.644351
1 -7.117041 0.192312 47.654712 1.758180 205.932212 0.870087 -0.958790 0.136225 -80.867317 3.117911 342.104304 49.368628 -5.644351
1 -4.154426 0.375164 -55.290560 3.359343 201.314956 -0.285905 -0.110215 0.480771 6.331404 0.869987 244.135998 17.726720 -5.644351
1 -9.412903 0.110501 -86.550185 1.173577 272.231440 0.919356 -0.613782 0.549462 37.628753 2.849966 231.008737 55.153121 -6.058139
1 -3.437309 0.151050 46.199397 10.084104 201.322492 -0.670379 0.552020 0.429705 -3.885162 1.478180 329.268656 15.357116 -6.058139
1 -9.694966 0.353898 85.422504 0.657399 246.249961 0.029476 0.226442 0.509681 79.516722 1.081191 119.666068 12.463089 -6.058139
1 -3.380743 0.542519 4.714983 11.572017 431.160934 -0.469800 0.557261 0.202664 -4.614640 0.347269 189.419596 32.286728 -6.058139
1 -6.904510 0.156029 -21.751888 12.929598 152.895790 -0.953167 -0.353518 0.603830 -68.905008 0.530822 285.513592 39.861532 -6.058139
1 -7.167496 0.021520 -40.992928 10.484546 64.946304 0.994522 0.686601 0.147253 -6.603147 2.877551 424.083795 49.500998 -6.058139
1 -8.700171 0.306256 -36.329320 10.657769 271.946408 -0.590348 -0.620874 0.454526 -35.120782 4.451399 409.844682 32.890789 -6.058139
1 -3.925042 0.088794 -89.306259 13.138787 471.025395 -0.419136 0.867598 0.251211 4.197398 2.214961 315.664596 38.084860 -6.058139
1 -8.650461 0.316380 42.532186 3.670784 352.180142 0.599346 -0.544729 0.490477 87.230907 0.925334 227.984872 18.346031 -6.058139
1 -8.004085 0.404800 85.898190 8.947876 414.579091 -0.211840 -0.327317 0.702673 -12.238050 3.795071 327.550837 16.046817 -6.058139
1 -3.597497 0.130929 -72.746693 1.128805 227.713600 0.860953 -0.582496 0.472821 36.409699 2.413097 244.779506 58.630134 -6.559391
1 -5.079691 0.191028 -2.920292 8.667135 106.891993 -0.272704 0.456805 0.406202 -14.054992 2.057298 371.681664 11.342138 -6.559391
1 -16.718394 0.666361 -81.460004 1.960710 300.858036 -0.214780 0.582486 0.579415 -3.751014 4.680594 347.095567 43.792168 -6.559391
1 -12.917953 0.523531 -26.745823 10.217044 284.465031 -0.136535 -0.165520 0.313025 -30.864678 0.064616 187.519804 32.936140 -6.559391
1 -6.245881 0.147114 11.583875 11.235459 219.885887 -0.879731 -0.107631 0.599353 -47.144034 0.320716 240.374395 27.961024 -6.559391
1 -2.724382 0.021369 -33.218278 12.413319 136.372364 0.843540 0.605016 0.069700 -27.034808 2.986856 422.481334 46.093566 -6.559391
1 -7.530780 0.116265 72.965562 13.218470 306.326556 -0.853826 0.088714 0.488577 -12.759049 0.045507 217.913661 51.969879 -6.559391
1 -2.760303 0.150428 71.851555 14.728676 495.981928 -0.649708 0.928707 0.269109 -1.873740 2.629511 334.703478 35.312009 -6.559391
1 -5.857361 0.430200 19.179727 9.257478 279.873617 -0.070651 -0.845187 0.695780 42.263007 0.062682 187.102395 17.777884 -6.559391
1 -7.309146 0.435060 66.420927 9.076012 415.787804 -0.078796 -0.604567 0.602290 -25.476487 3.396897 323.447603 14.351501 -6.559391
1 -8.192295 0.069964 -84.755052 0.735133 209.670772 0.996171 -0.850060 0.414639 65.611819 1.724832 279.266426 8.165267 -6.860584
1 -7.679926 0.700406 -20.439345 0.203045 195.928398 -0.781809 0.993561 0.488702 56.671860 8.161173 295.695392 24.719339 -6.860584
1 -5.929107 0.458824 -59.093330 4.497693 193.182430 -0.278701 0.864238 0.456105 7.398018 1.734429 350.203567 54.750491 -6.860584
1 -3.507025 0.207305 69.938958 14.608571 487.825867 -0.743467 0.992726 0.311469 -2.082371 2.331433 327.689508 33.044138 -6.860584
1 -4.334096 0.213959 -22.952041 6.073972 115.035680 -0.660422 -0.382760 0.769598 -52.312684 0.202506 203.369399 28.578661 -6.860584
1 -6.324236 0.038008 -27.229867 11.317818 172.121227 0.733156 0.435131 0.064097 -41.417071 3.940455 459.885549 40.541208 -6.860584
1 -3.811056 0.060785 47.068075 6.437045 228.180906 -0.287530 0.058007 0.685863 14.380168 0.231337 205.102808 48.740980 -6.860584
1 -2.632558 0.122922 73.962682 13.989418 499.603904 -0.541443 0.964360 0.292859 -4.659148 2.634428 330.733233 37.516679 -6.860584
1 -5.452156 0.406626 -76.008142 12.916807 185.635830 -0.803541 -0.405902 0.037287 -10.751413 4.034546 458.182929 13.857882 -6.860584
1 -8.919447 0.489365 56.017184 10.330532 422.943710 -0.070056 -0.622646 0.576558 -36.437123 4.578537 383.822245 19.770137 -6.860584
1 -4.486910 0.027354 82.814654 2.170401 225.541548 0.947145 -0.702035 0.524497 59.900719 1.552714 314.010348 5.088888 -7.157530
1 -5.055790 0.374245 6.104405 0.141139 215.905603 -0.686044 0.709159 0.081928 -67.869562 8.782280 271.736964 46.804559 -7.157530
1 -4.616386 0.437957 -43.411544 0.321549 151.784462 -0.233310 0.748667 0.570636 14.946208 1.758893 318.827843 3.473396 -7.157530
1 -3.005136 0.219185 89.435635 11.893324 29.359063 -0.568782 0.526704 0.372424 6.113141 1.328437 309.588212 30.801673 -7.157530
1 -3.992129 0.211661 -27.491681 8.933050 108.210077 -0.714088 -0.348187 0.655060 -63.447796 0.589089 250.766108 27.316694 -7.157530
1 -4.142559 0.031535 -87.721631 11.781208 166.958725 0.524001 -0.682619 0.179288 74.587087 2.526764 379.571361 41.154487 -7.157530
1 -3.544486 0.025269 43.676863 7.537723 271.375831 -0.389025 0.280786 0.660692 11.997935 0.199887 196.856707 51.625802 -7.157530
1 -3.428022 0.101768 69.035951 14.251235 475.334121 -0.559264 0.977667 0.312281 -8.573588 2.724153 350.802151 33.690412 -7.157530
1 -6.273110 0.382655 -79.464305 13.390824 198.491684 -0.857469 -0.324662 0.038127 -13.385692 4.057845 458.519732 16.307898 -7.157530
1 -8.539038 0.522493 58.250396 9.897290 422.857833 -0.183490 -0.676887 0.627245 -33.402357 4.460954 375.748772 14.903158 -7.157530
1 -3.329196 0.005771 81.042717 2.889864 280.508096 0.723288 -0.483917 0.602291 65.208117 1.249665 254.219503 52.959022 -7.480587
1 -5.671748 0.347522 12.428205 0.425448 224.697462 -0.465658 0.626813 0.016049 -75.709133 8.925533 315.772797 44.099148 -7.480587
1 -3.178200 0.612874 -50.905155 0.610455 178.666804 -0.718922 0.196475 0.721132 21.486402 1.138188 230.528512 52.071287 -7.480587
1 -4.954431 0.108392 -85.043746 14.062947 494.959746 -0.603072 0.431371 0.405067 -7.987261 0.679928 226.050370 20.362853 -7.480587
1 -4.903952 0.238902 72.281558 13.384031 44.796457 -0.618035 -0.196636 0.699873 -61.292987 0.066469 214.686453 14.990240 -7.480587
1 -2.636192 0.063907 -69.502877 11.970251 224.971774 0.575373 -0.825020 0.331480 62.931907 2.020543 356.476943 38.603375 -7.480587
1 -6.400495 0.000755 44.743659 7.493038 229.739534 -0.229405 0.004210 0.533395 25.698088 0.435059 226.501618 53.525961 -7.480587
1 -3.153010 0.355036 45.433173 5.640450 247.154247 0.235238 -0.655569 0.456718 67.671584 1.435749 302.227273 11.238793 -7.480587
1 -5.135372 0.377281 -80.608089 13.523916 192.670371 -0.871034 -0.330049 0.038638 -15.350355 4.067240 459.177844 15.743438 -7.480587
1 -8.757792 0.492163 41.873834 10.225652 434.164474 -0.249623 -0.788171 0.639031 -50.957560 4.690709 378.852709 10.944597 -7.480587
1 -4.567405 0.040563 75.878822 3.979593 266.939309 0.608533 -0.637798 0.600436 63.771644 1.176169 288.423178 49.698464 -7.839393
1 -5.922026 0.421342 -42.841806 5.406794 302.958199 0.540964 0.492353 0.332581 -19.198296 1.598933 302.209903 47.036674 -7.839393
1 -4.203836 0.519012 -15.618226 0.308759 194.513693 -0.963882 0.652006 0.772107 10.398578 3.236967 272.760972 51.066006 -7.839393
1 -3.081814 0.070368 -81.779066 14.762312 471.592458 -0.621617 0.379770 0.377011 -8.345615 0.887532 236.789260 18.373088 -7.839393
1 -3.835642 0.410304 43.670831 11.959771 106.121690 -0.668339 -0.482968 0.541810 -73.486259 0.608382 253.604252 58.459233 -7.839393
1 -3.547116 0.008199 -70.994235 11.749859 233.579459 0.639671 -0.826930 0.357123 60.311704 1.827748 351.987138 38.094625 -7.839393
1 -7.552325 0.788792 45.679197 8.125287 228.254213 -0.298979 0.006688 0.560723 43.793392 0.250526 218.591181 51.410333 -7.839393
1 -3.776340 0.255651 55.433568 7.015865 206.909493 0.272002 -0.674461 0.334756 60.542070 1.287172 311.071837 6.491406 -7.839393
1 -4.213680 0.445094 -79.923206 13.309502 185.416518 -0.887587 -0.349437 0.025151 -13.737552 4.325558 472.943060 17.436728 -7.839393
1 -8.780151 0.463954 24.885940 11.515286 469.353271 -0.328512 -0.709848 0.512491 -44.410043 4.904938 385.482997 7.949474 -7.839393
1 -11.695562 0.380680 30.447454 12.758492 354.185332 0.492965 0.831697 0.603127 89.442478 1.373587 335.847491 49.700140 -8.233100
1 -4.863151 0.239363 -45.041057 3.472178 270.814534 -0.252830 0.570091 0.427715 -12.709008 1.241446 240.170580 54.828373 -8.233100
1 -4.989587 0.518828 -5.956767 0.132224 191.886727 0.975742 0.509823 0.727209 13.527238 3.365927 258.681945 49.003741 -8.233100
1 -3.207584 0.086397 -68.004361 13.097322 466.883231 -0.577474 0.449438 0.396029 7.283677 1.032893 237.038241 13.519865 -8.233100
1 -4.499782 0.350826 -10.771947 10.380834 80.131139 -0.858764 0.005317 0.552701 -75.670157 0.464524 244.782705 8.376889 -8.233100
1 -5.746988 0.700628 -79.279244 11.342135 335.494706 0.677046 -0.803881 0.372556 66.769454 1.592808 321.317218 47.228440 -8.233100
1 -3.518153 0.039568 -39.815059 6.097379 387.177872 -0.804743 -0.808508 0.275937 -50.657999 1.160788 214.418250 45.795693 -8.233100
1 -3.604340 0.315446 74.652332 11.802199 451.035364 0.519210 -0.740096 0.145574 26.632300 1.298409 260.965891 7.255669 -8.233100
1 -4.084344 0.461405 -76.678684 13.382758 153.293079 -0.849153 -0.296768 0.003231 -9.528077 4.181351 472.436948 13.245405 -8.233100
1 -8.500007 0.540573 55.281228 11.219520 16.260698 0.124133 -0.628584 0.474407 -23.512187 2.785960 375.723560 7.088583 -8.233100
1 -8.651140 0.438970 62.250394 13.849825 422.302388 0.743307 0.586341 0.582553 -76.641760 1.159317 327.474951 58.041455 -8.568601
1 -3.500794 0.299901 -72.580446 4.954081 316.157492 -0.035720 0.558254 0.360177 7.069864 2.391199 308.858159 54.252010 -8.568601
1 -3.141720 0.491063 1.546386 0.102102 170.192922 0.870165 0.612780 0.759402 2.516210 3.194297 248.438384 46.511826 -8.568601
1 -3.330104 0.072987 -48.426516 14.700443 397.295151 -0.811319 0.824510 0.408922 3.844692 1.554528 314.003216 58.429367 -8.568601
1 -3.491738 0.297232 -79.455491 4.629354 109.505394 -0.390856 0.204930 0.530756 5.054871 0.979347 283.135550 33.621975 -8.568601
1 -3.846486 0.638312 78.433114 10.332540 337.010686 0.411972 -0.947944 0.212949 36.834602 2.326436 350.012069 44.676114 -8.568601
1 -4.090982 0.015924 -43.814613 7.732646 400.445918 -0.966635 -0.820381 0.209200 -60.541431 1.087900 230.562159 42.075430 -8.568601
1 -3.290732 0.625935 48.474397 10.700304 105.760049 0.288906 -0.553777 0.783603 65.203981 0.391305 249.060183 55.176798 -8.568601
1 -3.715011 0.465521 -76.870834 13.315698 159.910451 -0.869071 -0.274190 0.004284 -9.806657 4.393286 482.516450 13.217831 -8.568601
1 -7.756477 0.086885 89.128910 7.988726 498.901635 -0.512866 0.899500 0.501391 5.133309 0.581749 167.366802 28.078934 -8.568601
1 -6.785181 0.420319 49.818697 0.385841 10.375209 0.864551 0.638289 0.685723 -40.885625 1.243566 370.700672 55.781295 -8.842221
1 -3.087887 0.308170 -74.581918 4.935969 323.339481 -0.173320 0.557981 0.324056 10.347060 2.731468 314.877584 50.764100 -8.842221
1 -2.868929 0.481124 9.431045 0.363426 203.740054 -0.927121 0.554877 0.001003 8.845085 2.682470 188.337681 43.684888 -8.842221
1 -2.800857 0.039771 -44.480411 14.055559 440.310994 -0.833048 0.768939 0.393167 -0.224969 1.649285 307.045594 8.246400 -8.842221
1 -4.503566 0.197660 78.813565 2.481785 190.408252 -0.813215 0.430927 0.527418 -15.819434 0.255746 204.737559 53.736383 -8.842221
1 -3.651066 0.704324 79.672829 6.675422 293.722374 0.544937 -0.748688 0.426283 55.342240 1.529941 309.767330 51.159088 -8.842221
1 -2.800952 0.094482 -58.922827 8.297567 391.016662 -0.752830 -0.784629 0.180580 -58.560167 1.067165 223.650441 43.206576 -8.842221
1 -2.861636 0.645763 47.637444 11.077791 80.342068 0.353419 -0.672798 0.761415 57.376194 0.115621 239.603350 58.647360 -8.842221
1 -3.318468 0.443543 -73.830009 13.863859 179.633464 -0.966537 -0.284890 0.008519 -17.658405 4.351671 479.261176 11.697661 -8.842221
1 -4.679496 0.060933 -84.907749 8.803227 499.357914 -0.385931 0.740532 0.506169 -2.244673 0.612572 175.738504 32.416576 -8.842221
