chi multiples
 N    ID    z   Narcs    chip    chix    chiy    chia   rmss     rmsi    dx      dy    nwarn
 0    3.2 3.824   1      0.00    0.00    0.00    0.00   0.010    0.02    0.01    0.01  0
 0    3.1 3.824   1      0.01    0.00    0.00    0.00   0.010    0.03   -0.01    0.03  0
 0    3.2 3.824   2      0.02    0.00    0.00    0.00   0.010    0.03    N/A     N/A   0
 1    9.2 3.000   1      1.15    0.00    0.00    0.00   0.128    0.32    0.04    0.32  0
 1    9.1 3.000   1      0.56    0.00    0.00    0.00   0.128    0.22    0.01   -0.22  0
 1    9.2 3.000   2      1.72    0.00    0.00    0.00   0.128    0.28    N/A     N/A   0
 2    6.4 3.000   1      0.16    0.00    0.00    0.00   0.083    0.12   -0.12   -0.01  0
 2    6.3 3.000   1      0.16    0.00    0.00    0.00   0.046    0.12    0.03    0.11  0
 2    6.2 3.000   1      0.01    0.00    0.00    0.00   0.034    0.03    0.01   -0.03  0
 2    6.1 3.000   1      0.42    0.00    0.00    0.00   0.147    0.20   -0.12   -0.16  0
 2    6.4 3.000   4      0.75    0.00    0.00    0.00   0.089    0.13    N/A     N/A   0
 3    1.6 3.000   1      0.46    0.00    0.00    0.00   0.146    0.20   -0.12   -0.17  0
 3    1.5 3.000   1      0.05    0.00    0.00    0.00   0.077    0.06    0.05   -0.03  0
 3    1.4 3.000   1      0.22    0.00    0.00    0.00   0.079    0.14    0.08   -0.11  0
 3    1.3 3.000   1      0.15    0.00    0.00    0.00   0.134    0.12   -0.04    0.11  0
 3    1.2 3.000   1      0.17    0.00    0.00    0.00   0.075    0.12   -0.11   -0.06  0
 3    1.1 3.000   1      0.03    0.00    0.00    0.00   0.074    0.05   -0.02   -0.05  0
 3    1.6 3.000   6      1.08    0.00    0.00    0.00   0.102    0.13    N/A     N/A   0
 4    5.2 3.320   1      0.10    0.00    0.00    0.00   0.065    0.10    0.03    0.09  0
 4    5.1 3.320   1      0.17    0.00    0.00    0.00   0.065    0.12    0.12   -0.04  0
 4    5.2 3.320   2      0.27    0.00    0.00    0.00   0.065    0.11    N/A     N/A   0
 5    4.2 3.320   1      0.14    0.00    0.00    0.00   0.057    0.11   -0.02    0.11  0
 5    4.1 3.320   1      0.08    0.00    0.00    0.00   0.057    0.09    0.03   -0.08  0
 5    4.2 3.320   2      0.22    0.00    0.00    0.00   0.057    0.10    N/A     N/A   0
 6    2.3 3.320   1      0.25    0.00    0.00    0.00   0.080    0.15   -0.01    0.15  0
 6    2.2 3.320   1      0.04    0.00    0.00    0.00   0.054    0.06    0.02   -0.05  0
 6    2.1 3.320   1      0.07    0.00    0.00    0.00   0.026    0.08   -0.05   -0.07  0
 6    2.3 3.320   3      0.36    0.00    0.00    0.00   0.058    0.10    N/A     N/A   0
chimul                   4.41    0.00    0.00    0.00   0.085    0.14    N/A     N/A   0
log(Likelihood)          9.77

chitot           4.41
log(Likelihood)    9.77
