chi multiples
 N    ID    z   Narcs    chip    chix    chiy    chia   rmss     rmsi    dx      dy    nwarn
 0    7.2 1.405   1      0.20    0.00    0.00    0.00   0.013    0.22    0.17    0.14  0
 0    7.1 1.405   1      0.06    0.00    0.00    0.00   0.013    0.12   -0.12   -0.01  0
 0    7.2 1.405   2      0.26    0.00    0.00    0.00   0.013    0.18    N/A     N/A   0
 1    6.4 2.039   1      1.69    0.00    0.00    0.00   0.138    0.65   -0.38   -0.52  0
 1    6.3 2.039   1      1.32    0.00    0.00    0.00   0.122    0.57   -0.33   -0.47  0
 1    6.2 2.039   1      1.79    0.00    0.00    0.00   0.196    0.67    0.04    0.67  0
 1    6.1 2.039   1      0.71    0.00    0.00    0.00   0.226    0.42    0.18    0.38  0
 1    6.4 2.039   4      5.51    0.00    0.00    0.00   0.176    0.59    N/A     N/A   0
 2    5.2 5.005   1      3.00    0.00    0.00    0.00   0.192    0.87   -0.60    0.62  0
 2    5.1 5.005   1      0.57    0.00    0.00    0.00   0.192    0.38    0.35   -0.14  0
 2    5.2 5.005   2      3.57    0.00    0.00    0.00   0.192    0.67    N/A     N/A   0
 3    4.2 4.654   1      1.55    0.00    0.00    0.00   0.140    0.62   -0.43    0.45  0
 3    4.1 4.654   1      0.34    0.00    0.00    0.00   0.140    0.29    0.29    0.05  0
 3    4.2 4.654   2      1.89    0.00    0.00    0.00   0.140    0.49    N/A     N/A   0
 4    3.2 2.142   1      0.01    0.00    0.00    0.00   0.003    0.05    0.01    0.05  0
 4    3.1 2.142   1      0.03    0.00    0.00    0.00   0.003    0.09    0.01    0.09  0
 4    3.2 2.142   2      0.04    0.00    0.00    0.00   0.003    0.07    N/A     N/A   0
 5    2.3 4.569   1      0.94    0.00    0.00    0.00   0.088    0.48    0.40   -0.27  0
 5    2.2 4.569   1      1.72    0.00    0.00    0.00   0.228    0.65   -0.51    0.41  0
 5    2.1 4.569   1      0.35    0.00    0.00    0.00   0.141    0.29    0.29   -0.02  0
 5    2.3 4.569   3      3.00    0.00    0.00    0.00   0.163    0.50    N/A     N/A   0
 6    1.6 2.349   1      0.43    0.00    0.00    0.00   0.120    0.33    0.32    0.07  0
 6    1.5 2.349   1      1.33    0.00    0.00    0.00   0.183    0.58    0.35    0.46  0
 6    1.4 2.349   1      0.19    0.00    0.00    0.00   0.048    0.22    0.11   -0.19  0
 6    1.3 2.349   1      4.84    0.00    0.00    0.00   0.429    1.10    1.05   -0.31  0
 6    1.2 2.349   1      2.25    0.00    0.00    0.00   0.207    0.75   -0.73   -0.18  0
 6    1.1 2.349   1      1.35    0.00    0.00    0.00   0.171    0.58   -0.48    0.33  0
 6    1.6 2.349   6     10.39    0.00    0.00    0.00   0.226    0.66    N/A     N/A   0
chimul                  24.66    0.00    0.00    0.00   0.172    0.54    N/A     N/A   0
log(Likelihood)        -21.81

chitot           24.66
log(Likelihood)    -21.81
