#REFERENCE 0 328.4078120 17.6977430
1.1 328.4082359 17.6980825 0.182002 0.182000 62.41115 4.5000 -0.00 
1.2 328.4082039 17.6980706 0.323937 0.123925 68.39163 4.5000 -0.21 
1.2 328.4082323 17.6975619 0.218711 0.090455 120.85520 4.5000 0.56 
1.2 328.4078035 17.6977496 0.016386 0.008064 46.66936 4.5000 6.00 
1.2 328.4075524 17.6979063 0.126105 0.079658 173.25127 4.5000 1.30 
1.2 328.4076561 17.6971995 0.182002 0.182000 2.40973 4.5000 -0.00 
2.1 328.4081876 17.6975792 0.179268 0.079933 101.09368 4.5000 0.98 
2.1 328.4075132 17.6979355 0.138433 0.081727 120.47084 4.5000 1.24 
2.1 328.4075685 17.6972357 0.208445 0.141328 155.13481 4.5000 0.20 
2.1 328.4078097 17.6977463 0.012021 0.008581 10.71975 4.5000 6.34 
2.1 328.4081137 17.6981322 0.188001 0.187998 156.85188 4.5000 0.00 
2.2 328.4082710 17.6980796 0.332495 0.093004 69.86292 4.5000 0.07 
2.2 328.4077971 17.6977504 0.020078 0.006921 46.31011 4.5000 5.94 
2.2 328.4082373 17.6974959 0.235108 0.081080 140.21350 4.5000 0.60 
2.2 328.4075707 17.6978675 0.124563 0.058534 178.99234 4.5000 1.64 
2.2 328.4077673 17.6972130 0.182000 0.181995 106.87503 4.5000 0.00 
3.1 328.4078937 17.6981337 0.519872 0.102778 19.43987 4.5000 -0.73 
3.1 328.4078204 17.6977460 0.023754 0.005474 33.47174 4.5000 5.80 
3.1 328.4074206 17.6972143 0.278604 0.086922 41.69933 4.5000 0.13 
3.1 328.4081331 17.6976720 0.161811 0.084410 162.04547 4.5000 0.75 
3.1 328.4075585 17.6980419 0.165000 0.164997 56.67562 4.5000 0.00 
3.2 328.4078010 17.6977440 0.030935 0.006995 29.81962 4.5000 5.65 
3.2 328.4077605 17.6972980 0.539583 0.141316 13.79897 4.5000 -0.72 
3.2 328.4082297 17.6982061 0.364769 0.124861 41.11168 4.5000 -0.16 
3.2 328.4075195 17.6978433 0.201212 0.085704 10.38401 4.5000 0.89 
3.2 328.4081354 17.6974510 0.198001 0.197999 177.04141 4.5000 0.00 
