#REFERENCE 3 328.4078120 17.6977430
1.1 -0.246 -0.172 0.186 0.079 138.79 4.500 0.88 0.354 -1.918 0.83 0.05
1.1 -0.246 -0.172 0.186 0.079 138.79 4.500 0.88 -1.444 -0.782 0.21 0.67
1.1 -0.246 -0.172 0.186 0.079 138.79 4.500 0.88 0.039 0.024 -5.18 6.06
1.1 -0.246 -0.172 0.186 0.079 138.79 4.500 0.88 0.875 0.513 -0.64 1.52
1.1 -0.246 -0.172 0.186 0.079 138.79 4.500 0.88 -1.454 1.222 0.88 -0.00
1.2 -0.151 -0.234 0.187 0.088 106.21 4.500 0.76 -1.344 1.179 0.96 -0.21
1.2 -0.151 -0.234 0.187 0.088 106.21 4.500 0.76 -1.441 -0.652 0.20 0.56
1.2 -0.151 -0.234 0.187 0.088 106.21 4.500 0.76 0.029 0.024 -5.24 6.00
1.2 -0.151 -0.234 0.187 0.088 106.21 4.500 0.76 0.890 0.588 -0.54 1.30
1.2 -0.151 -0.234 0.187 0.088 106.21 4.500 0.76 0.535 -1.957 0.76 -0.00
2.1 -0.007 -0.162 0.192 0.078 126.04 4.500 0.94 -1.288 -0.590 -0.04 0.98
2.1 -0.007 -0.162 0.192 0.078 126.04 4.500 0.94 1.025 0.693 -0.30 1.24
2.1 -0.007 -0.162 0.192 0.078 126.04 4.500 0.94 0.835 -1.826 0.74 0.20
2.1 -0.007 -0.162 0.192 0.078 126.04 4.500 0.94 0.008 0.012 -5.40 6.34
2.1 -0.007 -0.162 0.192 0.078 126.04 4.500 0.94 -1.035 1.401 0.94 0.00
2.2 -0.338 -0.145 0.186 0.077 95.93 4.500 0.91 -1.574 1.212 0.84 0.07
2.2 -0.338 -0.145 0.186 0.077 95.93 4.500 0.91 0.051 0.027 -5.03 5.94
2.2 -0.338 -0.145 0.186 0.077 95.93 4.500 0.91 -1.458 -0.889 0.31 0.60
2.2 -0.338 -0.145 0.186 0.077 95.93 4.500 0.91 0.828 0.448 -0.73 1.64
2.2 -0.338 -0.145 0.186 0.077 95.93 4.500 0.91 0.153 -1.908 0.91 0.00
3.1 0.342 -0.343 0.160 0.088 51.47 4.500 0.72 -0.280 1.406 1.45 -0.73
3.1 0.342 -0.343 0.160 0.088 51.47 4.500 0.72 -0.029 0.011 -5.09 5.80
3.1 0.342 -0.343 0.160 0.088 51.47 4.500 0.72 1.342 -1.903 0.59 0.13
3.1 0.342 -0.343 0.160 0.088 51.47 4.500 0.72 -1.101 -0.256 -0.03 0.75
3.1 0.342 -0.343 0.160 0.088 51.47 4.500 0.72 0.869 1.076 0.72 0.00
3.2 -0.351 0.162 0.193 0.129 43.72 4.500 0.49 0.038 0.003 -5.15 5.65
3.2 -0.351 0.162 0.193 0.129 43.72 4.500 0.49 0.177 -1.602 1.22 -0.72
3.2 -0.351 0.162 0.193 0.129 43.72 4.500 0.49 -1.433 1.667 0.66 -0.16
3.2 -0.351 0.162 0.193 0.129 43.72 4.500 0.49 1.003 0.361 -0.40 0.89
3.2 -0.351 0.162 0.193 0.129 43.72 4.500 0.49 -1.109 -1.051 0.49 0.00
