1 -3635.128253 0.161931 40.801332 11.621076 308.643949 0.084730 36.888942 0.000000
1 -3635.133423 0.737604 37.801485 9.374462 496.437638 0.415706 50.354953 0.000000
1 -3635.131262 0.595166 28.504568 2.448684 108.110649 0.511464 63.594513 0.000000
1 -3657.071647 0.791146 27.908578 2.734058 375.941741 0.551333 17.680804 0.000000
1 -3635.128479 0.072344 -59.429520 8.658209 297.685530 0.143666 -29.331519 0.000000
1 -3635.130775 0.199841 -12.843282 4.774903 227.467439 0.226778 13.352003 0.000000
1 -1813.683582 0.212007 -51.986441 4.220131 311.258815 0.689736 50.112139 0.000000
1 -3635.131015 0.072429 -87.000507 8.964206 455.436066 0.143123 73.045210 0.000000
1 -1833.780549 0.751636 -13.849728 3.457452 389.710980 0.519802 48.640798 0.000000
1 -3635.128210 0.346452 58.473406 7.671307 92.244925 0.592603 -6.575973 0.000000
1 -3635.166026 0.309350 7.727814 4.942783 419.931662 0.762450 86.182834 -0.676818
1 -1819.986010 0.388564 -68.875176 3.823584 420.478197 0.242377 45.592431 -0.676818
1 -113.134895 0.029493 -12.361027 2.398295 486.071025 0.196533 19.868440 -0.676818
1 -3635.130580 0.344548 75.133171 6.878633 349.246066 0.012140 37.155096 -0.676818
1 -28.802762 0.640152 50.034089 2.441998 260.778653 0.610656 -48.482206 -0.676818
1 -3635.144941 0.780743 75.377656 8.413363 318.405592 1.108187 29.229420 -0.676818
1 -3635.146593 0.033270 -30.459229 6.249701 238.454663 0.817286 27.726346 -0.676818
1 -3635.138371 0.047458 43.777290 2.367735 163.885590 0.198305 89.243130 -0.676818
1 -19.376210 0.032096 52.760875 2.616267 272.420769 0.717164 83.215161 -0.676818
1 -38.264135 0.662163 15.494861 0.654587 429.054440 0.644992 -80.384897 -0.676818
1 -81.484767 0.677442 4.528252 0.744584 77.451319 1.132744 -18.420783 -1.140763
1 -3635.128210 0.266775 3.416626 9.939738 153.576813 0.060015 -21.949381 -1.140763
1 -3635.128204 0.449404 87.736239 9.002585 27.913988 0.659476 85.049658 -1.140763
1 -3635.128300 0.447204 6.793958 11.563970 281.438663 0.639194 9.845670 -1.140763
1 -143.854260 0.280605 -50.032303 0.022452 378.630144 0.706789 83.972389 -1.140763
1 -3635.189174 0.492109 -27.317680 2.493555 213.466795 0.385872 -60.759154 -1.140763
1 -3635.128261 0.745187 -77.686772 10.200623 59.213719 1.066603 73.250287 -1.140763
1 -27.341832 0.798686 68.012225 1.598253 329.952988 0.314765 29.914590 -1.140763
1 -3635.130657 0.298564 56.384575 10.223486 196.123330 1.145773 2.859999 -1.140763
1 -1846.823118 0.591586 -54.545157 0.432597 468.530840 1.088728 40.241423 -1.140763
1 -3643.658653 0.380896 -32.348184 2.036585 317.069440 0.010748 71.048387 -1.593185
1 -3635.145440 0.054394 31.582292 3.206483 238.021779 0.051131 -5.627328 -1.593185
1 -3635.129119 0.797541 54.817590 8.325253 231.732653 0.809305 -7.042449 -1.593185
1 -3635.129328 0.741708 -33.882565 8.576640 265.292124 0.445263 -61.767542 -1.593185
1 -348.663634 0.459413 -49.178223 0.164341 458.714466 0.197140 -6.791509 -1.593185
1 -3635.128332 0.430933 6.753724 8.904549 109.876724 0.996534 -77.609205 -1.593185
1 -36.182716 0.373859 75.766941 1.485342 434.863219 0.471524 88.590953 -1.593185
1 -41.326704 0.141223 -86.045757 2.024479 348.898268 0.128935 -20.735289 -1.593185
1 -3635.162658 0.123407 31.484477 7.653346 289.290505 0.876017 -37.348499 -1.593185
1 -139.377733 0.302823 0.504314 0.102672 325.591282 0.880098 -77.620343 -1.593185
1 -148.005064 0.385220 -50.682666 1.201401 470.821005 0.250512 31.274674 -1.941577
1 -3635.139294 0.494542 -19.817808 10.762684 442.686809 0.449164 49.504353 -1.941577
1 -30.534704 0.587039 -71.643096 0.214752 292.035412 1.059939 86.694412 -1.941577
1 -3635.128210 0.388307 55.310281 12.024768 112.102275 0.880296 -2.714148 -1.941577
1 -47.790088 0.020362 -72.664714 0.809921 473.483040 0.537215 -82.058169 -1.941577
1 -3635.128212 0.645468 -54.723310 11.715770 90.964937 0.694893 84.257604 -1.941577
1 -3635.129268 0.495077 73.441150 4.214535 132.163094 0.568660 37.256419 -1.941577
1 -47.813581 0.156259 -66.739187 2.151445 378.044474 0.162642 -22.792371 -1.941577
1 -3635.141848 0.369707 -72.123186 7.147240 320.237074 1.176454 30.864063 -1.941577
1 -211.360063 0.037267 -64.427130 0.959281 461.398488 0.149747 -51.230851 -1.941577
1 -146.734956 0.384016 -50.707183 1.238284 471.036345 0.251475 31.916483 -2.075358
1 -18.807973 0.219592 -58.387875 2.078854 422.074386 0.084411 27.832135 -2.075358
1 -138.990407 0.544454 73.478368 0.098051 361.974822 0.071884 -87.783143 -2.075358
1 -30.453039 0.587131 -70.640013 0.083964 279.723743 0.991576 88.697262 -2.075358
1 -29.791688 0.511869 80.339672 6.475069 423.368518 0.460663 -10.466489 -2.075358
1 -91.188714 0.766712 81.959362 2.346435 364.170217 0.335182 -28.477087 -2.075358
1 -3635.974321 0.617765 71.268305 3.959175 383.979073 0.022227 63.770243 -2.075358
1 -35.784908 0.270945 32.293091 0.795034 101.374477 1.077206 -3.295772 -2.075358
1 -3635.149017 0.081415 75.580416 9.152711 372.989355 0.739826 -23.956223 -2.075358
1 -59.328214 0.170345 -26.158101 0.807846 215.068664 0.673221 -26.975174 -2.075358
1 -12.379698 0.762562 -42.725825 2.304982 347.313566 0.166749 63.144026 -2.216294
1 -14.292705 0.747300 2.391396 3.945899 434.218398 0.028425 21.155833 -2.216294
1 -172.759881 0.559737 70.289215 0.229487 394.942341 0.139397 84.342453 -2.216294
1 -530.850797 0.172942 79.592214 0.035621 473.520887 0.568818 49.121785 -2.216294
1 -12.144147 0.251870 -10.338391 1.363179 281.318137 0.306873 54.735655 -2.216294
1 -3635.140473 0.010805 46.911368 9.102692 478.437810 0.448914 86.431768 -2.216294
1 -3635.522970 0.716670 81.380016 2.624617 386.561000 0.698158 1.502119 -2.216294
1 -45.421088 0.620239 -87.945383 0.088052 493.624551 1.151133 27.682967 -2.216294
1 -39.437692 0.057407 -2.677442 0.009021 391.065351 1.001028 29.561666 -2.216294
1 -1035.484420 0.157032 49.539794 0.149299 247.513566 1.115687 42.525043 -2.216294
1 -11.234836 0.057270 -28.836804 2.396852 320.513870 0.415299 70.530903 -2.310084
1 -23.678148 0.770336 9.952218 3.195168 482.879951 0.219358 13.901901 -2.310084
1 -200.268947 0.562648 76.863090 0.245143 399.133768 0.119347 88.452938 -2.310084
1 -19.267027 0.486580 86.518816 0.626983 438.972644 0.633355 -1.206192 -2.310084
1 -31.728876 0.673811 17.218637 0.419116 322.950496 0.403187 62.845656 -2.310084
1 -1865.894033 0.416485 -79.066063 1.093811 293.289836 0.403483 -76.040878 -2.310084
1 -28.242188 0.756389 84.155293 7.803120 458.570152 0.546577 32.361434 -2.310084
1 -50.471951 0.508912 80.562849 0.944327 429.875989 0.112225 10.642446 -2.310084
1 -27.840056 0.498452 -44.734725 2.439304 468.798718 0.331768 -26.391796 -2.310084
1 -3635.543880 0.368853 -20.702628 0.518183 77.708561 0.774854 59.553107 -2.310084
1 -19.699152 0.545560 52.820784 1.126005 321.286165 0.629947 48.593845 -2.343722
1 -1831.968203 0.168318 55.503233 2.551894 498.085371 0.129718 11.102705 -2.343722
1 -17.192015 0.378216 -89.246953 1.029055 496.649936 0.926520 -35.466016 -2.343722
1 -25.441385 0.135271 2.160148 1.766180 454.285525 0.878526 29.287094 -2.343722
1 -19.244049 0.128183 55.460275 2.365776 192.067164 0.897574 -89.990656 -2.343722
1 -21.038054 0.476744 72.280570 1.125563 192.235951 0.749490 -72.601284 -2.343722
1 -36.619675 0.718082 2.654969 5.818871 468.344505 0.355210 -44.175764 -2.343722
1 -45.874887 0.532370 63.577681 0.336851 407.935703 0.273413 1.501021 -2.343722
1 -19.979249 0.565811 -28.112252 1.308861 477.615469 0.865508 -34.734337 -2.343722
1 -58.121909 0.412821 37.033840 2.806533 399.616783 0.172349 -6.135335 -2.343722
1 -39.511117 0.189180 -30.371055 0.636785 448.298428 0.416646 -35.120491 -2.377349
1 -25.311310 0.175310 -5.658176 0.573002 478.520527 0.946547 -18.380964 -2.377349
1 -51.021277 0.320616 -6.420655 0.560522 465.841745 0.444986 -13.794176 -2.377349
1 -13.445588 0.137146 0.933548 2.086770 428.349524 0.471380 -20.955541 -2.377349
1 -11.112873 0.650902 -10.283900 1.885097 148.196410 0.946308 73.794513 -2.377349
1 -1823.683842 0.166252 16.523439 3.412321 443.730150 0.264370 35.396221 -2.377349
1 -28.393952 0.497025 55.313649 0.085789 348.838862 0.311842 -17.007395 -2.377349
1 -23.471333 0.192112 65.022126 0.997924 455.188622 0.512181 -37.762339 -2.377349
1 -14.717597 0.593892 -39.749037 1.985783 464.098472 0.785856 -19.001744 -2.377349
1 -23.985751 0.282789 18.757310 2.946155 399.630244 0.062373 -13.628610 -2.377349
1 -13.950547 0.521611 -12.840061 0.477483 187.484016 0.715405 87.767286 -2.385971
1 -20.141369 0.305780 -22.851177 0.780707 370.136387 1.156439 15.009854 -2.385971
1 -50.637894 0.377260 14.022707 1.173866 465.208704 0.411998 7.814161 -2.385971
1 -216.379170 0.416172 33.588129 0.887667 366.551381 0.587333 32.021085 -2.385971
1 -50.031351 0.111691 2.604577 0.041234 266.831070 0.818929 37.495632 -2.385971
1 -39.425374 0.472639 61.376641 2.450144 365.355188 0.034926 58.675781 -2.385971
1 -40.336961 0.704156 87.217686 4.895300 434.546665 0.440812 -56.537967 -2.385971
1 -36.502837 0.747834 -2.932862 0.550775 281.723074 0.567449 -54.704837 -2.385971
1 -12.712884 0.486367 -58.286827 1.880682 484.548582 0.920152 -43.456891 -2.385971
1 -18.293664 0.249452 -86.413369 1.110403 428.888827 0.451351 -7.278581 -2.385971
1 -14.145466 0.523185 -18.307768 0.691902 175.408696 0.586025 89.992830 -2.396457
1 -22.049268 0.269639 -23.765264 0.800361 416.969604 1.103585 10.163972 -2.396457
1 -10.889709 0.569301 -8.199924 0.076237 221.373673 0.421732 26.598934 -2.396457
1 -216.379170 0.416172 33.588129 0.887667 366.551381 0.587333 32.021085 -2.396457
1 -18.049715 0.665154 24.417571 0.955233 438.383973 0.808596 -0.740123 -2.396457
1 -175.307482 0.447831 48.337994 1.111288 393.358291 0.125112 -62.196064 -2.396457
1 -38.922003 0.483072 76.895284 3.325521 442.055781 0.040695 -76.293504 -2.396457
1 -23.751503 0.136145 -74.651534 0.523835 338.216411 0.387368 -18.741199 -2.396457
1 -12.026830 0.509409 -9.579965 2.925834 388.947528 0.163686 26.590549 -2.396457
1 -43.589389 0.047360 52.773259 0.518337 463.531770 0.821414 85.284506 -2.396457
1 -17.705737 0.666804 -27.328944 1.814089 241.142120 0.695008 -75.252406 -2.424067
1 -19.829350 0.454552 -17.491698 0.421776 431.577906 1.104632 -37.390227 -2.424067
1 -274.190108 0.265600 -80.674188 0.024962 473.614816 0.800842 -13.501929 -2.424067
1 -30.258243 0.454447 41.393943 2.078466 356.610933 0.129851 -54.579200 -2.424067
1 -38.592512 0.164521 4.323604 0.647243 473.214011 0.574592 -31.417516 -2.424067
1 -175.307482 0.447831 48.337994 1.111288 393.358291 0.125112 -62.196064 -2.424067
1 -49.573831 0.363680 89.690741 1.027736 441.172583 0.680262 71.838026 -2.424067
1 -20.109969 0.114808 -36.431938 1.399688 253.499414 0.433481 11.345930 -2.424067
1 -33.676418 0.333850 44.789442 1.752041 469.395161 0.147381 -14.324904 -2.424067
1 -865.906511 0.713905 67.372455 0.196357 394.313788 0.922584 -86.736589 -2.424067
1 -18.294531 0.241928 85.358053 0.142464 325.182534 0.854047 17.292486 -2.436467
1 -376.134525 0.384537 -3.040359 0.174318 438.784412 0.026956 -14.725959 -2.436467
1 -31.369975 0.496576 -70.322225 2.142701 255.816722 0.819213 -78.573982 -2.436467
1 -11.268612 0.094187 -61.346285 0.703991 323.887484 0.220198 60.653892 -2.436467
1 -75.179704 0.423534 71.728042 0.600888 295.804547 0.557903 -17.925851 -2.436467
1 -19.182066 0.617003 21.756855 0.225278 237.889231 0.020314 -81.776729 -2.436467
1 -19.961283 0.514673 59.906558 0.278832 130.079328 0.784005 -62.615286 -2.436467
1 -12.808478 0.363371 -70.475227 0.803505 316.231702 0.367081 54.751998 -2.436467
1 -85.389035 0.320657 39.521577 1.205559 437.916523 0.384197 -52.711160 -2.436467
1 -12.843087 0.341964 -53.117059 1.453720 325.175877 0.032874 55.961011 -2.436467
1 -17.056746 0.736645 75.590194 0.046620 357.620854 0.997903 26.054966 -2.449747
1 -29.110139 0.342688 36.325799 1.223688 191.059980 0.735505 -58.531554 -2.449747
1 -27.805247 0.471577 78.900208 1.816992 312.185215 0.105140 20.721626 -2.449747
1 -28.511061 0.336936 64.767418 2.576714 316.481813 0.510566 12.985219 -2.449747
1 -23.163789 0.127745 27.922606 2.753991 373.852556 0.181640 -70.175973 -2.449747
1 -37.428963 0.302309 -46.302695 1.199534 184.725327 0.892665 -67.151941 -2.449747
1 -36.371181 0.091460 -14.042413 1.356748 189.297310 0.827899 -10.897499 -2.449747
1 -68.545024 0.139001 -5.172473 0.377068 366.341341 0.653819 -13.243298 -2.449747
1 -437.953426 0.005342 8.195553 0.011446 473.025949 0.516416 -41.176061 -2.449747
1 -12.949232 0.322123 -62.162377 1.428844 317.127633 0.049334 59.274624 -2.449747
1 -20.000638 0.326487 -4.410866 1.005905 291.243117 0.410852 78.002450 -2.454879
1 -18.302908 0.296576 36.195321 1.176519 171.108787 0.878456 -88.991112 -2.454879
1 -13.717161 0.401970 -76.031633 1.703620 388.802287 0.172074 37.398581 -2.454879
1 -47.117778 0.295679 71.939087 1.383091 442.491859 1.009510 64.025745 -2.454879
1 -51.492220 0.181712 56.426440 2.998611 424.837834 0.178529 -81.182471 -2.454879
1 -11.978974 0.302520 -4.814597 2.822028 280.263161 0.632475 61.346717 -2.454879
1 -33.461599 0.499629 75.387654 4.765563 451.990077 0.078211 -31.547061 -2.454879
1 -27.267205 0.249533 -20.683154 0.783169 428.566965 1.078486 -73.713639 -2.454879
1 -16.394683 0.565851 -9.355899 2.668193 320.791946 0.391704 -77.061557 -2.454879
1 -13.995162 0.341052 -61.006665 1.554969 329.401540 0.003449 61.361064 -2.454879
1 -118.706439 0.020696 88.200313 0.187027 446.777521 0.586386 -0.617644 -2.463907
1 -58.450862 0.313633 47.791440 1.950448 383.457763 0.213606 39.498659 -2.463907
1 -27.086429 0.359637 -34.638644 1.701580 414.810648 0.124136 38.085687 -2.463907
1 -14.061144 0.799255 -40.213176 2.555590 463.211416 0.596107 -36.872150 -2.463907
1 -29.248286 0.767833 33.434133 0.138363 285.235219 0.197570 -11.700167 -2.463907
1 -36.476985 0.042639 -43.926913 0.638712 179.800760 0.827603 -14.472218 -2.463907
1 -29.657782 0.505216 77.471342 4.766522 454.870778 0.083859 -31.009944 -2.463907
1 -51.561011 0.360323 -13.030821 0.786712 492.399167 0.873504 -83.808727 -2.463907
1 -23.142081 0.042540 72.290010 0.750960 199.227829 0.669610 -71.544507 -2.463907
1 -17.256222 0.753992 47.243616 0.675002 357.322960 0.610617 22.523699 -2.463907
1 -197.515215 0.077148 85.141196 0.119338 380.296103 0.290909 -3.070137 -2.478969
1 -16.563886 0.350878 64.945621 0.597277 340.753065 0.890482 20.061453 -2.478969
1 -66.197502 0.777265 16.130839 0.152565 424.219577 0.031664 -46.252154 -2.478969
1 -52.972369 0.145406 47.261373 2.174316 449.313280 0.433426 59.220889 -2.478969
1 -30.133908 0.486534 81.115621 0.576898 491.795045 1.172010 6.330915 -2.478969
1 -26.576574 0.796045 -36.247247 0.629013 170.556404 0.827926 -7.906120 -2.478969
1 -85.399147 0.238919 40.137879 1.018060 461.594434 0.321583 58.340523 -2.478969
1 -106.701745 0.699142 -23.761484 0.509650 440.075389 0.571930 -65.941582 -2.478969
1 -39.226199 0.779597 55.760806 0.746478 215.445198 0.757645 -78.141706 -2.478969
1 -52.826921 0.754401 80.653173 0.136299 219.846615 0.440643 -59.422421 -2.478969
1 -20.191411 0.438975 89.931535 0.501329 325.582225 0.457794 30.757060 -2.496256
1 -20.956764 0.456741 7.776425 0.755182 437.088977 0.818641 -4.544101 -2.496256
1 -15.536593 0.763273 63.714117 0.675731 372.761979 0.027529 3.811019 -2.496256
1 -27.928265 0.630506 -56.085948 1.970769 465.126991 0.009273 64.248991 -2.496256
1 -58.371256 0.704213 -42.945055 1.162925 464.624249 0.305449 13.390146 -2.496256
1 -83.096584 0.279117 -25.979386 0.131443 203.497589 0.673198 12.087599 -2.496256
1 -195.914164 0.199885 -1.045764 0.245562 414.396713 0.195578 -50.449401 -2.496256
1 -32.808622 0.241233 12.237047 0.831588 334.246633 0.604192 27.005610 -2.496256
1 -52.986943 0.717081 -34.180540 1.387804 203.550825 0.969664 -58.610957 -2.496256
1 -157.259193 0.076454 -58.374616 2.495093 437.130041 0.334461 32.635869 -2.496256
1 -22.072005 0.504304 -68.597690 1.351854 456.856613 0.952153 -62.718460 -2.503282
1 -38.343012 0.034610 11.203967 0.389567 318.439224 0.628838 39.252013 -2.503282
1 -36.395907 0.006532 -12.433845 1.662512 181.961885 0.897812 5.160969 -2.503282
1 -26.258617 0.315805 -74.921535 0.067369 357.119438 1.053144 32.619609 -2.503282
1 -38.003399 0.571151 -48.318263 1.419821 455.328370 0.378543 1.434612 -2.503282
1 -26.114249 0.732170 -23.239873 0.530566 461.563638 1.023603 -7.628880 -2.503282
1 -27.538121 0.074280 9.513691 1.506108 216.136738 0.671740 51.225686 -2.503282
1 -18.357724 0.311508 -4.727994 0.560323 329.348219 0.686356 7.761755 -2.503282
1 -14.006170 0.482876 -48.157628 1.078463 407.855887 0.814848 -18.357421 -2.503282
1 -10.619722 0.434085 -79.430893 0.070160 275.591374 0.350112 66.911286 -2.503282
1 -36.025917 0.480216 -55.300339 0.527233 472.034657 0.868595 -55.767172 -2.524377
1 -29.146128 0.782926 57.998677 0.232799 303.329558 0.763453 79.378162 -2.524377
1 -49.132254 0.748331 -79.489298 2.233567 308.321717 0.499475 -26.953341 -2.524377
1 -18.987107 0.201889 -1.166665 0.371942 325.477155 0.864101 14.416667 -2.524377
1 -64.719115 0.785865 -76.579120 1.456168 451.282610 0.148676 1.091765 -2.524377
1 -152.404488 0.499421 -5.597652 1.897239 498.896632 0.572063 25.661593 -2.524377
1 -38.155132 0.563679 -33.107512 4.312371 247.365576 0.961213 -44.504098 -2.524377
1 -17.002590 0.420329 39.418518 0.534698 257.166533 0.557549 31.673748 -2.524377
1 -29.363194 0.556069 70.162738 0.634457 188.118504 0.775560 -54.323187 -2.524377
1 -281.407350 0.407831 -80.251809 0.277828 398.334042 0.312971 77.773906 -2.524377
1 -108.441334 0.117351 -1.079481 0.918907 362.799046 0.182550 40.438696 -2.548345
1 -19.397997 0.225214 -46.220607 0.448534 280.356221 0.414249 -2.580180 -2.548345
1 -150.627936 0.610598 22.100260 1.234480 420.094065 0.195530 77.052676 -2.548345
1 -18.039434 0.325307 -19.253887 0.446906 285.474033 0.865782 -3.455534 -2.548345
1 -13.339074 0.465841 85.306868 1.738964 449.287569 0.244386 -21.114052 -2.548345
1 -25.890067 0.645251 24.584616 1.996932 282.624983 0.624526 52.223182 -2.548345
1 -58.929087 0.523651 -33.943192 4.359010 251.787698 0.957879 -48.437565 -2.548345
1 -20.363706 0.454154 24.480956 0.645082 286.081941 0.586726 42.912581 -2.548345
1 -117.804748 0.367553 -0.693797 1.312434 455.286811 0.306806 45.244980 -2.548345
1 -22.850799 0.095976 49.170385 0.694162 174.129900 0.711044 -63.521532 -2.548345
1 -30.961596 0.109104 -12.054636 1.606701 330.250839 0.332742 14.443181 -2.560951
1 -28.748471 0.485632 84.596222 0.636415 258.828230 0.542185 34.146050 -2.560951
1 -32.424081 0.604527 75.716812 0.743374 279.603105 0.257366 35.368338 -2.560951
1 -17.532551 0.320132 -17.669795 0.440272 286.067074 0.865193 -5.851648 -2.560951
1 -47.795251 0.690436 -69.168328 0.186790 411.827684 0.302421 -14.691933 -2.560951
1 -26.215042 0.559921 33.601314 0.346257 258.409193 0.598431 9.297324 -2.560951
1 -18.033617 0.552927 -21.124295 3.837872 240.178576 0.854263 -74.322974 -2.560951
1 -42.513297 0.487236 44.206197 0.623114 260.453596 0.723895 70.062600 -2.560951
1 -19.567232 0.300460 41.916174 2.115513 442.571929 0.608447 25.816856 -2.560951
1 -18.351580 0.073309 38.530884 1.497629 255.972513 0.466028 -78.412296 -2.560951
1 -24.738145 0.015733 -7.031160 1.199110 376.288176 0.330051 36.106420 -2.586908
1 -36.575473 0.673964 2.275482 8.846474 462.902727 0.599680 -55.651576 -2.586908
1 -38.130348 0.550771 26.068411 1.297218 440.862525 1.004080 34.466346 -2.586908
1 -172.564739 0.398775 -22.015997 0.593667 432.011348 0.434270 61.036738 -2.586908
1 -35.132567 0.661313 -11.474231 1.938395 413.421760 0.217701 -52.726676 -2.586908
1 -33.426536 0.438162 14.634189 2.573104 354.448730 0.246948 -51.341473 -2.586908
1 -12.366165 0.564407 -36.822429 3.803054 374.315446 0.336943 64.795513 -2.586908
1 -22.038549 0.478275 52.626472 1.218528 271.194639 0.476300 81.298510 -2.586908
1 -181.819370 0.682534 20.406794 0.053221 365.573948 0.525723 -26.947986 -2.586908
1 -26.171536 0.643977 25.824003 1.784431 483.292413 0.630014 9.620708 -2.586908
1 -258.115349 0.087662 -50.135830 0.374204 370.673336 0.535485 -4.647974 -2.611409
1 -32.761430 0.327276 12.238669 0.347021 329.440109 0.331751 -87.292536 -2.611409
1 -48.170268 0.476236 12.116393 0.822303 473.614074 1.014818 43.281264 -2.611409
1 -49.852649 0.129853 85.396869 0.488853 68.363419 1.107251 -11.225402 -2.611409
1 -16.580566 0.747210 2.883957 2.167802 338.689126 0.150417 -30.278469 -2.611409
1 -23.566132 0.680975 27.247380 0.927939 121.036670 1.012476 -80.177065 -2.611409
1 -16.709753 0.132194 81.551284 1.533304 231.403451 0.754859 76.909459 -2.611409
1 -39.878830 0.290267 -74.391783 0.382585 415.779378 0.559104 -4.370455 -2.611409
1 -19.219369 0.659756 26.114755 1.171449 376.836592 1.041765 24.271713 -2.611409
1 -45.512626 0.697795 5.857770 2.569025 483.009736 0.662810 20.474061 -2.611409
1 -25.104748 0.005964 40.652965 0.206103 177.688385 0.594187 -59.437330 -2.625896
1 -32.229610 0.313061 -48.414215 1.413257 474.827658 0.723321 17.549731 -2.625896
1 -16.562810 0.204322 -1.055298 0.535026 355.628484 1.004024 5.443019 -2.625896
1 -34.224516 0.496529 20.270158 0.216329 421.821218 0.968545 -4.944760 -2.625896
1 -22.543260 0.717041 17.458856 3.066769 357.912971 0.189646 -36.482921 -2.625896
1 -53.153567 0.651299 10.260829 0.780051 126.035667 1.039810 -71.232968 -2.625896
1 -20.369544 0.120035 76.043812 0.884458 212.745825 0.700489 -83.930713 -2.625896
1 -36.315192 0.342532 -65.744271 0.421553 415.555124 0.622553 -3.588371 -2.625896
1 -35.382052 0.650297 60.110451 1.336956 465.700087 0.838790 76.622663 -2.625896
1 -49.718360 0.048517 27.862260 1.205750 251.755474 0.542368 31.376202 -2.625896
1 -23.287403 0.002170 19.708057 0.015454 196.325969 0.480426 -72.068887 -2.634988
1 -45.787076 0.306365 -42.239500 1.353423 486.152143 0.701514 25.896034 -2.634988
1 -16.435119 0.048588 -30.379784 0.260708 303.841952 1.069904 -11.914910 -2.634988
1 -14.523625 0.625900 49.204548 1.095909 362.710356 0.161281 35.239287 -2.634988
1 -22.543260 0.717041 17.458856 3.066769 357.912971 0.189646 -36.482921 -2.634988
1 -13.999096 0.681681 74.140223 0.415104 334.309105 0.142123 31.048579 -2.634988
1 -17.284198 0.286473 19.728539 1.267255 287.887292 0.482708 60.734772 -2.634988
1 -17.305623 0.526407 85.659039 0.766946 416.832548 0.871230 -9.521772 -2.634988
1 -21.366887 0.677869 32.953923 3.434889 368.378765 0.411424 82.028321 -2.634988
1 -12.534865 0.791826 -5.991498 5.907387 487.213560 0.052272 -49.420534 -2.634988
1 -102.904492 0.722397 42.043010 0.717464 488.919864 0.125004 -81.750914 -2.657061
1 -38.779918 0.323867 -42.449731 1.477129 441.232431 0.752209 -80.762977 -2.657061
1 -26.544599 0.456131 26.899046 8.075424 393.932790 0.728284 88.534614 -2.657061
1 -47.240462 0.516695 61.515892 1.014004 430.361873 0.261933 21.637096 -2.657061
1 -17.284971 0.621193 2.204102 5.361549 450.212864 0.210883 -57.430678 -2.657061
1 -48.998778 0.399582 72.904734 0.319499 433.568017 0.569768 19.792696 -2.657061
1 -139.855400 0.627787 32.280674 0.589437 436.566916 0.472083 -88.707899 -2.657061
1 -36.737391 0.767328 -1.905474 0.561415 482.040157 1.036171 -44.037527 -2.657061
1 -28.554886 0.617155 33.341417 1.316957 141.596398 1.028450 78.134958 -2.657061
1 -11.355951 0.779616 -17.436345 5.799353 498.616010 0.063991 -46.483164 -2.657061
1 -11.965285 0.022247 44.722911 1.860854 126.383365 1.038001 71.863473 -2.666584
1 -27.976763 0.627598 15.470511 2.618607 371.254058 0.266210 -86.382447 -2.666584
1 -15.557483 0.464557 29.894293 8.095159 395.166047 0.714525 89.675000 -2.666584
1 -23.163255 0.073014 4.935898 0.819372 288.558125 0.297763 13.575278 -2.666584
1 -12.115859 0.789565 -8.499003 4.348969 434.564708 0.040597 -73.111404 -2.666584
1 -15.879741 0.423635 59.269548 1.404462 432.333404 0.312360 2.523755 -2.666584
1 -14.760576 0.142475 -29.861489 1.425898 364.002910 0.257920 -13.220943 -2.666584
1 -51.403683 0.602128 34.453869 0.518087 315.822212 0.703712 59.506318 -2.666584
1 -23.532695 0.177492 -27.823997 6.454191 432.810392 0.583135 -58.043302 -2.666584
1 -17.761655 0.265774 2.412045 8.939934 393.573310 0.809798 45.242815 -2.666584
1 -29.293067 0.010629 53.035117 0.648932 353.051161 0.935917 86.864701 -2.697355
1 -39.535855 0.732904 23.223168 10.081375 445.567346 0.894347 42.415265 -2.697355
1 -14.558958 0.454173 28.121013 8.089552 398.941548 0.699496 87.710994 -2.697355
1 -184.019809 0.627821 30.199953 0.508303 239.961640 0.982542 59.239744 -2.697355
1 -28.611050 0.099547 76.943623 0.835883 347.633560 0.700666 -82.159086 -2.697355
1 -80.654860 0.659433 62.677045 0.616374 481.710477 0.406899 25.963382 -2.697355
1 -14.041223 0.127520 -28.304372 1.699156 383.202002 0.219800 -15.278762 -2.697355
1 -16.268032 0.562905 42.660306 1.111254 231.596282 0.742411 52.101880 -2.697355
1 -33.167469 0.275600 16.514902 5.025862 422.964044 0.381607 -53.483151 -2.697355
1 -253.739993 0.049220 -18.690908 0.648924 254.231375 0.836993 83.805472 -2.697355
1 -11.254011 0.228361 -10.079329 2.753971 331.652488 0.371282 65.495702 -2.731933
1 -18.420949 0.081192 28.024039 3.367492 272.978727 0.730502 79.625989 -2.731933
1 -43.982676 0.460252 80.275916 0.726490 489.115310 0.952346 89.368264 -2.731933
1 -130.724902 0.634430 43.117096 0.540914 252.913728 0.963613 36.523293 -2.731933
1 -17.465083 0.344254 -36.177224 0.457786 427.329938 0.862211 -25.001225 -2.731933
1 -27.432249 0.771265 5.624693 0.197483 304.263574 0.719955 13.339707 -2.731933
1 -17.417385 0.360932 39.074291 2.007031 371.803985 0.239534 26.431323 -2.731933
1 -19.599956 0.392892 64.332086 0.162916 269.052670 0.661255 50.460316 -2.731933
1 -49.260980 0.295303 12.467329 2.851208 418.585140 0.121557 -56.852547 -2.731933
1 -57.045924 0.013003 -76.761812 0.418491 470.305090 1.157163 83.755463 -2.731933
1 -27.159024 0.505852 -56.807704 0.369983 451.138258 0.816771 -10.118183 -2.799901
1 -11.763232 0.589280 -49.521969 2.006103 438.109169 0.677266 -36.301151 -2.799901
1 -25.915732 0.496745 -66.219050 1.260751 466.108105 0.703305 24.243869 -2.799901
1 -32.387909 0.286345 63.362734 9.520275 399.295774 0.766020 -21.652955 -2.799901
1 -18.464055 0.565097 -66.895935 0.136670 342.315175 0.133989 33.241873 -2.799901
1 -14.437303 0.570446 6.647216 1.746845 446.689153 0.936171 2.963090 -2.799901
1 -19.930955 0.368105 39.953056 2.007882 370.873458 0.233147 24.076447 -2.799901
1 -54.555886 0.559112 22.676169 4.434669 310.300291 0.781439 -17.413750 -2.799901
1 -46.455386 0.658139 -61.448115 2.056352 473.643848 0.140818 -44.095562 -2.799901
1 -151.379602 0.104026 -62.283114 0.559027 400.326077 0.187781 -39.189267 -2.799901
1 -30.880972 0.575197 -70.872332 1.029892 412.769868 0.222197 -3.126519 -2.863959
1 -12.392143 0.589221 -54.360066 1.776142 442.030597 0.641279 -33.965467 -2.863959
1 -42.021642 0.441222 -73.598570 0.633700 452.635168 0.688846 25.804715 -2.863959
1 -22.572193 0.686412 -85.275035 1.497141 425.013708 1.099158 -79.112348 -2.863959
1 -12.788703 0.512470 -33.540533 2.869513 399.980379 0.044712 -19.805609 -2.863959
1 -29.167404 0.341636 -2.441486 0.761293 442.037713 0.718074 0.897233 -2.863959
1 -19.983794 0.378999 44.802325 1.915973 359.879927 0.251931 26.899044 -2.863959
1 -56.547182 0.608188 33.161128 4.060737 284.565801 0.800671 -12.234481 -2.863959
1 -29.121713 0.586562 -59.523933 2.041888 464.372251 0.035002 -38.747709 -2.863959
1 -146.916174 0.761491 -58.004034 0.056755 371.519334 0.231445 86.903913 -2.863959
1 -96.095845 0.419721 64.006943 5.801327 457.009521 0.469268 -79.204980 -2.928925
1 -97.278223 0.431760 -21.342960 0.412070 268.458537 0.538399 -14.391075 -2.928925
1 -26.889487 0.406595 -68.551777 0.693426 496.254084 0.866886 -37.812615 -2.928925
1 -22.398021 0.720887 69.754317 0.916378 419.622045 1.151262 -75.199119 -2.928925
1 -43.681336 0.568748 -35.612878 1.049057 381.914993 0.309790 -11.447862 -2.928925
1 -14.573780 0.313267 -7.079381 0.678173 414.918679 1.075177 -8.209602 -2.928925
1 -14.220841 0.394039 46.855187 2.163286 409.059273 0.123473 26.287161 -2.928925
1 -30.274688 0.696643 -87.195817 3.959298 275.163640 0.717619 -16.929650 -2.928925
1 -34.592566 0.235124 40.537313 0.764013 252.428626 0.133937 -29.077536 -2.928925
1 -13.014618 0.253177 -17.317078 2.140551 217.037839 0.737796 86.618720 -2.928925
1 -12.089944 0.238738 2.569832 2.203848 232.964397 0.748317 63.985340 -3.019932
1 -27.340443 0.444249 -45.234179 0.329370 295.716309 0.659742 -19.354734 -3.019932
1 -12.137584 0.092250 63.524058 3.451380 479.007379 0.057715 -25.128195 -3.019932
1 -44.625843 0.085407 24.026581 1.218075 385.218511 0.241627 88.139898 -3.019932
1 -22.220894 0.055848 -57.017329 0.781759 460.838791 0.723955 -27.964240 -3.019932
1 -26.067432 0.508269 -16.942326 0.635588 377.586650 1.160196 22.537950 -3.019932
1 -72.492643 0.392738 84.427292 1.451201 427.299626 0.193640 46.636042 -3.019932
1 -31.773378 0.790648 68.978213 3.759873 278.947018 0.671370 -15.517171 -3.019932
1 -18.834564 0.408955 0.000108 1.924388 479.710714 0.976161 7.062806 -3.019932
1 -7.310841 0.243977 -34.612334 0.201769 234.237479 0.425886 38.485571 -3.019932
1 -13.274488 0.450000 -73.343102 0.572887 321.392677 0.254268 24.129767 -3.216535
1 -11.834674 0.060807 14.350302 2.316451 479.907509 0.641139 -15.631367 -3.216535
1 -14.476469 0.117892 57.964784 3.335043 487.472627 0.065235 -27.505744 -3.216535
1 -17.623311 0.161268 88.878149 2.618439 472.685141 0.166520 -5.572717 -3.216535
1 -127.928303 0.135160 35.236164 0.090107 440.300495 0.481858 -83.101004 -3.216535
1 -22.397778 0.335122 84.490812 0.493147 486.244764 0.934931 -15.042874 -3.216535
1 -21.135884 0.463900 -18.104577 2.695709 354.692462 0.343934 -59.637450 -3.216535
1 -20.419322 0.055626 -53.893768 3.284083 288.659759 0.670858 20.515559 -3.216535
1 -41.298388 0.327489 -19.574513 1.103643 386.963402 0.224838 62.113847 -3.216535
1 -13.881050 0.209563 -27.812269 0.418338 232.711262 0.467762 -87.915463 -3.216535
1 -24.345857 0.394053 -62.821982 1.760117 448.249726 0.427998 28.035089 -3.558793
1 -21.850024 0.063201 18.086195 1.128030 498.896819 1.049004 -2.730594 -3.558793
1 -33.540050 0.039198 79.065938 5.152307 495.540257 0.183137 -13.642080 -3.558793
1 -26.025902 0.216006 -57.959975 1.809149 419.143857 0.245540 12.246823 -3.558793
1 -22.302787 0.062055 -53.069805 3.330962 297.009981 0.653080 16.909397 -3.558793
1 -51.837706 0.406335 -76.524315 0.158886 473.603749 0.940682 -6.916889 -3.558793
1 -38.696757 0.621669 -8.645051 2.104098 403.222414 0.244061 -67.823193 -3.558793
1 -15.186294 0.250248 -48.179149 0.999977 374.601828 0.547255 -10.128240 -3.558793
1 -3.371633 0.376257 -80.379743 3.731306 470.150124 0.221800 -88.072397 -3.558793
1 -27.679249 0.174863 45.006631 7.631720 354.119241 0.840845 87.272270 -3.558793
1 -22.643862 0.368617 -67.436208 1.802793 440.240465 0.470010 33.766723 -3.882698
1 -17.616289 0.317580 50.548770 1.741349 414.119013 0.052856 -25.065110 -3.882698
1 -17.304360 0.029177 -0.356018 1.386652 465.181129 0.646481 -17.124015 -3.882698
1 -12.186584 0.276161 -11.634976 1.843403 447.046119 0.833550 -11.430332 -3.882698
1 -19.924378 0.000660 -54.369937 0.148999 121.766926 0.916719 21.219216 -3.882698
1 -20.762708 0.341415 -68.581315 0.496852 410.738639 1.157264 14.003415 -3.882698
1 -20.555639 0.510198 19.346323 1.475138 381.983992 0.014580 -68.294895 -3.882698
1 -13.542472 0.113860 -18.829954 1.130047 406.436642 0.535354 -22.422066 -3.882698
1 -15.187337 0.338994 -79.812306 3.834201 480.379285 0.217828 -82.249993 -3.882698
1 -11.199771 0.315333 20.114897 1.243036 261.856448 0.433041 72.787393 -3.882698
1 -18.494554 0.629922 -11.200712 2.146147 330.227987 0.304124 -43.089861 -4.299104
1 -12.180545 0.167357 26.984240 2.425263 361.667482 0.218149 73.742173 -4.299104
1 -15.966825 0.610503 12.111998 0.555001 356.578053 1.038918 -1.588962 -4.299104
1 -46.728476 0.324303 -24.797733 0.917037 366.832720 0.375575 85.581453 -4.299104
1 -9.268785 0.266483 38.679411 1.006302 280.481755 0.384467 63.254556 -4.299104
1 -17.305209 0.299427 -61.675729 0.513576 360.286430 1.027770 6.126209 -4.299104
1 -17.381633 0.686590 -81.795051 0.379436 388.700848 0.897845 3.586722 -4.299104
1 -32.343095 0.426316 -1.724427 4.023253 406.650933 0.340405 -71.882859 -4.299104
1 -20.510791 0.029490 -82.887094 4.958232 434.255193 0.396653 35.675689 -4.299104
1 -14.443298 0.383441 8.839591 1.784149 287.423644 0.512426 60.632534 -4.299104
1 -30.602034 0.509589 -22.855194 1.728747 454.074320 0.499990 -39.374017 -4.706095
1 -12.377922 0.779885 63.429482 0.765997 365.142175 0.093829 39.382545 -4.706095
1 -19.234330 0.115602 -87.493954 0.229244 372.593871 1.049746 7.918093 -4.706095
1 -16.654690 0.772603 19.652473 4.333936 406.564859 0.124923 -89.337809 -4.706095
1 -9.002036 0.323412 73.968690 1.440292 313.740450 0.344195 65.192106 -4.706095
1 -15.092683 0.464348 -21.472745 2.241387 425.021311 0.180043 -6.417976 -4.706095
1 -20.225960 0.172143 -81.012303 0.063612 455.040605 1.169681 -17.993106 -4.706095
1 -22.260555 0.455515 3.543088 4.170517 399.505390 0.317848 -77.094195 -4.706095
1 -11.361697 0.018322 -54.944868 3.192356 346.750005 0.462382 68.376221 -4.706095
1 -9.812729 0.271702 -48.575434 1.086785 276.685870 0.342266 82.935950 -4.706095
1 -22.611776 0.675456 88.131720 1.007700 372.185070 0.906192 -78.010022 -5.228260
1 -23.623743 0.685362 60.617297 1.097087 354.290553 0.254997 25.171249 -5.228260
1 -21.813868 0.166101 -49.392102 0.389014 309.990083 1.158165 21.063753 -5.228260
1 -19.843574 0.717360 19.493153 4.166872 390.325964 0.274899 -86.042941 -5.228260
1 -22.904412 0.280828 60.543163 1.242338 333.424908 0.476363 60.722411 -5.228260
1 -22.630761 0.751198 -84.594998 1.781722 332.506501 0.300684 47.735318 -5.228260
1 -17.893911 0.267445 -57.600443 0.626385 455.253055 0.923117 -31.971395 -5.228260
1 -15.301401 0.746714 3.891101 0.734444 318.641976 0.032633 81.675177 -5.228260
1 -16.905046 0.018274 -30.680148 1.314229 358.464875 0.482811 8.014255 -5.228260
1 -10.474969 0.276068 -44.817205 1.253384 275.682055 0.322908 81.180078 -5.228260
1 -41.944884 0.557930 -32.248215 1.163055 338.591168 0.550693 -2.295379 -5.860747
1 -8.795057 0.439231 53.854220 0.494420 248.936756 0.482997 55.854030 -5.860747
1 -25.786201 0.117704 -46.364513 0.346509 262.038985 0.055029 20.492843 -5.860747
1 -11.348440 0.188308 12.755770 0.106451 255.555321 0.262105 79.121514 -5.860747
1 -19.879444 0.276012 34.385910 3.103223 497.682100 0.186407 3.990965 -5.860747
1 -8.243872 0.370013 -33.021334 0.647325 260.892962 0.281063 83.330735 -5.860747
1 -17.051994 0.254307 2.873994 8.382530 390.730574 0.736274 -75.205627 -5.860747
1 -16.110534 0.496714 18.790698 0.567943 371.452264 1.068813 1.952932 -5.860747
1 -13.267022 0.363771 -74.649875 0.529115 398.382663 0.756677 -23.746710 -5.860747
1 -4.081632 0.253701 -60.291011 0.073452 243.553131 0.306211 48.734003 -5.860747
1 -9.172923 0.760368 -45.626003 0.116690 280.857066 0.244443 26.319921 -6.242661
1 -7.765573 0.385722 -80.697668 1.204258 333.868263 0.260602 65.796863 -6.242661
1 -14.643268 0.118121 -38.245336 0.478037 244.637755 0.012054 6.376763 -6.242661
1 -26.412798 0.104132 37.533142 0.930807 351.645531 0.345876 -26.321134 -6.242661
1 -12.686415 0.344959 61.692285 2.934649 476.216829 0.123244 19.152870 -6.242661
1 -20.837243 0.472800 -14.265750 1.369197 292.807836 0.381160 -74.099450 -6.242661
1 -18.886684 0.002429 -77.082532 3.235216 445.704959 0.138058 78.356789 -6.242661
1 -6.309233 0.271696 -62.097599 0.143877 253.568944 0.331180 44.432807 -6.242661
1 -13.520906 0.398760 81.197504 1.498092 435.157185 0.307712 -12.881514 -6.242661
1 -19.824341 0.460386 41.611418 1.208894 355.813874 0.485324 41.023626 -6.242661
1 -8.208266 0.728010 -31.074738 0.254868 285.409717 0.285361 21.960323 -6.542078
1 -4.694584 0.353791 89.395634 1.343931 334.771981 0.241412 66.546474 -6.542078
1 -4.422919 0.693219 -52.457402 0.291838 303.666076 0.054666 80.868765 -6.542078
1 -12.484535 0.331079 52.770202 3.468587 490.135118 0.086643 24.861178 -6.542078
1 -17.714522 0.312843 48.169650 2.939219 473.946894 0.115448 24.654675 -6.542078
1 -8.550234 0.201824 28.002831 0.416121 232.770133 0.409758 48.972408 -6.542078
1 -10.233562 0.144002 -73.285045 2.989890 440.239595 0.139283 81.936481 -6.542078
1 -7.811951 0.185189 -41.768542 0.272141 251.301073 0.197582 25.717903 -6.542078
1 -13.714804 0.359771 87.700879 2.560361 463.806897 0.121035 -49.340500 -6.542078
1 -16.315294 0.353602 -83.022281 0.255915 275.397611 0.413664 11.894899 -6.542078
1 -7.251374 0.708838 -32.067632 0.060205 278.353788 0.271719 27.471103 -6.850380
1 -8.971998 0.692952 -65.425508 0.080797 300.163023 0.221557 50.858572 -6.850380
1 -12.684080 0.620703 -11.322708 2.368704 272.980860 0.441206 85.427004 -6.850380
1 -12.409263 0.323492 51.440815 3.531014 491.739865 0.096958 25.721177 -6.850380
1 -15.936392 0.378505 64.490347 1.459462 465.928358 1.045512 12.402407 -6.850380
1 -14.899332 0.234494 36.937228 3.084943 388.183561 0.350878 47.495790 -6.850380
1 -6.783861 0.151898 -72.684983 2.849863 424.042807 0.120022 88.937823 -6.850380
1 -8.780683 0.653344 46.527246 0.203143 210.314916 0.623425 55.269320 -6.850380
1 -13.340192 0.340183 -67.186880 2.693889 464.379009 0.258137 -44.776637 -6.850380
1 -14.129370 0.387191 89.146573 0.047251 260.737901 0.411824 16.511831 -6.850380
1 -5.028458 0.722622 -14.750758 0.288384 292.143009 0.037740 0.456796 -7.137849
1 -7.132205 0.672949 -70.415700 0.501345 290.561876 0.147963 64.230572 -7.137849
1 -12.129663 0.513477 19.342123 1.187505 265.441333 0.500667 57.563695 -7.137849
1 -15.469046 0.352416 51.514884 2.988708 477.261618 0.123581 25.741367 -7.137849
1 -10.235278 0.083181 -72.364028 3.118196 448.359451 0.090062 55.621079 -7.137849
1 -11.888881 0.201405 4.037270 4.167291 386.435293 0.412231 63.630739 -7.137849
1 -3.277193 0.160656 -69.109487 2.799213 416.982752 0.095441 88.100279 -7.137849
1 -11.820185 0.569360 43.439449 0.434853 227.330314 0.666411 60.264655 -7.137849
1 -12.788588 0.315909 -57.274539 3.292516 483.851304 0.343282 -44.958012 -7.137849
1 -7.150771 0.536718 2.367419 0.722094 282.552815 0.305757 31.349943 -7.137849
1 -3.061559 0.672080 -9.457647 0.059665 268.566194 0.141889 23.581506 -7.380124
1 -4.795821 0.072570 -85.503380 0.071942 264.967885 0.292720 55.065503 -7.380124
1 -4.965867 0.136841 -63.399227 3.086300 442.210096 0.043458 87.155819 -7.380124
1 -13.236890 0.438424 69.607258 2.070543 408.385596 0.096433 51.085104 -7.380124
1 -4.141489 0.211275 -46.372587 1.082107 325.560497 0.101876 77.625736 -7.380124
1 -12.897947 0.176943 0.142016 3.219796 365.434323 0.362914 76.849145 -7.380124
1 -4.970780 0.197729 -72.331774 3.291176 451.496147 0.125174 -89.578671 -7.380124
1 -14.894829 0.495575 35.856078 0.642754 233.073192 0.668126 63.647713 -7.380124
1 -12.190948 0.262683 -60.649058 3.181752 482.891313 0.309682 -45.284574 -7.380124
1 -5.178228 0.693739 -4.283151 0.303991 294.603250 0.119573 25.130153 -7.380124
1 -7.000223 0.718119 8.456311 0.285558 275.910516 0.187880 27.011384 -7.601385
1 -4.867693 0.166168 -71.847000 0.057520 254.383921 0.257664 46.476238 -7.601385
1 -5.163581 0.196055 -50.605291 2.203545 392.882398 0.013999 -71.496267 -7.601385
1 -6.997851 0.228408 -70.822073 0.989791 302.268677 0.255286 80.393836 -7.601385
1 -5.124177 0.243463 -68.971731 1.243637 317.685971 0.240553 75.238609 -7.601385
1 -10.833191 0.667219 -14.687413 1.319933 302.192496 0.149694 59.227439 -7.601385
1 -5.486394 0.247760 -65.913572 3.231816 446.171866 0.117450 -88.202029 -7.601385
1 -11.141652 0.566260 47.429526 0.446480 228.135833 0.649381 55.058649 -7.601385
1 -11.724031 0.259917 -53.628416 1.922020 441.276095 0.498997 -29.685457 -7.601385
1 -7.756225 0.661483 -45.435427 0.022716 246.253133 0.165592 44.540603 -7.601385
1 -8.624477 0.534303 -58.812107 0.344750 215.751893 0.569870 74.128930 -7.979245
1 -7.538234 0.092421 -62.582026 0.113911 257.131594 0.281271 37.679130 -7.979245
1 -2.658987 0.380912 -49.305737 2.192411 390.155716 0.112579 -62.403132 -7.979245
1 -15.284985 0.002481 -81.861919 2.628548 431.018694 0.149781 46.452886 -7.979245
1 -11.463536 0.157775 -50.237877 1.919545 387.031528 0.140437 42.436660 -7.979245
1 -11.826306 0.179276 30.001848 1.487648 287.125461 0.339016 60.607478 -7.979245
1 -11.002790 0.171538 -74.442428 3.459406 465.797319 0.145228 80.016798 -7.979245
1 -8.249529 0.566772 3.227414 0.440412 274.594684 0.428168 35.814971 -7.979245
1 -17.518742 0.151201 14.538310 1.545676 309.668773 0.405308 74.059747 -7.979245
1 -18.347930 0.020507 58.487032 3.253484 470.775436 0.165877 42.608334 -7.979245
1 -10.189256 0.616050 -34.861930 0.725421 248.271764 0.438689 80.042146 -8.351532
1 -8.095092 0.043105 -62.387212 0.346266 243.134856 0.395929 71.945617 -8.351532
1 -2.481604 0.412580 -54.406272 2.240629 395.432948 0.144313 -66.629931 -8.351532
1 -11.836606 0.038166 -83.655593 2.362595 410.310498 0.180596 32.317537 -8.351532
1 -4.999769 0.570436 -53.100580 0.826382 336.414806 0.154360 -80.467801 -8.351532
1 -11.988323 0.167632 15.763353 1.356795 273.575733 0.396168 80.220623 -8.351532
1 -8.095040 0.561888 -12.981003 1.281327 322.372766 0.077849 -13.012813 -8.351532
1 -11.871063 0.765229 -3.844761 2.108356 314.003217 0.151445 63.269144 -8.351532
1 -12.611485 0.781588 -18.488093 1.622197 295.328236 0.277320 40.626795 -8.351532
1 -9.571608 0.626112 67.375466 0.431996 305.127165 0.017225 -44.016918 -8.351532
1 -9.066951 0.639762 -55.065165 0.594628 285.718645 0.376067 -88.579488 -8.662407
1 -7.765907 0.723542 18.295217 0.009202 214.666268 0.538128 45.263108 -8.662407
1 -3.078816 0.396456 -54.293557 2.607256 413.453830 0.171452 -63.110536 -8.662407
1 -10.862642 0.071465 -77.912670 2.789443 431.369360 0.129908 36.910502 -8.662407
1 -6.974341 0.052811 -88.571027 0.404873 261.601989 0.272349 71.113916 -8.662407
1 -6.842562 0.420091 -60.411745 0.310394 246.485855 0.408389 49.895957 -8.662407
1 -2.645052 0.168387 -48.148294 1.701453 360.736365 0.042461 -86.348594 -8.662407
1 -2.931398 0.284529 -51.345738 1.863669 373.190923 0.079316 -76.505740 -8.662407
1 -6.626153 0.034159 -11.609119 0.943015 302.121916 0.292880 46.405368 -8.662407
1 -10.980919 0.641741 74.515466 0.063635 297.529720 0.138216 -44.070879 -8.662407
1 -6.100239 0.047419 65.973506 0.033593 256.930251 0.335187 63.149555 -8.904446
1 -12.379549 0.301506 -48.462878 1.700126 314.460426 0.321101 -85.180719 -8.904446
1 -4.011981 0.441483 -52.247409 2.442435 416.161593 0.136804 -60.736901 -8.904446
1 -6.284599 0.110443 80.258676 2.489029 403.146303 0.164477 67.867928 -8.904446
1 -7.366633 0.454631 89.964621 0.039705 278.849479 0.287542 49.941479 -8.904446
1 -3.547458 0.333179 -82.653155 0.259480 261.365309 0.342797 62.848275 -8.904446
1 -4.218988 0.250571 -40.333800 2.183837 391.939472 0.000721 83.528710 -8.904446
1 -3.644215 0.295213 -56.077135 2.075519 387.685918 0.100924 -81.620304 -8.904446
1 -4.894224 0.109102 19.016827 0.203636 258.822787 0.313808 56.781798 -8.904446
1 -12.094372 0.632879 79.916392 0.811519 342.548897 0.214548 -67.187459 -8.904446
1 -2.644488 0.798378 5.234492 0.349365 300.515008 0.351091 17.763641 -9.190380
1 -11.474749 0.367210 -31.801406 1.202841 297.341408 0.282514 88.335366 -9.190380
1 -4.083285 0.147097 -88.333909 0.174222 242.716168 0.163255 47.075351 -9.190380
1 -8.774550 0.035478 74.483927 2.244718 380.325406 0.182685 65.334730 -9.190380
1 -3.215483 0.398702 -88.757222 0.107253 257.524062 0.159573 70.138204 -9.190380
1 -3.903915 0.323486 -82.894525 0.483728 263.528191 0.365089 63.447842 -9.190380
1 -6.694837 0.338376 -77.751278 0.912012 322.737603 0.056210 78.936087 -9.190380
1 -4.878188 0.225193 -58.851604 1.594054 359.605587 0.116041 89.684968 -9.190380
1 -4.922751 0.137174 18.325442 0.203797 268.750060 0.309989 49.522820 -9.190380
1 -13.398948 0.611501 -27.335284 2.281120 365.275758 0.109422 50.944179 -9.190380
1 -4.014215 0.668106 15.910738 0.370157 272.734829 0.405059 24.250779 -9.453306
1 -3.230677 0.591056 -49.246809 0.088878 272.289848 0.040332 61.386266 -9.453306
1 -3.638305 0.754955 -30.057917 0.224863 299.943464 0.013052 45.238662 -9.453306
1 -9.646652 0.093237 77.315539 2.405257 390.321758 0.207297 66.375542 -9.453306
1 -2.883748 0.437292 -66.390870 0.020940 235.305603 0.254149 61.363846 -9.453306
1 -2.540016 0.441465 77.997052 0.181214 248.526217 0.348192 63.998485 -9.453306
1 -7.198973 0.318132 -72.207830 0.806580 319.168533 0.067027 80.974094 -9.453306
1 -5.813950 0.410450 -55.337405 1.101465 337.735268 0.051705 76.445984 -9.453306
1 -7.906177 0.036607 56.272038 0.865680 291.208094 0.373428 58.099180 -9.453306
1 -13.677981 0.718176 2.225577 1.622335 297.310594 0.200335 36.141667 -9.453306
1 -9.041990 0.733094 11.272556 0.234198 304.807775 0.391058 29.684159 -9.756738
1 -7.525264 0.231981 -70.121758 0.069928 223.125422 0.554241 64.558783 -9.756738
1 -3.234501 0.693347 -31.179273 0.151363 290.434581 0.018728 48.466064 -9.756738
1 -3.085278 0.460813 -59.714558 0.051269 240.845869 0.262123 58.586910 -9.756738
1 -2.892260 0.370720 -70.736045 0.128389 246.574870 0.311681 63.552438 -9.756738
1 -3.310552 0.482573 -84.332154 0.023571 252.178656 0.283724 61.603602 -9.756738
1 -8.413263 0.318210 -53.556863 1.164284 307.454516 0.117655 67.831115 -9.756738
1 -4.636205 0.461034 -45.654234 0.439744 292.965964 0.187032 62.232622 -9.756738
1 -8.654146 0.149049 77.479259 1.619199 352.130882 0.243566 47.079468 -9.756738
1 -11.164815 0.010092 24.479503 0.751881 318.220658 0.284521 30.495445 -9.756738
1 -4.579541 0.786761 9.916159 0.205908 307.198576 0.348616 25.715920 -9.996894
1 -8.875071 0.180161 -63.506501 0.397755 223.037046 0.512631 75.335112 -9.996894
1 -3.508556 0.696617 -26.668388 0.288213 290.262862 0.000172 38.598325 -9.996894
1 -4.099088 0.528665 -57.339661 0.154517 248.341375 0.209827 51.546755 -9.996894
1 -4.235362 0.287639 -81.483472 0.153678 269.003594 0.293216 67.602219 -9.996894
1 -6.078477 0.588959 87.116847 0.776147 320.505853 0.295200 64.964739 -9.996894
1 -3.176311 0.307611 -43.330743 0.591636 301.311689 0.073879 75.062085 -9.996894
1 -3.659844 0.398565 -49.544556 0.466676 296.775602 0.107320 64.706233 -9.996894
1 -4.117620 0.538332 -55.342701 0.320390 277.392055 0.103315 54.151379 -9.996894
1 -3.926778 0.003328 26.829730 0.980344 301.804882 0.215759 47.128183 -9.996894
1 -3.034836 0.669259 -2.490989 0.512429 307.638114 0.274814 14.539285 -10.253505
1 -8.095299 0.690162 64.598887 0.234032 238.638604 0.677574 55.780845 -10.253505
1 -3.565102 0.675530 -21.554319 0.306142 290.072583 0.050491 24.089037 -10.253505
1 -5.176538 0.478177 -49.130482 0.055436 245.901696 0.096987 63.090892 -10.253505
1 -5.113242 0.076240 -28.235599 0.965480 314.902435 0.203732 53.916156 -10.253505
1 -7.645975 0.508628 88.704334 0.850212 329.162344 0.277641 59.810608 -10.253505
1 -5.474247 0.273980 -33.283175 0.503235 275.598049 0.162006 71.804382 -10.253505
1 -3.242424 0.309778 -37.424022 0.318649 278.937783 0.153797 50.293225 -10.253505
1 -6.136236 0.043544 21.571295 0.936175 292.192735 0.200281 60.096395 -10.253505
1 -2.809643 0.094853 36.751101 0.951507 299.804681 0.180516 43.824122 -10.253505
1 -2.266478 0.726597 -4.509054 0.297889 295.028954 0.255032 8.504117 -10.530284
1 -7.725217 0.671364 62.064789 0.279649 234.343918 0.675387 59.702140 -10.530284
1 -5.034233 0.714867 -11.450123 0.116448 304.554899 0.225378 19.490765 -10.530284
1 -4.642568 0.536957 -24.487164 0.107001 252.785980 0.163245 57.142150 -10.530284
1 -4.577178 0.605044 -55.049683 0.112267 272.361076 0.280711 63.473720 -10.530284
1 -6.813861 0.399640 78.654470 1.221167 327.574947 0.177671 65.011298 -10.530284
1 -3.088526 0.464669 -57.535253 0.084343 245.310316 0.194664 55.970682 -10.530284
1 -4.443879 0.364534 -16.883237 0.247872 270.933603 0.252299 37.292320 -10.530284
1 -4.511156 0.044971 10.576908 0.625414 280.749144 0.160578 55.277540 -10.530284
1 -8.854371 0.552855 -71.516473 0.559948 321.189240 0.213975 65.496632 -10.530284
1 -2.369161 0.737171 -5.254580 0.406347 299.336995 0.283154 5.077225 -10.782248
1 -6.585419 0.729793 -88.134725 0.443480 285.907783 0.537074 73.547180 -10.782248
1 -4.220489 0.738761 -2.982275 0.125780 301.545304 0.265278 20.931041 -10.782248
1 -2.137622 0.501169 -38.775075 0.225768 265.956963 0.034461 60.281614 -10.782248
1 -3.463987 0.570708 -50.868659 0.028598 253.327339 0.258534 58.150652 -10.782248
1 -8.658436 0.396634 80.962945 1.237074 322.792122 0.161835 55.358919 -10.782248
1 -4.910708 0.691704 -33.671779 0.081353 268.972676 0.145646 60.186310 -10.782248
1 -4.537429 0.385878 19.981499 0.253371 260.019400 0.363219 36.238841 -10.782248
1 -5.330184 0.123049 51.708093 0.416320 264.293425 0.229012 58.954852 -10.782248
1 -5.439553 0.456516 -51.012433 1.449884 362.953547 0.094094 -89.253749 -10.782248
1 -2.807988 0.687573 -7.769995 0.888682 323.474033 0.247332 4.117864 -10.992044
1 -2.143377 0.776807 81.153753 0.584416 295.863873 0.447348 76.029395 -10.992044
1 -3.591186 0.697101 16.070439 0.175206 282.356876 0.296398 31.501791 -10.992044
1 -1.925358 0.570108 -40.328075 0.073714 260.256991 0.001349 52.386540 -10.992044
1 -3.576319 0.582042 -50.024781 0.030469 256.581734 0.238039 55.346946 -10.992044
1 -8.245243 0.426421 85.762070 1.262845 330.896970 0.172913 54.150229 -10.992044
1 -5.480183 0.626679 -29.916545 0.655595 319.215628 0.030871 -69.181902 -10.992044
1 -5.168438 0.411375 16.424204 0.143162 261.968075 0.367309 35.441798 -10.992044
1 -2.876550 0.036661 -84.565669 1.472485 334.720749 0.140158 54.316527 -10.992044
1 -4.435864 0.437625 -47.921488 1.127842 341.198418 0.094394 89.990147 -10.992044
