#REFERENCE 3 180.3138740 23.0976080
1	-0.407294	-0.537109	0.869529	0.883027	
1	-0.390625	-0.553469	0.852754	0.895755	
1	-0.390625	-0.553469	0.852754	0.895755	
1	-0.407294	-0.537109	0.869529	0.883027	
1	-0.439453	-0.502196	0.901563	0.855256	
1	-0.439453	-0.502196	0.901563	0.855256	
1	-0.451204	-0.488281	0.913136	0.843923	
1	-0.451204	-0.488281	0.913136	0.843923	
1	-0.486827	-0.439453	0.948729	0.803631	
1	-0.486827	-0.439453	0.948729	0.803631	
1	-0.488281	-0.437224	0.950198	0.801760	
1	-0.488281	-0.437224	0.950198	0.801760	
1	-0.518407	-0.390625	0.979003	0.760794	
1	-0.518407	-0.390625	0.979003	0.760794	
1	-0.537109	-0.353389	0.998223	0.727667	
1	-0.537109	-0.353389	0.998223	0.727667	
1	-0.543155	-0.341797	1.003837	0.716811	
1	-0.543155	-0.341797	1.003837	0.716811	
1	-0.565400	-0.292969	1.024655	0.670043	
1	-0.565400	-0.292969	1.024655	0.670043	
1	-0.581975	-0.244141	1.041192	0.621563	
1	-0.581975	-0.244141	1.041192	0.621563	
1	-0.585938	-0.229904	1.045275	0.606994	
1	-0.585938	-0.229904	1.045275	0.606994	
1	-0.596865	-0.195312	1.053957	0.570068	
1	-0.596865	-0.195312	1.053957	0.570068	
1	-0.608641	-0.146484	1.062731	0.515959	
1	-0.608641	-0.146484	1.062731	0.515959	
1	-0.616851	-0.097656	1.067400	0.459118	
1	-0.616851	-0.097656	1.067400	0.459118	
1	-0.622028	-0.048828	1.067761	0.399246	
1	-0.622028	-0.048828	1.067761	0.399246	
1	-0.624496	0.000000	1.063494	0.336161	
1	-0.624496	0.000000	1.063494	0.336161	
1	-0.624399	0.048828	1.054195	0.269756	
1	-0.624399	0.048828	1.054195	0.269756	
1	-0.621703	0.097656	1.039386	0.199938	
1	-0.621703	0.097656	1.039386	0.199938	
1	-0.616184	0.146484	1.018483	0.126559	
1	-0.616184	0.146484	1.018483	0.126559	
1	-0.607397	0.195312	0.990718	0.049310	
1	-0.607397	0.195312	0.990718	0.049310	
1	-0.594625	0.244141	0.954981	-0.032407	
1	-0.594625	0.244141	0.954981	-0.032407	
1	-0.585938	0.268814	0.933216	-0.076021	
1	-0.585938	0.268814	0.933216	-0.076021	
1	-0.579061	0.292969	0.910614	-0.117750	
1	-0.579061	0.292969	0.910614	-0.117750	
1	-0.560499	0.341797	0.856724	-0.206360	
1	-0.560499	0.341797	0.856724	-0.206360	
1	-0.537109	0.387064	0.794919	-0.294370	
1	-0.537109	0.387064	0.794919	-0.294370	
1	-0.535459	0.390625	0.789864	-0.301064	
1	-0.535459	0.390625	0.789864	-0.301064	
1	-0.507677	0.439453	0.711402	-0.397176	
1	-0.507677	0.439453	0.711402	-0.397176	
1	-0.488281	0.466400	0.660018	-0.453444	
1	-0.488281	0.466400	0.660018	-0.453444	
1	-0.472326	0.488281	0.615880	-0.498299	
1	-0.472326	0.488281	0.615880	-0.498299	
1	-0.439453	0.526124	0.528655	-0.578900	
1	-0.439453	0.526124	0.528655	-0.578900	
1	-0.428855	0.537109	0.500888	-0.602570	
1	-0.428855	0.537109	0.500888	-0.602570	
1	-0.390625	0.573323	0.401676	-0.680273	
1	-0.390625	0.573323	0.401676	-0.680273	
1	-0.374449	0.585938	0.361763	-0.708753	
1	-0.374449	0.585938	0.361763	-0.708753	
1	-0.341797	0.611381	0.280155	-0.762452	
1	-0.341797	0.611381	0.280155	-0.762452	
1	-0.302474	0.634766	0.188703	-0.815880	
1	-0.302474	0.634766	0.188703	-0.815880	
1	-0.292969	0.640915	0.166136	-0.828019	
1	-0.292969	0.640915	0.166136	-0.828019	
1	-0.244141	0.665833	0.057416	-0.880926	
1	-0.244141	0.665833	0.057416	-0.880926	
1	-0.195312	0.683125	-0.042754	-0.921678	
1	-0.195312	0.683125	-0.042754	-0.921678	
1	-0.193419	0.683594	-0.046444	-0.923034	
1	-0.193419	0.683594	-0.046444	-0.923034	
1	-0.146484	0.698372	-0.138057	-0.953357	
1	-0.146484	0.698372	-0.138057	-0.953357	
1	-0.097656	0.708185	-0.226188	-0.976357	
1	-0.097656	0.708185	-0.226188	-0.976357	
1	-0.048828	0.713398	-0.308080	-0.992053	
1	-0.048828	0.713398	-0.308080	-0.992053	
1	0.000000	0.714511	-0.384367	-1.001414	
1	0.000000	0.714511	-0.384367	-1.001414	
1	0.048828	0.711616	-0.455519	-1.005165	
1	0.048828	0.711616	-0.455519	-1.005165	
1	0.097656	0.704423	-0.522020	-1.003857	
1	0.097656	0.704423	-0.522020	-1.003857	
1	0.146484	0.692230	-0.584497	-0.997856	
1	0.146484	0.692230	-0.584497	-0.997856	
1	0.171348	0.683594	-0.615065	-0.993033	
1	0.171348	0.683594	-0.615065	-0.993033	
1	0.195312	0.676053	-0.643301	-0.987362	
1	0.195312	0.676053	-0.643301	-0.987362	
1	0.244141	0.655443	-0.698809	-0.972424	
1	0.244141	0.655443	-0.698809	-0.972424	
1	0.280448	0.634766	-0.738943	-0.958058	
1	0.280448	0.634766	-0.738943	-0.958058	
1	0.292969	0.627818	-0.752166	-0.952578	
1	0.292969	0.627818	-0.752166	-0.952578	
1	0.341797	0.594392	-0.803266	-0.927403	
1	0.341797	0.594392	-0.803266	-0.927403	
1	0.352286	0.585938	-0.814159	-0.921116	
1	0.352286	0.585938	-0.814159	-0.921116	
1	0.390625	0.553469	-0.852754	-0.895755	
1	0.390625	0.553469	-0.852754	-0.895755	
1	0.407294	0.537109	-0.869529	-0.883027	
1	0.407294	0.537109	-0.869529	-0.883027	
1	0.439453	0.502196	-0.901563	-0.855256	
1	0.439453	0.502196	-0.901563	-0.855256	
1	0.451204	0.488281	-0.913136	-0.843923	
1	0.451204	0.488281	-0.913136	-0.843923	
1	0.486827	0.439453	-0.948729	-0.803631	
1	0.486827	0.439453	-0.948729	-0.803631	
1	0.488281	0.437224	-0.950198	-0.801760	
1	0.488281	0.437224	-0.950198	-0.801760	
1	0.518407	0.390625	-0.979003	-0.760794	
1	0.518407	0.390625	-0.979003	-0.760794	
1	0.537109	0.353389	-0.998223	-0.727667	
1	0.537109	0.353389	-0.998223	-0.727667	
1	0.543155	0.341797	-1.003837	-0.716811	
1	0.543155	0.341797	-1.003837	-0.716811	
1	0.565400	0.292969	-1.024655	-0.670043	
1	0.565400	0.292969	-1.024655	-0.670043	
1	0.581975	0.244141	-1.041192	-0.621563	
1	0.581975	0.244141	-1.041192	-0.621563	
1	0.585938	0.229904	-1.045275	-0.606994	
1	0.585938	0.229904	-1.045275	-0.606994	
1	0.596865	0.195312	-1.053957	-0.570068	
1	0.596865	0.195312	-1.053957	-0.570068	
1	0.608641	0.146484	-1.062731	-0.515959	
1	0.608641	0.146484	-1.062731	-0.515959	
1	0.616851	0.097656	-1.067400	-0.459118	
1	0.616851	0.097656	-1.067400	-0.459118	
1	0.622028	0.048828	-1.067761	-0.399246	
1	0.622028	0.048828	-1.067761	-0.399246	
1	0.624496	0.000000	-1.063494	-0.336161	
1	0.624496	0.000000	-1.063494	-0.336161	
1	0.624399	-0.048828	-1.054195	-0.269756	
1	0.624399	-0.048828	-1.054195	-0.269756	
1	0.621703	-0.097656	-1.039386	-0.199938	
1	0.621703	-0.097656	-1.039386	-0.199938	
1	0.616184	-0.146484	-1.018483	-0.126559	
1	0.616184	-0.146484	-1.018483	-0.126559	
1	0.607397	-0.195312	-0.990718	-0.049310	
1	0.607397	-0.195312	-0.990718	-0.049310	
1	0.594625	-0.244141	-0.954981	0.032407	
1	0.594625	-0.244141	-0.954981	0.032407	
1	0.585938	-0.268814	-0.933216	0.076021	
1	0.585938	-0.268814	-0.933216	0.076021	
1	0.579061	-0.292969	-0.910614	0.117750	
1	0.579061	-0.292969	-0.910614	0.117750	
1	0.560499	-0.341797	-0.856724	0.206360	
1	0.560499	-0.341797	-0.856724	0.206360	
1	0.537109	-0.387064	-0.794919	0.294370	
1	0.537109	-0.387064	-0.794919	0.294370	
1	0.535459	-0.390625	-0.789864	0.301064	
1	0.535459	-0.390625	-0.789864	0.301064	
1	0.507677	-0.439453	-0.711402	0.397176	
1	0.507677	-0.439453	-0.711402	0.397176	
1	0.488281	-0.466400	-0.660018	0.453444	
1	0.488281	-0.466400	-0.660018	0.453444	
1	0.472326	-0.488281	-0.615880	0.498299	
1	0.472326	-0.488281	-0.615880	0.498299	
1	0.439453	-0.526124	-0.528655	0.578900	
1	0.439453	-0.526124	-0.528655	0.578900	
1	0.428855	-0.537109	-0.500888	0.602570	
1	0.428855	-0.537109	-0.500888	0.602570	
1	0.390625	-0.573323	-0.401676	0.680273	
1	0.390625	-0.573323	-0.401676	0.680273	
1	0.374449	-0.585938	-0.361763	0.708753	
1	0.374449	-0.585938	-0.361763	0.708753	
1	0.341797	-0.611381	-0.280155	0.762452	
1	0.341797	-0.611381	-0.280155	0.762452	
1	0.302474	-0.634766	-0.188703	0.815880	
1	0.302474	-0.634766	-0.188703	0.815880	
1	0.292969	-0.640915	-0.166136	0.828019	
1	0.292969	-0.640915	-0.166136	0.828019	
1	0.244141	-0.665833	-0.057416	0.880926	
1	0.244141	-0.665833	-0.057416	0.880926	
1	0.195312	-0.683125	0.042754	0.921678	
1	0.195312	-0.683125	0.042754	0.921678	
1	0.193419	-0.683594	0.046444	0.923034	
1	0.193419	-0.683594	0.046444	0.923034	
1	0.146484	-0.698372	0.138057	0.953357	
1	0.146484	-0.698372	0.138057	0.953357	
1	0.097656	-0.708185	0.226188	0.976357	
1	0.097656	-0.708185	0.226188	0.976357	
1	0.048828	-0.713398	0.308080	0.992053	
1	0.048828	-0.713398	0.308080	0.992053	
1	0.000000	-0.714511	0.384367	1.001414	
1	0.000000	-0.714511	0.384367	1.001414	
1	-0.048828	-0.711616	0.455519	1.005165	
1	-0.048828	-0.711616	0.455519	1.005165	
1	-0.097656	-0.704423	0.522020	1.003857	
1	-0.097656	-0.704423	0.522020	1.003857	
1	-0.146484	-0.692230	0.584497	0.997856	
1	-0.146484	-0.692230	0.584497	0.997856	
1	-0.171348	-0.683594	0.615065	0.993033	
1	-0.171348	-0.683594	0.615065	0.993033	
1	-0.195312	-0.676053	0.643301	0.987362	
1	-0.195312	-0.676053	0.643301	0.987362	
1	-0.244141	-0.655443	0.698809	0.972424	
1	-0.244141	-0.655443	0.698809	0.972424	
1	-0.280448	-0.634766	0.738943	0.958058	
1	-0.280448	-0.634766	0.738943	0.958058	
1	-0.292969	-0.627818	0.752166	0.952578	
1	-0.292969	-0.627818	0.752166	0.952578	
1	-0.341797	-0.594392	0.803266	0.927403	
1	-0.341797	-0.594392	0.803266	0.927403	
1	-0.352286	-0.585938	0.814159	0.921116	
1	-0.352286	-0.585938	0.814159	0.921116	
