1 -3628.781130 0.528281 8.839249 8.919693 172.451892 0.000000
1 -3631.582121 0.343046 -17.932708 1.146690 123.827871 0.000000
1 -3629.535283 0.593701 -27.580729 4.528003 189.916845 0.000000
1 -3628.538233 0.753594 -30.484501 7.498317 31.326366 0.000000
1 -3629.520482 0.036839 -17.802907 1.173864 108.903338 0.000000
1 -3628.603660 0.006776 2.498884 1.070456 48.363476 0.000000
1 -3634.898288 0.246734 -85.523996 1.811045 171.642757 0.000000
1 -3628.623092 0.016170 -28.146650 4.418993 94.527928 0.000000
1 -3628.587692 0.092806 -87.766435 12.215634 127.907516 0.000000
1 -3628.562491 0.549591 70.385071 8.487883 85.496582 0.000000
1 -3628.537954 0.503739 -57.789810 1.186588 18.630241 -96.667678
1 -3628.557484 0.148315 43.380238 10.602471 79.600106 -96.667678
1 -7.764259 0.324030 9.593227 0.966418 160.278564 -96.667678
1 -3628.535537 0.271164 -34.588773 11.318075 26.518342 -96.667678
1 -10.966444 0.788169 -29.655380 0.100631 140.733795 -96.667678
1 -3628.623305 0.222741 -76.799130 11.224329 157.318413 -96.667678
1 -3628.539875 0.618935 -59.045950 8.341482 43.642459 -96.667678
1 -3628.592508 0.792371 -7.141977 10.633444 104.598627 -96.667678
1 -3628.573846 0.457303 -28.891419 10.367190 97.919567 -96.667678
1 -3628.773868 0.582477 -17.597020 6.106436 148.822269 -96.667678
1 -3628.563973 0.361434 -13.048298 5.441618 62.311863 -96.756058
1 -3628.541178 0.429682 10.352165 6.340149 33.602669 -96.756058
1 -5.438876 0.197620 70.008278 0.522599 145.111022 -96.756058
1 -5.212616 0.412981 61.356136 1.428096 185.383107 -96.756058
1 -11.223033 0.795629 -29.269335 0.569552 130.572459 -96.756058
1 -19.564024 0.356827 -60.427118 0.465676 170.423882 -96.756058
1 -43.040947 0.328194 -12.362084 0.711967 183.772883 -96.756058
1 -3628.713456 0.780549 74.636196 6.637024 173.289890 -96.756058
1 -3628.536343 0.737540 22.712937 2.532559 13.006968 -96.756058
1 -3628.542708 0.411671 -0.137510 13.468622 52.820940 -96.756058
1 -4.045453 0.629472 81.621672 0.991390 189.123141 -96.791286
1 -3628.685029 0.762381 42.314388 5.835988 117.530452 -96.791286
1 -10.110651 0.316621 -1.335214 0.631860 154.949730 -96.791286
1 -12.243839 0.442616 41.936706 0.425274 161.415056 -96.791286
1 -13.898976 0.730425 -5.026985 0.892072 119.946734 -96.791286
1 -8.132720 0.272840 -53.399298 0.026866 121.572227 -96.791286
1 -81.576267 0.231345 -23.694938 0.591883 194.219493 -96.791286
1 -3628.629468 0.527497 -59.981650 1.254477 73.293942 -96.791286
1 -3628.587605 0.100820 9.393907 11.468431 118.327348 -96.791286
1 -3628.533556 0.316268 77.549204 12.938662 12.565117 -96.791286
1 -7.014282 0.644086 20.596743 1.239506 167.838713 -96.822632
1 -3628.678886 0.793659 -51.604651 9.517546 184.545661 -96.822632
1 -28.781035 0.341821 15.009272 1.077955 182.532089 -96.822632
1 -13.247011 0.622923 -36.847515 0.690662 129.758491 -96.822632
1 -11.858400 0.700987 -8.368568 0.663140 115.991780 -96.822632
1 -8.460059 0.208319 -37.875745 0.030657 132.579329 -96.822632
1 -15.460834 0.312665 -8.675713 1.915197 193.390862 -96.822632
1 -3628.614642 0.632394 -61.925945 2.023692 79.933773 -96.822632
1 -3633.212750 0.764728 12.428826 3.270606 176.108624 -96.822632
1 -3628.630043 0.589826 -76.848362 11.654974 187.685768 -96.822632
1 -22.005222 0.604831 25.469605 0.537027 171.329159 -96.851481
1 -3628.572369 0.711174 -76.124192 11.796484 135.974239 -96.851481
1 -15.871505 0.349121 0.711803 1.740093 188.416672 -96.851481
1 -17.824583 0.514989 -52.487322 0.434507 117.950697 -96.851481
1 -32.073166 0.041108 -20.685934 0.273502 171.063264 -96.851481
1 -10.121998 0.216366 -49.741455 0.558947 155.163566 -96.851481
1 -8.569042 0.249084 -12.838638 2.193416 196.990198 -96.851481
1 -3628.808019 0.253740 -62.787823 5.673205 168.604133 -96.851481
1 -3628.542743 0.264359 -51.204606 10.016488 51.518191 -96.851481
1 -3628.539660 0.234777 75.217115 2.146443 19.976850 -96.851481
1 -13.945926 0.491884 30.844193 1.765198 190.395827 -96.871868
1 -3628.563749 0.043727 -3.116972 6.242463 68.602281 -96.871868
1 -8.215270 0.410625 23.906626 2.375320 198.919377 -96.871868
1 -18.922209 0.488767 -48.534943 0.366145 108.140277 -96.871868
1 -7.359726 0.790595 2.339854 1.822856 162.844818 -96.871868
1 -24.536274 0.404041 -70.157947 0.267284 174.134393 -96.871868
1 -5.200444 0.508420 33.131429 1.961738 187.295662 -96.871868
1 -3628.540751 0.246972 16.610360 8.164024 38.285632 -96.871868
1 -3628.599094 0.675047 -19.702602 6.161368 92.073098 -96.871868
1 -11.431798 0.736650 -34.675581 0.765528 150.714888 -96.871868
1 -9.935817 0.719634 15.912988 0.563685 158.508395 -96.891547
1 -3632.584669 0.478112 -21.713067 3.341443 194.049438 -96.891547
1 -90.603612 0.382369 25.060944 0.595161 192.389156 -96.891547
1 -10.261655 0.261728 -51.770725 0.451340 129.070063 -96.891547
1 -17.714310 0.249833 70.235404 0.538887 172.202706 -96.891547
1 -8.336431 0.348232 -26.603768 1.483367 170.903389 -96.891547
1 -5.483794 0.532950 15.048974 2.300387 189.216323 -96.891547
1 -3628.537194 0.316639 26.334053 11.925040 33.615392 -96.891547
1 -3629.104085 0.124244 67.382276 3.971917 166.528080 -96.891547
1 -8.919982 0.667027 -16.005185 0.989391 157.786942 -96.891547
1 -18.200744 0.648624 17.359208 0.811924 172.350435 -96.898067
1 -4.330111 0.523333 49.695997 1.225838 164.814528 -96.898067
1 -10.270654 0.224576 47.647090 1.321217 181.313265 -96.898067
1 -10.226330 0.389809 -41.080319 1.483247 180.419155 -96.898067
1 -25.509487 0.106535 76.050609 0.952111 184.627063 -96.898067
1 -7.152791 0.039407 -68.000324 1.088600 167.844838 -96.898067
1 -12.875755 0.685790 13.338685 1.714060 184.795294 -96.898067
1 -3628.911269 0.154319 -51.264272 5.604880 178.523207 -96.898067
1 -11.656016 0.276645 -80.163156 1.033566 181.095218 -96.898067
1 -5.591146 0.473061 16.174743 0.475877 129.091118 -96.898067
1 -7.222227 0.527878 47.875564 0.023553 109.160368 -96.904759
1 -6.118847 0.448704 25.707541 0.926084 141.928929 -96.904759
1 -9.209874 0.068606 57.978160 0.709603 161.548646 -96.904759
1 -15.026131 0.413696 -65.397402 0.030594 151.544560 -96.904759
1 -5.511020 0.406015 57.007608 0.248225 126.118208 -96.904759
1 -6.700190 0.738066 -2.266380 1.507358 165.053533 -96.904759
1 -8.804270 0.797093 6.873519 0.585728 157.116363 -96.904759
1 -3628.773734 0.427687 -15.612771 8.572404 175.897635 -96.904759
1 -6.141020 0.390372 86.650609 0.507471 157.140910 -96.904759
1 -18.464865 0.361955 -71.867233 0.106587 160.551882 -96.904759
1 -6.877894 0.518624 68.876168 0.087616 152.526039 -96.904915
1 -4.813834 0.546449 42.432759 0.725873 140.917501 -96.904915
1 -10.608946 0.441447 -42.940798 0.390906 145.049400 -96.904915
1 -11.875378 0.466903 -77.321885 0.135017 153.820880 -96.904915
1 -4.425582 0.521648 35.558006 0.132341 126.106840 -96.904915
1 -10.556691 0.260899 -70.632788 0.111176 146.062083 -96.904915
1 -11.375549 0.768734 -33.781745 0.683052 143.179869 -96.904915
1 -6.242648 0.088153 74.918514 0.927963 155.653810 -96.904915
1 -10.234852 0.358015 0.795046 1.530469 178.228473 -96.904915
1 -5.481612 0.557595 35.071223 0.667198 134.457474 -96.904915
1 -4.557739 0.661401 26.896795 0.277874 135.435793 -96.905125
1 -5.362026 0.236378 41.768374 0.565260 137.613419 -96.905125
1 -12.777878 0.587982 -50.668045 0.366058 132.169867 -96.905125
1 -15.239685 0.442342 -50.194722 0.444728 160.025647 -96.905125
1 -12.296615 0.495477 -45.108312 0.135683 143.149640 -96.905125
1 -14.341684 0.699672 -41.828840 0.628215 130.607533 -96.905125
1 -7.668228 0.101964 -7.072010 0.119447 135.667821 -96.905125
1 -7.219925 0.128741 -60.528226 0.387577 140.387517 -96.905125
1 -6.881086 0.523320 -6.736205 0.840879 143.024910 -96.905125
1 -8.934917 0.456482 -31.896734 0.205070 121.444212 -96.905125
1 -38.265727 0.188950 67.682845 0.272813 178.051735 -96.905515
1 -14.168157 0.620028 -2.949426 0.791728 164.740479 -96.905515
1 -11.923407 0.555631 -49.395455 0.271457 126.712151 -96.905515
1 -28.201267 0.400651 -30.755507 0.073629 169.325454 -96.905515
1 -8.815518 0.136267 -25.172703 0.047068 136.330097 -96.905515
1 -19.195869 0.601876 0.089655 2.001330 193.922322 -96.905515
1 -10.357985 0.036885 81.860381 0.379158 121.380362 -96.905515
1 -6.829061 0.150647 -80.666728 1.022075 163.443884 -96.905515
1 -34.213593 0.081715 2.159291 0.462444 175.451528 -96.905515
1 -7.886141 0.212915 -28.152437 0.154392 133.394315 -96.905515
1 -23.978250 0.270594 77.348305 0.352602 173.879764 -96.905931
1 -12.493722 0.696516 -5.799903 1.286899 174.141842 -96.905931
1 -8.254083 0.238327 -57.169766 0.252992 128.698509 -96.905931
1 -41.377830 0.416623 4.546551 0.250527 173.165004 -96.905931
1 -9.389956 0.011168 68.675796 0.189272 113.147715 -96.905931
1 -7.233779 0.146528 -38.894248 0.333831 133.204551 -96.905931
1 -6.521759 0.703266 6.189475 0.912322 138.261826 -96.905931
1 -46.828770 0.133092 -86.941948 0.365122 183.657957 -96.905931
1 -7.110122 0.040938 45.834658 0.677098 139.784062 -96.905931
1 -7.831820 0.223161 -16.531426 1.308597 161.669078 -96.905931
1 -5.845822 0.139783 52.656141 0.175918 134.206122 -96.906278
1 -4.772755 0.650644 31.151725 0.050675 133.288560 -96.906278
1 -13.463961 0.211545 -55.917628 0.083279 104.837240 -96.906278
1 -7.702166 0.374889 40.569390 1.694143 186.968028 -96.906278
1 -6.845790 0.076929 80.205365 0.131453 120.883732 -96.906278
1 -6.479290 0.676908 49.328117 0.524651 132.286332 -96.906278
1 -25.666790 0.165584 7.772826 0.818888 176.954538 -96.906278
1 -20.691999 0.568174 42.600832 1.653284 197.144144 -96.906278
1 -38.512616 0.695004 33.929090 0.084821 179.391706 -96.906278
1 -7.460612 0.362082 -11.825457 1.016651 148.102248 -96.906278
1 -6.100279 0.301377 85.721253 0.445236 149.924399 -96.906487
1 -5.425677 0.664485 37.919256 0.479863 128.297289 -96.906487
1 -3.743820 0.714588 42.947870 0.011086 126.876672 -96.906487
1 -9.872249 0.440846 4.842888 1.277182 170.578327 -96.906487
1 -8.045662 0.036181 -64.506360 0.442950 148.894888 -96.906487
1 -6.444713 0.646532 53.808544 0.087651 152.159661 -96.906487
1 -13.346787 0.342717 -24.946543 0.941238 168.406604 -96.906487
1 -6.056984 0.569623 6.173774 2.119166 182.811646 -96.906487
1 -3.952347 0.579961 58.749770 0.458330 154.052918 -96.906487
1 -19.541879 0.670067 -37.204546 1.218450 186.681329 -96.906487
1 -8.614550 0.023141 55.263836 0.235436 144.746052 -96.906715
1 -4.741153 0.461835 29.073072 0.305482 130.143587 -96.906715
1 -6.754448 0.085268 -35.068907 0.028883 122.968032 -96.906715
1 -9.731740 0.624471 13.929536 1.511687 176.594642 -96.906715
1 -8.925501 0.091909 -53.394535 0.161460 114.935764 -96.906715
1 -4.025111 0.509836 70.317380 1.226865 184.286100 -96.906715
1 -6.797622 0.205101 -86.834704 1.086299 172.563520 -96.906715
1 -9.349568 0.151497 0.982164 0.357880 147.688947 -96.906715
1 -10.201561 0.539197 -15.161281 0.392611 146.616886 -96.906715
1 -6.427501 0.142265 20.830215 0.780549 153.908282 -96.906715
1 -15.984013 0.148549 -37.700562 0.139912 153.248835 -96.907288
1 -71.552472 0.267890 -5.257466 0.661760 190.585931 -96.907288
1 -6.576772 0.023850 56.156925 0.524277 146.453870 -96.907288
1 -27.429845 0.387907 -36.421567 1.299456 192.374916 -96.907288
1 -8.823017 0.198999 12.660812 0.077066 105.158695 -96.907288
1 -24.474885 0.128515 -32.527804 1.240375 187.740739 -96.907288
1 -7.190326 0.106508 -19.341481 0.741830 152.407886 -96.907288
1 -11.988746 0.268086 -19.958444 0.344278 110.033170 -96.907288
1 -11.111863 0.634819 -26.919589 0.628530 126.302446 -96.907288
1 -10.755430 0.053113 20.870620 0.101120 145.305714 -96.907288
1 -6.574227 0.035456 -19.801729 0.253524 127.566032 -96.907826
1 -55.987742 0.255678 -14.641815 0.742874 188.985994 -96.907826
1 -10.004258 0.048323 32.965836 0.274820 114.658698 -96.907826
1 -10.730134 0.239389 -44.902399 0.558362 155.670325 -96.907826
1 -8.326682 0.762970 3.006784 0.845202 129.917020 -96.907826
1 -8.528751 0.323719 -16.848170 1.568337 177.610782 -96.907826
1 -8.702405 0.199228 -77.696880 0.595208 158.393014 -96.907826
1 -8.356914 0.150411 -30.876962 0.456742 127.840813 -96.907826
1 -18.382651 0.732464 -59.540248 0.379650 142.995383 -96.907826
1 -8.511630 0.320502 -35.047168 0.248830 123.369343 -96.907826
1 -15.345466 0.794340 -32.101859 0.446303 109.710319 -96.908436
1 -30.563320 0.390031 -13.541602 0.555178 173.308751 -96.908436
1 -7.686511 0.008005 22.163538 0.354445 124.646146 -96.908436
1 -3.887906 0.522823 50.382886 0.377326 142.675825 -96.908436
1 -9.799260 0.622977 5.677460 0.821199 159.594156 -96.908436
1 -20.967537 0.330290 -38.618208 0.162954 162.796722 -96.908436
1 -20.361005 0.693884 71.353184 0.338490 195.441379 -96.908436
1 -32.487593 0.222343 -0.139333 0.459362 172.893853 -96.908436
1 -11.662400 0.514215 -26.813184 0.456531 116.239827 -96.908436
1 -10.627349 0.572882 -18.337909 0.618409 122.071216 -96.908436
1 -10.360529 0.736417 21.968044 0.027835 95.500973 -96.909358
1 -27.804463 0.183436 -83.115676 0.179838 170.205318 -96.909358
1 -8.048110 0.679242 15.101346 0.449264 150.522051 -96.909358
1 -13.640370 0.606853 47.236188 1.266651 187.758993 -96.909358
1 -14.438454 0.570359 -44.705919 0.168745 105.526391 -96.909358
1 -10.281794 0.445955 -44.511133 0.369092 129.570327 -96.909358
1 -14.757543 0.706643 74.540663 0.358907 191.865775 -96.909358
1 -58.381023 0.401971 35.305126 0.158989 181.927232 -96.909358
1 -6.248611 0.031518 35.246316 1.208312 168.538400 -96.909358
1 -21.626677 0.311562 -40.101648 0.340711 167.524342 -96.909358
1 -9.156324 0.602359 58.002191 1.565483 197.467725 -96.910631
1 -16.496482 0.290825 -16.172831 1.249163 179.372538 -96.910631
1 -30.133022 0.213073 -69.295671 1.074392 192.044528 -96.910631
1 -6.778182 0.086198 -25.704866 1.124841 161.762026 -96.910631
1 -14.414886 0.606434 -56.703171 0.481903 144.457902 -96.910631
1 -7.908498 0.287451 -80.278660 0.107034 125.738321 -96.910631
1 -3.125447 0.697803 63.525754 0.144227 145.640922 -96.910631
1 -4.847820 0.541545 36.073647 1.732705 181.865550 -96.910631
1 -9.942186 0.707959 16.265350 0.994188 167.480223 -96.910631
1 -8.473994 0.666982 -11.495248 2.332290 191.348615 -96.910631
1 -13.212850 0.558986 -39.712965 0.993256 147.154159 -96.911900
1 -12.481165 0.285342 36.932627 0.859086 169.679110 -96.911900
1 -8.110979 0.207889 -40.392887 0.461883 143.569728 -96.911900
1 -9.467609 0.623808 -23.750898 1.381184 168.431320 -96.911900
1 -9.179556 0.404779 -36.160913 0.382435 128.802143 -96.911900
1 -9.335674 0.371878 -37.796572 0.635754 139.063549 -96.911900
1 -3.930746 0.592591 54.823981 0.067675 138.023608 -96.911900
1 -11.256956 0.399198 45.154044 1.179759 179.215617 -96.911900
1 -15.789091 0.341124 16.280322 1.313879 179.677702 -96.911900
1 -10.733214 0.667422 -30.004785 0.006511 135.863292 -96.911900
1 -10.795943 0.413441 -64.011124 0.370982 149.672745 -96.913109
1 -9.075321 0.291386 -3.489124 1.757304 183.940648 -96.913109
1 -9.743047 0.262858 -54.115224 1.552973 188.261078 -96.913109
1 -4.338198 0.762772 26.780007 1.393029 168.201507 -96.913109
1 -8.596873 0.569238 12.662544 0.160040 104.601816 -96.913109
1 -7.839197 0.189480 -64.834398 1.237904 172.123767 -96.913109
1 -12.555142 0.115771 83.486490 0.070656 150.050813 -96.913109
1 -6.943756 0.259572 -85.457531 1.139658 173.222092 -96.913109
1 -14.762146 0.350936 18.728287 0.308182 156.109835 -96.913109
1 -14.045386 0.137430 78.519451 0.061316 152.681573 -96.913109
1 -7.437080 0.227078 -29.389691 0.138522 127.654877 -96.915017
1 -15.658102 0.378591 -17.601542 2.038058 196.960512 -96.915017
1 -3.019074 0.761632 53.960516 1.753198 196.394244 -96.915017
1 -6.024228 0.627886 12.093095 2.211429 185.962475 -96.915017
1 -6.159761 0.498659 44.193826 0.356312 123.269868 -96.915017
1 -12.253965 0.249234 88.597637 1.349085 191.362717 -96.915017
1 -7.466487 0.169749 -64.953842 0.887425 158.859860 -96.915017
1 -80.888985 0.027700 5.038756 0.181469 189.010685 -96.915017
1 -6.828435 0.222244 31.098695 0.471385 126.916530 -96.915017
1 -10.397110 0.166366 0.550551 1.317598 176.309565 -96.915017
1 -11.531257 0.439371 -38.550233 0.711261 135.376411 -96.916142
1 -13.823026 0.384425 -24.489821 2.035672 197.374335 -96.916142
1 -10.546220 0.057738 74.927685 0.621234 161.369570 -96.916142
1 -9.312207 0.355866 25.552882 0.068112 101.559536 -96.916142
1 -7.969054 0.393904 56.047474 1.224414 180.626170 -96.916142
1 -6.190613 0.281677 43.279512 1.574402 182.518951 -96.916142
1 -12.912582 0.143194 -60.864989 0.918396 173.126432 -96.916142
1 -3.925534 0.570112 41.949824 0.334592 137.467818 -96.916142
1 -4.488451 0.689674 56.170329 0.324895 133.045155 -96.916142
1 -11.050396 0.044110 16.422240 0.512306 157.279738 -96.916142
1 -15.565322 0.722127 -12.487179 0.278949 92.471697 -96.918045
1 -39.088378 0.529505 40.145891 1.525003 199.874085 -96.918045
1 -6.176074 0.145916 54.838179 0.577819 138.068927 -96.918045
1 -7.041179 0.075988 30.486559 0.944327 149.856598 -96.918045
1 -4.427628 0.358962 59.934527 0.985697 165.768491 -96.918045
1 -18.523176 0.229075 16.694597 0.071326 154.839290 -96.918045
1 -30.939795 0.604541 12.463031 1.064081 183.746248 -96.918045
1 -10.788528 0.657206 -38.101544 0.265888 129.454576 -96.918045
1 -10.985648 0.325597 24.660947 0.316136 151.866638 -96.918045
1 -11.918082 0.647100 -38.861354 0.007437 105.801047 -96.918045
1 -15.090172 0.788927 -11.340537 0.196889 90.798230 -96.919261
1 -9.961521 0.471579 27.362837 1.541766 181.017118 -96.919261
1 -7.465497 0.523190 25.849460 0.084132 106.120508 -96.919261
1 -6.219275 0.046233 73.441712 0.788699 154.223332 -96.919261
1 -5.142700 0.509567 64.719783 0.680381 165.801239 -96.919261
1 -5.281650 0.731372 29.212105 0.587634 131.564414 -96.919261
1 -11.733970 0.525267 -16.652060 0.846556 161.643232 -96.919261
1 -7.040006 0.779724 4.314587 0.114130 113.713406 -96.919261
1 -23.419348 0.329541 32.938616 0.531794 171.158041 -96.919261
1 -7.877902 0.442551 -20.985848 0.448576 132.520554 -96.919261
1 -18.545761 0.315691 20.216595 0.983543 175.165620 -96.920616
1 -6.885673 0.584916 -5.888335 0.830003 145.775272 -96.920616
1 -14.117227 0.600610 -1.091885 0.392655 99.788880 -96.920616
1 -7.645646 0.006927 -83.570047 0.684994 139.647946 -96.920616
1 -19.920778 0.364783 75.279892 1.268506 196.731650 -96.920616
1 -4.367803 0.750640 29.077029 1.492155 172.284899 -96.920616
1 -6.962834 0.746881 -2.882925 2.226599 184.070497 -96.920616
1 -8.440134 0.181157 36.516066 0.213322 113.224995 -96.920616
1 -15.038188 0.369781 -36.961099 0.498060 116.105215 -96.920616
1 -8.669765 0.373677 -20.999499 0.038690 108.188788 -96.920616
1 -11.539812 0.365275 -18.413220 1.906830 190.839886 -96.922476
1 -46.329176 0.013297 10.670726 0.625007 184.856654 -96.922476
1 -10.793402 0.780240 -8.203558 0.394566 110.138357 -96.922476
1 -6.419596 0.021458 84.464008 0.501838 138.010807 -96.922476
1 -4.649644 0.335269 59.925176 0.796844 159.001678 -96.922476
1 -22.943528 0.416562 -23.569765 1.316381 186.149867 -96.922476
1 -10.671980 0.466847 -32.548200 1.069215 150.443091 -96.922476
1 -10.874858 0.253802 9.588018 0.084758 99.158734 -96.922476
1 -10.779993 0.293785 -31.153406 0.404814 118.408310 -96.922476
1 -16.779547 0.421092 -30.146900 0.409279 104.698475 -96.922476
1 -7.705577 0.121086 34.926545 1.854853 191.679018 -96.923601
1 -9.794505 0.019083 8.393502 0.193717 145.791744 -96.923601
1 -5.728962 0.405580 31.138872 0.370796 124.195386 -96.923601
1 -10.010203 0.457815 -33.628148 1.151293 166.163913 -96.923601
1 -5.760426 0.317470 52.127796 0.451594 149.559978 -96.923601
1 -13.048394 0.471497 -31.231385 0.236028 148.357193 -96.923601
1 -11.351211 0.192303 -22.491038 0.331507 149.886009 -96.923601
1 -10.829522 0.032222 25.573035 1.020241 171.811903 -96.923601
1 -12.362065 0.468284 -46.370766 0.048482 105.488915 -96.923601
1 -5.210934 0.372324 21.288070 0.794662 143.664373 -96.923601
1 -12.062523 0.147802 -6.808367 0.529829 157.298214 -96.925404
1 -16.557847 0.000678 -81.058403 0.749483 171.104991 -96.925404
1 -14.674595 0.209418 59.043173 0.162477 157.140738 -96.925404
1 -28.533798 0.734928 -76.697129 0.019527 180.812484 -96.925404
1 -5.312989 0.310758 35.899420 0.539733 145.679230 -96.925404
1 -14.590301 0.726019 21.600217 1.557378 186.241159 -96.925404
1 -14.373279 0.523127 -54.104604 1.636249 194.499607 -96.925404
1 -6.695858 0.001836 -15.805026 0.613586 139.933652 -96.925404
1 -24.476302 0.451229 55.552824 1.101005 191.125335 -96.925404
1 -9.874151 0.376679 1.061221 0.108985 140.851823 -96.925404
1 -20.632822 0.163580 31.536987 0.065975 158.177618 -96.927504
1 -9.679518 0.287178 -39.446864 1.386500 178.224452 -96.927504
1 -9.030452 0.282850 79.941399 0.609711 165.303694 -96.927504
1 -2.507215 0.729055 67.075708 0.744326 169.337624 -96.927504
1 -5.820309 0.252554 10.327805 1.144075 157.566954 -96.927504
1 -5.649977 0.625066 23.648287 2.214104 189.467392 -96.927504
1 -15.930188 0.456537 -12.370842 1.870511 191.374552 -96.927504
1 -10.925517 0.411671 -51.375880 1.061385 166.558537 -96.927504
1 -31.820006 0.368660 45.540839 0.995816 187.859119 -96.927504
1 -59.702190 0.219935 -10.978180 0.783546 190.266551 -96.927504
1 -9.966141 0.402102 -80.457180 0.492916 162.835488 -96.928606
1 -11.231198 0.009113 81.871595 0.517721 158.368079 -96.928606
1 -6.591405 0.269386 27.726949 1.183354 167.712886 -96.928606
1 -3.361538 0.665859 54.673909 0.785639 163.831057 -96.928606
1 -16.711294 0.498388 24.853449 0.977623 174.278438 -96.928606
1 -6.288498 0.039771 77.548494 0.244627 133.953836 -96.928606
1 -5.440138 0.276702 25.031828 0.284733 127.276643 -96.928606
1 -14.172316 0.653696 -59.924506 0.018755 119.346669 -96.928606
1 -10.778644 0.432036 56.823273 1.192018 183.980220 -96.928606
1 -5.372692 0.535351 82.627591 0.068582 143.755853 -96.928606
1 -8.066194 0.432944 -20.724054 1.024572 155.082621 -96.930378
1 -10.957229 0.775470 -0.250651 1.344352 141.022820 -96.930378
1 -13.184382 0.487578 -47.188058 0.557187 130.457281 -96.930378
1 -10.955721 0.520846 78.695222 0.701693 182.217437 -96.930378
1 -34.129238 0.314709 67.659560 0.097403 175.249866 -96.930378
1 -18.652972 0.664899 -58.244794 0.934618 168.923727 -96.930378
1 -3.092238 0.727719 49.686054 1.596976 181.234652 -96.930378
1 -29.821261 0.548447 12.968187 0.172951 167.035987 -96.930378
1 -7.969475 0.523279 78.857656 0.608532 174.982402 -96.930378
1 -7.856421 0.312064 -79.331012 0.086767 138.789045 -96.930378
1 -6.919071 0.013310 39.995220 0.458070 131.946424 -96.932350
1 -6.304048 0.793686 12.638405 1.282438 148.957009 -96.932350
1 -19.064554 0.609043 35.272596 0.086779 162.983539 -96.932350
1 -12.492137 0.425280 86.401523 0.548753 174.512060 -96.932350
1 -22.037327 0.491165 -80.203082 0.003982 163.087109 -96.932350
1 -8.285311 0.762723 -15.476768 1.258829 155.352787 -96.932350
1 -3.585156 0.647151 66.300973 1.189921 186.342435 -96.932350
1 -53.678236 0.107728 3.159299 0.669934 187.269873 -96.932350
1 -19.842785 0.580056 -33.807801 0.022988 155.075862 -96.932350
1 -8.931386 0.178232 -56.176997 0.664218 141.183232 -96.932350
1 -3.956158 0.797522 32.077598 0.151358 136.685827 -96.934445
1 -6.801081 0.698580 0.022946 1.089582 156.602804 -96.934445
1 -6.779047 0.787955 -2.756067 1.086540 155.692877 -96.934445
1 -10.002514 0.382147 -69.512074 0.745411 159.817250 -96.934445
1 -10.269188 0.684561 -29.548901 0.904174 147.521058 -96.934445
1 -29.965462 0.751816 31.181858 0.256353 179.163497 -96.934445
1 -5.092364 0.326434 40.444191 0.346602 139.647557 -96.934445
1 -80.285707 0.596256 9.486899 0.047874 186.778664 -96.934445
1 -6.842367 0.136465 50.303950 0.476557 149.322346 -96.934445
1 -11.183933 0.753454 -38.011509 0.114617 126.284141 -96.934445
1 -4.336645 0.670163 36.378310 0.141518 123.948888 -96.935815
1 -4.626693 0.709737 23.269102 0.147839 126.932901 -96.935815
1 -9.420108 0.104517 -45.443051 0.669937 158.159626 -96.935815
1 -31.280672 0.498705 -12.482106 0.526507 175.487580 -96.935815
1 -7.246952 0.126823 -48.198528 0.213611 126.729494 -96.935815
1 -14.426175 0.645202 -4.145556 1.003851 169.905369 -96.935815
1 -11.510794 0.477434 -54.889973 0.197314 123.324090 -96.935815
1 -8.085479 0.507874 45.108429 1.556850 186.458636 -96.935815
1 -12.761755 0.507468 -2.629138 1.763540 184.707813 -96.935815
1 -8.146666 0.651746 -11.497938 0.066566 132.281699 -96.935815
1 -15.780058 0.585128 53.523152 1.458446 196.486037 -96.937322
1 -8.627915 0.564937 -26.676521 0.115101 120.781945 -96.937322
1 -7.844062 0.080748 86.383161 0.422181 149.559869 -96.937322
1 -33.321516 0.626934 -23.856044 0.255689 179.804353 -96.937322
1 -7.049379 0.128458 -72.983628 0.635539 145.787409 -96.937322
1 -5.775198 0.170367 79.035942 1.228606 171.920258 -96.937322
1 -9.017877 0.677168 -2.770567 1.024085 135.381313 -96.937322
1 -11.230473 0.347270 28.965878 1.841708 190.472753 -96.937322
1 -15.182559 0.197374 61.205401 0.922986 177.474708 -96.937322
1 -9.185149 0.583855 -24.091112 0.365584 139.539722 -96.937322
1 -23.559564 0.113224 -34.947151 0.071918 161.456524 -96.940029
1 -10.170079 0.516038 -0.993304 1.222314 168.697047 -96.940029
1 -31.327862 0.064121 5.146259 0.879447 182.730128 -96.940029
1 -36.127608 0.559770 -23.245271 0.874479 185.356450 -96.940029
1 -32.348516 0.510361 -28.035063 0.678096 184.325023 -96.940029
1 -9.739078 0.025194 83.881344 0.711581 161.888867 -96.940029
1 -7.498132 0.157626 -24.593959 0.006904 113.002766 -96.940029
1 -32.080263 0.263221 30.122347 0.843100 181.721688 -96.940029
1 -25.334118 0.364590 22.321248 0.144743 163.227490 -96.940029
1 -12.933113 0.431542 62.327240 1.573226 197.919462 -96.940029
1 -47.842292 0.159246 -53.349278 0.844102 192.225538 -96.942844
1 -8.669530 0.310126 -48.500459 0.210534 127.129139 -96.942844
1 -48.580038 0.181542 68.436685 0.942080 194.202395 -96.942844
1 -32.520655 0.626172 -44.993164 0.503377 195.149770 -96.942844
1 -34.744587 0.484763 -22.174615 0.590983 180.725512 -96.942844
1 -6.565072 0.043174 89.682982 0.765209 148.114394 -96.942844
1 -23.559946 0.130525 -1.061831 0.161743 161.402607 -96.942844
1 -14.112382 0.426955 -48.490920 0.664349 134.076589 -96.942844
1 -8.373436 0.673760 -16.337248 0.900416 141.922081 -96.942844
1 -4.913807 0.356222 33.113091 1.140817 156.693707 -96.942844
1 -15.935748 0.587398 -6.658535 0.395999 97.113863 -96.944321
1 -16.170834 0.736406 -47.807394 1.049866 165.582381 -96.944321
1 -18.761514 0.231504 77.991767 0.144826 162.962544 -96.944321
1 -11.795248 0.488324 -86.100655 0.397332 169.387373 -96.944321
1 -9.254780 0.506807 19.486973 0.097415 100.720974 -96.944321
1 -9.198037 0.102907 -67.821288 1.068640 172.655044 -96.944321
1 -14.458302 0.724684 -21.609196 0.725468 116.820956 -96.944321
1 -8.082131 0.187028 -49.394436 0.657346 151.520538 -96.944321
1 -11.017460 0.510082 -37.461669 0.901921 160.533271 -96.944321
1 -5.691018 0.269042 28.553266 1.469807 174.219465 -96.944321
1 -7.159562 0.181976 -20.555795 1.694922 179.984098 -96.945909
1 -16.302573 0.197827 -4.570476 1.308994 181.233414 -96.945909
1 -9.243734 0.747333 15.134424 0.436027 112.245161 -96.945909
1 -41.478941 0.410772 72.879033 0.029263 181.414123 -96.945909
1 -9.767461 0.494328 31.489904 0.067932 100.114513 -96.945909
1 -6.798761 0.502784 -0.969046 2.549907 196.456988 -96.945909
1 -9.197230 0.597691 -19.714666 0.195551 112.941839 -96.945909
1 -7.309179 0.192983 -27.417691 0.312018 128.794032 -96.945909
1 -15.732286 0.354161 -47.855359 1.777138 197.729991 -96.945909
1 -6.576173 0.345187 23.597376 0.721178 153.065058 -96.945909
1 -10.253633 0.152134 46.720094 1.694969 191.005787 -96.947200
1 -24.394362 0.126511 56.138517 0.096620 163.734157 -96.947200
1 -22.594528 0.077762 27.863180 0.500398 169.618251 -96.947200
1 -8.471944 0.186239 32.977746 1.536816 182.535356 -96.947200
1 -6.967481 0.555123 47.961746 0.397342 124.470679 -96.947200
1 -5.116826 0.738776 16.447210 0.388675 138.325288 -96.947200
1 -10.562176 0.300405 17.533412 0.106953 100.217456 -96.947200
1 -7.294250 0.252854 -22.195293 0.305617 131.371006 -96.947200
1 -4.312714 0.444825 52.188562 0.128287 128.561718 -96.947200
1 -5.394120 0.243719 23.002385 0.920414 150.615808 -96.947200
1 -10.563111 0.613584 -37.999784 0.334438 135.369414 -96.948919
1 -48.693127 0.090220 63.441101 0.191242 179.641842 -96.948919
1 -14.543480 0.094835 19.544622 0.534457 162.388877 -96.948919
1 -8.973844 0.249786 -32.408357 0.423230 125.371480 -96.948919
1 -6.681024 0.701827 11.174966 0.032615 109.694317 -96.948919
1 -6.454778 0.733426 31.107016 0.082411 110.844638 -96.948919
1 -5.942756 0.197994 10.930803 0.406236 134.006941 -96.948919
1 -24.642047 0.226470 -60.170124 0.156781 166.064389 -96.948919
1 -6.540428 0.217734 65.794952 0.666014 158.426418 -96.948919
1 -7.288684 0.144293 -33.258394 0.231527 133.509185 -96.948919
1 -7.433700 0.574145 -5.268932 0.042392 110.353159 -96.949789
1 -8.270994 0.157323 -21.077641 0.213796 116.261409 -96.949789
1 -6.029421 0.594338 3.702186 0.176229 124.216240 -96.949789
1 -6.482624 0.117426 12.775743 0.597707 136.208497 -96.949789
1 -8.348001 0.352753 20.562765 0.655013 127.216527 -96.949789
1 -6.109917 0.043380 39.125021 0.172757 127.283980 -96.949789
1 -8.133791 0.586127 -18.015096 0.571509 133.209615 -96.949789
1 -3.742605 0.707120 63.014939 0.049200 148.395769 -96.949789
1 -7.970579 0.670059 -13.583660 1.472871 160.743572 -96.949789
1 -8.531786 0.283388 -73.345732 0.168830 126.512420 -96.949789
1 -6.654381 0.783653 37.284485 0.712019 167.282802 -96.950782
1 -12.585375 0.105634 18.545522 0.655568 162.975128 -96.950782
1 -13.904916 0.565068 -11.903257 0.342812 99.846090 -96.950782
1 -7.221906 0.697204 8.577255 0.470023 146.771340 -96.950782
1 -4.479192 0.791208 39.166477 0.202836 148.613220 -96.950782
1 -4.925450 0.648043 25.885331 0.581567 146.430189 -96.950782
1 -8.809876 0.680739 -13.293223 0.252068 114.410104 -96.950782
1 -5.197495 0.311511 47.082168 0.729826 154.922264 -96.950782
1 -6.250515 0.704104 51.443642 0.157085 155.472647 -96.950782
1 -11.037208 0.275915 -62.674512 0.074311 112.054327 -96.950782
1 -63.790623 0.502137 -8.584020 1.090659 195.529732 -96.954840
1 -4.633339 0.793943 18.894198 1.049867 152.524393 -96.954840
1 -13.737875 0.674092 -26.594707 0.553713 114.188136 -96.954840
1 -5.508782 0.436017 31.570660 0.127497 117.114846 -96.954840
1 -10.268314 0.440765 43.720436 0.891902 170.894113 -96.954840
1 -6.399331 0.784525 27.868796 0.936434 139.529765 -96.954840
1 -7.861515 0.650949 -14.636777 0.689515 137.394986 -96.954840
1 -8.683904 0.104729 -38.947697 0.207587 116.612327 -96.954840
1 -26.179389 0.473962 -37.587329 0.308213 169.676550 -96.954840
1 -63.490606 0.388644 29.840891 0.899215 192.327950 -96.954840
1 -7.107125 0.760437 -4.342475 1.755680 165.354831 -96.960644
1 -30.211531 0.308040 -17.699258 0.573625 175.657390 -96.960644
1 -3.623843 0.522943 53.824113 0.575755 148.416643 -96.960644
1 -7.313134 0.341578 10.537458 0.835662 155.460828 -96.960644
1 -11.116749 0.216585 -42.393204 0.807981 164.267549 -96.960644
1 -8.999863 0.762099 -18.810777 2.355737 190.840099 -96.960644
1 -18.205664 0.538069 9.228392 1.748962 188.497385 -96.960644
1 -12.534496 0.152821 5.275737 1.239220 176.982645 -96.960644
1 -11.606271 0.052136 -1.660259 1.695012 190.605338 -96.960644
1 -7.798520 0.538061 -12.100721 0.239481 117.881768 -96.960644
1 -9.549634 0.643828 -24.219066 1.259969 156.151619 -96.973530
1 -30.327437 0.135599 -42.349586 0.370790 173.949570 -96.973530
1 -9.786533 0.412822 79.010671 0.713114 175.366760 -96.973530
1 -7.016790 0.091401 75.147032 0.887558 151.767430 -96.973530
1 -5.477682 0.480370 13.054340 1.576689 165.871221 -96.973530
1 -8.053590 0.177188 4.258942 0.265260 115.660463 -96.973530
1 -40.830900 0.320287 9.356011 1.083784 187.359638 -96.973530
1 -16.102033 0.547224 10.568931 0.060310 152.263689 -96.973530
1 -14.586756 0.460863 -19.566737 0.951977 169.072533 -96.973530
1 -9.091101 0.679709 -24.064950 0.017118 130.058488 -96.973530
1 -7.067601 0.144507 0.821526 0.693929 137.602175 -97.000139
1 -9.962846 0.798135 16.773121 0.414954 110.197187 -97.000139
1 -4.165456 0.357872 56.168065 1.071663 164.220936 -97.000139
1 -11.585704 0.310436 22.132027 0.423297 155.040469 -97.000139
1 -16.397166 0.294358 -57.515094 0.531281 166.296034 -97.000139
1 -7.974889 0.111744 9.090397 0.268303 117.242064 -97.000139
1 -77.290477 0.317631 12.640738 0.558365 188.892874 -97.000139
1 -21.550698 0.511352 6.485373 0.430385 164.577351 -97.000139
1 -7.974507 0.567604 -16.189600 0.771676 139.394379 -97.000139
1 -8.233234 0.638766 -13.180781 0.103161 112.108051 -97.000139
1 -6.125779 0.231272 4.108084 0.954824 151.100298 -97.052959
1 -46.715390 0.156042 -75.291992 0.137406 181.054048 -97.052959
1 -13.805633 0.753832 -10.092259 1.901765 190.220873 -97.052959
1 -10.982554 0.655331 21.923958 2.175402 194.125865 -97.052959
1 -15.080728 0.094778 -30.659981 1.519656 188.955846 -97.052959
1 -23.404205 0.303307 57.138083 0.427061 173.389245 -97.052959
1 -4.994587 0.384252 31.810187 0.403710 138.805587 -97.052959
1 -18.275656 0.656206 -7.400157 0.249126 158.761877 -97.052959
1 -9.032657 0.555528 -25.369222 0.949981 153.516982 -97.052959
1 -6.663114 0.608730 10.456088 0.772260 151.504057 -97.052959
1 -26.971432 0.695007 -30.078631 0.615137 178.614997 -97.117549
1 -17.629129 0.307868 -32.505643 0.506500 163.347452 -97.117549
1 -17.291183 0.708850 -38.294559 0.652533 169.071429 -97.117549
1 -5.336971 0.641995 12.954515 2.852064 199.692107 -97.117549
1 -20.521762 0.202671 -20.789148 0.669188 169.990608 -97.117549
1 -24.972136 0.310165 80.161068 0.246825 173.423436 -97.117549
1 -6.118614 0.353809 25.984735 0.263066 119.392273 -97.117549
1 -10.824462 0.544569 -11.276335 0.013441 139.422484 -97.117549
1 -7.400174 0.439117 -11.047322 0.277841 121.019590 -97.117549
1 -9.343627 0.043412 -47.946533 0.506458 153.798301 -97.117549
1 -19.149508 0.120064 -63.223715 0.203494 160.489952 -97.178881
1 -15.507475 0.430317 -38.033192 0.516469 160.934549 -97.178881
1 -49.649813 0.344165 10.620194 0.409505 179.360618 -97.178881
1 -9.172514 0.711357 50.390209 0.989306 182.439697 -97.178881
1 -6.607719 0.756784 -1.108029 0.666892 144.601278 -97.178881
1 -18.825092 0.156827 55.588128 0.948375 179.639556 -97.178881
1 -5.853729 0.482478 8.199605 0.187887 122.282276 -97.178881
1 -8.887773 0.608354 -2.131250 0.147282 139.677265 -97.178881
1 -18.228486 0.404052 -25.476047 0.206810 159.044007 -97.178881
1 -21.939336 0.795651 -30.399052 0.630332 178.403338 -97.178881
1 -35.224751 0.550569 -16.699863 1.328954 192.474994 -97.220391
1 -10.087602 0.072361 1.917119 0.837404 164.197829 -97.220391
1 -7.683201 0.139586 -26.134341 0.372629 126.327309 -97.220391
1 -6.596546 0.520126 11.847253 1.455032 157.491749 -97.220391
1 -12.673086 0.443347 -57.251106 1.136793 178.575718 -97.220391
1 -9.581584 0.626756 60.999138 1.026684 186.871084 -97.220391
1 -4.949662 0.320144 30.059502 0.910848 152.785761 -97.220391
1 -12.691854 0.285765 -49.730522 0.614681 132.614865 -97.220391
1 -6.838970 0.737795 9.110121 0.311832 117.954542 -97.220391
1 -7.531133 0.513601 2.468083 0.051428 107.139811 -97.220391
1 -12.557405 0.227087 -86.175094 1.285355 188.788099 -97.260603
1 -7.625317 0.159841 -34.116335 1.380320 174.340727 -97.260603
1 -6.435073 0.423559 8.087029 2.401647 194.715253 -97.260603
1 -17.665597 0.251911 -1.110332 0.739205 168.060296 -97.260603
1 -6.907578 0.547374 81.899362 1.191704 195.987627 -97.260603
1 -12.856808 0.794331 -32.050752 1.647349 169.046509 -97.260603
1 -9.726060 0.410130 -22.068068 1.078921 164.618856 -97.260603
1 -5.473747 0.231591 33.338855 0.193828 124.494571 -97.260603
1 -5.757409 0.153710 42.139345 0.553316 137.395932 -97.260603
1 -9.158072 0.792640 -23.521429 0.376115 137.150925 -97.260603
1 -6.329362 0.322478 84.498292 1.077350 177.719797 -97.315374
1 -16.681372 0.694134 -9.621817 1.346807 180.658679 -97.315374
1 -9.856897 0.611580 -16.232464 0.969516 136.999363 -97.315374
1 -8.128913 0.209225 11.125660 1.435851 176.073150 -97.315374
1 -7.315571 0.452915 68.986716 1.034518 181.052550 -97.315374
1 -19.770182 0.723912 -24.294453 1.245968 185.216104 -97.315374
1 -10.915885 0.206652 9.097251 0.153041 102.778553 -97.315374
1 -14.187802 0.697680 -39.402019 0.613847 126.951432 -97.315374
1 -6.527715 0.108294 55.314885 1.219237 164.574976 -97.315374
1 -9.800230 0.756736 -19.408503 2.044996 176.000607 -97.315374
1 -8.175907 0.290464 -81.020468 0.219412 145.738871 -97.391663
1 -20.880448 0.192904 -7.120097 1.037013 178.326943 -97.391663
1 -19.841505 0.424395 12.290705 0.210482 158.774983 -97.391663
1 -7.175168 0.694443 4.973922 1.252863 164.017447 -97.391663
1 -11.950547 0.318905 -34.400455 1.096736 172.186463 -97.391663
1 -6.099006 0.192133 5.619458 0.801445 146.646851 -97.391663
1 -9.713723 0.216451 15.602949 0.007871 99.818402 -97.391663
1 -14.452564 0.762719 -52.826598 0.194052 184.313157 -97.391663
1 -5.094186 0.793573 41.549489 0.562418 135.262841 -97.391663
1 -10.993201 0.093319 4.552473 0.566486 157.712348 -97.391663
1 -10.428925 0.539176 -9.186247 0.737930 124.301893 -97.445588
1 -8.069893 0.630708 -15.457523 0.526554 140.838979 -97.445588
1 -7.690775 0.089686 -67.197324 0.516887 150.004489 -97.445588
1 -5.344666 0.729739 27.788823 1.365298 156.305113 -97.445588
1 -11.973892 0.314405 -41.303771 0.869216 143.122317 -97.445588
1 -5.709288 0.197498 19.004494 0.503095 136.183185 -97.445588
1 -5.699249 0.154502 50.920450 0.070716 122.357844 -97.445588
1 -26.560378 0.046084 -25.501692 0.898963 181.352871 -97.445588
1 -4.268245 0.685417 40.601137 0.494383 134.732214 -97.445588
1 -5.192340 0.374087 21.023335 0.636094 139.717638 -97.445588
1 -7.208083 0.118875 -53.829591 0.727692 148.955875 -97.508438
1 -6.359881 0.405635 88.449717 0.255983 146.761727 -97.508438
1 -10.755410 0.379642 -45.444115 0.307401 121.299106 -97.508438
1 -24.670236 0.751317 -0.725882 1.830107 196.477144 -97.508438
1 -10.151825 0.458345 -30.491501 0.392584 120.811495 -97.508438
1 -7.798609 0.649868 -0.616159 0.197350 138.117224 -97.508438
1 -8.907273 0.350845 -33.307529 1.582321 178.832875 -97.508438
1 -18.702148 0.151463 2.018134 0.392706 162.069792 -97.508438
1 -12.684055 0.171766 18.197189 0.913062 169.133824 -97.508438
1 -9.708226 0.443622 -31.505932 1.021992 150.887264 -97.508438
1 -9.895845 0.206518 -48.736875 1.010031 154.857904 -97.564542
1 -14.262914 0.399238 72.633433 0.188836 164.234571 -97.564542
1 -14.784428 0.532848 -0.428524 0.253850 153.186817 -97.564542
1 -6.507032 0.754137 6.629078 0.988044 140.619330 -97.564542
1 -10.903324 0.488748 -5.338175 0.058530 96.210954 -97.564542
1 -6.228641 0.755238 1.644589 0.067465 121.279488 -97.564542
1 -10.261998 0.302849 -38.149252 1.457961 171.741492 -97.564542
1 -13.031893 0.147574 -6.707077 0.592969 160.411959 -97.564542
1 -8.522073 0.214710 -1.114755 1.066288 148.090149 -97.564542
1 -6.600714 0.368057 32.050539 0.393960 122.153526 -97.564542
1 -3.812500 0.609289 73.733837 0.318529 155.335270 -97.616624
1 -8.602080 0.746498 -19.119222 0.130141 118.622109 -97.616624
1 -7.629146 0.220722 15.294957 0.456341 147.005375 -97.616624
1 -10.326390 0.586256 -16.633529 0.677438 124.536809 -97.616624
1 -8.588526 0.498124 -23.958879 0.534078 132.056925 -97.616624
1 -6.608715 0.005745 10.150405 1.058519 164.390072 -97.616624
1 -7.723358 0.398926 -3.519583 0.785389 152.151141 -97.616624
1 -9.039427 0.170709 -51.267052 0.441018 129.142456 -97.616624
1 -11.084426 0.236479 -10.060571 0.398201 150.848859 -97.616624
1 -10.611651 0.517736 -5.786240 0.239356 103.589211 -97.616624
1 -2.772774 0.791020 70.152348 0.056189 152.896257 -97.666172
1 -4.863671 0.629650 22.994200 0.282601 134.507498 -97.666172
1 -9.559276 0.258204 26.541106 0.493704 154.173524 -97.666172
1 -4.597810 0.590884 31.067776 0.556625 145.311747 -97.666172
1 -6.601406 0.236350 47.204468 0.415837 148.386442 -97.666172
1 -14.824929 0.690071 -7.374032 0.206354 154.050838 -97.666172
1 -7.447150 0.742317 52.100376 0.113220 159.994071 -97.666172
1 -7.738608 0.232184 -29.904660 0.234568 123.438831 -97.666172
1 -11.049307 0.096505 -32.094791 0.485505 155.367783 -97.666172
1 -9.851804 0.561967 -23.397894 0.984467 160.128274 -97.666172
1 -7.118345 0.378980 74.008312 0.060098 122.318332 -97.733313
1 -10.784402 0.186122 -15.491807 0.183606 144.835338 -97.733313
1 -8.966228 0.273846 49.522140 0.562911 159.414552 -97.733313
1 -24.851427 0.726444 -42.953127 0.113473 167.910283 -97.733313
1 -5.483873 0.496199 22.150895 0.025498 114.868497 -97.733313
1 -4.588587 0.777844 53.915672 0.810347 175.689573 -97.733313
1 -3.116889 0.610361 65.940301 1.330355 187.353898 -97.733313
1 -31.422964 0.419736 36.441026 0.421279 175.367206 -97.733313
1 -12.101038 0.322687 23.771027 1.164355 174.140734 -97.733313
1 -5.883646 0.145252 71.913419 0.332302 139.671155 -97.733313
1 -8.961157 0.104779 -0.070810 0.529003 126.187178 -97.772981
1 -6.853276 0.050754 -27.946772 0.936285 153.018562 -97.772981
1 -10.427775 0.054271 1.268003 0.021664 141.837288 -97.772981
1 -4.205559 0.785710 38.946573 0.922443 166.197054 -97.772981
1 -10.025014 0.514347 12.763074 0.382301 109.034392 -97.772981
1 -7.468145 0.106878 68.312551 1.125196 172.660141 -97.772981
1 -2.917249 0.672431 66.652331 0.569157 161.472833 -97.772981
1 -10.262940 0.072763 -60.511829 0.077247 143.362550 -97.772981
1 -16.865558 0.625884 -53.661813 0.598154 134.888615 -97.772981
1 -7.965357 0.270724 -27.650434 1.124203 158.428206 -97.772981
1 -11.635664 0.163636 -54.197105 0.022529 143.781764 -97.828020
1 -7.798629 0.080670 -85.804651 1.095915 171.593952 -97.828020
1 -4.578931 0.613980 69.002761 0.257503 156.433968 -97.828020
1 -9.697778 0.277797 -81.901013 0.485691 159.662642 -97.828020
1 -10.792749 0.395915 -19.430718 0.937032 137.696486 -97.828020
1 -10.427458 0.226463 -29.033471 0.455303 150.996889 -97.828020
1 -5.337243 0.671671 53.801226 0.995787 176.564917 -97.828020
1 -7.790972 0.201730 -38.289085 0.803395 152.198734 -97.828020
1 -6.671557 0.014801 -56.048869 0.101252 121.026637 -97.828020
1 -11.118280 0.516362 5.359894 0.912740 163.401923 -97.828020
1 -9.963465 0.442105 62.109444 1.164528 184.894557 -97.886333
1 -14.153508 0.517096 -44.964722 0.795147 166.752343 -97.886333
1 -5.383044 0.736114 51.250419 0.741539 171.156001 -97.886333
1 -4.102694 0.595392 75.953237 1.170251 190.772788 -97.886333
1 -8.620827 0.139089 75.261413 0.574157 158.490253 -97.886333
1 -6.689609 0.138097 -2.055431 0.486720 132.178279 -97.886333
1 -9.274081 0.404871 -33.019549 1.398672 169.794175 -97.886333
1 -7.073026 0.294266 -6.070408 0.147339 116.552318 -97.886333
1 -10.390240 0.053603 -57.311157 0.312169 117.835331 -97.886333
1 -7.732947 0.034998 -16.652313 0.959854 150.774462 -97.886333
1 -4.697946 0.452524 27.681810 1.304677 164.172324 -97.933051
1 -10.546833 0.425575 -25.662625 0.532078 150.804230 -97.933051
1 -3.618405 0.604348 68.334244 0.231894 142.012646 -97.933051
1 -3.023130 0.630675 74.117801 1.023883 182.311198 -97.933051
1 -8.798839 0.067437 87.859112 0.253719 119.279820 -97.933051
1 -7.519216 0.224898 28.968016 0.822392 139.873193 -97.933051
1 -7.631960 0.089115 -64.152552 1.569619 185.773327 -97.933051
1 -9.059858 0.312118 -22.587049 0.658191 131.932542 -97.933051
1 -9.618788 0.081418 -56.427720 0.341520 121.250115 -97.933051
1 -6.468369 0.097891 -6.739227 0.743202 145.983265 -97.933051
1 -4.734894 0.520510 36.001076 0.030238 118.979942 -97.977437
1 -5.109610 0.728247 17.070671 0.736320 147.883840 -97.977437
1 -6.269191 0.429318 8.694209 0.350870 136.503364 -97.977437
1 -3.011950 0.601646 72.702897 1.248047 188.116189 -97.977437
1 -7.103835 0.142514 -26.638134 0.145843 129.922842 -97.977437
1 -6.196036 0.203279 14.723668 1.060977 152.478359 -97.977437
1 -7.633514 0.103404 65.270418 0.651845 157.408423 -97.977437
1 -3.820724 0.705301 60.441120 0.257230 154.933059 -97.977437
1 -13.057837 0.331205 -68.095772 0.123900 151.368357 -97.977437
1 -10.353119 0.591097 -31.724503 0.860201 155.311132 -97.977437
1 -5.962071 0.231379 11.059108 0.810848 144.481106 -98.040515
1 -7.370252 0.737073 8.506177 0.229830 113.026186 -98.040515
1 -16.549766 0.064632 32.946139 1.648653 193.137507 -98.040515
1 -5.289910 0.478922 83.996452 1.252786 191.474809 -98.040515
1 -16.004113 0.157187 -75.856243 1.590694 196.931237 -98.040515
1 -10.923668 0.673059 -36.468955 0.447469 135.690399 -98.040515
1 -5.601729 0.159969 64.996992 0.257387 134.499132 -98.040515
1 -6.386461 0.747068 7.151248 1.162431 146.095554 -98.040515
1 -22.462188 0.086922 33.881079 0.479246 169.281588 -98.040515
1 -3.387012 0.675408 49.298394 0.888380 155.263307 -98.040515
1 -6.508389 0.179334 -4.826640 0.239389 125.925250 -98.086502
1 -6.588824 0.480178 10.741091 0.548137 144.687179 -98.086502
1 -16.517547 0.063434 32.864432 1.644911 193.040694 -98.086502
1 -10.772849 0.374933 -84.307446 1.238456 191.863240 -98.086502
1 -6.292351 0.518424 83.186044 0.966899 185.229579 -98.086502
1 -8.777608 0.025527 -27.120347 1.530448 184.172293 -98.086502
1 -12.261511 0.722757 -34.123634 0.885111 142.012148 -98.086502
1 -5.043174 0.637233 25.268882 0.928701 143.290878 -98.086502
1 -6.613613 0.326063 -5.634348 0.113929 120.760576 -98.086502
1 -5.529411 0.311245 15.155700 1.556067 171.604176 -98.086502
1 -6.553239 0.186991 -5.250433 0.261904 126.093020 -98.130254
1 -6.138893 0.245801 3.718802 1.281003 163.472810 -98.130254
1 -9.488739 0.215925 28.376990 1.324747 176.937849 -98.130254
1 -5.818107 0.560734 33.142086 0.947489 161.882786 -98.130254
1 -7.152455 0.227300 3.438154 0.583891 147.232197 -98.130254
1 -8.909909 0.055935 -9.111844 1.465515 181.297106 -98.130254
1 -9.478355 0.742501 -22.483621 1.355836 159.342699 -98.130254
1 -4.897388 0.694685 47.295449 0.765648 144.409501 -98.130254
1 -6.663870 0.245327 81.559947 1.271345 181.811844 -98.130254
1 -5.056340 0.413408 19.639341 1.937933 180.971689 -98.130254
1 -10.960677 0.500984 -38.161909 0.592021 151.271680 -98.186559
1 -8.328341 0.440630 -7.921046 0.140735 135.502710 -98.186559
1 -7.386194 0.540566 -7.180734 1.205272 160.143576 -98.186559
1 -9.273212 0.318651 -44.203212 1.157800 165.503658 -98.186559
1 -4.776825 0.420834 24.781400 1.778223 177.159207 -98.186559
1 -9.084706 0.080862 3.394594 1.774339 189.736737 -98.186559
1 -11.474912 0.608918 -21.760000 1.791090 185.656835 -98.186559
1 -9.262644 0.284009 -23.211283 0.594017 151.029917 -98.186559
1 -3.138778 0.754091 50.635979 1.783698 193.823353 -98.186559
1 -5.050176 0.180304 56.162289 1.477800 178.058734 -98.186559
1 -5.902088 0.699680 27.205082 1.273416 169.732366 -98.232072
1 -6.448340 0.558813 5.081742 1.991953 174.936297 -98.232072
1 -6.162790 0.125837 81.777841 0.190317 129.900282 -98.232072
1 -4.168980 0.542947 33.576949 0.828954 148.635219 -98.232072
1 -5.377806 0.476301 23.203746 1.688377 176.257087 -98.232072
1 -5.384963 0.600276 65.131801 0.916441 178.529486 -98.232072
1 -8.827524 0.496666 -9.846451 0.499742 146.224426 -98.232072
1 -5.906975 0.102420 69.969596 0.577714 143.639576 -98.232072
1 -7.310259 0.050172 -83.257781 0.765465 158.119455 -98.232072
1 -5.882048 0.225445 30.708644 1.153244 156.943917 -98.232072
1 -4.543381 0.603786 77.736714 0.149173 152.196570 -98.294235
1 -7.603538 0.526909 6.788363 0.344746 142.091749 -98.294235
1 -6.561036 0.110442 -81.890295 0.865447 158.270784 -98.294235
1 -9.715072 0.358186 -46.669684 0.353426 142.665282 -98.294235
1 -4.550455 0.718938 24.003943 1.136984 152.177728 -98.294235
1 -6.627702 0.720144 14.108066 1.549297 156.596680 -98.294235
1 -9.806490 0.352795 4.540500 0.284831 145.715302 -98.294235
1 -7.850207 0.781260 22.299771 0.880504 165.918105 -98.294235
1 -7.002642 0.026183 -70.024175 1.306220 174.803869 -98.294235
1 -5.127191 0.462672 55.921859 0.495778 136.445314 -98.294235
1 -6.354678 0.070352 17.361216 0.134376 121.484607 -98.360231
1 -5.504028 0.356922 20.107690 0.294569 133.381542 -98.360231
1 -8.705665 0.018874 79.544649 1.032226 169.749395 -98.360231
1 -11.144287 0.589559 -28.888654 1.621012 181.533078 -98.360231
1 -4.935088 0.479039 43.359664 0.870754 146.887563 -98.360231
1 -4.682151 0.569556 32.634976 0.628810 136.363304 -98.360231
1 -6.814020 0.141204 52.588416 1.650769 187.136316 -98.360231
1 -4.261523 0.466542 51.607377 0.028222 128.899374 -98.360231
1 -6.616826 0.584083 30.797459 0.476612 122.831982 -98.360231
1 -11.063292 0.529046 25.338275 0.725513 163.080696 -98.360231
1 -7.444771 0.007624 35.237528 0.438572 129.105546 -98.413824
1 -7.611876 0.496810 -7.645090 0.436545 123.221061 -98.413824
1 -7.016693 0.120725 -69.736208 1.221115 172.400787 -98.413824
1 -6.470047 0.507114 -1.356186 1.818701 174.860088 -98.413824
1 -3.729691 0.686565 35.788080 0.782944 150.336291 -98.413824
1 -6.204199 0.110961 80.459894 1.685059 189.512887 -98.413824
1 -4.740202 0.789853 29.070296 0.736241 157.013209 -98.413824
1 -4.386800 0.478622 55.133394 0.024165 124.384929 -98.413824
1 -6.092024 0.130232 77.646758 0.048239 124.349995 -98.413824
1 -5.962888 0.385785 70.646081 0.986111 174.932486 -98.413824
1 -6.366662 0.053159 53.638240 0.048788 119.184412 -98.466090
1 -7.696093 0.097909 -83.217676 0.836587 150.053566 -98.466090
1 -6.369407 0.092327 -88.774723 1.134593 166.072419 -98.466090
1 -6.886079 0.504649 2.512715 1.850464 178.625565 -98.466090
1 -4.261322 0.613470 30.597917 0.519189 137.576481 -98.466090
1 -3.068872 0.699074 51.682797 0.901161 164.808461 -98.466090
1 -3.679389 0.753912 46.039379 0.335327 150.030601 -98.466090
1 -5.259918 0.398251 63.178504 0.654817 146.208270 -98.466090
1 -6.095489 0.053004 34.186952 0.021557 124.041014 -98.466090
1 -9.469071 0.386242 -86.911956 1.046387 184.583162 -98.466090
1 -6.019837 0.790480 24.882062 1.839440 184.091047 -98.534183
1 -4.286880 0.690069 42.453911 0.694576 141.700909 -98.534183
1 -9.954928 0.356416 -31.727788 0.387792 120.831028 -98.534183
1 -7.208580 0.636379 -6.023592 2.469021 191.855686 -98.534183
1 -6.244170 0.694781 25.324073 1.150783 166.683733 -98.534183
1 -8.590274 0.421981 54.832154 0.312306 156.015511 -98.534183
1 -11.430724 0.315526 -2.513306 0.126321 98.781895 -98.534183
1 -6.401962 0.562643 33.788122 0.975145 164.367602 -98.534183
1 -7.855585 0.106553 53.835832 1.037811 169.533117 -98.534183
1 -10.606385 0.353156 85.901506 1.379033 195.421793 -98.534183
1 -4.590698 0.748463 25.253835 1.514322 171.059995 -98.583589
1 -3.624127 0.754994 -88.150701 0.808381 199.499678 -98.583589
1 -6.719647 0.178361 7.697390 0.028051 129.222606 -98.583589
1 -8.278328 0.590452 -18.043672 0.896517 150.822972 -98.583589
1 -2.930538 0.650989 51.699022 1.644436 185.623873 -98.583589
1 -3.318245 0.703536 69.798570 0.548512 168.827155 -98.583589
1 -5.946850 0.336392 8.702963 0.280544 125.529059 -98.583589
1 -4.620587 0.704724 22.053745 0.540465 140.638691 -98.583589
1 -7.997495 0.003928 25.303099 0.839831 161.593460 -98.583589
1 -7.057786 0.464613 -2.675770 1.911706 175.402730 -98.583589
1 -9.199562 0.005196 -13.612196 0.818292 163.409766 -98.655755
1 -3.532454 0.781074 -88.407377 0.558755 189.616940 -98.655755
1 -7.201631 0.214853 -8.266724 0.129814 131.706323 -98.655755
1 -5.646999 0.640516 24.633523 1.375093 155.975410 -98.655755
1 -3.733643 0.693366 39.843258 0.267302 138.311769 -98.655755
1 -9.563533 0.378868 77.382550 0.718631 173.463851 -98.655755
1 -5.391879 0.500932 15.096194 0.510167 132.450857 -98.655755
1 -3.626124 0.760268 49.505961 0.095072 144.764473 -98.655755
1 -8.202059 0.096842 17.959431 0.783288 159.320397 -98.655755
1 -7.668208 0.729322 -2.115547 1.431667 168.232042 -98.655755
1 -5.006672 0.320152 38.737286 0.118981 129.318803 -98.727027
1 -3.828459 0.772908 -86.757451 0.566268 189.799833 -98.727027
1 -8.867374 0.194438 46.187870 0.900439 167.282855 -98.727027
1 -4.285982 0.589224 31.598773 0.487594 139.840454 -98.727027
1 -3.738866 0.735690 40.919775 0.129110 137.851797 -98.727027
1 -3.731346 0.454742 64.655814 1.115702 173.073911 -98.727027
1 -9.814562 0.423120 -41.802207 0.507865 136.317366 -98.727027
1 -6.513048 0.057693 26.006563 0.873292 148.851666 -98.727027
1 -7.714594 0.195721 -65.289033 0.511304 147.067289 -98.727027
1 -7.686691 0.610816 -1.442813 2.733326 199.851484 -98.727027
1 -10.182387 0.118044 6.697908 1.948832 194.458221 -98.815929
1 -8.418433 0.700893 79.397457 0.591981 190.713556 -98.815929
1 -7.025844 0.738132 4.161947 0.364376 120.152183 -98.815929
1 -8.072877 0.404302 24.712784 0.003024 138.192466 -98.815929
1 -4.001244 0.583032 40.723409 0.223716 131.179256 -98.815929
1 -4.221784 0.604364 31.917619 0.649188 145.479922 -98.815929
1 -11.565756 0.514441 -34.952179 1.211308 172.145205 -98.815929
1 -7.811120 0.221785 -68.848409 0.799603 156.454386 -98.815929
1 -7.084077 0.054990 -9.481888 0.093656 116.668500 -98.815929
1 -9.362551 0.514703 -20.282458 2.240007 194.785111 -98.815929
1 -10.947441 0.562467 -24.768178 0.751901 130.100019 -98.923036
1 -6.697983 0.242720 -7.890379 0.353836 128.825127 -98.923036
1 -9.087574 0.327401 -31.782499 0.195265 115.975672 -98.923036
1 -5.465426 0.286821 22.383148 0.384722 130.364811 -98.923036
1 -14.755387 0.078555 38.056881 0.393377 160.015255 -98.923036
1 -3.543510 0.770230 35.547122 0.870110 155.286319 -98.923036
1 -12.196098 0.014842 -74.013717 0.758175 166.688705 -98.923036
1 -5.557380 0.715511 9.151675 0.481525 133.204821 -98.923036
1 -9.118798 0.694929 -1.356399 0.816669 127.385516 -98.923036
1 -17.847038 0.524044 -5.810849 2.108756 196.113234 -98.923036
1 -6.048639 0.564097 50.187374 0.390559 154.990000 -98.986837
1 -6.635911 0.142463 -8.017742 0.333688 128.651988 -98.986837
1 -14.694216 0.680293 -32.949426 0.383884 107.822688 -98.986837
1 -6.428236 0.027088 -11.264304 0.483091 137.311193 -98.986837
1 -5.680251 0.139992 60.548625 0.777014 149.597309 -98.986837
1 -6.254191 0.497795 1.418328 0.660412 140.786126 -98.986837
1 -6.429234 0.014880 -57.744335 0.895489 156.702841 -98.986837
1 -9.391698 0.514488 -36.390341 0.152739 128.456378 -98.986837
1 -4.206152 0.563935 32.067098 0.943271 150.486199 -98.986837
1 -6.530713 0.207692 15.893335 1.621734 179.144518 -98.986837
1 -4.731006 0.781180 26.610803 0.275984 142.673880 -99.074476
1 -9.992285 0.243804 -26.581321 0.931258 143.746617 -99.074476
1 -12.915760 0.476946 -60.218506 0.445418 155.839243 -99.074476
1 -6.930082 0.149845 8.355034 0.732003 138.817675 -99.074476
1 -5.962830 0.548513 7.464281 0.463843 137.286706 -99.074476
1 -7.477438 0.781369 22.195966 2.158331 191.807194 -99.074476
1 -7.717565 0.544587 -12.899294 0.335445 122.548414 -99.074476
1 -6.489530 0.014532 38.914172 1.075365 159.028293 -99.074476
1 -7.974821 0.347852 33.777436 0.158419 109.563652 -99.074476
1 -10.249383 0.391903 -65.125791 0.630448 154.842858 -99.074476
1 -9.724153 0.731798 -24.642920 0.139705 136.890555 -99.165272
1 -6.873222 0.727749 27.463702 0.889609 136.376058 -99.165272
1 -10.045350 0.306087 73.521488 0.020313 149.408231 -99.165272
1 -7.220194 0.355572 70.743529 0.259679 152.216504 -99.165272
1 -5.760420 0.545528 7.587023 0.486185 134.595580 -99.165272
1 -6.024729 0.115985 36.092334 1.912041 191.529353 -99.165272
1 -8.408977 0.140627 -40.780312 0.356380 124.923687 -99.165272
1 -5.905099 0.237988 20.859128 0.480253 131.064160 -99.165272
1 -5.855747 0.503104 14.800856 1.077782 157.672516 -99.165272
1 -8.779427 0.344144 -72.559164 0.518575 149.292170 -99.165272
1 -7.110718 0.060899 -37.748463 0.890492 158.777045 -99.257389
1 -5.195081 0.715798 12.785545 0.949920 148.097321 -99.257389
1 -10.322017 0.451598 -19.575055 0.225362 108.048054 -99.257389
1 -8.515795 0.234224 -82.159200 0.339523 150.673051 -99.257389
1 -7.514161 0.187074 -65.377549 0.381501 137.155272 -99.257389
1 -4.325741 0.702252 71.999121 0.700226 179.846883 -99.257389
1 -5.965712 0.465240 11.633630 1.684502 168.091240 -99.257389
1 -5.421978 0.171746 39.408106 0.382774 134.675626 -99.257389
1 -3.646307 0.603577 44.480095 1.923019 190.051300 -99.257389
1 -8.109191 0.308946 -79.420985 0.184153 143.512561 -99.257389
1 -5.399066 0.206985 30.312658 1.179828 160.200121 -99.338799
1 -4.544635 0.749274 20.756616 1.057932 152.267369 -99.338799
1 -6.296439 0.012677 69.879271 1.401822 175.690213 -99.338799
1 -7.654806 0.059090 -79.101606 0.619368 154.245742 -99.338799
1 -11.444962 0.182089 -17.757528 0.659162 159.303226 -99.338799
1 -5.843988 0.224956 10.751971 1.067052 156.066318 -99.338799
1 -7.593047 0.500997 -13.936141 1.494984 165.625172 -99.338799
1 -5.784866 0.249109 15.554854 0.729509 141.410522 -99.338799
1 -3.612654 0.584235 49.363558 1.806032 190.030416 -99.338799
1 -5.679289 0.350099 26.534023 0.152672 133.013276 -99.338799
1 -3.818799 0.530918 48.978327 0.487972 140.750757 -99.420382
1 -4.288588 0.717553 37.186520 1.088849 153.446700 -99.420382
1 -14.559584 0.534314 -2.651857 0.804930 164.975601 -99.420382
1 -8.509929 0.598710 -22.617899 0.454936 132.602847 -99.420382
1 -11.496832 0.360085 -26.529678 0.525010 120.203492 -99.420382
1 -6.730311 0.128826 55.651461 0.644970 154.726955 -99.420382
1 -5.302516 0.527606 13.572309 2.009871 179.927370 -99.420382
1 -6.999648 0.373069 -9.006962 0.509057 138.424729 -99.420382
1 -4.153301 0.458231 37.734171 1.638759 177.389971 -99.420382
1 -4.127949 0.568771 38.325293 0.199381 131.311002 -99.420382
1 -4.286610 0.712956 33.314951 0.505664 134.784422 -99.480219
1 -8.334073 0.258325 -43.362717 0.499731 137.609714 -99.480219
1 -4.515662 0.713565 38.644813 0.874513 162.463484 -99.480219
1 -8.076026 0.693667 -14.895154 1.262344 159.785455 -99.480219
1 -8.674375 0.353074 -31.549695 0.074441 131.139282 -99.480219
1 -4.638526 0.612169 35.602433 0.981394 148.338511 -99.480219
1 -9.214816 0.221054 -14.166134 1.401026 176.052196 -99.480219
1 -5.626585 0.256785 36.879069 0.108553 132.319239 -99.480219
1 -3.387590 0.546245 51.256547 2.095193 199.245391 -99.480219
1 -5.501628 0.418538 58.552812 0.239472 126.423675 -99.480219
1 -3.384426 0.679728 55.440641 0.352102 150.264247 -99.531011
1 -4.434818 0.795469 29.129396 1.094156 151.840832 -99.531011
1 -9.651003 0.677011 13.893889 0.682159 158.860663 -99.531011
1 -6.326313 0.193193 88.857847 0.789405 159.179074 -99.531011
1 -2.547203 0.739129 64.063976 0.666405 163.134995 -99.531011
1 -3.077553 0.684474 46.566692 1.329839 172.105698 -99.531011
1 -5.745402 0.134474 65.652060 0.195718 131.438771 -99.531011
1 -5.305303 0.246871 25.133976 0.952543 153.676730 -99.531011
1 -3.491510 0.522869 51.364226 2.040968 197.567232 -99.531011
1 -5.615842 0.346703 64.496251 0.180225 126.306522 -99.531011
1 -5.775390 0.108329 51.405766 0.935260 154.482984 -99.593621
1 -6.581870 0.259972 31.345948 0.006406 110.301696 -99.593621
1 -5.319403 0.646687 13.727860 1.063798 153.905978 -99.593621
1 -7.593762 0.116257 23.707919 1.125867 168.711071 -99.593621
1 -8.890415 0.247465 -75.130581 1.037398 174.784712 -99.593621
1 -2.908845 0.781235 46.334653 1.194427 168.576141 -99.593621
1 -6.327139 0.015196 77.309281 0.308052 135.381390 -99.593621
1 -6.198101 0.125960 82.309511 0.619519 150.634036 -99.593621
1 -7.070133 0.537574 26.230842 1.805597 183.248243 -99.593621
1 -8.878908 0.491448 -0.367432 0.003278 135.527263 -99.593621
1 -6.908786 0.727973 1.552169 1.733077 173.687404 -99.656593
1 -5.191569 0.320327 51.424419 0.486304 148.138706 -99.656593
1 -4.481016 0.632115 33.021528 0.712687 151.531785 -99.656593
1 -4.778918 0.327434 52.296145 0.100915 129.828896 -99.656593
1 -9.036093 0.235625 67.103428 0.260728 121.834662 -99.656593
1 -2.939523 0.767891 45.407279 1.170607 167.911369 -99.656593
1 -4.317652 0.676041 31.694186 0.818901 143.875933 -99.656593
1 -5.608908 0.183108 42.109663 0.953701 160.238419 -99.656593
1 -6.916238 0.059784 21.102015 0.364033 126.449814 -99.656593
1 -7.363499 0.430993 -12.966734 0.491069 137.898803 -99.656593
1 -4.611150 0.667097 27.437637 1.884803 180.693013 -99.718593
1 -4.356952 0.401575 35.183133 1.999839 187.859782 -99.718593
1 -7.585816 0.541366 73.761790 0.715380 177.453034 -99.718593
1 -6.724794 0.452881 44.305047 0.310119 120.179797 -99.718593
1 -4.200244 0.729827 32.261515 1.547581 166.677202 -99.718593
1 -6.154151 0.299484 3.307382 0.335636 129.245305 -99.718593
1 -3.688139 0.560124 51.670018 0.686263 155.188678 -99.718593
1 -4.824248 0.287783 70.996633 1.111473 169.591909 -99.718593
1 -11.197835 0.078881 0.449861 0.051101 101.055710 -99.718593
1 -6.309652 0.485132 2.673286 0.281303 131.638290 -99.718593
1 -7.399507 0.207160 19.713372 0.304221 118.266113 -99.778365
1 -4.640304 0.399687 33.406798 2.049475 189.529370 -99.778365
1 -4.502197 0.374996 63.481284 0.337261 138.863757 -99.778365
1 -11.766322 0.243741 -6.075785 0.508140 116.967867 -99.778365
1 -4.256536 0.581735 67.184835 0.718623 169.064737 -99.778365
1 -5.308002 0.320451 37.437764 0.804600 154.937725 -99.778365
1 -4.140164 0.710809 27.332248 1.712696 171.228618 -99.778365
1 -7.528423 0.771441 -8.026540 2.454321 185.405356 -99.778365
1 -4.045700 0.354482 56.138377 1.606023 183.873761 -99.778365
1 -6.024717 0.256036 24.517779 0.587804 146.925588 -99.778365
1 -7.319255 0.070095 31.760874 0.134337 115.535975 -99.837121
1 -5.541846 0.299689 39.528962 0.993817 151.433913 -99.837121
1 -5.592785 0.513718 33.829963 0.589417 131.389042 -99.837121
1 -4.679309 0.708873 32.138508 1.196994 154.016238 -99.837121
1 -6.688081 0.016553 18.518853 1.368320 170.017473 -99.837121
1 -2.538745 0.714733 64.919989 1.423406 193.099223 -99.837121
1 -7.416710 0.711362 0.255890 0.601064 147.864478 -99.837121
1 -7.716554 0.763628 -13.774804 0.141101 129.368949 -99.837121
1 -6.365910 0.237766 51.512625 1.743684 190.027171 -99.837121
1 -7.145392 0.307724 32.450624 0.825164 159.708996 -99.837121
1 -7.503005 0.040026 11.172795 1.090265 167.738219 -99.917679
1 -13.132595 0.454080 60.166874 0.201496 162.548804 -99.917679
1 -6.073842 0.115440 17.313546 0.621658 139.715133 -99.917679
1 -5.141566 0.753674 21.208348 0.876142 141.321911 -99.917679
1 -6.486385 0.178442 70.547890 0.748756 159.972821 -99.917679
1 -2.540760 0.672236 68.759249 1.463750 195.145606 -99.917679
1 -7.747669 0.797076 2.687013 0.668704 154.430597 -99.917679
1 -6.884685 0.142548 -17.516757 0.112606 120.574162 -99.917679
1 -6.718383 0.063018 10.363506 0.918720 159.173640 -99.917679
1 -5.736879 0.243067 31.282977 0.655160 149.316635 -99.917679
1 -4.975321 0.357344 28.682155 1.167508 157.054796 -99.995771
1 -13.387932 0.445691 67.917570 0.125225 162.355457 -99.995771
1 -6.384853 0.064319 17.848836 0.988933 153.788674 -99.995771
1 -5.724802 0.400729 34.215392 0.273795 121.142893 -99.995771
1 -3.549895 0.632215 54.707867 0.577601 156.141799 -99.995771
1 -12.326541 0.674991 20.980301 1.857111 188.798247 -99.995771
1 -5.516462 0.584107 14.391075 0.633741 143.443869 -99.995771
1 -7.817272 0.035453 -37.614030 0.030119 111.767452 -99.995771
1 -5.857074 0.657397 5.780179 1.573389 165.801529 -99.995771
1 -6.205011 0.149531 7.699109 0.826416 151.569477 -99.995771
1 -6.503522 0.306819 -2.712243 1.258444 161.949709 -100.059774
1 -3.959316 0.462875 60.577447 0.764869 153.839410 -100.059774
1 -4.448522 0.436715 66.642184 0.088983 133.458831 -100.059774
1 -6.905342 0.093006 -6.152343 0.667845 149.765255 -100.059774
1 -6.731095 0.440369 -1.696152 0.150418 129.196941 -100.059774
1 -4.087302 0.631141 69.091377 0.266272 155.701309 -100.059774
1 -3.059321 0.787812 51.828529 0.689779 153.416790 -100.059774
1 -9.575964 0.779548 39.699099 0.035064 102.550532 -100.059774
1 -13.851333 0.159840 -22.503323 0.390405 156.118798 -100.059774
1 -4.571254 0.748454 23.867079 0.852116 152.924380 -100.059774
1 -8.454843 0.223500 3.379241 1.915935 189.100444 -100.123431
1 -3.508132 0.533657 61.437612 0.560833 150.982226 -100.123431
1 -5.849579 0.072229 44.401713 0.663073 146.500629 -100.123431
1 -7.057067 0.067744 -27.079486 0.672552 150.531605 -100.123431
1 -8.825450 0.539651 -21.648904 0.620972 132.024166 -100.123431
1 -2.741940 0.731180 68.327985 0.337635 155.838115 -100.123431
1 -4.318876 0.795933 22.725678 1.066060 154.993490 -100.123431
1 -2.548879 0.709649 66.117708 1.437957 192.088823 -100.123431
1 -12.260857 0.095898 5.886199 0.220010 150.391112 -100.123431
1 -6.593792 0.775560 28.741104 1.190833 172.725461 -100.123431
1 -7.787917 0.161639 -77.984106 0.756223 149.400062 -100.179719
1 -6.461304 0.665380 8.169269 1.130053 144.817254 -100.179719
1 -3.237278 0.662804 57.495183 1.027787 173.286794 -100.179719
1 -6.944953 0.245269 -11.212059 0.590780 136.261463 -100.179719
1 -6.731632 0.651430 5.957203 1.009154 156.431066 -100.179719
1 -2.848989 0.735217 69.405160 1.163940 191.618159 -100.179719
1 -3.245102 0.796154 45.969950 1.079904 172.313781 -100.179719
1 -2.505668 0.734617 58.717622 1.328366 182.110559 -100.179719
1 -4.602897 0.419178 45.726496 0.959540 152.789980 -100.179719
1 -7.260328 0.545722 6.657630 1.961464 182.287561 -100.179719
1 -6.654505 0.048355 -30.129670 0.049042 126.894619 -100.242129
1 -6.209634 0.026539 79.396914 1.268161 170.697886 -100.242129
1 -5.849393 0.150358 20.494260 0.837551 152.302335 -100.242129
1 -7.328292 0.074836 45.184976 0.879023 147.563032 -100.242129
1 -5.270331 0.789211 56.974464 0.995474 186.067003 -100.242129
1 -3.002317 0.755365 48.114120 1.975960 196.103636 -100.242129
1 -6.364749 0.599998 11.910994 1.553309 170.769179 -100.242129
1 -7.547223 0.089158 77.183131 0.335864 126.159476 -100.242129
1 -4.158958 0.501361 55.004087 0.731591 159.129322 -100.242129
1 -6.109345 0.490751 5.965284 2.117985 181.501338 -100.242129
1 -6.357414 0.018556 -0.143106 0.666862 144.430803 -100.329492
1 -6.710291 0.065790 80.725399 1.260194 174.336230 -100.329492
1 -6.710618 0.151391 20.870381 1.646323 181.989880 -100.329492
1 -5.399003 0.355558 31.737467 1.760049 182.484131 -100.329492
1 -3.253386 0.773376 50.058838 0.639209 161.402419 -100.329492
1 -5.437283 0.210874 53.764934 0.667330 152.377854 -100.329492
1 -3.565457 0.719886 50.145185 0.964943 157.798335 -100.329492
1 -5.181672 0.690800 56.466953 0.638992 168.718987 -100.329492
1 -7.442990 0.446053 8.394487 0.489227 121.599428 -100.329492
1 -6.413560 0.524403 6.495049 2.063712 178.314338 -100.329492
1 -6.539368 0.159814 15.983517 1.187843 166.588240 -100.435092
1 -15.560157 0.609497 47.992519 0.924441 182.349881 -100.435092
1 -5.831415 0.119780 22.016780 0.977640 154.337583 -100.435092
1 -7.023591 0.458565 -0.711604 1.220713 161.827165 -100.435092
1 -3.683486 0.688369 34.510650 1.507153 170.704681 -100.435092
1 -9.698543 0.620613 -27.582316 1.037982 157.327614 -100.435092
1 -5.469536 0.196731 58.897965 0.328635 132.708470 -100.435092
1 -3.656614 0.758340 63.532218 0.558211 170.933409 -100.435092
1 -6.943866 0.565653 -5.894951 1.055557 147.818271 -100.435092
1 -4.721750 0.529093 30.728699 1.612711 175.347814 -100.435092
1 -5.536252 0.455974 82.008061 0.818297 173.337783 -100.529630
1 -6.145281 0.618913 2.825384 1.142698 150.172926 -100.529630
1 -7.724472 0.380784 -15.719920 0.193059 117.636073 -100.529630
1 -9.885263 0.210514 -45.893945 0.069843 139.332562 -100.529630
1 -7.173240 0.753746 0.020304 0.103677 135.682099 -100.529630
1 -6.453376 0.384277 -1.670274 1.636171 170.243827 -100.529630
1 -6.966757 0.116006 38.583435 0.272216 121.456289 -100.529630
1 -3.138107 0.744658 49.309608 1.235499 176.212238 -100.529630
1 -5.652674 0.388079 10.159461 2.138175 186.185167 -100.529630
1 -7.596437 0.546123 -2.815044 1.733300 176.055357 -100.529630
1 -3.054089 0.566881 67.290699 1.254687 181.803657 -100.657205
1 -6.388755 0.075744 2.893257 0.451501 134.005614 -100.657205
1 -7.892671 0.341222 -15.240057 0.659020 147.577717 -100.657205
1 -11.447274 0.365629 -41.289055 0.849024 163.943503 -100.657205
1 -8.638381 0.660893 12.290633 1.688517 178.702797 -100.657205
1 -5.844977 0.310819 11.201245 1.684265 173.065661 -100.657205
1 -6.577466 0.069534 -5.881453 0.324866 128.728033 -100.657205
1 -2.800871 0.710304 52.410876 1.210873 172.024616 -100.657205
1 -6.974582 0.176629 -16.977768 1.899871 187.897659 -100.657205
1 -7.005396 0.793292 -7.349541 0.133050 127.207712 -100.657205
1 -7.262281 0.200179 -26.707492 0.357568 132.359588 -100.770247
1 -4.524448 0.459024 34.425462 0.319660 132.055864 -100.770247
1 -6.012074 0.080187 19.919246 0.945350 156.536961 -100.770247
1 -6.207956 0.275397 82.250880 1.171878 178.630372 -100.770247
1 -6.138150 0.135594 10.736195 0.415071 132.143031 -100.770247
1 -4.022868 0.434279 60.489868 1.229356 175.945861 -100.770247
1 -5.589738 0.253610 18.178997 0.766572 147.337573 -100.770247
1 -7.356453 0.072439 -24.019453 0.162345 135.332878 -100.770247
1 -7.688802 0.192300 -59.238864 0.450438 140.046217 -100.770247
1 -6.319719 0.006167 5.456622 0.225987 130.228031 -100.770247
1 -7.150382 0.094354 -43.162574 0.925476 158.942727 -100.906143
1 -5.880073 0.102747 73.788364 0.891285 157.801177 -100.906143
1 -7.089761 0.199707 26.723244 0.850264 159.070099 -100.906143
1 -6.793757 0.189340 65.225386 1.766014 193.824506 -100.906143
1 -5.366746 0.204660 49.835344 0.690044 144.304894 -100.906143
1 -3.409689 0.652099 51.521965 1.279423 169.998800 -100.906143
1 -5.692865 0.189086 58.824464 0.339067 141.703049 -100.906143
1 -3.417665 0.669483 44.780477 1.969342 191.883613 -100.906143
1 -9.152745 0.120340 -82.976119 0.313096 149.746309 -100.906143
1 -6.214609 0.290972 3.308593 0.354835 133.032721 -100.906143
1 -7.126473 0.085143 -39.999966 1.145725 162.371024 -101.018308
1 -4.650584 0.446362 68.528393 0.250883 145.693463 -101.018308
1 -6.477505 0.007967 -34.216045 0.888932 157.173684 -101.018308
1 -10.219597 0.273230 54.049579 1.075630 176.527055 -101.018308
1 -3.150129 0.527050 63.299698 1.604731 190.909321 -101.018308
1 -5.325326 0.559659 28.368412 1.387155 169.995113 -101.018308
1 -4.598253 0.401159 35.833524 0.423412 136.087070 -101.018308
1 -4.401101 0.468567 48.493425 0.225031 138.440891 -101.018308
1 -3.900444 0.597289 75.060497 0.249322 149.960151 -101.018308
1 -5.574628 0.215886 46.267465 0.986440 162.736479 -101.018308
1 -3.036360 0.745292 65.403899 0.821714 177.497952 -101.114961
1 -4.779798 0.335805 46.038340 0.212552 128.575564 -101.114961
1 -7.619151 0.112718 -42.357409 0.591638 149.268249 -101.114961
1 -6.631915 0.314420 33.841022 1.603104 181.142965 -101.114961
1 -5.374038 0.570704 40.751852 0.243000 144.519167 -101.114961
1 -4.589275 0.569630 33.529588 1.828538 182.477252 -101.114961
1 -5.572527 0.265182 19.651142 0.207932 127.327044 -101.114961
1 -5.133319 0.392773 48.916125 1.403760 178.345194 -101.114961
1 -3.516581 0.591711 67.005202 0.273687 146.837906 -101.114961
1 -6.174811 0.715961 3.934570 0.094354 129.192983 -101.114961
1 -3.482595 0.638239 48.997715 0.282266 138.252008 -101.219320
1 -6.873682 0.583737 3.398802 0.711521 131.504681 -101.219320
1 -3.904546 0.631484 32.769526 2.119579 186.545513 -101.219320
1 -5.682154 0.470128 69.194681 0.073341 145.722669 -101.219320
1 -3.684292 0.563492 57.040284 0.299251 143.817984 -101.219320
1 -5.099625 0.418766 20.049576 1.227013 159.784168 -101.219320
1 -5.317205 0.333998 25.279613 0.459387 139.224235 -101.219320
1 -6.058239 0.636755 46.492481 1.157281 176.407889 -101.219320
1 -3.269903 0.734471 43.220271 0.906471 155.629066 -101.219320
1 -7.125900 0.060694 -86.216106 0.273787 140.920904 -101.219320
1 -4.162098 0.656551 50.205770 0.133733 125.860442 -101.318602
1 -6.854657 0.611606 7.447933 0.359949 140.632535 -101.318602
1 -4.796396 0.699504 54.261713 1.481151 190.454986 -101.318602
1 -6.070286 0.480303 62.443379 0.842910 171.212751 -101.318602
1 -3.875442 0.726966 48.519966 0.036174 125.397175 -101.318602
1 -4.963832 0.268427 49.936675 0.235349 133.246117 -101.318602
1 -5.041388 0.350742 46.566862 0.516942 135.633901 -101.318602
1 -2.915464 0.659328 61.732911 1.203001 180.969412 -101.318602
1 -3.824142 0.658091 38.964762 0.866894 156.725724 -101.318602
1 -7.960563 0.189856 -34.449201 1.290506 166.383591 -101.318602
1 -4.686207 0.594758 44.070477 0.554838 153.307949 -101.415471
1 -3.901707 0.647673 70.219041 0.556941 167.701826 -101.415471
1 -4.466649 0.561959 66.590136 1.403448 191.499000 -101.415471
1 -2.510983 0.732544 72.593460 1.077002 189.254159 -101.415471
1 -4.546863 0.708710 34.732254 0.536719 133.928566 -101.415471
1 -5.301772 0.231745 58.839458 0.200416 129.001053 -101.415471
1 -5.722035 0.277934 69.011064 0.383453 135.327510 -101.415471
1 -2.476054 0.694007 70.828585 1.395528 196.077266 -101.415471
1 -5.803073 0.319186 65.449976 0.277372 146.168160 -101.415471
1 -7.918952 0.235007 -32.270619 1.338995 169.153076 -101.415471
1 -8.088554 0.244952 -1.669867 0.604661 150.134904 -101.514209
1 -2.456706 0.789335 66.982665 0.927375 183.083023 -101.514209
1 -4.318606 0.493833 48.913944 2.018615 196.330855 -101.514209
1 -6.487538 0.150110 63.407063 0.241781 124.804993 -101.514209
1 -4.408906 0.781576 23.988782 0.249662 133.287557 -101.514209
1 -6.691197 0.242455 73.282840 0.572257 141.483093 -101.514209
1 -5.082014 0.246767 46.812959 0.339986 132.918096 -101.514209
1 -2.787620 0.665177 72.110858 1.182730 188.989136 -101.514209
1 -2.993673 0.751756 70.563839 0.163636 155.711975 -101.514209
1 -6.621960 0.128644 -8.668030 1.460814 173.806917 -101.514209
1 -4.480782 0.333482 42.575999 1.126268 160.902720 -101.621735
1 -3.727668 0.582295 60.075214 0.289229 137.427068 -101.621735
1 -9.760005 0.761785 6.800624 2.655060 199.949248 -101.621735
1 -6.022017 0.108391 51.060460 0.598520 139.893634 -101.621735
1 -3.150401 0.796022 47.622770 0.340061 150.127742 -101.621735
1 -10.620446 0.439562 -51.378091 0.232275 140.186592 -101.621735
1 -5.773545 0.189587 68.071506 0.783068 150.743647 -101.621735
1 -6.384243 0.097126 74.214175 1.897229 196.055376 -101.621735
1 -3.278936 0.745750 67.357048 1.239503 194.565175 -101.621735
1 -8.598913 0.402502 -27.360514 0.862587 152.537426 -101.621735
1 -7.042970 0.142893 42.819686 0.227050 119.218090 -101.724814
1 -4.337228 0.695126 46.240934 0.384697 151.997006 -101.724814
1 -7.199812 0.270621 9.808159 0.808466 154.786559 -101.724814
1 -6.591424 0.523643 68.989126 0.065983 151.257896 -101.724814
1 -6.227037 0.756861 41.570145 0.781125 168.970444 -101.724814
1 -3.743847 0.472322 54.197146 1.345880 173.235822 -101.724814
1 -5.686494 0.285031 81.392248 0.397757 144.222909 -101.724814
1 -9.417306 0.776662 45.629231 0.465469 171.418508 -101.724814
1 -4.286674 0.705193 52.244722 1.316997 183.364002 -101.724814
1 -9.607254 0.580300 -25.137757 0.525318 145.657596 -101.724814
1 -5.879946 0.349275 20.812236 0.748714 137.952319 -101.819692
1 -3.105824 0.644398 65.996097 1.239157 186.006591 -101.819692
1 -6.577755 0.329776 10.634604 0.434539 124.792740 -101.819692
1 -3.446038 0.684475 40.566593 1.128666 160.653833 -101.819692
1 -5.345398 0.675982 47.383239 0.555161 134.718187 -101.819692
1 -4.210260 0.641237 49.710127 1.382738 180.781819 -101.819692
1 -4.989899 0.402210 77.090343 0.307254 144.135119 -101.819692
1 -4.938499 0.365290 66.546409 0.771887 153.410649 -101.819692
1 -3.447261 0.778616 59.235375 1.281250 190.614644 -101.819692
1 -10.045890 0.552833 -29.733239 1.134267 163.712855 -101.819692
1 -2.417611 0.736485 63.012474 1.322372 187.821427 -101.904010
1 -4.335955 0.702170 71.778940 1.189568 196.526690 -101.904010
1 -6.360115 0.251920 8.920149 0.121708 117.358425 -101.904010
1 -3.153476 0.668888 48.453686 2.129183 199.009444 -101.904010
1 -3.295291 0.644027 49.619689 2.089845 198.888408 -101.904010
1 -3.709449 0.649574 44.190943 1.331499 173.737473 -101.904010
1 -9.673514 0.777527 -21.123079 2.055204 179.044100 -101.904010
1 -3.743386 0.497818 57.718970 0.704217 156.541980 -101.904010
1 -3.051735 0.784780 56.735404 1.473999 192.776875 -101.904010
1 -5.569808 0.495743 46.686488 1.341615 177.727465 -101.904010
1 -2.436166 0.792945 57.821298 0.981670 174.439546 -101.979656
1 -5.165582 0.511857 23.141443 0.509232 131.043768 -101.979656
1 -2.778733 0.794387 67.143500 1.103687 192.060623 -101.979656
1 -5.673062 0.489930 9.291349 1.836201 175.720949 -101.979656
1 -5.618255 0.628511 15.508271 2.743087 198.895153 -101.979656
1 -4.175449 0.749928 58.353690 0.628648 148.808509 -101.979656
1 -6.743715 0.736281 -2.592939 2.468166 185.891043 -101.979656
1 -4.392793 0.496782 42.413517 0.231594 136.783969 -101.979656
1 -3.536469 0.665767 60.452339 1.132638 180.532382 -101.979656
1 -3.046401 0.684315 56.059788 1.461666 186.225842 -101.979656
1 -7.652543 0.115288 80.534175 1.069360 171.859038 -102.069967
1 -3.706863 0.795100 35.721786 0.380639 145.176144 -102.069967
1 -2.549686 0.712606 67.081619 1.021652 177.041659 -102.069967
1 -6.090323 0.759589 22.998271 2.160193 189.330189 -102.069967
1 -5.110014 0.623344 39.086535 2.115463 194.494971 -102.069967
1 -4.854135 0.635349 37.890106 0.333317 125.883059 -102.069967
1 -6.802962 0.785646 -0.647987 2.118336 181.751000 -102.069967
1 -3.752794 0.530541 62.825687 0.367751 147.497852 -102.069967
1 -2.320355 0.779798 66.577741 1.094675 183.432781 -102.069967
1 -2.278674 0.791848 63.346004 1.472145 196.527604 -102.069967
1 -6.438635 0.112467 -89.286728 1.655739 188.988297 -102.153899
1 -2.366697 0.788107 58.265726 1.694101 197.923490 -102.153899
1 -2.274219 0.779927 64.203327 1.333649 190.414385 -102.153899
1 -8.204832 0.701541 66.937134 0.371646 174.784946 -102.153899
1 -4.488236 0.623725 35.439194 1.912727 185.798500 -102.153899
1 -5.326254 0.556205 27.144200 0.207705 119.644457 -102.153899
1 -5.169290 0.787097 15.671963 2.437302 189.612767 -102.153899
1 -4.112312 0.584977 46.343851 0.335209 131.852301 -102.153899
1 -4.436087 0.734156 64.230174 0.433102 168.241172 -102.153899
1 -2.795013 0.715386 59.961854 1.454706 190.293772 -102.153899
1 -6.644713 0.082316 -81.297655 1.174709 166.727941 -102.234416
1 -2.371941 0.769079 70.947762 1.215684 195.150160 -102.234416
1 -2.752019 0.687222 57.204705 1.001087 168.292912 -102.234416
1 -4.627320 0.667088 80.565791 0.326232 166.556019 -102.234416
1 -3.803283 0.627051 34.259523 2.214589 190.650601 -102.234416
1 -4.086490 0.670192 33.874765 0.845932 146.400987 -102.234416
1 -3.650532 0.784095 34.236567 2.026856 183.354893 -102.234416
1 -4.492190 0.738187 33.361852 0.304870 127.740364 -102.234416
1 -5.101979 0.799231 68.180258 0.086666 167.985256 -102.234416
1 -2.628997 0.732553 54.715986 1.772155 194.663758 -102.234416
1 -6.414291 0.014444 -76.610813 0.957049 159.599682 -102.322398
1 -2.712159 0.777175 52.291147 0.803311 163.489148 -102.322398
1 -3.399785 0.776527 50.503825 0.487909 158.290139 -102.322398
1 -2.662042 0.711423 60.388176 0.777158 164.537701 -102.322398
1 -5.184024 0.560680 36.654412 2.034706 190.889841 -102.322398
1 -4.133043 0.605063 59.977033 0.443891 156.466318 -102.322398
1 -3.770168 0.724343 47.273375 1.513178 184.002501 -102.322398
1 -6.081501 0.672655 30.190547 0.426537 122.717752 -102.322398
1 -4.556330 0.795129 61.863169 0.006500 158.432072 -102.322398
1 -3.973824 0.787209 46.903279 0.434610 137.500280 -102.322398
1 -6.634623 0.066184 -68.397863 0.436488 139.461127 -102.408782
1 -2.966941 0.686197 54.887500 1.154506 169.703165 -102.408782
1 -3.230330 0.747653 43.739945 0.870539 155.030125 -102.408782
1 -6.456434 0.018143 -52.375943 1.441259 176.924739 -102.408782
1 -4.776515 0.569353 31.957029 2.390324 196.850585 -102.408782
1 -3.391618 0.526957 54.715197 1.296367 172.898721 -102.408782
1 -3.176922 0.752667 45.586211 1.396862 177.893948 -102.408782
1 -4.372784 0.647319 26.307044 1.158004 158.541136 -102.408782
1 -4.550375 0.774149 38.369356 0.698470 160.708749 -102.408782
1 -4.450098 0.754099 43.415310 0.690724 141.955699 -102.408782
1 -9.117442 0.491333 -26.636322 1.811427 181.764771 -102.518280
1 -3.581951 0.711845 37.920409 1.434970 167.892441 -102.518280
1 -3.441140 0.655549 42.596167 1.507505 176.277504 -102.518280
1 -6.680393 0.050965 -34.056740 0.899516 156.430839 -102.518280
1 -5.069051 0.578950 30.565753 2.319747 194.684189 -102.518280
1 -9.529347 0.572597 8.427692 0.423788 111.361320 -102.518280
1 -3.213030 0.570288 52.701960 1.346412 175.181924 -102.518280
1 -5.113815 0.587067 51.794531 1.579929 188.331769 -102.518280
1 -5.551055 0.179424 75.267261 1.404190 180.321228 -102.518280
1 -5.063695 0.607160 24.300754 0.326727 138.063918 -102.518280
1 -7.559689 0.188659 -31.970186 1.630151 180.882559 -102.607950
1 -3.266502 0.654561 59.757658 0.371535 150.939422 -102.607950
1 -3.495419 0.695145 46.942795 0.173425 138.516288 -102.607950
1 -8.317032 0.218458 -30.683391 0.601939 149.078133 -102.607950
1 -3.428197 0.697038 44.516216 0.712291 155.041605 -102.607950
1 -7.280383 0.502608 6.295041 0.353747 140.899354 -102.607950
1 -2.892729 0.614726 64.899203 1.052448 174.508786 -102.607950
1 -3.751069 0.680509 53.550608 0.845609 167.652977 -102.607950
1 -5.448634 0.765288 15.778012 0.369650 141.523365 -102.607950
1 -5.845580 0.502371 6.090182 1.209572 155.256811 -102.607950
1 -6.487268 0.023000 -51.089802 1.027758 159.287010 -102.682312
1 -3.363525 0.509191 61.719756 1.826352 197.922463 -102.682312
1 -2.960258 0.757069 55.924708 1.436664 188.651309 -102.682312
1 -2.810432 0.767502 57.052485 0.265549 148.386475 -102.682312
1 -4.147631 0.670109 29.155280 1.085223 157.442189 -102.682312
1 -6.227879 0.037184 12.471099 0.708186 146.078231 -102.682312
1 -5.123372 0.616862 34.346794 2.217072 194.126826 -102.682312
1 -2.741136 0.765621 57.601215 0.933968 166.334716 -102.682312
1 -6.473540 0.760723 9.304326 0.016465 134.785437 -102.682312
1 -4.908323 0.467956 21.887640 1.330262 162.769916 -102.682312
1 -6.424839 0.012127 -58.014541 0.702425 149.588304 -102.766537
1 -4.529646 0.606725 82.214604 0.789026 180.259799 -102.766537
1 -2.348159 0.753976 62.873236 1.658605 198.789566 -102.766537
1 -3.199404 0.782446 66.861745 0.189728 143.554519 -102.766537
1 -4.557014 0.715957 51.531729 1.124213 178.621349 -102.766537
1 -3.923415 0.534582 74.381075 0.793143 170.373694 -102.766537
1 -3.692507 0.613266 49.885154 1.726262 188.837017 -102.766537
1 -6.309359 0.077626 38.647391 0.552604 136.563400 -102.766537
1 -5.249230 0.780347 25.704027 0.490498 129.531495 -102.766537
1 -5.902220 0.744655 9.541078 1.399385 154.600864 -102.766537
1 -8.398870 0.315570 -29.424255 1.576666 178.011301 -102.852549
1 -7.753944 0.451282 79.954674 0.601834 170.327753 -102.852549
1 -2.537545 0.772064 66.051810 1.215994 191.355372 -102.852549
1 -3.085443 0.703286 51.186718 0.486665 148.879691 -102.852549
1 -3.032564 0.718539 45.920496 1.294271 171.780760 -102.852549
1 -3.691984 0.758782 67.676887 1.203125 195.988619 -102.852549
1 -2.723387 0.666296 55.493059 1.751854 192.357845 -102.852549
1 -6.204993 0.085089 52.890537 0.652918 151.259067 -102.852549
1 -3.917138 0.797331 33.523629 0.018644 129.264226 -102.852549
1 -3.244703 0.787251 43.613195 0.508991 151.713544 -102.852549
