chi multiples
 N    ID    z   Narcs    chip    chix    chiy    chia   rmss     rmsi    dx      dy    nwarn
 0    1.2 1.036   1      0.42    0.00    0.00    0.00   0.095    0.32    0.31   -0.08  0
 0    1.1 1.036   1      0.21    0.00    0.00    0.00   0.095    0.23   -0.21    0.10  0
 0    1.2 1.036   2      0.63    0.00    0.00    0.00   0.095    0.28    N/A     N/A   0
 1    2.2 1.036   1      0.18    0.00    0.00    0.00   0.050    0.21   -0.20   -0.07  0
 1    2.1 1.036   1      0.06    0.00    0.00    0.00   0.050    0.12    0.12   -0.03  0
 1    2.2 1.036   2      0.24    0.00    0.00    0.00   0.050    0.17    N/A     N/A   0
chimul                   0.87    0.00    0.00    0.00   0.076    0.23    N/A     N/A   0
log(Likelihood)         -2.24

chitot           0.87
log(Likelihood)    -2.24
