#REFERENCE 0 328.4033970 17.6954390
2.1 328.4081137 17.6981322 0.188000 0.187994 14.10436 1.0360 0.00 
2.2 328.4026315 17.6901807 0.129967 0.019573 7.54451 1.0360 2.79 
2.2 328.4081820 17.6981163 0.131580 0.035956 38.64374 1.0360 2.11 
2.2 328.4073517 17.6945950 0.105872 0.051804 61.54177 1.0360 1.95 
1.1 328.4073800 17.6945475 0.385712 0.108548 100.27010 1.0360 -0.25 
1.1 328.4026982 17.6901743 0.239500 0.074378 170.36174 1.0360 0.67 
1.1 328.4082359 17.6980825 0.182004 0.181999 101.90056 1.0360 -0.00 
1.2 328.4025427 17.6901811 0.170761 0.030279 0.18762 1.0360 2.02 
1.2 328.4078057 17.6975383 0.334280 0.082896 73.52163 1.0360 0.19 
1.2 328.4073269 17.6946719 0.167698 0.060365 80.80436 1.0360 1.29 
1.2 328.4081103 17.6981357 0.143141 0.069828 16.91019 1.0360 1.30 
1.2 328.4076561 17.6971995 0.182000 0.181995 45.37101 1.0360 0.00 
