#REFERENCE 3 28.1644670 -13.9684820
1	-0.195312	-1.432911	0.033953	-0.880431	
1	-0.156250	-1.444348	0.033327	-0.892645	
2	-0.234375	-1.418819	0.034943	-0.865651	
2	-0.195312	-1.432911	0.033953	-0.880431	
3	-0.234375	-1.418819	0.034943	-0.865651	
3	-0.263510	-1.406250	0.036008	-0.852571	
4	-0.078125	-1.460748	0.032790	-0.911109	
4	-0.039062	-1.465470	0.032759	-0.916985	
5	-0.039062	-1.465470	0.032759	-0.916985	
5	0.000000	-1.467969	0.032795	-0.920721	
6	-0.117188	-1.453728	0.032955	-0.903014	
6	-0.152121	-1.445312	0.033283	-0.893667	
7	-0.117188	-1.453728	0.032955	-0.903014	
7	-0.078125	-1.460748	0.032790	-0.911109	
8	-0.156250	-1.444348	0.033327	-0.892645	
8	-0.152121	-1.445312	0.033283	-0.893667	
9	-0.312500	-1.382694	0.038358	-0.828695	
9	-0.273438	-1.402026	0.036390	-0.848310	
10	-0.273438	-1.402026	0.036390	-0.848310	
10	-0.263510	-1.406250	0.036008	-0.852571	
11	-0.390625	-1.334511	0.044498	-0.780675	
11	-0.399277	-1.328125	0.045438	-0.774339	
12	-0.312500	-1.382694	0.038358	-0.828695	
12	-0.339418	-1.367188	0.040166	-0.813013	
13	-0.351562	-1.360192	0.041024	-0.806109	
13	-0.339418	-1.367188	0.040166	-0.813013	
14	-0.390625	-1.334511	0.044498	-0.780675	
14	-0.351562	-1.360192	0.041024	-0.806109	
15	-0.429688	-1.305323	0.048957	-0.752149	
15	-0.449003	-1.289062	0.051677	-0.736315	
16	-0.429688	-1.305323	0.048957	-0.752149	
16	-0.399277	-1.328125	0.045438	-0.774339	
17	-0.468750	-1.271999	0.054663	-0.719977	
17	-0.449003	-1.289062	0.051677	-0.736315	
18	-0.468750	-1.271999	0.054663	-0.719977	
18	-0.491716	-1.250000	0.058779	-0.698902	
19	-0.625000	-1.080632	0.098287	-0.543012	
19	-0.640129	-1.054688	0.105472	-0.520062	
20	-0.640129	-1.054688	0.105472	-0.520062	
20	-0.660726	-1.015625	0.116834	-0.485949	
21	-0.664062	-1.008764	0.118899	-0.480004	
21	-0.679175	-0.976562	0.128801	-0.452485	
22	-0.664062	-1.008764	0.118899	-0.480004	
22	-0.660726	-1.015625	0.116834	-0.485949	
23	-0.679175	-0.976562	0.128801	-0.452485	
23	-0.695416	-0.937500	0.141389	-0.419607	
24	-0.703125	-0.916666	0.148371	-0.402280	
24	-0.709749	-0.898438	0.154563	-0.387403	
25	-0.709749	-0.898438	0.154563	-0.387403	
25	-0.722363	-0.859375	0.168295	-0.355936	
26	-0.703125	-0.916666	0.148371	-0.402280	
26	-0.695416	-0.937500	0.141389	-0.419607	
27	-0.722363	-0.859375	0.168295	-0.355936	
27	-0.733127	-0.820312	0.182612	-0.325149	
28	-0.733127	-0.820312	0.182612	-0.325149	
28	-0.742153	-0.781250	0.197501	-0.295095	
29	-0.742188	-0.781073	0.197570	-0.294960	
29	-0.749971	-0.742188	0.212841	-0.266024	
30	-0.742188	-0.781073	0.197570	-0.294960	
30	-0.742153	-0.781250	0.197501	-0.295095	
31	-0.749971	-0.742188	0.212841	-0.266024	
31	-0.756244	-0.703125	0.228697	-0.237819	
32	-0.756244	-0.703125	0.228697	-0.237819	
32	-0.761056	-0.664062	0.245042	-0.210553	
33	-0.761056	-0.664062	0.245042	-0.210553	
33	-0.764487	-0.625000	0.261842	-0.184309	
34	-0.546875	-1.190421	0.071126	-0.642945	
34	-0.561831	-1.171875	0.075336	-0.625732	
35	-0.507812	-1.233988	0.061912	-0.683787	
35	-0.528973	-1.210938	0.066682	-0.662045	
36	-0.507812	-1.233988	0.061912	-0.683787	
36	-0.491716	-1.250000	0.058779	-0.698902	
37	-0.546875	-1.190421	0.071126	-0.642945	
37	-0.528973	-1.210938	0.066682	-0.662045	
38	-0.585938	-1.139961	0.082935	-0.596474	
38	-0.590988	-1.132812	0.084705	-0.589957	
39	-0.585938	-1.139961	0.082935	-0.596474	
39	-0.561831	-1.171875	0.075336	-0.625732	
40	-0.590988	-1.132812	0.084705	-0.589957	
40	-0.616943	-1.093750	0.094760	-0.554724	
41	-0.625000	-1.080632	0.098287	-0.543012	
41	-0.616943	-1.093750	0.094760	-0.554724	
42	-0.764487	-0.625000	0.261842	-0.184309	
42	-0.766614	-0.585938	0.279054	-0.159179	
43	-0.766614	-0.585938	0.279054	-0.159179	
43	-0.767508	-0.546875	0.296625	-0.135259	
44	-0.767508	-0.546875	0.296625	-0.135259	
44	-0.767236	-0.507812	0.314491	-0.112654	
45	-0.767236	-0.507812	0.314491	-0.112654	
45	-0.765864	-0.468750	0.332575	-0.091477	
46	-0.765864	-0.468750	0.332575	-0.091477	
46	-0.763463	-0.429688	0.350780	-0.071846	
47	-0.763463	-0.429688	0.350780	-0.071846	
47	-0.760116	-0.390625	0.368983	-0.053888	
48	-0.760116	-0.390625	0.368983	-0.053888	
48	-0.755925	-0.351562	0.387029	-0.037737	
49	-0.755925	-0.351562	0.387029	-0.037737	
49	-0.751031	-0.312500	0.404713	-0.023534	
50	-0.751031	-0.312500	0.404713	-0.023534	
50	-0.745630	-0.273438	0.421770	-0.011416	
51	-0.742188	-0.249397	0.431797	-0.005055	
51	-0.740167	-0.234375	0.437753	-0.001560	
52	-0.745630	-0.273438	0.421770	-0.011416	
52	-0.742188	-0.249397	0.431797	-0.005055	
53	-0.740167	-0.234375	0.437753	-0.001560	
53	-0.735066	-0.195312	0.452164	0.005961	
54	-0.735066	-0.195312	0.452164	0.005961	
54	-0.730448	-0.156250	0.464642	0.011274	
55	-0.730448	-0.156250	0.464642	0.011274	
55	-0.726788	-0.117188	0.474603	0.014543	
56	-0.726788	-0.117188	0.474603	0.014543	
56	-0.724569	-0.078125	0.481456	0.016119	
57	-0.724569	-0.078125	0.481456	0.016119	
57	-0.724190	-0.039062	0.484705	0.016564	
58	-0.724190	-0.039062	0.484705	0.016564	
58	-0.725861	0.000000	0.484067	0.016608	
59	0.312500	-1.406788	0.027707	-0.872883	
59	0.313624	-1.406250	0.027639	-0.872399	
60	0.468750	-1.312967	0.012954	-0.790169	
60	0.497604	-1.289062	0.008260	-0.768938	
61	0.507812	-1.280364	0.006495	-0.761329	
61	0.539909	-1.250000	-0.000058	-0.734515	
62	0.497604	-1.289062	0.008260	-0.768938	
62	0.507812	-1.280364	0.006495	-0.761329	
63	0.313624	-1.406250	0.027639	-0.872399	
63	0.351562	-1.388212	0.025311	-0.856686	
64	0.351562	-1.388212	0.025311	-0.856686	
64	0.389043	-1.367188	0.022238	-0.838070	
65	0.389043	-1.367188	0.022238	-0.838070	
65	0.390625	-1.366299	0.022105	-0.837304	
66	0.429688	-1.341493	0.018083	-0.815420	
66	0.448163	-1.328125	0.015719	-0.803468	
67	0.390625	-1.366299	0.022105	-0.837304	
67	0.429688	-1.341493	0.018083	-0.815420	
68	0.448163	-1.328125	0.015719	-0.803468	
68	0.468750	-1.312967	0.012954	-0.790169	
69	0.078125	-1.466417	0.032821	-0.921897	
69	0.117188	-1.462336	0.032684	-0.919309	
70	0.117188	-1.462336	0.032684	-0.919309	
70	0.156250	-1.455975	0.032357	-0.914523	
71	0.000000	-1.467969	0.032795	-0.920721	
71	0.039062	-1.468284	0.032837	-0.922356	
72	0.039062	-1.468284	0.032837	-0.922356	
72	0.078125	-1.466417	0.032821	-0.921897	
73	0.273438	-1.423008	0.029562	-0.887034	
73	0.312500	-1.406788	0.027707	-0.872883	
74	0.234375	-1.436383	0.030871	-0.898436	
74	0.273438	-1.423008	0.029562	-0.887034	
75	0.156250	-1.455975	0.032357	-0.914523	
75	0.195312	-1.447230	0.031763	-0.907432	
76	0.195312	-1.447230	0.031763	-0.907432	
76	0.202080	-1.445312	0.031609	-0.905765	
77	0.202080	-1.445312	0.031609	-0.905765	
77	0.234375	-1.436383	0.030871	-0.898436	
78	0.539909	-1.250000	-0.000058	-0.734515	
78	0.546875	-1.243142	-0.001590	-0.728531	
79	0.546875	-1.243142	-0.001590	-0.728531	
79	0.576714	-1.210938	-0.009169	-0.700265	
80	0.585938	-1.200439	-0.011736	-0.691137	
80	0.609115	-1.171875	-0.019023	-0.666257	
81	0.576714	-1.210938	-0.009169	-0.700265	
81	0.585938	-1.200439	-0.011736	-0.691137	
82	0.609115	-1.171875	-0.019023	-0.666257	
82	0.625000	-1.150919	-0.024595	-0.648151	
83	0.625000	-1.150919	-0.024595	-0.648151	
83	0.637831	-1.132812	-0.029581	-0.632540	
84	0.637831	-1.132812	-0.029581	-0.632540	
84	0.663311	-1.093750	-0.040819	-0.599131	
85	0.663311	-1.093750	-0.040819	-0.599131	
85	0.664062	-1.092523	-0.041183	-0.598086	
86	0.664062	-1.092523	-0.041183	-0.598086	
86	0.686048	-1.054688	-0.052699	-0.566108	
87	0.686048	-1.054688	-0.052699	-0.566108	
87	0.703125	-1.021728	-0.063236	-0.538496	
88	0.703125	-1.021728	-0.063236	-0.538496	
88	0.706163	-1.015625	-0.065225	-0.533441	
89	0.706163	-1.015625	-0.065225	-0.533441	
89	0.724118	-0.976562	-0.078343	-0.501260	
90	0.724118	-0.976562	-0.078343	-0.501260	
90	0.739782	-0.937500	-0.092092	-0.469470	
91	0.739782	-0.937500	-0.092092	-0.469470	
91	0.742188	-0.930846	-0.094505	-0.464077	
92	0.742188	-0.930846	-0.094505	-0.464077	
92	0.753690	-0.898438	-0.106385	-0.438275	
93	0.753690	-0.898438	-0.106385	-0.438275	
93	0.765695	-0.859375	-0.121259	-0.407600	
94	0.765695	-0.859375	-0.121259	-0.407600	
94	0.775840	-0.820312	-0.136718	-0.377458	
95	0.775840	-0.820312	-0.136718	-0.377458	
95	0.781250	-0.795545	-0.146846	-0.358598	
96	0.781250	-0.795545	-0.146846	-0.358598	
96	0.784391	-0.781250	-0.152709	-0.347980	
97	0.784391	-0.781250	-0.152709	-0.347980	
97	0.791539	-0.742188	-0.169178	-0.319271	
98	0.791539	-0.742188	-0.169178	-0.319271	
98	0.797118	-0.703125	-0.186169	-0.291283	
99	0.797118	-0.703125	-0.186169	-0.291283	
99	0.801208	-0.664062	-0.203654	-0.264087	
100	0.801208	-0.664062	-0.203654	-0.264087	
100	0.803881	-0.625000	-0.221605	-0.237762	
101	0.803881	-0.625000	-0.221605	-0.237762	
101	0.805201	-0.585938	-0.239986	-0.212392	
102	0.805201	-0.585938	-0.239986	-0.212392	
102	0.805224	-0.546875	-0.258753	-0.188065	
103	0.805224	-0.546875	-0.258753	-0.188065	
103	0.803996	-0.507812	-0.277859	-0.164875	
104	0.803996	-0.507812	-0.277859	-0.164875	
104	0.801559	-0.468750	-0.297245	-0.142921	
105	0.801559	-0.468750	-0.297245	-0.142921	
105	0.797953	-0.429688	-0.316839	-0.122309	
106	0.797953	-0.429688	-0.316839	-0.122309	
106	0.793218	-0.390625	-0.336556	-0.103153	
107	0.793218	-0.390625	-0.336556	-0.103153	
107	0.787408	-0.351562	-0.356285	-0.085576	
108	0.781250	-0.316176	-0.374064	-0.071119	
108	0.787408	-0.351562	-0.356285	-0.085576	
109	0.780655	-0.312500	-0.375853	-0.069738	
109	0.781250	-0.316176	-0.374064	-0.071119	
110	0.780655	-0.312500	-0.375853	-0.069738	
110	0.773592	-0.273438	-0.394781	-0.055973	
111	0.773592	-0.273438	-0.394781	-0.055973	
111	0.765868	-0.234375	-0.413069	-0.044197	
112	0.765868	-0.234375	-0.413069	-0.044197	
112	0.757709	-0.195312	-0.430391	-0.034526	
113	0.757709	-0.195312	-0.430391	-0.034526	
113	0.749441	-0.156250	-0.446319	-0.027042	
114	0.741543	-0.117188	-0.460293	-0.021756	
114	0.742188	-0.120522	-0.459193	-0.022123	
115	0.742188	-0.120522	-0.459193	-0.022123	
115	0.749441	-0.156250	-0.446319	-0.027042	
116	0.741543	-0.117188	-0.460293	-0.021756	
116	0.734917	-0.078125	-0.471456	-0.018577	
117	0.734917	-0.078125	-0.471456	-0.018577	
117	0.729535	-0.039062	-0.479550	-0.017041	
118	0.729535	-0.039062	-0.479550	-0.017041	
118	0.725861	0.000000	-0.484067	-0.016608	
119	0.725861	0.000000	-0.484067	-0.016608	
119	0.724190	0.039062	-0.484705	-0.016564	
120	0.724190	0.039062	-0.484705	-0.016564	
120	0.724569	0.078125	-0.481456	-0.016119	
121	0.724569	0.078125	-0.481456	-0.016119	
121	0.726788	0.117188	-0.474603	-0.014543	
122	0.726788	0.117188	-0.474603	-0.014543	
122	0.730448	0.156250	-0.464642	-0.011274	
123	0.730448	0.156250	-0.464642	-0.011274	
123	0.735066	0.195312	-0.452164	-0.005961	
124	0.735066	0.195312	-0.452164	-0.005961	
124	0.740167	0.234375	-0.437753	0.001560	
125	0.740167	0.234375	-0.437753	0.001560	
125	0.742188	0.249397	-0.431797	0.005055	
126	0.742188	0.249397	-0.431797	0.005055	
126	0.745630	0.273438	-0.421770	0.011416	
127	0.745630	0.273438	-0.421770	0.011416	
127	0.751031	0.312500	-0.404713	0.023534	
128	0.751031	0.312500	-0.404713	0.023534	
128	0.755925	0.351562	-0.387029	0.037737	
129	0.755925	0.351562	-0.387029	0.037737	
129	0.760116	0.390625	-0.368983	0.053888	
130	0.760116	0.390625	-0.368983	0.053888	
130	0.763463	0.429688	-0.350780	0.071846	
131	0.763463	0.429688	-0.350780	0.071846	
131	0.765864	0.468750	-0.332575	0.091477	
132	0.765864	0.468750	-0.332575	0.091477	
132	0.767236	0.507812	-0.314491	0.112654	
133	0.767236	0.507812	-0.314491	0.112654	
133	0.767508	0.546875	-0.296625	0.135259	
134	0.767508	0.546875	-0.296625	0.135259	
134	0.766614	0.585938	-0.279054	0.159179	
135	0.766614	0.585938	-0.279054	0.159179	
135	0.764487	0.625000	-0.261842	0.184309	
136	0.764487	0.625000	-0.261842	0.184309	
136	0.761056	0.664062	-0.245042	0.210553	
137	0.761056	0.664062	-0.245042	0.210553	
137	0.756244	0.703125	-0.228697	0.237819	
138	0.756244	0.703125	-0.228697	0.237819	
138	0.749971	0.742188	-0.212841	0.266024	
139	0.742188	0.781073	-0.197570	0.294960	
139	0.749971	0.742188	-0.212841	0.266024	
140	0.742153	0.781250	-0.197501	0.295095	
140	0.742188	0.781073	-0.197570	0.294960	
141	0.742153	0.781250	-0.197501	0.295095	
141	0.733127	0.820312	-0.182612	0.325149	
142	0.733127	0.820312	-0.182612	0.325149	
142	0.722363	0.859375	-0.168295	0.355936	
143	0.722363	0.859375	-0.168295	0.355936	
143	0.709749	0.898438	-0.154563	0.387403	
144	0.703125	0.916666	-0.148371	0.402280	
144	0.709749	0.898438	-0.154563	0.387403	
145	0.695416	0.937500	-0.141389	0.419607	
145	0.703125	0.916666	-0.148371	0.402280	
146	0.695416	0.937500	-0.141389	0.419607	
146	0.679175	0.976562	-0.128801	0.452485	
147	0.664062	1.008764	-0.118899	0.480004	
147	0.679175	0.976562	-0.128801	0.452485	
148	0.660726	1.015625	-0.116834	0.485949	
148	0.664062	1.008764	-0.118899	0.480004	
149	0.660726	1.015625	-0.116834	0.485949	
149	0.640129	1.054688	-0.105472	0.520062	
150	0.625000	1.080632	-0.098287	0.543012	
150	0.640129	1.054688	-0.105472	0.520062	
151	0.616943	1.093750	-0.094760	0.554724	
151	0.625000	1.080632	-0.098287	0.543012	
152	0.616943	1.093750	-0.094760	0.554724	
152	0.590988	1.132812	-0.084705	0.589957	
153	0.585938	1.139961	-0.082935	0.596474	
153	0.590988	1.132812	-0.084705	0.589957	
154	0.561831	1.171875	-0.075336	0.625732	
154	0.585938	1.139961	-0.082935	0.596474	
155	0.546875	1.190421	-0.071126	0.642945	
155	0.561831	1.171875	-0.075336	0.625732	
156	0.528973	1.210938	-0.066682	0.662045	
156	0.546875	1.190421	-0.071126	0.642945	
157	0.507812	1.233988	-0.061912	0.683787	
157	0.528973	1.210938	-0.066682	0.662045	
158	0.491716	1.250000	-0.058779	0.698902	
158	0.507812	1.233988	-0.061912	0.683787	
159	0.273438	1.402026	-0.036390	0.848310	
159	0.312500	1.382694	-0.038358	0.828695	
160	0.263510	1.406250	-0.036008	0.852571	
160	0.273438	1.402026	-0.036390	0.848310	
161	0.156250	1.444348	-0.033327	0.892645	
161	0.195312	1.432911	-0.033953	0.880431	
162	0.195312	1.432911	-0.033953	0.880431	
162	0.234375	1.418819	-0.034943	0.865651	
163	0.234375	1.418819	-0.034943	0.865651	
163	0.263510	1.406250	-0.036008	0.852571	
164	0.039062	1.465470	-0.032759	0.916985	
164	0.078125	1.460748	-0.032790	0.911109	
165	0.000000	1.467969	-0.032795	0.920721	
165	0.039062	1.465470	-0.032759	0.916985	
166	0.152121	1.445312	-0.033283	0.893667	
166	0.156250	1.444348	-0.033327	0.892645	
167	0.117188	1.453728	-0.032955	0.903014	
167	0.152121	1.445312	-0.033283	0.893667	
168	0.078125	1.460748	-0.032790	0.911109	
168	0.117188	1.453728	-0.032955	0.903014	
169	0.449003	1.289062	-0.051677	0.736315	
169	0.468750	1.271999	-0.054663	0.719977	
170	0.429688	1.305323	-0.048957	0.752149	
170	0.449003	1.289062	-0.051677	0.736315	
171	0.399277	1.328125	-0.045438	0.774339	
171	0.429688	1.305323	-0.048957	0.752149	
172	0.390625	1.334511	-0.044498	0.780675	
172	0.399277	1.328125	-0.045438	0.774339	
173	0.339418	1.367188	-0.040166	0.813013	
173	0.351562	1.360192	-0.041024	0.806109	
174	0.351562	1.360192	-0.041024	0.806109	
174	0.390625	1.334511	-0.044498	0.780675	
175	0.312500	1.382694	-0.038358	0.828695	
175	0.339418	1.367188	-0.040166	0.813013	
176	0.468750	1.271999	-0.054663	0.719977	
176	0.491716	1.250000	-0.058779	0.698902	
177	-0.725861	0.000000	0.484067	0.016608	
177	-0.729535	0.039062	0.479550	0.017041	
178	-0.729535	0.039062	0.479550	0.017041	
178	-0.734917	0.078125	0.471456	0.018577	
179	-0.734917	0.078125	0.471456	0.018577	
179	-0.741543	0.117188	0.460293	0.021756	
180	-0.742188	0.120522	0.459193	0.022123	
180	-0.741543	0.117188	0.460293	0.021756	
181	-0.742188	0.120522	0.459193	0.022123	
181	-0.749441	0.156250	0.446319	0.027042	
182	-0.749441	0.156250	0.446319	0.027042	
182	-0.757709	0.195312	0.430391	0.034526	
183	-0.757709	0.195312	0.430391	0.034526	
183	-0.765868	0.234375	0.413069	0.044197	
184	-0.765868	0.234375	0.413069	0.044197	
184	-0.773592	0.273438	0.394781	0.055973	
185	-0.773592	0.273438	0.394781	0.055973	
185	-0.780655	0.312500	0.375853	0.069738	
186	-0.781250	0.316176	0.374064	0.071119	
186	-0.787408	0.351562	0.356285	0.085576	
187	-0.787408	0.351562	0.356285	0.085576	
187	-0.793218	0.390625	0.336556	0.103153	
188	-0.793218	0.390625	0.336556	0.103153	
188	-0.797953	0.429688	0.316839	0.122309	
189	-0.797953	0.429688	0.316839	0.122309	
189	-0.801559	0.468750	0.297245	0.142921	
190	-0.781250	0.316176	0.374064	0.071119	
190	-0.780655	0.312500	0.375853	0.069738	
191	-0.801559	0.468750	0.297245	0.142921	
191	-0.803996	0.507812	0.277859	0.164875	
192	-0.803996	0.507812	0.277859	0.164875	
192	-0.805224	0.546875	0.258753	0.188065	
193	-0.805224	0.546875	0.258753	0.188065	
193	-0.805201	0.585938	0.239986	0.212392	
194	-0.805201	0.585938	0.239986	0.212392	
194	-0.803881	0.625000	0.221605	0.237762	
195	-0.625000	1.150919	0.024595	0.648151	
195	-0.609115	1.171875	0.019023	0.666257	
196	-0.546875	1.243142	0.001590	0.728531	
196	-0.539909	1.250000	0.000058	0.734515	
197	-0.609115	1.171875	0.019023	0.666257	
197	-0.585938	1.200439	0.011736	0.691137	
198	-0.585938	1.200439	0.011736	0.691137	
198	-0.576714	1.210938	0.009169	0.700265	
199	-0.576714	1.210938	0.009169	0.700265	
199	-0.546875	1.243142	0.001590	0.728531	
200	-0.803881	0.625000	0.221605	0.237762	
200	-0.801208	0.664062	0.203654	0.264087	
201	-0.801208	0.664062	0.203654	0.264087	
201	-0.797118	0.703125	0.186169	0.291283	
202	-0.797118	0.703125	0.186169	0.291283	
202	-0.791539	0.742188	0.169178	0.319271	
203	-0.791539	0.742188	0.169178	0.319271	
203	-0.784391	0.781250	0.152709	0.347980	
204	-0.781250	0.795545	0.146846	0.358598	
204	-0.775840	0.820312	0.136718	0.377458	
205	-0.775840	0.820312	0.136718	0.377458	
205	-0.765695	0.859375	0.121259	0.407600	
206	-0.765695	0.859375	0.121259	0.407600	
206	-0.753690	0.898438	0.106385	0.438275	
207	-0.742188	0.930846	0.094505	0.464077	
207	-0.739782	0.937500	0.092092	0.469470	
208	-0.753690	0.898438	0.106385	0.438275	
208	-0.742188	0.930846	0.094505	0.464077	
209	-0.784391	0.781250	0.152709	0.347980	
209	-0.781250	0.795545	0.146846	0.358598	
210	-0.739782	0.937500	0.092092	0.469470	
210	-0.724118	0.976562	0.078343	0.501260	
211	-0.724118	0.976562	0.078343	0.501260	
211	-0.706163	1.015625	0.065225	0.533441	
212	-0.703125	1.021728	0.063236	0.538496	
212	-0.686048	1.054688	0.052699	0.566108	
213	-0.664062	1.092523	0.041183	0.598086	
213	-0.663311	1.093750	0.040819	0.599131	
214	-0.686048	1.054688	0.052699	0.566108	
214	-0.664062	1.092523	0.041183	0.598086	
215	-0.706163	1.015625	0.065225	0.533441	
215	-0.703125	1.021728	0.063236	0.538496	
216	-0.663311	1.093750	0.040819	0.599131	
216	-0.637831	1.132812	0.029581	0.632540	
217	-0.637831	1.132812	0.029581	0.632540	
217	-0.625000	1.150919	0.024595	0.648151	
218	-0.539909	1.250000	0.000058	0.734515	
218	-0.507812	1.280364	-0.006495	0.761329	
219	-0.507812	1.280364	-0.006495	0.761329	
219	-0.497604	1.289062	-0.008260	0.768938	
220	-0.497604	1.289062	-0.008260	0.768938	
220	-0.468750	1.312967	-0.012954	0.790169	
221	-0.468750	1.312967	-0.012954	0.790169	
221	-0.448163	1.328125	-0.015719	0.803468	
222	-0.390625	1.366299	-0.022105	0.837304	
222	-0.389043	1.367188	-0.022238	0.838070	
223	-0.351562	1.388212	-0.025311	0.856686	
223	-0.313624	1.406250	-0.027639	0.872399	
224	-0.389043	1.367188	-0.022238	0.838070	
224	-0.351562	1.388212	-0.025311	0.856686	
225	-0.448163	1.328125	-0.015719	0.803468	
225	-0.429688	1.341493	-0.018083	0.815420	
226	-0.429688	1.341493	-0.018083	0.815420	
226	-0.390625	1.366299	-0.022105	0.837304	
227	-0.313624	1.406250	-0.027639	0.872399	
227	-0.312500	1.406788	-0.027707	0.872883	
228	-0.117188	1.462336	-0.032684	0.919309	
228	-0.078125	1.466417	-0.032821	0.921897	
229	-0.156250	1.455975	-0.032357	0.914523	
229	-0.117188	1.462336	-0.032684	0.919309	
230	-0.039062	1.468284	-0.032837	0.922356	
230	0.000000	1.467969	-0.032795	0.920721	
231	-0.078125	1.466417	-0.032821	0.921897	
231	-0.039062	1.468284	-0.032837	0.922356	
232	-0.312500	1.406788	-0.027707	0.872883	
232	-0.273438	1.423008	-0.029562	0.887034	
233	-0.273438	1.423008	-0.029562	0.887034	
233	-0.234375	1.436383	-0.030871	0.898436	
234	-0.234375	1.436383	-0.030871	0.898436	
234	-0.202080	1.445312	-0.031609	0.905765	
235	-0.195312	1.447230	-0.031763	0.907432	
235	-0.156250	1.455975	-0.032357	0.914523	
236	-0.202080	1.445312	-0.031609	0.905765	
236	-0.195312	1.447230	-0.031763	0.907432	
