#REFERENCE 0 154.2861480 39.0496310
5.1 154.2858917 39.0498090 0.069001 0.068993 176.45659 4.5000 0.00 
5.2 154.2858627 39.0498310 0.158385 0.080917 93.15677 4.5000 -0.89 
5.2 154.2859089 39.0496338 0.120983 0.106277 54.90406 4.5000 -0.90 
5.2 154.2863008 39.0491745 0.075001 0.075000 108.04715 4.5000 -0.00 
6.1 154.2862615 39.0491473 0.054778 0.015322 169.55081 4.5000 1.72 
6.1 154.2858187 39.0497531 0.086164 0.049051 113.95134 4.5000 -0.03 
6.1 154.2858334 39.0496640 0.063997 0.063987 162.94491 4.5000 0.00 
6.2 154.2857979 39.0497386 0.451529 0.080776 88.26475 4.5000 -1.92 
6.2 154.2858097 39.0496628 0.406267 0.086965 77.85861 4.5000 -1.88 
6.2 154.2862413 39.0491440 0.079001 0.079000 109.69278 4.5000 -0.00 
