1 -3612.070294 0.501252 -84.958667 7.449397 28.415114 0.000000
1 -3612.070295 0.491449 65.259905 10.199022 93.408556 0.000000
1 -3612.070342 0.488565 76.154412 9.209473 217.896032 0.000000
1 -3612.483651 0.679955 24.339990 1.702531 241.202511 0.000000
1 -3612.105271 0.004285 77.729952 0.568871 98.509201 0.000000
1 -3612.070668 0.702323 -69.872763 8.769651 445.649562 0.000000
1 -2083.181106 0.470443 4.142018 0.295634 412.951573 0.000000
1 -3612.070309 0.201884 -53.497563 2.976529 65.863766 0.000000
1 -3612.070308 0.456300 11.320262 7.778138 179.028005 0.000000
1 -3612.070335 0.575767 -65.511518 7.817799 289.597938 0.000000
1 -1972.610054 0.109444 -20.509613 0.334057 369.007455 -1.377623
1 -3612.070294 0.348579 -76.538860 7.762563 61.080384 -1.377623
1 -3612.070714 0.583081 -43.091868 2.379228 130.640715 -1.377623
1 -3612.071102 0.745291 -52.966297 4.027169 237.119204 -1.377623
1 -3614.717974 0.333151 -81.101476 1.864883 293.789369 -1.377623
1 -3612.070596 0.547674 61.685017 9.094887 286.273840 -1.377623
1 -3612.070551 0.273056 -66.716553 5.924336 277.143113 -1.377623
1 -3612.070296 0.179902 -61.388488 3.603350 50.739917 -1.377623
1 -3612.070296 0.402761 75.727548 8.296358 91.356877 -1.377623
1 -3612.070503 0.214146 -65.890174 6.201327 276.773415 -1.377623
1 -21.543041 0.153064 -40.631431 1.925426 371.450975 -2.814295
1 -3612.070791 0.180266 61.042854 4.413624 189.919011 -2.814295
1 -3612.070294 0.768020 -51.959049 10.178906 117.509317 -2.814295
1 -3612.070296 0.301976 -68.926704 9.103050 145.925437 -2.814295
1 -3612.070294 0.063973 -86.887986 6.670478 22.162028 -2.814295
1 -3612.070294 0.028479 77.158986 9.402779 29.391232 -2.814295
1 -3612.070296 0.453388 71.458440 9.361960 100.268901 -2.814295
1 -3612.070294 0.376280 45.966976 5.574153 35.036906 -2.814295
1 -3612.070307 0.434681 -3.588334 9.625243 263.601644 -2.814295
1 -3612.071151 0.051518 -41.816614 3.664536 200.094992 -2.814295
1 -21.946815 0.151908 -39.650010 1.845196 366.924353 -3.572996
1 -3612.070498 0.216839 -6.660949 9.998874 453.941456 -3.572996
1 -3612.070715 0.747815 19.157594 8.953953 327.655819 -3.572996
1 -3612.070294 0.490292 -46.410585 7.266551 21.308110 -3.572996
1 -3612.070400 0.147914 55.198795 8.457124 290.484344 -3.572996
1 -1802.531695 0.461892 65.111492 2.719363 403.738720 -3.572996
1 -46.467345 0.235147 -36.525751 1.894444 363.807468 -3.572996
1 -3612.070305 0.391904 31.181018 4.617497 77.762645 -3.572996
1 -3612.070295 0.354518 -40.476805 8.181087 104.843239 -3.572996
1 -20.728941 0.765000 8.805573 2.552508 343.843065 -3.572996
1 -3612.070302 0.130730 -64.400054 3.971408 74.633353 -4.052723
1 -57.633808 0.327898 -33.414967 1.343958 366.510630 -4.052723
1 -3613.915278 0.043240 -33.611420 0.554658 196.661368 -4.052723
1 -1811.937926 0.738400 13.304739 3.549293 445.175806 -4.052723
1 -3612.070294 0.038421 -19.453916 10.011273 55.377164 -4.052723
1 -1838.831745 0.439752 -72.153814 1.831189 371.609200 -4.052723
1 -1802.057222 0.530430 34.580328 0.172710 229.544774 -4.052723
1 -3612.070401 0.348270 -64.898939 9.510418 400.356144 -4.052723
1 -1817.997907 0.759802 -3.364330 0.691883 338.551743 -4.052723
1 -20.728941 0.765000 8.805573 2.552508 343.843065 -4.052723
1 -3612.070297 0.411686 -19.969320 6.661167 139.490644 -4.236499
1 -45.739708 0.380941 -15.973489 1.050999 344.168128 -4.236499
1 -95.988068 0.330278 -33.086374 0.710725 375.805602 -4.236499
1 -10.038471 0.182167 -62.729341 3.220354 435.596680 -4.236499
1 -21.041904 0.763449 9.725262 2.550471 345.758311 -4.236499
1 -64.331825 0.237868 7.275889 0.853620 356.386672 -4.236499
1 -51.837834 0.077569 76.767554 1.760385 374.387816 -4.236499
1 -37.556529 0.667964 78.342873 1.307871 403.662343 -4.236499
1 -1814.405136 0.781368 -31.227645 1.434161 406.776427 -4.236499
1 -1812.493807 0.679725 2.630013 2.174049 342.153003 -4.236499
1 -3612.071563 0.337816 -16.139749 7.076673 453.743221 -4.469650
1 -1812.590073 0.340494 36.149168 1.967030 462.715504 -4.469650
1 -1963.000347 0.301353 31.005204 0.637355 382.863724 -4.469650
1 -38.639987 0.080285 21.424852 3.371316 454.086258 -4.469650
1 -19.890150 0.764297 10.159975 2.590415 344.480894 -4.469650
1 -4.380171 0.214790 47.953561 2.162184 407.374735 -4.469650
1 -46.273440 0.621013 63.650424 1.935282 457.417741 -4.469650
1 -1843.334108 0.069579 87.155964 2.182879 442.609715 -4.469650
1 -1972.776931 0.554995 24.172937 1.168869 484.015308 -4.469650
1 -7.704129 0.173571 -66.224056 3.292530 437.406215 -4.469650
1 -3612.150032 0.393409 63.050416 2.446588 236.368522 -4.591084
1 -4.792453 0.455316 -28.410673 1.918087 405.978444 -4.591084
1 -1805.603724 0.389430 -16.220123 1.830957 428.567951 -4.591084
1 -2.120646 0.068025 28.111077 3.369861 463.966931 -4.591084
1 -20.060681 0.766731 10.622731 2.590723 345.432088 -4.591084
1 -80.236657 0.142545 46.712653 1.730049 377.582460 -4.591084
1 -18.359970 0.005895 46.333520 3.798388 484.937941 -4.591084
1 -58.395838 0.246189 40.191750 1.420152 367.182476 -4.591084
1 -223.190785 0.542193 22.323025 0.480245 481.486192 -4.591084
1 -9.747493 0.222209 -34.586001 1.797366 366.504763 -4.591084
1 -3612.072439 0.052543 15.504496 6.637065 414.288647 -4.763040
1 -54.828115 0.402680 -26.255825 1.374827 367.128515 -4.763040
1 -3612.865868 0.675544 4.778952 2.332651 430.782294 -4.763040
1 -23.993196 0.074977 35.531668 3.420410 451.398447 -4.763040
1 -16.412164 0.777756 16.577813 2.394910 329.613966 -4.763040
1 -38.989957 0.442073 29.937985 1.165782 321.225726 -4.763040
1 -1803.635805 0.015726 35.077796 3.950355 487.038299 -4.763040
1 -46.223721 0.142850 38.948714 1.097444 343.585630 -4.763040
1 -218.461244 0.500697 13.809135 0.477723 474.598728 -4.763040
1 -11.777588 0.234429 -38.553126 1.626258 356.474106 -4.763040
1 -1941.771308 0.357316 60.205607 1.215033 469.551859 -4.862129
1 -5.185477 0.469444 -26.033390 1.688978 395.717863 -4.862129
1 -215.894206 0.497983 14.154859 0.470685 472.577749 -4.862129
1 -31.232176 0.068571 34.774163 3.383280 451.944297 -4.862129
1 -40.599577 0.482233 88.398955 1.508851 386.976850 -4.862129
1 -13.595759 0.416472 28.863932 1.448114 296.517451 -4.862129
1 -3612.070370 0.743006 77.677462 7.204044 140.253356 -4.862129
1 -6.117854 0.227088 52.362711 1.313266 354.495901 -4.862129
1 -4.070844 0.736480 -19.011568 1.262155 416.198379 -4.862129
1 -5.427047 0.239106 31.597904 0.658624 246.260511 -4.862129
1 -1808.325276 0.743380 28.083885 2.588688 365.758623 -4.960414
1 -6.136982 0.435959 -33.800098 1.856885 397.793602 -4.960414
1 -241.932552 0.456602 16.385925 0.487823 490.202490 -4.960414
1 -30.871757 0.077725 29.635733 3.390208 453.004136 -4.960414
1 -21.816102 0.410319 -82.958375 1.707216 398.222407 -4.960414
1 -26.985366 0.437095 28.145548 1.285085 314.416929 -4.960414
1 -3612.070389 0.256046 61.169068 4.026346 111.879916 -4.960414
1 -5.058773 0.208736 52.133457 1.781927 383.158329 -4.960414
1 -145.682996 0.710697 -22.709429 0.805633 452.876050 -4.960414
1 -5.427030 0.239104 31.599466 0.658588 246.258032 -4.960414
1 -58.608016 0.190637 49.742774 1.287410 365.443916 -5.029435
1 -48.354509 0.286262 -8.634800 1.293363 359.209619 -5.029435
1 -248.851493 0.457238 19.067510 0.468734 494.255848 -5.029435
1 -3.754224 0.125105 40.644906 2.980158 450.619299 -5.029435
1 -34.530385 0.401768 76.446630 2.235328 433.906426 -5.029435
1 -15.965855 0.426495 22.528152 1.530581 300.437678 -5.029435
1 -3612.071521 0.049348 -89.701914 5.938386 341.373851 -5.029435
1 -23.279634 0.103715 67.606869 2.092586 393.920677 -5.029435
1 -27.631301 0.709598 -37.921163 1.011075 471.046410 -5.029435
1 -5.058906 0.239269 31.626884 0.657134 246.409012 -5.029435
1 -44.506471 0.128440 56.139375 1.358008 358.155824 -5.072866
1 -144.415914 0.761511 32.982376 0.710744 413.314537 -5.072866
1 -253.681900 0.458951 17.951437 0.478604 497.310367 -5.072866
1 -6.977895 0.386297 32.657753 2.359211 441.538340 -5.072866
1 -3.346745 0.496067 -79.853762 2.675740 379.144948 -5.072866
1 -14.466312 0.435991 26.889497 1.505917 299.871897 -5.072866
1 -48.670429 0.233696 3.328121 1.391261 360.869801 -5.072866
1 -1928.604438 0.445668 -70.636682 0.253770 322.672985 -5.072866
1 -121.936786 0.613452 -32.120696 0.773487 421.898110 -5.072866
1 -5.058914 0.239280 31.628000 0.657179 246.412553 -5.072866
1 -44.199163 0.128908 48.773105 1.337572 352.800714 -5.109810
1 -8.010300 0.742385 38.603273 0.832586 412.360115 -5.109810
1 -15.317368 0.768212 -81.586186 1.094266 358.337257 -5.109810
1 -118.460864 0.354159 79.138283 2.313781 433.028148 -5.109810
1 -1.723791 0.517145 89.584419 2.725953 378.080673 -5.109810
1 -18.464294 0.488598 16.976636 1.316232 284.473535 -5.109810
1 -42.328279 0.202805 -0.250071 2.279906 396.593945 -5.109810
1 -1809.994860 0.595563 -82.771067 0.751280 304.347765 -5.109810
1 -7.289757 0.736044 -31.761876 1.343051 423.234226 -5.109810
1 -5.058922 0.239280 31.628141 0.657179 246.412508 -5.109810
1 -74.464329 0.389334 -73.649397 1.027327 359.120728 -5.180122
1 -26.043890 0.706018 53.755156 0.713584 439.223709 -5.180122
1 -8.621667 0.636200 -67.167424 2.767977 388.228198 -5.180122
1 -78.368646 0.765495 78.128312 0.684540 409.476146 -5.180122
1 -1.706633 0.509184 87.396930 2.719884 379.968262 -5.180122
1 -19.841123 0.611713 12.322056 1.461902 290.229831 -5.180122
1 -18.630323 0.016058 -19.221114 2.342214 397.796984 -5.180122
1 -1817.790859 0.734671 77.631791 0.037265 328.843067 -5.180122
1 -109.192098 0.692183 -52.548819 0.976688 431.696531 -5.180122
1 -1813.457883 0.275155 46.151263 0.534912 313.369545 -5.180122
1 -62.183360 0.393723 -76.246033 1.360238 373.366352 -5.220890
1 -23.586718 0.707285 59.036422 0.836519 432.285709 -5.220890
1 -11.559563 0.703708 -71.686108 2.223414 381.347816 -5.220890
1 -84.547147 0.714658 -71.731294 0.828028 390.483400 -5.220890
1 -67.065561 0.419019 -33.404305 1.071406 365.806554 -5.220890
1 -30.805952 0.647924 7.351050 0.767984 268.569434 -5.220890
1 -19.663001 0.022462 -25.939978 2.369831 400.362880 -5.220890
1 -1.724946 0.698689 -1.716986 1.202764 402.902945 -5.220890
1 -2.428087 0.664485 -85.356458 5.269433 484.242837 -5.220890
1 -1862.921610 0.180193 -77.460588 0.546432 312.980215 -5.220890
1 -8.918616 0.352897 -66.854550 1.888061 351.314497 -5.228978
1 -9.716876 0.671727 52.407427 0.895503 389.639012 -5.228978
1 -52.844779 0.672885 -36.617722 0.912461 340.797853 -5.228978
1 -1.567132 0.787390 84.975186 2.895513 375.753301 -5.228978
1 -14.020476 0.404845 -30.513400 0.931475 360.406097 -5.228978
1 -26.194243 0.675496 4.082138 1.167837 283.795114 -5.228978
1 -29.289038 0.092458 -18.877428 2.307104 400.132782 -5.228978
1 -204.450291 0.627025 9.569137 0.504339 469.364222 -5.228978
1 -9.167183 0.341533 -63.057167 4.570588 489.719074 -5.228978
1 -61.861991 0.259968 17.753142 2.879556 454.200900 -5.228978
1 -59.344511 0.463778 -43.559180 1.179301 360.769726 -5.242124
1 -70.034220 0.525409 63.027337 0.622197 389.742160 -5.242124
1 -116.275239 0.078992 -46.164038 0.628005 422.893083 -5.242124
1 -2.196464 0.796244 87.206652 2.757996 375.667707 -5.242124
1 -102.430069 0.368876 -43.387066 0.795045 391.775256 -5.242124
1 -27.371055 0.682355 3.975598 1.138124 285.631856 -5.242124
1 -1.442353 0.425621 -1.451550 1.917270 407.840991 -5.242124
1 -203.851843 0.620286 7.475397 0.505247 468.626095 -5.242124
1 -9.227221 0.309861 -59.040916 4.692286 495.291733 -5.242124
1 -81.018287 0.285012 9.922860 3.574480 497.903420 -5.242124
1 -22.628841 0.462675 9.787387 1.591212 308.114917 -5.248917
1 -2.434311 0.691251 -85.341530 1.787631 323.646759 -5.248917
1 -113.320985 0.790637 -51.879451 0.991357 492.586767 -5.248917
1 -63.935120 0.793586 -60.953232 2.482216 395.363976 -5.248917
1 -20.351379 0.669288 -61.792777 2.344570 493.854202 -5.248917
1 -13.315977 0.740495 26.156381 1.254713 270.009002 -5.248917
1 -1.819594 0.416945 -1.726671 1.910666 411.167468 -5.248917
1 -64.794879 0.345776 -85.120316 1.143665 364.521735 -5.248917
1 -5.308987 0.362403 -71.925531 3.841083 449.589783 -5.248917
1 -4.207801 0.135100 48.032013 3.160856 460.239293 -5.248917
1 -24.939058 0.390760 29.711130 0.998035 281.215463 -5.255986
1 -4.440565 0.677173 -78.225628 1.627139 323.113542 -5.255986
1 -133.459266 0.794459 -52.143175 0.981481 490.970039 -5.255986
1 -5.351154 0.755331 -77.310731 2.150261 355.734296 -5.255986
1 -12.904726 0.718843 -49.441732 2.275297 498.975627 -5.255986
1 -15.742289 0.698831 60.192299 1.290506 430.627503 -5.255986
1 -2.133943 0.446770 -8.404856 1.818076 404.968942 -5.255986
1 -54.121196 0.238766 60.977297 1.297320 361.781172 -5.255986
1 -3.881846 0.373043 -74.619453 3.710161 438.696319 -5.255986
1 -28.265838 0.146446 43.980930 3.451399 462.265435 -5.255986
1 -13.912318 0.378041 28.037410 1.413859 294.761416 -5.267865
1 -3.963960 0.655283 -87.187985 1.551715 329.172132 -5.267865
1 -2.372692 0.781873 -13.017801 1.711609 475.043088 -5.267865
1 -59.099297 0.260457 84.944447 1.296780 363.919888 -5.267865
1 -110.543640 0.726426 -45.619244 2.230061 493.566037 -5.267865
1 -46.165571 0.692465 70.133335 1.537519 441.898757 -5.267865
1 -59.185322 0.462520 -40.774535 1.238890 364.315727 -5.267865
1 -56.869948 0.248162 58.356704 1.112999 353.288400 -5.267865
1 -5.699414 0.361350 -69.640988 3.734971 443.548870 -5.267865
1 -52.719741 0.201614 17.788655 3.780571 489.960887 -5.267865
1 -13.896665 0.377661 28.140421 1.411360 294.693566 -5.279373
1 -18.965808 0.716639 -70.911436 0.846146 338.242878 -5.279373
1 -3.310953 0.781700 -14.776477 1.547728 464.442416 -5.279373
1 -63.067020 0.279343 86.948458 1.330102 374.403787 -5.279373
1 -24.945418 0.787140 -50.038877 1.139692 481.099794 -5.279373
1 -101.032345 0.756630 62.471132 0.298882 435.606251 -5.279373
1 -3.196796 0.521142 -88.465766 1.411647 317.260283 -5.279373
1 -101.757988 0.269967 55.401397 0.839141 348.518157 -5.279373
1 -4.425432 0.378912 -77.176006 3.738661 444.428994 -5.279373
1 -51.867421 0.191873 15.016609 3.742840 488.092663 -5.279373
1 -14.302204 0.370725 28.391785 1.421275 297.218291 -5.285998
1 -10.815584 0.597913 -66.071447 1.567916 336.209789 -5.285998
1 -5.316701 0.795334 -24.827534 1.515953 461.898237 -5.285998
1 -57.658008 0.372215 72.523256 0.985969 391.776150 -5.285998
1 -30.102701 0.787034 -67.159802 1.194549 469.692369 -5.285998
1 -7.073358 0.631457 -72.189675 2.867009 392.901111 -5.285998
1 -5.502501 0.545111 -80.215950 1.131144 305.960322 -5.285998
1 -43.809871 0.742963 68.433669 0.924012 415.592995 -5.285998
1 -6.966394 0.351892 -69.739776 3.536241 438.622220 -5.285998
1 -5.814436 0.178005 44.095797 3.649484 493.732703 -5.285998
1 -52.614835 0.094331 73.423294 1.577724 365.111281 -5.298784
1 -12.059855 0.725179 -76.797129 1.285802 346.911928 -5.298784
1 -4.169203 0.748545 -21.692553 1.413510 430.017779 -5.298784
1 -21.952128 0.411510 74.789587 1.055529 387.187711 -5.298784
1 -135.808816 0.079549 -79.052359 0.673874 447.780830 -5.298784
1 -12.790915 0.744456 -72.032248 1.331519 346.916633 -5.298784
1 -27.786958 0.523284 -80.593854 1.266709 382.058967 -5.298784
1 -70.254414 0.688193 -41.143206 1.398976 390.497708 -5.298784
1 -18.309601 0.236368 78.494581 1.885832 387.443175 -5.298784
1 -6.771838 0.472517 44.204335 2.007556 425.631448 -5.298784
1 -16.935108 0.094269 73.236846 1.533891 368.425421 -5.318283
1 -9.935749 0.720553 -67.424019 2.158006 365.539174 -5.318283
1 -97.391137 0.750748 -11.456995 1.187372 430.512758 -5.318283
1 -24.478906 0.395398 86.702016 1.298082 373.040586 -5.318283
1 -119.765796 0.104936 -82.350302 0.631600 435.024501 -5.318283
1 -132.838324 0.076828 -81.334172 0.637156 443.368530 -5.318283
1 -38.844962 0.279088 21.152862 2.363962 395.158978 -5.318283
1 -13.623261 0.468931 -29.002939 0.944348 382.149225 -5.318283
1 -20.813917 0.283206 79.000028 2.013428 400.882131 -5.318283
1 -86.462288 0.680285 78.596057 1.011819 412.903010 -5.318283
1 -33.703236 0.480269 86.719373 1.635813 412.237769 -5.339336
1 -4.479281 0.674237 -79.664866 2.367971 363.784766 -5.339336
1 -97.694641 0.755914 -13.974212 1.198708 431.276934 -5.339336
1 -26.484463 0.444782 70.414378 1.285451 375.621277 -5.339336
1 -13.553965 0.722487 57.312457 0.746620 396.649064 -5.339336
1 -97.603796 0.535613 67.922444 0.650179 357.752903 -5.339336
1 -13.599708 0.584170 -22.766134 0.850932 364.952396 -5.339336
1 -2.143408 0.432106 -7.248387 1.589181 382.256342 -5.339336
1 -95.681270 0.272978 85.843029 1.903678 395.867355 -5.339336
1 -13.652435 0.599740 -52.804109 1.813061 424.096464 -5.339336
1 -34.613106 0.463814 82.939380 1.836700 411.954520 -5.364989
1 -9.440265 0.715150 -68.902769 2.405944 376.794547 -5.364989
1 -2.346159 0.774258 -3.430169 1.162374 432.497582 -5.364989
1 -43.553481 0.526314 -76.891619 1.015619 376.485488 -5.364989
1 -103.064637 0.796348 46.998493 0.400994 443.936397 -5.364989
1 -13.853126 0.501805 -60.556014 0.733168 289.487710 -5.364989
1 -8.286380 0.517294 -38.349064 1.342344 369.918751 -5.364989
1 -3.066203 0.450629 16.929517 1.400870 384.202964 -5.364989
1 -117.736342 0.165358 81.603774 0.623745 439.579333 -5.364989
1 -186.455303 0.707301 -74.306927 0.515570 416.803514 -5.364989
1 -81.508301 0.478312 -84.423079 1.823964 413.208901 -5.415739
1 -22.399775 0.747135 -51.665020 2.454537 398.633330 -5.415739
1 -107.878958 0.736987 -38.308549 0.990182 433.064393 -5.415739
1 -23.299574 0.697799 -50.127118 0.947849 444.913846 -5.415739
1 -133.554742 0.785791 42.896706 0.400819 474.707096 -5.415739
1 -56.242678 0.507624 -73.279634 0.365826 300.379447 -5.415739
1 -10.036030 0.555144 -39.525949 1.435262 384.116900 -5.415739
1 -16.388202 0.439994 30.721876 0.831553 252.419843 -5.415739
1 -121.080717 0.155305 84.762995 0.576882 439.264143 -5.415739
1 -14.823330 0.688478 -24.704612 0.847957 439.598132 -5.415739
1 -75.854162 0.493819 -82.922365 1.839244 409.509391 -5.518661
1 -13.729627 0.760127 -64.586243 1.968969 370.249158 -5.518661
1 -82.087538 0.703579 -62.385848 1.388936 413.316642 -5.518661
1 -23.397834 0.737230 -60.624654 1.071962 440.141871 -5.518661
1 -190.608983 0.068657 25.582800 0.537921 470.906638 -5.518661
1 -55.857583 0.478705 -69.752052 0.352026 296.036945 -5.518661
1 -44.012114 0.155456 10.703322 1.801429 376.748571 -5.518661
1 -6.590082 0.407027 -28.280712 1.438462 368.591435 -5.518661
1 -141.215646 0.149816 80.868850 0.619174 456.423573 -5.518661
1 -16.749702 0.737666 -37.650788 1.166339 446.127259 -5.518661
1 -38.497500 0.457651 -76.076124 2.163446 432.941820 -5.713523
1 -23.893075 0.711101 -49.137211 1.847792 370.616004 -5.713523
1 -105.013881 0.603440 -49.650708 1.100064 425.291827 -5.713523
1 -14.266765 0.574038 -43.320386 1.166264 404.066353 -5.713523
1 -184.396156 0.036513 27.105890 0.509510 467.165312 -5.713523
1 -51.533756 0.274059 -57.345139 1.117889 337.587547 -5.713523
1 -49.848312 0.172209 27.973323 1.584312 368.253917 -5.713523
1 -10.422576 0.596721 -35.695026 1.398698 396.327376 -5.713523
1 -25.478053 0.629460 -74.272401 0.152240 293.587967 -5.713523
1 -14.973833 0.767930 -41.260036 1.376958 457.773304 -5.713523
1 -49.703220 0.472909 -77.771584 2.497781 455.430141 -5.995927
1 -22.947938 0.633236 -46.280564 1.874995 362.556203 -5.995927
1 -16.384606 0.589368 -46.240846 1.192901 397.734797 -5.995927
1 -5.281435 0.686095 -80.722454 0.556354 273.395738 -5.995927
1 -200.027474 0.025363 23.082968 0.524566 478.933996 -5.995927
1 -26.485441 0.283065 -57.642734 1.835650 378.224583 -5.995927
1 -33.877445 0.171193 31.762866 1.610359 341.615823 -5.995927
1 -7.863473 0.578263 -40.600891 1.287004 365.482262 -5.995927
1 -7.576869 0.675652 -79.866540 0.044471 258.245653 -5.995927
1 -18.551085 0.721385 -33.307514 0.892255 446.965593 -5.995927
1 -48.252233 0.459858 -77.343424 2.507874 453.742011 -6.267887
1 -4.235816 0.781242 -8.924048 0.960692 425.392123 -6.267887
1 -21.929244 0.667796 -39.189535 0.884838 436.383063 -6.267887
1 -5.690484 0.696295 -84.403374 0.460173 278.143262 -6.267887
1 -5.900134 0.649621 -83.240983 0.137752 256.927587 -6.267887
1 -57.279220 0.244603 -51.822091 2.482799 401.567611 -6.267887
1 -28.761722 0.179393 34.340327 1.688677 339.032846 -6.267887
1 -3.703266 0.463128 -18.520474 1.442028 369.815812 -6.267887
1 -14.326064 0.641047 -75.801691 0.148200 262.261535 -6.267887
1 -125.584678 0.764068 -35.290469 0.836324 439.594094 -6.267887
1 -32.061793 0.460739 -77.180278 2.369356 450.745794 -6.375779
1 -2.109261 0.740850 -1.830362 1.153007 417.587459 -6.375779
1 -21.811375 0.674403 -54.444762 1.120557 434.597998 -6.375779
1 -7.840766 0.595454 -82.235714 0.258485 270.519424 -6.375779
1 -3.022717 0.609647 88.626998 0.558867 268.856737 -6.375779
1 -8.828508 0.462874 -65.438249 2.891393 400.429837 -6.375779
1 -6.007780 0.368195 55.564054 1.792056 395.668888 -6.375779
1 -9.662932 0.464757 -27.131619 1.402663 377.824688 -6.375779
1 -7.968742 0.525908 -79.879958 0.280444 267.878530 -6.375779
1 -15.650822 0.676716 -67.209337 0.369788 287.117221 -6.375779
1 -32.052734 0.460928 -77.195191 2.380531 451.309499 -6.519821
1 -7.421704 0.771289 -35.931656 1.426379 435.383857 -6.519821
1 -15.517539 0.733731 -49.476377 1.299961 429.282255 -6.519821
1 -6.505878 0.552704 -78.263399 0.650262 280.631488 -6.519821
1 -2.330526 0.613388 85.209965 0.517386 261.472261 -6.519821
1 -2.772475 0.545635 -82.907971 2.551150 369.471037 -6.519821
1 -3.672880 0.414980 -12.889221 1.548885 382.799544 -6.519821
1 -5.681636 0.485483 -31.058365 1.442510 366.754511 -6.519821
1 -8.846060 0.515882 -78.764120 0.301504 271.429947 -6.519821
1 -1.964274 0.546309 -87.304279 3.013965 391.220987 -6.519821
1 -8.232530 0.583034 -65.575290 3.266971 410.114180 -6.692797
1 -18.068996 0.712225 -48.200646 1.256108 429.837533 -6.692797
1 -27.384602 0.748148 -59.992787 1.143695 461.230776 -6.692797
1 -4.531279 0.593661 -79.501293 1.294976 307.432516 -6.692797
1 -5.646151 0.582671 -84.268598 0.204792 257.612923 -6.692797
1 -4.789716 0.522843 -78.832866 2.364733 369.086415 -6.692797
1 -3.532920 0.409248 -11.449781 1.623983 389.950655 -6.692797
1 -7.233661 0.487511 -31.466626 1.274915 365.411016 -6.692797
1 -1.809011 0.735171 86.846286 2.837896 376.329630 -6.692797
1 -1.789109 0.544358 88.421557 2.910488 387.883030 -6.692797
1 -4.439764 0.622150 -76.617505 3.002736 391.586343 -6.832122
1 -2.287923 0.694669 -86.922966 1.414965 303.123485 -6.832122
1 -19.998484 0.679400 -57.666954 1.104463 421.685510 -6.832122
1 -4.703150 0.687464 -80.051548 1.882743 342.112448 -6.832122
1 -8.678471 0.592277 -77.124292 0.539009 285.040666 -6.832122
1 -5.213781 0.496535 -79.176436 2.292008 368.833116 -6.832122
1 -4.916904 0.428106 -19.217130 1.309655 359.389007 -6.832122
1 -1.587492 0.486383 6.682805 1.631012 398.513580 -6.832122
1 -8.568092 0.698947 -75.864663 2.122820 369.704501 -6.832122
1 -5.377183 0.458869 -76.192297 1.549416 324.679288 -6.832122
1 -3.278713 0.684472 -77.792332 3.552055 406.772268 -6.994961
1 -2.684645 0.712568 -84.698381 1.679528 319.924291 -6.994961
1 -20.958922 0.682110 -53.779008 1.078166 431.907564 -6.994961
1 -3.610167 0.734317 -81.167785 1.825773 331.649465 -6.994961
1 -4.985801 0.616742 -82.073262 1.897515 347.747381 -6.994961
1 -3.950658 0.593638 -85.025817 1.358302 315.599198 -6.994961
1 -3.409679 0.554732 -15.238690 1.470697 394.786133 -6.994961
1 -1.473461 0.539582 1.921489 1.511470 395.980130 -6.994961
1 -7.401135 0.693004 -79.835410 1.952734 361.141263 -6.994961
1 -3.381959 0.733933 -77.488125 4.462173 442.943105 -6.994961
1 -3.298255 0.688236 -79.816473 3.404101 403.161515 -7.165205
1 -3.631558 0.644001 -77.558184 5.602811 499.356232 -7.165205
1 -5.072118 0.689428 -85.010023 0.695829 287.968903 -7.165205
1 -2.099081 0.680630 -88.634150 2.586435 365.820318 -7.165205
1 -6.053227 0.603998 -77.456325 1.801002 343.026076 -7.165205
1 -17.963418 0.382542 8.566332 0.074116 210.546606 -7.165205
1 -7.159249 0.519781 -37.013068 1.553031 384.850942 -7.165205
1 -2.820964 0.630812 -6.902081 1.172162 388.471463 -7.165205
1 -7.566690 0.642134 -38.048400 1.284959 381.900727 -7.165205
1 -3.265372 0.746607 -77.713986 4.315673 435.179519 -7.165205
1 -2.891915 0.683195 -85.023411 2.942720 385.643529 -7.343644
1 -3.155642 0.616867 -78.918834 5.429900 494.339134 -7.343644
1 -12.598359 0.473873 -52.888121 1.845784 401.400177 -7.343644
1 -3.054837 0.627198 -81.521128 3.426234 408.427190 -7.343644
1 -6.747974 0.638704 -78.554728 0.852984 296.013639 -7.343644
1 -4.515691 0.561677 -23.526395 1.514007 394.536745 -7.343644
1 -7.943039 0.519718 -37.179646 1.586521 393.208348 -7.343644
1 -9.653448 0.639925 -26.324012 0.945459 380.982412 -7.343644
1 -3.975440 0.581378 -18.879577 1.379141 389.497888 -7.343644
1 -3.217159 0.672255 -81.699864 3.381579 404.901460 -7.343644
1 -6.248262 0.690857 -72.103325 3.370372 408.993806 -7.489350
1 -9.358541 0.741652 -74.583311 1.052575 320.226523 -7.489350
1 -7.669707 0.616392 55.147820 1.227313 388.068178 -7.489350
1 -1.618126 0.591101 88.819054 3.569264 415.039933 -7.489350
1 -1.925062 0.668552 83.448467 1.223808 301.465614 -7.489350
1 -3.991641 0.554922 -20.366730 1.557600 398.969633 -7.489350
1 -1.497380 0.545335 1.038367 1.425475 388.651315 -7.489350
1 -1.979459 0.681632 -5.415101 1.246427 400.729025 -7.489350
1 -6.693593 0.777380 -79.453146 1.636520 345.447154 -7.489350
1 -2.984232 0.743609 -82.913483 3.718625 415.369311 -7.489350
1 -4.975656 0.727614 -76.114533 3.046934 391.750744 -7.621440
1 -3.878134 0.604920 -80.314094 4.483836 460.334503 -7.621440
1 -2.135086 0.625314 85.940077 1.689830 327.001200 -7.621440
1 -4.062446 0.456150 -76.550962 5.014633 495.080685 -7.621440
1 -1.640654 0.683427 85.433107 1.639299 317.994161 -7.621440
1 -10.329976 0.546486 -20.943554 1.527928 400.480866 -7.621440
1 -1.809877 0.555147 1.759997 1.305204 384.560323 -7.621440
1 -5.360404 0.651722 -27.354886 1.528931 413.963638 -7.621440
1 -3.348228 0.773163 -83.300839 1.679448 326.350748 -7.621440
1 -1.858517 0.751774 89.676516 3.719222 412.873225 -7.621440
1 -3.285483 0.737909 -85.327671 3.048238 391.615083 -7.811776
1 -3.717923 0.603558 -79.076818 2.870377 384.769943 -7.811776
1 -9.400565 0.570151 -64.908286 3.949909 445.327928 -7.811776
1 -4.128934 0.444395 -75.081057 4.630877 478.213736 -7.811776
1 -8.049948 0.542036 -64.913641 3.963338 443.515767 -7.811776
1 -2.146858 0.636445 89.302592 1.906277 335.606680 -7.811776
1 -2.824897 0.476734 -7.596866 1.356904 373.819795 -7.811776
1 -8.368074 0.716552 -23.895549 1.010424 384.050080 -7.811776
1 -4.740149 0.693806 -78.100281 2.759113 381.165692 -7.811776
1 -6.072886 0.731165 -73.438232 3.255428 403.373639 -7.811776
1 -6.502329 0.772795 -82.283250 2.009260 364.494094 -7.981175
1 -5.373834 0.557112 -72.360289 3.257917 407.197256 -7.981175
1 -2.590099 0.700088 -88.668197 1.886698 336.296475 -7.981175
1 -2.733444 0.450197 -81.435890 4.735081 481.556616 -7.981175
1 -1.656838 0.782912 79.486623 1.680467 323.759849 -7.981175
1 -3.090515 0.711143 87.589402 0.808743 288.881010 -7.981175
1 -6.887678 0.508129 -34.212497 1.403881 372.203559 -7.981175
1 -7.379840 0.702878 -32.448076 0.936195 348.573712 -7.981175
1 -4.650563 0.755317 -75.274356 2.963427 383.467798 -7.981175
1 -1.727094 0.615957 85.310319 1.765134 326.926732 -7.981175
1 -1.749430 0.789386 -88.889810 2.639103 360.150802 -8.134909
1 -4.824047 0.507369 39.117418 0.999936 365.611476 -8.134909
1 -1.791673 0.789336 84.960269 1.036602 291.427022 -8.134909
1 -4.586389 0.453982 -76.770016 4.462991 472.594648 -8.134909
1 -1.675471 0.735572 82.258411 1.709738 324.121631 -8.134909
1 -2.612883 0.731571 84.847205 0.295581 257.747360 -8.134909
1 -5.606611 0.543514 -20.702576 1.331825 389.743366 -8.134909
1 -7.331832 0.703404 -32.346773 0.938577 348.436833 -8.134909
1 -7.959500 0.743425 -68.723340 3.305433 408.057075 -8.134909
1 -1.454835 0.612720 82.383212 1.880880 329.999109 -8.134909
1 -5.826422 0.563845 -79.768307 1.546460 331.279232 -8.390355
1 -1.698672 0.609225 88.241686 2.108259 342.407700 -8.390355
1 -2.125313 0.780930 89.665229 1.110892 292.535807 -8.390355
1 -2.076462 0.682412 -85.642707 5.054742 472.042965 -8.390355
1 -3.168594 0.669458 -85.243228 1.512926 317.847398 -8.390355
1 -1.882221 0.757025 82.208942 0.326225 252.856000 -8.390355
1 -6.579420 0.448361 -33.378846 1.510696 371.721787 -8.390355
1 -11.003000 0.666809 -27.712454 0.503957 340.766218 -8.390355
1 -8.294257 0.759273 -68.432678 3.231338 405.875034 -8.390355
1 -2.312738 0.605180 -88.027988 1.876978 333.454458 -8.390355
1 -2.114483 0.560103 -89.111777 1.875708 333.707611 -8.613511
1 -1.535226 0.605354 85.742648 2.110111 342.035569 -8.613511
1 -4.866591 0.662807 -84.755500 1.772549 343.791583 -8.613511
1 -3.256380 0.612392 -83.563590 2.647811 375.720649 -8.613511
1 -1.968628 0.633002 -85.496940 3.894350 425.062069 -8.613511
1 -2.782163 0.788317 83.931890 0.370927 269.506192 -8.613511
1 -1.747274 0.612098 89.013608 2.643670 370.003294 -8.613511
1 -9.822306 0.662399 -26.592787 0.609341 345.835206 -8.613511
1 -8.766611 0.771881 -72.942399 2.837839 398.584546 -8.613511
1 -3.509939 0.614782 -80.388843 2.626422 372.446584 -8.613511
1 -1.930226 0.558496 -89.292052 1.963216 336.217939 -8.803586
1 -1.885566 0.706056 -89.688870 3.215137 392.958031 -8.803586
1 -3.444041 0.785001 -87.512306 0.774163 287.336872 -8.803586
1 -1.672875 0.780205 81.126530 1.902595 334.069522 -8.803586
1 -6.227833 0.675431 -74.262345 3.184063 404.173704 -8.803586
1 -3.546588 0.711974 -84.463665 1.003808 291.964725 -8.803586
1 -2.024804 0.595464 89.827021 2.377924 359.473031 -8.803586
1 -8.396403 0.780578 -33.980389 0.339141 320.167396 -8.803586
1 -2.129742 0.559974 -87.822373 3.058159 394.533166 -8.803586
1 -3.701330 0.543756 -80.517234 1.971949 342.318629 -8.803586
1 -2.847785 0.562476 -82.371361 1.800485 326.322831 -9.030811
1 -1.846537 0.687359 88.191442 2.880320 379.610352 -9.030811
1 -4.280223 0.793047 89.738040 0.790867 301.791105 -9.030811
1 -1.519904 0.757879 77.501996 0.812388 277.463056 -9.030811
1 -6.121850 0.669054 -74.714189 2.890995 391.329214 -9.030811
1 -1.836666 0.680906 85.337532 1.153311 294.865041 -9.030811
1 -2.326272 0.686878 -85.509869 4.049709 431.148563 -9.030811
1 -1.694051 0.555219 87.573633 1.941865 334.853552 -9.030811
1 -3.634450 0.571860 -79.962016 2.586366 372.718501 -9.030811
1 -6.208651 0.471229 -74.437492 2.066318 356.624060 -9.030811
1 -3.836709 0.548002 -83.317993 1.584120 325.530828 -9.360852
1 -2.004348 0.599631 -88.290036 1.866182 328.722086 -9.360852
1 -1.969728 0.790090 87.942483 1.045681 289.894580 -9.360852
1 -2.537145 0.785276 82.662083 0.425837 270.693254 -9.360852
1 -6.944464 0.650122 -70.926978 2.813891 387.403715 -9.360852
1 -1.894468 0.680916 85.853749 1.121660 293.380762 -9.360852
1 -1.809730 0.743672 -87.114043 3.940142 418.947722 -9.360852
1 -7.396565 0.702990 -72.188322 3.801881 432.097470 -9.360852
1 -3.042332 0.506438 -87.598368 1.994722 348.358348 -9.360852
1 -2.512574 0.463930 -84.930788 2.067180 346.461940 -9.360852
1 -2.813358 0.484546 -86.543373 2.250893 360.591933 -9.628540
1 -2.113585 0.591833 -87.519741 1.834681 327.638170 -9.628540
1 -3.695104 0.775894 84.639690 0.483405 282.878516 -9.628540
1 -1.911206 0.796112 81.044481 0.524985 270.103022 -9.628540
1 -3.408646 0.460530 -85.248723 1.101645 296.354951 -9.628540
1 -1.525807 0.661443 78.873449 1.047720 287.149107 -9.628540
1 -2.564985 0.771719 -86.127586 3.298376 396.559257 -9.628540
1 -4.601701 0.666896 -74.055947 4.065681 434.625814 -9.628540
1 -4.063279 0.724336 -80.667641 2.377898 361.878721 -9.628540
1 -2.607304 0.724854 -87.273786 1.601453 319.972080 -9.628540
