#REFERENCE 3 25.7310620 44.6195140
1	-0.830078	-3.028327	-0.417596	-1.856414	
1	-0.781250	-3.061687	-0.422172	-1.873775	
1	-0.781250	-3.061687	-0.422172	-1.873775	
1	-0.750209	-3.076172	-0.423612	-1.879547	
1	-0.750209	-3.076172	-0.423612	-1.879547	
1	-0.732422	-3.084106	-0.424368	-1.882684	
1	-0.732422	-3.084106	-0.424368	-1.882684	
1	-0.683594	-3.097072	-0.424729	-1.884220	
1	-0.683594	-3.097072	-0.424729	-1.884220	
1	-0.634766	-3.101620	-0.423653	-1.879140	
1	-0.634766	-3.101620	-0.423653	-1.879140	
1	-0.585938	-3.098558	-0.421462	-1.868049	
1	-0.585938	-3.098558	-0.421462	-1.868049	
1	-0.537109	-3.088472	-0.418412	-1.851393	
1	-0.537109	-3.088472	-0.418412	-1.851393	
1	-0.501304	-3.076172	-0.415653	-1.835231	
1	-0.501304	-3.076172	-0.415653	-1.835231	
1	-0.488281	-3.071825	-0.414721	-1.829536	
1	-0.488281	-3.071825	-0.414721	-1.829536	
1	-0.439453	-3.049083	-0.410591	-1.802869	
1	-0.439453	-3.049083	-0.410591	-1.802869	
1	-0.402735	-3.027344	-0.407200	-1.779093	
1	-0.402735	-3.027344	-0.407200	-1.779093	
1	-0.390625	-3.020312	-0.406161	-1.771442	
1	-0.390625	-3.020312	-0.406161	-1.771442	
1	-0.341797	-2.985854	-0.401599	-1.735570	
1	-0.341797	-2.985854	-0.401599	-1.735570	
1	-0.332918	-2.978516	-0.400718	-1.728164	
1	-0.332918	-2.978516	-0.400718	-1.728164	
1	-0.292969	-2.945825	-0.397044	-1.695380	
1	-0.292969	-2.945825	-0.397044	-1.695380	
1	-0.275746	-2.929688	-0.395400	-1.679575	
1	-0.275746	-2.929688	-0.395400	-1.679575	
1	-0.244141	-2.900224	-0.392620	-1.650914	
1	-0.244141	-2.900224	-0.392620	-1.650914	
1	-0.225656	-2.880859	-0.390957	-1.632407	
1	-0.225656	-2.880859	-0.390957	-1.632407	
1	-0.195312	-2.849079	-0.388459	-1.602253	
1	-0.195312	-2.849079	-0.388459	-1.602253	
1	-0.180597	-2.832031	-0.387241	-1.586297	
1	-0.180597	-2.832031	-0.387241	-1.586297	
1	-0.146484	-2.792327	-0.384690	-1.549418	
1	-0.146484	-2.792327	-0.384690	-1.549418	
1	-0.139299	-2.783203	-0.384161	-1.541035	
1	-0.139299	-2.783203	-0.384161	-1.541035	
1	-0.101141	-2.734375	-0.381651	-1.496500	
1	-0.101141	-2.734375	-0.381651	-1.496500	
1	-0.097656	-2.729888	-0.381447	-1.492436	
1	-0.097656	-2.729888	-0.381447	-1.492436	
1	-0.065749	-2.685547	-0.379663	-1.452610	
1	-0.065749	-2.685547	-0.379663	-1.452610	
1	-0.048828	-2.661671	-0.378868	-1.431347	
1	-0.048828	-2.661671	-0.378868	-1.431347	
1	-0.032255	-2.636719	-0.378158	-1.409285	
1	-0.032255	-2.636719	-0.378158	-1.409285	
1	-0.000467	-2.587891	-0.377106	-1.366492	
1	-0.000467	-2.587891	-0.377106	-1.366492	
1	0.000000	-2.587167	-0.377093	-1.365861	
1	0.000000	-2.587167	-0.377093	-1.365861	
1	0.029364	-2.539062	-0.376481	-1.324208	
1	0.029364	-2.539062	-0.376481	-1.324208	
1	0.048828	-2.506325	-0.376289	-1.296127	
1	0.048828	-2.506325	-0.376289	-1.296127	
1	0.057968	-2.490234	-0.376260	-1.282404	
1	0.057968	-2.490234	-0.376260	-1.282404	
1	0.085162	-2.441406	-0.376425	-1.241065	
1	0.085162	-2.441406	-0.376425	-1.241065	
1	0.097656	-2.418420	-0.376631	-1.221763	
1	0.097656	-2.418420	-0.376631	-1.221763	
1	0.111194	-2.392578	-0.376958	-1.200181	
1	0.111194	-2.392578	-0.376958	-1.200181	
1	0.136092	-2.343750	-0.377842	-1.159743	
1	0.136092	-2.343750	-0.377842	-1.159743	
1	0.146484	-2.322838	-0.378325	-1.142561	
1	0.146484	-2.322838	-0.378325	-1.142561	
1	0.159971	-2.294922	-0.379063	-1.119746	
1	0.159971	-2.294922	-0.379063	-1.119746	
1	0.182858	-2.246094	-0.380608	-1.080188	
1	0.182858	-2.246094	-0.380608	-1.080188	
1	0.195312	-2.218676	-0.381611	-1.058166	
1	0.195312	-2.218676	-0.381611	-1.058166	
1	0.204847	-2.197266	-0.382462	-1.041067	
1	0.204847	-2.197266	-0.382462	-1.041067	
1	0.225969	-2.148438	-0.384613	-1.002383	
1	0.225969	-2.148438	-0.384613	-1.002383	
1	0.244141	-2.104640	-0.386785	-0.968055	
1	0.244141	-2.104640	-0.386785	-0.968055	
1	0.246204	-2.099609	-0.387049	-0.964136	
1	0.246204	-2.099609	-0.387049	-0.964136	
1	0.265772	-2.050781	-0.389756	-0.926337	
1	0.265772	-2.050781	-0.389756	-0.926337	
1	0.284461	-2.001953	-0.392725	-0.888978	
1	0.284461	-2.001953	-0.392725	-0.888978	
1	0.292969	-1.978934	-0.394211	-0.871518	
1	0.292969	-1.978934	-0.394211	-0.871518	
1	0.302480	-1.953125	-0.395941	-0.852073	
1	0.302480	-1.953125	-0.395941	-0.852073	
1	0.319827	-1.904297	-0.399392	-0.815628	
1	0.319827	-1.904297	-0.399392	-0.815628	
1	0.336346	-1.855469	-0.403068	-0.779635	
1	0.336346	-1.855469	-0.403068	-0.779635	
1	0.341797	-1.838765	-0.404374	-0.767425	
1	0.341797	-1.838765	-0.404374	-0.767425	
1	0.352344	-1.806641	-0.406952	-0.744123	
1	0.352344	-1.806641	-0.406952	-0.744123	
1	0.367698	-1.757812	-0.411033	-0.709090	
1	0.367698	-1.757812	-0.411033	-0.709090	
1	0.382276	-1.708984	-0.415298	-0.674530	
1	0.382276	-1.708984	-0.415298	-0.674530	
1	0.390625	-1.679712	-0.417938	-0.654039	
1	0.390625	-1.679712	-0.417938	-0.654039	
1	0.396288	-1.660156	-0.419731	-0.640470	
1	0.396288	-1.660156	-0.419731	-0.640470	
1	0.409842	-1.611328	-0.424316	-0.606929	
1	0.409842	-1.611328	-0.424316	-0.606929	
1	0.422671	-1.562500	-0.429041	-0.573890	
1	0.422671	-1.562500	-0.429041	-0.573890	
1	0.434794	-1.513672	-0.433890	-0.541363	
1	0.434794	-1.513672	-0.433890	-0.541363	
1	0.439453	-1.493957	-0.435879	-0.528373	
1	0.439453	-1.493957	-0.435879	-0.528373	
1	0.446513	-1.464844	-0.438840	-0.509389	
1	0.446513	-1.464844	-0.438840	-0.509389	
1	0.457746	-1.416016	-0.443874	-0.477971	
1	0.457746	-1.416016	-0.443874	-0.477971	
1	0.468323	-1.367188	-0.448977	-0.447102	
1	0.468323	-1.367188	-0.448977	-0.447102	
1	0.478265	-1.318359	-0.454127	-0.416794	
1	0.478265	-1.318359	-0.454127	-0.416794	
1	0.487593	-1.269531	-0.459304	-0.387062	
1	0.487593	-1.269531	-0.459304	-0.387062	
1	0.488281	-1.265719	-0.459709	-0.384763	
1	0.488281	-1.265719	-0.459709	-0.384763	
1	0.496714	-1.220703	-0.464477	-0.357961	
1	0.496714	-1.220703	-0.464477	-0.357961	
1	0.505283	-1.171875	-0.469627	-0.329466	
1	0.505283	-1.171875	-0.469627	-0.329466	
1	0.513293	-1.123047	-0.474730	-0.301588	
1	0.513293	-1.123047	-0.474730	-0.301588	
1	0.520772	-1.074219	-0.479758	-0.274342	
1	0.520772	-1.074219	-0.479758	-0.274342	
1	0.527751	-1.025391	-0.484682	-0.247744	
1	0.527751	-1.025391	-0.484682	-0.247744	
1	0.534263	-0.976562	-0.489471	-0.221808	
1	0.534263	-0.976562	-0.489471	-0.221808	
1	0.537109	-0.953692	-0.491660	-0.209887	
1	0.537109	-0.953692	-0.491660	-0.209887	
1	0.540500	-0.927734	-0.494090	-0.196564	
1	0.540500	-0.927734	-0.494090	-0.196564	
1	0.546459	-0.878906	-0.498507	-0.172020	
1	0.546459	-0.878906	-0.498507	-0.172020	
1	0.552046	-0.830078	-0.502688	-0.148174	
1	0.552046	-0.830078	-0.502688	-0.148174	
1	0.557315	-0.781250	-0.506597	-0.125038	
1	0.557315	-0.781250	-0.506597	-0.125038	
1	0.562325	-0.732422	-0.510196	-0.102619	
1	0.562325	-0.732422	-0.510196	-0.102619	
1	0.567145	-0.683594	-0.513446	-0.080923	
1	0.567145	-0.683594	-0.513446	-0.080923	
1	0.571855	-0.634766	-0.516308	-0.059952	
1	0.571855	-0.634766	-0.516308	-0.059952	
1	0.576548	-0.585938	-0.518743	-0.039702	
1	0.576548	-0.585938	-0.518743	-0.039702	
1	0.581328	-0.537109	-0.520711	-0.020161	
1	0.581328	-0.537109	-0.520711	-0.020161	
1	0.585938	-0.491928	-0.522083	-0.002697	
1	0.585938	-0.491928	-0.522083	-0.002697	
1	0.586327	-0.488281	-0.522174	-0.001312	
1	0.586327	-0.488281	-0.522174	-0.001312	
1	0.591788	-0.439453	-0.523095	0.016874	
1	0.591788	-0.439453	-0.523095	0.016874	
1	0.597703	-0.390625	-0.523439	0.034442	
1	0.597703	-0.390625	-0.523439	0.034442	
1	0.604221	-0.341797	-0.523171	0.051447	
1	0.604221	-0.341797	-0.523171	0.051447	
1	0.611495	-0.292969	-0.522255	0.067955	
1	0.611495	-0.292969	-0.522255	0.067955	
1	0.619671	-0.244141	-0.520659	0.084050	
1	0.619671	-0.244141	-0.520659	0.084050	
1	0.628882	-0.195312	-0.518346	0.099826	
1	0.628882	-0.195312	-0.518346	0.099826	
1	0.634766	-0.167461	-0.516690	0.108731	
1	0.634766	-0.167461	-0.516690	0.108731	
1	0.639253	-0.146484	-0.515280	0.115393	
1	0.639253	-0.146484	-0.515280	0.115393	
1	0.650805	-0.097656	-0.511422	0.130861	
1	0.650805	-0.097656	-0.511422	0.130861	
1	0.663500	-0.048828	-0.506736	0.146338	
1	0.663500	-0.048828	-0.506736	0.146338	
1	0.677296	0.000000	-0.501188	0.161934	
1	0.677296	0.000000	-0.501188	0.161934	
1	0.683594	0.020669	-0.498566	0.168612	
1	0.683594	0.020669	-0.498566	0.168612	
1	0.692132	0.048828	-0.494749	0.177748	
1	0.692132	0.048828	-0.494749	0.177748	
1	0.707841	0.097656	-0.487401	0.193864	
1	0.707841	0.097656	-0.487401	0.193864	
1	0.724224	0.146484	-0.479141	0.210343	
1	0.724224	0.146484	-0.479141	0.210343	
1	0.732422	0.169977	-0.474834	0.218437	
1	0.732422	0.169977	-0.474834	0.218437	
1	0.741192	0.195312	-0.469972	0.227252	
1	0.741192	0.195312	-0.469972	0.227252	
1	0.758565	0.244141	-0.459914	0.244631	
1	0.758565	0.244141	-0.459914	0.244631	
1	0.776061	0.292969	-0.449013	0.262486	
1	0.776061	0.292969	-0.449013	0.262486	
1	0.781250	0.307238	-0.445666	0.267811	
1	0.781250	0.307238	-0.445666	0.267811	
1	0.793763	0.341797	-0.437285	0.280878	
1	0.793763	0.341797	-0.437285	0.280878	
1	0.811401	0.390625	-0.424797	0.299791	
1	0.811401	0.390625	-0.424797	0.299791	
1	0.828731	0.439453	-0.411621	0.319199	
1	0.828731	0.439453	-0.411621	0.319199	
1	0.830078	0.443248	-0.410568	0.320731	
1	0.830078	0.443248	-0.410568	0.320731	
1	0.846111	0.488281	-0.397748	0.339200	
1	0.846111	0.488281	-0.397748	0.339200	
1	0.863049	0.537109	-0.383297	0.359698	
1	0.863049	0.537109	-0.383297	0.359698	
1	0.878906	0.584333	-0.368835	0.379974	
1	0.878906	0.584333	-0.368835	0.379974	
1	0.879451	0.585938	-0.368333	0.380675	
1	0.879451	0.585938	-0.368333	0.380675	
1	0.895812	0.634766	-0.352814	0.402260	
1	0.895812	0.634766	-0.352814	0.402260	
1	0.911539	0.683594	-0.336891	0.424303	
1	0.911539	0.683594	-0.336891	0.424303	
1	0.926602	0.732422	-0.320617	0.446791	
1	0.926602	0.732422	-0.320617	0.446791	
1	0.927734	0.736191	-0.319348	0.448545	
1	0.927734	0.736191	-0.319348	0.448545	
1	0.941542	0.781250	-0.303926	0.469869	
1	0.941542	0.781250	-0.303926	0.469869	
1	0.955836	0.830078	-0.286962	0.493387	
1	0.955836	0.830078	-0.286962	0.493387	
1	0.969438	0.878906	-0.269773	0.517321	
1	0.969438	0.878906	-0.269773	0.517321	
1	0.976562	0.905636	-0.260287	0.530588	
1	0.976562	0.905636	-0.260287	0.530588	
1	0.982611	0.927734	-0.252339	0.541741	
1	0.982611	0.927734	-0.252339	0.541741	
1	0.995396	0.976562	-0.234685	0.566652	
1	0.995396	0.976562	-0.234685	0.566652	
1	1.007493	1.025391	-0.216906	0.591953	
1	1.007493	1.025391	-0.216906	0.591953	
1	1.018918	1.074219	-0.199029	0.617638	
1	1.018918	1.074219	-0.199029	0.617638	
1	1.025391	1.103439	-0.188304	0.633173	
1	1.025391	1.103439	-0.188304	0.633173	
1	1.029879	1.123047	-0.181034	0.643761	
1	1.029879	1.123047	-0.181034	0.643761	
1	1.040456	1.171875	-0.162929	0.670340	
1	1.040456	1.171875	-0.162929	0.670340	
1	1.050373	1.220703	-0.144799	0.697276	
1	1.050373	1.220703	-0.144799	0.697276	
1	1.059649	1.269531	-0.126660	0.724564	
1	1.059649	1.269531	-0.126660	0.724564	
1	1.068300	1.318359	-0.108530	0.752200	
1	1.068300	1.318359	-0.108530	0.752200	
1	1.074219	1.354260	-0.095225	0.772719	
1	1.074219	1.354260	-0.095225	0.772719	
1	1.076431	1.367188	-0.090404	0.780208	
1	1.076431	1.367188	-0.090404	0.780208	
1	1.084172	1.416016	-0.072271	0.808622	
1	1.084172	1.416016	-0.072271	0.808622	
1	1.091285	1.464844	-0.054200	0.837356	
1	1.091285	1.464844	-0.054200	0.837356	
1	1.097780	1.513672	-0.036203	0.866401	
1	1.097780	1.513672	-0.036203	0.866401	
1	1.103665	1.562500	-0.018293	0.895753	
1	1.103665	1.562500	-0.018293	0.895753	
1	1.108944	1.611328	-0.000479	0.925406	
1	1.108944	1.611328	-0.000479	0.925406	
1	1.113622	1.660156	0.017225	0.955352	
1	1.113622	1.660156	0.017225	0.955352	
1	1.117696	1.708984	0.034809	0.985585	
1	1.117696	1.708984	0.034809	0.985585	
1	1.121164	1.757812	0.052261	1.016096	
1	1.121164	1.757812	0.052261	1.016096	
1	1.123047	1.790146	0.063726	1.036422	
1	1.123047	1.790146	0.063726	1.036422	
1	1.124044	1.806641	0.069577	1.046885	
1	1.124044	1.806641	0.069577	1.046885	
1	1.126328	1.855469	0.086745	1.077945	
1	1.126328	1.855469	0.086745	1.077945	
1	1.127948	1.904297	0.103744	1.109246	
1	1.127948	1.904297	0.103744	1.109246	
1	1.128890	1.953125	0.120563	1.140780	
1	1.128890	1.953125	0.120563	1.140780	
1	1.129138	2.001953	0.137193	1.172537	
1	1.129138	2.001953	0.137193	1.172537	
1	1.128671	2.050781	0.153624	1.204506	
1	1.128671	2.050781	0.153624	1.204506	
1	1.127462	2.099609	0.169845	1.236677	
1	1.127462	2.099609	0.169845	1.236677	
1	1.125484	2.148438	0.185846	1.269038	
1	1.125484	2.148438	0.185846	1.269038	
1	1.123047	2.191332	0.199706	1.297602	
1	1.123047	2.191332	0.199706	1.297602	
1	1.122705	2.197266	0.201616	1.301579	
1	1.122705	2.197266	0.201616	1.301579	
1	1.119096	2.246094	0.217147	1.334289	
1	1.119096	2.246094	0.217147	1.334289	
1	1.114585	2.294922	0.232423	1.367146	
1	1.114585	2.294922	0.232423	1.367146	
1	1.109117	2.343750	0.247430	1.400136	
1	1.109117	2.343750	0.247430	1.400136	
1	1.102631	2.392578	0.262159	1.433242	
1	1.102631	2.392578	0.262159	1.433242	
1	1.095060	2.441406	0.276594	1.466451	
1	1.095060	2.441406	0.276594	1.466451	
1	1.086332	2.490234	0.290725	1.499745	
1	1.086332	2.490234	0.290725	1.499745	
1	1.076366	2.539062	0.304538	1.533111	
1	1.076366	2.539062	0.304538	1.533111	
1	1.074219	2.548592	0.307189	1.539615	
1	1.074219	2.548592	0.307189	1.539615	
1	1.064814	2.587891	0.317986	1.566456	
1	1.064814	2.587891	0.317986	1.566456	
1	1.051659	2.636719	0.331069	1.599793	
1	1.051659	2.636719	0.331069	1.599793	
1	1.036829	2.685547	0.343777	1.633123	
1	1.036829	2.685547	0.343777	1.633123	
1	1.025391	2.719516	0.352381	1.656281	
1	1.025391	2.719516	0.352381	1.656281	
1	1.019909	2.734375	0.356064	1.666353	
1	1.019909	2.734375	0.356064	1.666353	
1	1.000207	2.783203	0.367860	1.699325	
1	1.000207	2.783203	0.367860	1.699325	
1	0.978082	2.832031	0.379206	1.732193	
1	0.978082	2.832031	0.379206	1.732193	
1	0.976562	2.835159	0.379915	1.734291	
1	0.976562	2.835159	0.379915	1.734291	
1	0.951307	2.880859	0.389902	1.764423	
1	0.951307	2.880859	0.389902	1.764423	
1	0.927734	2.919249	0.397929	1.789582	
1	0.927734	2.919249	0.397929	1.789582	
1	0.920187	2.929688	0.399994	1.796211	
1	0.920187	2.929688	0.399994	1.796211	
1	0.881782	2.978516	0.409269	1.826974	
1	0.881782	2.978516	0.409269	1.826974	
1	0.878906	2.981922	0.409891	1.829106	
1	0.878906	2.981922	0.409891	1.829106	
1	0.831184	3.027344	0.417440	1.855840	
1	0.831184	3.027344	0.417440	1.855840	
1	0.830078	3.028327	0.417596	1.856414	
1	0.830078	3.028327	0.417596	1.856414	
1	0.781250	3.061687	0.422172	1.873775	
1	0.781250	3.061687	0.422172	1.873775	
1	0.750209	3.076172	0.423612	1.879547	
1	0.750209	3.076172	0.423612	1.879547	
1	0.732422	3.084106	0.424368	1.882684	
1	0.732422	3.084106	0.424368	1.882684	
1	0.683594	3.097072	0.424729	1.884220	
1	0.683594	3.097072	0.424729	1.884220	
1	0.634766	3.101620	0.423653	1.879140	
1	0.634766	3.101620	0.423653	1.879140	
1	0.585938	3.098558	0.421462	1.868049	
1	0.585938	3.098558	0.421462	1.868049	
1	0.537109	3.088472	0.418412	1.851393	
1	0.537109	3.088472	0.418412	1.851393	
1	0.501304	3.076172	0.415653	1.835231	
1	0.501304	3.076172	0.415653	1.835231	
1	0.488281	3.071825	0.414721	1.829536	
1	0.488281	3.071825	0.414721	1.829536	
1	0.439453	3.049083	0.410591	1.802869	
1	0.439453	3.049083	0.410591	1.802869	
1	0.402735	3.027344	0.407200	1.779093	
1	0.402735	3.027344	0.407200	1.779093	
1	0.390625	3.020312	0.406161	1.771442	
1	0.390625	3.020312	0.406161	1.771442	
1	0.341797	2.985854	0.401599	1.735570	
1	0.341797	2.985854	0.401599	1.735570	
1	0.332918	2.978516	0.400718	1.728164	
1	0.332918	2.978516	0.400718	1.728164	
1	0.292969	2.945825	0.397044	1.695380	
1	0.292969	2.945825	0.397044	1.695380	
1	0.275746	2.929688	0.395400	1.679575	
1	0.275746	2.929688	0.395400	1.679575	
1	0.244141	2.900224	0.392620	1.650914	
1	0.244141	2.900224	0.392620	1.650914	
1	0.225656	2.880859	0.390957	1.632407	
1	0.225656	2.880859	0.390957	1.632407	
1	0.195312	2.849079	0.388459	1.602253	
1	0.195312	2.849079	0.388459	1.602253	
1	0.180597	2.832031	0.387241	1.586297	
1	0.180597	2.832031	0.387241	1.586297	
1	0.146484	2.792327	0.384690	1.549418	
1	0.146484	2.792327	0.384690	1.549418	
1	0.139299	2.783203	0.384161	1.541035	
1	0.139299	2.783203	0.384161	1.541035	
1	0.101141	2.734375	0.381651	1.496500	
1	0.101141	2.734375	0.381651	1.496500	
1	0.097656	2.729888	0.381447	1.492436	
1	0.097656	2.729888	0.381447	1.492436	
1	0.065749	2.685547	0.379663	1.452610	
1	0.065749	2.685547	0.379663	1.452610	
1	0.048828	2.661671	0.378868	1.431347	
1	0.048828	2.661671	0.378868	1.431347	
1	0.032255	2.636719	0.378158	1.409285	
1	0.032255	2.636719	0.378158	1.409285	
1	0.000467	2.587891	0.377106	1.366492	
1	0.000467	2.587891	0.377106	1.366492	
1	0.000000	2.587167	0.377093	1.365861	
1	0.000000	2.587167	0.377093	1.365861	
1	-0.029364	2.539062	0.376481	1.324208	
1	-0.029364	2.539062	0.376481	1.324208	
1	-0.048828	2.506325	0.376289	1.296127	
1	-0.048828	2.506325	0.376289	1.296127	
1	-0.057968	2.490234	0.376260	1.282404	
1	-0.057968	2.490234	0.376260	1.282404	
1	-0.085162	2.441406	0.376425	1.241065	
1	-0.085162	2.441406	0.376425	1.241065	
1	-0.097656	2.418420	0.376631	1.221763	
1	-0.097656	2.418420	0.376631	1.221763	
1	-0.111194	2.392578	0.376958	1.200181	
1	-0.111194	2.392578	0.376958	1.200181	
1	-0.136092	2.343750	0.377842	1.159743	
1	-0.136092	2.343750	0.377842	1.159743	
1	-0.146484	2.322838	0.378325	1.142561	
1	-0.146484	2.322838	0.378325	1.142561	
1	-0.159971	2.294922	0.379063	1.119746	
1	-0.159971	2.294922	0.379063	1.119746	
1	-0.182858	2.246094	0.380608	1.080188	
1	-0.182858	2.246094	0.380608	1.080188	
1	-0.195312	2.218676	0.381611	1.058166	
1	-0.195312	2.218676	0.381611	1.058166	
1	-0.204847	2.197266	0.382462	1.041067	
1	-0.204847	2.197266	0.382462	1.041067	
1	-0.225969	2.148438	0.384613	1.002383	
1	-0.225969	2.148438	0.384613	1.002383	
1	-0.244141	2.104640	0.386785	0.968055	
1	-0.244141	2.104640	0.386785	0.968055	
1	-0.246204	2.099609	0.387049	0.964136	
1	-0.246204	2.099609	0.387049	0.964136	
1	-0.265772	2.050781	0.389756	0.926337	
1	-0.265772	2.050781	0.389756	0.926337	
1	-0.284461	2.001953	0.392725	0.888978	
1	-0.284461	2.001953	0.392725	0.888978	
1	-0.292969	1.978934	0.394211	0.871518	
1	-0.292969	1.978934	0.394211	0.871518	
1	-0.302480	1.953125	0.395941	0.852073	
1	-0.302480	1.953125	0.395941	0.852073	
1	-0.319827	1.904297	0.399392	0.815628	
1	-0.319827	1.904297	0.399392	0.815628	
1	-0.336346	1.855469	0.403068	0.779635	
1	-0.336346	1.855469	0.403068	0.779635	
1	-0.341797	1.838765	0.404374	0.767425	
1	-0.341797	1.838765	0.404374	0.767425	
1	-0.352344	1.806641	0.406952	0.744123	
1	-0.352344	1.806641	0.406952	0.744123	
1	-0.367698	1.757812	0.411033	0.709090	
1	-0.367698	1.757812	0.411033	0.709090	
1	-0.382276	1.708984	0.415298	0.674530	
1	-0.382276	1.708984	0.415298	0.674530	
1	-0.390625	1.679712	0.417938	0.654039	
1	-0.390625	1.679712	0.417938	0.654039	
1	-0.396288	1.660156	0.419731	0.640470	
1	-0.396288	1.660156	0.419731	0.640470	
1	-0.409842	1.611328	0.424316	0.606929	
1	-0.409842	1.611328	0.424316	0.606929	
1	-0.422671	1.562500	0.429041	0.573890	
1	-0.422671	1.562500	0.429041	0.573890	
1	-0.434794	1.513672	0.433890	0.541363	
1	-0.434794	1.513672	0.433890	0.541363	
1	-0.439453	1.493957	0.435879	0.528373	
1	-0.439453	1.493957	0.435879	0.528373	
1	-0.446513	1.464844	0.438840	0.509389	
1	-0.446513	1.464844	0.438840	0.509389	
1	-0.457746	1.416016	0.443874	0.477971	
1	-0.457746	1.416016	0.443874	0.477971	
1	-0.468323	1.367188	0.448977	0.447102	
1	-0.468323	1.367188	0.448977	0.447102	
1	-0.478265	1.318359	0.454127	0.416794	
1	-0.478265	1.318359	0.454127	0.416794	
1	-0.487593	1.269531	0.459304	0.387062	
1	-0.487593	1.269531	0.459304	0.387062	
1	-0.488281	1.265719	0.459709	0.384763	
1	-0.488281	1.265719	0.459709	0.384763	
1	-0.496714	1.220703	0.464477	0.357961	
1	-0.496714	1.220703	0.464477	0.357961	
1	-0.505283	1.171875	0.469627	0.329466	
1	-0.505283	1.171875	0.469627	0.329466	
1	-0.513293	1.123047	0.474730	0.301588	
1	-0.513293	1.123047	0.474730	0.301588	
1	-0.520772	1.074219	0.479758	0.274342	
1	-0.520772	1.074219	0.479758	0.274342	
1	-0.527751	1.025391	0.484682	0.247744	
1	-0.527751	1.025391	0.484682	0.247744	
1	-0.534263	0.976562	0.489471	0.221808	
1	-0.534263	0.976562	0.489471	0.221808	
1	-0.537109	0.953692	0.491660	0.209887	
1	-0.537109	0.953692	0.491660	0.209887	
1	-0.540500	0.927734	0.494090	0.196564	
1	-0.540500	0.927734	0.494090	0.196564	
1	-0.546459	0.878906	0.498507	0.172020	
1	-0.546459	0.878906	0.498507	0.172020	
1	-0.552046	0.830078	0.502688	0.148174	
1	-0.552046	0.830078	0.502688	0.148174	
1	-0.557315	0.781250	0.506597	0.125038	
1	-0.557315	0.781250	0.506597	0.125038	
1	-0.562325	0.732422	0.510196	0.102619	
1	-0.562325	0.732422	0.510196	0.102619	
1	-0.567145	0.683594	0.513446	0.080923	
1	-0.567145	0.683594	0.513446	0.080923	
1	-0.571855	0.634766	0.516308	0.059952	
1	-0.571855	0.634766	0.516308	0.059952	
1	-0.576548	0.585938	0.518743	0.039702	
1	-0.576548	0.585938	0.518743	0.039702	
1	-0.581328	0.537109	0.520711	0.020161	
1	-0.581328	0.537109	0.520711	0.020161	
1	-0.585938	0.491928	0.522083	0.002697	
1	-0.585938	0.491928	0.522083	0.002697	
1	-0.586327	0.488281	0.522174	0.001312	
1	-0.586327	0.488281	0.522174	0.001312	
1	-0.591788	0.439453	0.523095	-0.016874	
1	-0.591788	0.439453	0.523095	-0.016874	
1	-0.597703	0.390625	0.523439	-0.034442	
1	-0.597703	0.390625	0.523439	-0.034442	
1	-0.604221	0.341797	0.523171	-0.051447	
1	-0.604221	0.341797	0.523171	-0.051447	
1	-0.611495	0.292969	0.522255	-0.067955	
1	-0.611495	0.292969	0.522255	-0.067955	
1	-0.619671	0.244141	0.520659	-0.084050	
1	-0.619671	0.244141	0.520659	-0.084050	
1	-0.628882	0.195312	0.518346	-0.099826	
1	-0.628882	0.195312	0.518346	-0.099826	
1	-0.634766	0.167461	0.516690	-0.108731	
1	-0.634766	0.167461	0.516690	-0.108731	
1	-0.639253	0.146484	0.515280	-0.115393	
1	-0.639253	0.146484	0.515280	-0.115393	
1	-0.650805	0.097656	0.511422	-0.130861	
1	-0.650805	0.097656	0.511422	-0.130861	
1	-0.663500	0.048828	0.506736	-0.146338	
1	-0.663500	0.048828	0.506736	-0.146338	
1	-0.677296	0.000000	0.501188	-0.161934	
1	-0.677296	0.000000	0.501188	-0.161934	
1	-0.683594	-0.020669	0.498566	-0.168612	
1	-0.683594	-0.020669	0.498566	-0.168612	
1	-0.692132	-0.048828	0.494749	-0.177748	
1	-0.692132	-0.048828	0.494749	-0.177748	
1	-0.707841	-0.097656	0.487401	-0.193864	
1	-0.707841	-0.097656	0.487401	-0.193864	
1	-0.724224	-0.146484	0.479141	-0.210343	
1	-0.724224	-0.146484	0.479141	-0.210343	
1	-0.732422	-0.169977	0.474834	-0.218437	
1	-0.732422	-0.169977	0.474834	-0.218437	
1	-0.741192	-0.195312	0.469972	-0.227252	
1	-0.741192	-0.195312	0.469972	-0.227252	
1	-0.758565	-0.244141	0.459914	-0.244631	
1	-0.758565	-0.244141	0.459914	-0.244631	
1	-0.776061	-0.292969	0.449013	-0.262486	
1	-0.776061	-0.292969	0.449013	-0.262486	
1	-0.781250	-0.307238	0.445666	-0.267811	
1	-0.781250	-0.307238	0.445666	-0.267811	
1	-0.793763	-0.341797	0.437285	-0.280878	
1	-0.793763	-0.341797	0.437285	-0.280878	
1	-0.811401	-0.390625	0.424797	-0.299791	
1	-0.811401	-0.390625	0.424797	-0.299791	
1	-0.828731	-0.439453	0.411621	-0.319199	
1	-0.828731	-0.439453	0.411621	-0.319199	
1	-0.830078	-0.443248	0.410568	-0.320731	
1	-0.830078	-0.443248	0.410568	-0.320731	
1	-0.846111	-0.488281	0.397748	-0.339200	
1	-0.846111	-0.488281	0.397748	-0.339200	
1	-0.863049	-0.537109	0.383297	-0.359698	
1	-0.863049	-0.537109	0.383297	-0.359698	
1	-0.878906	-0.584333	0.368835	-0.379974	
1	-0.878906	-0.584333	0.368835	-0.379974	
1	-0.879451	-0.585938	0.368333	-0.380675	
1	-0.879451	-0.585938	0.368333	-0.380675	
1	-0.895812	-0.634766	0.352814	-0.402260	
1	-0.895812	-0.634766	0.352814	-0.402260	
1	-0.911539	-0.683594	0.336891	-0.424303	
1	-0.911539	-0.683594	0.336891	-0.424303	
1	-0.926602	-0.732422	0.320617	-0.446791	
1	-0.926602	-0.732422	0.320617	-0.446791	
1	-0.927734	-0.736191	0.319348	-0.448545	
1	-0.927734	-0.736191	0.319348	-0.448545	
1	-0.941542	-0.781250	0.303926	-0.469869	
1	-0.941542	-0.781250	0.303926	-0.469869	
1	-0.955836	-0.830078	0.286962	-0.493387	
1	-0.955836	-0.830078	0.286962	-0.493387	
1	-0.969438	-0.878906	0.269773	-0.517321	
1	-0.969438	-0.878906	0.269773	-0.517321	
1	-0.976562	-0.905636	0.260287	-0.530588	
1	-0.976562	-0.905636	0.260287	-0.530588	
1	-0.982611	-0.927734	0.252339	-0.541741	
1	-0.982611	-0.927734	0.252339	-0.541741	
1	-0.995396	-0.976562	0.234685	-0.566652	
1	-0.995396	-0.976562	0.234685	-0.566652	
1	-1.007493	-1.025391	0.216906	-0.591953	
1	-1.007493	-1.025391	0.216906	-0.591953	
1	-1.018918	-1.074219	0.199029	-0.617638	
1	-1.018918	-1.074219	0.199029	-0.617638	
1	-1.025391	-1.103439	0.188304	-0.633173	
1	-1.025391	-1.103439	0.188304	-0.633173	
1	-1.029879	-1.123047	0.181034	-0.643761	
1	-1.029879	-1.123047	0.181034	-0.643761	
1	-1.040456	-1.171875	0.162929	-0.670340	
1	-1.040456	-1.171875	0.162929	-0.670340	
1	-1.050373	-1.220703	0.144799	-0.697276	
1	-1.050373	-1.220703	0.144799	-0.697276	
1	-1.059649	-1.269531	0.126660	-0.724564	
1	-1.059649	-1.269531	0.126660	-0.724564	
1	-1.068300	-1.318359	0.108530	-0.752200	
1	-1.068300	-1.318359	0.108530	-0.752200	
1	-1.074219	-1.354260	0.095225	-0.772719	
1	-1.074219	-1.354260	0.095225	-0.772719	
1	-1.076431	-1.367188	0.090404	-0.780208	
1	-1.076431	-1.367188	0.090404	-0.780208	
1	-1.084172	-1.416016	0.072271	-0.808622	
1	-1.084172	-1.416016	0.072271	-0.808622	
1	-1.091285	-1.464844	0.054200	-0.837356	
1	-1.091285	-1.464844	0.054200	-0.837356	
1	-1.097780	-1.513672	0.036203	-0.866401	
1	-1.097780	-1.513672	0.036203	-0.866401	
1	-1.103665	-1.562500	0.018293	-0.895753	
1	-1.103665	-1.562500	0.018293	-0.895753	
1	-1.108944	-1.611328	0.000479	-0.925406	
1	-1.108944	-1.611328	0.000479	-0.925406	
1	-1.113622	-1.660156	-0.017225	-0.955352	
1	-1.113622	-1.660156	-0.017225	-0.955352	
1	-1.117696	-1.708984	-0.034809	-0.985585	
1	-1.117696	-1.708984	-0.034809	-0.985585	
1	-1.121164	-1.757812	-0.052261	-1.016096	
1	-1.121164	-1.757812	-0.052261	-1.016096	
1	-1.123047	-1.790146	-0.063726	-1.036422	
1	-1.123047	-1.790146	-0.063726	-1.036422	
1	-1.124044	-1.806641	-0.069577	-1.046885	
1	-1.124044	-1.806641	-0.069577	-1.046885	
1	-1.126328	-1.855469	-0.086745	-1.077945	
1	-1.126328	-1.855469	-0.086745	-1.077945	
1	-1.127948	-1.904297	-0.103744	-1.109246	
1	-1.127948	-1.904297	-0.103744	-1.109246	
1	-1.128890	-1.953125	-0.120563	-1.140780	
1	-1.128890	-1.953125	-0.120563	-1.140780	
1	-1.129138	-2.001953	-0.137193	-1.172537	
1	-1.129138	-2.001953	-0.137193	-1.172537	
1	-1.128671	-2.050781	-0.153624	-1.204506	
1	-1.128671	-2.050781	-0.153624	-1.204506	
1	-1.127462	-2.099609	-0.169845	-1.236677	
1	-1.127462	-2.099609	-0.169845	-1.236677	
1	-1.125484	-2.148438	-0.185846	-1.269038	
1	-1.125484	-2.148438	-0.185846	-1.269038	
1	-1.123047	-2.191332	-0.199706	-1.297602	
1	-1.123047	-2.191332	-0.199706	-1.297602	
1	-1.122705	-2.197266	-0.201616	-1.301579	
1	-1.122705	-2.197266	-0.201616	-1.301579	
1	-1.119096	-2.246094	-0.217147	-1.334289	
1	-1.119096	-2.246094	-0.217147	-1.334289	
1	-1.114585	-2.294922	-0.232423	-1.367146	
1	-1.114585	-2.294922	-0.232423	-1.367146	
1	-1.109117	-2.343750	-0.247430	-1.400136	
1	-1.109117	-2.343750	-0.247430	-1.400136	
1	-1.102631	-2.392578	-0.262159	-1.433242	
1	-1.102631	-2.392578	-0.262159	-1.433242	
1	-1.095060	-2.441406	-0.276594	-1.466451	
1	-1.095060	-2.441406	-0.276594	-1.466451	
1	-1.086332	-2.490234	-0.290725	-1.499745	
1	-1.086332	-2.490234	-0.290725	-1.499745	
1	-1.076366	-2.539062	-0.304538	-1.533111	
1	-1.076366	-2.539062	-0.304538	-1.533111	
1	-1.074219	-2.548592	-0.307189	-1.539615	
1	-1.074219	-2.548592	-0.307189	-1.539615	
1	-1.064814	-2.587891	-0.317986	-1.566456	
1	-1.064814	-2.587891	-0.317986	-1.566456	
1	-1.051659	-2.636719	-0.331069	-1.599793	
1	-1.051659	-2.636719	-0.331069	-1.599793	
1	-1.036829	-2.685547	-0.343777	-1.633123	
1	-1.036829	-2.685547	-0.343777	-1.633123	
1	-1.025391	-2.719516	-0.352381	-1.656281	
1	-1.025391	-2.719516	-0.352381	-1.656281	
1	-1.019909	-2.734375	-0.356064	-1.666353	
1	-1.019909	-2.734375	-0.356064	-1.666353	
1	-1.000207	-2.783203	-0.367860	-1.699325	
1	-1.000207	-2.783203	-0.367860	-1.699325	
1	-0.978082	-2.832031	-0.379206	-1.732193	
1	-0.978082	-2.832031	-0.379206	-1.732193	
1	-0.976562	-2.835159	-0.379915	-1.734291	
1	-0.976562	-2.835159	-0.379915	-1.734291	
1	-0.951307	-2.880859	-0.389902	-1.764423	
1	-0.951307	-2.880859	-0.389902	-1.764423	
1	-0.927734	-2.919249	-0.397929	-1.789582	
1	-0.927734	-2.919249	-0.397929	-1.789582	
1	-0.920187	-2.929688	-0.399994	-1.796211	
1	-0.920187	-2.929688	-0.399994	-1.796211	
1	-0.881782	-2.978516	-0.409269	-1.826974	
1	-0.881782	-2.978516	-0.409269	-1.826974	
1	-0.878906	-2.981922	-0.409891	-1.829106	
1	-0.878906	-2.981922	-0.409891	-1.829106	
1	-0.831184	-3.027344	-0.417440	-1.855840	
1	-0.831184	-3.027344	-0.417440	-1.855840	
1	-0.830078	-3.028327	-0.417596	-1.856414	
