1 -5767.706049 0.230458 -28.561162 5.715994 482.480755 0.222013 -82.568362 9.120896 484.037648 0.573194 -50.290035 6.849537 439.161451 0.619029 89.378491 0.000000
1 -5869.054419 0.287757 -46.310086 1.768695 484.724600 0.675441 46.647758 8.013629 214.040061 0.146311 -2.920227 4.274877 454.867107 0.883578 -79.533243 0.000000
1 -7258.471052 0.785276 8.821994 9.465410 290.348532 0.723111 -42.859131 0.610352 52.819451 0.673105 66.098235 1.211455 426.472621 0.347009 35.505316 0.000000
1 -7528.066856 0.591837 -19.028673 0.863467 333.639396 0.556490 76.762820 9.577255 291.729599 0.533617 89.315868 2.168058 125.695719 0.682569 74.748590 0.000000
1 -7526.534585 0.660440 36.706508 0.417356 356.328582 0.452655 -16.831033 4.956666 357.376710 0.394665 47.940057 1.139423 158.275225 0.115861 -1.290884 0.000000
1 -9048.610536 0.534959 48.085548 9.200953 218.939949 0.002445 85.404155 3.160716 70.344992 0.128983 -59.071109 2.898645 123.712899 0.585855 -30.536112 0.000000
1 -7407.945036 0.621766 34.837463 4.647043 133.343396 0.074169 -37.658596 3.145187 404.569389 0.550537 79.380608 2.719335 51.945607 0.513789 -29.561106 0.000000
1 -7441.320836 0.308255 76.025273 1.047398 137.375659 0.609334 37.489560 3.346296 334.707438 0.338430 2.962427 1.366289 117.544648 0.502818 -54.928635 0.000000
1 -9048.689742 0.187737 -69.215089 1.762813 54.330698 0.724890 -4.166019 6.989610 234.777285 0.261218 17.899698 4.250962 251.777819 0.644317 -0.251860 0.000000
1 -9164.420360 0.037209 -35.714498 4.965446 350.935505 0.295972 -18.928650 9.600249 278.351177 0.520336 83.235902 6.460096 406.282089 0.214092 20.949798 0.000000
1 -8033.352813 0.540631 -22.075817 0.204523 307.195812 0.745293 23.772098 4.874948 18.205289 0.127415 -54.347677 2.177022 370.915718 0.686372 -8.748902 -1.910876
1 -9048.691002 0.320939 75.204056 4.093520 198.559462 0.556050 17.551637 5.351933 53.934628 0.698688 66.917899 1.187693 91.532887 0.937517 -85.881919 -1.910876
1 -5443.319455 0.546999 63.435712 0.578241 430.654402 0.162463 12.810699 9.384211 189.969862 0.131104 36.282919 1.022986 382.239614 1.058670 -37.486783 -1.910876
1 -9588.628031 0.070400 -24.116323 3.967692 159.724493 0.298041 -19.690475 6.582213 489.207102 0.700409 -78.189291 9.200603 414.036143 0.526988 79.091386 -1.910876
1 -7394.118021 0.598271 56.230805 1.865521 333.893674 0.459094 -39.543747 3.827197 295.950591 0.371860 34.077302 0.782311 97.437623 0.206617 -14.018441 -1.910876
1 -4190.569906 0.565222 83.178923 6.151917 254.793942 0.275995 -54.598991 1.230970 374.657959 0.242162 -7.313704 2.400165 177.853232 0.042880 85.402877 -1.910876
1 -7844.940037 0.772016 -40.275588 1.292472 323.330744 0.762241 33.444388 9.160882 350.349842 0.250460 4.289534 3.681616 423.039446 0.115777 51.537202 -1.910876
1 -9260.834325 0.367602 -42.485426 0.738631 137.423314 0.598367 -71.621127 4.626572 205.304724 0.308736 21.501698 5.911961 497.812816 0.240004 -86.997119 -1.910876
1 -3623.321783 0.194133 66.863147 3.537755 173.783002 0.318071 87.721350 9.400520 310.114590 0.656368 -42.962632 1.028755 252.284410 0.085813 47.111032 -1.910876
1 -9492.105760 0.450958 -44.628474 1.076942 199.951890 0.443236 6.163143 0.920367 250.392293 0.253491 -65.784190 9.180591 425.450963 0.595809 -82.622957 -1.910876
1 -5704.486643 0.229383 -45.366645 2.816777 74.615409 0.029925 2.162142 6.699306 282.933530 0.552409 -32.394949 0.289077 274.098106 0.765169 39.487847 -2.923319
1 -5462.658043 0.259043 8.984099 0.623583 97.438831 0.620765 -17.770229 1.675495 47.413369 0.390231 -73.290430 0.340332 180.917886 0.828958 -29.550060 -2.923319
1 -5462.578423 0.283654 37.883524 2.234481 431.740979 0.336527 26.375852 1.517807 147.723572 0.425938 -71.569662 1.108395 493.383203 0.835302 -38.897434 -2.923319
1 -5856.703596 0.074154 76.308437 2.809441 249.040974 0.342915 78.405389 0.619677 307.598212 0.214164 -12.683202 4.059686 210.658504 0.620202 71.805509 -2.923319
1 -7394.118021 0.598271 56.230805 1.865521 333.893674 0.459094 -39.543747 3.827197 295.950591 0.371860 34.077302 0.782311 97.437623 0.206617 -14.018441 -2.923319
1 -5497.919710 0.332321 71.835504 6.283725 179.298203 0.692566 -84.212831 0.492238 243.896205 0.529119 26.698573 5.724979 146.024428 0.650931 7.006443 -2.923319
1 -1913.374499 0.581100 -25.696154 6.580825 311.306819 0.165828 -36.387697 9.302195 131.083945 0.266721 -10.612693 4.052806 482.861378 0.020365 42.020364 -2.923319
1 -5430.071135 0.303543 36.205713 7.322014 37.759274 0.606732 -14.946454 9.590748 263.327464 0.370876 -71.907625 1.849203 341.393156 0.195210 67.169831 -2.923319
1 -3912.260869 0.197507 72.658497 3.334640 167.304674 0.324899 83.466988 0.650062 301.010538 0.641752 -45.898608 0.297209 258.576348 0.084075 50.018879 -2.923319
1 -9677.129686 0.029502 85.845408 3.449381 455.017263 0.687225 -87.435287 3.455369 175.733046 0.429131 -41.426801 6.706475 127.969382 0.718085 17.562478 -2.923319
1 -3624.039525 0.578075 52.612796 2.611643 47.259372 0.790157 74.486729 0.563924 59.974333 0.481879 -54.744435 0.381453 184.782123 0.688526 53.277542 -3.486463
1 -2007.189161 0.318993 70.806199 2.937811 376.460237 0.485935 5.170379 9.458918 496.921095 0.513343 68.417694 7.222999 53.415099 0.083047 46.898845 -3.486463
1 -5919.445486 0.662191 -79.626951 1.481648 438.687746 0.179159 -39.510324 3.521410 53.249382 0.537530 -7.934777 5.602829 143.691220 0.346382 -85.061180 -3.486463
1 -5454.205123 0.146875 22.055283 5.110569 103.749929 0.258134 60.250764 0.843569 393.621019 0.393077 -18.416662 9.222695 445.664508 0.934077 -83.250656 -3.486463
1 -3964.747118 0.054722 22.670639 1.171556 324.792698 0.342334 7.523635 1.745521 336.600802 0.497069 -26.625667 0.872369 167.548023 0.031237 -69.775097 -3.486463
1 -3774.568198 0.597302 -19.543536 6.262452 317.181995 0.136482 -37.203073 9.068259 140.589168 0.264954 -6.429042 4.230880 498.284051 0.017057 33.924222 -3.486463
1 -2085.444898 0.609793 -25.475261 6.057520 336.648984 0.156407 -39.366754 0.130570 157.054623 0.237348 -3.947339 4.459246 465.230125 0.008212 39.409064 -3.486463
1 -2666.791860 0.448001 -44.523591 5.700989 98.431091 0.020107 -14.627152 7.867276 87.125309 0.022034 21.512538 1.106817 395.287256 0.610897 -75.248382 -3.486463
1 -5720.726307 0.385147 -57.541791 9.569691 389.417363 0.492222 46.508726 5.578479 353.106471 0.013155 58.175463 4.866745 403.441446 0.147200 -80.686076 -3.486463
1 -4101.080274 0.121874 -37.159508 8.026226 196.987727 0.345812 -30.488227 8.220835 77.437302 0.464309 45.897411 0.639613 398.191910 0.488061 -39.760668 -3.486463
1 -2845.273118 0.694144 60.431336 1.932778 114.444412 0.692981 85.395631 8.889888 41.709941 0.464279 -25.617119 0.320014 361.575232 0.967568 52.350454 -3.952003
1 -3803.351468 0.446118 65.777415 3.784111 314.162569 0.381640 32.068361 1.071826 492.130557 0.578524 79.857574 5.098642 77.674855 1.048718 24.198486 -3.952003
1 -4122.479563 0.519464 -22.672589 0.329194 436.752552 0.363603 48.798274 2.155185 246.612718 0.754795 44.136051 7.700025 53.503490 0.303221 -77.820366 -3.952003
1 -6086.178820 0.580436 -76.413341 0.169927 292.504993 0.483333 -52.561516 4.251508 259.457520 0.281675 26.965276 0.908136 427.929680 0.026504 7.253292 -3.952003
1 -5994.960795 0.730630 62.806229 0.122398 305.597039 0.499260 88.827928 6.006336 426.072998 0.571916 -85.170388 0.633261 288.302905 0.099826 -28.767978 -3.952003
1 -3978.732005 0.475194 -60.425035 0.309446 276.274453 0.218271 -44.547504 0.868802 45.574226 0.639857 22.234292 1.855461 340.489541 0.495789 28.617215 -3.952003
1 -6109.434590 0.268466 -36.132444 1.735453 465.442355 0.558808 -22.926261 3.740032 417.763205 0.498078 -1.851962 5.571384 149.820979 0.917936 71.551244 -3.952003
1 -3874.426708 0.789764 -57.321715 3.956325 235.437277 0.158167 72.810672 9.063900 407.385802 0.698897 34.342417 0.452993 309.237745 0.284107 -7.579941 -3.952003
1 -3872.503424 0.348620 53.471794 2.135604 433.575225 0.655983 7.285468 9.405905 71.427980 0.289326 -61.088021 7.886068 171.129928 0.510008 81.225962 -3.952003
1 -2043.629835 0.557827 -88.348232 8.864001 149.949609 0.388785 -73.085061 5.460262 156.982407 0.330355 52.909871 0.229147 460.251651 0.680369 -64.552214 -3.952003
1 -4737.335243 0.755734 -68.759329 0.972624 131.887366 0.782413 46.541492 0.377626 437.277410 0.341744 -28.082884 0.184423 457.587399 0.991699 36.033797 -4.483967
1 -3680.589661 0.327773 -83.281807 2.323780 184.342056 0.590763 87.184379 0.811173 274.769209 0.221088 47.221783 1.055460 148.943557 0.049068 -15.109596 -4.483967
1 -3626.786453 0.671371 35.072834 8.413966 200.257987 0.542264 73.391220 8.618547 82.430743 0.184931 11.999619 0.674024 117.175345 1.010013 15.478755 -4.483967
1 -3674.695423 0.166710 26.708074 4.269289 282.655271 0.706131 -50.990152 7.670632 424.419769 0.086717 45.263229 0.722270 320.314579 0.850622 -78.761428 -4.483967
1 -2028.678035 0.779863 17.688337 2.790747 160.043348 0.604598 40.424516 8.555336 99.690485 0.786155 -68.635643 0.532403 372.406616 0.192781 66.337152 -4.483967
1 -3747.253709 0.514155 -69.305750 0.981322 249.644136 0.224727 -45.312683 0.983169 38.395264 0.625447 22.788670 1.185047 351.070243 0.471045 36.378110 -4.483967
1 -2114.712033 0.684717 -80.895339 9.228306 215.353389 0.327947 27.902172 1.924484 391.629745 0.580161 -3.233706 2.911583 208.166493 0.211681 -5.072375 -4.483967
1 -6008.500317 0.220649 21.700134 5.288094 163.152326 0.093074 -70.221729 5.992925 395.886638 0.197543 23.363066 0.134985 289.251940 0.373995 -21.728818 -4.483967
1 -7564.580963 0.217715 -1.137151 1.942327 482.870991 0.317846 -7.014742 1.575000 472.155543 0.362403 -8.987507 7.640634 228.753369 1.132630 -65.970538 -4.483967
1 -7340.113503 0.447600 17.389198 8.251244 200.632620 0.563965 -67.717222 6.129313 358.587518 0.371371 -70.498972 9.582299 279.506350 0.653662 79.537072 -4.483967
1 -5439.323890 0.122509 -83.694309 8.918137 448.128269 0.088825 -6.626950 2.984716 158.485399 0.054640 -0.925341 0.639787 141.794032 0.414943 -3.628117 -4.878499
1 -6343.352450 0.130601 29.440901 1.187284 233.789548 0.289030 -85.556692 0.320868 421.253048 0.311611 1.722526 1.940856 117.929876 0.638269 -5.282061 -4.878499
1 -3641.736918 0.371978 33.392055 2.669911 145.046884 0.173266 53.815113 9.441688 478.883774 0.731258 69.451062 0.850280 445.798006 1.112694 4.125059 -4.878499
1 -6960.158379 0.035432 -0.595770 1.107634 495.944784 0.107215 29.681271 3.031410 287.881693 0.100901 59.491089 9.548033 41.856823 0.461199 58.188429 -4.878499
1 -1826.856262 0.336731 -20.439261 8.970604 35.665808 0.602569 69.191738 1.978965 119.194303 0.797509 -0.484602 0.994127 377.232352 0.411701 22.075648 -4.878499
1 -2237.378024 0.392306 63.038713 5.078353 162.448785 0.426588 24.564655 4.109481 20.062655 0.130096 53.769754 0.448847 343.614069 0.734653 81.740372 -4.878499
1 -2278.995497 0.650184 -63.053123 9.161103 250.438397 0.363659 23.675890 1.106261 386.250329 0.548525 31.183272 4.346111 191.921329 0.118717 -7.174832 -4.878499
1 -1978.917644 0.796668 48.191398 6.495170 229.127739 0.256286 -33.542241 6.023883 128.813469 0.197613 -84.823153 0.375363 278.089877 0.585502 54.881133 -4.878499
1 -3972.514365 0.454141 -38.014033 8.199302 191.673518 0.360133 41.942136 7.720001 465.105254 0.027053 -54.858671 1.084371 345.327761 0.788676 70.288057 -4.878499
1 -2113.975647 0.684620 -80.905712 9.234570 215.413008 0.328022 27.994655 1.935312 391.570264 0.579400 -3.122813 2.912084 207.796576 0.212638 -5.133417 -4.878499
1 -6020.101247 0.020945 -0.190590 0.859018 345.168472 0.408088 84.666804 0.990072 261.134854 0.384173 -17.229280 1.100515 223.755268 0.505047 62.637732 -5.174588
1 -4599.679336 0.533680 69.939220 7.229148 358.818139 0.158418 40.630687 0.524276 454.069943 0.493563 -59.385695 6.078635 358.301381 0.153458 28.382079 -5.174588
1 -3649.110025 0.309001 59.803720 2.131792 33.811269 0.175012 13.167621 9.639618 59.553388 0.763105 52.492248 0.658838 497.822832 0.906173 -45.565169 -5.174588
1 -1820.423737 0.702371 -35.047894 4.408006 61.423968 0.293579 50.850120 9.341901 64.363139 0.652187 69.534226 1.241502 356.555692 0.571799 87.228865 -5.174588
1 -1847.015779 0.319583 -45.952273 9.597002 123.897710 0.583574 59.345773 1.564203 294.105604 0.035548 -28.395097 0.570194 252.065105 0.386346 53.149572 -5.174588
1 -1815.531043 0.499591 71.002780 5.920165 131.541233 0.399717 22.896190 3.709767 10.675884 0.154111 65.807633 0.649875 330.736401 0.567750 67.585607 -5.174588
1 -1870.919525 0.066418 -18.986687 3.898060 136.099121 0.474511 -26.385623 1.730976 15.257374 0.434327 -16.772564 0.598122 300.456002 0.155774 -83.127993 -5.174588
1 -1978.932453 0.798814 47.304576 6.638556 219.263606 0.259419 -38.781822 6.058840 117.212686 0.199979 -84.801604 0.351659 281.708706 0.569023 48.003738 -5.174588
1 -3375.247717 0.178228 -38.591298 5.949395 243.881461 0.514453 19.159884 6.913599 466.726165 0.662464 -59.341960 0.993038 327.841486 0.667091 59.783198 -5.174588
1 -1918.950543 0.680522 -78.503927 9.092059 210.033078 0.334115 24.668992 1.981283 388.657744 0.599301 -3.291094 2.900356 204.809038 0.196051 -8.085177 -5.174588
1 -1878.594863 0.753645 -56.764857 8.280475 192.666707 0.301094 21.709199 1.784433 348.233790 0.543103 6.797959 3.144005 256.451540 0.109805 -10.851726 -5.520499
1 -4048.460152 0.509184 48.233553 1.211114 401.604851 0.602388 62.055636 0.852110 41.030178 0.090268 -28.635651 0.211410 258.656644 0.034225 -75.341801 -5.520499
1 -3971.616309 0.659898 73.424582 2.989575 228.151379 0.430074 83.534318 7.822577 187.300419 0.514146 -75.458699 0.556107 376.155189 0.367457 11.130034 -5.520499
1 -3789.082810 0.673547 -18.194880 4.146083 339.468616 0.646233 85.245918 0.827225 241.687861 0.448062 -21.072953 4.406984 233.413602 0.227111 -41.429857 -5.520499
1 -6032.295852 0.727731 3.690817 3.453710 42.871431 0.306055 67.367452 8.815303 45.729189 0.690090 -37.743401 1.408908 346.953507 0.809345 -44.505746 -5.520499
1 -2022.451526 0.452264 74.308567 5.644829 135.188243 0.415327 22.272064 4.185995 20.060595 0.161514 60.371515 0.466217 342.724480 0.609500 74.232355 -5.520499
1 -2451.149231 0.539115 -81.228129 3.883935 265.616608 0.756373 -11.495182 4.175204 137.192379 0.227058 -67.740327 0.508271 414.396348 0.390898 -79.595267 -5.520499
1 -2120.663168 0.594362 30.401009 6.344187 167.811952 0.221759 -3.051477 4.054626 97.269153 0.440647 75.935101 0.479816 339.668019 0.388361 40.776276 -5.520499
1 -3637.113454 0.148126 -80.366417 2.465704 416.744487 0.489025 21.641193 5.173223 442.024985 0.685822 -32.664678 0.895586 307.495833 1.173296 -88.573116 -5.520499
1 -3618.960104 0.651149 -89.894604 7.083231 124.835146 0.237495 3.840281 1.500090 376.110650 0.645211 -16.902653 2.907678 235.646331 0.238595 10.608366 -5.520499
1 -2100.404881 0.789562 -58.177953 9.250936 153.265790 0.301879 33.557216 1.581980 364.511834 0.602369 17.432071 3.352600 295.054458 0.148489 -1.293960 -5.893565
1 -2076.861515 0.501285 -18.462828 1.881718 333.343300 0.122708 -77.278619 5.885363 35.932851 0.014624 70.708339 0.191336 214.497456 0.498371 2.010859 -5.893565
1 -5437.736390 0.124401 -51.380323 6.826110 90.384696 0.647841 35.339512 6.744503 372.371093 0.721680 89.657168 8.746070 319.224126 0.491757 -67.957855 -5.893565
1 -7663.236897 0.765584 16.870721 1.225845 291.618567 0.623339 21.792873 6.032857 63.619479 0.420867 82.378247 2.452323 426.100802 0.353941 -23.539851 -5.893565
1 -1919.960175 0.732462 -81.196168 8.778540 321.565995 0.004847 38.117616 2.702254 46.949041 0.680058 -12.182887 1.023780 377.063476 0.392805 31.365049 -5.893565
1 -2140.848957 0.427924 -70.217764 8.842102 462.131455 0.525326 19.908796 7.763601 59.482824 0.075676 38.673697 0.420498 283.504338 0.565364 86.748135 -5.893565
1 -1809.692016 0.449979 -58.585209 7.220992 380.295143 0.381440 61.119358 3.515684 184.352952 0.368247 4.298275 3.372324 365.129411 0.016372 -55.143763 -5.893565
1 -1871.546271 0.685160 19.059963 6.360206 110.584284 0.159276 -3.915351 4.730645 83.183120 0.356032 20.492267 0.441986 319.248097 0.221946 80.679279 -5.893565
1 -6157.995401 0.672075 57.918408 0.550643 449.537199 0.647147 25.335053 8.088355 58.886776 0.458772 18.162393 9.267582 76.632780 0.291104 82.974364 -5.893565
1 -1851.491282 0.711377 -87.058285 8.930536 198.800001 0.304347 -27.081411 1.218626 320.184737 0.653928 -1.441397 1.921866 264.827073 0.328748 -2.101129 -5.893565
1 -2368.499290 0.007501 -76.445564 9.468659 117.029011 0.276287 38.229014 1.037162 378.417050 0.719612 -0.005266 4.254269 267.059359 0.032675 4.985109 -6.128575
1 -2076.393245 0.503741 -16.625146 1.884728 334.910692 0.113876 -76.671370 6.017425 31.168938 0.015727 71.155432 0.202766 216.423337 0.497464 0.371368 -6.128575
1 -1811.452058 0.426533 -54.114552 6.575682 398.706609 0.369101 51.893819 3.920560 155.607995 0.311271 10.519831 3.053372 361.357439 0.053595 -55.817816 -6.128575
1 -3624.776640 0.139968 55.960472 8.788259 410.216923 0.328170 4.042657 6.986076 146.418000 0.193138 -87.967806 1.997459 220.707393 0.462791 55.709753 -6.128575
1 -2311.824204 0.721921 -75.775246 0.444114 345.314601 0.747064 11.534216 1.408046 68.407802 0.715794 -18.286608 1.517975 389.308374 0.467479 36.255012 -6.128575
1 -2122.846803 0.289558 -30.005200 8.047649 54.942820 0.444199 43.306831 7.853594 209.397463 0.105805 -68.859323 1.703837 396.997608 0.496084 86.822020 -6.128575
1 -4062.973331 0.513470 -64.170273 6.127312 396.311453 0.431002 51.379875 3.906853 159.507150 0.437219 -8.978202 3.047022 390.290884 0.217283 -52.089992 -6.128575
1 -79.500870 0.699103 13.295191 7.004392 114.962300 0.206148 7.649069 4.708790 96.025089 0.396643 14.001640 0.604128 332.038347 0.230563 86.013031 -6.128575
1 -4008.272202 0.659764 47.562287 2.016964 469.828817 0.746018 64.706475 7.515424 98.919937 0.586100 -11.231452 0.468199 126.765417 0.211468 70.052184 -6.128575
1 -1831.449371 0.748555 -77.608718 9.167337 242.991626 0.304299 -13.193233 1.243109 282.499232 0.594079 0.139909 2.201620 286.329912 0.280035 8.141780 -6.128575
1 -1920.379571 0.733620 -75.593720 8.394823 204.766861 0.152347 68.727743 1.803334 379.841495 0.748296 22.813633 5.306728 261.439410 0.031677 -1.138889 -6.365376
1 -3750.499159 0.526426 70.822142 0.611407 461.232321 0.754167 -1.300946 1.895248 275.170107 0.043216 -89.627745 5.723769 77.154664 1.146197 78.289125 -6.365376
1 -2163.162945 0.123051 -35.664490 3.091938 383.619955 0.511540 -45.550674 6.722818 302.537798 0.586577 -24.685106 5.591417 336.797921 0.167541 -58.312863 -6.365376
1 -4297.933791 0.630336 12.301535 4.907754 436.254146 0.181805 -6.508972 0.877717 418.925018 0.754036 -50.839631 5.664194 450.463966 0.535908 61.116866 -6.365376
1 -670.789738 0.738256 -65.787480 0.292603 319.436137 0.775160 11.931129 2.313513 65.696624 0.691711 -29.010132 1.751241 424.656716 0.405735 20.436918 -6.365376
1 -493.466077 0.303765 -19.822463 7.846649 59.059639 0.451093 43.876228 8.327304 205.744237 0.112665 -69.898725 1.378380 367.976210 0.512319 -80.005641 -6.365376
1 -1880.756359 0.038295 -46.917727 3.484470 72.453482 0.492237 -68.550528 2.534264 213.285797 0.538309 9.327327 1.898852 387.099080 0.056989 -51.509219 -6.365376
1 -71.158359 0.676899 15.173392 7.079619 117.407579 0.195403 6.311162 4.822951 100.067878 0.391848 12.835002 0.662815 323.332867 0.231891 83.407005 -6.365376
1 -3769.008522 0.745309 73.986996 1.540322 342.921057 0.765679 52.840033 9.028461 81.868967 0.617057 -10.290433 8.314279 88.160996 0.296158 -51.955059 -6.365376
1 -2550.173909 0.556186 -2.516330 1.163348 360.106162 0.758052 40.694971 8.213966 471.820848 0.715563 -44.135421 0.174350 348.141475 0.563031 77.718367 -6.365376
1 -2210.575091 0.054508 85.483499 7.413846 316.575615 0.119992 70.709821 2.031965 363.977263 0.739924 22.246329 6.207235 276.665010 0.057466 7.883746 -6.655415
1 -3791.307952 0.607509 87.337870 0.735415 494.580238 0.678177 2.401620 1.589185 250.665050 0.023512 83.122858 4.508813 75.955861 1.194906 64.754821 -6.655415
1 -2088.830791 0.115726 -41.298809 3.452264 380.002814 0.505412 -27.019770 7.452109 282.370168 0.509658 -26.710821 4.947656 351.889839 0.096763 -59.139926 -6.655415
1 -1945.521453 0.489657 38.488770 4.282223 323.764376 0.156642 87.110563 8.433559 11.524754 0.603481 -67.254962 0.665268 284.607236 0.509702 74.347414 -6.655415
1 -620.171723 0.730966 -66.133288 0.274225 319.529085 0.739878 5.002766 2.080998 78.131940 0.699843 -32.905587 1.590555 412.463004 0.368603 24.653664 -6.655415
1 -4025.893251 0.135006 42.322100 8.433497 335.443751 0.565457 -85.444788 2.914833 489.133843 0.408020 55.823009 9.588744 186.048922 0.019029 -23.304064 -6.655415
1 -4153.927018 0.494240 -1.497255 3.248503 450.637040 0.512244 87.384219 8.754279 202.837123 0.227384 12.704344 0.359554 290.461385 0.199824 72.451178 -6.655415
1 -64.154895 0.604761 11.501277 6.825840 113.303470 0.266421 17.545540 4.878489 125.471767 0.271105 2.533750 0.535844 316.488237 0.163862 78.317600 -6.655415
1 -4215.265441 0.144892 71.692748 2.378732 362.177105 0.674798 39.367298 0.729883 406.082098 0.528756 -37.022491 6.278909 274.085277 0.392814 58.431349 -6.655415
1 -1812.795298 0.302825 60.449528 8.889894 92.642351 0.736028 26.315184 0.605010 78.992969 0.379949 -35.676557 1.315481 379.928535 0.222151 -75.969791 -6.655415
1 -1946.646933 0.046094 -82.947741 0.697281 105.476333 0.049209 -9.284442 8.530783 33.685283 0.093936 3.108408 0.476550 325.255772 0.278074 -34.226525 -6.944523
1 -92.914577 0.494947 -3.492896 7.720091 77.759047 0.343623 -37.572565 3.290824 97.561796 0.167263 22.339765 0.521709 352.228613 0.191206 74.109300 -6.944523
1 -1884.297765 0.134824 -42.677442 3.912529 357.844315 0.472180 -27.599556 7.182110 256.555359 0.521476 -26.420874 4.407965 361.897889 0.096147 -41.633376 -6.944523
1 -1879.382134 0.210426 -61.913234 7.719691 299.086497 0.602491 -87.225179 5.736601 286.040826 0.757879 -80.535038 0.832318 297.799271 0.496868 84.212322 -6.944523
1 -432.944026 0.715694 -70.278621 0.133007 311.373826 0.754474 8.944915 2.033515 75.584681 0.695207 -26.896087 1.553789 412.213227 0.347568 27.683466 -6.944523
1 -3659.403547 0.402905 88.717598 1.761071 66.104383 0.702192 58.713495 2.987720 433.627527 0.057257 66.387327 0.235409 432.447896 0.876361 -64.893276 -6.944523
1 -3645.746806 0.697303 -87.914709 3.735467 27.022008 0.666757 -43.307993 0.916043 492.896401 0.357803 56.498926 1.091571 291.028402 1.145225 29.877817 -6.944523
1 -2266.393299 0.628996 34.969444 7.931591 480.851269 0.198453 21.760539 4.538352 78.018116 0.278152 31.783874 0.519167 293.988488 0.097236 54.115429 -6.944523
1 -3640.587477 0.799838 60.143785 1.092494 150.824706 0.435630 -87.357000 8.431713 315.852000 0.673045 27.536631 3.081856 364.222307 0.266522 29.601971 -6.944523
1 -1851.633753 0.332191 31.789235 9.191274 113.769587 0.616531 82.633636 1.899835 167.308479 0.441343 -14.871984 1.597555 354.167158 0.011426 -86.350641 -6.944523
1 -126.505039 0.750171 -47.096399 8.672761 162.113712 0.075319 6.761942 7.700305 51.608047 0.078840 -12.379524 1.034111 372.230844 0.216836 -41.193213 -7.201836
1 -63.600573 0.514202 -27.490474 6.568637 25.498393 0.333160 7.404048 2.848218 97.007126 0.162895 25.564691 0.792209 331.765093 0.186710 79.709453 -7.201836
1 -1822.708456 0.309456 24.684367 5.261273 310.004469 0.339867 -22.555639 7.491994 138.251211 0.362698 -40.820963 3.225976 410.016152 0.132748 -49.637915 -7.201836
1 -1855.144607 0.201773 68.731219 8.984024 216.988550 0.157383 -71.694497 3.570382 275.853876 0.060904 -84.463565 0.793766 294.291232 0.155935 37.191362 -7.201836
1 -427.043357 0.709012 -72.303200 0.176936 313.408661 0.761417 6.077840 2.235444 61.625303 0.713329 -24.078716 1.396765 408.171869 0.351680 33.003373 -7.201836
1 -2417.408486 0.481068 72.078339 1.561848 28.345444 0.722439 62.142731 2.833787 410.408949 0.054716 84.742839 0.213979 445.978586 0.868314 -61.008980 -7.201836
1 -3768.482790 0.586665 72.598001 3.889116 70.049475 0.525709 -45.133831 1.081567 430.673049 0.431018 48.176311 1.082990 234.543202 0.878837 71.306069 -7.201836
1 -2357.915410 0.334226 -34.819326 7.749957 173.531535 0.458345 81.685990 2.089557 103.678864 0.066470 10.228077 0.458861 398.416994 0.227909 -75.168173 -7.201836
1 -382.556398 0.434929 -6.462378 9.614786 474.767346 0.399038 -3.729267 4.894019 32.473219 0.284278 31.187387 0.928319 311.013916 0.301652 89.439106 -7.201836
1 -1908.492230 0.163856 -7.794036 0.911957 187.022804 0.369802 62.883776 3.331136 176.585879 0.396979 58.967639 0.496095 283.577179 0.046551 68.516299 -7.201836
1 -216.916532 0.724133 -60.955212 0.095689 178.752852 0.784458 7.985955 7.016844 47.116505 0.029069 -14.171849 1.021128 358.907201 0.166825 -44.908055 -7.465050
1 -74.992358 0.518858 3.601260 5.920083 49.071856 0.327837 8.161741 4.434748 26.582153 0.212927 22.533238 0.771952 298.759254 0.096567 66.874325 -7.465050
1 -1813.560280 0.410296 45.126041 7.114147 345.225582 0.317776 -25.007352 7.786069 143.730584 0.381795 -35.102353 2.985072 394.619332 0.054534 -67.336170 -7.465050
1 -2152.249831 0.241092 79.160076 7.431676 82.911719 0.231715 -54.170358 2.460492 352.879029 0.787235 -62.915178 0.251487 314.664196 0.293512 42.393485 -7.465050
1 -374.857456 0.747073 -69.487154 0.274039 303.198768 0.789886 0.728184 2.629917 44.405409 0.622429 -37.132982 1.523948 405.716878 0.312772 18.783746 -7.465050
1 -3916.641587 0.447299 53.924687 2.362907 157.947454 0.515578 -72.059451 5.293412 488.793394 0.014401 -84.992063 1.506067 314.812712 0.855044 62.844092 -7.465050
1 -102.791474 0.490208 -11.251041 0.715708 13.491055 0.346243 -10.041095 6.111070 28.501800 0.292768 34.629892 0.656436 332.203165 0.411607 -82.321802 -7.465050
1 -650.008098 0.273860 -11.384665 8.228733 145.488930 0.399816 64.269570 2.668441 199.670008 0.706198 -1.275926 0.476837 372.790972 0.358710 -66.861084 -7.465050
1 -567.018982 0.429203 -1.053846 9.418840 462.503583 0.398412 -4.370750 4.821755 70.334716 0.332337 50.588316 0.367735 330.504462 0.383077 88.343819 -7.465050
1 -1897.274839 0.462263 -40.022846 4.501349 33.853823 0.268369 44.588313 2.921809 213.375938 0.787587 85.607548 0.391786 312.753593 0.191057 50.808882 -7.465050
1 -91.553401 0.586872 -77.130338 0.113744 204.294505 0.585781 -4.968341 7.151574 89.126146 0.772733 -27.193520 2.109831 376.271710 0.149727 -28.402337 -7.638742
1 -87.345421 0.572387 -12.141318 5.262847 60.586790 0.398095 11.452190 3.730323 14.546237 0.244910 16.897740 0.683943 304.753431 0.110582 81.102173 -7.638742
1 -47.714006 0.384710 43.399070 8.438192 385.369541 0.280548 -25.759426 8.749891 141.220443 0.389043 -40.097319 2.463951 359.098748 0.020901 -26.741621 -7.638742
1 -1996.188749 0.254335 78.607539 6.712318 89.148045 0.198986 -53.879944 2.806354 335.991879 0.792250 -67.407773 0.320084 317.975507 0.291139 45.839399 -7.638742
1 -818.044075 0.743033 -68.318654 0.254452 322.792717 0.787078 1.486574 2.240751 26.678864 0.634554 -45.103113 1.271030 418.578765 0.310689 -0.288503 -7.638742
1 -135.263103 0.416284 3.792460 6.354847 64.738778 0.222875 -0.621281 3.192557 43.788299 0.368436 18.069365 0.555214 316.484059 0.227647 -87.080459 -7.638742
1 -1813.716752 0.326359 6.360623 3.323130 43.970932 0.258666 8.840580 4.383920 96.931201 0.587042 30.980745 0.469642 339.390021 0.520028 75.571102 -7.638742
1 -587.292607 0.354277 -2.515627 7.529366 159.446858 0.427613 79.770149 2.189077 229.734873 0.782414 6.121312 0.677809 399.117149 0.332951 -74.902549 -7.638742
1 -53.878974 0.436224 1.725869 0.360419 77.264391 0.433945 -1.429394 5.450776 117.749671 0.430656 56.872720 0.914567 303.584348 0.372527 77.655557 -7.638742
1 -1137.297106 0.202241 -32.965482 7.647955 269.809795 0.033889 -44.971737 4.036163 139.224619 0.279478 -82.051704 0.263765 437.667929 0.386135 -49.705663 -7.638742
1 -53.412436 0.627278 -73.414083 0.319850 190.703837 0.558734 -4.277192 6.726261 78.115300 0.726811 -24.741440 2.112823 365.635505 0.101451 -27.152059 -7.805701
1 -99.668569 0.602430 -13.477592 5.149721 38.693158 0.394400 13.402937 3.445044 13.789000 0.259135 14.427811 0.671266 313.699305 0.130428 81.358878 -7.805701
1 -48.527743 0.378265 43.680473 8.661436 382.083386 0.283840 -22.545747 8.630992 143.958418 0.398356 -39.904416 2.419098 361.061887 0.027385 -31.821673 -7.805701
1 -1830.385266 0.275937 -43.746981 3.474486 166.665742 0.626128 7.457557 7.063725 105.032208 0.635449 -9.155178 0.723504 403.438705 0.514683 65.085004 -7.805701
1 -712.943598 0.742948 -71.953675 0.095733 320.262462 0.797525 2.438608 2.345559 24.705697 0.658384 -45.614434 1.266635 423.074909 0.328541 -10.247525 -7.805701
1 -139.931584 0.492352 -3.982501 7.480216 23.227582 0.218052 -1.084964 3.214198 40.584509 0.406080 15.370775 0.533744 325.948024 0.210463 77.245062 -7.805701
1 -1817.587255 0.473509 12.589791 4.002208 77.646800 0.362549 -0.383087 4.657800 79.613466 0.302125 30.780356 0.794211 298.410163 0.216125 88.550923 -7.805701
1 -864.731400 0.333690 5.769419 7.591451 200.867500 0.421791 49.496645 3.151956 295.140306 0.771917 18.510524 0.331304 377.383669 0.361732 -77.106247 -7.805701
1 -452.874372 0.497147 -31.699528 4.712663 45.707827 0.643458 13.033635 5.916292 86.572264 0.499303 -15.695353 0.704623 389.308535 0.418745 -82.555920 -7.805701
1 -937.304283 0.212532 -56.461582 7.308976 282.609715 0.007353 -18.577401 2.797578 171.485366 0.297878 -75.688502 0.351472 424.027520 0.297133 -57.402896 -7.805701
1 -77.759756 0.597386 -74.912992 0.058286 197.109984 0.611198 -2.134843 6.348329 64.099882 0.740249 -25.511971 2.070160 368.690334 0.121684 -29.755430 -7.866103
1 -103.092763 0.757841 -20.935405 3.373554 90.008880 0.513804 12.931453 4.582212 63.810665 0.323482 -18.161363 0.668292 303.585858 0.157307 85.424699 -7.866103
1 -79.009348 0.436029 44.867036 8.080989 375.678108 0.126617 -22.701215 8.515919 113.649317 0.471874 -23.412942 2.220134 344.139270 0.039323 -17.519205 -7.866103
1 -61.910439 0.615255 -22.521336 2.940967 70.857137 0.531413 9.829216 3.899536 19.609427 0.280838 16.922997 0.775771 333.025053 0.178888 79.577352 -7.866103
1 -726.887756 0.726850 -71.017533 0.054877 314.715133 0.013271 11.197424 2.517281 42.386234 0.643818 -48.243083 1.158121 423.010167 0.324398 -8.130913 -7.866103
1 -114.649419 0.462866 25.618395 8.848195 56.772807 0.097134 -5.487595 4.136235 55.606736 0.331253 18.688142 0.589663 312.629792 0.180831 83.089790 -7.866103
1 -85.793257 0.537906 -3.880338 2.639266 79.727398 0.495997 1.371991 5.261051 63.406331 0.406227 17.312453 1.025361 319.060283 0.199360 51.467781 -7.866103
1 -98.613217 0.214576 41.234829 5.573094 118.991896 0.400036 66.238414 3.272116 224.503844 0.082467 -14.069477 0.419077 287.682257 0.414701 82.469670 -7.866103
1 -379.647865 0.519140 -36.775173 3.883110 28.839727 0.753285 17.075231 6.267247 81.444613 0.479101 -11.890088 0.800287 379.476093 0.383425 -83.516005 -7.866103
1 -874.070463 0.243643 -58.533240 7.413929 287.275228 0.777008 -21.123021 2.778450 154.493333 0.310095 -76.970683 0.324504 423.889772 0.287272 -59.322709 -7.866103
1 -63.085167 0.638029 -73.471463 8.997589 183.026480 0.020429 15.091750 5.685450 174.890980 0.711127 -16.473025 1.435516 385.086769 0.135751 -33.984667 -8.022011
1 -415.335012 0.029805 -21.188177 3.588167 85.020373 0.614585 -9.162527 4.780244 449.782844 0.347157 0.017883 0.236909 267.141440 0.117347 -82.003766 -8.022011
1 -45.350956 0.361149 48.365985 7.753867 376.111932 0.118270 -22.059230 8.790569 179.659654 0.464721 -21.971242 2.176627 334.977560 0.045154 -41.081891 -8.022011
1 -1816.370188 0.418721 9.580201 5.396590 83.576487 0.454407 3.714195 5.748887 77.857549 0.245988 16.352350 0.991197 335.791595 0.059821 44.364054 -8.022011
1 -766.980938 0.740755 -73.390101 0.006255 309.603851 0.799183 10.098584 2.479243 22.493457 0.646501 -48.047186 1.225617 426.376503 0.321654 -4.573459 -8.022011
1 -44.572268 0.507779 24.459481 0.218418 91.588595 0.118853 8.941735 4.508514 28.927326 0.125733 61.769138 1.307449 317.336317 0.275283 79.090159 -8.022011
1 -50.996416 0.525911 -11.378112 2.419059 67.956051 0.573847 -0.004867 5.113218 77.798544 0.396620 12.826166 0.925827 331.709700 0.194925 48.973974 -8.022011
1 -2299.416804 0.294108 64.024923 0.675416 291.610227 0.415484 54.207742 6.040157 301.453804 0.212369 35.030463 0.496988 270.237445 0.353159 -27.320513 -8.022011
1 -69.925323 0.540301 -15.505600 3.709809 158.371949 0.230062 4.311200 2.878355 23.396638 0.298206 6.414410 0.662855 330.329771 0.210762 71.146671 -8.022011
1 -954.453927 0.231945 -54.866688 7.643303 300.983971 0.763392 -18.096716 3.049568 176.163323 0.287211 -80.496313 0.360429 426.900822 0.294398 -60.123088 -8.022011
1 -14.326125 0.612086 78.373269 0.356459 153.764842 0.671052 14.875582 6.892525 65.039581 0.680370 6.038207 1.573987 380.539928 0.154097 -1.888214 -8.142165
1 -72.801690 0.039405 -31.082996 3.544829 67.771630 0.586428 -5.407389 5.354903 384.437101 0.358523 4.958621 0.639636 260.361083 0.067549 -66.136800 -8.142165
1 -41.033035 0.325668 54.144347 7.657224 381.794436 0.164525 -26.221991 8.474101 180.884151 0.474518 -21.957010 2.018346 324.254128 0.029052 -27.428133 -8.142165
1 -1864.493437 0.523939 29.810415 3.128230 66.735940 0.439143 45.601976 7.637217 384.168354 0.710817 0.966277 0.615872 270.582902 0.105743 43.483830 -8.142165
1 -2087.593101 0.091589 -58.929134 7.523441 179.128781 0.039089 -31.063217 7.387917 294.002455 0.392683 -37.976593 1.073395 364.163392 0.301338 -72.097196 -8.142165
1 -90.766886 0.502957 19.840541 0.050732 119.887758 0.137279 24.181949 3.681517 14.704455 0.146393 58.315540 0.459830 336.510406 0.206622 69.019275 -8.142165
1 -19.099371 0.536955 31.003190 0.504831 192.816203 0.731992 -8.222238 5.667679 79.773475 0.487478 4.451997 0.416461 240.348455 0.338051 36.693860 -8.142165
1 -44.915228 0.543885 70.484604 2.046037 194.209699 0.046391 -11.685533 5.349276 165.321680 0.501485 -18.723880 0.695634 271.674387 0.170625 80.593759 -8.142165
1 -50.814541 0.491656 0.187687 1.611627 103.817396 0.037504 25.331779 4.485138 16.852093 0.481895 11.677529 1.064639 347.012035 0.098278 46.121995 -8.142165
1 -780.584638 0.233641 -57.392126 7.795092 296.723983 0.676424 -12.730218 2.655251 147.807913 0.285694 -79.870077 0.270318 414.570847 0.315663 -57.104895 -8.142165
1 -13.123643 0.602657 -87.106257 0.760104 168.165752 0.647792 -8.867151 6.297102 34.817503 0.688616 2.421895 1.734775 384.889851 0.040621 4.331809 -8.173779
1 -70.383639 0.766041 -47.959486 5.832604 118.539899 0.401787 -10.878889 6.415066 420.040864 0.301475 -5.187498 0.570276 251.461763 0.063422 -73.600150 -8.173779
1 -41.618102 0.332768 57.887707 7.416540 373.287222 0.162424 -26.181706 8.233718 187.672796 0.478408 -21.450957 1.328276 325.017994 0.139238 -32.668711 -8.173779
1 -60.910292 0.745390 4.828123 0.342215 118.640465 0.483690 -87.871711 7.067213 292.947012 0.338168 -9.510246 2.261504 372.323182 0.100171 89.727526 -8.173779
1 -66.816645 0.471363 -39.799640 1.643815 144.737209 0.069134 29.669845 4.331698 18.540677 0.437552 13.055643 0.755121 345.430691 0.159605 46.486703 -8.173779
1 -162.160850 0.766414 -83.376705 1.053183 145.183164 0.424371 46.842345 7.731992 239.111616 0.585437 44.993961 0.943407 347.233887 0.178930 68.241944 -8.173779
1 -111.703591 0.562249 34.941605 0.091366 191.834973 0.759815 -12.884073 5.451030 73.830644 0.524028 12.667929 0.203141 251.047750 0.374157 40.136517 -8.173779
1 -112.317056 0.477948 74.341310 1.700651 147.392350 0.003218 -12.453104 4.939761 137.659471 0.421049 -5.853658 0.562478 287.773015 0.161813 69.308495 -8.173779
1 -45.055722 0.459438 32.404389 1.935859 130.486841 0.213693 8.180823 4.544345 33.386876 0.480901 -0.193952 1.113081 335.334227 0.091958 40.275745 -8.173779
1 -567.112334 0.188967 60.718712 7.145740 303.273294 0.536624 -1.043310 2.073559 163.308535 0.197299 -45.061185 0.360692 343.287655 0.254885 -52.107169 -8.173779
1 -17.623474 0.411206 86.976811 0.767440 157.645973 0.659315 -15.852330 6.894988 56.845326 0.758445 12.795929 1.744031 416.643150 0.141056 11.971620 -8.205120
1 -76.283745 0.006452 -87.530576 7.474497 155.520326 0.591296 -3.658664 5.375192 383.574369 0.330256 -21.183575 0.529326 261.284249 0.050860 -71.313779 -8.205120
1 -61.200551 0.364681 58.775541 7.059342 347.617165 0.150031 -16.528005 7.942684 209.797102 0.429830 -19.228290 1.477895 304.806989 0.136281 -50.936361 -8.205120
1 -9.052231 0.736664 24.908046 0.061988 141.230602 0.537640 69.848760 6.611806 270.395289 0.261648 -24.879259 2.424059 367.336262 0.067338 -82.191655 -8.205120
1 -35.903015 0.628959 -26.084785 0.413935 146.654943 0.309707 66.842364 5.888914 148.742943 0.361547 7.098302 1.246865 366.426503 0.175657 -16.153330 -8.205120
1 -98.741865 0.762399 73.242624 2.237852 137.486579 0.423500 43.397060 7.848147 218.134424 0.534667 39.337359 0.898557 352.149124 0.214447 83.362096 -8.205120
1 -86.773965 0.283042 25.931169 9.304366 124.914622 0.005524 16.965651 4.217067 124.557592 0.582313 8.575798 0.682953 364.541615 0.193493 54.953598 -8.205120
1 -61.139950 0.575338 51.382396 6.092583 92.607321 0.264471 20.391877 4.885092 127.968058 0.256915 7.529313 1.021624 334.367433 0.162016 80.390504 -8.205120
1 -49.836597 0.624077 35.638916 1.249084 125.943975 0.248231 11.451968 3.946401 49.241921 0.456036 -0.456359 1.538000 364.291475 0.010885 35.689711 -8.205120
1 -634.890127 0.201426 69.700345 6.626369 310.472848 0.520772 -5.429285 2.133041 178.455038 0.220200 -44.887129 0.346302 356.068838 0.165097 -53.539992 -8.205120
1 -132.259886 0.357221 64.010521 1.234193 165.029788 0.667420 -15.099197 6.950821 81.147998 0.754497 16.119653 1.385163 404.472864 0.175922 -4.856515 -8.253153
1 -423.264289 0.031757 -72.438983 8.819871 45.504258 0.751446 5.133868 5.607293 368.305655 0.250009 0.556304 0.940362 314.346483 0.252476 -71.595058 -8.253153
1 -68.018176 0.395277 64.645647 7.244435 358.637426 0.088629 -6.731833 7.190972 156.186695 0.350475 -21.324161 1.591644 318.328392 0.131774 -44.091673 -8.253153
1 -26.701735 0.716817 21.435096 0.105816 120.293378 0.513044 81.282288 6.422619 233.396646 0.273854 -28.581414 1.678757 344.861003 0.106710 -60.604487 -8.253153
1 -36.414792 0.635617 -22.702817 0.235823 155.584730 0.335173 67.072201 6.143190 164.048869 0.354582 6.599419 1.268778 367.147461 0.186186 -19.971855 -8.253153
1 -74.785311 0.693004 80.508120 3.299234 141.568644 0.447163 43.151778 7.727385 199.714476 0.571997 39.995321 1.156192 342.287987 0.191138 80.445137 -8.253153
1 -115.302514 0.333564 25.634044 7.425712 77.864505 0.158048 21.074859 3.189669 116.172224 0.678635 21.966485 0.791578 394.157167 0.258864 69.021415 -8.253153
1 -42.787875 0.568681 44.633581 5.920784 156.156154 0.192313 2.399790 8.643657 139.016369 0.364118 20.239389 1.302490 328.045308 0.182390 49.458098 -8.253153
1 -57.285265 0.416125 28.067453 4.945677 200.548169 0.029179 -0.467831 2.218741 39.839566 0.269268 -24.247751 0.835138 323.875782 0.010186 40.622217 -8.253153
1 -647.121053 0.211655 72.377817 6.401630 303.989717 0.532837 -7.921309 2.321690 176.335936 0.196330 -50.763574 0.404050 353.551566 0.163486 -51.742931 -8.253153
1 -45.090609 0.661226 -42.243045 0.971932 61.025828 0.241969 41.121941 7.141373 23.312840 0.213199 -19.417122 1.760313 374.168670 0.039212 81.396843 -8.289186
1 -62.474514 0.716548 85.707663 9.244532 51.616654 0.675454 -16.929313 4.216735 308.927696 0.326022 -12.556555 0.655264 275.822055 0.050606 -84.273288 -8.289186
1 -62.429030 0.355637 68.856986 8.750422 339.543612 0.123726 -7.599172 6.469648 183.159315 0.393457 -17.338161 1.377720 312.618799 0.157328 -44.640583 -8.289186
1 -52.327060 0.148203 37.229318 6.252660 110.574196 0.448655 -81.356075 6.583964 162.412073 0.332932 -43.739523 1.454239 355.416131 0.064367 -49.688318 -8.289186
1 -28.954022 0.648495 -24.910836 0.080501 156.452141 0.348821 64.801574 6.766317 165.632766 0.333545 7.999944 1.375040 360.744891 0.173723 -11.176410 -8.289186
1 -91.091427 0.746088 -69.937623 3.286579 235.095591 0.360329 49.210003 7.494697 168.776160 0.576994 33.175879 1.095209 332.540941 0.182979 -76.959400 -8.289186
1 -143.416015 0.395508 29.567350 6.845072 71.264622 0.173165 20.728316 4.013258 117.172925 0.727523 26.857643 0.499420 343.121075 0.185573 67.930824 -8.289186
1 -62.660252 0.267308 64.612016 9.662783 253.346614 0.274940 -7.377808 8.399072 297.894916 0.410595 48.639661 1.317766 308.439821 0.034272 70.083274 -8.289186
1 -55.742373 0.467991 9.957180 3.951986 205.961014 0.035190 9.080944 2.388673 35.808909 0.256797 -27.757147 0.912969 324.259035 0.007015 39.290329 -8.289186
1 -265.548982 0.066978 78.375223 7.673003 419.449516 0.674534 -19.508777 3.692653 204.802800 0.286276 -39.446481 0.626974 293.136128 0.176484 77.722416 -8.289186
1 -43.016063 0.688104 -65.202970 0.579906 39.434234 0.259149 27.081500 7.538468 65.002439 0.205452 -19.946948 1.768237 370.400900 0.039033 71.258151 -8.321852
1 -73.851841 0.599519 -78.417255 0.152788 60.635559 0.654925 -14.732467 4.914788 335.339556 0.438106 -1.137626 0.511938 283.795923 0.039250 89.219078 -8.321852
1 -83.325284 0.265677 -85.615160 8.679361 376.301942 0.236155 -15.607508 7.887168 233.017649 0.431261 3.304230 0.982798 298.250181 0.154177 -56.198694 -8.321852
1 -59.193987 0.225504 11.488476 6.538157 60.445110 0.436950 -84.102794 6.784549 222.790683 0.311768 -37.772309 1.171429 339.912903 0.037187 -53.742099 -8.321852
1 -36.189143 0.724886 -25.471224 0.351327 166.048048 0.326647 81.970133 7.291966 120.693890 0.313599 1.528836 1.390238 370.947514 0.255560 -22.862571 -8.321852
1 -75.473805 0.731596 -72.420271 4.420034 252.280708 0.340425 28.084490 7.060791 181.419437 0.448372 15.015166 1.261156 334.313028 0.202470 76.960705 -8.321852
1 -121.636527 0.604990 -4.983684 3.780283 76.232413 0.242456 51.234363 3.034471 28.188636 0.685094 11.139505 0.471014 418.204805 0.175236 41.428535 -8.321852
1 -57.784560 0.148303 80.566309 0.947005 197.953339 0.190332 -42.756509 7.789039 365.848796 0.486678 -60.999823 0.564807 238.188141 0.234308 43.085223 -8.321852
1 -50.937933 0.593707 22.205744 5.232445 324.468794 0.638336 45.468109 1.728523 27.318180 0.251985 -18.248778 0.963970 305.554556 0.058535 41.094805 -8.321852
1 -94.400886 0.567976 -26.729854 7.873323 66.078754 0.101831 -59.542381 2.646737 133.858125 0.026501 -82.473424 1.561924 377.640497 0.168756 -47.389089 -8.321852
1 -44.985198 0.701915 -79.330968 9.497583 51.352971 0.203888 23.675957 9.170181 147.762435 0.202510 -8.888822 1.542199 354.122751 0.011381 64.523546 -8.398518
1 -62.394804 0.629908 -88.805457 0.203367 90.625528 0.687112 -10.518191 4.626084 349.943778 0.456633 0.051112 0.587617 250.755072 0.070665 -78.930890 -8.398518
1 -83.714244 0.228492 -77.868387 9.239022 388.740747 0.279916 0.229209 8.688176 233.312553 0.444762 18.122988 1.342460 318.102747 0.083461 -57.604431 -8.398518
1 -607.950377 0.330662 -72.432441 5.409915 166.157825 0.511327 -25.747654 2.416793 117.362975 0.580317 37.836178 0.442636 356.702003 0.334593 -66.310831 -8.398518
1 -59.925296 0.721652 -23.470318 9.601248 136.781554 0.302700 78.951606 7.344843 116.595551 0.317190 5.078931 1.319162 368.121752 0.265483 -11.186825 -8.398518
1 -22.406749 0.748369 -67.416710 2.867719 282.282762 0.362366 33.558100 6.316339 211.156906 0.397226 32.875760 0.876539 297.415465 0.168879 88.879676 -8.398518
1 -120.724287 0.573056 6.098241 4.432490 81.999167 0.268001 46.135347 2.532017 14.516667 0.659738 6.114680 0.464190 414.818247 0.158066 39.897909 -8.398518
1 -245.249441 0.040963 -27.096259 0.099971 185.638320 0.055964 -42.567417 7.655257 392.656591 0.523707 79.765618 0.509427 289.091846 0.347083 31.517979 -8.398518
1 -38.491081 0.700681 17.650488 3.985598 286.685244 0.661938 52.858563 1.160748 28.383736 0.242313 -9.714011 0.996419 281.655707 0.083712 70.095584 -8.398518
1 -90.905109 0.598590 -16.587813 7.544264 50.087081 0.097439 -55.033437 2.199921 119.894150 0.024547 -85.675680 1.545250 375.702003 0.183069 -48.911220 -8.398518
1 -44.887133 0.745898 -86.549369 0.904011 11.958440 0.165671 30.068712 8.692591 107.672858 0.165829 -18.882957 1.759527 372.076954 0.021520 66.687895 -8.471322
1 -15.709130 0.692411 84.086929 0.398017 112.303707 0.665216 6.104632 5.218209 328.415960 0.440366 -2.896126 0.885752 259.261217 0.037648 -81.276585 -8.471322
1 -82.565760 0.216610 -87.916912 9.572367 377.306126 0.319167 -0.860697 8.374107 252.767932 0.474149 24.071542 1.188372 309.408995 0.060297 -50.638142 -8.471322
1 -388.241584 0.321991 -72.091928 4.935623 132.268061 0.489226 -26.088003 2.801835 117.770062 0.611562 35.447789 0.633400 349.847672 0.283072 -71.884824 -8.471322
1 -69.071318 0.750223 -35.035926 9.214671 148.704047 0.336883 84.724462 7.347616 111.404302 0.346286 16.752027 1.215503 367.875880 0.267712 -15.703679 -8.471322
1 -16.236105 0.778288 -61.013517 2.514102 298.794473 0.344894 40.249196 6.262923 206.776244 0.333822 17.416291 1.139658 279.510715 0.146025 -85.447454 -8.471322
1 -68.159421 0.495271 16.456113 4.504664 47.985358 0.267620 42.843241 2.459598 14.848862 0.606448 9.068971 0.805512 371.989085 0.208392 35.296373 -8.471322
1 -168.720223 0.022694 -24.161614 1.338202 162.653238 0.023829 -51.412974 8.825973 397.174693 0.511806 -82.656709 0.542285 273.668693 0.227111 39.962633 -8.471322
1 -39.073029 0.782927 26.249252 2.341226 264.633953 0.661479 58.854700 1.580407 15.703182 0.237683 -8.684301 1.012075 282.548394 0.095441 78.465288 -8.471322
1 -74.931201 0.688164 -12.928269 8.484900 38.778714 0.115568 -47.846473 1.711438 87.069077 0.071389 -88.923374 1.599611 373.071074 0.166851 -54.041256 -8.471322
1 -45.135861 0.751860 34.682264 4.000200 58.485963 0.016703 10.630017 9.636339 28.015878 0.156401 -16.891623 2.019066 389.322343 0.012664 -87.023814 -8.569629
1 -45.867434 0.673447 87.789905 8.425889 94.564340 0.587636 13.327069 3.699966 309.810519 0.378206 -28.021855 0.988191 261.554516 0.008702 82.882042 -8.569629
1 -85.147266 0.217316 -86.392783 9.518093 389.167179 0.315578 -0.053474 8.161143 242.218846 0.471573 24.590971 1.180767 308.280031 0.063750 -46.894726 -8.569629
1 -105.102356 0.576955 -21.690397 2.231843 88.642473 0.669250 3.864894 0.190228 33.176892 0.525707 16.138866 0.639626 354.289823 0.295423 -83.534272 -8.569629
1 -141.158651 0.737474 -28.216053 8.975493 174.056863 0.387253 -84.734060 7.109628 115.946783 0.392846 9.420996 1.087844 360.648005 0.306979 -12.993958 -8.569629
1 -90.023388 0.753175 -72.581230 3.310902 302.998545 0.257224 32.909452 6.625576 210.098851 0.384249 -15.289683 1.271029 276.306128 0.020171 -81.213110 -8.569629
1 -65.998574 0.583534 57.948477 1.991383 40.019275 0.301252 66.880205 4.573950 46.423712 0.598630 22.240814 0.881335 356.746564 0.142961 66.424464 -8.569629
1 -70.386561 0.720183 74.863317 0.038494 79.991120 0.662670 -3.491813 4.861578 354.497639 0.443201 -4.855408 0.856580 273.679006 0.075541 81.392414 -8.569629
1 -52.925318 0.783365 25.614247 3.645869 289.330370 0.668233 61.080009 2.043377 29.587118 0.290198 -11.999988 1.116916 304.812892 0.101289 -78.374050 -8.569629
1 -25.942473 0.562554 14.107250 7.434503 16.262685 0.181841 -40.376037 2.721882 55.675890 0.075571 -83.818177 1.286165 362.393743 0.114871 -53.058497 -8.569629
1 -55.188388 0.757206 19.241558 3.178635 145.327540 0.782707 24.370885 0.341645 10.052754 0.200924 -1.890009 2.247940 407.213973 0.049970 78.953935 -8.689814
1 -84.080923 0.701170 70.808664 7.831394 64.622218 0.682748 13.049475 2.399402 182.952139 0.407101 -28.867834 0.784121 283.593502 0.044786 46.898265 -8.689814
1 -66.868773 0.294612 76.838192 8.999771 393.408568 0.189768 -6.759754 7.561085 249.327713 0.412251 25.423686 1.331466 286.220559 0.015639 -25.718973 -8.689814
1 -103.006446 0.608493 -28.910272 2.978347 111.588882 0.720930 9.277843 0.206361 28.341329 0.482527 11.685864 0.536731 349.386002 0.292884 -88.009393 -8.689814
1 -90.537400 0.729244 13.450061 6.504360 88.003523 0.361256 -75.371888 2.986307 25.506423 0.210058 -15.227604 1.373246 375.293626 0.269048 -60.184684 -8.689814
1 -47.227800 0.732643 -60.963167 3.881986 311.392284 0.172738 13.937251 6.327579 220.757850 0.373055 0.036504 1.053114 264.212123 0.140572 -85.307010 -8.689814
1 -77.535414 0.544653 75.048286 1.084501 109.400497 0.128624 -66.852824 3.121876 32.235134 0.511804 21.509251 1.397499 374.166173 0.055338 -22.735220 -8.689814
1 -79.310296 0.655991 62.030610 7.686573 77.956401 0.671886 -8.262763 4.998098 325.407307 0.435675 -1.980476 0.738068 312.092361 0.022853 28.588064 -8.689814
1 -57.310109 0.696265 -5.223100 7.107554 417.311009 0.484216 35.593947 5.669487 117.098974 0.332629 -9.598994 0.813556 283.431447 0.058308 -56.511279 -8.689814
1 -50.995215 0.042754 -42.194766 5.890779 103.363767 0.704377 -52.017209 5.259623 55.047771 0.006896 -80.595554 1.314138 348.909303 0.108109 80.704587 -8.689814
1 -46.582605 0.586813 13.300031 2.363228 140.666269 0.000925 47.831961 0.631960 46.076634 0.188785 -0.623998 1.852976 375.738798 0.040342 47.173441 -8.811437
1 -109.362214 0.670785 74.354257 7.449955 49.410242 0.750679 10.516349 2.450629 175.041389 0.439305 -29.656676 0.587963 296.401406 0.082089 43.601373 -8.811437
1 -70.262498 0.315448 -81.892387 8.225641 277.211633 0.336819 -5.195655 5.674269 248.482060 0.489744 35.100692 1.231993 313.679005 0.009942 1.677993 -8.811437
1 -100.771513 0.614718 -9.783281 3.317867 110.368982 0.735463 15.219981 0.316352 52.877542 0.474977 9.722836 0.498227 341.595094 0.300015 -85.095336 -8.811437
1 -48.286192 0.428859 -49.381045 7.059915 122.743348 0.274848 82.390961 8.537351 15.629325 0.417965 3.464159 1.035097 345.324849 0.105172 15.082028 -8.811437
1 -46.908263 0.658563 -72.482150 3.909326 272.023912 0.125077 26.041517 6.240566 121.620550 0.428759 -8.687023 0.940704 289.560278 0.117733 -82.286591 -8.811437
1 -83.028784 0.514947 -74.791285 2.126024 91.328887 0.212095 -73.319148 3.184079 61.227087 0.525772 27.522276 1.331642 385.143033 0.035605 -6.891400 -8.811437
1 -83.450750 0.660696 61.771775 7.584198 52.681815 0.744857 -9.788013 4.404181 309.913634 0.410263 -3.677971 0.767221 321.832825 0.036235 28.784616 -8.811437
1 -86.185281 0.609117 -20.754296 7.900355 460.847591 0.489503 21.678619 6.245984 160.152017 0.305299 -1.704108 0.801276 300.059010 0.030031 -56.067361 -8.811437
1 -51.522526 0.096213 -32.553439 6.885919 87.333694 0.062154 -55.122545 5.591013 77.864828 0.048203 -86.537439 1.041221 329.146535 0.117892 80.318846 -8.811437
1 -42.346971 0.614028 55.557177 4.215824 128.261712 0.131336 59.190389 1.132203 80.498640 0.237769 -10.195564 1.762532 352.854388 0.000213 68.126231 -8.924882
1 -50.760858 0.032063 -82.226891 7.904532 15.331820 0.782606 41.272237 2.697526 159.442820 0.483761 2.524336 0.922979 323.861262 0.043329 61.357860 -8.924882
1 -63.917846 0.250565 -88.157025 8.363716 244.548370 0.330150 4.224175 5.926780 202.285453 0.446150 34.841533 1.247095 320.865533 0.041039 10.361873 -8.924882
1 -91.128648 0.661223 -42.910364 1.484307 116.960924 0.533438 -5.283613 0.582627 41.966424 0.486165 16.821887 0.748054 360.792762 0.241387 73.856140 -8.924882
1 -113.378603 0.100532 -64.604025 8.263865 60.577933 0.563270 -86.535150 7.432139 29.913088 0.407425 10.207027 0.643731 323.393622 0.139453 68.727155 -8.924882
1 -22.896620 0.622290 -77.886307 2.027481 272.973971 0.040511 36.249325 4.916650 37.716584 0.425918 -10.067851 1.029574 309.120490 0.127867 -75.637628 -8.924882
1 -78.332465 0.303517 71.549494 4.129801 68.845055 0.254230 66.063781 5.612517 37.525877 0.541969 33.556791 1.203831 379.773155 0.028999 28.648724 -8.924882
1 -67.026011 0.607058 -67.023188 9.313318 46.779773 0.750114 -22.475385 5.481724 283.469498 0.343310 -0.039790 0.915227 320.432642 0.016209 44.501035 -8.924882
1 -99.431590 0.608110 -35.826641 7.666484 468.611762 0.581238 15.080712 6.513682 143.173653 0.395101 8.752108 0.598372 299.825069 0.072261 -58.880802 -8.924882
1 -45.932786 0.029099 -49.302671 4.626681 55.368639 0.050291 41.345191 3.982771 103.958049 0.051470 -68.912441 1.074921 314.358704 0.121857 78.704204 -8.924882
1 -48.359974 0.636344 29.327663 3.513824 123.995814 0.197757 62.205369 9.666850 65.647075 0.227150 -15.877955 1.392201 353.622550 0.025500 75.119110 -9.036613
1 -108.695765 0.136040 65.753874 8.912583 24.391417 0.686823 33.361653 3.961620 193.714107 0.452754 -0.520686 0.645968 311.480319 0.082969 41.297682 -9.036613
1 -40.704395 0.204558 -58.073958 8.412474 296.392129 0.270983 -2.415608 6.071870 196.016494 0.276791 2.988192 1.355234 297.139586 0.009990 37.775645 -9.036613
1 -106.282257 0.589521 -37.455971 0.905696 109.170851 0.437068 18.273286 0.598651 34.356562 0.480176 8.200324 0.480733 357.871059 0.266220 85.632920 -9.036613
1 -35.321641 0.121502 -72.456720 7.413760 447.238658 0.397622 -69.229587 7.496757 69.565517 0.403307 7.113698 0.906578 233.833843 0.107627 58.781607 -9.036613
1 -59.518446 0.559940 -10.269150 3.013062 191.543967 0.187777 41.070494 7.162182 54.027022 0.347946 5.899050 0.856787 330.647050 0.093254 79.675451 -9.036613
1 -62.673600 0.293630 70.789937 2.632977 96.906443 0.170432 79.835157 7.443306 36.501825 0.605100 3.144299 0.888713 363.290515 0.138420 39.499486 -9.036613
1 -88.327911 0.184017 -61.225524 7.700239 61.429657 0.161562 50.203645 9.644217 331.971480 0.421463 15.974456 0.667157 316.297506 0.232561 82.852411 -9.036613
1 -56.421631 0.602329 -13.154788 6.904581 385.016740 0.528707 6.816561 7.077196 177.270987 0.379759 13.672972 0.989353 291.219554 0.030554 -28.755246 -9.036613
1 -59.946453 0.179516 -30.953391 3.758266 54.443408 0.063802 75.545496 1.697414 131.004670 0.080881 -71.611372 1.050691 335.643864 0.137664 85.297400 -9.036613
1 -43.285937 0.017943 52.792047 2.914110 198.411775 0.170427 30.148501 0.424813 91.394871 0.337601 -23.880544 1.428148 316.254926 0.071800 80.608981 -9.269057
1 -58.907445 0.038256 34.888562 9.086488 10.097434 0.475962 -3.587698 4.638072 131.023281 0.566159 -20.108983 0.764323 343.240119 0.021755 -70.434436 -9.269057
1 -44.253049 0.284344 -67.883908 8.591471 277.131223 0.208813 13.186757 6.191167 187.145837 0.280597 -4.659606 1.328096 311.225623 0.000313 43.218181 -9.269057
1 -87.265742 0.704772 -40.437770 2.335930 185.000823 0.426708 39.583064 2.050028 70.142986 0.500312 -16.484779 0.979993 360.540285 0.217359 -71.593059 -9.269057
1 -38.577071 0.081874 -62.377559 6.816934 384.740088 0.398452 -43.440993 7.590417 77.586973 0.410164 -3.602587 0.713522 245.173193 0.095030 67.833393 -9.269057
1 -96.889654 0.430700 7.290945 4.064736 199.060823 0.244335 51.556111 8.536239 70.571352 0.335581 -0.130620 0.826830 303.322218 0.062951 -77.431216 -9.269057
1 -70.009169 0.535101 65.954592 3.762608 87.479883 0.289599 -80.814928 8.456994 44.294322 0.595541 2.828878 0.706528 372.029788 0.134591 10.558231 -9.269057
1 -33.244523 0.161498 -87.516303 7.763498 497.685656 0.440050 -49.301062 8.053616 52.165103 0.445138 1.447614 1.559382 254.493732 0.044433 49.989997 -9.269057
1 -136.129758 0.443430 -5.842643 6.454669 414.875932 0.753829 30.929912 6.376106 199.122923 0.434610 -7.178859 0.884271 255.014142 0.007368 2.440274 -9.269057
1 -95.626869 0.441680 -57.792304 2.605195 115.824767 0.700707 -89.045982 2.283518 145.917695 0.108443 84.930869 0.633964 273.634289 0.285948 -86.836384 -9.269057
1 -40.561442 0.791110 -78.619054 2.926658 154.543597 0.139867 -14.869944 3.213559 62.580803 0.406983 -7.059280 1.372093 328.014967 0.027794 -77.886055 -9.614637
1 -84.045187 0.779217 35.895114 9.330258 23.556673 0.509801 -27.638496 5.107825 127.318255 0.584526 -12.930111 0.933603 389.000636 0.005367 -84.447357 -9.614637
1 -49.969778 0.322766 -62.159320 7.908828 249.964942 0.299521 14.456339 4.675008 213.953450 0.256505 -4.084854 1.115125 302.282444 0.044728 46.046465 -9.614637
1 -89.676885 0.000098 55.824802 8.475197 117.223606 0.790954 82.504421 2.333853 150.821172 0.617969 -20.501999 0.659937 356.753916 0.233019 -70.805036 -9.614637
1 -86.721913 0.133321 -86.758227 6.772107 395.947664 0.368036 -31.914424 6.792826 77.392400 0.382743 -6.859599 0.822165 253.933355 0.076941 55.875614 -9.614637
1 -85.142157 0.071712 -75.387901 6.111184 435.790229 0.408948 -32.967043 8.629998 77.270983 0.333508 6.477034 0.653405 214.428572 0.117297 83.366774 -9.614637
1 -75.127259 0.558966 46.952635 4.616495 73.447179 0.261703 -72.807939 8.235826 45.916408 0.522622 6.672471 1.021159 329.428135 0.220221 18.879265 -9.614637
1 -64.178937 0.266560 -38.558697 7.578997 429.773466 0.503541 68.717780 0.857210 12.704969 0.451795 30.419316 0.924443 285.752950 0.161261 83.364057 -9.614637
1 -130.834983 0.450743 -9.304321 7.078881 434.917131 0.692489 20.965882 7.500852 196.911991 0.434397 0.255914 0.538689 236.023862 0.003361 16.461885 -9.614637
1 -71.443567 0.436297 -58.113892 2.748397 122.181197 0.522372 -50.181815 2.290273 88.560070 0.028982 -85.961184 0.991279 346.660652 0.155774 77.682142 -9.614637
1 -57.370931 0.056367 -54.850571 3.766407 110.946985 0.134690 6.290781 0.893780 95.470587 0.366513 -26.140572 1.163300 345.458522 0.070128 -88.751116 -9.917747
1 -77.575011 0.057727 30.459894 0.060264 81.522911 0.546620 7.875156 3.983197 49.260354 0.615991 -8.274937 1.420322 410.750798 0.004300 76.069014 -9.917747
1 -51.984969 0.165639 -44.193119 9.670827 356.066652 0.396205 67.710986 3.032738 206.348805 0.337691 18.552120 0.669280 259.904716 0.130570 74.078943 -9.917747
1 -72.203715 0.641778 56.099574 8.338388 264.926868 0.100405 -85.339226 3.018241 108.084163 0.543109 -27.982777 0.942818 327.528190 0.259212 -52.825581 -9.917747
1 -88.852720 0.148097 85.472646 6.611558 460.265673 0.335763 -21.084785 6.368048 81.217498 0.381965 3.173657 0.980761 233.443372 0.094947 68.700582 -9.917747
1 -53.621702 0.075501 -56.862478 4.850909 403.697354 0.452967 -61.059051 9.649113 47.978751 0.345267 10.732579 0.936592 253.627007 0.185644 88.248364 -9.917747
1 -75.778512 0.213117 -15.327651 6.004238 237.436249 0.438351 -76.063474 9.322898 89.213015 0.585288 49.046994 1.393250 359.228173 0.143195 81.391850 -9.917747
1 -75.414985 0.190243 -34.317686 8.263902 425.643861 0.500266 84.076035 1.651199 10.873451 0.597570 18.461378 0.623731 297.021445 0.180095 72.963893 -9.917747
1 -60.414379 0.031716 -19.741381 7.311409 56.033707 0.251316 -32.615973 8.966065 172.398203 0.106160 -25.744846 0.787434 312.818823 0.237545 -84.578247 -9.917747
1 -74.784678 0.428104 -15.702715 4.483176 80.883190 0.541699 -75.318503 3.773457 111.685865 0.044970 89.044735 0.817403 346.167145 0.137075 75.143754 -9.917747
1 -51.126982 0.027716 -64.834145 2.582441 103.123902 0.146902 -4.933042 1.978683 89.530033 0.422135 -8.530605 1.297364 339.059921 0.120201 -42.269820 -10.211706
1 -9.541587 0.030897 57.128833 0.062126 142.466229 0.490797 0.004467 5.667495 52.524923 0.682094 3.537566 1.346725 383.752672 0.017477 72.391566 -10.211706
1 -30.486406 0.759098 -63.799943 6.228668 329.169851 0.399248 66.679288 2.220399 226.788650 0.251938 31.097874 1.112995 245.663841 0.080743 70.538843 -10.211706
1 -71.062538 0.650365 54.866154 7.890402 265.193822 0.129341 -84.015569 3.041041 110.022767 0.567347 -33.276199 1.023306 334.948635 0.247270 -58.981214 -10.211706
1 -77.622134 0.128241 -84.979081 2.912916 343.455355 0.346038 -43.394244 9.600442 70.745694 0.530977 5.388959 1.589649 279.424187 0.061410 42.280770 -10.211706
1 -30.234198 0.065120 -33.777956 4.294487 376.633835 0.390755 -79.025600 1.376668 115.660289 0.196973 5.535000 1.365597 234.996694 0.072670 84.016172 -10.211706
1 -69.352701 0.197483 17.023042 8.390811 291.554852 0.424686 -35.318074 1.252017 65.742556 0.591790 61.202522 1.312797 337.001104 0.227073 84.564959 -10.211706
1 -72.330745 0.127971 -35.941399 8.234425 440.021961 0.496017 80.910174 2.203031 28.577646 0.625515 27.009137 0.596340 281.141112 0.211891 78.586900 -10.211706
1 -42.694515 0.005360 7.386158 0.265512 199.453240 0.596057 -65.039139 7.184473 165.152270 0.428171 47.152750 1.111692 328.578636 0.236157 66.266304 -10.211706
1 -91.859277 0.385036 6.239142 4.385882 63.114628 0.598665 -76.632585 3.101391 137.741989 0.006764 -76.583462 0.692105 354.240384 0.165252 83.064515 -10.211706
1 -47.371437 0.120642 75.648040 3.655197 66.694069 0.142953 -7.624805 2.130333 118.591604 0.321200 -5.945020 1.550229 358.487608 0.064871 -2.112768 -10.452032
1 -20.713056 0.026609 39.477741 0.765821 184.137413 0.489104 -11.099792 4.986387 61.356291 0.601676 4.251881 1.348917 359.082138 0.016327 77.602072 -10.452032
1 -25.224503 0.797987 -66.517186 6.382165 326.253321 0.384804 60.219375 1.988857 235.351516 0.207566 24.440188 1.105183 240.069039 0.094792 62.945133 -10.452032
1 -77.191853 0.758845 -27.839751 0.424055 109.451616 0.177609 -30.042828 1.268827 203.816017 0.422388 -48.092336 1.484978 345.726305 0.165407 31.241934 -10.452032
1 -34.059099 0.200663 84.903855 3.189430 283.669209 0.319749 -44.289082 9.275515 57.165630 0.459168 7.773989 1.439761 283.699122 0.092577 53.750757 -10.452032
1 -77.603808 0.132408 -56.309875 6.352568 443.813021 0.382214 -69.992948 1.079839 119.353859 0.205924 25.987293 1.401704 230.044753 0.077868 78.121445 -10.452032
1 -10.890319 0.037315 50.594811 0.002850 131.256918 0.528019 3.690792 5.777567 61.923519 0.640208 12.005019 1.418327 387.985246 0.087039 64.864903 -10.452032
1 -60.107713 0.168831 -36.765340 8.392825 460.076612 0.471901 -46.682742 3.259969 48.356043 0.559084 51.667785 0.833898 290.281573 0.041975 48.140855 -10.452032
1 -78.294641 0.733475 10.935445 7.823011 96.557314 0.747465 -53.890145 6.449633 104.296554 0.639384 2.323017 0.653829 368.205771 0.045841 88.552276 -10.452032
1 -63.239630 0.327472 16.629307 3.468048 59.514313 0.661431 -89.278607 2.845778 128.394390 0.004170 -79.388242 0.895720 337.676387 0.159121 -84.174025 -10.452032
1 -14.286843 0.661426 86.359195 1.020690 177.648517 0.075770 -59.479408 1.318844 42.632106 0.343056 3.445892 1.866401 360.005987 0.044565 84.862324 -10.639869
1 -14.522030 0.022295 43.276079 0.185742 167.548579 0.513685 3.189115 5.009145 97.455139 0.474567 -8.467880 1.011938 331.231351 0.023400 80.061699 -10.639869
1 -23.730172 0.792437 -64.149688 6.670357 345.934060 0.365944 58.315600 1.688570 237.097221 0.231682 27.551600 1.126130 225.326172 0.101151 62.618296 -10.639869
1 -84.641274 0.755065 -41.738560 2.816801 113.978646 0.271348 -32.179543 1.270339 224.019772 0.412323 -51.181668 1.282283 336.293136 0.168400 24.737280 -10.639869
1 -35.449399 0.176043 89.831294 2.947601 271.184509 0.341440 -40.835010 9.666404 49.212316 0.500200 8.472582 1.431077 294.429306 0.089401 53.361082 -10.639869
1 -38.072847 0.175155 -54.905484 5.912904 420.778813 0.375041 -68.204287 1.021904 133.524088 0.233085 20.635556 1.435821 237.620899 0.091728 75.575805 -10.639869
1 -13.769079 0.688859 -61.766903 0.900033 180.327878 0.608310 0.105877 8.345207 47.923107 0.707664 15.445722 1.299185 369.792064 0.075613 51.870535 -10.639869
1 -29.278825 0.216643 -43.299095 8.633305 441.482276 0.479498 -50.982030 4.105883 45.100189 0.571609 47.717780 0.794349 296.345637 0.031506 43.614352 -10.639869
1 -68.297423 0.057061 -3.415131 7.964941 147.114951 0.791975 -11.835577 5.101268 115.498244 0.587920 4.701881 0.822140 350.448268 0.038860 89.270657 -10.639869
1 -59.981615 0.230258 14.025387 3.444590 77.420372 0.668365 73.756849 2.871479 114.200998 0.006086 -79.225923 0.930607 334.651291 0.158830 -81.108766 -10.639869
1 -32.909921 0.636091 -43.148003 0.969790 232.031115 0.109388 -44.097299 2.450688 47.677951 0.467577 17.223674 2.076096 365.720918 0.137084 38.111409 -10.832885
1 -23.075906 0.588569 57.114009 0.352675 138.585714 0.618425 -24.134457 5.298724 38.173733 0.496956 -2.729255 0.954846 362.006729 0.018431 76.223734 -10.832885
1 -23.697314 0.764646 -65.223037 6.187088 330.445362 0.412323 59.856595 1.783195 227.066759 0.231927 20.562882 1.053930 229.229392 0.116194 59.081729 -10.832885
1 -22.193995 0.755903 -52.821295 5.284381 372.476573 0.262874 53.393517 1.853509 233.078781 0.220331 31.451557 1.285532 225.911669 0.075745 68.487169 -10.832885
1 -16.680409 0.259449 -86.237869 1.636807 293.075443 0.373313 -22.141506 9.242837 41.720768 0.371809 13.958413 1.333510 258.214287 0.182960 68.559128 -10.832885
1 -39.604166 0.214181 -46.066050 5.687007 398.073814 0.429944 -66.268540 0.828402 129.529056 0.215884 20.852512 1.386676 247.164360 0.094181 75.543698 -10.832885
1 -13.596603 0.766954 -82.165120 0.750201 193.545219 0.593654 -6.601460 8.865207 45.389027 0.784896 12.852022 1.155569 364.747796 0.104545 39.318139 -10.832885
1 -59.487862 0.124281 -32.570978 8.919274 414.143759 0.546689 -63.233936 4.887184 22.736756 0.640337 46.484686 0.789383 321.895739 0.002227 56.688380 -10.832885
1 -61.244584 0.714329 32.416240 2.995278 42.037311 0.791823 17.767819 5.480348 131.667366 0.580374 1.352761 0.770746 345.859116 0.003054 -61.739733 -10.832885
1 -49.438740 0.000353 -3.891412 4.204379 124.451209 0.716293 25.418495 0.582072 71.888521 0.021693 -89.792234 1.155188 331.598039 0.121494 81.075709 -10.832885
1 -16.417651 0.580390 -13.409813 0.089111 165.589347 0.181824 -40.368548 1.897347 10.764431 0.395508 28.127688 2.150293 399.462852 0.089756 54.510777 -11.103672
1 -13.005383 0.692557 46.943929 0.258885 126.826738 0.763862 -1.331720 6.292705 65.700929 0.404450 4.413327 0.979110 338.583686 0.019389 81.977159 -11.103672
1 -24.055345 0.732902 -52.405707 6.331737 328.586628 0.414165 65.506993 1.576415 223.514433 0.229225 22.200383 0.860870 217.367652 0.124718 38.516838 -11.103672
1 -22.389587 0.786840 -58.894122 4.863430 322.149157 0.333050 65.743666 1.590968 231.024268 0.213068 30.562517 1.146604 229.261268 0.112110 66.944326 -11.103672
1 -15.418734 0.212752 -79.515619 1.501645 292.310436 0.352058 -26.076149 9.279389 19.625677 0.370549 19.190509 1.577226 270.261498 0.176932 66.058673 -11.103672
1 -14.741332 0.742497 -87.055429 1.333441 227.805358 0.541832 1.283383 7.878377 60.340208 0.723475 16.292162 1.133276 337.688798 0.128959 48.868781 -11.103672
1 -13.805269 0.038770 -70.445072 0.115034 174.553641 0.685368 7.910150 8.109887 45.053142 0.767870 9.729394 0.897224 382.059848 0.069537 61.159496 -11.103672
1 -57.759232 0.112420 -36.244861 9.163982 402.718082 0.557302 -62.876594 4.951781 24.958842 0.663937 49.587377 0.879274 325.930438 0.015140 40.129618 -11.103672
1 -67.015746 0.578905 24.534328 2.761074 51.637624 0.781676 9.530246 6.087849 92.560736 0.555013 6.577729 0.885752 352.805466 0.066571 -56.295011 -11.103672
1 -47.064906 0.781389 -3.083230 4.688878 131.912936 0.732685 27.031081 0.624076 80.290318 0.026425 -89.385305 1.113492 324.943304 0.119155 76.158596 -11.103672
1 -12.164289 0.556571 -20.709794 0.514292 162.521807 0.180844 -29.287188 1.225798 38.657487 0.376190 33.739510 2.362856 397.991955 0.169513 54.887327 -11.287578
1 -11.620762 0.695375 39.519439 0.028879 149.924285 0.758404 -2.982305 5.839534 45.380029 0.333096 5.380181 1.288748 336.115216 0.036420 80.017231 -11.287578
1 -23.943717 0.740707 -54.689670 5.779115 306.733902 0.410800 60.429610 1.753271 207.831942 0.289908 20.445708 0.893615 240.619384 0.132078 35.140418 -11.287578
1 -20.772026 0.769725 -74.100349 4.279831 318.270776 0.367870 67.117643 2.219691 210.597278 0.243302 31.508605 1.027015 227.946392 0.209614 64.117870 -11.287578
1 -21.885563 0.501691 65.527967 0.750847 272.089795 0.710242 28.717132 3.613874 51.030620 0.562052 0.135255 0.974950 252.178444 0.222881 78.774953 -11.287578
1 -19.051759 0.530267 -47.193319 0.827252 177.695099 0.462830 -32.139204 8.360326 35.352450 0.682825 19.000984 1.006069 375.664870 0.052206 44.929383 -11.287578
1 -13.667839 0.787000 -70.637108 0.886477 192.993474 0.685302 10.270834 7.818413 22.586120 0.736447 10.247453 1.261857 369.058017 0.086570 64.285941 -11.287578
1 -57.050583 0.135302 -30.214083 9.081538 383.034382 0.557898 -62.331880 4.610190 34.161658 0.630763 46.343769 0.870013 331.784430 0.019245 42.404087 -11.287578
1 -11.262003 0.209215 80.378440 2.312135 330.125540 0.263936 -28.108353 9.051841 49.873321 0.409061 23.634244 1.747230 261.531570 0.181683 60.576147 -11.287578
1 -43.146820 0.747960 -6.270222 3.912074 136.805772 0.000123 0.541082 1.782352 135.354964 0.076294 88.387996 1.351228 313.521036 0.150924 78.618295 -11.287578
1 -13.338292 0.697431 -34.886181 0.719455 174.568465 0.269782 -0.942319 0.565075 19.103065 0.444031 21.123830 2.193866 383.295624 0.171201 42.970184 -11.474333
1 -12.765235 0.740175 33.846035 0.008139 113.978501 0.028369 -11.148182 5.966489 46.410920 0.344843 21.385050 0.937332 340.700624 0.078387 86.155434 -11.474333
1 -29.549392 0.750899 -48.117228 5.393145 326.866127 0.297719 54.353256 1.614677 223.060311 0.188521 22.653028 1.299676 262.931038 0.146813 51.055400 -11.474333
1 -45.449802 0.016170 -83.415420 4.398380 320.127795 0.374305 69.512820 1.943751 206.072130 0.222390 30.508234 1.230362 237.505566 0.175130 57.746996 -11.474333
1 -5.753841 0.578263 63.191238 0.322110 235.967323 0.048257 44.089588 3.179712 39.432949 0.464132 9.563676 0.861504 259.797962 0.249963 -87.948972 -11.474333
1 -20.392948 0.610586 -69.484740 1.134434 202.825765 0.425861 -12.553812 7.833057 80.333838 0.672260 18.298126 1.067902 368.217020 0.114117 72.972750 -11.474333
1 -13.894157 0.764113 -78.980739 1.497049 201.018334 0.721607 18.303233 6.217592 37.142858 0.639788 25.967267 1.430414 356.235423 0.170196 55.730053 -11.474333
1 -51.127628 0.058152 -13.770948 8.324227 397.427232 0.526189 -59.414840 7.856909 47.055482 0.596990 18.911348 1.067746 305.164691 0.095005 47.060314 -11.474333
1 -16.491473 0.116322 78.357923 3.088702 365.482447 0.237245 -31.663021 0.422950 66.234175 0.420134 26.070528 1.875730 257.475671 0.201483 51.543802 -11.474333
1 -52.187920 0.626414 -1.216601 3.969778 141.760391 0.063167 -24.982173 4.108069 56.497837 0.088101 88.060033 0.922774 321.715312 0.188515 86.715732 -11.474333
1 -9.858170 0.006287 -23.081895 0.400109 164.016682 0.188746 -1.891561 0.450189 15.702547 0.428212 19.680187 2.088037 379.228518 0.179030 49.630585 -11.690448
1 -21.395692 0.690093 8.222195 0.120462 92.055269 0.219671 5.726993 9.200950 27.772186 0.423176 26.193062 0.691661 351.281826 0.014795 70.328483 -11.690448
1 -31.357806 0.591930 -71.581519 6.184107 344.939397 0.332299 22.102602 2.004575 227.559449 0.217456 17.289435 1.742898 266.475578 0.118517 35.412680 -11.690448
1 -55.647177 0.178041 48.116265 4.009535 209.152934 0.214321 61.798147 6.332637 206.096766 0.186547 50.589494 0.597962 283.005333 0.199634 80.827160 -11.690448
1 -8.069690 0.502621 48.441781 0.702929 240.320344 0.178384 58.014077 0.762031 49.822244 0.447822 24.354313 0.949013 258.916436 0.274648 78.330560 -11.690448
1 -14.838606 0.437919 -70.971872 0.225448 200.756988 0.475725 -1.360588 6.724537 122.311514 0.610604 7.102235 1.246691 330.349512 0.248252 64.917534 -11.690448
1 -18.960955 0.094471 -85.407490 0.599209 143.730182 0.671649 43.760134 7.526108 37.732837 0.640381 22.904113 1.027531 361.678148 0.186910 34.168989 -11.690448
1 -54.474893 0.306601 -39.903545 6.885288 324.898473 0.550697 -33.554289 0.528183 56.434193 0.609641 14.829018 1.218346 329.513894 0.048841 38.504599 -11.690448
1 -18.260952 0.031495 65.028110 2.939127 362.635008 0.300949 -26.363171 0.965804 59.718325 0.472100 24.945670 1.928458 267.378333 0.214214 46.790788 -11.690448
1 -59.492378 0.723288 0.269970 3.100881 149.795857 0.038968 -34.211987 3.684252 15.651446 0.043821 88.686817 1.020189 344.496044 0.141834 82.313390 -11.690448
1 -11.452885 0.063754 -34.845488 0.246134 130.964548 0.152109 10.386785 8.996208 30.832309 0.392839 30.913754 2.090820 377.784712 0.144917 50.609082 -11.889544
1 -12.978377 0.599462 26.617473 0.325734 123.047041 0.256521 2.339879 7.997293 35.563042 0.497650 15.013973 1.000638 348.863277 0.048224 65.787020 -11.889544
1 -29.892714 0.715181 -57.367789 6.381787 390.268915 0.335466 26.826876 2.100909 208.632747 0.163143 33.483730 1.738893 272.568380 0.097607 48.446727 -11.889544
1 -45.512866 0.084827 -86.739430 4.846576 262.381698 0.175909 57.899421 3.472664 190.159762 0.153987 52.604370 0.758346 255.374693 0.201560 77.696647 -11.889544
1 -15.317840 0.396572 54.289698 1.255427 214.586548 0.051691 64.282190 1.701021 20.608739 0.365162 35.934256 1.255781 281.315132 0.203495 69.914056 -11.889544
1 -19.633122 0.404122 -58.696996 0.034948 210.807806 0.421536 0.082215 6.610173 130.374383 0.608904 12.303125 1.005367 333.676441 0.208375 59.786518 -11.889544
1 -14.600736 0.218155 -66.374445 0.509349 148.889322 0.644872 48.538869 7.554169 25.957562 0.650402 16.750072 1.094253 361.824954 0.141427 33.572805 -11.889544
1 -52.058550 0.375462 -11.913848 7.116369 277.723668 0.364049 2.446845 9.668140 16.034471 0.450038 29.344522 1.668312 352.741994 0.118589 56.082904 -11.889544
1 -19.031053 0.060333 65.576147 2.984677 361.182966 0.266729 -30.848539 1.075564 63.819755 0.436376 27.213780 1.928005 270.691985 0.221786 48.009532 -11.889544
1 -50.599473 0.725806 -1.099826 4.171350 44.796044 0.071122 -32.395140 2.987234 27.101501 0.019805 71.145028 1.480868 359.967438 0.146619 84.779443 -11.889544
1 -17.219644 0.719327 -45.497654 3.408713 215.489588 0.290022 27.619708 6.556440 55.129320 0.353325 33.289756 2.340684 383.585675 0.192607 40.953091 -12.155484
1 -14.907469 0.647478 27.948345 0.255992 125.151352 0.293026 5.443728 7.890014 19.730636 0.503565 12.433213 1.221620 351.351187 0.055778 68.880210 -12.155484
1 -9.049239 0.038169 -32.739334 0.218767 117.965446 0.200491 6.410873 8.277759 83.250035 0.383818 20.565976 2.374827 398.646814 0.150111 43.258345 -12.155484
1 -50.474250 0.143029 -88.582700 5.144032 248.826147 0.200872 45.427136 1.751017 197.552897 0.100402 72.536732 0.727527 248.102788 0.223377 78.757185 -12.155484
1 -20.381514 0.359918 39.813226 0.163909 200.167700 0.102223 65.967292 1.553875 16.097088 0.418608 31.013509 1.349017 292.311740 0.208406 62.210014 -12.155484
1 -18.254113 0.316428 -84.934893 0.360823 230.376452 0.677649 7.955798 7.578834 160.385442 0.723496 13.272146 1.284520 339.909963 0.189517 43.150093 -12.155484
1 -22.756274 0.110829 -68.226363 2.018073 215.569833 0.648315 39.012861 6.629224 38.289088 0.534852 19.185148 1.220147 348.812916 0.111020 27.446567 -12.155484
1 -42.136885 0.320346 -1.267891 8.535144 283.549694 0.286733 14.524918 8.535261 49.390474 0.298921 45.244954 1.606102 335.720417 0.147467 64.035532 -12.155484
1 -21.387193 0.051030 -62.400987 4.766230 373.989556 0.390653 -9.046858 8.739757 133.257179 0.427027 42.659832 0.928944 224.133244 0.256864 63.723324 -12.155484
1 -48.334215 0.657892 -2.995724 3.254472 11.911056 0.026801 -51.209577 4.560575 67.437668 0.003010 60.965324 2.011349 388.259707 0.101370 84.816902 -12.155484
1 -18.239291 0.759757 -32.942496 3.517621 201.291325 0.285217 16.676319 6.308692 54.588532 0.313572 37.436003 2.371260 390.442135 0.181050 43.216132 -12.420221
1 -12.132599 0.709452 50.548028 0.080167 140.428530 0.304064 0.477207 6.935112 53.084042 0.450615 -1.980490 1.330533 335.628060 0.002085 84.435484 -12.420221
1 -10.835268 0.770495 -44.498347 0.033948 115.814112 0.327095 7.798315 9.197524 79.540417 0.422603 17.738644 2.439325 405.441617 0.143885 33.062543 -12.420221
1 -19.133998 0.128638 -80.057824 0.422442 142.626284 0.603588 22.479414 5.473470 33.924248 0.415839 22.413997 1.619117 361.777174 0.078617 27.459898 -12.420221
1 -24.548331 0.442529 52.083296 0.338886 179.978100 0.071756 59.661727 1.627452 30.471273 0.415476 31.427156 1.238159 284.159980 0.191818 67.675653 -12.420221
1 -13.178708 0.457043 -67.130690 0.051039 155.083305 0.571682 -7.873925 7.894863 193.849619 0.604102 17.613693 1.534338 357.264275 0.198844 38.288997 -12.420221
1 -18.161442 0.155155 -81.869123 1.870458 209.213520 0.720008 35.651542 6.695932 27.731671 0.598950 21.883701 1.222760 343.545542 0.116125 29.653818 -12.420221
1 -42.338950 0.285049 -21.857526 8.498660 289.655238 0.248449 21.673218 9.606000 66.207404 0.329534 49.924842 1.392244 317.897495 0.209977 58.944842 -12.420221
1 -18.668399 0.079175 -58.153746 4.158482 359.014186 0.374775 -7.271084 8.442541 125.577457 0.419123 41.254769 0.994160 228.103281 0.250607 62.408554 -12.420221
1 -56.560386 0.752242 -13.029154 0.699958 18.338560 0.083444 -51.646802 5.474826 112.753782 0.073876 35.344092 2.661693 431.534426 0.097923 76.471049 -12.420221
1 -14.377976 0.685538 -36.382038 3.472740 220.072361 0.350611 15.670848 7.111665 47.233237 0.357963 35.788604 2.335091 382.146577 0.186967 41.558029 -12.668895
1 -12.652422 0.741444 42.795467 0.112305 156.693451 0.298917 8.229963 7.163031 53.048096 0.491894 -2.218278 1.200072 323.260596 0.023725 81.875642 -12.668895
1 -11.197722 0.762034 -26.757724 0.458148 104.701199 0.286050 -10.718638 9.557880 100.516312 0.337657 17.441464 2.210703 404.368743 0.046105 49.669483 -12.668895
1 -13.124809 0.122638 -62.076830 0.530310 145.889036 0.509203 36.902533 2.001661 39.026749 0.468051 15.217441 1.275989 348.793224 0.040481 34.535553 -12.668895
1 -15.026525 0.357273 40.466192 0.570256 200.923841 0.169693 75.823322 0.997719 32.328976 0.427101 31.765305 1.556592 300.429954 0.177664 64.615719 -12.668895
1 -10.538191 0.561954 -53.136762 0.247380 147.610453 0.503230 -4.237873 7.271848 185.080995 0.592678 23.821613 1.431224 336.182935 0.266726 44.832691 -12.668895
1 -18.172107 0.066948 -82.428583 0.551581 157.908225 0.632209 5.112526 7.638428 84.494790 0.462322 26.323757 2.006308 380.320316 0.142787 34.909821 -12.668895
1 -40.090023 0.111237 -28.721520 9.016308 323.491621 0.312261 28.520543 8.469178 45.067884 0.344661 48.074119 1.076149 288.468841 0.191657 64.022330 -12.668895
1 -12.592241 0.071026 -18.073552 2.488763 303.975204 0.301879 -23.750416 8.311438 33.559702 0.271204 55.763453 0.567749 206.514994 0.311367 61.001358 -12.668895
1 -45.600678 0.217149 21.059612 1.817064 67.759470 0.075721 -50.959713 7.571770 139.280665 0.028967 41.161362 3.008442 436.059235 0.079082 68.666604 -12.668895
1 -28.034033 0.649374 -44.613504 3.584370 255.423378 0.254047 8.992852 7.620597 74.523333 0.285323 50.645943 2.283509 375.215305 0.179455 42.699961 -12.913067
1 -11.987218 0.539323 50.506385 0.048579 134.759666 0.532434 11.643160 6.343755 61.204150 0.576492 -7.239886 1.178243 352.555196 0.006247 67.186599 -12.913067
1 -10.655970 0.682550 -22.694110 0.229894 99.694761 0.297292 -8.587377 8.915352 95.762077 0.349870 14.931631 2.158106 402.155819 0.037998 49.878783 -12.913067
1 -15.960783 0.098935 -46.637910 1.055132 182.825862 0.482563 8.194578 3.546851 66.852599 0.491023 28.842566 1.549675 358.919650 0.164630 50.674384 -12.913067
1 -15.167110 0.249043 35.171677 0.656802 210.574850 0.186989 81.695108 9.573631 16.507383 0.442725 30.071582 1.543263 300.802662 0.138568 63.013973 -12.913067
1 -10.992731 0.028239 -49.842666 0.830883 165.933111 0.486019 1.692865 6.484100 162.899101 0.565130 28.592987 1.139232 321.754522 0.242645 44.400693 -12.913067
1 -14.537600 0.207693 85.597277 0.414892 122.911196 0.671564 15.599070 7.071725 100.133122 0.524401 16.910685 2.242093 416.372355 0.106630 29.264328 -12.913067
1 -48.145149 0.085322 -39.305917 8.644152 343.573470 0.349439 5.738053 1.258377 67.505944 0.253428 50.757545 1.061656 307.505217 0.113589 69.580818 -12.913067
1 -17.352007 0.064829 -20.030341 1.680683 301.944692 0.349871 -35.840529 7.952129 43.776142 0.327353 55.003881 0.630621 210.279060 0.314968 52.016332 -12.913067
1 -12.507790 0.753052 -47.899093 0.440996 156.641345 0.571193 43.804579 1.797650 24.678997 0.469397 -0.149717 1.181875 348.259021 0.027006 30.632167 -12.913067
1 -23.343659 0.411652 -8.175934 3.646704 269.210949 0.252099 13.864343 7.322944 85.704322 0.298507 52.538727 2.266328 365.292144 0.230626 44.683988 -13.233895
1 -11.457409 0.500883 53.203306 0.077330 139.700712 0.553889 10.587936 6.458526 52.452956 0.562266 -4.445900 1.230642 356.479509 0.008282 68.391236 -13.233895
1 -11.398529 0.015787 -5.545520 0.197703 95.846183 0.289029 0.808272 9.290948 107.754591 0.316730 12.398120 2.371730 414.902886 0.057582 38.625125 -13.233895
1 -14.303010 0.255312 -73.105768 0.729628 158.999419 0.458576 7.227628 3.508432 78.117600 0.484454 27.469785 1.531554 356.771259 0.173272 46.397051 -13.233895
1 -27.779832 0.233097 50.337648 0.499616 205.572696 0.231017 67.218752 0.602553 12.235508 0.389409 11.980416 1.415527 289.076831 0.110625 68.935014 -13.233895
1 -11.833134 0.677215 -45.371973 0.387335 131.998697 0.514263 -8.065094 7.966095 124.717101 0.559271 26.435235 1.199491 309.033323 0.226750 42.910982 -13.233895
1 -12.718609 0.692049 76.121832 0.238867 140.581347 0.670661 18.566235 6.705725 97.503949 0.570141 21.777759 2.095456 393.973184 0.153861 30.257194 -13.233895
1 -10.304037 0.692547 -54.655661 0.532939 153.367114 0.516137 -6.055814 6.290076 114.695976 0.570363 21.557286 1.253697 314.805252 0.163659 52.754631 -13.233895
1 -17.434724 0.080237 22.714251 1.775135 307.214377 0.285452 -28.776664 0.419793 45.317252 0.322422 56.239444 0.997460 232.112692 0.315188 60.085775 -13.233895
1 -16.074457 0.031691 -55.271772 1.511789 212.354123 0.539806 48.746388 3.140538 37.107092 0.401355 8.963795 1.485835 338.078894 0.044051 26.333246 -13.233895
1 -20.265427 0.494969 -29.300663 3.834120 289.326757 0.205782 10.797006 5.999149 76.621772 0.293294 55.240662 1.945839 340.860528 0.206795 52.390943 -13.628685
1 -9.115569 0.697397 68.996591 0.063726 148.529566 0.425078 -17.697350 8.635888 94.375943 0.553811 6.855753 1.440725 363.849569 0.058699 80.853397 -13.628685
1 -10.818880 0.017380 -7.330752 0.057001 96.676532 0.267408 -12.912323 9.399571 114.605974 0.326606 15.611853 2.347970 409.320854 0.029792 36.930098 -13.628685
1 -16.473493 0.241017 -51.018198 0.549080 152.039056 0.314994 -8.768483 3.902317 102.810907 0.448155 38.013564 1.144907 338.711373 0.208826 53.536435 -13.628685
1 -9.998155 0.114290 1.427968 0.490405 164.693683 0.214494 72.304990 1.995174 31.830302 0.305398 8.078937 1.858247 356.416283 0.049784 73.940842 -13.628685
1 -10.933334 0.588668 -30.868216 0.597658 143.648741 0.494529 23.438469 8.762543 179.913271 0.432558 19.188828 2.120085 380.008746 0.169927 32.427595 -13.628685
1 -10.057336 0.069343 80.881067 0.120827 160.476217 0.014001 10.642788 8.166108 122.816757 0.636026 5.824208 2.055784 398.780912 0.112744 31.087408 -13.628685
1 -10.241874 0.697160 -52.108703 1.034859 193.342737 0.655719 -23.614446 5.793540 148.543663 0.467830 28.966635 1.336578 315.176923 0.160697 58.916380 -13.628685
1 -16.694011 0.224630 61.059595 1.819725 301.223414 0.333560 -49.242165 2.430378 66.811983 0.337916 57.968622 1.387201 257.271561 0.318336 61.142944 -13.628685
1 -15.447448 0.001936 -60.698966 2.151023 238.526853 0.467774 56.843027 2.249767 26.673778 0.357768 13.491082 1.588933 333.510897 0.033807 29.517482 -13.628685
1 -22.255734 0.546586 -27.559209 3.810762 275.533133 0.232612 5.608616 6.736160 77.406500 0.338755 62.990043 1.726909 334.715915 0.231668 50.272221 -14.316055
1 -14.778283 0.727881 -73.622317 0.286129 215.224445 0.073243 24.464644 3.123502 108.657692 0.753318 -8.192791 1.255590 332.462092 0.072649 55.344587 -14.316055
1 -13.477986 0.098247 -77.892479 0.748741 107.142100 0.363755 -50.886117 8.949621 90.666820 0.226308 26.165454 2.383139 401.441946 0.061636 61.870171 -14.316055
1 -13.388690 0.225676 -58.122442 0.504824 138.034594 0.401884 5.503046 3.417394 88.985939 0.414808 30.194906 1.437438 347.143650 0.163147 46.099955 -14.316055
1 -11.701783 0.088443 -23.680523 0.697903 179.083079 0.258976 63.439190 1.885904 25.403987 0.247494 -6.959579 2.306709 370.139933 0.031958 80.854343 -14.316055
1 -10.638008 0.185261 -8.293959 0.248997 123.535814 0.736697 24.303576 8.307629 24.256451 0.684804 27.455176 1.271939 368.859395 0.265841 43.507211 -14.316055
1 -9.675745 0.157362 87.877582 0.103450 170.557189 0.043268 22.536936 6.922263 138.219588 0.771291 8.295304 1.681369 382.771418 0.158946 32.122671 -14.316055
1 -7.371083 0.628371 -5.689496 0.345756 184.304427 0.618183 -2.083089 6.472670 168.939814 0.592956 9.580653 1.359644 327.132159 0.102005 37.877929 -14.316055
1 -9.675482 0.735093 65.326676 0.055053 166.677544 0.193179 79.274096 3.302254 196.732906 0.755856 5.696514 0.959173 325.642215 0.086733 -88.389491 -14.316055
1 -15.796689 0.001141 -74.257655 2.185403 232.121571 0.525486 50.851525 2.965219 20.890492 0.312560 14.360326 1.654001 338.291495 0.029192 29.938627 -14.316055
1 -31.876638 0.567032 -36.228390 3.380519 256.672350 0.434847 33.852495 5.179165 17.728910 0.437606 67.150383 1.087376 309.732306 0.335095 44.463550 -15.150797
1 -8.562803 0.042074 82.071065 0.268124 192.024353 0.701315 22.113774 6.373761 127.528691 0.761054 17.287288 1.189733 331.904631 0.181840 53.181303 -15.150797
1 -15.449558 0.066723 88.212935 0.493712 104.148828 0.297464 -51.999526 9.208103 73.976967 0.204948 30.594512 2.536536 409.615088 0.046719 60.131309 -15.150797
1 -11.050101 0.294962 43.531290 0.379332 179.766476 0.249016 25.868698 9.650155 133.346988 0.528689 13.404886 1.180338 336.256236 0.092087 54.344595 -15.150797
1 -12.263927 0.208828 24.672676 0.195310 174.353123 0.655563 88.948007 3.013569 53.296663 0.503778 -14.222536 1.818614 372.172266 0.035579 80.075522 -15.150797
1 -12.324096 0.150574 -6.436204 0.420859 128.343543 0.055969 27.265188 8.472115 15.408238 0.684707 32.415591 1.191583 350.553799 0.279240 44.129125 -15.150797
1 -19.207237 0.515843 78.569851 0.216983 149.469306 0.602259 33.242746 6.901279 201.689112 0.755795 20.325550 1.036724 366.122663 0.066627 52.173143 -15.150797
1 -12.187757 0.367246 67.905947 0.201007 140.929596 0.591203 -6.631651 7.788218 46.082965 0.248617 1.066027 2.181603 394.836362 0.039455 75.880242 -15.150797
1 -23.746881 0.645321 76.488252 0.078768 160.757432 0.071222 84.149585 3.336308 224.754012 0.729584 9.813546 0.998773 334.451029 0.071046 85.923234 -15.150797
1 -15.753600 0.022580 -54.996373 2.068693 223.574563 0.561452 41.978262 3.125630 13.124555 0.263542 10.740814 1.776237 344.660826 0.011697 32.919192 -15.150797
1 -11.088713 0.230071 45.942529 0.108699 199.813698 0.589879 74.335226 3.694098 92.210724 0.515073 -2.046434 1.825562 353.511965 0.113083 58.455308 -15.784286
1 -12.611258 0.068204 -89.959890 0.364020 202.931852 0.639168 20.671012 5.739511 132.358940 0.771403 22.564569 1.213459 306.940744 0.167821 51.546886 -15.784286
1 -22.480137 0.053080 82.075447 0.084168 148.261895 0.251716 -61.882648 9.167269 65.484098 0.175898 46.144796 2.394718 408.987776 0.048062 73.759368 -15.784286
1 -8.300119 0.242593 40.074653 0.506895 189.534531 0.256623 27.562835 9.185749 120.091559 0.658365 12.921643 1.206757 325.768817 0.161530 47.672266 -15.784286
1 -17.753812 0.193014 47.136963 0.097802 164.443977 0.702498 -71.122025 4.038414 34.449682 0.446100 -4.741750 2.155114 387.125377 0.069806 -85.690003 -15.784286
1 -10.006445 0.154945 2.746889 0.287611 123.123813 0.066015 35.306602 9.330541 22.743134 0.691201 36.741178 1.188882 354.867947 0.284836 61.894455 -15.784286
1 -18.086049 0.596578 72.675761 0.196873 139.062384 0.528091 25.209884 6.514075 212.516346 0.788562 17.449962 0.919166 365.909568 0.068013 31.779518 -15.784286
1 -11.144897 0.340133 39.202940 0.251781 147.063701 0.441109 -8.723429 7.233724 29.082023 0.216090 1.967061 2.183341 378.699274 0.075352 63.221715 -15.784286
1 -10.614718 0.619140 -81.045921 0.069895 127.579871 0.092337 -73.734929 3.656912 222.713362 0.779583 9.740723 0.869198 334.168782 0.095990 -89.681106 -15.784286
1 -17.529789 0.065783 -57.912630 2.236573 240.077151 0.590203 27.158234 3.130597 26.510984 0.309015 9.299461 1.779800 348.479500 0.013589 7.339678 -15.784286
1 -9.956839 0.303630 70.094954 0.026235 181.278977 0.513268 53.195756 3.643148 78.446393 0.426799 -5.437599 1.999711 366.740330 0.103326 69.025823 -16.423221
1 -12.597840 0.087911 -73.480135 0.395230 199.791029 0.727119 1.191700 4.394924 140.030892 0.780221 21.946342 1.318990 315.039811 0.152125 38.199769 -16.423221
1 -6.265061 0.342506 20.240110 0.233505 171.187479 0.344636 -41.095651 7.423936 71.077989 0.306288 12.682501 1.951769 363.659933 0.071856 62.598092 -16.423221
1 -11.687701 0.240615 70.664844 0.081959 185.701302 0.364842 62.406732 8.604169 119.844659 0.619158 -4.581897 1.180614 332.719113 0.134823 54.640551 -16.423221
1 -10.165925 0.272850 32.502887 0.398985 189.770863 0.630534 74.811506 5.611057 37.544114 0.292124 -8.576021 2.567506 399.542141 0.009333 89.203308 -16.423221
1 -12.326012 0.198863 1.072054 0.104603 109.036648 0.031906 18.040921 0.333250 42.761002 0.743481 40.387148 0.985999 351.575164 0.283230 67.332590 -16.423221
1 -20.859528 0.607616 -63.593307 0.021268 136.390213 0.522408 27.214265 6.762332 188.144263 0.691921 26.064135 1.034259 363.625800 0.031932 39.913923 -16.423221
1 -12.649802 0.273679 36.154561 0.476195 135.130799 0.413250 -59.527911 8.509502 19.201074 0.226802 16.636694 2.031077 365.208972 0.090895 64.365744 -16.423221
1 -12.640641 0.647343 -89.978958 0.035245 152.204202 0.230693 -65.759515 3.891131 256.150250 0.744544 2.130318 1.113512 337.697512 0.043362 -87.837968 -16.423221
1 -16.273521 0.065260 -48.165356 2.211938 243.569640 0.547711 27.295403 3.556898 32.409307 0.318201 10.235730 1.661083 339.929971 0.005613 5.246380 -16.423221
1 -8.543185 0.155560 -17.016470 0.550828 182.799141 0.541480 -41.029587 1.887137 134.014094 0.600503 7.928646 1.683056 331.274692 0.073101 50.830124 -17.106109
1 -10.002797 0.057912 -45.045057 0.419862 190.184270 0.734740 -4.348714 5.248247 141.115072 0.658575 11.067429 1.374595 317.842090 0.078140 31.529685 -17.106109
1 -10.185868 0.170462 -19.925632 0.157001 189.273059 0.528133 -35.681654 7.365462 128.982289 0.454222 6.389235 1.996171 370.820358 0.035555 45.607228 -17.106109
1 -6.648999 0.441004 53.744489 0.071090 207.776208 0.011240 83.311739 7.751252 123.542229 0.753195 5.266979 0.685801 277.533279 0.183808 72.684235 -17.106109
1 -8.425619 0.303133 34.629613 0.484513 195.888358 0.620901 71.093795 5.397147 30.350234 0.309527 -6.504824 2.498788 388.475178 0.021347 89.372694 -17.106109
1 -12.221500 0.162523 4.873885 0.163532 119.813956 0.078818 22.166549 0.465237 37.413596 0.734179 40.309025 1.131034 354.319183 0.274701 66.849275 -17.106109
1 -6.000324 0.565459 68.937265 0.627095 257.385848 0.047935 -48.221192 5.570219 34.350543 0.545548 3.712078 1.250952 277.139092 0.211735 79.546050 -17.106109
1 -8.885573 0.297596 -1.283298 0.156604 142.805215 0.539011 -80.084170 2.597931 26.053964 0.498363 -5.041317 2.605982 425.397667 0.082838 -10.825890 -17.106109
1 -9.561275 0.510477 -75.622560 0.042437 134.608478 0.111932 64.896799 3.134534 220.595459 0.660448 3.302881 0.833294 289.415698 0.080785 88.613369 -17.106109
1 -8.648264 0.435339 62.302569 0.149976 194.549822 0.239968 2.432904 0.764721 53.949040 0.273227 7.584522 1.834500 353.119472 0.081947 75.576113 -17.106109
1 -8.304663 0.138080 -8.472581 0.746779 233.946717 0.606229 -82.655760 3.778413 151.812505 0.534714 8.844362 1.674280 309.506371 0.091428 57.169410 -17.730240
1 -7.425080 0.686218 54.528184 0.451880 238.021618 0.738717 -21.872568 5.531462 66.061009 0.541478 0.972489 1.029812 265.735240 0.154800 75.140790 -17.730240
1 -7.821869 0.181601 -65.844737 0.011901 162.961270 0.431752 20.285383 6.395558 183.405565 0.568865 8.116811 1.430460 345.377297 0.025292 84.494695 -17.730240
1 -8.502960 0.370404 68.612830 0.105580 179.800421 0.731333 87.425201 6.702660 74.256862 0.742537 10.481061 0.997353 320.249311 0.236667 52.681176 -17.730240
1 -7.489646 0.479270 44.278591 0.550153 237.359637 0.306891 -72.773501 8.911503 57.886362 0.421628 -11.630113 1.922820 323.752630 0.067259 -76.962636 -17.730240
1 -11.969200 0.160594 4.599015 0.157652 120.018514 0.079983 24.205337 0.654944 36.892434 0.736201 40.199723 1.127256 354.671488 0.274229 65.544116 -17.730240
1 -6.383776 0.475151 28.879452 0.592192 213.154639 0.379010 61.310903 6.583610 25.226657 0.312380 -10.303155 2.138472 354.529385 0.055043 -74.924307 -17.730240
1 -9.424046 0.225439 -24.706133 0.120127 128.396931 0.366234 -78.427603 0.719644 19.109300 0.502866 0.777668 2.674548 437.920899 0.073112 -10.304671 -17.730240
1 -8.277251 0.619673 -42.291945 0.145677 167.481149 0.039265 41.593842 2.599540 255.621771 0.666553 -5.318192 0.911161 247.172232 0.047955 71.153315 -17.730240
1 -8.280168 0.390995 64.896218 0.129950 188.799766 0.151995 17.368061 1.105356 31.676936 0.323365 23.215450 1.735523 352.541927 0.126067 76.827266 -17.730240
1 -8.501516 0.106854 -6.266515 0.720686 231.946040 0.715110 74.975741 3.699446 123.657591 0.524133 11.669881 1.746334 317.404482 0.095230 57.390008 -18.465623
1 -7.113265 0.705851 40.336989 0.119824 196.656921 0.695735 -14.857901 3.816786 66.704505 0.573707 0.262745 0.699848 277.678528 0.121437 -78.933490 -18.465623
1 -9.476747 0.172522 -79.245976 0.120872 183.367027 0.538315 33.915184 7.434531 184.375284 0.587932 2.990236 1.541235 352.741370 0.038855 54.995065 -18.465623
1 -9.515478 0.280546 -88.317480 0.242986 203.005817 0.001415 -63.985158 6.759416 49.552272 0.663276 18.998067 1.070450 324.387996 0.254508 63.288057 -18.465623
1 -8.340455 0.460168 48.012621 0.402129 210.112737 0.278791 -42.915863 8.695728 30.743756 0.500277 -6.443727 1.833690 338.552035 0.121918 -74.712309 -18.465623
1 -9.639367 0.198186 2.607123 0.136427 116.626049 0.040211 15.395144 0.994929 42.204831 0.728784 35.970636 1.158702 350.484832 0.296577 59.653618 -18.465623
1 -6.159444 0.527601 44.881468 0.637434 221.270150 0.317900 44.035612 4.920610 13.634562 0.298223 -10.798665 2.186831 348.901267 0.075005 -80.048524 -18.465623
1 -8.925782 0.203866 -38.904746 0.057287 127.694993 0.395711 -83.642658 0.860823 27.072124 0.534693 -2.013759 2.580767 432.994808 0.071160 -8.510375 -18.465623
1 -10.702768 0.516602 -58.166856 0.148010 148.006670 0.041583 36.285553 2.660671 272.340490 0.756015 3.792024 0.863796 265.002649 0.087579 -71.892166 -18.465623
1 -9.094751 0.316381 58.451686 0.196229 178.012547 0.071988 32.237643 0.888573 30.680723 0.300825 26.144134 1.847373 361.057731 0.101925 75.235424 -18.465623
1 -11.247203 0.005644 -20.340791 0.904935 196.889358 0.714053 79.105441 3.765616 109.808320 0.607911 18.560774 1.667074 331.999958 0.156464 56.416620 -19.261167
1 -8.765958 0.691169 6.139217 0.341774 215.247618 0.555361 -50.044894 2.888854 56.025521 0.555275 2.409124 1.535268 323.561544 0.016453 37.285243 -19.261167
1 -9.409011 0.185082 59.464816 0.035552 183.771981 0.525151 -16.404980 7.765039 190.329408 0.686426 -2.480760 1.578202 362.422218 0.026957 50.041551 -19.261167
1 -7.154139 0.340063 68.422329 0.129652 189.882570 0.529306 -39.195321 6.973440 118.410888 0.653221 1.467312 0.761004 298.372654 0.179846 73.703247 -19.261167
1 -5.506306 0.591657 48.596796 0.374292 223.704377 0.265208 -61.911194 8.410841 17.703735 0.493363 -3.506358 1.397885 318.182416 0.103661 -83.043365 -19.261167
1 -9.910881 0.181792 6.059169 0.281036 113.670278 0.789819 12.826159 2.166844 34.559891 0.695396 44.604128 1.575853 369.487374 0.379385 55.890084 -19.261167
1 -7.425009 0.447020 47.716732 0.116203 160.848605 0.405959 53.561952 3.148911 49.301260 0.333065 7.523184 2.363188 399.833187 0.016567 -47.756733 -19.261167
1 -8.731385 0.232205 -31.943981 0.015064 127.623370 0.411555 86.349511 1.231350 21.183147 0.540071 -3.235706 2.522186 432.562834 0.072177 -14.873466 -19.261167
1 -5.863168 0.534306 -43.904384 0.303665 192.909406 0.094988 67.701222 2.057089 257.965150 0.678158 -2.097966 0.847012 235.518465 0.049810 -89.491753 -19.261167
1 -5.637856 0.750904 31.730008 0.306352 184.018143 0.193315 87.243304 9.054486 33.223264 0.233543 30.838304 2.214128 375.757872 0.133198 67.005956 -19.261167
1 -9.546539 0.203699 -40.045439 1.008243 205.224206 0.088292 54.305889 0.232999 59.840077 0.656068 22.933312 1.177681 297.684667 0.166541 58.286615 -19.923875
1 -6.020392 0.021189 -14.974227 0.502894 227.357508 0.343803 -12.090750 0.516945 121.982815 0.560157 6.899273 1.134445 252.078447 0.010911 55.311832 -19.923875
1 -8.301320 0.103739 41.230481 0.044136 164.506716 0.603453 16.215420 6.716620 201.147931 0.783537 0.599183 1.407011 360.482125 0.091994 32.446806 -19.923875
1 -6.724265 0.302687 72.978090 0.101830 203.922485 0.559408 -71.920074 8.350124 64.850198 0.611448 6.001804 1.193519 319.206737 0.132230 76.877615 -19.923875
1 -5.760090 0.619149 41.943936 0.311050 232.356889 0.279851 -68.270117 8.637315 32.853530 0.467717 -1.748168 1.612986 311.077032 0.041939 75.928714 -19.923875
1 -10.316488 0.210029 21.243634 0.249269 121.013964 0.010831 -9.277162 3.134636 44.227629 0.704174 44.234056 1.328331 352.508431 0.387047 66.848423 -19.923875
1 -5.511245 0.426054 34.015542 0.087234 157.266447 0.333271 67.020503 2.212753 116.604015 0.351853 -2.422152 2.905917 401.570977 0.021721 -1.442304 -19.923875
1 -10.677165 0.354969 -30.419885 0.118375 140.632557 0.472105 77.360028 3.125027 10.990280 0.447559 -4.339962 2.388213 421.195843 0.041106 -13.418350 -19.923875
1 -7.565225 0.594627 -48.469557 0.391477 200.651108 0.057102 71.219165 2.241067 248.525549 0.699248 -3.880635 0.863190 238.258781 0.034956 73.863389 -19.923875
1 -6.580694 0.769700 30.499180 0.362980 203.256302 0.095750 -80.362092 9.434207 40.294175 0.245537 17.630869 1.860677 363.670805 0.069919 65.187087 -19.923875
1 -9.099172 0.213136 -34.377307 0.995107 212.456872 0.111319 43.824370 0.207272 91.795805 0.672046 23.928770 1.191184 307.652253 0.195188 56.516294 -20.607091
1 -5.936554 0.015051 -25.352462 0.346313 226.424375 0.305084 -0.259244 0.398928 120.243813 0.538873 4.280352 1.249968 255.639772 0.003050 49.444795 -20.607091
1 -8.623291 0.179394 30.804524 0.093091 159.254134 0.556923 31.915700 6.775007 219.116120 0.727023 -3.552337 1.504784 356.754925 0.092842 -1.187764 -20.607091
1 -7.692731 0.247533 57.591875 0.106280 178.649212 0.555752 -57.532763 8.375360 52.314951 0.695860 4.890449 0.936972 324.944898 0.181743 74.626398 -20.607091
1 -5.729455 0.475850 41.584500 0.542578 239.346521 0.398204 -56.511106 0.164665 27.784101 0.602314 -4.358091 1.023655 280.039104 0.061229 77.474080 -20.607091
1 -8.831164 0.271090 37.230743 0.431317 132.114962 0.047679 -10.829491 4.039056 14.232128 0.691606 45.363988 1.741272 371.851905 0.413881 60.254768 -20.607091
1 -9.071476 0.598462 42.580135 0.230041 174.539588 0.211385 38.156178 3.785186 93.416902 0.257679 0.688000 2.987707 400.546117 0.014406 18.853514 -20.607091
1 -9.812494 0.330122 -36.518762 0.066642 113.562691 0.422705 80.527893 2.885567 17.171033 0.459629 0.839943 2.403825 422.518494 0.025221 -19.695641 -20.607091
1 -7.081866 0.647594 -7.777385 0.115075 199.283854 0.235761 -1.807842 6.192460 252.140901 0.772947 5.448525 0.537943 249.510806 0.034589 -82.982458 -20.607091
1 -7.286000 0.795768 38.056440 0.343208 204.592591 0.138208 -89.526213 0.607310 45.320604 0.277823 16.067174 1.893516 365.330515 0.085360 57.099486 -20.607091
