#REFERENCE 3 87.3333130 -62.0870760
9.2 40.332 30.237 0.072 0.065 45.33 0.536 0.11 46.647 36.400 0.11 0.00
9.1 44.732 26.688 0.071 0.065 40.40 0.536 0.10 51.420 32.454 0.10 -0.00
1.6 40.299 22.747 0.078 0.067 40.41 0.795 0.19 52.043 32.852 0.19 -0.00
1.5 36.406 23.085 0.080 0.068 42.79 0.795 0.20 47.787 33.562 0.20 0.00
1.4 36.169 26.342 0.079 0.067 45.55 0.795 0.19 47.235 37.168 0.19 -0.00
1.3 39.845 27.240 0.121 0.103 44.08 0.795 0.18 51.169 37.826 0.18 0.00
1.2 38.002 25.490 0.088 0.075 43.81 0.795 0.19 49.317 36.071 0.19 -0.00
1.1 38.318 27.064 0.094 0.080 44.82 0.795 0.18 49.523 37.766 0.18 -0.00
6.4 31.275 19.161 0.066 0.051 43.76 2.486 0.31 49.219 35.930 0.31 -0.00
6.3 29.563 19.507 0.068 0.052 45.21 2.486 0.33 47.166 36.609 0.33 -0.00
6.2 29.601 17.002 0.078 0.059 42.94 2.486 0.33 47.614 33.646 0.33 -0.00
6.1 33.323 16.598 0.068 0.052 40.27 2.486 0.31 51.964 32.591 0.31 -0.00
8.2 29.550 20.061 0.084 0.063 45.79 3.348 0.33 47.836 38.007 0.33 -0.00
8.1 30.544 20.829 0.089 0.067 45.75 3.348 0.32 48.878 38.738 0.32 -0.00
5.2 32.681 15.422 0.060 0.045 39.86 4.500 0.33 52.844 32.508 0.33 0.00
5.1 31.592 20.114 0.057 0.043 44.54 4.500 0.32 50.806 38.273 0.32 0.00
4.2 32.686 15.432 0.060 0.045 39.86 4.500 0.33 52.848 32.519 0.33 -0.00
4.1 31.404 20.148 0.062 0.046 44.69 4.500 0.32 50.579 38.345 0.32 0.00
2.3 32.681 15.431 0.060 0.045 39.86 4.500 0.33 52.842 32.518 0.33 -0.00
2.2 30.156 20.277 0.090 0.067 45.63 4.500 0.33 49.089 38.710 0.33 0.00
2.1 31.006 20.143 0.081 0.060 44.96 4.500 0.33 50.113 38.407 0.33 0.00
7.2 31.481 17.415 0.097 0.073 42.32 4.527 0.33 51.140 35.106 0.33 0.00
7.1 31.284 17.611 0.094 0.071 42.62 4.527 0.33 50.878 35.372 0.33 0.00
3.2 27.466 16.258 0.073 0.053 44.03 5.466 0.37 46.913 34.695 0.37 0.00
3.1 27.461 16.525 0.078 0.057 44.28 5.466 0.37 46.859 35.018 0.37 0.00
