#REFERENCE 3 87.3333130 -62.0870760
1.1 38.3179674 27.0639348 0.093668 0.079715 44.82255 0.7951 0.18 
1.2 38.0023210 25.4903256 0.088489 0.075316 43.80906 0.7951 0.19 
1.3 39.8445861 27.2402169 0.120725 0.103030 44.08119 0.7951 0.18 
1.4 36.1691240 26.3415707 0.078519 0.066566 45.54568 0.7951 0.19 
1.5 36.4059450 23.0847618 0.080153 0.068113 42.79374 0.7951 0.20 
1.6 40.2988949 22.7473633 0.078426 0.067105 40.41500 0.7951 0.19 
2.1 31.0059467 20.1432634 0.080671 0.060247 44.95547 4.5000 0.33 
2.2 30.1556100 20.2769974 0.089580 0.066645 45.63395 4.5000 0.33 
2.3 32.6805986 15.4310334 0.060282 0.045473 39.86319 4.5000 0.33 
3.1 27.4614463 16.5250245 0.077728 0.057097 44.27967 5.4657 0.37 
3.2 27.4661648 16.2578976 0.072757 0.053465 44.02546 5.4657 0.37 
4.1 31.4036328 20.1480916 0.061775 0.046212 44.69464 4.5000 0.32 
4.2 32.6857340 15.4320199 0.060283 0.045474 39.86115 4.5000 0.33 
5.1 31.5924573 20.1138235 0.056801 0.042525 44.54042 4.5000 0.32 
5.2 32.6811445 15.4224499 0.060281 0.045473 39.85530 4.5000 0.33 
6.1 33.3231654 16.5984289 0.068161 0.052490 40.26764 2.4856 0.31 
6.2 29.6005014 17.0019411 0.077684 0.059031 42.93634 2.4856 0.33 
6.3 29.5628009 19.5073081 0.068248 0.051713 45.21164 2.4856 0.33 
6.4 31.2751783 19.1607789 0.066363 0.050633 43.76074 2.4856 0.31 
7.1 31.2842043 17.6105800 0.094147 0.070514 42.61996 4.5267 0.33 
7.2 31.4810957 17.4151967 0.097105 0.072795 42.32482 4.5267 0.33 
8.1 30.5435225 20.8288039 0.088580 0.066535 45.75191 3.3484 0.32 
8.2 29.5499411 20.0605238 0.084362 0.063148 45.78891 3.3484 0.33 
9.1 44.7316761 26.6878011 0.070661 0.064842 40.39671 0.5360 0.10 
9.2 40.3323359 30.2374526 0.071688 0.065457 45.33443 0.5360 0.11 
