#REFERENCE 3 87.3042530 -62.0775650
   #ID       X         Y         R       EPS       TAU       AMP       E_AMP      DMAG  TIME[days]  DTIME    PARITY
   7.2     1.024     1.977     2.227     0.992     7.964     5.033     2.097      1.75    -235.0       0.0    ++
   7.2     1.742     1.505     2.302     0.980     4.928    11.652    85.333      2.67    -233.6       1.4    +-
   7.2     2.150     0.878     2.323     0.000     0.000    44.922   200.945      4.13    -234.8       0.2    ++
   7.1     0.616     2.020     2.112     0.997    13.005    11.083    15.655      2.61    -232.2       2.8    ++
   8.2     1.028     4.245     4.368     0.984     5.585     4.576     1.005      1.65    -322.5       0.0    ++
   8.2     2.471     3.387     4.193     0.961     3.461    11.191    99.669      2.62    -310.4      12.1    +-
   8.2    -0.309     4.368     4.379     0.947     2.962    11.788   345.445      2.68    -317.6       4.9    +-
   8.2     3.720    -0.285     3.731     0.700     0.979     5.055     1.104      1.76    -369.9     -47.5    ++
   8.2    -1.155     3.778     3.950     0.000     0.000     4.941     2.442      1.73    -320.6       1.9    ++
   8.1     2.721     3.081     4.111     0.997    13.821     8.427    81.503      2.31    -314.2       8.2    +-
   8.1     3.692    -0.082     3.693     0.995    10.359     6.729     1.805      2.07    -352.1     -29.6    ++
   8.1    -1.172     3.932     4.103     0.990     7.017     9.641   107.630      2.46    -340.8     -18.4    ++
   8.1     0.610     4.467     4.509     0.982     5.255    82.718  3109.308      4.79    -338.2     -15.8    ++
   8.1    -0.114     4.510     4.511     0.000     0.000    12.726   251.186      2.76    -337.5     -15.1    +-
   9.2    -0.059     0.135     0.147     0.758     1.163     0.979     0.887     -0.02    -156.4       0.0    --
   9.2     3.095    -2.613     4.051     0.551     0.661     2.537     0.460      1.01    -508.0    -351.5    ++
   9.2    -1.941    -0.998     2.182     0.535     0.634     1.473     0.387      0.42    -205.3     -48.8    +-
   9.2     0.969     2.194     2.399     0.229     0.235    38.150   456.364      3.95    -197.7     -41.3    +-
   9.2    -2.343     2.170     3.194     0.000     0.000     2.822     0.213      1.13    -279.5    -123.0    ++
   9.1     2.502     1.877     3.128     0.750     1.134    11.424   303.778      2.64    -207.2     -50.8    +-
   9.1    -1.419    -1.630     2.161     0.695     0.967     3.300     1.287      1.30    -189.6     -33.2    +-
   9.1    -2.950     3.412     4.510     0.616     0.781     1.998     0.145      0.75    -485.6    -329.2    ++
   9.1     0.087    -0.011     0.088     0.333     0.353     0.844     0.756     -0.18    -136.8      19.6    --
   9.1     2.431    -1.774     3.010     0.000     0.000     5.063     1.680      1.76    -281.8    -125.4    ++
   6.4    -0.187     0.223     0.291     0.729     1.066     1.403     1.247      0.37    -135.6       0.0    --
   6.4     3.491    -2.932     4.559     0.635     0.823     2.152     0.325      0.83    -616.8    -481.2    ++
   6.4    -1.911     1.525     2.445     0.513     0.598     4.641     0.474      1.67    -183.2     -47.7    ++
   6.4    -1.912    -0.429     1.959     0.182     0.185     1.845     0.424      0.67    -165.0     -29.5    +-
   6.4     0.229     1.701     1.717     0.000     0.000     3.135     1.073      1.24    -155.6     -20.0    +-
   6.3    -0.268     0.024     0.270     0.774     1.223     1.300     1.427      0.29    -138.7      -3.1    --
   6.3     0.019     3.469     3.469     0.635     0.821     4.054    14.783      1.52    -180.6     -45.0    --
   6.3    -1.609    -0.707     1.757     0.612     0.775     1.467     0.431      0.42    -156.8     -21.3    +-
   6.3     0.012     3.916     3.916     0.466     0.527     1.978     1.093      0.74    -183.1     -47.5    +-
   6.3     0.366     2.346     2.374     0.408     0.447     2.284     0.552      0.90    -199.4     -63.8    +-
   6.3     3.634    -2.355     4.330     0.392     0.426     2.420     0.408      0.96    -546.9    -411.3    ++
   6.3    -1.824     2.379     2.998     0.000     0.000     3.245     0.350      1.28    -232.4     -96.9    ++
   6.2    -0.000     3.452     3.452     0.952     3.120     4.116    17.979      1.54    -184.8     -49.2    --
   6.2    -0.120     3.964     3.966     0.899     2.057     1.561     0.641      0.48    -188.7     -53.1    +-
   6.2     0.152     2.425     2.430     0.832     1.498     1.937     0.673      0.72    -201.3     -65.7    +-
   6.2    -1.565     2.563     3.003     0.781     1.249     3.574     0.497      1.38    -220.3     -84.8    ++
   6.2     3.873    -2.163     4.436     0.737     1.091     2.409     0.391      0.95    -556.5    -420.9    ++
   6.2    -0.404    -0.060     0.409     0.363     0.389     1.951     2.882      0.73    -127.0       8.6    --
   6.2    -1.375    -0.584     1.494     0.000     0.000     1.651     0.533      0.54    -134.2       1.4    +-
   6.1     2.537     2.530     3.583     0.865     1.724    83.189  1013.732      4.80    -244.1    -108.6    +-
   6.1    -0.054    -0.061     0.081     0.591     0.732     0.948     0.934     -0.06    -141.1      -5.6    --
   6.1    -2.567     3.396     4.257     0.422     0.465     2.189     0.194      0.85    -424.9    -289.4    ++
   6.1    -1.453    -1.334     1.973     0.352     0.376     2.129     0.735      0.82    -175.7     -40.2    +-
   6.1     2.976    -1.637     3.396     0.000     0.000     4.192     1.183      1.56    -341.0    -205.4    ++
   1.6     2.775     2.339     3.630     0.875     1.811    51.111   759.069      4.27    -250.0       0.0    +-
   1.6    -0.077    -0.107     0.131     0.682     0.932     1.014     1.020      0.02    -133.1     116.9    --
   1.6    -1.331    -1.311     1.869     0.385     0.417     2.239     0.791      0.88    -160.8      89.2    +-
   1.6    -2.538     3.615     4.417     0.374     0.403     2.179     0.214      0.85    -445.4    -195.5    ++
   1.6     3.054    -1.375     3.350     0.000     0.000     4.913     1.537      1.73    -318.7     -68.7    ++
   1.5     0.028     3.374     3.374     0.982     5.199    79.521  4031.145      4.75    -237.8      12.2    --
   1.5     0.176     2.886     2.891     0.974     4.334    24.177   728.875      3.46    -240.7       9.2    +-
   1.5    -1.649     3.136     3.544     0.885     1.903     3.180     0.497      1.26    -274.3     -24.3    ++
   1.5    -0.103     4.326     4.327     0.871     1.769     1.868     0.995      0.68    -254.6      -4.6    +-
   1.5     3.888    -1.711     4.248     0.850     1.617     2.765     0.494      1.10    -497.5    -247.5    ++
   1.5    -0.435    -0.174     0.468     0.241     0.248     2.885     7.227      1.15    -124.8     125.2    --
   1.5    -1.202    -0.667     1.375     0.000     0.000     1.811     0.645      0.64    -129.1     120.9    +-
   1.4    -0.353    -0.106     0.368     0.879     1.840     1.672     2.270      0.56    -131.9     118.1    --
   1.4    -1.352    -0.735     1.539     0.804     1.354     1.590     0.538      0.50    -140.8     109.2    +-
   1.4     0.012     4.250     4.250     0.742     1.105     1.975     0.891      0.74    -240.1       9.9    +-
   1.4     0.031     3.396     3.396     0.740     1.101    12.718   284.694      2.76    -227.4      22.6    --
   1.4     0.257     2.789     2.801     0.611     0.772     2.235     1.275      0.87    -232.5      17.5    +-
   1.4     3.773    -1.892     4.221     0.349     0.373     2.690     0.483      1.07    -502.5    -252.5    ++
   1.4    -1.755     2.938     3.423     0.000     0.000     3.035     0.399      1.21    -269.5     -19.5    ++
   1.3    -0.317    -0.136     0.345     0.955     3.228     1.559     2.029      0.48    -132.8     117.2    --
   1.3    -1.318    -0.835     1.561     0.915     2.265     1.630     0.565      0.53    -142.8     107.2    +-
   1.3     3.692    -1.675     4.054     0.837     1.527     2.997     0.590      1.19    -460.3    -210.3    ++
   1.3    -1.878     3.215     3.723     0.755     1.151     2.815     0.373      1.12    -309.4     -59.4    ++
   1.3     2.178     3.598     4.206     0.000     0.000    10.486    58.841      2.55    -271.3     -21.3    +-
   1.2    -0.184     0.178     0.255     0.772     1.213     1.281     1.183      0.27    -139.7     110.3    --
   1.2     3.472    -2.817     4.471     0.644     0.841     2.219     0.347      0.87    -595.2    -345.2    ++
   1.2    -1.940     1.736     2.603     0.471     0.534     3.967     0.378      1.50    -199.4      50.6    ++
   1.2    -1.880    -0.560     1.962     0.335     0.356     1.621     0.389      0.52    -169.8      80.2    +-
   1.2     0.327     1.843     1.872     0.000     0.000     2.886     0.827      1.15    -167.0      83.0    +-
   1.1    -0.059     0.092     0.109     0.919     2.339     0.943     0.880     -0.06    -156.9      93.1    --
   1.1     3.067    -2.443     3.921     0.812     1.392     2.707     0.524      1.08    -476.1    -226.1    ++
   1.1    -1.859    -1.093     2.157     0.696     0.969     1.525     0.431      0.46    -203.9      46.0    +-
   1.1     1.292     2.377     2.705     0.634     0.820    72.127   536.532      4.65    -210.5      39.5    +-
   1.1    -2.387     2.424     3.402     0.623     0.796     2.611     0.198      1.04    -305.6     -55.6    ++
   5.2     1.701     3.922     4.274     0.999    24.996     9.108    62.613      2.40    -275.0       0.0    ++
   5.2     0.065     4.433     4.434     0.932     2.579     2.800     1.834      1.12    -269.8       5.2    +-
   5.2    -0.370    -0.148     0.399     0.853     1.636     1.636     2.176      0.53    -128.6     146.4    --
   5.2    -1.298    -0.765     1.506     0.780     1.246     1.639     0.571      0.54    -136.1     138.9    +-
   5.2    -1.768     3.230     3.682     0.229     0.235     3.035     0.455      1.21    -292.3     -17.4    ++
   5.2     3.856    -1.719     4.221     0.000     0.000     2.854     0.533      1.14    -488.1    -213.2    ++
   5.1    -0.479    -0.239     0.535     1.000   176.482     6.643    49.099      2.06    -119.2     155.7    --
   5.1    -1.108    -0.667     1.293     1.000   146.558     2.038     0.756      0.77    -121.7     153.2    +-
   5.1     3.992    -1.490     4.261     1.000    74.113     2.974     0.550      1.18    -482.4    -207.5    ++
   5.1    -1.621     3.493     3.851     1.000    71.758     3.392     0.690      1.33    -299.4     -24.5    ++
   5.1    -0.140     4.517     4.519     1.000    40.036     2.837     6.739      1.13    -287.5     -12.5    +-
   4.2     1.653     3.952     4.284     0.998    14.549    10.312    86.011      2.53    -275.9       0.0    ++
   4.2     1.860     3.857     4.282     0.997    11.964    13.847   168.634      2.85    -275.9       0.0    +-
   4.2     0.065     4.439     4.440     0.935     2.630     2.832     1.894      1.13    -270.9       5.0    +-
   4.2    -0.373    -0.151     0.402     0.856     1.659     1.657     2.223      0.55    -128.3     147.7    --
   4.2    -1.291    -0.763     1.500     0.785     1.265     1.646     0.576      0.54    -135.6     140.4    +-
   4.2    -1.764     3.242     3.691     0.222     0.228     3.040     0.460      1.21    -293.1     -17.2    ++
   4.2     3.859    -1.708     4.220     0.000     0.000     2.862     0.535      1.14    -487.3    -211.4    ++
   4.1    -0.444    -0.214     0.493     0.999    20.409     2.773    10.178      1.11    -121.8     154.2    --
   4.1    -1.159    -0.702     1.355     0.998    16.462     1.882     0.688      0.69    -125.4     150.6    +-
   4.1     3.952    -1.532     4.239     0.995     9.542     2.966     0.554      1.18    -480.9    -204.9    ++
   4.1    -1.668     3.444     3.826     0.994     8.875     3.258     0.607      1.28    -300.4     -24.5    ++
   4.1    -0.057     4.516     4.516     0.978     4.634     2.811     3.453      1.12    -285.9      -9.9    +-
   4.1     2.012     3.916     4.403     0.418     0.460    11.599   130.399      2.66    -291.1     -15.2    +-
   4.1     1.588     4.117     4.413     0.000     0.000     5.856     8.043      1.92    -291.3     -15.4    ++
   2.3     1.588     3.981     4.286     0.995    10.154    12.693   311.012      2.76    -276.0       0.0    ++
   2.3     1.909     3.833     4.282     0.991     7.477    12.118   109.122      2.71    -275.9       0.1    +-
   2.3     0.080     4.441     4.442     0.939     2.731     2.951     2.001      1.17    -271.4       4.6    +-
   2.3    -0.369    -0.150     0.399     0.854     1.643     1.636     2.176      0.53    -128.5     147.5    --
   2.3    -1.295    -0.768     1.506     0.780     1.248     1.641     0.573      0.54    -136.0     140.0    +-
   2.3    -1.771     3.243     3.695     0.223     0.229     3.030     0.456      1.20    -294.0     -18.0    ++
   2.3     3.853    -1.709     4.215     0.000     0.000     2.867     0.537      1.14    -486.4    -210.4    ++
   2.2    -0.382    -0.168     0.417     0.971     4.039     1.754     2.451      0.61    -127.0     149.0    --
   2.2     3.870    -1.641     4.204     0.956     3.266     2.925     0.553      1.17    -480.6    -204.6    ++
   2.2    -1.260    -0.763     1.473     0.951     3.079     1.687     0.597      0.57    -133.5     142.5    +-
   2.2    -1.758     3.321     3.757     0.948     2.988     3.054     0.484      1.21    -299.8     -23.8    ++
   2.2     1.420     4.110     4.348     0.946     2.906     6.363    26.977      2.01    -282.4      -6.4    ++
   2.2     2.046     3.813     4.327     0.889     1.937    25.539   577.796      3.52    -281.7      -5.7    +-
   2.2     0.098     4.481     4.482     0.000     0.000     3.405     2.798      1.33    -279.0      -3.0    +-
   2.1    -0.327    -0.131     0.352     0.997    12.945     1.417     1.724      0.38    -131.9     144.1    --
   2.1    -1.348    -0.827     1.581     0.994     9.300     1.589     0.546      0.50    -142.0     134.0    +-
   2.1     3.777    -1.727     4.153     0.992     7.770     2.923     0.565      1.16    -476.0    -200.0    ++
   2.1    -1.856     3.233     3.728     0.988     6.489     2.899     0.403      1.16    -303.8     -27.8    ++
   2.1     0.336     4.432     4.445     0.919     2.325    29.979   632.971      3.69    -275.6       0.4    +-
   2.1     2.114     3.701     4.263     0.843     1.569    15.519   151.606      2.98    -274.1       1.9    +-
   2.1     1.122     4.179     4.327     0.000     0.000     7.636     3.959      2.21    -276.5      -0.5    ++
   3.2     3.720    -3.381     5.027     1.000    40.625     2.005     0.285      0.76    -704.7       0.0    ++
   3.2    -0.192     0.397     0.440     0.999    27.275     1.643     1.055      0.54    -118.1     586.6    --
   3.2    -0.005     1.394     1.394     0.999    20.961     4.475     2.172      1.63    -124.2     580.4    +-
   3.2    -2.076     0.465     2.128     0.011     0.011    25.126    96.734      3.50    -148.0     556.6    +-
   3.1     3.640    -3.372     4.962     0.941     2.782     2.032     0.294      0.77    -691.9      12.8    ++
   3.1    -0.154     0.386     0.416     0.873     1.791     1.476     0.950      0.42    -123.6     581.1    --
   3.1     0.082     1.428     1.430     0.824     1.453     4.157     2.012      1.55    -130.7     574.0    +-
   3.1    -2.165     0.123     2.169     0.801     1.338     4.916     1.305      1.73    -159.7     545.0    +-
   3.1    -2.131     0.788     2.272     0.000     0.000    67.487   566.920      4.57    -160.3     544.4    ++
