#REFERENCE 0 87.3042530 -62.0775650
7.2 87.3029774 -62.0773210 0.098002 0.097981 41.32564 0.6396 0.00 
7.1 87.3038877 -62.0770038 0.267037 0.010252 4.70797 0.6396 1.30 
8.2 87.3036434 -62.0763857 0.324166 0.028792 152.72573 1.5680 -0.28 
8.2 87.3027871 -62.0766241 0.198400 0.028087 128.65465 1.5680 0.28 
8.2 87.3044364 -62.0763517 0.215733 0.035438 30.87689 1.5680 -0.06 
8.2 87.3020463 -62.0776442 0.106745 0.044877 107.88538 1.5680 0.45 
8.2 87.3049382 -62.0765157 0.085000 0.084995 175.82712 1.5680 0.00 
8.1 87.3026387 -62.0767092 0.422914 0.015280 131.84970 1.5680 0.22 
8.1 87.3020629 -62.0775877 0.250505 0.012063 83.69940 1.5680 1.05 
8.1 87.3049483 -62.0764728 0.242283 0.017177 66.06699 1.5680 0.70 
8.1 87.3038914 -62.0763241 0.296279 0.027940 148.71560 1.5680 -0.05 
8.1 87.3043203 -62.0763123 0.089029 0.088993 163.89859 1.5680 -0.00 
9.2 87.3042879 -62.0775276 0.029977 0.011118 28.66677 3.0000 2.98 
9.2 87.3024168 -62.0782909 0.085793 0.046133 20.09492 3.0000 0.29 
9.2 87.3054042 -62.0778423 0.060997 0.033559 62.98649 3.0000 1.01 
9.2 87.3036781 -62.0769554 0.109946 0.087077 16.34050 3.0000 -0.67 
9.2 87.3056428 -62.0769621 0.072001 0.072000 175.89633 3.0000 -0.00 
9.1 87.3027688 -62.0770436 0.108884 0.041150 110.80226 3.0000 0.13 
9.1 87.3050945 -62.0780177 0.062838 0.026650 152.00963 3.0000 1.20 
9.1 87.3060029 -62.0766173 0.078636 0.038348 114.21507 3.0000 0.56 
9.1 87.3042012 -62.0775680 0.016995 0.012025 15.79644 3.0000 3.48 
9.1 87.3028107 -62.0780577 0.071001 0.071000 47.33413 3.0000 -0.00 
6.4 87.3043641 -62.0775032 0.041816 0.016539 37.63614 3.0000 2.03 
6.4 87.3021822 -62.0783795 0.087567 0.041350 36.58203 3.0000 0.23 
6.4 87.3053865 -62.0771413 0.120108 0.068124 56.07023 3.0000 -0.65 
6.4 87.3053871 -62.0776841 0.068430 0.056944 36.18539 3.0000 0.15 
6.4 87.3041170 -62.0770924 0.067001 0.066999 175.21274 3.0000 -0.00 
6.3 87.3044123 -62.0775584 0.031554 0.011260 27.37081 3.0000 2.82 
6.3 87.3042417 -62.0766015 0.013401 0.006336 112.03628 3.0000 4.37 
6.3 87.3052072 -62.0777613 0.057696 0.028290 42.33961 3.0000 1.16 
6.3 87.3042456 -62.0764773 0.052571 0.031718 64.43544 3.0000 1.14 
6.3 87.3040357 -62.0769134 0.077118 0.049992 44.12182 3.0000 0.23 
6.3 87.3020973 -62.0782191 0.067789 0.044823 37.25769 3.0000 0.49 
6.3 87.3053349 -62.0769041 0.069001 0.069000 166.22435 3.0000 -0.00 
6.2 87.3042533 -62.0766062 0.037473 0.005859 111.96559 3.0000 3.63 
6.2 87.3043243 -62.0764638 0.162646 0.037440 91.80995 3.0000 0.03 
6.2 87.3041630 -62.0768915 0.194101 0.058827 66.60706 3.0000 -0.66 
6.2 87.3051815 -62.0768531 0.234856 0.082444 108.08149 3.0000 -1.23 
6.2 87.3019556 -62.0781658 0.170350 0.066239 90.90520 3.0000 -0.64 
6.2 87.3044929 -62.0775817 0.052678 0.036018 47.89264 3.0000 1.29 
6.2 87.3050686 -62.0777271 0.079001 0.079000 30.88237 3.0000 -0.00 
6.1 87.3027483 -62.0768621 0.177508 0.047746 115.96147 3.0000 -0.63 
6.1 87.3042848 -62.0775819 0.020757 0.010525 19.55044 3.0000 3.35 
6.1 87.3057757 -62.0766216 0.075750 0.048315 123.68036 3.0000 0.29 
6.1 87.3051150 -62.0779356 0.045817 0.031726 116.41076 3.0000 1.29 
6.1 87.3024878 -62.0780196 0.069000 0.068999 142.81481 3.0000 0.00 
1.6 87.3026067 -62.0769152 0.168684 0.043468 107.20447 3.0000 -0.17 
1.6 87.3042986 -62.0775946 0.025462 0.011078 18.33090 3.0000 3.36 
1.6 87.3050427 -62.0779293 0.051552 0.034363 110.51582 3.0000 1.37 
1.6 87.3057586 -62.0765607 0.080803 0.054567 137.80724 3.0000 0.38 
1.6 87.3024412 -62.0779470 0.079000 0.078999 141.05399 3.0000 0.00 
1.5 87.3042364 -62.0766278 0.059880 0.005707 116.12832 3.0000 3.21 
1.5 87.3041489 -62.0767633 0.270899 0.030848 93.24952 3.0000 -0.26 
1.5 87.3052313 -62.0766938 0.296494 0.073169 104.80057 3.0000 -1.30 
1.5 87.3043139 -62.0763634 0.244762 0.064384 52.53219 3.0000 -0.95 
1.5 87.3019468 -62.0780403 0.229213 0.065154 97.96421 3.0000 -0.89 
1.5 87.3045108 -62.0776134 0.054728 0.042818 43.21170 3.0000 1.12 
1.5 87.3049658 -62.0777504 0.081001 0.080998 5.63246 3.0000 0.00 
1.4 87.3044622 -62.0775944 0.045614 0.011592 27.35153 3.0000 2.68 
1.4 87.3050550 -62.0777691 0.075967 0.025012 41.82814 3.0000 1.29 
1.4 87.3042459 -62.0763845 0.107185 0.041288 16.91767 3.0000 0.37 
1.4 87.3042348 -62.0766218 0.014715 0.005685 128.17634 3.0000 4.68 
1.4 87.3041003 -62.0767902 0.081370 0.039984 81.56503 3.0000 0.71 
1.4 87.3020148 -62.0780906 0.080061 0.055598 40.69217 3.0000 0.37 
1.4 87.3052941 -62.0767488 0.079000 0.079000 151.80486 3.0000 -0.00 
1.3 87.3044411 -62.0776029 0.093057 0.014083 37.73092 3.0000 2.62 
1.3 87.3050350 -62.0777970 0.153697 0.032422 32.28474 3.0000 1.17 
1.3 87.3020628 -62.0780303 0.213857 0.063800 54.50977 3.0000 0.08 
1.3 87.3053667 -62.0766719 0.212224 0.079295 58.14948 3.0000 -0.15 
1.3 87.3029611 -62.0765655 0.121016 0.121000 144.59474 3.0000 -0.00 
1.2 87.3043619 -62.0775157 0.052376 0.018802 36.56919 3.0000 2.26 
1.2 87.3021934 -62.0783476 0.117234 0.054599 37.99304 3.0000 0.23 
1.2 87.3054037 -62.0770828 0.144149 0.086470 54.04686 3.0000 -0.49 
1.2 87.3053682 -62.0777205 0.087483 0.061730 29.79849 3.0000 0.42 
1.2 87.3040591 -62.0770531 0.089002 0.088997 86.15064 3.0000 0.00 
1.1 87.3042880 -62.0775396 0.021867 0.004479 37.17309 3.0000 4.89 
1.1 87.3024336 -62.0782436 0.065569 0.021115 38.19220 3.0000 2.01 
1.1 87.3053560 -62.0778687 0.038135 0.016146 36.46485 3.0000 2.89 
1.1 87.3034869 -62.0769048 0.077152 0.036511 69.15140 3.0000 1.24 
1.1 87.3056689 -62.0768918 0.058096 0.028013 50.97937 3.0000 1.84 
5.2 87.3032442 -62.0764757 1.954571 0.039082 154.91913 3.3200 -3.28 
5.2 87.3042143 -62.0763335 0.174615 0.032672 12.32074 3.3200 -0.46 
5.2 87.3044726 -62.0776062 0.038863 0.010939 23.52500 3.3200 2.36 
5.2 87.3050228 -62.0777774 0.064374 0.022645 49.31255 3.3200 1.02 
5.2 87.3053015 -62.0766679 0.080286 0.063586 128.21941 3.3200 -0.34 
5.2 87.3019659 -62.0780425 0.061000 0.061000 0.92728 3.3200 0.00 
5.1 87.3045370 -62.0776313 0.065269 0.000185 38.93321 3.3200 6.08 
5.1 87.3049103 -62.0777502 0.092480 0.000316 29.05610 3.3200 5.12 
5.1 87.3018852 -62.0779788 0.100518 0.000678 60.29093 3.3200 4.20 
5.1 87.3052145 -62.0765947 0.121221 0.000845 60.10396 3.3200 3.75 
5.1 87.3043359 -62.0763104 0.091715 0.001145 166.13563 3.3200 3.73 
4.2 87.3032725 -62.0764672 1.131541 0.038842 154.50448 3.3200 -2.68 
4.2 87.3031497 -62.0764937 0.913895 0.038128 155.87876 3.3200 -2.43 
4.2 87.3042146 -62.0763318 0.177423 0.032588 12.15258 3.3200 -0.48 
4.2 87.3044742 -62.0776070 0.039237 0.010913 23.62712 3.3200 2.35 
4.2 87.3050190 -62.0777770 0.064719 0.022489 49.17831 3.3200 1.02 
4.2 87.3052996 -62.0766644 0.080015 0.063826 128.43973 3.3200 -0.34 
4.2 87.3019637 -62.0780395 0.061000 0.061000 79.67290 3.3200 -0.00 
4.1 87.3045163 -62.0776246 0.060773 0.001488 39.57542 3.3200 4.07 
4.1 87.3049404 -62.0777599 0.089671 0.002721 28.31213 3.3200 2.99 
4.1 87.3019084 -62.0779904 0.107317 0.005608 60.10560 3.3200 2.01 
4.1 87.3052422 -62.0766084 0.124454 0.006989 60.68714 3.3200 1.61 
4.1 87.3042867 -62.0763105 0.095616 0.010199 161.82167 3.3200 1.49 
4.1 87.3030593 -62.0764773 0.063096 0.040410 40.60726 3.3200 0.45 
4.1 87.3033111 -62.0764213 0.062006 0.062001 147.71535 3.3200 -0.00 
2.3 87.3033112 -62.0764591 0.788835 0.038750 153.99713 3.3200 -2.29 
2.3 87.3031208 -62.0765003 0.566562 0.037719 155.98719 3.3200 -1.90 
2.3 87.3042055 -62.0763313 0.183207 0.032482 11.11968 3.3200 -0.51 
2.3 87.3044722 -62.0776066 0.038815 0.010884 23.59496 3.3200 2.36 
2.3 87.3050213 -62.0777783 0.064236 0.022558 49.42599 3.3200 1.02 
2.3 87.3053035 -62.0766643 0.079854 0.063662 128.40786 3.3200 -0.34 
2.3 87.3019671 -62.0780396 0.061001 0.061000 69.51622 3.3200 -0.00 
2.2 87.3044797 -62.0776116 0.065487 0.007987 46.76253 3.3200 2.97 
2.2 87.3019573 -62.0780209 0.172577 0.025829 70.08937 3.3200 0.65 
2.2 87.3050004 -62.0777769 0.104028 0.016468 18.51525 3.3200 1.69 
2.2 87.3052958 -62.0766426 0.193205 0.031468 73.85951 3.3200 0.31 
2.2 87.3034109 -62.0764233 0.372440 0.062290 140.92658 3.3200 -1.14 
2.2 87.3030394 -62.0765058 0.221362 0.053762 176.63841 3.3200 -0.42 
2.2 87.3041949 -62.0763202 0.090001 0.089992 112.00370 3.3200 0.00 
2.1 87.3044467 -62.0776013 0.055453 0.002139 41.52952 3.3200 4.36 
2.1 87.3050524 -62.0777947 0.092251 0.004946 25.68898 3.3200 2.89 
2.1 87.3020127 -62.0780447 0.138299 0.008862 58.13377 3.3200 1.82 
2.1 87.3053539 -62.0766669 0.143823 0.011017 61.46807 3.3200 1.54 
2.1 87.3040536 -62.0763338 0.132749 0.027335 146.09914 3.3200 0.64 
2.1 87.3029989 -62.0765368 0.081462 0.023756 52.36081 3.3200 1.33 
2.1 87.3035872 -62.0764042 0.081006 0.080993 6.18679 3.3200 0.00 
3.2 87.3020461 -62.0785041 0.075827 0.000933 14.99769 4.8087 4.72 
3.2 87.3043667 -62.0774549 0.038177 0.000700 16.16324 4.8087 5.78 
3.2 87.3042558 -62.0771779 0.064954 0.001549 171.87835 4.8087 4.34 
3.2 87.3054845 -62.0774358 0.074073 0.073262 13.74956 4.8087 0.01 
3.1 87.3020937 -62.0785015 0.078410 0.013665 10.61880 4.8087 1.91 
3.1 87.3043445 -62.0774578 0.036304 0.009451 12.55467 4.8087 3.15 
3.1 87.3042044 -62.0771683 0.066616 0.020710 179.88560 4.8087 1.64 
3.1 87.3055373 -62.0775309 0.120959 0.040209 60.49349 4.8087 0.27 
3.1 87.3055170 -62.0773460 0.079003 0.078994 16.24367 4.8087 0.00 
