#REFERENCE 3 87.3042530 -62.0775650
7.2 0.794 1.158 0.073 0.015 20.23 0.640 2.38 1.024 1.977 2.55 -0.16
7.2 0.794 1.158 0.073 0.015 20.23 0.640 2.38 1.742 1.505 3.18 -0.80
7.2 0.794 1.158 0.073 0.015 20.23 0.640 2.38 2.150 0.878 2.38 0.00
7.1 0.714 1.134 0.067 0.006 32.63 0.640 3.35 0.616 2.020 2.05 1.30
8.2 0.892 1.276 0.073 0.023 142.35 1.568 1.59 1.028 4.245 1.87 -0.28
8.2 0.892 1.276 0.073 0.023 142.35 1.568 1.59 2.471 3.387 1.31 0.28
8.2 0.892 1.276 0.073 0.023 142.35 1.568 1.59 -0.309 4.368 1.66 -0.06
8.2 0.892 1.276 0.073 0.023 142.35 1.568 1.59 3.720 -0.285 1.15 0.45
8.2 0.892 1.276 0.073 0.023 142.35 1.568 1.59 -1.155 3.778 1.59 0.00
8.1 0.834 1.360 0.089 0.011 98.32 1.568 2.31 2.721 3.081 2.09 0.22
8.1 0.834 1.360 0.089 0.011 98.32 1.568 2.31 3.692 -0.082 1.27 1.05
8.1 0.834 1.360 0.089 0.011 98.32 1.568 2.31 -1.172 3.932 1.61 0.70
8.1 0.834 1.360 0.089 0.011 98.32 1.568 2.31 0.610 4.467 2.36 -0.05
8.1 0.834 1.360 0.089 0.011 98.32 1.568 2.31 -0.114 4.510 2.31 -0.00
9.2 0.651 0.313 0.059 0.033 153.01 3.000 1.07 -0.059 0.135 -1.91 2.98
9.2 0.651 0.313 0.059 0.033 153.01 3.000 1.07 3.095 -2.613 0.78 0.29
9.2 0.651 0.313 0.059 0.033 153.01 3.000 1.07 -1.941 -0.998 0.06 1.01
9.2 0.651 0.313 0.059 0.033 153.01 3.000 1.07 0.969 2.194 1.73 -0.67
9.2 0.651 0.313 0.059 0.033 153.01 3.000 1.07 -2.343 2.170 1.07 -0.00
9.1 -0.068 1.152 0.070 0.022 133.15 3.000 1.30 2.502 1.877 1.17 0.13
9.1 -0.068 1.152 0.070 0.022 133.15 3.000 1.30 -1.419 -1.630 0.10 1.20
9.1 -0.068 1.152 0.070 0.022 133.15 3.000 1.30 -2.950 3.412 0.74 0.56
9.1 -0.068 1.152 0.070 0.022 133.15 3.000 1.30 0.087 -0.011 -2.18 3.48
9.1 -0.068 1.152 0.070 0.022 133.15 3.000 1.30 2.431 -1.774 1.30 -0.00
6.4 1.038 -0.063 0.048 0.042 173.39 3.000 0.87 -0.187 0.223 -1.16 2.03
6.4 1.038 -0.063 0.048 0.042 173.39 3.000 0.87 3.491 -2.932 0.64 0.23
6.4 1.038 -0.063 0.048 0.042 173.39 3.000 0.87 -1.911 1.525 1.52 -0.65
6.4 1.038 -0.063 0.048 0.042 173.39 3.000 0.87 -1.912 -0.429 0.72 0.15
6.4 1.038 -0.063 0.048 0.042 173.39 3.000 0.87 0.229 1.701 0.87 -0.00
6.3 0.981 0.354 0.049 0.032 145.85 3.000 1.22 -0.268 0.024 -1.60 2.82
6.3 0.981 0.354 0.049 0.032 145.85 3.000 1.22 0.019 3.469 -3.16 4.37
6.3 0.981 0.354 0.049 0.032 145.85 3.000 1.22 -1.609 -0.707 0.05 1.16
6.3 0.981 0.354 0.049 0.032 145.85 3.000 1.22 0.012 3.916 0.08 1.14
6.3 0.981 0.354 0.049 0.032 145.85 3.000 1.22 0.366 2.346 0.99 0.23
6.3 0.981 0.354 0.049 0.032 145.85 3.000 1.22 3.634 -2.355 0.73 0.49
6.3 0.981 0.354 0.049 0.032 145.85 3.000 1.22 -1.824 2.379 1.22 -0.00
6.2 1.119 0.426 0.140 0.041 117.70 3.000 0.08 -0.000 3.452 -3.56 3.63
6.2 1.119 0.426 0.140 0.041 117.70 3.000 0.08 -0.120 3.964 0.05 0.03
6.2 1.119 0.426 0.140 0.041 117.70 3.000 0.08 0.152 2.425 0.73 -0.66
6.2 1.119 0.426 0.140 0.041 117.70 3.000 0.08 -1.565 2.563 1.31 -1.23
6.2 1.119 0.426 0.140 0.041 117.70 3.000 0.08 3.873 -2.163 0.72 -0.64
6.2 1.119 0.426 0.140 0.041 117.70 3.000 0.08 -0.404 -0.060 -1.21 1.29
6.2 1.119 0.426 0.140 0.041 117.70 3.000 0.08 -1.375 -0.584 0.08 -0.00
6.1 0.256 1.060 0.070 0.024 139.37 3.000 1.13 2.537 2.530 1.75 -0.63
6.1 0.256 1.060 0.070 0.024 139.37 3.000 1.13 -0.054 -0.061 -2.22 3.35
6.1 0.256 1.060 0.070 0.024 139.37 3.000 1.13 -2.567 3.396 0.84 0.29
6.1 0.256 1.060 0.070 0.024 139.37 3.000 1.13 -1.453 -1.334 -0.16 1.29
6.1 0.256 1.060 0.070 0.024 139.37 3.000 1.13 2.976 -1.637 1.13 0.00
1.6 0.231 1.191 0.078 0.026 143.16 3.000 1.21 2.775 2.339 1.39 -0.17
1.6 0.231 1.191 0.078 0.026 143.16 3.000 1.21 -0.077 -0.107 -2.15 3.36
1.6 0.231 1.191 0.078 0.026 143.16 3.000 1.21 -1.331 -1.311 -0.15 1.37
1.6 0.231 1.191 0.078 0.026 143.16 3.000 1.21 -2.538 3.615 0.84 0.38
1.6 0.231 1.191 0.078 0.026 143.16 3.000 1.21 3.054 -1.375 1.21 0.00
1.5 1.001 0.734 0.186 0.038 122.71 3.000 -0.07 0.028 3.374 -3.28 3.21
1.5 1.001 0.734 0.186 0.038 122.71 3.000 -0.07 0.176 2.886 0.19 -0.26
1.5 1.001 0.734 0.186 0.038 122.71 3.000 -0.07 -1.649 3.136 1.23 -1.30
1.5 1.001 0.734 0.186 0.038 122.71 3.000 -0.07 -0.103 4.326 0.88 -0.95
1.5 1.001 0.734 0.186 0.038 122.71 3.000 -0.07 3.888 -1.711 0.82 -0.89
1.5 1.001 0.734 0.186 0.038 122.71 3.000 -0.07 -0.435 -0.174 -1.19 1.12
1.5 1.001 0.734 0.186 0.038 122.71 3.000 -0.07 -1.202 -0.667 -0.07 0.00
1.4 0.958 0.646 0.060 0.035 149.23 3.000 1.17 -0.353 -0.106 -1.51 2.68
1.4 0.958 0.646 0.060 0.035 149.23 3.000 1.17 -1.352 -0.735 -0.12 1.29
1.4 0.958 0.646 0.060 0.035 149.23 3.000 1.17 0.012 4.250 0.80 0.37
1.4 0.958 0.646 0.060 0.035 149.23 3.000 1.17 0.031 3.396 -3.51 4.68
1.4 0.958 0.646 0.060 0.035 149.23 3.000 1.17 0.257 2.789 0.46 0.71
1.4 0.958 0.646 0.060 0.035 149.23 3.000 1.17 3.773 -1.892 0.80 0.37
1.4 0.958 0.646 0.060 0.035 149.23 3.000 1.17 -1.755 2.938 1.17 -0.00
1.3 0.827 0.813 0.091 0.066 57.97 3.000 0.96 -0.317 -0.136 -1.66 2.62
1.3 0.827 0.813 0.091 0.066 57.97 3.000 0.96 -1.318 -0.835 -0.21 1.17
1.3 0.827 0.813 0.091 0.066 57.97 3.000 0.96 3.692 -1.675 0.88 0.08
1.3 0.827 0.813 0.091 0.066 57.97 3.000 0.96 -1.878 3.215 1.11 -0.15
1.3 0.827 0.813 0.091 0.066 57.97 3.000 0.96 2.178 3.598 0.96 -0.00
1.2 0.990 0.037 0.063 0.055 174.06 3.000 0.90 -0.184 0.178 -1.37 2.26
1.2 0.990 0.037 0.063 0.055 174.06 3.000 0.90 3.472 -2.817 0.66 0.23
1.2 0.990 0.037 0.063 0.055 174.06 3.000 0.90 -1.940 1.736 1.39 -0.49
1.2 0.990 0.037 0.063 0.055 174.06 3.000 0.90 -1.880 -0.560 0.48 0.42
1.2 0.990 0.037 0.063 0.055 174.06 3.000 0.90 0.327 1.843 0.90 0.00
1.1 0.579 0.457 0.030 0.022 23.14 3.000 2.84 -0.059 0.092 -2.05 4.89
1.1 0.579 0.457 0.030 0.022 23.14 3.000 2.84 3.067 -2.443 0.82 2.01
1.1 0.579 0.457 0.030 0.022 23.14 3.000 2.84 -1.859 -1.093 -0.06 2.89
1.1 0.579 0.457 0.030 0.022 23.14 3.000 2.84 1.292 2.377 1.60 1.24
1.1 0.579 0.457 0.030 0.022 23.14 3.000 2.84 -2.387 2.424 1.00 1.84
5.2 0.939 0.770 0.064 0.027 144.03 3.320 0.84 1.701 3.922 4.12 -3.28
5.2 0.939 0.770 0.064 0.027 144.03 3.320 0.84 0.065 4.433 1.31 -0.46
5.2 0.939 0.770 0.064 0.027 144.03 3.320 0.84 -0.370 -0.148 -1.51 2.36
5.2 0.939 0.770 0.064 0.027 144.03 3.320 0.84 -1.298 -0.765 -0.17 1.02
5.2 0.939 0.770 0.064 0.027 144.03 3.320 0.84 -1.768 3.230 1.19 -0.34
5.2 0.939 0.770 0.064 0.027 144.03 3.320 0.84 3.856 -1.719 0.84 0.00
5.1 0.989 0.875 0.044 0.001 64.79 3.320 5.06 -0.479 -0.239 -1.01 6.08
5.1 0.989 0.875 0.044 0.001 64.79 3.320 5.06 -1.108 -0.667 -0.05 5.12
5.1 0.989 0.875 0.044 0.001 64.79 3.320 5.06 3.992 -1.490 0.87 4.20
5.1 0.989 0.875 0.044 0.001 64.79 3.320 5.06 -1.621 3.493 1.31 3.75
5.1 0.989 0.875 0.044 0.001 64.79 3.320 5.06 -0.140 4.517 1.34 3.73
4.2 0.939 0.776 0.064 0.027 144.16 3.320 0.84 1.653 3.952 3.53 -2.68
4.2 0.939 0.776 0.064 0.027 144.16 3.320 0.84 1.860 3.857 3.27 -2.43
4.2 0.939 0.776 0.064 0.027 144.16 3.320 0.84 0.065 4.439 1.32 -0.48
4.2 0.939 0.776 0.064 0.027 144.16 3.320 0.84 -0.373 -0.151 -1.50 2.35
4.2 0.939 0.776 0.064 0.027 144.16 3.320 0.84 -1.291 -0.763 -0.17 1.02
4.2 0.939 0.776 0.064 0.027 144.16 3.320 0.84 -1.764 3.242 1.19 -0.34
4.2 0.939 0.776 0.064 0.027 144.16 3.320 0.84 3.859 -1.708 0.84 -0.00
4.1 0.967 0.861 0.047 0.006 65.34 3.320 2.88 -0.444 -0.214 -1.19 4.07
4.1 0.967 0.861 0.047 0.006 65.34 3.320 2.88 -1.159 -0.702 -0.11 2.99
4.1 0.967 0.861 0.047 0.006 65.34 3.320 2.88 3.952 -1.532 0.87 2.01
4.1 0.967 0.861 0.047 0.006 65.34 3.320 2.88 -1.668 3.444 1.27 1.61
4.1 0.967 0.861 0.047 0.006 65.34 3.320 2.88 -0.057 4.516 1.39 1.49
4.1 0.967 0.861 0.047 0.006 65.34 3.320 2.88 2.012 3.916 2.43 0.45
4.1 0.967 0.861 0.047 0.006 65.34 3.320 2.88 1.588 4.117 2.88 -0.00
2.3 0.934 0.777 0.064 0.027 144.13 3.320 0.85 1.588 3.981 3.13 -2.29
2.3 0.934 0.777 0.064 0.027 144.13 3.320 0.85 1.909 3.833 2.74 -1.90
2.3 0.934 0.777 0.064 0.027 144.13 3.320 0.85 0.080 4.441 1.36 -0.51
2.3 0.934 0.777 0.064 0.027 144.13 3.320 0.85 -0.369 -0.150 -1.52 2.36
2.3 0.934 0.777 0.064 0.027 144.13 3.320 0.85 -1.295 -0.768 -0.18 1.02
2.3 0.934 0.777 0.064 0.027 144.13 3.320 0.85 -1.771 3.243 1.19 -0.34
2.3 0.934 0.777 0.064 0.027 144.13 3.320 0.85 3.853 -1.709 0.85 -0.00
2.2 0.928 0.815 0.087 0.023 90.48 3.320 1.51 -0.382 -0.168 -1.47 2.97
2.2 0.928 0.815 0.087 0.023 90.48 3.320 1.51 3.870 -1.641 0.86 0.65
2.2 0.928 0.815 0.087 0.023 90.48 3.320 1.51 -1.260 -0.763 -0.18 1.69
2.2 0.928 0.815 0.087 0.023 90.48 3.320 1.51 -1.758 3.321 1.20 0.31
2.2 0.928 0.815 0.087 0.023 90.48 3.320 1.51 1.420 4.110 2.65 -1.14
2.2 0.928 0.815 0.087 0.023 90.48 3.320 1.51 2.046 3.813 1.93 -0.42
2.2 0.928 0.815 0.087 0.023 90.48 3.320 1.51 0.098 4.481 1.51 0.00
2.1 0.875 0.788 0.061 0.009 64.82 3.320 2.68 -0.327 -0.131 -1.67 4.36
2.1 0.875 0.788 0.061 0.009 64.82 3.320 2.68 -1.348 -0.827 -0.21 2.89
2.1 0.875 0.788 0.061 0.009 64.82 3.320 2.68 3.777 -1.727 0.86 1.82
2.1 0.875 0.788 0.061 0.009 64.82 3.320 2.68 -1.856 3.233 1.14 1.54
2.1 0.875 0.788 0.061 0.009 64.82 3.320 2.68 0.336 4.432 2.04 0.64
2.1 0.875 0.788 0.061 0.009 64.82 3.320 2.68 2.114 3.701 1.36 1.33
2.1 0.875 0.788 0.061 0.009 64.82 3.320 2.68 1.122 4.179 2.68 0.00
3.2 1.216 -0.361 0.051 0.001 175.97 4.809 5.30 3.720 -3.381 0.58 4.72
3.2 1.216 -0.361 0.051 0.001 175.97 4.809 5.30 -0.192 0.397 -0.48 5.78
3.2 1.216 -0.361 0.051 0.001 175.97 4.809 5.30 -0.005 1.394 0.96 4.34
3.2 1.216 -0.361 0.051 0.001 175.97 4.809 5.30 -2.076 0.465 5.29 0.01
3.1 1.152 -0.331 0.056 0.011 168.81 4.809 2.50 3.640 -3.372 0.59 1.91
3.1 1.152 -0.331 0.056 0.011 168.81 4.809 2.50 -0.154 0.386 -0.64 3.15
3.1 1.152 -0.331 0.056 0.011 168.81 4.809 2.50 0.082 1.428 0.87 1.64
3.1 1.152 -0.331 0.056 0.011 168.81 4.809 2.50 -2.165 0.123 2.23 0.27
3.1 1.152 -0.331 0.056 0.011 168.81 4.809 2.50 -2.131 0.788 2.50 0.00
