#REFERENCE 3 341.3548610 28.1458110
   #ID       X         Y         R       EPS       TAU       AMP       E_AMP      DMAG  TIME[days]  DTIME    PARITY
   1.1    -1.415     0.362     1.461     1.000   100.000    83.444  1560.900      4.80      -9.8       0.0    +-
   1.1    -0.650    -1.372     1.519     0.999    21.938   178.993  1371.491      5.63     -11.9      -2.2    +-
   1.1     1.820     1.132     2.143     0.999    19.238    39.376   750.705      3.99     -54.6     -44.8    ++
   1.1    -0.157    -0.076     0.174     0.998    18.050     2.836     5.456      1.13       2.4      12.2    --
   1.1    -0.846    -1.266     1.523     0.004     0.004   708.469  9950.331      7.13     -11.9      -2.1    ++
   1.2    -1.429     0.294     1.459     1.000   106.675    78.170   685.570      4.73      -9.5       0.3    +-
   1.2    -0.878    -1.229     1.510     0.999    24.103   323.688  3132.491      6.28     -11.2      -1.4    ++
   1.2     1.819     1.151     2.152     0.999    23.379    17.417   263.451      3.10     -55.4     -45.6    ++
   1.2    -0.160    -0.083     0.180     0.998    18.057     2.857     5.479      1.14       2.5      12.3    --
   1.2    -0.684    -1.342     1.506     0.003     0.003   374.560  2053.408      6.43     -11.2      -1.4    +-
   2.1    -0.099    -1.513     1.516     0.998    17.926    15.461    28.649      2.97     -12.9       0.0    +-
   2.1    -1.444     0.466     1.517     0.998    17.886    60.221   433.095      4.45     -12.9      -0.0    +-
   2.1    -0.121    -0.083     0.147     0.960     3.429     2.724     5.320      1.09       1.8      14.6    --
   2.1     1.740     1.182     2.104     0.807     1.366    23.930   319.458      3.45     -51.6     -38.7    ++
   2.1    -1.302    -0.877     1.570     0.001     0.001    14.267    16.295      2.89     -14.5      -1.6    ++
   2.2    -1.305    -0.883     1.576     0.998    17.231    13.985    16.360      2.86     -14.8      -2.0    ++
   2.2    -1.437     0.494     1.520     0.997    11.954    81.208  1019.745      4.77     -13.1      -0.3    +-
   2.2     1.737     1.178     2.099     0.986     6.015    16.917   143.877      3.07     -51.2     -38.3    ++
   2.2    -0.119    -0.081     0.144     0.949     3.016     2.714     5.309      1.08       1.7      14.6    --
   2.2    -0.073    -1.518     1.520     0.000     0.000    15.395    29.234      2.97     -13.1      -0.2    +-
   1.3    -1.717    -1.763     2.461     0.992     7.884     3.767     1.514      1.44     -80.4       0.0    ++
