#REFERENCE 3 341.3548610 28.1458110
1.1 0.209 0.115 0.048 0.001 57.18 4.500 5.02 -1.415 0.362 2.69 2.33
1.1 0.209 0.115 0.048 0.001 57.18 4.500 5.02 -0.650 -1.372 4.92 0.10
1.1 0.209 0.115 0.048 0.001 57.18 4.500 5.02 1.820 1.132 1.65 3.37
1.1 0.209 0.115 0.048 0.001 57.18 4.500 5.02 -0.157 -0.076 -0.10 5.12
1.1 0.209 0.115 0.048 0.001 57.18 4.500 5.02 -0.846 -1.266 5.03 -0.00
1.2 0.214 0.123 0.052 0.001 64.14 4.500 4.96 -1.429 0.294 2.81 2.15
1.2 0.214 0.123 0.052 0.001 64.14 4.500 4.96 -0.878 -1.229 5.07 -0.12
1.2 0.214 0.123 0.052 0.001 64.14 4.500 4.96 1.819 1.151 1.64 3.32
1.2 0.214 0.123 0.052 0.001 64.14 4.500 4.96 -0.160 -0.083 -0.09 5.04
1.2 0.214 0.123 0.052 0.001 64.14 4.500 4.96 -0.684 -1.342 4.96 -0.00
2.1 0.170 0.116 0.064 0.006 33.96 4.500 3.33 -0.099 -1.513 2.72 0.61
2.1 0.170 0.116 0.064 0.006 33.96 4.500 3.33 -1.444 0.466 2.73 0.60
2.1 0.170 0.116 0.064 0.006 33.96 4.500 3.33 -0.121 -0.083 -0.16 3.50
2.1 0.170 0.116 0.064 0.006 33.96 4.500 3.33 1.740 1.182 1.71 1.63
2.1 0.170 0.116 0.064 0.006 33.96 4.500 3.33 -1.302 -0.877 3.33 0.00
2.2 0.167 0.113 0.067 0.013 88.54 4.500 2.69 -1.305 -0.883 3.29 -0.60
2.2 0.167 0.113 0.067 0.013 88.54 4.500 2.69 -1.437 0.494 2.69 -0.00
2.2 0.167 0.113 0.067 0.013 88.54 4.500 2.69 1.737 1.178 1.71 0.98
2.2 0.167 0.113 0.067 0.013 88.54 4.500 2.69 -0.119 -0.081 -0.17 2.86
2.2 0.167 0.113 0.067 0.013 88.54 4.500 2.69 -0.073 -1.518 2.69 0.00
1.3 -0.318 -0.417 0.047 0.006 163.74 4.500 3.28 -1.717 -1.763 1.32 1.96
