#REFERENCE 0 341.3548610 28.1458110
1.1 341.3553069 28.1459117 0.347552 0.001738 77.81021 4.5000 2.33 
1.1 341.3550659 28.1454298 0.455301 0.010372 146.84106 4.5000 0.10 
1.1 341.3542878 28.1461253 0.094630 0.002458 88.75884 4.5000 3.37 
1.1 341.3549104 28.1457899 0.040888 0.001132 64.95726 4.5000 5.12 
1.1 341.3551274 28.1454592 0.072259 0.071998 137.29104 4.5000 -0.00 
1.2 341.3553112 28.1458927 0.429418 0.002013 79.29852 4.5000 2.15 
1.2 341.3551376 28.1454697 0.578994 0.012006 137.70836 4.5000 -0.12 
1.2 341.3542880 28.1461306 0.117197 0.002505 95.69836 4.5000 3.32 
1.2 341.3549113 28.1457878 0.046555 0.001288 73.23190 4.5000 5.04 
1.2 341.3550764 28.1454383 0.079189 0.078940 3.14920 4.5000 -0.00 
2.1 341.3548920 28.1453908 0.420325 0.011715 169.74001 4.5000 0.61 
2.1 341.3553158 28.1459404 0.421573 0.011776 78.70546 4.5000 0.60 
2.1 341.3548993 28.1457880 0.049178 0.007024 33.88592 4.5000 3.50 
2.1 341.3543127 28.1461392 0.076885 0.025127 33.38150 4.5000 1.63 
2.1 341.3552711 28.1455674 0.093021 0.092970 173.54717 4.5000 0.00 
2.2 341.3552721 28.1455657 0.790259 0.022911 120.18646 4.5000 -0.60 
2.2 341.3553138 28.1459481 0.499825 0.020869 66.15067 4.5000 -0.00 
2.2 341.3543138 28.1461382 0.226560 0.018705 112.69617 4.5000 0.98 
2.2 341.3548985 28.1457886 0.068060 0.010990 98.67902 4.5000 2.86 
2.2 341.3548839 28.1453894 0.102009 0.101981 124.45176 4.5000 0.00 
1.3 341.3554019 28.1453212 0.127732 0.008069 146.78123 4.5000 1.96 
