1 -3636.073525 0.674494 67.172157 11.501133 245.840459 0.040906 60.751586 0.000000
1 -3636.299609 0.361979 -83.543340 7.762373 453.533786 0.329630 -56.189681 0.000000
1 -3636.074356 0.344969 40.654306 11.003386 296.995567 0.148213 -87.327101 0.000000
1 -3636.073018 0.353562 -25.147389 9.151201 231.165830 0.588005 78.181176 0.000000
1 -3636.071819 0.290659 -9.533463 11.325118 96.041861 0.934746 28.448115 0.000000
1 -3636.077578 0.086662 50.483011 5.738456 97.914004 1.143153 35.504096 0.000000
1 -3636.086408 0.040767 87.161705 7.278915 218.570126 0.695377 -17.516544 0.000000
1 -3636.110077 0.238712 59.559422 12.506019 215.913189 0.981005 -38.234694 0.000000
1 -3636.072138 0.236102 58.009833 9.240055 115.451529 0.644334 -52.775946 0.000000
1 -3636.079771 0.551488 6.960593 11.404190 393.316217 0.036244 61.690764 0.000000
1 -137.539726 0.259484 49.417990 0.242020 433.431812 0.256567 25.703550 -3.024652
1 -1814.095816 0.695452 35.804786 4.587181 430.656548 0.453490 -69.368318 -3.024652
1 -3636.075861 0.066360 14.589192 12.025899 354.667928 0.387400 -58.090872 -3.024652
1 -3636.074000 0.532689 -51.802844 7.086563 361.259156 0.457275 52.241142 -3.024652
1 -3637.322259 0.563644 53.760744 12.636635 314.527029 0.950888 11.443711 -3.024652
1 -3639.547253 0.127330 59.594653 5.923364 124.878524 1.086932 31.329424 -3.024652
1 -1814.781223 0.624302 -13.067943 2.134547 334.055109 0.279006 -68.678740 -3.024652
1 -2377.367573 0.484249 6.482403 1.809476 384.095607 0.826446 -20.357318 -3.024652
1 -1860.573149 0.796253 -45.126269 0.185377 344.039401 0.099014 33.494320 -3.024652
1 -3636.071856 0.068531 -87.943655 8.271584 44.029263 0.959031 -64.907296 -3.024652
1 -78.714926 0.147664 21.208088 0.245220 386.553487 0.209120 54.155546 -3.581434
1 -4.347340 0.530929 78.004847 0.885231 350.600210 0.124673 89.098670 -3.581434
1 -7.294859 0.767383 36.039956 0.602655 358.767741 0.018480 -73.437191 -3.581434
1 -1851.307054 0.676883 -81.707988 1.901452 370.318256 0.159623 34.384046 -3.581434
1 -3636.642291 0.662701 89.194719 5.036561 342.711966 0.153231 -45.452329 -3.581434
1 -3636.135554 0.020759 24.790978 11.604885 145.833745 1.080364 -42.202927 -3.581434
1 -42.214017 0.632167 -14.365013 0.364301 317.902246 0.537596 -70.891210 -3.581434
1 -3636.071816 0.041214 88.332558 11.433301 25.613989 0.786705 -48.438839 -3.581434
1 -1931.884152 0.268457 -68.094658 2.480321 411.348423 0.321529 88.312395 -3.581434
1 -3636.073560 0.655951 -87.370479 5.833002 198.603465 0.955907 72.633527 -3.581434
1 -16.326928 0.144709 24.239083 0.743975 345.149663 0.093509 50.093565 -3.882739
1 -3.571563 0.560674 84.319923 0.771099 344.685535 0.109521 79.723558 -3.882739
1 -2.418166 0.788887 41.598396 0.463722 309.847356 0.057397 -75.607250 -3.882739
1 -3636.115717 0.505831 65.111873 3.768788 143.094704 0.403954 -26.440727 -3.882739
1 -1809.787219 0.205528 72.180171 4.271045 159.011595 1.045760 -36.089214 -3.882739
1 -2.524376 0.643799 20.232253 1.139839 305.359867 0.328235 -33.290688 -3.882739
1 -40.526445 0.656687 3.678546 0.886838 345.382934 0.440131 -60.874392 -3.882739
1 -3636.072277 0.575134 -50.311385 4.718155 135.600478 0.108674 -13.782615 -3.882739
1 -2014.959133 0.312683 -47.847306 1.113599 381.268501 0.540286 -73.866716 -3.882739
1 -3636.615269 0.156275 -34.085407 3.062372 360.899618 1.118521 -11.100253 -3.882739
1 -2010.495561 0.431301 -0.041283 0.145159 411.535469 0.018803 -30.193583 -4.058820
1 -13.361446 0.722406 39.659409 0.298705 347.526975 0.085775 -45.672001 -4.058820
1 -38.509937 0.381364 11.215103 0.392202 380.706939 0.065572 79.882405 -4.058820
1 -3637.585594 0.114052 77.294578 1.731550 281.320359 0.751466 45.211329 -4.058820
1 -7.103906 0.044259 40.461631 0.566970 301.939187 0.092166 -87.904125 -4.058820
1 -7.449386 0.594461 15.736948 0.787109 328.630668 0.287160 -26.243174 -4.058820
1 -120.341919 0.608137 10.274377 0.064170 360.672804 0.461278 86.894254 -4.058820
1 -3636.074380 0.391998 -56.255851 2.180248 79.922063 0.059546 -51.253705 -4.058820
1 -57.386561 0.191345 62.741106 3.648417 490.392212 0.025301 -42.522475 -4.058820
1 -5.823309 0.203807 11.074808 0.272232 141.388431 0.939706 -52.870973 -4.058820
1 -19.663640 0.392493 16.916592 0.188288 198.298260 0.818726 -58.835209 -4.096905
1 -2.835853 0.731202 32.093235 1.151113 309.566102 0.237568 -55.768770 -4.096905
1 -37.049903 0.386544 5.022912 0.296103 372.180621 0.044109 77.163210 -4.096905
1 -28.310737 0.280927 -47.908891 0.608030 333.353834 0.021720 16.474551 -4.096905
1 -13.945178 0.600572 42.407651 0.897952 378.435032 0.260111 52.452625 -4.096905
1 -7.722994 0.607945 0.720299 0.705881 298.269989 0.378576 -49.221447 -4.096905
1 -122.328397 0.729588 7.820827 1.025060 423.651153 0.640467 -54.844517 -4.096905
1 -1855.688430 0.118877 29.771369 1.179927 497.622999 0.621499 -67.253310 -4.096905
1 -25.930992 0.245139 -4.569610 0.335806 355.745839 0.808946 77.271893 -4.096905
1 -82.195135 0.002700 17.854631 0.151817 249.999623 0.821283 -46.791749 -4.096905
1 -35.422776 0.530423 29.259177 0.525341 242.165266 0.726141 -18.586761 -4.143603
1 -268.242202 0.405629 28.982869 0.486479 377.790872 0.705422 -40.771366 -4.143603
1 -24.326603 0.380530 13.995924 0.290908 352.551783 0.048386 81.322958 -4.143603
1 -23.177341 0.147035 -44.549137 0.614035 402.021313 0.530800 71.028435 -4.143603
1 -85.339268 0.009033 40.659558 0.325490 361.789099 0.363733 67.213183 -4.143603
1 -1.946839 0.468996 3.056845 0.514934 267.986926 0.338590 -35.840445 -4.143603
1 -39.821642 0.578132 -14.532245 0.415758 446.611618 0.929431 -76.479041 -4.143603
1 -226.766032 0.773219 25.835540 1.032025 476.241305 0.694950 -38.894749 -4.143603
1 -69.618149 0.324052 4.539210 0.087993 249.214655 0.788041 -74.148131 -4.143603
1 -1809.579595 0.675125 6.514472 0.944730 233.279310 0.660520 -68.053095 -4.143603
1 -159.530222 0.448562 -12.706705 2.120112 395.031761 0.270865 37.879295 -4.201213
1 -178.565678 0.483583 13.888767 0.162552 390.919904 0.565603 -46.488979 -4.201213
1 -91.233614 0.541352 36.849352 2.151734 397.463226 0.445550 65.772900 -4.201213
1 -58.466084 0.011850 -49.909639 0.229737 353.202536 0.487925 59.899710 -4.201213
1 -48.079826 0.070759 47.260769 0.629454 355.985023 0.318482 75.603476 -4.201213
1 -1.708948 0.516005 2.120878 0.339485 242.130943 0.428920 -35.700784 -4.201213
1 -48.643182 0.556840 -16.591103 0.402424 453.415205 0.924200 -70.871348 -4.201213
1 -141.658673 0.774929 24.938854 1.462080 496.318786 0.598940 -28.223472 -4.201213
1 -5.206793 0.537345 72.411438 0.654765 463.994487 0.974260 36.616539 -4.201213
1 -2271.136442 0.347320 37.219678 2.872768 377.036730 0.787346 -18.161356 -4.201213
1 -16.266393 0.566914 8.652926 0.728388 344.291587 0.062760 65.139415 -4.281008
1 -51.073675 0.217978 2.776311 0.252957 292.464867 0.640642 -68.483789 -4.281008
1 -63.729972 0.461258 40.881157 1.665963 397.842005 0.299647 78.347374 -4.281008
1 -324.872067 0.247881 59.999646 0.166350 442.941171 0.524682 51.674223 -4.281008
1 -49.284491 0.037408 57.034265 0.233434 345.848301 0.354930 -83.777091 -4.281008
1 -3.635511 0.474196 2.101458 0.517552 259.653968 0.492086 -43.986996 -4.281008
1 -22.825483 0.792371 -24.955944 0.496414 351.988379 0.485928 -52.223229 -4.281008
1 -73.215760 0.078546 15.877324 0.366548 489.302798 0.277614 7.869861 -4.281008
1 -3636.071832 0.463319 -28.900317 11.540735 147.075297 0.128304 -71.676196 -4.281008
1 -3.218641 0.384601 74.542948 1.040059 449.336584 0.857932 48.835498 -4.281008
1 -23.200040 0.533632 -8.532187 0.679717 348.247460 0.025317 61.438203 -4.291097
1 -15.755113 0.357298 -80.891232 0.069911 239.526012 0.689425 -59.491974 -4.291097
1 -132.458037 0.429198 54.272847 0.191587 403.785811 0.419756 58.275948 -4.291097
1 -36.299633 0.252506 63.887505 0.230975 449.254521 0.460652 40.506381 -4.291097
1 -67.315987 0.747666 74.034689 1.095348 392.283543 0.668693 -78.439700 -4.291097
1 -4.861919 0.390330 1.582101 0.403560 247.652980 0.458640 -55.980151 -4.291097
1 -138.227711 0.577021 79.338610 1.120836 357.985086 0.422951 55.326380 -4.291097
1 -76.325910 0.052681 10.160862 0.343241 482.898861 0.221728 -4.615423 -4.291097
1 -19.421410 0.529482 6.872871 0.364756 491.077509 1.024816 44.669582 -4.291097
1 -4.025599 0.287306 -82.119383 0.592676 444.202951 0.843770 45.053032 -4.291097
1 -85.097380 0.356188 -43.423698 0.914242 308.797488 0.145792 36.896329 -4.304707
1 -6.319462 0.359293 -78.384685 0.006757 202.310723 0.718153 -58.561462 -4.304707
1 -4.152044 0.453816 86.274200 0.218836 356.108321 0.674950 48.120466 -4.304707
1 -33.746883 0.378956 -5.082663 0.305830 473.858879 1.041829 78.567430 -4.304707
1 -62.404260 0.794492 71.969181 1.151523 404.524285 0.654316 -86.851749 -4.304707
1 -37.880582 0.510324 -42.576679 0.269652 231.916821 0.788271 -28.348479 -4.304707
1 -70.360089 0.673043 60.123371 0.768436 388.978794 0.488683 53.293596 -4.304707
1 -193.531440 0.074018 9.782372 0.396781 479.626327 0.224675 -3.904631 -4.304707
1 -49.433700 0.538726 57.696541 0.377381 325.754808 0.522122 -49.652286 -4.304707
1 -9.567357 0.296415 -79.654744 0.563753 460.841262 0.705554 48.098863 -4.304707
1 -106.272109 0.306467 -22.503608 1.765854 375.991370 0.179401 29.213931 -4.327583
1 -129.320133 0.320362 89.863123 0.057235 222.439731 0.931401 -51.410373 -4.327583
1 -22.188060 0.487583 71.220135 0.724677 378.421681 0.642646 68.210203 -4.327583
1 -29.976764 0.360517 -32.058501 0.302181 474.221588 0.949287 76.342390 -4.327583
1 -94.129658 0.786563 56.548465 0.706011 386.426126 0.672478 81.648058 -4.327583
1 -105.775114 0.517144 -41.727064 0.265898 261.552686 0.794000 -21.280601 -4.327583
1 -4.637113 0.168476 -29.492113 0.557700 342.330807 0.208266 -7.427803 -4.327583
1 -99.760789 0.748178 -24.424223 0.301260 461.124143 0.103958 -12.284870 -4.327583
1 -44.724845 0.513067 -27.663404 0.293855 483.151186 0.334230 41.333613 -4.327583
1 -314.763077 0.195119 -89.444394 0.203955 478.309277 0.433902 76.526339 -4.327583
1 -72.736772 0.335706 -21.977710 2.463800 380.183487 0.173018 24.489307 -4.349772
1 -68.926104 0.755195 22.697415 0.159938 285.361076 0.744313 -46.537598 -4.349772
1 -23.107998 0.521429 79.090561 0.774907 371.195214 0.672454 74.127302 -4.349772
1 -18.310235 0.208285 -40.422719 0.187957 485.574956 0.857876 44.379186 -4.349772
1 -7.961391 0.062007 49.450625 0.576766 415.205230 0.624414 45.618534 -4.349772
1 -117.869365 0.519607 -43.324603 0.295690 270.592818 0.774824 -18.301779 -4.349772
1 -64.010902 0.341365 -27.712371 0.711362 362.313336 0.176579 14.161221 -4.349772
1 -366.959462 0.317530 72.234435 0.080913 462.387715 0.533039 -58.430704 -4.349772
1 -85.093837 0.545878 -13.237287 0.501125 378.325538 0.295656 16.119105 -4.349772
1 -74.097724 0.076621 -64.332348 0.565854 362.813357 0.318062 62.240066 -4.349772
1 -69.895627 0.342668 -21.799672 2.467218 379.825169 0.163521 24.635986 -4.372072
1 -28.825456 0.042013 20.594825 0.553453 272.376555 0.631931 -59.490248 -4.372072
1 -36.930086 0.422843 -87.207596 0.185213 430.780456 0.792273 73.098319 -4.372072
1 -7.415423 0.073405 -66.604663 0.307599 408.727619 0.870445 49.191998 -4.372072
1 -67.567814 0.036069 63.904621 0.419390 416.732691 0.068769 81.945699 -4.372072
1 -27.691654 0.593019 -17.449554 0.375015 256.194850 0.743340 -48.711305 -4.372072
1 -12.228272 0.358547 -73.023837 0.365795 436.516030 0.373046 34.738992 -4.372072
1 -454.369633 0.405616 84.789096 0.249238 428.003429 0.542536 -63.666128 -4.372072
1 -18.942903 0.503987 6.019319 0.672581 351.569512 0.160426 20.852498 -4.372072
1 -12.661120 0.795463 -59.930061 0.389669 420.803697 0.338289 78.817096 -4.372072
1 -67.858244 0.542155 -4.243718 2.419175 399.280858 0.204051 26.510626 -4.388901
1 -16.380952 0.166331 -17.398310 0.605431 278.366884 0.633074 -55.903722 -4.388901
1 -288.489701 0.399629 -31.292029 0.269025 380.920245 0.721891 -54.224923 -4.388901
1 -7.618701 0.791287 -21.203565 0.864411 322.198303 0.648747 -35.809769 -4.388901
1 -58.460602 0.060176 62.647295 0.446423 416.824255 0.034984 81.946627 -4.388901
1 -43.604751 0.456249 -25.095107 0.407026 231.586429 0.847105 -48.589570 -4.388901
1 -2.577265 0.373810 -69.605738 0.858405 420.078262 0.497338 36.023855 -4.388901
1 -30.363734 0.394373 -70.097546 0.242851 434.751136 0.328990 48.471156 -4.388901
1 -30.047036 0.155985 83.284678 0.528357 266.112197 0.378377 -20.442013 -4.388901
1 -11.144080 0.785382 -40.130862 0.635697 418.302061 0.237362 82.279409 -4.388901
1 -42.341606 0.552494 28.582664 2.230743 426.228066 0.220170 0.215459 -4.398385
1 -27.864871 0.109635 -30.262085 0.511979 231.541321 0.556674 -10.785800 -4.398385
1 -18.681128 0.596175 -58.329836 0.472735 370.634305 0.917755 85.259264 -4.398385
1 -38.072674 0.148594 -22.257626 1.290942 345.658491 0.664499 -41.395214 -4.398385
1 -16.691145 0.788912 89.134615 0.259165 419.012168 0.219714 79.132514 -4.398385
1 -4.000834 0.114578 51.825162 0.396159 148.441844 0.846529 -36.266806 -4.398385
1 -16.158494 0.197527 11.955406 0.274319 445.322867 0.609983 30.201570 -4.398385
1 -24.521165 0.340195 -74.802133 0.324795 482.971670 0.485986 41.376104 -4.398385
1 -33.250754 0.039450 80.813067 0.738722 361.081387 0.105027 37.046606 -4.398385
1 -93.412766 0.789339 -30.388714 1.046010 402.382517 0.052968 -80.621571 -4.398385
1 -29.264581 0.496100 -8.886374 0.556626 353.966121 0.048440 65.314972 -4.414650
1 -17.146769 0.784037 -57.147472 0.518704 233.485287 0.860429 -57.565565 -4.414650
1 -22.510711 0.564698 -48.355479 0.224754 346.312588 1.048738 86.747055 -4.414650
1 -46.766993 0.155273 -35.834900 1.443531 364.775231 0.639569 -53.857435 -4.414650
1 -40.441721 0.766604 15.692379 0.176136 209.119256 0.874924 -62.475705 -4.414650
1 -30.036061 0.765807 83.410645 0.184779 165.813940 0.862750 -5.547731 -4.414650
1 -3.775472 0.257234 -22.296356 0.866432 423.449203 0.657345 38.068006 -4.414650
1 -71.262190 0.684334 54.230246 0.278911 398.287072 0.445987 44.185812 -4.414650
1 -122.287287 0.696753 63.280214 0.756613 386.875274 0.434045 -23.400665 -4.414650
1 -38.438387 0.503266 41.140069 0.298380 190.741380 0.885393 -75.803746 -4.414650
1 -19.730282 0.299716 -64.788702 0.120283 245.854322 0.671749 -67.285687 -4.438226
1 -6.255601 0.276983 -36.314617 0.126621 132.702358 0.968159 -55.249312 -4.438226
1 -18.713005 0.568808 -46.450853 0.224242 357.136170 1.115597 80.082950 -4.438226
1 -69.229744 0.187188 -41.748434 1.456783 366.177931 0.708660 -52.512993 -4.438226
1 -33.098360 0.708311 11.427040 0.165463 175.925232 0.947951 -27.142071 -4.438226
1 -17.178742 0.393485 -49.202450 0.369227 461.447519 1.185397 72.510974 -4.438226
1 -43.372367 0.181518 31.424447 0.286897 391.211223 0.869790 -89.387981 -4.438226
1 -39.565283 0.187229 60.169819 0.265276 477.640840 0.610584 49.225683 -4.438226
1 -84.988729 0.137568 -8.906109 0.242681 422.018782 0.089320 -81.251871 -4.438226
1 -42.427414 0.649068 5.624335 0.527252 409.479409 0.110492 24.140139 -4.438226
1 -57.626365 0.235051 17.278048 0.438079 285.465213 0.480489 80.324210 -4.468184
1 -3.990004 0.207796 -49.190528 0.051403 172.665420 0.795834 -39.047852 -4.468184
1 -20.917254 0.562302 -37.268590 0.215428 369.992431 1.055790 83.326928 -4.468184
1 -52.861006 0.227619 -46.116658 1.456149 368.470801 0.664834 -54.100812 -4.468184
1 -7.887448 0.661624 42.436669 0.801512 163.683095 0.846852 -24.755323 -4.468184
1 -160.693409 0.787390 -43.282368 0.321164 329.661699 0.584660 -66.316506 -4.468184
1 -28.911129 0.151002 33.695988 0.386003 391.483036 0.841065 75.143095 -4.468184
1 -37.467650 0.420442 88.491726 0.192183 382.953655 0.902243 82.487286 -4.468184
1 -71.588916 0.117679 -17.022471 0.301849 404.562965 0.156847 -76.151350 -4.468184
1 -62.900388 0.737341 74.270326 0.639199 313.968272 0.445221 3.489971 -4.468184
1 -34.107228 0.181070 83.169547 0.806797 338.948310 0.469144 -85.254813 -4.495375
1 -10.755327 0.379096 -50.313315 0.094957 126.456466 0.809855 -30.265071 -4.495375
1 -8.973478 0.536137 -75.628718 0.198797 359.272388 0.971074 60.750212 -4.495375
1 -36.743405 0.590089 55.641667 0.674040 470.463936 0.989109 -3.460623 -4.495375
1 -20.564079 0.457912 30.690748 0.506861 269.527036 0.485014 -79.427964 -4.495375
1 -97.973949 0.767699 46.142292 1.140313 461.114631 0.502470 -58.544290 -4.495375
1 -41.440552 0.007171 42.153995 0.292530 419.098622 1.048701 -88.379973 -4.495375
1 -44.168280 0.573936 78.037866 0.494998 493.197410 0.647957 -4.336881 -4.495375
1 -5.800626 0.349307 -72.335230 0.323992 450.338169 1.134482 51.988011 -4.495375
1 -133.266352 0.549062 62.345812 1.103493 372.421556 0.460358 10.602250 -4.495375
1 -5.633931 0.309890 -45.199114 0.643490 291.135873 0.429664 -52.260637 -4.529749
1 -36.837933 0.698900 84.772736 0.222232 186.691192 0.631875 13.434669 -4.529749
1 -13.053325 0.444283 -88.145161 0.283324 430.020179 1.067074 64.284431 -4.529749
1 -52.004835 0.715690 56.445332 0.687215 441.054153 1.032525 87.042149 -4.529749
1 -7.487453 0.749487 17.823007 0.521630 266.168408 0.486097 -59.697795 -4.529749
1 -4.752614 0.536855 29.333522 0.956149 407.033335 0.543173 25.409853 -4.529749
1 -2.760092 0.667483 61.343561 0.619233 436.084497 1.014919 40.771220 -4.529749
1 -48.130333 0.565816 69.153832 0.412972 490.513004 0.663852 3.093364 -4.529749
1 -27.044643 0.357767 22.189249 0.383038 392.062850 1.065269 75.761240 -4.529749
1 -73.081792 0.362401 48.574755 0.462326 383.444380 0.371468 -55.852088 -4.529749
1 -2.632002 0.434497 -19.960108 1.355814 332.507112 0.405834 -32.763302 -4.555758
1 -28.694590 0.697550 85.182416 0.523570 172.448226 0.619950 8.754033 -4.555758
1 -35.816748 0.756139 13.639765 0.456385 469.668378 0.794099 55.757518 -4.555758
1 -11.772977 0.721583 -86.833851 0.657081 453.086878 0.895463 70.676209 -4.555758
1 -9.626200 0.201065 -52.286135 0.656574 253.370250 0.502837 -39.727148 -4.555758
1 -9.413843 0.276007 -14.664944 1.764053 376.660623 0.415815 -37.795670 -4.555758
1 -19.295414 0.714536 65.506285 0.407883 442.932493 0.954930 19.454041 -4.555758
1 -45.905134 0.557358 70.016252 0.315435 488.167129 0.670288 6.932466 -4.555758
1 -18.277446 0.298061 59.086569 0.445676 357.489890 0.734790 62.052421 -4.555758
1 -9.512231 0.333347 -38.952630 0.890039 283.842464 0.533029 -54.307638 -4.555758
1 -241.611071 0.439170 80.113484 0.309824 470.826931 0.565460 -51.696205 -4.625811
1 -42.010897 0.702095 -27.378724 0.406271 123.097746 0.776852 35.433558 -4.625811
1 -48.929173 0.530902 -74.000855 0.253046 139.284809 1.001055 -12.606517 -4.625811
1 -47.932978 0.393589 62.791822 0.595949 306.187524 0.694048 -62.629213 -4.625811
1 -7.445311 0.305633 81.956705 0.709254 282.737197 0.541211 -56.895871 -4.625811
1 -11.063472 0.266460 -23.243268 1.742626 374.295409 0.450990 -40.884455 -4.625811
1 -23.002647 0.686997 56.620854 0.519969 463.048402 1.034871 16.069905 -4.625811
1 -48.735116 0.506093 80.451599 0.432197 467.027237 0.588788 -12.389304 -4.625811
1 -5.209220 0.536865 43.254526 0.699800 469.697282 1.188107 45.682068 -4.625811
1 -47.673285 0.380890 -78.396258 0.610894 263.174847 0.625012 -15.725218 -4.625811
1 -6.684915 0.779534 -33.262746 0.535472 468.835934 0.529832 15.984136 -4.662508
1 -21.449315 0.305258 9.014199 0.144980 238.401143 0.705555 -40.063412 -4.662508
1 -15.979781 0.472996 -81.945895 0.134899 103.556996 0.994684 -15.255794 -4.662508
1 -31.510977 0.681578 60.713109 0.201227 252.045298 0.721040 -40.455073 -4.662508
1 -13.653725 0.345824 -82.465661 1.398118 303.000297 0.531803 -70.177111 -4.662508
1 -57.736441 0.348167 69.623882 0.367048 230.172239 0.433033 36.303488 -4.662508
1 -3.318769 0.781223 53.203750 1.048889 473.431867 1.024963 40.431294 -4.662508
1 -78.041720 0.517222 58.662376 0.463898 496.645592 0.578319 -8.108812 -4.662508
1 -2.170079 0.518187 50.113889 0.641105 445.077988 1.173536 38.394226 -4.662508
1 -57.990279 0.360731 -77.324657 0.605766 272.069267 0.574836 -18.381659 -4.662508
1 -6.655190 0.756244 -33.677304 0.495422 448.379027 0.501556 10.087016 -4.695068
1 -30.343467 0.734558 64.652029 0.844750 437.342244 1.045477 76.095101 -4.695068
1 -20.345368 0.754670 -45.624590 0.612713 368.930036 0.364603 -81.329667 -4.695068
1 -28.244489 0.093499 -52.470654 0.179642 95.394544 1.050142 -9.331312 -4.695068
1 -45.104557 0.249050 36.580638 0.121895 293.486098 0.558781 -61.104664 -4.695068
1 -12.471211 0.458020 24.069305 0.404140 294.265897 0.408674 -55.217706 -4.695068
1 -20.880734 0.670734 35.493826 1.717906 438.715084 0.159683 -39.582201 -4.695068
1 -6.325694 0.066758 -17.343110 0.838709 435.360001 0.929485 51.600449 -4.695068
1 -3.870202 0.376715 73.065404 0.330571 434.080530 1.125061 31.071871 -4.695068
1 -63.817520 0.178732 -88.791573 0.182931 212.985598 0.744290 -4.864008 -4.695068
1 -2.932682 0.694117 -42.098330 0.600646 422.464017 0.442470 28.710055 -4.721835
1 -52.135303 0.722829 69.594696 0.958746 420.575982 1.031072 -83.468172 -4.721835
1 -11.076330 0.792814 -51.263525 0.669256 386.026159 0.305652 -87.381724 -4.721835
1 -13.262138 0.208260 25.927101 0.520793 464.761460 1.019266 52.615903 -4.721835
1 -20.418768 0.429345 -26.294521 0.643108 288.148990 0.663749 -55.692255 -4.721835
1 -38.510504 0.062101 -85.356705 0.454439 215.550698 0.746041 -11.013912 -4.721835
1 -16.342413 0.689022 37.328098 1.788939 444.916358 0.188106 -30.496543 -4.721835
1 -6.968494 0.000078 -14.954774 0.725669 430.117754 0.995027 54.067308 -4.721835
1 -4.886992 0.581461 -79.670827 0.401902 492.731076 1.076115 32.526783 -4.721835
1 -31.102549 0.031888 81.529566 0.073664 135.266617 0.882691 2.904505 -4.721835
1 -112.950278 0.132951 48.385341 0.495609 349.620108 0.430964 87.732088 -4.772850
1 -22.588047 0.014195 -10.850456 0.454378 417.004396 1.024526 75.024411 -4.772850
1 -45.500297 0.771308 -18.559573 0.402207 394.333621 0.217969 -71.059226 -4.772850
1 -4.945895 0.260256 -5.368701 0.245590 442.339531 1.037368 29.527257 -4.772850
1 -58.089835 0.474707 -30.112431 0.455034 298.009378 0.718858 -68.450423 -4.772850
1 -73.441595 0.790738 84.364622 1.090166 384.376213 0.746580 -68.244489 -4.772850
1 -17.278085 0.691517 37.810684 1.551309 430.866824 0.215018 -34.089447 -4.772850
1 -8.538484 0.211592 62.811798 0.295936 463.915446 1.005104 42.175193 -4.772850
1 -7.850530 0.706728 -78.538201 0.324445 470.946595 0.885902 18.165107 -4.772850
1 -6.878812 0.004838 -68.750505 0.600999 149.054867 0.906324 -70.127673 -4.772850
1 -37.678807 0.092320 50.599164 0.531689 331.107438 0.321375 72.817639 -4.808456
1 -26.009598 0.745428 -67.524793 0.272509 409.130052 1.055864 89.018407 -4.808456
1 -19.509921 0.232130 30.877228 0.460168 499.051898 0.956680 46.880868 -4.808456
1 -36.891572 0.196029 -8.307847 0.476077 416.884155 1.092473 -17.129666 -4.808456
1 -33.828608 0.563795 -30.885757 0.524076 273.453390 0.653289 -68.977921 -4.808456
1 -41.934041 0.735101 -88.895674 0.685816 340.392555 0.702987 -74.129333 -4.808456
1 -3.169761 0.615710 34.972653 1.024129 346.144539 0.074058 24.602473 -4.808456
1 -26.140781 0.461290 39.428136 0.567069 431.037953 0.594117 47.725478 -4.808456
1 -4.234069 0.704410 -49.880887 0.413871 475.442196 0.700429 43.147287 -4.808456
1 -13.199154 0.791343 -39.947118 0.110963 102.145451 1.021087 -81.152240 -4.808456
1 -14.499486 0.557665 74.978079 0.634379 347.586540 0.326463 83.013025 -4.875674
1 -48.379341 0.597436 79.042953 1.278485 341.862590 0.167835 -7.957729 -4.875674
1 -77.155388 0.470977 73.236192 0.206959 387.489353 0.327982 -40.416169 -4.875674
1 -24.755587 0.708584 19.376432 0.527409 280.927209 0.636189 -45.220113 -4.875674
1 -139.372737 0.135698 -20.790720 0.176698 269.222849 0.596259 20.414003 -4.875674
1 -39.657601 0.798285 87.610053 0.752479 408.615885 0.932583 -88.467420 -4.875674
1 -16.994379 0.661559 10.930326 0.965537 379.031021 0.091854 25.595823 -4.875674
1 -78.126077 0.471108 -3.993179 0.065484 366.408312 0.446232 72.345734 -4.875674
1 -10.319733 0.692387 -70.211375 0.314568 477.655572 0.447254 42.992249 -4.875674
1 -18.350601 0.799092 -39.472495 0.030950 90.276636 1.029976 89.509439 -4.875674
1 -9.562685 0.305539 -10.805780 0.727485 350.247229 0.351761 -10.212491 -4.923686
1 -24.305395 0.553376 66.670156 1.273585 322.256492 0.127209 -14.553293 -4.923686
1 -133.731765 0.449405 73.757694 0.374554 411.048613 0.416378 -29.910386 -4.923686
1 -4.729946 0.763835 0.310364 1.011569 443.129456 0.795158 20.919067 -4.923686
1 -51.763752 0.089939 -14.771528 0.728391 253.088127 0.358261 17.831564 -4.923686
1 -18.592398 0.769065 -78.308693 0.604655 400.815618 0.884915 84.230074 -4.923686
1 -40.374049 0.734295 26.240880 0.327534 407.233445 0.141374 66.370880 -4.923686
1 -5.036660 0.133426 22.411701 0.680200 424.895954 0.860541 20.344735 -4.923686
1 -5.916155 0.794151 54.998530 0.758735 460.567305 0.690709 46.440257 -4.923686
1 -29.490648 0.795754 12.067904 0.626686 463.737750 0.786273 48.747800 -4.923686
1 -13.215711 0.391936 17.548106 0.724026 356.090775 0.034440 34.285813 -4.963426
1 -34.561594 0.561992 73.570327 0.596726 374.606544 0.082011 -28.374339 -4.963426
1 -11.030440 0.074727 26.835167 0.390902 457.239436 1.099306 14.300397 -4.963426
1 -20.081886 0.090941 10.800755 0.177813 468.142128 0.763005 39.093141 -4.963426
1 -113.752181 0.059085 -65.896590 0.360952 263.462667 0.689729 0.569265 -4.963426
1 -24.886150 0.699426 87.632646 0.704803 364.163684 0.957667 84.099517 -4.963426
1 -13.138410 0.163415 82.177066 0.658132 445.960038 1.177025 66.596962 -4.963426
1 -5.551312 0.521942 35.520084 0.855855 339.563695 0.039975 64.943228 -4.963426
1 -8.175888 0.723043 40.496554 0.749030 412.201174 0.641862 30.856087 -4.963426
1 -25.273695 0.634591 7.400178 0.251937 384.159044 0.692049 50.925269 -4.963426
1 -9.531431 0.416795 28.706910 0.827281 336.619804 0.160854 42.397315 -5.012462
1 -8.176277 0.604969 64.424662 0.634468 353.576130 0.101138 -25.877099 -5.012462
1 -39.979968 0.612112 -41.629431 0.469462 162.421365 0.493949 44.911963 -5.012462
1 -27.993270 0.154666 29.900241 0.310949 479.996205 0.640577 17.381352 -5.012462
1 -19.266775 0.097106 -58.542719 0.493373 234.923146 0.541495 -22.484632 -5.012462
1 -17.532165 0.676962 33.815368 0.503483 156.223450 0.869526 -8.758766 -5.012462
1 -14.203310 0.235922 -83.212854 0.644021 431.281596 1.100656 70.451467 -5.012462
1 -11.455342 0.482180 30.328965 0.770117 361.697590 0.035000 58.585366 -5.012462
1 -6.702728 0.448276 -40.642242 0.316039 405.661652 0.771562 49.377052 -5.012462
1 -11.533277 0.382203 -75.429086 0.311224 382.119330 0.165908 14.275366 -5.012462
1 -3.244752 0.374474 37.093161 0.325730 397.425980 0.813620 34.510775 -5.061467
1 -14.742134 0.706696 33.728162 0.607845 369.444466 0.139913 -18.011749 -5.061467
1 -5.647610 0.613926 -81.725979 0.473303 392.206055 0.387166 31.064009 -5.061467
1 -3.015200 0.362795 -70.525838 0.536491 437.567216 0.888813 27.845439 -5.061467
1 -17.781810 0.174748 -75.367629 0.515691 222.925262 0.523140 -20.406418 -5.061467
1 -16.958005 0.703716 47.468014 0.789560 158.212882 0.891360 -11.093607 -5.061467
1 -2.617295 0.240472 -66.285728 0.630263 464.787039 1.063044 35.610519 -5.061467
1 -2.408410 0.692126 -61.991029 0.475401 361.806133 0.004498 -1.715027 -5.061467
1 -12.701501 0.367639 -1.910620 0.360645 450.416066 0.947553 47.051587 -5.061467
1 -4.746498 0.419658 -81.507191 0.354109 340.856141 0.040336 -3.745077 -5.061467
1 -4.598448 0.335320 59.476067 1.196993 430.095517 0.752737 50.426316 -5.157580
1 -13.202579 0.761285 -81.567144 0.355108 458.312116 0.289762 46.516917 -5.157580
1 -43.079268 0.258439 89.728483 0.273223 479.117840 0.566083 3.829569 -5.157580
1 -11.762100 0.371828 2.423863 0.795957 424.052513 0.523414 37.394447 -5.157580
1 -9.793768 0.128263 -83.451902 0.817110 249.115036 0.432878 -33.323189 -5.157580
1 -19.784905 0.714814 31.163267 0.514238 155.451028 0.895916 -6.644746 -5.157580
1 -2.996131 0.498886 30.798531 0.969189 440.933501 0.806734 31.624425 -5.157580
1 -15.488229 0.040970 -6.617464 0.548505 356.127807 0.312676 -6.113495 -5.157580
1 -25.625343 0.452561 61.648235 0.479827 406.182734 0.847456 2.292703 -5.157580
1 -13.246433 0.509950 -73.424946 0.530091 426.264629 0.948133 -2.549668 -5.157580
1 -12.053062 0.276986 61.315444 0.894393 412.670929 0.657542 59.009365 -5.242543
1 -15.569230 0.681966 82.527055 0.484363 427.102872 0.251538 60.657599 -5.242543
1 -40.325115 0.077651 -35.393104 1.564385 322.073777 0.373112 -13.967291 -5.242543
1 -5.102802 0.517933 19.547599 0.619437 421.723460 0.884404 19.940707 -5.242543
1 -2.451183 0.372359 76.042396 0.099768 194.793398 0.495941 -49.851427 -5.242543
1 -19.432861 0.636304 70.899617 0.243888 135.861630 0.817817 -5.872445 -5.242543
1 -2.336343 0.462994 13.086699 1.030245 439.677866 0.868394 29.572596 -5.242543
1 -13.556024 0.097187 -49.995954 0.459583 364.598937 0.239411 -11.719865 -5.242543
1 -4.780777 0.475559 -32.605276 0.383014 418.542499 0.640601 14.209458 -5.242543
1 -4.661312 0.446691 76.166400 0.652154 443.432905 0.883785 33.298679 -5.242543
1 -9.306674 0.247661 82.733721 0.455683 432.733549 0.681987 22.641891 -5.311851
1 -2.350400 0.219665 54.005829 0.933354 450.534318 0.995416 39.153065 -5.311851
1 -3.899574 0.013623 -12.625988 0.733888 319.204767 0.039902 -37.370837 -5.311851
1 -41.878731 0.746774 -18.994977 0.957516 361.351060 0.667458 -50.028108 -5.311851
1 -3.255502 0.344655 66.069644 0.075080 232.259530 0.477799 -44.279157 -5.311851
1 -23.373067 0.686088 81.806141 0.138731 124.083313 0.842788 -0.050327 -5.311851
1 -4.804757 0.463663 9.021764 0.597152 422.207020 0.727906 27.812218 -5.311851
1 -3.620296 0.129045 -33.013715 0.608864 334.477227 0.156246 -12.900944 -5.311851
1 -6.364278 0.468301 -35.849639 0.460956 449.562484 0.648373 23.675698 -5.311851
1 -3.772134 0.506218 71.267778 1.145419 458.293867 0.842286 40.538366 -5.311851
1 -2.641832 0.573491 43.467527 0.774974 223.620222 0.610366 -57.878204 -5.366017
1 -3.367304 0.213299 43.721209 0.847220 450.163166 0.985032 42.364669 -5.366017
1 -4.443907 0.084322 -13.000894 0.798384 326.776677 0.057847 -26.230984 -5.366017
1 -5.188771 0.269851 65.547887 0.310350 354.532090 0.340622 29.240731 -5.366017
1 -2.811843 0.466196 69.694165 0.322400 237.417536 0.489256 -45.480542 -5.366017
1 -7.305861 0.424719 30.065860 0.268217 400.944180 1.071819 44.691744 -5.366017
1 -32.640770 0.239271 -37.413525 0.438474 401.139984 0.492022 76.444256 -5.366017
1 -4.756845 0.090265 -48.031835 0.599381 364.665746 0.303870 32.551388 -5.366017
1 -13.603799 0.597741 -19.951998 0.495440 460.726871 0.575643 28.395588 -5.366017
1 -2.628986 0.478133 -88.212550 0.549850 428.751841 0.841889 38.783330 -5.366017
1 -1.939192 0.616883 21.880724 0.945708 241.871892 0.542382 -48.570945 -5.487914
1 -6.858516 0.271319 -1.732143 0.702568 449.848539 1.057399 48.053154 -5.487914
1 -12.663490 0.155070 44.511458 0.403974 459.006707 0.967353 16.961361 -5.487914
1 -3.560943 0.260899 87.174100 0.464911 390.187705 0.509714 32.093430 -5.487914
1 -5.970326 0.208538 46.178663 0.187488 233.676503 0.568078 -41.235549 -5.487914
1 -9.028537 0.321234 45.069891 0.519084 433.180882 0.909342 49.417077 -5.487914
1 -20.928986 0.211119 -25.917735 0.542223 406.801750 0.634771 69.755070 -5.487914
1 -3.319471 0.257701 -41.159888 0.561313 360.204503 0.363666 30.958423 -5.487914
1 -7.991095 0.680517 78.117438 0.867657 447.226823 1.067246 65.275716 -5.487914
1 -20.384453 0.763693 29.962618 0.746313 324.533664 0.299779 -89.159557 -5.487914
1 -4.940781 0.645774 27.957870 0.863846 245.802378 0.586377 -33.381749 -5.608389
1 -7.124045 0.228828 11.686084 0.270547 420.413295 0.962211 41.625861 -5.608389
1 -9.019740 0.695568 36.382683 0.865535 362.790850 0.084920 -37.007078 -5.608389
1 -14.959228 0.284177 77.159165 0.394252 373.004676 0.441515 15.147063 -5.608389
1 -3.939063 0.301398 50.168671 0.724247 248.109188 0.528407 -57.162694 -5.608389
1 -4.313264 0.014380 -15.821082 0.595809 448.353784 1.014839 43.565388 -5.608389
1 -12.407275 0.101380 -40.895883 0.430204 447.511578 0.885315 54.803733 -5.608389
1 -2.613086 0.207128 -34.335715 0.623847 373.133466 0.356335 20.084959 -5.608389
1 -5.417729 0.133064 55.007848 0.554342 475.903859 1.102414 30.830773 -5.608389
1 -6.146831 0.572850 89.713723 0.391895 350.663276 0.013262 56.437084 -5.608389
1 -2.918667 0.633526 36.587022 0.725271 234.353529 0.542594 -37.697883 -5.708957
1 -6.663027 0.069487 -9.725264 0.458581 489.158726 1.143139 33.880276 -5.708957
1 -14.819265 0.739009 6.423523 0.787859 341.643786 0.277354 -48.732020 -5.708957
1 -6.233749 0.347356 85.900388 0.541407 330.640993 0.159180 -21.530850 -5.708957
1 -2.332560 0.333832 34.264588 0.779473 248.094200 0.461141 -54.548112 -5.708957
1 -2.553648 0.137052 -21.639001 0.487411 351.050102 0.404811 18.393983 -5.708957
1 -4.611016 0.420057 76.527181 0.733925 287.712205 0.450089 -57.995252 -5.708957
1 -4.721428 0.057269 -38.876724 0.852744 391.859390 0.386698 39.631822 -5.708957
1 -11.375547 0.424283 34.377581 0.552264 370.334618 0.131021 25.424598 -5.708957
1 -2.787581 0.348671 -80.086809 0.901351 485.804761 1.094097 35.670505 -5.708957
1 -1.880247 0.631488 45.186929 0.470864 229.656873 0.491861 -44.851480 -5.853980
1 -5.840898 0.193192 37.086614 0.349333 450.879195 1.038450 26.943286 -5.853980
1 -13.501333 0.713739 4.581729 0.791713 359.609403 0.363574 -37.229178 -5.853980
1 -11.719392 0.066912 -73.097742 0.596099 398.856561 0.574718 9.226710 -5.853980
1 -31.002451 0.340564 27.158035 0.579490 245.980205 0.672909 -19.794864 -5.853980
1 -4.146591 0.119851 -9.811123 0.737062 383.912294 0.355697 18.177982 -5.853980
1 -3.381467 0.543026 72.818078 0.854745 296.465230 0.347019 -62.428715 -5.853980
1 -3.396878 0.049308 -46.062743 0.871477 391.797955 0.416395 37.942831 -5.853980
1 -9.924964 0.736331 57.811998 0.559819 371.898631 0.043472 -8.882917 -5.853980
1 -2.497754 0.373438 -62.267357 0.819997 495.572776 1.136427 34.738609 -5.853980
1 -2.395633 0.545821 16.394222 0.562270 200.413299 0.716764 -46.214675 -5.978929
1 -13.761305 0.696927 -17.932081 0.799862 440.141170 0.403717 51.690946 -5.978929
1 -11.650564 0.724566 -2.881726 0.743843 340.809587 0.454112 -38.833581 -5.978929
1 -4.985854 0.734130 -37.669489 0.495219 415.637895 0.434109 37.423059 -5.978929
1 -5.822526 0.354829 42.107379 1.002204 254.916817 0.449746 -31.112057 -5.978929
1 -16.043189 0.267029 27.707773 0.493806 468.373300 0.984431 52.519869 -5.978929
1 -3.231540 0.578136 69.351557 0.571503 320.436644 0.014615 -68.366006 -5.978929
1 -2.708668 0.092363 45.219663 0.710207 410.209895 0.823974 39.364265 -5.978929
1 -3.552502 0.072139 76.037011 0.668267 334.722442 0.071118 -8.505090 -5.978929
1 -3.723683 0.169460 -4.265270 0.227529 180.788184 0.726193 -59.958349 -5.978929
1 -3.956233 0.519646 22.414623 0.582567 197.480972 0.756312 -47.738119 -6.185656
1 -4.661438 0.163120 43.345251 0.766378 433.916711 0.864026 45.384724 -6.185656
1 -2.485919 0.531973 -69.485651 0.358658 365.174116 0.320808 33.526028 -6.185656
1 -3.566833 0.755056 -46.176127 0.499825 443.848420 0.449617 40.300588 -6.185656
1 -14.797258 0.691782 22.721781 0.157106 193.018900 0.784779 -71.278659 -6.185656
1 -3.642483 0.255040 62.048231 0.459361 423.934854 0.964679 29.465072 -6.185656
1 -4.886688 0.459990 59.958497 0.634899 328.743161 0.059282 -70.712576 -6.185656
1 -14.296549 0.081282 57.749466 0.916324 434.983934 1.009215 68.041079 -6.185656
1 -5.491494 0.102347 81.281914 0.584981 343.173351 0.055267 -9.714288 -6.185656
1 -7.717310 0.120439 -17.175528 0.374428 213.947498 0.713711 -39.192458 -6.185656
1 -6.370227 0.571030 10.538807 0.421921 229.429700 0.671195 -41.934873 -6.435337
1 -2.762647 0.158429 68.983848 0.961397 459.040609 0.955035 34.071785 -6.435337
1 -10.016567 0.613008 80.861433 0.842889 310.676698 0.558289 -49.467522 -6.435337
1 -2.363572 0.408408 75.056270 0.686075 430.730862 0.944293 40.154876 -6.435337
1 -9.548293 0.770008 45.620047 0.173962 188.556324 0.809213 -67.761805 -6.435337
1 -5.113091 0.150975 27.675907 0.425667 447.005509 0.933641 32.386114 -6.435337
1 -6.617113 0.193326 -86.413288 0.594360 303.675136 0.205957 -78.258346 -6.435337
1 -7.773195 0.508999 -57.874183 0.402479 426.293417 0.394260 44.734839 -6.435337
1 -5.665979 0.193531 52.293021 0.347946 430.233779 1.180176 21.865602 -6.435337
1 -3.459733 0.475038 -38.958264 0.291729 435.635212 1.020188 37.248706 -6.435337
1 -6.766540 0.572529 7.833203 0.404619 244.270695 0.606485 -31.023993 -6.707076
1 -4.565522 0.228010 61.897601 0.923452 452.851294 0.871805 28.949167 -6.707076
1 -2.474597 0.561132 -57.662418 0.501846 210.615887 0.733258 -50.601259 -6.707076
1 -5.510084 0.282854 82.180484 0.637863 478.951643 1.158257 49.173089 -6.707076
1 -4.307686 0.549133 57.374064 0.959850 164.959978 0.871384 -40.057001 -6.707076
1 -3.963074 0.558142 70.675132 0.384453 408.095645 0.875051 35.752193 -6.707076
1 -9.645395 0.130779 -80.190032 0.838906 322.664259 0.218616 -80.491537 -6.707076
1 -4.865951 0.462332 -36.495731 0.520138 406.623163 0.649461 7.008731 -6.707076
1 -6.101029 0.073768 86.906940 0.331596 430.839645 1.037399 19.877305 -6.707076
1 -9.814227 0.115596 68.828787 0.188241 433.449530 0.707875 36.001188 -6.707076
1 -1.688093 0.643766 -3.553714 0.306233 192.931514 0.719845 -46.187337 -6.942212
1 -3.247213 0.242972 -26.895116 0.797537 417.794720 0.580468 32.866693 -6.942212
1 -2.921075 0.416268 60.398035 0.227109 169.211909 0.710201 -40.503635 -6.942212
1 -10.604474 0.353069 -66.373106 0.185257 486.157278 1.145286 51.282640 -6.942212
1 -9.100344 0.621605 14.466439 0.711459 174.713185 0.861873 -23.757732 -6.942212
1 -2.667517 0.298502 -85.765820 0.659444 389.515872 0.517897 45.057215 -6.942212
1 -7.723321 0.089493 65.142325 1.084212 335.068417 0.141412 -85.597673 -6.942212
1 -6.191841 0.368551 -37.807951 0.534125 441.315483 0.691038 15.743881 -6.942212
1 -2.427829 0.073941 58.194603 0.960409 452.677608 0.926716 34.223441 -6.942212
1 -2.400490 0.687906 55.967935 0.933240 456.154345 1.031996 42.447496 -6.942212
1 -2.586473 0.267223 18.545930 0.775354 405.828444 0.680348 25.662352 -7.179067
1 -3.015972 0.174407 17.813227 0.811723 405.443426 0.562195 26.666774 -7.179067
1 -5.940879 0.334604 81.086452 0.284120 151.183779 0.802584 -33.037599 -7.179067
1 -2.343007 0.461806 50.427362 0.288874 182.288728 0.637103 -44.731390 -7.179067
1 -3.595551 0.593762 2.053682 0.609580 225.416497 0.620355 -31.720744 -7.179067
1 -6.362229 0.288648 61.477411 0.910889 448.221930 0.889064 52.242388 -7.179067
1 -3.973632 0.168300 61.585615 0.522123 311.219274 0.033890 -77.804376 -7.179067
1 -2.847641 0.327156 -40.877344 0.496110 419.248660 0.753039 21.848394 -7.179067
1 -16.190230 0.580885 73.229229 0.488927 91.762725 1.009301 -10.815832 -7.179067
1 -5.115889 0.023419 55.877470 0.676462 464.261805 1.043707 45.047599 -7.179067
1 -2.522576 0.502785 -50.208036 0.608084 454.297374 0.859639 38.059585 -7.352985
1 -2.596228 0.706333 67.476678 0.269781 180.313221 0.791681 -57.018049 -7.352985
1 -3.167451 0.314206 -86.918885 0.664258 129.044358 0.959879 -42.706621 -7.352985
1 -3.151132 0.495082 32.514975 0.327082 244.495661 0.461172 -52.548234 -7.352985
1 -5.993690 0.502198 -48.384312 0.575400 421.521465 0.565426 52.705178 -7.352985
1 -2.795669 0.283465 2.383888 0.583569 428.324336 0.898018 29.846431 -7.352985
1 -2.291992 0.320205 -83.206588 0.557454 316.874575 0.003024 -62.338719 -7.352985
1 -2.208171 0.388218 -58.099562 0.584232 432.002006 0.847582 32.451901 -7.352985
1 -3.649809 0.079153 -3.931194 0.330806 374.156221 0.481512 23.441391 -7.352985
1 -9.586054 0.767551 27.804354 0.490387 369.220732 0.162396 35.096484 -7.352985
1 -3.139859 0.428286 -75.291131 0.393936 412.642866 0.664772 31.507907 -7.573789
1 -3.304789 0.701771 60.040926 0.697406 198.780959 0.663435 -40.925472 -7.573789
1 -3.178452 0.189252 69.149462 0.086282 104.288314 0.948105 -44.959494 -7.573789
1 -2.289080 0.645765 62.544395 0.625256 215.970873 0.598776 -57.775520 -7.573789
1 -3.654254 0.290605 -67.723036 0.610234 468.041355 0.957376 32.046440 -7.573789
1 -5.135897 0.216276 -16.045178 0.604123 414.514055 0.852944 43.886254 -7.573789
1 -2.967947 0.361855 -87.583391 0.571719 328.967220 0.002831 -57.323558 -7.573789
1 -4.289205 0.127518 -58.677988 0.547022 406.945153 0.526096 25.410412 -7.573789
1 -4.748352 0.675598 59.207853 0.827249 495.683026 1.168036 40.199648 -7.573789
1 -1.818330 0.684890 -14.926072 0.855368 231.545822 0.691991 -43.947367 -7.573789
1 -3.315437 0.279432 -7.365871 0.921137 163.024985 0.869253 -60.141355 -7.873345
1 -2.272249 0.748791 54.929837 0.883213 186.072382 0.785974 -46.768118 -7.873345
1 -3.204429 0.159833 51.986704 0.899486 110.105503 1.010893 -41.105698 -7.873345
1 -2.856606 0.562119 19.655503 0.415304 272.756780 0.298918 -46.425309 -7.873345
1 -2.639452 0.100855 -43.486753 0.585844 402.996435 0.616136 32.090687 -7.873345
1 -7.733052 0.288262 -7.914206 0.673811 442.492055 1.034353 50.315235 -7.873345
1 -3.158945 0.352077 -76.130544 0.454464 324.438313 0.003508 -45.349101 -7.873345
1 -3.007829 0.103894 -41.849170 0.509120 392.623948 0.623694 23.130790 -7.873345
1 -2.130342 0.452275 -8.229484 0.830569 455.071501 1.147485 21.889940 -7.873345
1 -2.119140 0.710240 -12.488838 0.858011 238.082610 0.687006 -43.753521 -7.873345
1 -2.877286 0.324297 -1.738069 0.853435 155.805513 0.890469 -58.462103 -8.265223
1 -3.308653 0.453888 -18.341169 0.097501 89.794186 1.032388 -60.564004 -8.265223
1 -2.337308 0.086557 36.594375 0.186941 107.722539 0.961616 -46.872726 -8.265223
1 -3.365941 0.744476 23.014305 0.597679 247.312831 0.497453 -28.966879 -8.265223
1 -4.640488 0.124764 -43.369848 0.394100 444.117108 0.879575 32.754793 -8.265223
1 -3.565191 0.179842 -46.892579 0.806803 306.159478 0.345475 -42.400871 -8.265223
1 -4.014370 0.372492 -81.589041 0.730296 333.877499 0.118047 -39.198591 -8.265223
1 -3.263963 0.116968 -36.820440 0.530682 400.447426 0.715262 21.390671 -8.265223
1 -4.132722 0.308547 -9.291134 0.707041 480.309563 1.168462 37.642007 -8.265223
1 -1.868226 0.782285 11.581098 0.080671 222.578307 0.472467 -34.501339 -8.265223
1 -2.290115 0.308308 -11.160750 0.770282 176.709636 0.830882 -51.250142 -8.663623
1 -2.452137 0.472997 -21.538045 0.648779 107.028874 1.031603 -54.462853 -8.663623
1 -3.475403 0.107364 39.850912 0.248767 114.117714 0.996219 -48.553337 -8.663623
1 -3.882208 0.740021 23.649705 0.600651 247.118717 0.510033 -28.069923 -8.663623
1 -2.398070 0.216001 -35.005367 0.885243 450.754924 0.884110 34.467681 -8.663623
1 -4.073636 0.128733 83.913978 0.681636 388.533069 0.381815 28.578524 -8.663623
1 -3.109211 0.362979 -80.440391 0.738511 326.373091 0.095061 -41.450303 -8.663623
1 -2.684103 0.054845 -37.423574 0.555495 392.906179 0.613667 25.634928 -8.663623
1 -2.123648 0.496123 -3.566944 0.647119 432.284824 1.028327 24.991735 -8.663623
1 -2.241160 0.493257 5.335233 0.951733 247.070062 0.569491 -41.225033 -8.663623
