#REFERENCE 3 328.3940330 17.7038000
8.1 0.608 -0.880 0.068 0.029 103.08 4.500 1.82 0.021 0.922 1.24 0.58
8.1 0.608 -0.880 0.068 0.029 103.08 4.500 1.82 2.891 -3.058 0.34 1.48
8.1 0.608 -0.880 0.068 0.029 103.08 4.500 1.82 -0.974 0.089 0.69 1.13
8.1 0.608 -0.880 0.068 0.029 103.08 4.500 1.82 -0.209 0.149 -0.99 2.81
8.1 0.608 -0.880 0.068 0.029 103.08 4.500 1.82 -0.794 0.975 1.82 0.00
8.2 0.569 -0.846 0.088 0.069 64.90 4.500 0.90 -0.180 0.139 -1.25 2.15
8.2 0.569 -0.846 0.088 0.069 64.90 4.500 0.90 -0.901 1.014 1.59 -0.69
8.2 0.569 -0.846 0.088 0.069 64.90 4.500 0.90 -1.025 0.040 0.52 0.38
8.2 0.569 -0.846 0.088 0.069 64.90 4.500 0.90 0.132 0.912 0.90 -0.00
8.2 0.569 -0.846 0.088 0.069 64.90 4.500 0.90 2.832 -3.017 0.35 0.55
8.3 0.578 -0.802 0.240 0.091 115.69 4.500 0.35 0.160 0.955 0.91 -0.56
8.3 0.578 -0.802 0.240 0.091 115.69 4.500 0.35 2.839 -2.974 0.35 -0.00
8.3 0.578 -0.802 0.240 0.091 115.69 4.500 0.35 -0.992 0.006 0.36 -0.01
8.3 0.578 -0.802 0.240 0.091 115.69 4.500 0.35 -0.861 1.083 1.55 -1.19
8.3 0.578 -0.802 0.240 0.091 115.69 4.500 0.35 -0.193 0.120 -1.33 1.68
