1 -3609.690309 0.498286 -81.025138 0.334766 359.734697 -1.658312 -1.044442 0.396336 -35.715894 1.565147 142.034784 22.504649 0.000000
1 -7244.365310 0.787857 47.905342 4.880639 324.302470 -0.500285 -2.429069 0.069057 13.566763 1.690829 24.540992 23.653068 0.000000
1 -7247.276707 0.389134 9.997120 6.205195 414.555145 -0.263400 -2.860977 0.428577 77.327477 2.557302 316.909131 14.541897 0.000000
1 -7244.460067 0.387961 -20.714986 1.028271 143.716544 -0.434480 -1.299434 0.238149 43.022158 1.062668 33.587652 22.910242 0.000000
1 -7244.476776 0.059537 51.123904 4.992636 398.387980 -0.094154 -0.995375 0.014637 -84.665758 3.788292 89.629585 24.150273 0.000000
1 -7244.253515 0.044246 19.695653 5.457669 133.925770 -1.407429 -1.031322 0.295815 7.408712 2.602597 209.074366 25.722969 0.000000
1 -7246.941998 0.007099 -28.785102 3.962245 432.339806 -0.428691 -1.539389 0.574101 53.731164 5.082068 181.320172 6.192312 0.000000
1 -7244.259329 0.307427 44.865351 3.318684 196.827803 -0.991326 -2.791689 0.292459 -84.944035 5.884670 100.356086 25.145874 0.000000
1 -7245.302248 0.599293 14.357265 1.987079 317.958903 -0.162185 -2.084951 0.433134 -81.935443 1.646816 54.757152 21.789447 0.000000
1 -7245.998962 0.402916 -48.688411 6.123090 401.441278 -0.230195 -1.187225 0.108727 -37.587205 1.095948 176.161530 23.418534 0.000000
1 -7244.294846 0.675434 27.188731 0.231299 76.526660 -1.492579 -1.313346 0.589396 -53.933271 2.798230 59.357248 5.034304 -1.192893
1 -51.891356 0.747754 24.880108 0.829549 394.318601 -0.399826 -1.141033 0.428401 36.654321 2.369902 389.402855 20.445290 -1.192893
1 -7247.383293 0.592087 50.848607 4.081985 309.263540 0.013928 -0.955512 0.389667 49.664076 2.948125 287.523924 15.360641 -1.192893
1 -3611.715294 0.220683 -82.004298 0.302475 341.519327 -0.567827 -2.458937 0.036937 31.454434 5.927248 288.917888 25.992399 -1.192893
1 -7244.442927 0.043952 56.696316 4.921843 379.923187 -0.154758 -2.861761 0.773891 86.658519 3.292519 69.784527 25.056728 -1.192893
1 -5419.955170 0.500121 60.318227 3.581354 496.025599 -1.087696 -2.665340 0.022959 -88.808448 0.717726 373.450105 8.107425 -1.192893
1 -7247.402673 0.035932 -81.248888 0.496045 183.684842 0.105852 -1.345910 0.266371 -10.546241 2.647003 57.792504 6.495388 -1.192893
1 -7244.233013 0.129154 37.967434 5.837035 92.721433 -0.824520 -1.937803 0.752590 -19.984528 6.234506 38.933302 16.838435 -1.192893
1 -7244.276911 0.264024 -85.806250 4.251104 194.678465 0.013768 -1.704150 0.572668 -43.139310 3.783274 205.444226 22.766271 -1.192893
1 -7245.287790 0.511119 -61.977223 0.456889 131.159390 -0.216576 -1.103660 0.084167 -59.083860 4.304483 127.874159 13.743657 -1.192893
1 -5411.498109 0.024760 -24.097717 3.547553 262.657453 -1.592537 -1.091879 0.701479 88.640437 2.749785 429.735520 10.728124 -1.982191
1 -1814.369763 0.456080 70.694616 0.666616 360.028729 0.088267 -0.883272 0.126095 54.908692 1.291985 326.831339 3.976516 -1.982191
1 -7247.530735 0.636184 35.082847 3.677474 353.209867 -0.046904 -0.914582 0.220169 38.847847 3.530303 277.783116 18.842077 -1.982191
1 -7244.255625 0.677008 -23.742380 0.296743 60.142937 -1.077373 -2.283331 0.121415 83.119744 2.987101 111.840913 7.325009 -1.982191
1 -3609.100111 0.490523 -87.508459 2.530855 464.345306 -1.378151 -1.553016 0.642492 0.793412 2.887084 310.205570 18.021493 -1.982191
1 -5706.165077 0.616200 -35.813199 3.009715 465.374083 -0.275488 -2.835905 0.190850 81.330065 1.757469 385.877825 18.813570 -1.982191
1 -7246.110728 0.270108 -59.286545 3.806755 298.201279 0.022337 -2.482179 0.250193 -31.547709 3.785185 372.203871 14.003554 -1.982191
1 -3608.304480 0.083299 -7.611910 0.618784 310.661336 -1.831338 -1.257844 0.635172 -78.656348 1.296694 374.527247 2.062661 -1.982191
1 -7247.200601 0.028524 -13.303137 2.065182 150.018024 -0.302743 -2.637291 0.775548 78.587427 3.390339 331.364605 10.821630 -1.982191
1 -3615.067835 0.112873 26.009527 0.187152 339.150712 -1.868072 -1.619606 0.617656 84.210936 0.952041 344.644819 5.598673 -1.982191
1 -7245.145178 0.748763 84.720558 2.728446 245.806084 -0.461004 -2.744114 0.662294 -29.716918 6.016029 70.749537 13.268330 -2.570428
1 -7244.235941 0.090410 76.047879 3.638325 127.430644 -0.101512 -2.415373 0.786754 -44.518542 5.663158 63.189731 21.608703 -2.570428
1 -3722.374968 0.210275 -7.261439 0.725558 386.258759 -0.923453 -1.330935 0.757728 5.969293 6.135305 132.198076 20.363859 -2.570428
1 -1814.369763 0.456080 70.694616 0.666616 360.028729 0.088267 -0.883272 0.126095 54.908692 1.291985 326.831339 3.976516 -2.570428
1 -1990.119819 0.163798 -84.730797 0.811170 424.830066 -0.448308 -1.010882 0.475726 0.013870 0.569300 274.789674 18.369207 -2.570428
1 -7244.277790 0.067170 79.530719 5.540370 310.727820 -0.457755 -2.055669 0.116686 -54.570764 5.440978 168.885289 15.902032 -2.570428
1 -3634.830826 0.040088 33.918600 0.106738 350.821534 -1.746525 -1.898685 0.336942 8.068271 1.043272 249.285014 7.355281 -2.570428
1 -1865.010258 0.021763 -31.835457 0.685167 406.936813 0.024730 -2.502568 0.409311 9.238713 1.365466 280.417734 6.025731 -2.570428
1 -1881.100159 0.511805 28.370614 2.342769 25.942792 -1.826287 -1.529803 0.533412 19.627755 2.496327 467.336863 19.026106 -2.570428
1 -7245.874799 0.532270 -36.780574 5.250786 382.015540 -0.598927 -2.773785 0.532155 -56.179408 1.232179 300.077883 9.388812 -2.570428
1 -1840.954879 0.700216 64.329272 0.821188 452.613708 -1.875519 -1.051034 0.774135 -26.614578 2.220927 365.919383 19.271638 -2.985792
1 -5417.827707 0.063605 75.705154 2.954055 434.832765 -0.051695 -0.985299 0.073250 -43.880089 4.205127 403.878170 17.010808 -2.985792
1 -7244.280396 0.474547 -86.830342 5.837104 282.509823 -1.584406 -1.439389 0.104484 -9.864637 6.406661 251.572703 7.153966 -2.985792
1 -1876.410953 0.140481 -1.220387 0.335718 460.012140 -1.560148 -0.937243 0.173783 -19.845409 2.049835 179.610067 22.715085 -2.985792
1 -3620.335734 0.681979 -87.986989 0.271834 460.410228 -0.322210 -1.215435 0.211711 -30.767291 0.971619 23.502899 9.208337 -2.985792
1 -1882.471381 0.726925 9.602153 0.193860 359.949786 -1.016304 -2.649879 0.234042 45.578921 4.051818 333.648488 10.940368 -2.985792
1 -3614.025691 0.660592 13.204363 3.950963 130.414521 -0.390346 -2.528413 0.484174 -65.576047 1.364921 442.094403 17.583074 -2.985792
1 -1811.290159 0.467404 54.536654 0.864419 421.964390 -0.698073 -2.653997 0.624073 -13.741772 1.149727 43.709063 18.389927 -2.985792
1 -3789.352336 0.226244 51.567574 2.827184 43.233639 -1.836766 -0.969656 0.101262 -13.821549 2.180860 490.458624 13.200036 -2.985792
1 -3663.618991 0.083595 57.108419 3.773557 337.632553 -0.230811 -2.003277 0.325573 -28.747975 1.858345 433.098728 18.695938 -2.985792
1 -1829.553151 0.773073 -54.270459 1.009612 481.858419 -0.401558 -2.158281 0.746900 -11.931257 0.203761 101.756336 20.817620 -3.491573
1 -17.858661 0.616510 -75.958885 0.841427 414.797502 -1.640931 -2.001582 0.777474 -13.016357 4.428076 223.608479 13.849516 -3.491573
1 -7244.234056 0.219446 -63.738690 5.032639 122.329680 -0.899817 -1.023185 0.486195 -82.188143 4.436048 41.413512 24.421912 -3.491573
1 -5434.142450 0.617076 61.433928 1.976338 387.420477 -1.736962 -2.569015 0.740551 63.071770 5.286399 299.770142 17.636299 -3.491573
1 -1818.812856 0.205643 40.097339 0.713088 398.357236 -0.088899 -2.110843 0.561444 66.741386 0.002731 76.622689 17.724184 -3.491573
1 -3701.399200 0.167574 30.930395 0.138834 418.727107 -1.116288 -2.035962 0.195959 74.816905 4.249220 174.060928 8.418444 -3.491573
1 -5430.822082 0.582479 4.427932 3.856973 116.480002 -0.433921 -2.360773 0.356444 -48.391685 1.995908 484.252711 14.908954 -3.491573
1 -1811.290159 0.467404 54.536654 0.864419 421.964390 -0.698073 -2.653997 0.624073 -13.741772 1.149727 43.709063 18.389927 -3.491573
1 -3812.779619 0.620885 9.621525 2.562935 34.958241 -1.823784 -1.392869 0.727837 -16.505320 0.070723 470.261484 12.532728 -3.491573
1 -3664.371175 0.078479 56.461123 3.768037 338.308269 -0.241770 -1.979864 0.320414 -28.981040 1.863298 434.220874 18.773761 -3.491573
1 -1948.106736 0.430936 -67.472874 0.899592 362.170591 -0.950348 -1.162670 0.124103 -7.949742 0.832418 325.719586 20.700155 -3.857040
1 -20.694816 0.611377 -71.165733 0.798726 423.545390 -1.627622 -2.191372 0.024716 2.162874 4.420076 195.487574 14.571224 -3.857040
1 -3607.740876 0.575089 85.054897 2.464326 334.918824 -1.455410 -0.935807 0.458562 -72.670942 4.002525 393.959149 14.663487 -3.857040
1 -5541.495208 0.078519 9.528709 3.659507 480.671318 -0.926127 -2.028296 0.077979 -45.858268 4.462423 342.860908 12.057446 -3.857040
1 -1935.479999 0.015455 -67.729991 1.057594 19.593162 -0.586490 -1.543071 0.288834 32.618957 2.743786 493.460714 26.316258 -3.857040
1 -3696.325772 0.637405 -61.822398 3.576068 150.371281 -1.269957 -0.920443 0.645262 7.662920 1.543754 462.571522 16.336633 -3.857040
1 -3841.084813 0.179408 -28.743216 5.021340 303.431298 -1.769052 -1.814360 0.229754 -36.074196 0.964564 457.586472 21.165181 -3.857040
1 -1954.757364 0.573297 64.326510 0.438126 483.328741 -0.669709 -2.640162 0.438398 -37.530043 1.398499 52.421459 16.189906 -3.857040
1 -1812.874514 0.645464 -67.794295 1.692183 408.639108 -0.895041 -2.549236 0.165663 53.297691 2.091742 244.699414 4.880471 -3.857040
1 -1845.483723 0.704969 -43.786167 0.539759 414.477228 -0.517434 -1.039184 0.046340 -84.154672 1.919785 312.398968 9.598122 -3.857040
1 -3648.065288 0.689513 10.020671 2.942376 423.073566 -1.866917 -2.621100 0.654550 -69.328995 1.072754 200.575431 3.488331 -4.376106
1 -1823.542088 0.770288 -63.487594 1.442379 464.472357 -1.781564 -2.251302 0.023015 -7.337782 5.693595 132.850923 6.917507 -4.376106
1 -1819.413204 0.321831 -15.808699 3.110704 302.892795 -0.136317 -2.321604 0.680052 -57.380942 4.397961 497.379667 26.001750 -4.376106
1 -3748.439102 0.414503 -64.836834 0.700357 150.344627 -0.334036 -1.362276 0.163779 25.444634 0.503691 474.902067 21.214413 -4.376106
1 -3637.696450 0.734650 -6.389954 6.284956 477.038606 -1.060502 -1.731047 0.284674 78.806825 4.844225 404.759619 10.030992 -4.376106
1 -3678.061389 0.146230 5.275844 0.094782 340.744032 -0.871961 -2.664760 0.302368 -67.523084 1.541379 249.212969 14.317420 -4.376106
1 -7244.426296 0.706618 -33.867531 3.207769 43.056616 -0.876387 -0.919147 0.327238 -39.536870 4.561702 434.935857 4.684122 -4.376106
1 -3630.559713 0.217095 -27.990086 5.431936 412.501553 -0.685865 -0.994683 0.675982 -66.613011 2.879484 459.080069 24.640738 -4.376106
1 -1866.169290 0.547181 -71.063610 0.243069 457.612673 -0.006655 -0.871804 0.534141 -11.214737 4.066799 411.493337 4.307843 -4.376106
1 -1896.973832 0.592999 -60.652711 1.139212 447.273187 -0.382450 -2.706922 0.746373 -68.768838 0.106524 354.047441 5.008055 -4.376106
1 -1869.589882 0.382848 -72.196386 0.211378 285.907621 -1.858729 -2.137724 0.078602 29.624654 5.254386 187.543808 13.658912 -4.911757
1 -3837.521686 0.314670 -79.725448 1.716652 201.487234 -0.011549 -1.325840 0.753382 -9.765090 0.862680 452.676409 24.484268 -4.911757
1 -1819.705089 0.112415 -18.385751 1.293994 355.525987 -1.733645 -2.414687 0.293145 -69.416064 2.609456 398.066685 8.609520 -4.911757
1 -3723.203799 0.125061 -84.463363 0.129865 465.989958 -0.513718 -2.593386 0.332320 -33.752954 0.504459 333.482852 11.045926 -4.911757
1 -3611.739701 0.575084 -52.077401 0.376480 296.292309 -1.576235 -2.267739 0.328955 87.554221 1.274724 458.095716 2.447619 -4.911757
1 -2072.239955 0.754579 -28.071813 0.850528 485.209131 -0.854050 -2.667955 0.529537 -69.683667 2.979545 210.678448 20.106296 -4.911757
1 -7247.433792 0.722841 -51.201237 1.611432 240.693466 -1.313285 -2.411869 0.394302 11.868480 3.598670 23.715654 5.603978 -4.911757
1 -5409.859680 0.136809 88.392985 5.916579 160.986485 -0.552535 -2.718321 0.269136 79.887396 1.397295 489.195016 8.346862 -4.911757
1 -1936.214656 0.443795 -47.594637 1.029247 399.334122 -0.546266 -1.865439 0.334367 17.237095 3.362670 163.842333 23.796501 -4.911757
1 -1917.556138 0.285523 -39.184803 2.209040 253.929645 -0.196859 -2.198704 0.535708 -26.965418 1.635588 459.722297 11.485347 -4.911757
1 -1898.271956 0.473879 -55.606761 0.343766 329.249006 -1.738877 -2.413744 0.029262 16.581189 6.079880 196.867426 14.519993 -5.238787
1 -3646.799394 0.328476 74.607824 3.758546 212.960366 -0.087074 -1.917731 0.653559 19.223303 1.207695 428.027960 26.135703 -5.238787
1 -1820.344224 0.016312 -8.768873 1.088344 361.073422 -1.678786 -2.161414 0.383749 -64.263646 2.608002 398.578347 5.826432 -5.238787
1 -3869.379373 0.133528 -84.413156 0.200631 462.803958 -0.498650 -2.601645 0.336064 -38.089999 0.637629 308.591424 11.226796 -5.238787
1 -67.480350 0.296779 41.474955 2.198452 455.949442 -0.826243 -2.757217 0.792699 -54.362272 2.574685 370.774262 11.318382 -5.238787
1 -2033.327669 0.407344 38.176282 0.334135 477.096149 -1.196318 -2.568845 0.773301 61.974124 4.607450 276.836960 7.329406 -5.238787
1 -2126.004228 0.302434 -58.156270 0.513726 496.558050 -0.677555 -1.294792 0.355999 15.187364 5.079158 119.183527 11.094027 -5.238787
1 -1814.965092 0.725430 79.031780 1.937592 24.589638 -1.292298 -1.113619 0.485273 78.606745 2.284423 457.489528 23.371781 -5.238787
1 -1821.721994 0.230787 71.073024 0.766356 439.517157 -0.465186 -2.402239 0.327781 -34.662087 4.746817 257.988211 7.413727 -5.238787
1 -2001.415658 0.260194 -41.015939 2.315989 224.066975 -0.213701 -2.238737 0.619150 -38.967438 1.132693 493.386266 11.113514 -5.238787
1 -1871.023334 0.546296 -81.634928 0.135777 294.003664 -1.486903 -2.332363 0.727873 11.270511 6.155698 197.216628 12.946677 -5.646954
1 -3682.771028 0.744810 -6.858091 1.589734 324.221088 -0.438591 -1.551354 0.330476 1.970198 1.906122 395.382080 16.375786 -5.646954
1 -2086.908963 0.276666 44.458620 0.571935 433.448062 -0.836567 -2.211439 0.113253 31.538190 2.252392 388.925429 7.212605 -5.646954
1 -2198.121532 0.072390 31.862959 0.985098 377.406820 -0.593453 -2.274669 0.200213 83.003996 0.236169 417.084870 20.999558 -5.646954
1 -1834.149979 0.298985 42.502464 2.215166 451.929162 -0.809859 -2.739178 0.793514 -49.947037 2.531238 374.229220 11.522985 -5.646954
1 -1809.893474 0.427220 -79.982472 2.367837 334.414914 -1.770431 -1.961622 0.128525 -55.938513 2.901258 421.152083 15.020970 -5.646954
1 -1991.987102 0.209465 -7.047205 0.952649 433.766021 -1.679575 -2.800613 0.361069 -71.151679 3.347558 236.921891 13.463612 -5.646954
1 -159.591548 0.581053 42.295901 2.430460 399.105311 -1.353347 -1.367867 0.518138 88.245287 3.432480 486.101614 25.848415 -5.646954
1 -2117.699294 0.001138 19.841488 0.501683 440.762502 0.037221 -2.036802 0.092144 -69.474731 3.020037 280.860459 6.679873 -5.646954
1 -3615.505428 0.475668 83.290485 2.191209 452.802232 -1.361372 -1.843200 0.661400 25.450700 1.572065 393.422872 21.981292 -5.646954
1 -82.596281 0.749382 43.353902 0.561191 485.868704 -1.501553 -1.659478 0.659957 62.697011 5.679073 58.502016 13.847120 -5.836913
1 -1961.488212 0.163214 70.125946 0.739355 363.789208 -1.836379 -1.411948 0.077067 -64.440620 3.917795 447.799050 24.523232 -5.836913
1 -103.997801 0.412255 -3.081110 0.661727 368.471224 -1.416305 -1.506349 0.610185 78.350796 3.115699 419.574523 12.726508 -5.836913
1 -195.596292 0.665284 44.538950 0.341074 492.153805 -0.025672 -1.459355 0.008012 -8.598585 3.680045 191.567828 5.775852 -5.836913
1 -246.121094 0.157503 36.635882 1.937610 446.828615 -0.936470 -2.524246 0.792137 -54.471042 1.407050 362.140257 10.669528 -5.836913
1 -1807.774723 0.363690 -81.099790 3.072185 336.369139 -1.726967 -2.000780 0.071445 -52.774778 2.877344 415.354585 14.069639 -5.836913
1 -119.497276 0.646793 14.431359 0.959504 464.923689 -0.437298 -1.128111 0.430075 -35.389891 1.890123 191.868990 9.266376 -5.836913
1 -100.248438 0.572564 46.773909 2.450713 401.936764 -1.283191 -1.423497 0.555092 86.360402 3.475044 483.017094 25.912123 -5.836913
1 -1974.682848 0.006852 19.310577 0.452898 452.391444 0.089289 -2.113847 0.068817 -59.915047 2.888055 281.843696 7.092027 -5.836913
1 -3611.138271 0.611832 -80.786040 1.941334 430.830321 -0.786185 -1.947026 0.179774 -41.869928 6.077183 124.704072 16.728536 -5.836913
1 -52.898302 0.716134 36.501857 0.515380 479.122435 -1.560520 -1.694980 0.739513 71.944211 5.642286 148.039038 19.010761 -6.034844
1 -3629.519480 0.002271 -19.347065 4.823319 491.938866 -0.694860 -2.017349 0.627005 -77.707045 3.963967 421.186453 12.785011 -6.034844
1 -1819.926937 0.485156 -9.250906 0.788585 354.497316 -1.279165 -1.699624 0.635426 83.380791 2.345169 356.440994 10.407180 -6.034844
1 -75.047436 0.641429 48.570073 0.464481 437.236069 0.086280 -1.452709 0.028016 22.368184 4.226212 221.580252 6.417932 -6.034844
1 -1850.109739 0.204190 38.933801 2.328983 474.499145 -0.964083 -2.570037 0.748738 -56.175617 0.902708 338.542620 12.628407 -6.034844
1 -1882.550379 0.356915 82.879939 5.539381 447.491773 -1.236211 -1.004431 0.493850 -46.444668 2.533474 491.159946 15.993885 -6.034844
1 -161.761955 0.654446 4.875714 0.667489 483.011904 -0.780576 -1.298951 0.426450 -31.348450 1.804230 212.253136 9.518250 -6.034844
1 -78.359390 0.590270 44.452532 2.255421 401.620671 -1.257103 -1.441766 0.570430 89.910842 3.587930 472.399893 25.955769 -6.034844
1 -1818.642415 0.667394 7.971142 1.645811 412.183426 -0.628821 -0.941686 0.052712 -29.825103 1.304891 309.125708 5.079581 -6.034844
1 -51.409358 0.680989 83.152015 0.691585 444.897882 -0.174961 -1.502951 0.023515 33.288736 2.707619 231.488556 12.506223 -6.034844
1 -60.258836 0.688802 34.258731 0.424807 481.329254 -1.703647 -1.735454 0.013294 56.053613 4.654508 160.803826 17.517394 -6.244963
1 -97.123506 0.653443 30.915514 1.863123 378.852216 -1.340416 -1.546832 0.494638 -65.764549 3.585243 465.630520 25.286351 -6.244963
1 -1824.691913 0.241438 5.711095 2.479580 478.917321 -0.969354 -2.761655 0.497796 73.231442 1.821992 304.985782 3.074805 -6.244963
1 -1818.654288 0.505537 67.332359 0.717268 477.431061 -0.047979 -1.959560 0.236997 2.329719 4.307879 212.802521 8.314753 -6.244963
1 -1807.373874 0.572804 27.230838 2.231481 405.177502 -1.301758 -1.607416 0.201371 38.923162 4.177691 453.570314 15.714304 -6.244963
1 -1915.752891 0.383607 85.610169 5.582408 446.993102 -1.165900 -0.917470 0.344400 -39.002909 2.631334 461.849491 13.736473 -6.244963
1 -208.075927 0.722690 -18.358686 1.225757 471.910817 -0.416475 -0.984042 0.345232 -51.401879 0.684638 327.997834 8.291111 -6.244963
1 -75.276620 0.573484 49.146929 2.335927 398.214200 -1.247436 -1.457772 0.527485 -85.065566 3.596323 470.375541 25.099731 -6.244963
1 -1948.420799 0.674858 -7.663345 1.554586 420.681116 -0.663829 -0.997574 0.066036 -14.365796 1.283231 277.230612 3.042892 -6.244963
1 -1811.183666 0.624196 -70.222589 1.395261 423.971720 -1.742239 -2.010985 0.592934 66.366027 3.866502 273.076110 10.793940 -6.244963
1 -1811.276622 0.532533 31.249887 0.786109 455.709228 -1.623033 -1.720184 0.716814 44.221496 5.051368 227.867449 17.176878 -6.493710
1 -74.767829 0.688632 45.771984 1.736684 369.696887 -1.397217 -1.415948 0.502358 -70.246063 3.476635 497.540389 25.075014 -6.493710
1 -1820.710559 0.530739 12.953831 0.956402 457.563046 -0.744106 -2.744181 0.609873 -3.714759 3.168318 204.065354 23.086065 -6.493710
1 -1838.193413 0.786117 -32.714811 1.380661 430.954778 -1.148247 -1.132820 0.060600 -36.093441 5.048217 205.975379 21.994638 -6.493710
1 -1831.052720 0.511317 64.952821 0.941300 391.315894 -1.625252 -2.025683 0.240060 62.595717 0.969703 382.581904 18.517676 -6.493710
1 -1884.273388 0.406359 82.034110 5.465723 442.941060 -1.206492 -0.935139 0.331557 -35.567323 2.622649 461.072472 13.701899 -6.493710
1 -115.251978 0.716830 1.263167 0.867447 441.513715 -0.629629 -0.955295 0.431175 -10.874147 0.865144 248.197978 3.130437 -6.493710
1 -126.741300 0.570145 68.492568 1.982462 487.192857 -1.667049 -1.417271 0.378175 -76.108829 1.338101 435.957075 5.657075 -6.493710
1 -1902.754124 0.483028 -48.248601 0.959232 462.669025 -1.064207 -2.330706 0.319248 -9.214416 3.801246 81.723530 17.754001 -6.493710
1 -120.523961 0.738616 -8.767166 0.625515 411.023817 -1.481887 -2.022653 0.109941 5.441206 2.704243 150.961361 9.794140 -6.493710
1 -111.931107 0.765272 65.613309 0.713874 391.321686 -1.543562 -1.489798 0.544399 -88.827800 2.711396 497.467023 20.608454 -6.656214
1 -137.193797 0.683305 53.167843 1.634822 365.830127 -1.512112 -1.424430 0.535261 -69.061533 3.480480 491.492067 22.914628 -6.656214
1 -150.757445 0.702154 31.895812 0.687455 456.610690 -1.770904 -2.772684 0.535386 16.666790 4.291488 337.543469 22.254731 -6.656214
1 -1952.259527 0.065569 -83.165603 0.364177 494.708304 -1.081724 -2.086210 0.622852 -45.097043 3.781873 50.593891 9.194612 -6.656214
1 -1860.695910 0.710498 26.580007 0.975409 259.862863 -0.798476 -2.049569 0.135873 72.877155 1.598569 278.463904 23.457708 -6.656214
1 -2174.144431 0.450540 -72.740363 0.355176 456.316100 -1.051970 -0.873608 0.399897 -35.287683 1.105725 453.749525 14.148953 -6.656214
1 -38.670018 0.747138 15.829785 1.152677 441.805790 -0.806190 -2.700566 0.399549 -26.130691 0.644829 310.323875 26.288502 -6.656214
1 -124.332879 0.602069 59.942939 1.906587 499.424605 -1.597931 -1.500770 0.390073 -74.915125 1.072058 392.519618 5.750908 -6.656214
1 -94.943403 0.599985 76.423168 2.439173 486.581360 -1.585644 -1.497297 0.350274 88.915735 1.992684 439.006119 5.701721 -6.656214
1 -113.175226 0.734963 -6.783900 0.591235 394.380047 -1.493546 -1.921123 0.092892 14.152959 2.195993 154.624511 10.389347 -6.656214
1 -143.803201 0.066166 42.637467 0.753024 399.371602 -1.792022 -1.500027 0.642504 75.371463 2.634192 425.961341 18.737859 -6.770201
1 -71.183629 0.654049 -15.761124 0.847103 459.139697 -1.005958 -2.287589 0.536057 -6.670427 3.269977 65.722004 15.426845 -6.770201
1 -121.367412 0.701902 32.839610 0.703501 455.112531 -1.778543 -2.761103 0.531665 15.596011 4.232260 346.603472 22.080922 -6.770201
1 -130.177137 0.663117 -5.263056 0.658427 384.548826 -1.577423 -1.770312 0.074882 -6.577753 0.903004 183.387431 12.437126 -6.770201
1 -183.276805 0.699315 -63.435437 0.218356 247.545706 -0.644688 -2.604092 0.453860 12.179998 1.553176 393.251938 14.866781 -6.770201
1 -1809.905170 0.410007 72.118643 0.696582 379.241814 0.103019 -2.238550 0.668404 39.910908 4.036735 299.132481 21.957018 -6.770201
1 -1921.878568 0.674421 55.893212 1.461351 486.683699 -0.506980 -1.693379 0.674428 -82.512935 5.590549 157.235638 18.911178 -6.770201
1 -134.799773 0.606445 62.101501 1.917776 497.941756 -1.589635 -1.477900 0.386100 -78.674514 0.955236 404.834248 6.064375 -6.770201
1 -149.671210 0.606047 80.529796 2.249222 497.790126 -1.595233 -1.431416 0.280383 89.238006 1.998143 454.190437 5.065126 -6.770201
1 -123.455436 0.747222 -4.023361 0.571007 406.387297 -1.455863 -1.993257 0.093291 5.334679 2.066668 141.774826 12.397092 -6.770201
1 -197.087464 0.064579 51.029628 0.706408 419.287255 -1.816006 -1.504238 0.604890 80.016668 2.264103 474.064811 19.551623 -6.843797
1 -110.856921 0.702198 8.351089 0.719565 485.168494 -0.952436 -2.276756 0.515703 -6.487188 3.835532 11.453050 17.298886 -6.843797
1 -149.107104 0.725164 27.142763 0.571435 481.284707 -0.021693 -2.548622 0.560600 17.360566 3.998982 248.745216 21.442304 -6.843797
1 -30.450027 0.711236 17.436706 0.732609 433.866625 -1.869601 -1.462297 0.107015 5.761733 0.882741 167.267800 13.239787 -6.843797
1 -15.056807 0.144652 72.196579 6.141079 303.618907 -0.410497 -0.942146 0.518859 -53.500921 1.368767 408.188343 17.586323 -6.843797
1 -1870.795684 0.189096 69.068686 0.806719 429.401156 -0.555680 -2.671747 0.602549 19.039730 3.839810 264.092787 12.801831 -6.843797
1 -93.411101 0.639825 -70.139217 0.256450 182.586396 -0.428257 -2.339416 0.422966 36.774002 1.693643 394.998139 16.837765 -6.843797
1 -134.800473 0.606943 62.029727 1.916343 497.800321 -1.590867 -1.477900 0.385036 -78.679317 0.953336 404.804723 6.056436 -6.843797
1 -150.098893 0.605207 80.986312 2.254069 498.501998 -1.594206 -1.429973 0.281156 89.084334 1.998999 455.285130 5.047611 -6.843797
1 -172.532621 0.782640 -11.304754 1.726943 471.986310 -1.502129 -1.973596 0.095893 -9.156793 1.394920 276.140190 14.174043 -6.843797
1 -243.822881 0.787964 39.125324 1.256125 416.473621 -1.564391 -1.613588 0.673853 75.444636 3.086981 457.865239 21.520806 -6.918806
1 -80.313228 0.762733 18.333483 0.826417 474.602739 -0.528881 -1.209781 0.323734 18.621060 3.146187 133.994554 15.712849 -6.918806
1 -112.532754 0.732307 8.696414 0.944645 460.166521 -1.384921 -2.698860 0.677779 -19.362005 3.022775 231.397597 20.356563 -6.918806
1 -31.831661 0.790197 21.384917 0.895898 484.844725 -1.888531 -1.663458 0.214933 -6.208656 2.667215 201.491996 16.221692 -6.918806
1 -16.673265 0.148995 72.816673 6.163035 304.819980 -0.475426 -0.918233 0.510534 -51.526597 1.303939 408.902142 17.324989 -6.918806
1 -1976.507792 0.538928 -77.440507 1.001925 465.702171 -0.819591 -2.231335 0.493484 -21.145428 6.333430 339.116142 23.909097 -6.918806
1 -137.174401 0.612501 -66.595617 0.238736 164.643643 -0.383965 -2.275845 0.461933 22.789009 1.591921 435.728246 15.359101 -6.918806
1 -74.900446 0.591901 42.480689 0.634578 486.995469 -1.875104 -1.505032 0.423649 86.534918 1.841100 136.917743 17.993631 -6.918806
1 -147.341008 0.596734 81.576636 2.374314 497.068094 -1.619712 -1.446646 0.268832 86.203951 2.118919 456.495960 5.225940 -6.918806
1 -32.202457 0.753544 -2.112974 1.660329 452.509007 -1.696697 -1.976062 0.077227 -19.123516 1.124534 314.231457 17.948810 -6.918806
1 -97.162805 0.756731 31.114783 1.927901 386.312963 -1.395305 -1.573810 0.471522 -84.542272 2.720158 476.439873 26.061015 -6.944249
1 -97.247709 0.660953 7.888884 0.910691 487.094745 -0.494090 -1.057943 0.316564 13.654334 3.727264 124.675885 15.887627 -6.944249
1 -98.701366 0.730975 15.452445 1.014596 473.144931 -1.445103 -2.643376 0.666215 -16.009358 3.147068 231.950689 19.864467 -6.944249
1 -36.814312 0.767137 30.466260 0.762933 464.280435 0.075763 -1.550643 0.189701 17.246873 2.744879 202.148366 20.588798 -6.944249
1 -19.566601 0.153761 73.865309 6.070813 309.564786 -0.375150 -0.899514 0.521002 -49.089263 1.428805 408.771143 17.575106 -6.944249
1 -74.599830 0.754459 59.676481 0.504878 471.129663 -0.105721 -0.874567 0.427213 57.079203 5.882281 208.615345 14.397243 -6.944249
1 -183.359727 0.652401 -61.898411 0.351416 168.331125 -0.380252 -2.205458 0.450206 25.103510 1.527864 430.988953 14.908640 -6.944249
1 -84.436221 0.569162 46.822048 0.559077 458.654703 -0.003214 -1.115915 0.324242 -67.195623 1.957229 151.860647 17.027059 -6.944249
1 -96.698519 0.607528 87.910976 2.384886 497.773793 -1.638983 -1.388415 0.258022 84.873498 2.023768 460.624564 4.773748 -6.944249
1 -191.875625 0.742580 -20.968866 1.324506 429.693099 -1.863798 -2.380980 0.790927 -29.668735 1.087693 311.051387 17.336298 -6.944249
1 -148.833269 0.589629 -13.928739 1.373523 356.139377 -1.855052 -2.440410 0.684332 -78.219634 2.219360 461.440875 5.492070 -6.975363
1 -159.781249 0.592608 -21.019867 0.884439 487.211116 -0.485225 -1.356593 0.387427 28.067439 3.449564 228.780314 12.220135 -6.975363
1 -49.448473 0.713680 38.570703 0.510918 452.877427 -1.288505 -0.949691 0.531314 -20.730431 2.961715 189.838119 21.553269 -6.975363
1 -159.421419 0.784804 12.902097 0.629774 428.106620 -0.049902 -1.761418 0.219485 24.216474 2.882853 213.060793 21.031065 -6.975363
1 -151.466484 0.126806 77.230076 6.158741 309.316950 -0.740931 -0.987967 0.559705 -54.861625 1.225625 430.836230 16.576520 -6.975363
1 -75.024629 0.753158 56.835957 0.482625 475.748796 -0.104332 -0.884367 0.435273 59.964873 5.779434 196.614355 14.078859 -6.975363
1 -158.239912 0.656541 -72.828313 0.425261 159.095863 -0.465501 -2.371836 0.452081 30.023048 1.413883 413.498104 14.619167 -6.975363
1 -115.828528 0.639076 4.139452 0.779569 440.855178 -0.464463 -1.265470 0.401966 -67.179064 2.076539 171.216367 19.431615 -6.975363
1 -72.166037 0.535733 -88.175672 2.771831 498.470470 -1.665236 -1.166673 0.275591 75.010630 2.185779 445.040152 4.067229 -6.975363
1 -29.989753 0.663856 -11.443973 1.435086 421.227343 -1.630453 -1.971759 0.689759 -7.643999 0.508487 309.868432 15.541137 -6.975363
1 -84.503656 0.509986 9.341475 2.301094 380.992309 0.010005 -2.261576 0.723084 -88.804654 2.082726 470.663769 5.652297 -7.012441
1 -84.312463 0.630082 -26.843493 1.103764 478.444744 -0.752675 -1.524931 0.439140 22.298647 3.178234 241.489422 9.719383 -7.012441
1 -46.869332 0.703972 37.889646 0.634131 453.631782 -1.375842 -0.980592 0.543922 -26.146241 2.701830 196.303354 21.572080 -7.012441
1 -111.667075 0.783604 11.991281 0.654904 434.545524 0.015133 -1.683122 0.193863 26.261684 2.826748 200.908360 21.648096 -7.012441
1 -150.631476 0.128485 77.840813 6.174243 315.199591 -0.746900 -0.974412 0.563824 -53.339482 1.144382 424.034278 16.891855 -7.012441
1 -74.060249 0.740794 53.268740 0.550640 464.705893 -0.110998 -0.956235 0.464116 63.444306 5.672130 212.112010 14.399432 -7.012441
1 -104.283025 0.632295 -73.536535 0.228068 169.318393 -0.418799 -2.401756 0.437324 35.469902 1.501836 406.839101 13.475058 -7.012441
1 -113.044425 0.644733 16.187665 0.819380 434.351948 -0.281288 -1.282163 0.367149 -69.697462 2.153226 189.088444 19.638236 -7.012441
1 -119.528574 0.632430 67.019967 1.555440 475.611539 -1.641678 -1.415364 0.255505 77.916917 2.221807 453.029840 2.613003 -7.012441
1 -180.999452 0.638700 -18.770093 1.617508 403.725479 -1.679889 -2.199235 0.716892 -20.378387 0.256530 351.129841 13.524334 -7.012441
1 -98.372565 0.534845 2.159573 2.519551 369.635192 -0.376867 -2.221553 0.737237 88.832299 2.261917 470.728998 25.747309 -7.048856
1 -50.678769 0.665387 -32.572430 0.859805 450.374434 -0.565091 -1.513548 0.393266 26.436193 3.129278 182.047939 8.769015 -7.048856
1 -60.883855 0.741328 38.371549 0.413005 473.372126 -1.504562 -1.034753 0.562192 -22.569722 2.597875 199.659608 21.555241 -7.048856
1 -184.195744 0.413700 55.583955 0.449438 401.261898 -1.829946 -1.871510 0.631587 42.134970 3.862523 351.745997 23.778151 -7.048856
1 -15.858455 0.089636 70.455730 6.070830 324.135791 -0.780116 -1.027515 0.578665 -65.364843 1.116353 408.561322 15.585855 -7.048856
1 -65.246941 0.784110 55.639870 0.615496 469.887811 -0.007610 -2.859646 0.382815 56.556663 5.313389 177.234293 14.658149 -7.048856
1 -94.215856 0.631872 -62.214895 0.200789 180.219512 -0.404563 -2.489624 0.435694 37.888269 1.781519 399.771029 14.108570 -7.048856
1 -79.103176 0.652153 33.616377 0.739973 437.528310 -0.272683 -1.190240 0.275026 -79.286837 2.525266 226.848448 18.368007 -7.048856
1 -200.922777 0.613198 72.409622 1.625485 484.150585 -1.745283 -1.445006 0.286579 -87.331434 2.356235 494.423974 2.578481 -7.048856
1 -37.469346 0.620569 -2.947463 1.935948 463.874576 -1.623232 -1.916387 0.710904 -43.460711 0.251618 312.267592 14.876967 -7.048856
1 -77.191436 0.485350 -6.285844 1.857378 353.320275 -0.262062 -2.144582 0.739353 -83.764024 1.930869 451.818771 24.219479 -7.091911
1 -151.351087 0.649002 -31.070831 0.843156 445.858633 -0.535512 -1.464540 0.393059 26.008201 3.211080 185.435758 9.077423 -7.091911
1 -155.677716 0.732205 -4.232235 0.579938 477.289134 -1.749133 -0.911888 0.652485 37.315821 2.954126 296.024564 19.071917 -7.091911
1 -138.601042 0.396576 60.365088 0.425201 400.995984 -1.882039 -1.928837 0.666313 25.085384 3.738334 413.744893 26.035777 -7.091911
1 -11.606595 0.095446 71.922764 6.074021 325.347547 -0.740707 -1.017907 0.562597 -69.150491 1.195652 399.581569 15.360162 -7.091911
1 -87.418595 0.673588 56.550148 0.343357 474.882752 -0.461915 -1.034541 0.019112 -86.280118 4.534642 184.446720 19.888763 -7.091911
1 -98.153124 0.574849 -62.464577 0.543652 195.969299 -0.413664 -2.509616 0.385260 38.741018 1.869177 407.246503 12.513154 -7.091911
1 -66.080819 0.654553 29.247415 0.723194 418.730476 -0.296663 -1.242834 0.283317 -75.075349 2.654427 192.086428 18.959041 -7.091911
1 -111.256139 0.572643 63.466683 1.947281 473.676511 -1.551464 -1.221610 0.269331 89.396676 2.192103 469.262926 4.357429 -7.091911
1 -154.268118 0.583229 -0.871922 1.053102 430.232581 -1.520786 -1.938873 0.683098 -38.047804 0.862886 301.322253 16.169105 -7.091911
1 -166.604968 0.491256 -13.403973 1.580562 331.643415 -0.393162 -2.124091 0.751145 -86.813659 1.763348 476.691341 21.773188 -7.133589
1 -54.157894 0.708929 -20.023594 0.989639 457.830424 -0.458780 -1.632068 0.462283 -11.015828 3.960677 189.836846 6.800159 -7.133589
1 -109.779076 0.633070 47.924596 0.782624 455.945552 -1.887708 -0.935791 0.766400 0.957580 1.172985 365.273666 3.907461 -7.133589
1 -211.262731 0.478276 54.610591 0.446569 454.480782 -1.816332 -2.497725 0.164320 69.786657 4.970163 330.174901 23.988168 -7.133589
1 -11.872343 0.096267 72.774870 6.076899 327.146351 -0.751992 -1.005361 0.568671 -69.570367 1.170854 399.469517 15.257917 -7.133589
1 -78.804024 0.762380 48.648553 0.461781 481.355714 0.086133 -2.788751 0.688236 57.797825 4.087607 111.249752 17.743204 -7.133589
1 -90.885241 0.592868 -56.590068 0.536375 195.574521 -0.299451 -2.518052 0.332350 42.730667 1.650857 390.570581 13.268917 -7.133589
1 -74.239415 0.667035 51.004455 0.472985 460.051027 -0.270683 -1.131955 0.303825 -55.274918 2.712360 114.039654 19.173438 -7.133589
1 -82.787694 0.634766 70.241463 1.520085 480.645948 -1.737813 -1.306906 0.193797 85.134733 1.602508 394.327202 3.210131 -7.133589
1 -135.531575 0.576241 -8.573309 1.320930 393.782130 -1.770346 -1.862679 0.647825 -59.815003 0.699855 329.470890 14.459165 -7.133589
1 -87.615757 0.484865 7.028138 1.731493 369.038241 -0.643545 -2.246205 0.770234 75.303680 1.776269 428.729702 21.917161 -7.170626
1 -103.026716 0.733158 -12.529066 0.895862 458.256710 -0.347621 -1.636352 0.442425 -9.548371 4.177109 188.241256 5.079327 -7.170626
1 -71.294098 0.612977 42.635337 0.907355 442.002217 -1.865654 -0.882846 0.775779 3.565005 1.014700 397.769692 4.443113 -7.170626
1 -48.801494 0.534826 28.146379 0.629339 401.171520 -1.539138 -1.032798 0.289467 57.483161 4.189679 282.491486 20.517054 -7.170626
1 -11.905717 0.172387 51.384816 5.541986 245.984168 -0.602880 -0.981239 0.360431 -84.170227 1.131383 376.000596 11.320622 -7.170626
1 -92.875837 0.675162 30.508081 0.723470 496.362805 -0.148178 -2.645075 0.765158 36.966323 3.204004 96.923448 12.897204 -7.170626
1 -24.968073 0.497949 -87.187495 0.330220 202.602238 -0.453890 -2.107523 0.271231 48.135427 1.620954 347.205595 8.822206 -7.170626
1 -50.067705 0.472029 -0.755604 2.251856 452.324380 -1.251345 -2.485843 0.613180 -27.609603 0.494171 386.992423 19.126983 -7.170626
1 -31.971007 0.542816 -64.376337 1.146972 424.927331 -1.547178 -1.489584 0.235216 88.907414 2.529678 337.912018 3.613317 -7.170626
1 -35.435265 0.727025 33.102952 0.800536 457.194579 -1.303758 -2.340164 0.695568 -35.118800 1.953679 194.880514 13.629185 -7.170626
1 -206.287548 0.699844 21.412351 1.285928 424.967655 -0.871580 -2.439359 0.723436 -77.392365 1.496307 364.639563 21.172613 -7.221335
1 -42.703287 0.544109 34.152815 0.724791 390.572698 -1.773180 -0.952812 0.286371 34.755101 3.634173 295.442134 21.325718 -7.221335
1 -129.264769 0.622251 42.199263 0.804577 448.213511 -1.885504 -0.926701 0.783065 5.109496 1.007453 397.715834 4.968792 -7.221335
1 -147.941259 0.704682 51.641975 0.387924 432.857350 -1.825407 -1.046574 0.077434 -60.477908 2.753053 405.503948 16.562245 -7.221335
1 -11.147428 0.163220 50.916486 5.237082 244.789193 -0.606018 -0.938539 0.386482 -79.715717 1.043103 376.641322 11.672522 -7.221335
1 -56.593387 0.631139 20.893756 0.798760 486.844634 -0.158924 -2.368350 0.747180 82.470410 3.957413 154.727013 10.995532 -7.221335
1 -37.585567 0.520905 -79.471408 0.225032 194.789141 -0.406374 -2.120941 0.269227 49.011901 1.624653 365.184870 8.992620 -7.221335
1 -55.526077 0.458203 -1.469424 2.006113 433.248988 -1.200184 -2.536326 0.628483 -31.464546 0.431087 404.019506 19.474762 -7.221335
1 -50.324772 0.496145 -78.906080 1.132025 405.180850 -1.302413 -1.680542 0.266693 89.910261 2.953579 380.028095 4.218801 -7.221335
1 -33.929043 0.656608 28.682312 0.862622 432.362316 -0.995303 -2.292126 0.651446 -16.618292 2.096186 249.395303 18.219453 -7.221335
1 -58.324735 0.716526 14.647024 1.263780 428.935752 -0.801972 -2.800510 0.098378 85.609266 2.434178 383.691694 19.243939 -7.280373
1 -79.703721 0.647652 31.004120 0.507615 396.846864 -1.712499 -1.089144 0.421562 47.138949 4.287393 339.387890 26.202836 -7.280373
1 -73.599081 0.612559 33.782395 0.678865 417.531515 -1.811355 -0.921187 0.793363 19.827558 0.847059 403.464765 4.415346 -7.280373
1 -109.300802 0.725009 46.167638 0.478919 413.328744 -1.862927 -0.882008 0.037766 -84.952385 3.230383 402.804947 14.721611 -7.280373
1 -12.283757 0.171274 52.388180 5.260198 247.468967 -0.555540 -0.983681 0.374571 -81.268051 1.039696 371.807283 11.728968 -7.280373
1 -59.485813 0.645051 27.528930 0.725367 487.678083 -0.249511 -2.247207 0.010836 -88.496574 3.802643 162.554109 9.957587 -7.280373
1 -37.972166 0.526668 -72.622358 0.187494 188.309548 -0.482926 -2.065908 0.258467 53.424582 1.651562 367.840717 10.775450 -7.280373
1 -212.288133 0.571703 2.795166 1.829362 459.136060 -1.398905 -2.525432 0.616109 -20.263092 0.884252 381.128078 17.307820 -7.280373
1 -34.188596 0.453458 -80.016062 1.126734 389.750641 -1.195313 -1.653095 0.311851 -77.105478 3.068216 357.449715 3.834156 -7.280373
1 -218.880156 0.608679 69.309413 0.493908 486.056526 -1.472811 -2.497480 0.539462 -6.822622 3.128044 255.286596 19.557671 -7.280373
1 -139.843625 0.731763 -4.810413 0.996076 439.003645 -0.769017 -2.794970 0.788342 -59.327857 2.755532 354.279757 15.228478 -7.338905
1 -37.784145 0.567720 18.978327 1.160081 344.617006 -1.259528 -1.716897 0.320257 -19.476372 3.432904 473.451444 8.010746 -7.338905
1 -59.038812 0.555605 18.609605 0.693854 333.327177 -1.537316 -0.908395 0.733775 9.324078 1.148968 454.358218 26.038694 -7.338905
1 -95.530088 0.752015 58.451827 0.451047 448.144941 -1.813561 -0.964799 0.799125 88.960341 3.087797 360.985618 13.859151 -7.338905
1 -13.424022 0.172812 52.161148 5.265377 248.049901 -0.550405 -1.002191 0.367113 -82.419420 1.051644 371.608471 11.655970 -7.338905
1 -117.434813 0.669024 0.767425 0.980437 492.978365 -0.107257 -2.371551 0.015916 81.404061 3.556286 152.739671 8.968937 -7.338905
1 -28.466686 0.519096 -77.229328 0.211095 190.337364 -0.454887 -2.021858 0.251704 56.636131 1.683969 362.980339 10.638687 -7.338905
1 -244.529096 0.566061 -0.460071 1.242516 430.057433 -1.492252 -2.185253 0.525478 -42.210882 1.034931 400.029966 12.578605 -7.338905
1 -31.494491 0.516040 -75.804722 1.342103 413.503834 -1.139543 -1.642581 0.367706 -85.348834 3.486404 395.444278 3.631519 -7.338905
1 -119.117741 0.624918 58.264480 0.602279 498.838955 -1.358093 -2.531300 0.528388 -43.444896 3.042586 266.589000 17.118822 -7.338905
1 -96.754374 0.722622 64.964422 0.427680 486.800724 -0.724380 -2.788363 0.085244 -84.029562 5.185307 247.890256 9.503203 -7.387238
1 -35.181088 0.539524 28.508517 0.966398 301.966190 -1.410727 -1.279851 0.453575 10.372304 3.221561 491.476354 15.304875 -7.387238
1 -40.800654 0.413657 20.138437 0.838954 318.551359 -1.635463 -0.986967 0.759280 11.023341 1.321508 428.010688 25.164559 -7.387238
1 -74.456052 0.746810 74.740042 0.598970 374.296688 -1.816575 -0.889706 0.040296 -71.923383 3.483521 436.044743 17.862163 -7.387238
1 -10.776435 0.166644 54.406556 5.385104 254.517825 -0.551044 -0.964927 0.379883 -82.269108 1.152857 374.566071 12.143750 -7.387238
1 -122.596184 0.679147 0.874461 0.861211 496.046151 -0.116443 -2.412231 0.030763 83.546535 3.579268 149.388314 9.153405 -7.387238
1 -27.257645 0.516621 -76.167697 0.275553 195.377169 -0.481168 -2.071051 0.255906 53.016968 1.684271 357.712945 11.257445 -7.387238
1 -162.925035 0.533032 3.819891 0.853213 460.576975 -1.634385 -2.177610 0.565804 -1.247361 6.033053 358.548562 14.937757 -7.387238
1 -72.266481 0.480557 -76.771955 1.209835 396.026844 -1.083132 -1.578240 0.369667 -84.863827 3.045664 402.362142 3.699674 -7.387238
1 -90.697327 0.654195 62.003072 0.587087 473.910188 -1.358715 -2.481300 0.509659 -44.522127 2.717980 263.856392 17.667449 -7.387238
1 -73.797124 0.717346 63.760435 0.533518 471.668848 -0.648572 -2.818369 0.052822 -82.401952 5.113134 242.055641 8.895485 -7.436916
1 -37.651751 0.543658 -8.894837 0.809697 309.099415 -1.251526 -1.504629 0.444604 16.466156 4.171875 496.695951 11.511084 -7.436916
1 -45.315100 0.434479 25.775691 0.668127 364.138173 -1.696849 -1.067672 0.754332 11.369022 1.523015 366.743608 24.512043 -7.436916
1 -99.274594 0.711657 71.860261 0.696834 352.237714 0.028527 -2.823554 0.043478 86.316695 3.689413 490.288253 18.227553 -7.436916
1 -11.449549 0.174924 55.719134 5.395135 245.011676 -0.589423 -0.985990 0.371314 -82.814166 1.091206 374.096381 12.226027 -7.436916
1 -124.554358 0.677411 0.354077 0.849523 498.278834 -0.103888 -2.451281 0.043352 84.683032 3.549686 145.639511 9.184796 -7.436916
1 -99.804237 0.655473 -59.985385 0.614692 400.482959 -0.164756 -2.811458 0.322599 81.902515 5.771650 488.850888 7.955759 -7.436916
1 -125.701908 0.649738 2.165891 0.967776 456.303851 -1.608270 -2.264337 0.572940 -0.667850 6.293291 331.042447 15.238613 -7.436916
1 -36.028314 0.617922 -72.530924 1.112241 388.866898 -0.916197 -1.718033 0.267403 -79.515230 3.053498 370.191670 20.774523 -7.436916
1 -103.946443 0.656236 43.109407 0.670720 481.948528 -1.312110 -2.495946 0.441598 -67.776683 2.845524 260.560854 13.805720 -7.436916
1 -83.550825 0.726029 72.079659 0.533280 477.815778 -0.761709 -0.901185 0.103010 -78.596314 5.626475 256.905809 6.896240 -7.487151
1 -93.429704 0.697885 5.139523 0.821987 473.239309 0.012546 -1.166401 0.431873 -10.556390 2.436320 136.409862 6.342242 -7.487151
1 -44.156475 0.432402 20.651744 0.559400 328.218806 -1.631519 -0.945664 0.751613 19.086382 1.937432 420.075335 25.721665 -7.487151
1 -131.563617 0.658825 56.797362 0.412884 380.286171 -0.003886 -0.937796 0.041495 -66.118902 3.475028 443.564899 18.871538 -7.487151
1 -11.617417 0.177884 51.433552 5.329336 258.506930 -0.570848 -1.021117 0.391314 -79.554467 1.020769 371.908747 12.112428 -7.487151
1 -146.399605 0.702106 -20.334887 0.604048 498.549879 -1.686948 -2.569183 0.734375 -70.472424 3.271092 161.809126 7.612867 -7.487151
1 -104.828769 0.649330 -58.981090 0.606953 397.979290 -0.187151 -2.787019 0.331760 79.956836 5.603278 489.753168 8.209746 -7.487151
1 -28.661833 0.728012 0.026133 1.288370 449.965227 -1.756112 -2.757501 0.474457 -29.992715 0.197930 299.657848 13.316299 -7.487151
1 -48.769437 0.372144 -7.750504 1.461038 353.181224 -0.391311 -1.719150 0.787329 87.913557 2.322748 390.492940 24.475574 -7.487151
1 -72.868718 0.693964 37.543316 0.776439 452.588008 -1.290798 -2.438218 0.462710 -63.093405 2.916083 291.395402 12.974194 -7.487151
1 -156.014295 0.675007 43.084784 0.574191 488.815923 -1.298798 -2.542722 0.322817 -16.300904 5.603812 272.275108 7.940516 -7.545202
1 -127.820989 0.702461 5.018112 0.624860 488.346734 -0.269197 -1.176707 0.476057 -37.187068 3.580056 165.941622 4.260056 -7.545202
1 -59.038024 0.631165 15.127543 0.681881 352.507383 -1.643630 -1.154333 0.720019 26.049920 1.635749 450.670212 24.222698 -7.545202
1 -112.654586 0.711175 53.793118 0.697690 356.081434 0.014826 -2.750158 0.047018 -69.193407 3.575796 476.442874 17.361022 -7.545202
1 -11.201146 0.150449 55.427994 5.203791 247.357708 -0.584575 -1.022226 0.404531 -81.662175 1.031977 375.875735 10.712570 -7.545202
1 -150.935282 0.657853 -21.838180 0.628999 498.648275 -1.684923 -2.550635 0.772201 -68.612558 3.408731 131.094074 8.181938 -7.545202
1 -61.509865 0.705539 -46.092864 0.917735 389.215655 -0.189905 -2.820474 0.323989 78.747884 6.147535 493.624178 8.901263 -7.545202
1 -34.047145 0.672015 0.280960 1.846371 483.215049 -1.545613 -2.531489 0.358515 -49.165541 0.046966 285.724603 8.701872 -7.545202
1 -56.254414 0.375262 0.447999 1.556535 350.395472 -0.409652 -1.640326 0.736459 -87.331817 1.966490 396.766021 25.143768 -7.545202
1 -117.190264 0.732207 0.110434 1.133003 484.773655 -1.885539 -2.180682 0.584577 -35.667528 0.617457 184.727894 11.209881 -7.545202
1 -177.120111 0.644147 48.808620 0.501184 482.007501 -1.146801 -2.744547 0.169795 -17.137962 6.102005 284.170275 7.935910 -7.663706
1 -75.063844 0.713495 40.990519 0.576189 437.645706 -1.827101 -1.427476 0.280448 -70.109768 3.297157 229.610759 8.431624 -7.663706
1 -40.221309 0.578953 20.490449 0.736588 354.389162 -1.561098 -0.918567 0.794597 23.549340 1.926179 406.609434 23.524898 -7.663706
1 -155.786275 0.705440 61.324335 0.819006 369.932901 -0.135098 -2.670123 0.091905 -78.553091 3.125725 482.579671 18.088566 -7.663706
1 -19.582013 0.144197 55.642179 5.191120 248.551791 -0.608969 -1.022087 0.405926 -82.748313 1.049155 375.416722 10.703754 -7.663706
1 -137.799085 0.599399 -5.818913 0.699051 460.387187 -1.696607 -2.264700 0.123178 -64.725905 3.146615 181.155632 10.918439 -7.663706
1 -93.432696 0.770099 -8.721439 0.299289 372.360608 -0.007932 -2.801477 0.222149 40.946253 5.827940 58.077245 5.887266 -7.663706
1 -169.757676 0.672526 2.729488 1.356650 491.592203 -1.316920 -0.994904 0.225116 -12.052843 0.814556 299.407359 5.828690 -7.663706
1 -52.254803 0.374897 -0.029187 1.519811 341.886897 -0.440063 -1.720915 0.713202 -80.502784 2.290502 415.403509 25.863506 -7.663706
1 -82.301966 0.742028 17.443724 0.869121 465.744863 -1.434264 -1.719764 0.673503 -53.973860 0.035245 145.248631 11.151786 -7.663706
1 -48.733263 0.613824 38.010742 0.679255 408.476543 -1.871259 -2.522657 0.421967 30.934576 4.855321 368.143064 15.608681 -7.805172
1 -86.934424 0.693750 56.909458 0.504530 448.993834 0.034897 -1.682312 0.243536 -74.549196 3.670969 280.843668 7.379281 -7.805172
1 -64.373682 0.626570 14.480824 0.320097 402.340198 -1.546514 -1.027734 0.743370 30.773018 1.755231 368.262687 24.178486 -7.805172
1 -15.122205 0.128210 42.229711 5.052261 257.330150 -0.536343 -0.896244 0.467927 87.655444 1.097513 367.130914 7.630055 -7.805172
1 -33.011595 0.141093 55.588815 5.186330 249.977614 -0.612843 -1.023914 0.408870 -83.330927 1.078391 376.499832 10.682673 -7.805172
1 -83.128606 0.589028 -22.391293 1.004739 485.155693 -1.639689 -1.830230 0.111055 -60.410169 1.269136 218.768332 13.281687 -7.805172
1 -97.662066 0.797301 -6.428276 0.171651 377.691692 0.047378 -0.871119 0.229444 41.880229 5.800758 71.698399 6.306455 -7.805172
1 -146.099515 0.697226 -1.114868 2.495807 458.742329 -1.392964 -1.330444 0.311515 12.423138 1.124484 350.522238 25.610025 -7.805172
1 -37.943586 0.374397 2.463226 1.976996 347.543989 -0.368105 -1.729969 0.681283 -87.699644 2.831544 408.257076 24.780683 -7.805172
1 -30.906826 0.740845 22.131256 0.862367 458.833607 -1.685915 -1.712491 0.010420 -37.395241 6.348096 220.652121 13.857683 -7.805172
1 -45.828655 0.652664 25.594028 0.474893 422.897553 -1.883102 -2.664548 0.456758 19.218136 5.341971 348.564497 16.366161 -8.111103
1 -42.091924 0.672118 30.459443 0.573915 414.959503 0.059633 -2.778221 0.373313 24.006483 5.322681 352.666384 19.276389 -8.111103
1 -88.461710 0.624898 19.788612 0.750590 413.528150 -1.267656 -0.914933 0.751618 65.785373 1.679085 344.910015 23.031629 -8.111103
1 -93.518288 0.694151 66.788921 0.413645 478.110507 -1.767926 -1.317123 0.140997 -52.359949 5.110680 234.629648 11.182018 -8.111103
1 -20.723643 0.141381 55.494806 5.236574 249.822017 -0.596562 -1.097929 0.399434 -88.236630 1.194346 377.147424 10.890547 -8.111103
1 -81.238599 0.560812 -21.351019 1.026903 480.582147 -1.657311 -1.761390 0.116116 -62.054206 1.159175 222.352522 14.475452 -8.111103
1 -94.818606 0.795007 -6.205027 0.230294 371.340527 -0.079485 -0.992149 0.221632 35.168383 5.825639 67.408676 6.410147 -8.111103
1 -57.772497 0.704877 31.471303 0.548256 420.401368 -1.634163 -2.607613 0.448597 45.068535 4.882728 430.864228 11.997517 -8.111103
1 -42.327828 0.466216 -4.039721 1.784481 349.596927 -0.414222 -1.885735 0.682739 -87.392361 3.316779 421.687743 25.118768 -8.111103
1 -146.926517 0.713057 -68.462720 1.081888 487.242479 -1.432038 -1.979698 0.778770 -8.656153 4.232629 165.262226 21.228983 -8.111103
1 -42.745318 0.642536 25.622715 0.556606 420.403464 -1.873698 -2.631852 0.454419 16.390907 5.254931 346.957910 16.336796 -8.431688
1 -33.042591 0.636790 18.618819 0.730148 399.656350 -1.800884 -2.368341 0.399162 14.797847 5.065804 349.299616 21.634227 -8.431688
1 -85.278342 0.582908 13.454032 1.027724 397.527718 -1.203867 -0.896421 0.725066 62.410792 1.577311 337.524036 22.558298 -8.431688
1 -86.556171 0.663391 76.304322 0.490066 491.150626 -0.060640 -1.900417 0.105307 -70.126428 5.400516 260.238052 8.722135 -8.431688
1 -21.476048 0.141725 57.391349 5.102623 252.611824 -0.558963 -1.106105 0.384066 -88.669355 1.254829 379.054515 10.091431 -8.431688
1 -95.903659 0.538289 -23.673515 1.136937 471.599351 -1.651119 -1.703533 0.169429 -66.653725 0.759476 244.624934 15.973726 -8.431688
1 -33.274590 0.739747 18.073302 0.586085 464.074666 0.098272 -2.746198 0.203525 43.814784 4.986617 70.219556 10.118669 -8.431688
1 -57.399380 0.703185 31.875246 0.553675 426.812952 -1.652501 -2.711264 0.420617 39.267756 4.722172 422.012123 11.545447 -8.431688
1 -48.087625 0.461255 -4.613800 1.883424 353.057618 -0.427765 -2.085737 0.672399 89.745503 3.209715 432.597069 25.677600 -8.431688
1 -41.846051 0.639301 17.133088 0.643994 400.765761 -1.338055 -0.914891 0.507853 47.182748 5.157284 367.689655 17.661795 -8.431688
1 -73.724624 0.578663 42.414988 0.534984 389.878669 -1.795222 -1.038708 0.290830 -4.806474 4.690122 332.815229 11.608941 -8.734557
1 -30.856049 0.712281 14.189717 0.769279 407.759407 -1.856479 -2.455180 0.314777 10.175596 5.222010 376.238451 21.404955 -8.734557
1 -20.525142 0.151919 56.943656 5.090040 256.086499 -0.561377 -1.109609 0.393223 -88.618093 1.244272 376.196411 10.379831 -8.734557
1 -86.631260 0.664006 76.397998 0.488416 490.894226 -0.067902 -1.897161 0.104829 -70.645371 5.409350 261.975979 8.750320 -8.734557
1 -33.903171 0.657938 9.173481 0.695226 396.520495 -1.058437 -0.933003 0.503090 42.593557 4.935383 321.195716 16.879313 -8.734557
1 -31.383951 0.648830 -42.800501 1.517995 469.184298 -1.444683 -1.704293 0.219891 -81.268192 1.166884 154.951129 13.577489 -8.734557
1 -83.613672 0.764541 37.878801 0.586150 480.131403 -1.597127 -2.540742 0.188308 22.505673 5.363948 40.253117 11.161761 -8.734557
1 -52.032679 0.784442 28.345742 0.563336 456.871262 -1.461975 -2.646611 0.346491 31.772938 4.835458 435.047566 6.257710 -8.734557
1 -48.744956 0.434937 -4.212442 1.930134 341.789772 -0.492873 -1.779256 0.669345 84.382828 2.949986 433.919068 25.099824 -8.734557
1 -34.069190 0.656004 8.896596 0.688994 397.307173 -1.041836 -0.910635 0.501990 41.822710 4.906469 317.481764 16.872167 -8.734557
1 -43.873486 0.704007 37.100101 0.628060 419.023675 -0.361829 -1.106746 0.208638 -19.603459 6.065849 336.264601 15.792092 -9.034636
1 -33.098369 0.746064 25.993764 0.618710 435.731921 -1.669023 -2.694476 0.221737 11.283200 5.608605 257.092114 18.957273 -9.034636
1 -20.128813 0.144433 55.632860 4.997991 268.319001 -0.563810 -1.101290 0.396268 -87.638017 1.280641 375.567156 10.463797 -9.034636
1 -33.291776 0.701875 11.844552 0.604106 409.890445 -1.539449 -1.538883 0.382686 24.633971 5.236470 322.438207 19.680196 -9.034636
1 -29.674395 0.714424 17.813841 0.846572 437.722751 -1.174701 -1.521282 0.393419 37.552824 5.498708 230.530059 14.190996 -9.034636
1 -40.666712 0.608638 -47.561040 1.671637 497.128105 -1.502333 -1.886535 0.132812 -72.431474 0.808391 123.878990 13.486328 -9.034636
1 -86.921065 0.788075 39.272560 0.578714 493.772425 -1.779159 -0.974481 0.180637 29.918604 5.223371 39.402414 8.990294 -9.034636
1 -33.391816 0.689681 13.133951 0.575467 409.910822 -1.625644 -1.054486 0.402225 25.906185 5.170214 291.820729 20.869608 -9.034636
1 -56.115280 0.443261 -2.719383 1.613927 332.320451 -0.335185 -2.123882 0.583064 87.787942 2.850077 411.345308 25.346897 -9.034636
1 -53.133876 0.793989 34.794567 0.487798 467.253009 -1.579076 -2.322682 0.331634 31.090097 4.944233 371.658997 5.698852 -9.034636
1 -86.876993 0.752676 30.149741 0.550315 417.854746 -0.144124 -1.172803 0.169951 -14.367411 6.173000 377.627617 19.199546 -9.410806
1 -85.363219 0.712954 24.825588 0.706599 447.712000 -1.683116 -2.663815 0.208100 6.302888 5.771291 279.078278 18.872777 -9.410806
1 -17.793862 0.138384 56.141107 5.018788 273.444837 -0.566825 -1.155492 0.388510 -83.630004 1.367587 383.511187 10.541131 -9.410806
1 -31.978847 0.665781 7.159645 0.766237 399.047032 -1.577050 -1.733358 0.397464 28.512027 4.771717 330.995365 21.351276 -9.410806
1 -75.204099 0.735512 22.117277 0.788337 445.055779 -1.253067 -1.476886 0.376220 34.400981 5.554598 238.439044 12.638008 -9.410806
1 -27.949665 0.605921 -61.172393 1.508115 468.963654 -1.197967 -1.343741 0.090570 -73.977397 0.915666 93.724065 17.050170 -9.410806
1 -30.439564 0.709738 12.114148 0.971067 378.987184 -1.168191 -1.684461 0.341951 9.286744 3.852318 426.462023 16.497653 -9.410806
1 -32.822373 0.728517 16.270148 0.663670 440.849429 -1.394573 -2.533044 0.438426 46.588920 5.489294 253.027373 12.577188 -9.410806
1 -48.124206 0.460841 -5.989869 1.433166 321.085406 -0.316059 -2.111584 0.589898 85.525886 3.020107 412.081153 25.821734 -9.410806
1 -50.226355 0.787971 37.489024 0.541575 464.242649 -1.467507 -2.428412 0.361000 34.707361 4.665064 336.410922 4.769291 -9.410806
1 -28.442521 0.691644 15.391401 0.797166 383.000234 -0.077436 -1.102368 0.272037 3.236392 6.330507 379.242569 20.967312 -9.661888
1 -30.303651 0.707893 19.320618 0.897369 438.510476 -1.888341 -2.512137 0.175828 0.657335 5.304979 280.940978 19.752008 -9.661888
1 -15.835892 0.136605 51.203696 4.738454 284.685686 -0.603596 -1.065931 0.387328 -83.265767 1.470755 382.024245 10.699022 -9.661888
1 -30.975088 0.682391 14.602598 0.737467 402.910362 -1.673348 -1.773058 0.391107 20.986303 4.894903 331.052972 20.739059 -9.661888
1 -17.106566 0.136818 55.035218 5.061170 270.461689 -0.537206 -1.115881 0.387870 -85.738110 1.442812 385.291769 10.877146 -9.661888
1 -12.998801 0.613652 -67.991023 1.197119 434.887539 -1.222949 -0.981877 0.132974 -80.129426 1.206231 77.057581 14.805321 -9.661888
1 -26.754928 0.614209 14.078803 1.257932 352.481829 -1.113650 -1.630965 0.351443 -4.775308 3.550226 434.289845 16.362954 -9.661888
1 -83.536896 0.624916 53.101323 0.551237 414.577084 -1.244622 -2.553403 0.572150 49.027185 6.228255 371.887632 16.247833 -9.661888
1 -45.317069 0.473064 -5.810917 1.495017 318.325020 -0.379211 -2.159427 0.555364 88.686401 3.107461 424.381809 25.825443 -9.661888
1 -51.187769 0.778007 37.891823 0.530568 458.838801 -1.422312 -2.361261 0.366942 32.558647 4.498994 340.933878 4.842284 -9.661888
1 -30.416141 0.718423 19.899718 0.653903 398.798705 -0.321706 -0.942253 0.255806 -22.940809 6.240505 334.185485 17.015557 -9.947590
1 -117.854798 0.777119 13.835973 1.581429 427.770688 -1.057648 -2.691712 0.448457 77.565078 2.805377 441.290610 13.980340 -9.947590
1 -13.750267 0.151846 56.007953 4.700344 283.911892 -0.610958 -1.073154 0.400525 -83.867553 1.483996 381.836812 10.546254 -9.947590
1 -29.161036 0.666533 10.626075 0.851505 402.268113 -1.682781 -1.691890 0.383138 10.723307 4.556277 315.440601 20.046681 -9.947590
1 -16.263531 0.136497 52.441478 4.986311 271.369414 -0.528285 -1.097344 0.388788 -85.524135 1.485031 386.567912 10.873769 -9.947590
1 -15.687931 0.648664 -67.555932 1.296691 458.713262 -1.163867 -1.072917 0.111077 83.655792 0.831212 53.587902 15.478758 -9.947590
1 -26.030294 0.716973 12.923986 1.216488 358.605091 -1.346418 -1.910779 0.400064 -23.665197 3.328952 458.239309 18.577604 -9.947590
1 -84.798821 0.628481 51.912306 0.553139 422.383165 -1.182924 -2.765635 0.555447 52.527053 6.103394 359.653047 16.600559 -9.947590
1 -50.965155 0.786782 -83.379502 1.577806 498.227169 -0.787105 -2.508440 0.381974 -86.137317 2.734431 283.219458 26.240946 -9.947590
1 -33.912419 0.682157 -72.790869 1.264278 471.299586 -1.775139 -2.853580 0.168227 78.888484 0.227199 41.383133 16.606055 -9.947590
1 -30.577017 0.743862 19.549789 0.612277 409.504377 -0.311755 -0.881801 0.256795 -26.943584 6.084884 314.271280 17.322374 -10.174819
1 -74.078463 0.793582 19.208448 1.405661 424.190499 -1.021288 -2.524769 0.458987 64.050981 2.695643 475.638104 13.509619 -10.174819
1 -13.710466 0.151551 57.124694 4.683605 280.734272 -0.605192 -1.076021 0.398404 -84.236509 1.499032 383.511472 10.571579 -10.174819
1 -32.683044 0.690642 11.835291 0.617594 400.696656 -1.876554 -2.037726 0.406221 12.310302 4.222788 337.163305 19.975610 -10.174819
1 -14.092178 0.138776 65.880237 4.428945 267.382425 -0.516248 -0.916955 0.388551 -89.862619 1.270344 362.990327 10.308898 -10.174819
1 -24.686189 0.700315 -73.428191 0.917023 465.211872 -1.080277 -1.273640 0.095523 -77.052574 1.010608 96.466714 16.256879 -10.174819
1 -27.158430 0.658208 21.129566 1.323260 380.960074 -1.223348 -1.593990 0.461306 -24.250139 3.278199 410.271434 18.528419 -10.174819
1 -41.267044 0.706943 20.863761 0.788397 408.363240 -1.537962 -2.867091 0.527078 69.262359 5.459902 388.100668 18.988811 -10.174819
1 -79.977638 0.760614 -69.369021 1.715295 477.073548 -0.694621 -2.312612 0.452552 84.024611 2.627171 328.977666 25.732657 -10.174819
1 -29.220598 0.536429 -70.864482 0.819501 456.785321 -1.807971 -2.622555 0.181975 78.528133 6.571706 60.204875 18.741372 -10.174819
1 -28.337490 0.779425 18.510813 0.687019 425.343494 -0.463842 -1.110724 0.319989 -34.583215 6.066583 301.490133 18.321264 -10.392272
1 -15.504182 0.130297 66.700821 4.747641 265.209684 -0.512456 -0.871661 0.400953 87.820658 1.228672 363.321594 9.930426 -10.392272
1 -17.243177 0.163493 59.016222 4.802933 275.834058 -0.637717 -1.001821 0.386880 -88.976526 1.327352 368.596962 10.931333 -10.392272
1 -32.747444 0.727517 15.319263 0.596492 404.574867 -0.023895 -2.197547 0.468934 31.767644 4.772399 359.161413 17.424459 -10.392272
1 -15.134230 0.118441 74.433664 4.479841 266.259749 -0.527114 -0.878543 0.395616 86.864254 1.284942 363.274174 9.353468 -10.392272
1 -52.949257 0.751190 -74.961368 0.658967 477.994639 -1.136219 -1.086874 0.060869 -82.198613 1.627002 84.842526 16.794788 -10.392272
1 -30.992037 0.604116 21.777941 1.277476 365.667106 -1.156055 -1.591743 0.477243 -38.379460 3.416941 401.958533 17.864950 -10.392272
1 -49.145625 0.683347 84.593633 0.884251 417.605831 -1.114385 -2.560129 0.418218 -82.034396 5.215631 339.425431 24.612128 -10.392272
1 -53.217738 0.773146 -70.172656 1.674545 482.883695 -0.599803 -2.129687 0.439463 76.879051 2.304506 334.827221 25.275359 -10.392272
1 -12.423600 0.559167 -62.222442 1.140178 423.766765 0.097470 -2.238068 0.138460 43.657564 1.399953 32.066273 14.227887 -10.392272
1 -29.627340 0.794673 20.180240 0.667892 423.436086 -0.451081 -1.043206 0.325606 -54.773838 5.981106 314.991408 18.418093 -10.572472
1 -14.635769 0.129491 63.449022 4.678595 268.093663 -0.504375 -0.925635 0.402572 88.388697 1.270069 362.651166 9.813027 -10.572472
1 -14.013527 0.186001 69.272838 4.884267 286.650045 -0.645241 -0.943571 0.377521 -87.502429 1.409070 371.078168 10.203531 -10.572472
1 -33.269422 0.652190 21.435097 0.827642 411.268556 -0.087851 -2.781840 0.592225 27.795859 4.311155 357.967385 18.725560 -10.572472
1 -13.139440 0.086851 78.899738 4.426087 259.676265 -0.436972 -0.894618 0.410403 -86.089985 1.139527 366.239440 8.622425 -10.572472
1 -13.131474 0.119561 73.055569 4.521944 267.670770 -0.484238 -0.984129 0.413769 -88.089722 1.241346 369.087525 9.308089 -10.572472
1 -26.656416 0.601512 6.193919 1.556718 371.427922 -1.220902 -1.408947 0.445472 -28.647372 2.922666 396.328877 18.347777 -10.572472
1 -27.632078 0.678132 -77.305379 1.096250 420.815968 -0.926642 -2.691108 0.436903 -73.185292 5.217860 327.465655 23.775186 -10.572472
1 -49.681106 0.775062 -66.880054 1.533108 475.783908 -0.595375 -2.161919 0.419157 76.453266 2.289784 327.875091 25.391407 -10.572472
1 -11.459628 0.541440 -62.288400 1.150931 420.134288 0.089355 -2.235447 0.120902 38.591966 1.547450 27.820041 14.843309 -10.572472
1 -31.419527 0.682236 0.450735 1.657938 460.140724 -1.692246 -2.818743 0.389084 -88.271536 1.259072 270.643094 20.837721 -10.749665
1 -18.075808 0.126366 63.684455 4.689281 263.336814 -0.498352 -0.936101 0.399983 84.241045 1.319213 366.112759 9.730311 -10.749665
1 -18.052790 0.167521 60.864421 4.936408 292.503936 -0.639632 -1.112523 0.359216 -85.649476 1.510499 384.388397 9.090326 -10.749665
1 -12.848141 0.117343 72.804499 4.501190 266.616501 -0.490989 -0.977906 0.418312 -88.057231 1.214565 367.288015 9.347805 -10.749665
1 -13.148289 0.097065 75.979846 4.302828 270.429348 -0.476412 -0.895467 0.423800 -89.091597 1.274811 366.482766 8.828563 -10.749665
1 -18.117994 0.134985 64.666521 4.768006 293.526164 -0.615412 -1.021206 0.368510 -88.372121 1.512241 380.419914 8.441096 -10.749665
1 -27.217556 0.718759 -0.633008 1.093633 352.924927 -1.335766 -1.640653 0.392047 -31.860317 2.802115 407.743006 17.964881 -10.749665
1 -48.060385 0.687688 -78.985105 1.025832 422.939422 -0.936957 -2.705291 0.437784 -71.700456 5.248328 327.162395 23.964509 -10.749665
1 -39.222590 0.653717 -79.257482 1.889808 476.206378 -0.527498 -2.210551 0.423636 -86.471716 3.612742 290.921453 24.985783 -10.749665
1 -22.393846 0.585917 -67.187125 0.674861 441.084557 -1.782443 -2.295010 0.133068 28.763000 2.156627 23.815219 16.816769 -10.749665
1 -31.039182 0.678231 4.291643 1.733340 455.802399 -1.712502 -2.806431 0.388173 77.342979 1.256217 279.062328 20.516906 -11.018773
1 -17.780480 0.132840 67.982012 4.903128 320.083348 -0.722868 -1.067440 0.336385 -81.035092 1.677127 397.044216 6.899938 -11.018773
1 -21.468085 0.132788 59.641415 5.160203 288.548877 -0.586896 -1.098577 0.348568 -88.390497 1.417992 380.226025 8.779459 -11.018773
1 -11.708629 0.078815 76.320413 4.662717 260.161365 -0.492671 -0.939364 0.423172 -87.042242 1.265534 376.507412 9.053271 -11.018773
1 -16.802925 0.169246 -84.261931 4.370290 286.266328 -0.903913 -1.020804 0.404835 -57.119404 1.710324 437.028878 10.297256 -11.018773
1 -21.438828 0.128280 68.258467 4.608743 275.503855 -0.523664 -1.033036 0.360595 87.405919 1.481019 380.134485 7.464355 -11.018773
1 -28.081649 0.704638 4.844230 1.147806 365.884713 -1.320436 -1.628538 0.402968 -30.026557 2.932131 413.815459 17.190037 -11.018773
1 -63.875566 0.780437 -74.028968 1.271298 460.769439 -0.731518 -2.770393 0.491685 -79.230912 4.646320 373.032110 23.014171 -11.018773
1 -29.232307 0.603745 -77.792470 1.782646 484.165263 -0.777396 -2.022559 0.272914 -45.197603 2.246897 170.518241 22.800044 -11.018773
1 -19.363933 0.567297 -59.045575 0.670514 428.940447 -1.701465 -2.042559 0.052293 31.121518 2.220042 28.765158 16.143491 -11.018773
1 -36.888993 0.754756 3.740771 1.346520 474.945959 -1.725429 -2.767117 0.419812 56.575149 1.449694 287.770593 20.674662 -11.225499
1 -9.190994 0.130293 68.119192 5.052598 325.911914 -0.742206 -1.040995 0.337398 -78.883896 1.750731 406.504208 6.189494 -11.225499
1 -23.343061 0.200610 -84.651739 3.378526 269.970153 -1.052075 -0.929930 0.432753 -44.347266 1.540222 411.120671 11.031720 -11.225499
1 -11.108236 0.087140 74.198070 4.509629 255.336093 -0.483726 -0.887057 0.424411 -85.952144 1.223606 373.670717 8.976207 -11.225499
1 -15.660600 0.127026 -86.181856 3.597628 314.628756 -0.979462 -1.112333 0.419927 -57.255100 2.257723 431.743220 11.177152 -11.225499
1 -21.070122 0.142441 73.579159 4.541820 273.240859 -0.533695 -1.042424 0.355889 86.164619 1.485168 378.997164 7.446135 -11.225499
1 -26.459991 0.738134 9.524253 1.454081 375.785192 -1.196362 -1.694694 0.406431 -35.864816 3.303089 438.362127 19.071450 -11.225499
1 -13.586110 0.711612 -51.280333 1.806875 288.344139 -1.621519 -1.438852 0.226585 -86.573243 2.475706 446.259665 10.618884 -11.225499
1 -22.888315 0.585941 -69.187494 1.907972 481.888935 -0.740664 -1.997006 0.281311 -46.094279 2.236247 178.705969 22.585891 -11.225499
1 -23.975680 0.543601 -61.118994 0.559017 433.283417 -0.016070 -2.064318 0.700773 67.189458 1.349145 76.107330 17.431561 -11.225499
1 -40.624165 0.757871 5.123630 1.305576 467.356764 -1.725776 -2.722096 0.427257 55.014147 1.499993 289.058586 20.754934 -11.445692
1 -15.024024 0.014443 52.147319 5.576506 328.693471 -0.756803 -0.936595 0.329629 -86.840662 1.490953 398.304100 4.822010 -11.445692
1 -22.225048 0.228477 -81.698655 3.428557 276.173138 -1.161190 -0.916975 0.401357 -46.472379 1.616775 427.068320 8.839845 -11.445692
1 -14.245137 0.084706 74.667947 4.644222 249.892945 -0.427589 -0.870419 0.423345 -88.804026 1.112251 364.811398 9.230221 -11.445692
1 -17.785742 0.133989 -68.345638 4.008677 341.020927 -1.064019 -1.184742 0.412138 -58.889251 1.962377 421.027183 10.381187 -11.445692
1 -20.770563 0.133679 -74.860522 3.516055 360.596644 -1.198296 -1.098090 0.472406 -58.510485 1.684346 390.662912 13.142427 -11.445692
1 -29.094801 0.585399 20.656158 1.883805 385.977442 -1.068291 -1.649224 0.486754 -22.708550 3.082611 439.783963 18.610623 -11.445692
1 -8.203632 0.698581 -51.439585 1.609447 301.272354 -1.666929 -1.519280 0.222470 -85.901828 2.468504 406.315200 12.626731 -11.445692
1 -12.790350 0.137745 60.130842 4.972810 316.181013 -0.809127 -1.038948 0.315926 -83.606093 1.680575 405.742300 5.710250 -11.445692
1 -14.748375 0.577340 -64.861858 0.793300 417.109024 -1.777616 -2.124707 0.691061 69.842685 1.333200 38.982765 15.425907 -11.445692
1 -30.477294 0.725661 -0.486711 1.736861 448.329932 -1.742380 -2.588390 0.401317 44.479505 2.037057 335.799559 19.347677 -11.656779
1 -12.148386 0.059918 67.188217 4.817088 368.665094 -0.923518 -0.967851 0.332220 -82.500692 1.364035 358.696063 6.799770 -11.656779
1 -20.440751 0.174163 -88.072926 3.705666 285.452405 -1.136982 -0.878230 0.428781 -50.125290 1.555144 424.981303 8.727695 -11.656779
1 -16.478961 0.080553 82.759127 4.750304 242.534757 -0.388974 -0.895385 0.441862 86.715792 1.129139 365.093911 8.118264 -11.656779
1 -10.787278 0.095738 -25.028344 4.190066 346.165067 -0.986702 -1.261697 0.425263 -73.393907 1.852949 402.373494 10.478089 -11.656779
1 -21.964035 0.124408 -83.010331 3.761655 347.466376 -1.144680 -0.958659 0.483916 -59.678770 1.733360 409.632866 12.608865 -11.656779
1 -29.048768 0.563227 25.597885 1.993640 383.491145 -1.031116 -1.616874 0.493774 -22.011753 3.020652 439.179432 18.358692 -11.656779
1 -16.739816 0.786606 -52.457645 2.174140 302.490197 -1.658093 -1.502670 0.170587 -81.185377 2.349918 444.005737 14.153206 -11.656779
1 -11.865240 0.108258 50.615015 5.007696 312.318499 -0.788827 -0.983239 0.334506 -81.200543 1.630474 407.600911 5.783986 -11.656779
1 -25.497551 0.587620 -66.207147 0.614792 448.070681 -1.858462 -2.327351 0.723019 80.751381 1.333607 23.605912 16.654535 -11.656779
1 -12.951216 0.113915 56.156017 4.465540 233.444637 -0.433144 -0.936366 0.464798 -88.977224 1.208897 374.290741 9.071334 -11.924371
1 -15.529105 0.351871 -89.923481 3.371403 161.649430 -0.718872 -0.942503 0.497914 -55.241871 1.581383 458.019308 9.835367 -11.924371
1 -17.376821 0.386379 -80.487977 2.951500 306.752210 -1.447414 -1.046663 0.375218 -65.342050 1.746208 416.290262 10.397490 -11.924371
1 -11.328531 0.210883 74.762264 4.632611 245.901100 -0.554675 -0.942187 0.408506 -85.273400 1.240968 386.678193 7.512854 -11.924371
1 -16.524948 0.239812 -72.281988 2.767307 303.548780 -1.052880 -1.309124 0.396181 -58.020334 2.231275 425.757873 11.950203 -11.924371
1 -20.379982 0.126398 -84.196957 3.750953 350.257409 -1.149802 -0.977357 0.491648 -54.297579 1.701501 399.626606 12.692468 -11.924371
1 -28.980903 0.564386 26.853103 1.984079 384.799268 -1.031234 -1.626374 0.495378 -21.222862 3.023604 437.161175 18.440072 -11.924371
1 -16.379365 0.724030 -57.234642 2.219683 269.427338 -1.491306 -1.390632 0.323191 -75.337970 2.638695 476.170846 10.184243 -11.924371
1 -21.793893 0.079984 48.534468 5.265816 307.530385 -0.766325 -0.924510 0.329576 86.570079 1.564535 402.627826 4.649501 -11.924371
1 -19.384754 0.553158 -70.035411 0.734824 427.647159 -1.771716 -2.390810 0.725434 81.436947 1.445485 22.487689 18.234283 -11.924371
1 -14.118755 0.109372 55.848401 4.423480 231.783946 -0.408925 -0.930406 0.478594 89.388653 1.146400 368.398843 9.300108 -12.202253
1 -14.740335 0.238311 68.890129 4.437886 220.192971 -0.905562 -0.923913 0.420331 -53.928635 1.679452 458.569460 7.496873 -12.202253
1 -19.886201 0.362908 -65.008359 2.691387 356.066304 -1.545759 -1.310161 0.380192 -53.778334 2.110036 392.358741 12.706287 -12.202253
1 -10.505910 0.158038 -46.870344 3.775630 374.961952 -1.061289 -0.991943 0.582191 -75.855949 1.504934 365.001425 13.814236 -12.202253
1 -22.511945 0.399763 -50.459064 2.564344 256.427370 -1.135118 -1.396400 0.275418 -62.844158 2.587842 484.230739 9.950812 -12.202253
1 -9.373444 0.195138 -45.904991 4.284940 332.015020 -1.224168 -0.905147 0.406980 -84.138666 2.075837 414.105892 10.089580 -12.202253
1 -30.203577 0.612817 21.100423 2.011504 391.511889 -1.123461 -1.601349 0.481875 -24.363524 3.079664 448.562115 18.246746 -12.202253
1 -16.556046 0.654008 -46.618265 2.598702 275.139445 -1.507465 -1.294932 0.369433 -83.600714 2.213367 455.825385 11.503726 -12.202253
1 -18.695036 0.095822 45.500281 5.286350 298.038332 -0.840846 -0.875419 0.339274 86.632034 1.565457 405.547908 4.874040 -12.202253
1 -22.015051 0.602398 -70.753933 0.692804 435.870683 0.041837 -2.433063 0.729646 76.847794 0.928262 61.154564 18.116837 -12.202253
1 -14.194582 0.101143 61.004390 4.478383 227.490956 -0.388181 -0.914582 0.479386 89.506191 1.127251 369.605405 9.111881 -12.497867
1 -8.481100 0.275038 66.339471 4.361274 222.676409 -0.956300 -0.871408 0.417506 -64.120208 1.686557 448.565519 7.387531 -12.497867
1 -21.642118 0.339115 -61.109987 2.645972 349.549818 -1.524040 -1.302991 0.377860 -48.687237 2.090854 391.276970 12.715277 -12.497867
1 -10.590063 0.069114 -8.991435 3.496890 325.112496 -0.940332 -0.999481 0.595824 -70.541775 1.573824 388.491007 13.464009 -12.497867
1 -10.619135 0.155568 -47.111273 3.713885 377.951986 -1.081040 -1.003752 0.582243 -77.940731 1.503889 362.661741 13.878758 -12.497867
1 -10.984905 0.484963 -36.492879 4.929184 385.895394 -1.207641 -1.012956 0.487601 -88.655871 1.741803 402.692134 9.372911 -12.497867
1 -27.524845 0.591698 24.805917 1.823648 394.003474 -1.116067 -1.625023 0.533968 -13.456387 3.295622 434.836918 18.192611 -12.497867
1 -18.515411 0.664947 -47.756423 2.893379 274.578761 -1.563290 -1.286436 0.357415 88.320554 2.738592 490.885958 11.592603 -12.497867
1 -17.083201 0.105287 45.126422 5.329500 297.986405 -0.831134 -0.883811 0.341916 86.276617 1.600368 404.149357 5.040030 -12.497867
1 -20.033808 0.650870 -70.396032 0.828038 442.809735 0.089366 -2.435928 0.676758 74.545370 1.022005 68.807690 18.223468 -12.497867
1 -12.836735 0.097006 57.248603 4.385741 231.110132 -0.401276 -0.895160 0.467543 -87.756372 1.098156 368.921596 9.336032 -12.855820
1 -9.069402 0.284049 63.668129 4.358238 223.757294 -0.953302 -0.896282 0.420817 -64.066422 1.725534 452.363630 7.488994 -12.855820
1 -13.811905 0.332105 -63.878891 2.532976 354.462761 -1.511838 -1.303899 0.399869 -66.171363 2.188219 381.151535 13.250654 -12.855820
1 -8.988322 0.180630 1.825074 3.749004 317.276261 -0.854356 -1.105998 0.503118 -68.643648 1.719296 396.895055 11.229432 -12.855820
1 -28.861192 0.628929 -58.518157 1.493397 481.263393 -1.695482 -2.529389 0.187712 -29.548466 6.350839 112.320517 16.703262 -12.855820
1 -10.428777 0.480396 -37.126769 5.011207 392.316636 -1.213629 -0.985382 0.494801 -88.447747 1.683398 395.959700 9.257905 -12.855820
1 -11.067873 0.433628 -42.676950 4.756832 437.031970 -1.050443 -0.893308 0.578555 -87.354509 1.922627 385.710258 9.120650 -12.855820
1 -16.136030 0.765099 -55.229839 2.881882 276.195567 -1.696168 -1.236661 0.334140 83.723503 1.725646 429.921852 12.081600 -12.855820
1 -14.885450 0.110046 36.574056 5.253711 299.246162 -0.845673 -0.911599 0.336734 88.392084 1.759156 410.567242 5.768704 -12.855820
1 -20.621715 0.658420 -73.417059 0.748760 440.218691 -1.831908 -2.467556 0.695893 66.165140 0.845568 71.377328 16.251626 -12.855820
1 -11.121178 0.015766 83.992675 4.293902 218.001841 -0.489187 -0.983427 0.487925 -84.473033 0.976515 381.639310 8.009267 -13.133171
1 -9.874242 0.266065 67.088560 3.800102 224.634224 -1.020852 -0.939909 0.405531 -68.741306 1.729097 450.711631 7.548818 -13.133171
1 -14.245072 0.272412 -47.767105 2.246289 311.068497 -1.454922 -1.343895 0.369126 -62.733874 2.137055 393.715989 13.676377 -13.133171
1 -8.699183 0.272269 -22.614351 4.142139 369.204713 -0.965602 -1.082899 0.531000 -77.441712 1.846821 385.584074 9.848676 -13.133171
1 -12.113809 0.312304 83.594693 4.314098 160.228952 -0.977330 -1.009913 0.404448 -72.106520 1.886838 468.912578 6.878976 -13.133171
1 -9.379418 0.511683 -27.545137 4.855500 376.763406 -1.208321 -1.002456 0.488322 -88.369596 1.921212 405.130076 10.008318 -13.133171
1 -10.790052 0.429061 -41.014295 4.864440 438.273776 -1.020448 -0.876136 0.583617 -85.945017 1.901961 384.809202 9.028782 -13.133171
1 -6.189404 0.700135 -51.148780 2.082100 326.250944 -1.700693 -1.512295 0.344650 84.955322 1.836746 369.683864 9.754173 -13.133171
1 -17.113026 0.129900 41.854404 5.238896 314.985748 -0.964338 -0.918503 0.354569 -87.094799 1.755486 405.619365 6.043914 -13.133171
1 -22.497067 0.588402 -78.176767 0.924739 443.934636 -1.586213 -2.274633 0.639106 56.164782 0.979117 39.899912 15.363148 -13.133171
1 -11.784572 0.009968 84.252581 4.226281 222.357706 -0.476689 -0.985230 0.487300 -83.722626 0.951337 380.637400 7.923235 -13.371867
1 -10.161145 0.238750 72.515003 4.120770 224.470935 -0.960624 -0.880314 0.419948 -69.604779 1.743067 456.908480 7.551519 -13.371867
1 -6.765059 0.348957 -48.874914 1.664148 280.581856 -1.620109 -1.657430 0.311598 -72.435569 1.972044 373.844749 16.249649 -13.371867
1 -10.220948 0.450900 -41.748843 4.695736 428.580498 -1.060816 -0.928017 0.572014 -85.741309 1.901109 381.810932 8.927045 -13.371867
1 -11.311519 0.325855 80.564732 4.442570 163.356195 -1.028859 -0.930668 0.431564 -83.616196 1.888771 466.354480 7.233046 -13.371867
1 -6.936482 0.454840 -35.791185 5.225855 405.818138 -1.116631 -1.011766 0.525088 86.907142 1.971152 395.577971 8.298851 -13.371867
1 -11.936045 0.427656 -46.961218 4.732226 427.254581 -1.044225 -0.891868 0.544569 -85.746065 2.041011 396.616481 9.075929 -13.371867
1 -6.799807 0.728094 -57.313325 1.720794 321.266295 -1.699800 -1.551702 0.376532 87.901352 1.827515 369.660453 10.536956 -13.371867
1 -18.209019 0.138522 45.881292 5.278382 311.735581 -0.955362 -0.906409 0.351662 -87.694597 1.749971 408.655663 5.784448 -13.371867
1 -10.185293 0.268160 -43.948332 3.784376 393.884797 -1.052331 -1.187190 0.510682 -79.250140 1.862943 369.369654 11.130611 -13.371867
1 -10.232013 0.031623 -88.916794 4.174324 204.240098 -0.448351 -0.982190 0.511059 -85.191457 1.074314 389.073484 7.699241 -13.576021
1 -14.380118 0.298629 88.883679 3.877165 248.109257 -1.102122 -0.917295 0.386595 -59.963799 1.592336 439.309683 9.324210 -13.576021
1 -7.732391 0.349309 -54.127364 1.826412 287.327414 -1.631291 -1.626251 0.289667 -77.802527 1.921014 378.261009 15.818119 -13.576021
1 -7.306385 0.457158 -45.851261 2.392204 304.847857 -1.210138 -1.290343 0.509101 -88.166546 1.860378 386.158053 10.977226 -13.576021
1 -11.660863 0.280797 -79.670614 5.121124 109.132746 -1.087252 -0.872062 0.416194 86.927600 1.940480 483.592966 4.293859 -13.576021
1 -6.171107 0.514989 -30.892381 4.661007 405.396344 -1.150696 -0.973107 0.512072 86.779177 2.254366 396.865423 8.400221 -13.576021
1 -9.784363 0.486571 -47.530382 4.650199 446.543052 -1.042254 -0.909847 0.602604 89.240518 1.844456 375.776742 7.939343 -13.576021
1 -3.833939 0.578963 -46.790946 1.639429 275.097342 -1.582811 -1.642557 0.385653 81.626813 1.769833 364.018873 11.730564 -13.576021
1 -15.090056 0.153095 42.503514 5.227891 312.220202 -0.931523 -0.940661 0.342632 -84.252168 1.947096 417.623163 6.199822 -13.576021
1 -7.648939 0.224605 -23.301530 3.882633 362.441922 -1.081031 -1.157859 0.473087 -79.549899 1.995085 386.743405 10.313863 -13.576021
1 -10.103979 0.045461 -86.475925 4.077091 220.165470 -0.458388 -0.991421 0.519787 -85.554926 1.079672 383.203782 7.900985 -13.772602
1 -9.020887 0.318910 -81.180930 3.906792 284.272132 -0.832556 -1.071099 0.295954 -57.335271 2.326665 458.489085 6.447139 -13.772602
1 -8.271107 0.316114 -46.348415 2.080043 293.434867 -1.590309 -1.498809 0.309538 -81.869925 1.577138 360.390400 17.068910 -13.772602
1 -4.530025 0.407161 -40.920427 1.939965 289.697868 -1.458124 -1.361281 0.486581 87.371632 1.877904 363.780277 10.227097 -13.772602
1 -11.759167 0.281171 -79.439557 5.108857 108.810630 -1.092597 -0.875347 0.414328 86.454552 1.940769 483.452940 4.340841 -13.772602
1 -6.851144 0.446139 -31.345103 5.065519 371.518442 -1.145014 -0.986293 0.485876 88.982971 1.920519 401.049041 8.759595 -13.772602
1 -10.633526 0.489724 -41.850758 4.634755 451.435849 -1.094941 -0.925317 0.599675 88.815910 1.804932 369.998530 8.647697 -13.772602
1 -5.773903 0.601818 -46.175411 1.537363 270.592584 -1.602503 -1.668014 0.353627 88.133424 1.964256 391.730494 12.621446 -13.772602
1 -16.746225 0.163878 40.751997 5.229324 304.015487 -0.939796 -0.954720 0.330648 -84.710502 1.958189 421.435258 6.399889 -13.772602
1 -7.732676 0.209688 -6.807818 3.752725 336.996217 -1.045555 -1.155708 0.463347 -77.047568 1.904625 396.597420 10.348992 -13.772602
1 -9.050857 0.076063 68.442585 4.034583 165.978766 -0.536926 -0.951578 0.529067 -85.082268 0.991088 393.550719 8.064543 -13.990164
1 -8.785521 0.314821 -80.353051 3.902998 279.001443 -0.831041 -1.066789 0.295018 -58.568038 2.309217 458.838963 6.482313 -13.990164
1 -9.746848 0.284238 -39.544731 2.569960 314.510945 -1.451317 -1.326675 0.353024 -85.702936 1.670448 366.632446 16.896143 -13.990164
1 -5.115734 0.434897 -56.267327 1.813320 312.140090 -1.636629 -1.379775 0.376879 -81.881549 1.952462 358.223051 9.809565 -13.990164
1 -18.972191 0.276916 -79.514773 5.162882 110.701171 -1.100257 -0.883332 0.408599 83.723324 1.943424 487.430680 4.268345 -13.990164
1 -8.192637 0.465188 -27.484456 5.514055 413.270268 -1.139292 -0.930574 0.481116 -87.166470 2.093672 404.281827 7.673537 -13.990164
1 -9.355635 0.473021 -39.403620 4.699483 468.233613 -1.034582 -0.968523 0.581819 86.738869 1.878219 346.239462 10.479350 -13.990164
1 -7.083773 0.627993 -41.431131 1.768597 285.728121 -1.390468 -1.703841 0.354349 87.480283 1.772606 387.629110 12.761064 -13.990164
1 -11.296577 0.159965 45.872935 5.262773 303.939162 -0.930115 -0.942700 0.359229 -82.223643 2.066576 427.816840 6.650443 -13.990164
1 -14.944117 0.238531 -14.852330 4.063435 340.464475 -0.868261 -1.203418 0.454096 -64.243841 1.877537 402.977416 9.359225 -13.990164
1 -8.930656 0.066093 65.283169 4.179594 162.883760 -0.518420 -0.948000 0.541580 -83.455077 0.936300 397.239581 7.669414 -14.207964
1 -9.402920 0.335840 -71.993713 3.755672 272.194884 -0.815875 -1.033252 0.282534 -58.760517 2.434185 467.647216 6.461614 -14.207964
1 -9.631381 0.257455 -40.515261 3.669761 344.757177 -1.035056 -1.250033 0.402368 -78.126031 1.768262 379.392076 16.506534 -14.207964
1 -9.840632 0.692946 -38.082231 4.146798 370.585726 -1.146082 -1.329263 0.613129 85.679040 1.835480 406.049536 11.986605 -14.207964
1 -12.184010 0.278082 -79.144967 5.111353 107.244463 -1.097216 -0.877405 0.413695 84.460508 1.917655 484.768542 4.284584 -14.207964
1 -9.996258 0.505071 -43.219949 4.529217 369.346573 -1.366984 -0.948113 0.462464 83.774477 1.768450 404.161561 7.942597 -14.207964
1 -10.024238 0.497439 -35.424211 4.781535 466.919823 -1.113624 -0.944403 0.589015 88.388388 1.845382 346.061625 10.555632 -14.207964
1 -6.756568 0.650466 -49.004135 1.571483 277.925939 -1.525920 -1.680288 0.372256 89.416563 2.179213 404.809146 12.692527 -14.207964
1 -13.058977 0.178924 30.840441 5.249895 326.630980 -0.914687 -0.942432 0.313121 -81.422479 2.000725 425.816357 5.684226 -14.207964
1 -12.635838 0.195729 -28.986925 4.836782 306.544525 -0.792314 -1.219102 0.476098 -69.442320 1.652731 429.274536 9.283895 -14.207964
1 -8.494968 0.045283 68.499686 4.122849 166.523720 -0.506962 -0.944173 0.542928 -81.638337 0.935983 399.682912 7.609368 -14.433840
1 -16.661289 0.341625 89.833125 3.528779 247.552297 -1.054178 -1.116541 0.255735 -44.919594 2.584269 475.692340 11.149851 -14.433840
1 -6.268598 0.118563 -38.489544 3.582489 329.583361 -1.169283 -1.146830 0.307130 -77.266739 2.083879 388.028780 14.562447 -14.433840
1 -10.108207 0.739236 -40.002567 4.112860 363.781989 -1.119208 -1.127761 0.638308 88.049651 0.986966 373.256433 12.664817 -14.433840
1 -17.787146 0.274734 -76.698490 5.113623 105.001195 -1.091859 -0.886927 0.417793 83.776392 1.877453 481.376417 4.269269 -14.433840
1 -10.452735 0.521299 -44.142643 3.898969 342.883828 -1.463495 -1.062813 0.424866 81.131682 1.848048 406.615938 8.481183 -14.433840
1 -6.913658 0.341769 -43.353051 4.457263 454.068684 -1.463049 -0.968974 0.439642 79.089467 2.197521 357.513028 7.287265 -14.433840
1 -4.978846 0.630367 -37.235706 1.471620 268.541862 -1.401703 -1.680780 0.320762 89.004527 2.381789 409.991022 11.896213 -14.433840
1 -11.536210 0.190993 33.356066 5.138170 332.550307 -0.951157 -0.944989 0.310537 -79.527702 2.027042 421.416734 5.936248 -14.433840
1 -10.461305 0.238317 -46.567281 4.803240 300.744414 -0.663855 -0.940546 0.508673 -68.060929 1.484427 407.997621 11.834236 -14.433840
1 -8.041924 0.068274 73.209630 4.064500 182.780193 -0.541593 -0.957457 0.546029 -81.922622 0.978585 397.670217 7.864233 -14.659464
1 -10.061077 0.344629 -79.612599 3.428783 324.419595 -1.257616 -1.068365 0.238942 -52.192952 2.616342 435.364248 8.691046 -14.659464
1 -10.928260 0.172163 -58.873789 4.504979 396.398152 -1.295640 -0.923795 0.346573 -78.506277 1.880237 372.608641 16.498652 -14.659464
1 -4.538122 0.683857 -31.594269 3.834030 365.887979 -1.113400 -0.989870 0.700951 78.084513 1.633673 369.594186 14.517850 -14.659464
1 -12.162906 0.271120 -73.403643 5.191853 106.064184 -1.092639 -0.891427 0.415918 85.172853 1.886982 478.859886 4.537428 -14.659464
1 -5.567663 0.583821 -33.813220 3.736203 372.229011 -1.398012 -1.079152 0.485491 78.728593 1.980681 381.554190 8.629665 -14.659464
1 -8.926669 0.207293 -33.454938 4.815581 489.410199 -1.250375 -0.941021 0.567008 -82.906936 2.548495 353.128639 8.313110 -14.659464
1 -5.970035 0.635851 -46.031261 1.164583 274.133809 -1.417744 -1.732197 0.336454 -81.455195 2.335429 395.604568 9.560565 -14.659464
1 -10.518976 0.185775 39.048594 5.239284 342.128841 -0.965315 -1.008526 0.299600 -77.591173 2.160596 427.163773 5.947172 -14.659464
1 -10.442534 0.190474 -35.554862 5.105168 312.791807 -0.687598 -0.903439 0.545360 -63.912487 1.122453 385.247449 13.777622 -14.659464
1 -8.363343 0.067585 74.814334 3.948227 182.882853 -0.528617 -0.971021 0.540696 -82.930572 1.011303 396.465979 7.797807 -14.858496
1 -12.337107 0.350542 -70.154799 3.537002 348.153366 -1.300837 -1.154495 0.196854 -48.853955 2.926893 439.194395 9.261254 -14.858496
1 -8.829822 0.189122 -50.815103 4.145252 362.146415 -1.235678 -0.988413 0.331971 -78.311497 1.720442 371.496391 16.736545 -14.858496
1 -4.395500 0.693524 -30.688201 3.813421 361.080829 -1.112738 -1.071326 0.689562 82.594433 1.552737 365.122862 14.834098 -14.858496
1 -5.333081 0.604649 -44.780954 1.370371 285.593262 -1.374335 -1.787807 0.355559 -86.595652 2.494322 397.341459 10.506351 -14.858496
1 -8.799050 0.728903 -50.536390 3.556130 386.128157 -1.550703 -1.207533 0.282551 71.296121 2.397934 407.360829 8.917361 -14.858496
1 -6.674355 0.199107 -39.361802 4.779768 490.419088 -1.364754 -1.007210 0.564874 89.055502 2.254166 342.430711 7.244347 -14.858496
1 -5.023099 0.673895 -48.391055 0.939964 255.804185 -1.389061 -1.850331 0.356408 -86.860924 2.090650 393.211429 11.555777 -14.858496
1 -10.378740 0.185357 56.050040 4.932187 283.237963 -0.762389 -1.030184 0.304180 -82.260389 1.953082 424.780330 6.593154 -14.858496
1 -7.567924 0.225026 -35.414828 4.778381 297.613950 -0.668115 -1.003703 0.540560 -70.968548 1.068767 378.963682 13.733696 -14.858496
1 -10.178769 0.073157 77.279649 4.051249 183.795715 -0.530419 -0.956614 0.539684 -81.958240 0.814452 391.673803 7.162994 -15.052089
1 -13.261690 0.350217 -68.061014 3.627663 349.652497 -1.264097 -1.114277 0.208317 -48.735138 2.913479 442.258819 8.683176 -15.052089
1 -4.219119 0.693537 -34.327809 3.860328 372.871070 -1.140252 -1.081561 0.675912 77.188954 1.641246 365.387462 14.720441 -15.052089
1 -4.811713 0.652199 -22.194300 4.280517 363.235130 -0.992658 -0.915258 0.670993 85.296115 1.423014 368.059658 14.231486 -15.052089
1 -5.309851 0.643745 -46.874023 1.128390 281.302871 -1.393901 -1.853287 0.374916 -86.963519 2.429674 392.042037 11.025450 -15.052089
1 -6.739528 0.711648 -49.024180 3.660834 378.140650 -1.665581 -1.182348 0.310587 60.950511 2.084107 394.452196 8.273736 -15.052089
1 -4.928329 0.243955 -40.783802 3.857185 453.002525 -1.387088 -1.129977 0.651447 87.597435 1.968167 323.673325 7.885782 -15.052089
1 -4.623609 0.621039 -48.757115 1.169773 250.869558 -1.394670 -1.814545 0.340832 88.608491 2.066619 397.238546 11.592248 -15.052089
1 -10.407012 0.185584 55.984787 4.931606 283.273898 -0.764108 -1.030514 0.303015 -82.294718 1.954634 424.880642 6.575035 -15.052089
1 -12.787877 0.201973 -37.953862 4.953299 336.245683 -0.674895 -1.067297 0.612449 -68.612770 1.072110 390.252078 13.910617 -15.052089
1 -10.778933 0.079043 74.615456 3.999912 196.650308 -0.543241 -0.954675 0.524060 -82.202110 0.854619 390.792607 6.989890 -15.293281
1 -5.124012 0.668006 -49.045334 0.986823 268.184255 -1.430388 -1.875651 0.340150 -86.967252 2.286158 394.441207 10.873467 -15.293281
1 -5.928015 0.582896 -31.149834 4.203271 397.924112 -1.093756 -0.918808 0.720745 85.210665 1.106859 342.301705 14.191317 -15.293281
1 -5.525821 0.677804 -17.316269 4.013892 340.000682 -1.025551 -0.877605 0.702509 88.811285 1.213564 367.800458 14.927441 -15.293281
1 -3.617298 0.609463 -45.901428 1.369960 263.941764 -1.490126 -1.790238 0.314948 82.384495 2.092005 391.026119 11.775263 -15.293281
1 -6.617294 0.690663 -56.631442 3.352794 386.905579 -1.758421 -1.300827 0.276671 67.352718 2.285165 392.261608 7.524499 -15.293281
1 -5.962992 0.214717 -37.369143 3.743477 440.211044 -1.343269 -1.200545 0.623434 87.680742 1.621742 316.102717 8.954933 -15.293281
1 -3.954178 0.637923 -45.984591 1.134760 242.769807 -1.399463 -1.809720 0.329697 86.666303 2.058490 400.030588 11.512098 -15.293281
1 -9.435898 0.184776 58.631504 4.964739 282.487928 -0.743202 -1.006641 0.305453 -80.294185 1.920724 422.842981 7.052958 -15.293281
1 -12.523178 0.167912 -29.264159 4.931673 348.235690 -0.631737 -0.990859 0.619984 -63.502177 1.142461 377.637983 13.954874 -15.293281
1 -11.290859 0.076985 69.004727 4.205953 221.374680 -0.498118 -0.923193 0.566759 -81.750019 0.753312 381.953924 6.846783 -15.558943
1 -6.478729 0.773914 -62.209747 0.745704 272.727854 -1.605928 -1.952317 0.270967 -71.834421 2.554029 405.451596 10.733694 -15.558943
1 -7.584453 0.584319 -38.892538 4.332679 411.629504 -1.115864 -0.944408 0.732710 86.510663 1.502816 361.158634 13.874225 -15.558943
1 -7.358789 0.532379 -17.498320 4.194173 347.868502 -0.799599 -0.924940 0.710747 -82.882619 1.243722 383.489213 13.166515 -15.558943
1 -5.328426 0.730380 -48.560115 2.241388 331.825283 -1.616169 -1.310393 0.471088 72.604712 1.429699 350.328425 11.299924 -15.558943
1 -4.150910 0.688318 -54.221842 2.951039 357.061184 -1.790949 -1.348750 0.254312 59.709193 2.493598 399.201417 7.614631 -15.558943
1 -6.086788 0.257384 -41.707756 3.146269 422.611416 -1.399928 -1.278010 0.649665 -86.119447 1.521682 308.253621 9.331291 -15.558943
1 -6.407818 0.678894 -42.603828 1.201456 273.543777 -1.626161 -1.908238 0.301577 89.820499 2.801011 432.695440 9.834397 -15.558943
1 -9.690355 0.191705 58.847232 4.932659 283.244465 -0.776800 -0.985026 0.304195 -81.225335 1.914547 422.814023 6.732108 -15.558943
1 -12.324262 0.023175 -18.652146 5.964837 382.543518 -0.394124 -1.066342 0.629684 -60.207160 1.049600 370.670348 15.111940 -15.558943
1 -3.974947 0.237670 -49.793291 3.681143 468.936511 -1.390976 -1.218816 0.665834 87.011947 1.246141 268.032702 9.250484 -15.958611
1 -3.746065 0.703474 -45.438000 1.075526 259.867129 -1.424284 -1.888248 0.259936 80.687873 2.543914 415.256923 10.029531 -15.958611
1 -4.809549 0.651880 -31.118450 4.152037 413.014085 -1.234881 -0.929931 0.774316 76.299169 1.446029 348.612200 13.989250 -15.958611
1 -7.256380 0.535312 -24.451956 3.290597 319.426226 -0.936501 -1.099432 0.659767 -83.420337 1.053951 368.330235 11.700791 -15.958611
1 -6.547248 0.739085 -44.316496 2.260519 349.416962 -1.686961 -1.691483 0.570135 73.413645 1.372573 354.664330 11.060198 -15.958611
1 -3.256434 0.647119 -52.674555 3.071388 369.404441 -1.792092 -1.389605 0.275249 47.397506 2.490353 394.566666 7.706629 -15.958611
1 -3.481005 0.702736 -45.347047 1.556445 280.094439 -1.465072 -1.745599 0.295011 75.438660 2.362245 406.724014 9.662481 -15.958611
1 -5.080789 0.775323 -58.836704 1.086418 230.488843 -1.383618 -1.376246 0.264355 77.481479 1.780403 401.230204 7.397779 -15.958611
1 -12.355747 0.192425 55.740424 5.217681 287.779814 -0.776940 -0.933547 0.260675 -84.989405 2.045166 428.265592 6.102041 -15.958611
1 -12.331183 0.076183 -33.721150 5.124460 414.665134 -0.478814 -0.997514 0.692763 -61.800642 0.880293 350.387035 13.937950 -15.958611
1 -3.927937 0.210925 -47.238975 3.602726 462.797735 -1.362231 -1.280980 0.644913 86.187711 1.311413 271.413126 9.296633 -16.287575
1 -4.337674 0.752481 -54.910535 0.943679 280.463237 -1.594796 -1.947811 0.155697 74.747685 2.744675 411.416138 8.283219 -16.287575
1 -4.203672 0.592378 -34.571604 3.649002 402.040234 -1.181899 -1.110333 0.731853 79.567333 1.506482 340.279180 14.538759 -16.287575
1 -10.104316 0.473976 -27.749053 3.446145 319.465060 -1.046922 -0.919853 0.717495 85.250471 1.219885 357.038533 14.741446 -16.287575
1 -6.701789 0.787954 -51.101414 1.921831 347.665907 -1.794818 -1.751339 0.573340 77.816417 1.512686 354.930507 11.132843 -16.287575
1 -3.839384 0.654966 -58.792700 2.839009 361.425000 -1.829134 -1.407184 0.263845 46.104792 2.510961 395.210344 6.785414 -16.287575
1 -3.662109 0.667920 -47.285344 1.990085 290.173061 -1.307785 -1.507649 0.399629 73.089153 2.036051 378.446906 11.283926 -16.287575
1 -4.186122 0.545346 -51.170891 2.438296 323.420509 -1.226504 -0.990364 0.545148 81.298695 0.932036 326.782985 7.817935 -16.287575
1 -10.971818 0.199238 59.435551 5.359795 287.966070 -0.760859 -0.909972 0.288106 -84.220779 2.002263 427.158674 6.367377 -16.287575
1 -8.230001 0.079721 -30.171542 4.858442 386.137941 -0.423080 -0.962542 0.648950 -67.193563 0.980909 347.170238 14.033099 -16.287575
1 -4.596617 0.210060 -48.647130 3.615045 452.653832 -1.422301 -1.291706 0.656762 86.028447 1.332546 276.391300 9.155013 -16.592406
1 -5.346014 0.782573 -67.395158 0.616359 241.717819 -1.642240 -1.902044 0.145459 76.203262 2.879054 419.648045 7.877884 -16.592406
1 -3.689542 0.693273 -36.317479 3.367890 400.288138 -1.337917 -1.222109 0.743450 75.058258 1.490223 328.389611 13.610449 -16.592406
1 -5.085257 0.722506 -68.443109 1.342041 329.498352 -1.881876 -1.507280 0.424842 82.691815 1.121107 330.059805 4.074619 -16.592406
1 -7.258572 0.736507 -49.433383 1.815190 288.207172 -1.766742 -1.600598 0.482057 75.171294 1.660674 384.138734 10.307726 -16.592406
1 -4.958149 0.716649 -55.374074 2.932761 358.998529 -1.872492 -1.430589 0.243537 32.619768 2.936708 432.326344 6.640132 -16.592406
1 -3.737887 0.799659 -38.761918 1.518248 267.678997 -1.330285 -1.491800 0.388971 79.521181 1.911686 391.481286 12.382239 -16.592406
1 -4.187928 0.535369 -61.152241 2.397038 328.347799 -1.354385 -0.902931 0.454999 77.197345 1.473921 340.662654 5.528166 -16.592406
1 -3.736945 0.557688 -30.366867 3.685825 397.411422 -1.165965 -1.197159 0.769789 80.810229 1.347316 330.546880 15.784998 -16.592406
1 -8.350226 0.090419 -30.636194 4.857164 389.991038 -0.476716 -0.974833 0.662798 -67.037762 0.930697 346.048501 13.917047 -16.592406
1 -5.030085 0.251780 -46.890740 2.957813 394.599037 -1.318151 -1.420165 0.533622 82.391197 1.859717 312.029307 10.098560 -17.009351
1 -4.408163 0.785218 -64.417886 0.471523 222.003861 -1.580914 -1.938678 0.156527 85.661345 2.622627 420.793170 9.108664 -17.009351
1 -6.382041 0.614211 -39.992358 1.893954 278.100914 -1.264255 -1.569071 0.439870 88.884360 1.671357 384.956464 13.202882 -17.009351
1 -4.061426 0.511566 -64.523281 3.215806 455.544179 -1.708517 -1.138991 0.721140 69.542349 0.557810 253.190825 4.990799 -17.009351
1 -4.250592 0.578555 -35.333810 3.657578 403.024332 -1.235313 -1.190602 0.739345 81.124225 1.612588 336.580953 15.508899 -17.009351
1 -4.612880 0.666314 -59.163417 2.826159 350.241325 -1.883329 -1.410902 0.199958 27.955715 3.031434 453.976504 4.856644 -17.009351
1 -5.676813 0.766463 -42.588302 1.405346 274.009687 -1.326944 -1.483911 0.432834 89.767824 1.753887 375.206052 13.495032 -17.009351
1 -5.139195 0.529646 -62.647751 2.242034 294.781995 -1.291148 -0.909906 0.447289 -85.468145 1.139946 345.287858 7.396813 -17.009351
1 -5.681805 0.639009 -42.340230 3.312700 413.229834 -1.456063 -1.234374 0.739080 75.407306 0.876711 308.655733 10.947757 -17.009351
1 -7.683625 0.039949 -27.878327 4.682763 384.689882 -0.568743 -1.010932 0.622284 -69.430434 1.137544 346.575009 13.404417 -17.009351
1 -4.526616 0.256788 -45.646047 2.867635 392.215227 -1.320661 -1.439363 0.538568 83.681226 1.763553 309.822677 10.373461 -17.368880
1 -4.472622 0.748308 -60.681422 0.515163 219.711466 -1.372680 -1.944789 0.247071 84.057679 2.352505 408.009149 9.745704 -17.368880
1 -4.950790 0.482535 -32.190060 2.237446 309.111784 -1.181828 -1.575798 0.501744 -88.256915 2.057879 377.992010 15.184999 -17.368880
1 -4.083445 0.538303 -63.346315 3.383860 450.710710 -1.538377 -1.123252 0.657631 70.930124 0.652559 263.371811 5.065577 -17.368880
1 -4.173481 0.555749 -29.519008 3.988161 399.055005 -1.165237 -1.102738 0.748821 79.034163 1.926223 354.347896 16.841148 -17.368880
1 -4.414544 0.787290 -56.291303 0.617524 250.344429 -1.366626 -1.847423 0.346756 89.781720 1.783012 379.839345 8.536374 -17.368880
1 -3.813493 0.713110 -68.795788 0.431533 234.834471 -1.707808 -1.755762 0.452381 -80.174700 1.298643 322.354899 12.238246 -17.368880
1 -7.626298 0.461761 -46.273175 2.629105 288.626262 -1.133669 -0.940948 0.469047 -78.720775 1.465425 379.747940 11.374247 -17.368880
1 -4.084773 0.735878 -49.277025 2.530371 386.880319 -1.622821 -1.557019 0.684339 71.281213 1.100490 307.537707 11.230946 -17.368880
1 -3.301820 0.671712 -59.965775 3.088175 364.916777 -1.822409 -1.330752 0.245771 29.570805 2.983726 444.613305 4.514103 -17.368880
1 -5.388076 0.691690 -22.084414 4.078633 373.157701 -1.070460 -1.043365 0.791050 80.884684 1.366364 362.790980 18.831863 -17.751577
1 -4.499784 0.747940 -58.931184 0.417749 210.652972 -1.363978 -2.015698 0.216781 81.740787 2.430605 416.572405 10.004868 -17.751577
1 -5.459063 0.509916 -39.818244 2.202871 326.073384 -1.309763 -1.709795 0.490640 -89.320600 1.621088 345.452026 13.207666 -17.751577
1 -4.705951 0.655807 -65.564989 3.441684 432.750259 -1.599315 -1.041873 0.643677 61.722989 0.756428 293.087136 3.639150 -17.751577
1 -5.452681 0.791924 -39.023484 0.225208 170.504953 -1.533893 -2.482686 0.389466 83.820429 1.658650 398.683018 22.293152 -17.751577
1 -7.820522 0.676838 -37.063878 2.163867 294.736645 -1.406135 -1.844087 0.565642 82.827003 1.729612 378.962275 19.093716 -17.751577
1 -4.633115 0.786033 -78.004737 0.327464 245.002840 -1.774264 -1.772001 0.447302 -75.935482 1.385034 318.269821 11.353694 -17.751577
1 -6.253416 0.429875 -39.757261 2.921344 294.266570 -1.054582 -0.901667 0.486688 -83.601798 1.563022 381.066737 13.300228 -17.751577
1 -3.719322 0.555144 -39.872011 3.413114 419.012422 -1.370014 -1.162756 0.758587 74.298028 1.487218 315.336646 13.717816 -17.751577
1 -4.905705 0.715487 -57.991142 3.327731 372.648394 -1.875373 -1.230398 0.296930 57.491307 2.849832 437.441271 4.255301 -17.751577
