#REFERENCE 3 28.1644760 -13.9684790
1	-1.611328	-2.354833	-0.694080	-0.132884	
1	-1.562500	-2.358630	-0.703711	-0.129528	
1	-1.562500	-2.358630	-0.703711	-0.129528	
1	-1.513672	-2.359454	-0.712505	-0.127134	
1	-1.513672	-2.359454	-0.712505	-0.127134	
1	-1.464844	-2.357056	-0.720580	-0.125604	
1	-1.464844	-2.357056	-0.720580	-0.125604	
1	-1.416016	-2.351017	-0.728065	-0.124864	
1	-1.416016	-2.351017	-0.728065	-0.124864	
1	-1.380716	-2.343750	-0.733191	-0.124790	
1	-1.380716	-2.343750	-0.733191	-0.124790	
1	-1.367188	-2.341312	-0.735102	-0.124862	
1	-1.367188	-2.341312	-0.735102	-0.124862	
1	-1.318359	-2.329124	-0.741800	-0.125579	
1	-1.318359	-2.329124	-0.741800	-0.125579	
1	-1.269531	-2.312181	-0.748314	-0.127027	
1	-1.269531	-2.312181	-0.748314	-0.127027	
1	-1.231768	-2.294922	-0.753362	-0.128701	
1	-1.231768	-2.294922	-0.753362	-0.128701	
1	-1.220703	-2.290401	-0.754801	-0.129270	
1	-1.220703	-2.290401	-0.754801	-0.129270	
1	-1.171875	-2.266402	-0.761251	-0.132339	
1	-1.171875	-2.266402	-0.761251	-0.132339	
1	-1.138591	-2.246094	-0.765816	-0.135030	
1	-1.138591	-2.246094	-0.765816	-0.135030	
1	-1.123047	-2.237460	-0.767885	-0.136394	
1	-1.123047	-2.237460	-0.767885	-0.136394	
1	-1.074219	-2.205726	-0.774652	-0.141482	
1	-1.074219	-2.205726	-0.774652	-0.141482	
1	-1.062860	-2.197266	-0.776301	-0.142868	
1	-1.062860	-2.197266	-0.776301	-0.142868	
1	-1.025391	-2.171536	-0.781564	-0.147671	
1	-1.025391	-2.171536	-0.781564	-0.147671	
1	-0.995991	-2.148438	-0.785920	-0.152080	
1	-0.995991	-2.148438	-0.785920	-0.152080	
1	-0.976562	-2.134145	-0.788711	-0.155112	
1	-0.976562	-2.134145	-0.788711	-0.155112	
1	-0.934465	-2.099609	-0.795061	-0.162599	
1	-0.934465	-2.099609	-0.795061	-0.162599	
1	-0.927734	-2.094376	-0.796048	-0.163836	
1	-0.927734	-2.094376	-0.796048	-0.163836	
1	-0.878906	-2.053108	-0.803497	-0.173803	
1	-0.878906	-2.053108	-0.803497	-0.173803	
1	-0.876338	-2.050781	-0.803904	-0.174378	
1	-0.876338	-2.050781	-0.803904	-0.174378	
1	-0.830078	-2.010921	-0.810998	-0.184941	
1	-0.830078	-2.010921	-0.810998	-0.184941	
1	-0.820340	-2.001953	-0.812545	-0.187373	
1	-0.820340	-2.001953	-0.812545	-0.187373	
1	-0.781250	-1.967440	-0.818581	-0.197299	
1	-0.781250	-1.967440	-0.818581	-0.197299	
1	-0.765879	-1.953125	-0.821022	-0.201508	
1	-0.765879	-1.953125	-0.821022	-0.201508	
1	-0.732422	-1.923060	-0.826201	-0.210800	
1	-0.732422	-1.923060	-0.826201	-0.210800	
1	-0.712403	-1.904297	-0.829369	-0.216722	
1	-0.712403	-1.904297	-0.829369	-0.216722	
1	-0.683594	-1.878104	-0.833822	-0.225345	
1	-0.683594	-1.878104	-0.833822	-0.225345	
1	-0.659495	-1.855469	-0.837610	-0.232947	
1	-0.659495	-1.855469	-0.837610	-0.232947	
1	-0.634766	-1.832841	-0.841415	-0.240825	
1	-0.634766	-1.832841	-0.841415	-0.240825	
1	-0.606826	-1.806641	-0.845768	-0.250117	
1	-0.606826	-1.806641	-0.845768	-0.250117	
1	-0.585938	-1.787488	-0.848963	-0.257121	
1	-0.585938	-1.787488	-0.848963	-0.257121	
1	-0.554141	-1.757812	-0.853868	-0.268161	
1	-0.554141	-1.757812	-0.853868	-0.268161	
1	-0.537109	-1.742220	-0.856455	-0.274116	
1	-0.537109	-1.742220	-0.856455	-0.274116	
1	-0.501246	-1.708984	-0.861934	-0.287011	
1	-0.501246	-1.708984	-0.861934	-0.287011	
1	-0.488281	-1.697163	-0.863890	-0.291700	
1	-0.488281	-1.697163	-0.863890	-0.291700	
1	-0.448008	-1.660156	-0.869994	-0.306593	
1	-0.448008	-1.660156	-0.869994	-0.306593	
1	-0.439453	-1.652399	-0.871279	-0.309774	
1	-0.439453	-1.652399	-0.871279	-0.309774	
1	-0.394356	-1.611328	-0.878076	-0.326836	
1	-0.394356	-1.611328	-0.878076	-0.326836	
1	-0.390625	-1.607965	-0.878636	-0.328255	
1	-0.390625	-1.607965	-0.878636	-0.328255	
1	-0.341797	-1.563914	-0.885975	-0.347060	
1	-0.341797	-1.563914	-0.885975	-0.347060	
1	-0.340233	-1.562500	-0.886212	-0.347669	
1	-0.340233	-1.562500	-0.886212	-0.347669	
1	-0.292969	-1.520253	-0.893318	-0.366125	
1	-0.292969	-1.520253	-0.893318	-0.366125	
1	-0.285632	-1.513672	-0.894429	-0.369025	
1	-0.285632	-1.513672	-0.894429	-0.369025	
1	-0.244141	-1.476720	-0.900714	-0.385476	
1	-0.244141	-1.476720	-0.900714	-0.385476	
1	-0.230844	-1.464844	-0.902745	-0.390802	
1	-0.230844	-1.464844	-0.902745	-0.390802	
1	-0.195312	-1.433195	-0.908194	-0.405103	
1	-0.195312	-1.433195	-0.908194	-0.405103	
1	-0.176079	-1.416016	-0.911171	-0.412912	
1	-0.176079	-1.416016	-0.911171	-0.412912	
1	-0.146484	-1.389529	-0.915791	-0.425011	
1	-0.146484	-1.389529	-0.915791	-0.425011	
1	-0.121596	-1.367188	-0.919714	-0.435262	
1	-0.121596	-1.367188	-0.919714	-0.435262	
1	-0.097656	-1.345546	-0.923535	-0.445213	
1	-0.097656	-1.345546	-0.923535	-0.445213	
1	-0.067684	-1.318359	-0.928367	-0.457751	
1	-0.067684	-1.318359	-0.928367	-0.457751	
1	-0.048828	-1.301041	-0.931455	-0.465734	
1	-0.048828	-1.301041	-0.931455	-0.465734	
1	-0.014645	-1.269531	-0.937109	-0.480279	
1	-0.014645	-1.269531	-0.937109	-0.480279	
1	0.000000	-1.255782	-0.939578	-0.486604	
1	0.000000	-1.255782	-0.939578	-0.486604	
1	0.037230	-1.220703	-0.945909	-0.502741	
1	0.037230	-1.220703	-0.945909	-0.502741	
1	0.048828	-1.209503	-0.947926	-0.507860	
1	0.048828	-1.209503	-0.947926	-0.507860	
1	0.087675	-1.171875	-0.954727	-0.525035	
1	0.087675	-1.171875	-0.954727	-0.525035	
1	0.097656	-1.161902	-0.956519	-0.529543	
1	0.097656	-1.161902	-0.956519	-0.529543	
1	0.136466	-1.123047	-0.963512	-0.547061	
1	0.136466	-1.123047	-0.963512	-0.547061	
1	0.146484	-1.112630	-0.965368	-0.551696	
1	0.146484	-1.112630	-0.965368	-0.551696	
1	0.183424	-1.074219	-0.972209	-0.568727	
1	0.183424	-1.074219	-0.972209	-0.568727	
1	0.195312	-1.061290	-0.974479	-0.574364	
1	0.195312	-1.061290	-0.974479	-0.574364	
1	0.228414	-1.025391	-0.980762	-0.589946	
1	0.228414	-1.025391	-0.980762	-0.589946	
1	0.244141	-1.007427	-0.983845	-0.597585	
1	0.244141	-1.007427	-0.983845	-0.597585	
1	0.271338	-0.976562	-0.989113	-0.610640	
1	0.271338	-0.976562	-0.989113	-0.610640	
1	0.292969	-0.950529	-0.993444	-0.621387	
1	0.292969	-0.950529	-0.993444	-0.621387	
1	0.312123	-0.927734	-0.997206	-0.630740	
1	0.312123	-0.927734	-0.997206	-0.630740	
1	0.341797	-0.890030	-1.003230	-0.645775	
1	0.341797	-0.890030	-1.003230	-0.645775	
1	0.350704	-0.878906	-1.004988	-0.650181	
1	0.350704	-0.878906	-1.004988	-0.650181	
1	0.387115	-0.830078	-1.012417	-0.668918	
1	0.387115	-0.830078	-1.012417	-0.668918	
1	0.390625	-0.824983	-1.013163	-0.670812	
1	0.390625	-0.824983	-1.013163	-0.670812	
1	0.421581	-0.781250	-1.019463	-0.686933	
1	0.421581	-0.781250	-1.019463	-0.686933	
1	0.439453	-0.753724	-1.023223	-0.696680	
1	0.439453	-0.753724	-1.023223	-0.696680	
1	0.453792	-0.732422	-1.026077	-0.704154	
1	0.453792	-0.732422	-1.026077	-0.704154	
1	0.483792	-0.683594	-1.032235	-0.720557	
1	0.483792	-0.683594	-1.032235	-0.720557	
1	0.488281	-0.675504	-1.033200	-0.723168	
1	0.488281	-0.675504	-1.033200	-0.723168	
1	0.512054	-0.634766	-1.037932	-0.736164	
1	0.512054	-0.634766	-1.037932	-0.736164	
1	0.537109	-0.587208	-1.042996	-0.750507	
1	0.537109	-0.587208	-1.042996	-0.750507	
1	0.537822	-0.585938	-1.043127	-0.750885	
1	0.537822	-0.585938	-1.043127	-0.750885	
1	0.562192	-0.537109	-1.047844	-0.764805	
1	0.562192	-0.537109	-1.047844	-0.764805	
1	0.583980	-0.488281	-1.052047	-0.777818	
1	0.583980	-0.488281	-1.052047	-0.777818	
1	0.585938	-0.483214	-1.052450	-0.779106	
1	0.585938	-0.483214	-1.052450	-0.779106	
1	0.604446	-0.439453	-1.055765	-0.790015	
1	0.604446	-0.439453	-1.055765	-0.790015	
1	0.622577	-0.390625	-1.058982	-0.801327	
1	0.622577	-0.390625	-1.058982	-0.801327	
1	0.634766	-0.352549	-1.061145	-0.809527	
1	0.634766	-0.352549	-1.061145	-0.809527	
1	0.638646	-0.341797	-1.061712	-0.811781	
1	0.638646	-0.341797	-1.061712	-0.811781	
1	0.653291	-0.292969	-1.063974	-0.821414	
1	0.653291	-0.292969	-1.063974	-0.821414	
1	0.665599	-0.244141	-1.065773	-0.830197	
1	0.665599	-0.244141	-1.065773	-0.830197	
1	0.675591	-0.195312	-1.067126	-0.838153	
1	0.675591	-0.195312	-1.067126	-0.838153	
1	0.683234	-0.146484	-1.068053	-0.845307	
1	0.683234	-0.146484	-1.068053	-0.845307	
1	0.683594	-0.142782	-1.068106	-0.845816	
1	0.683594	-0.142782	-1.068106	-0.845816	
1	0.689036	-0.097656	-1.068572	-0.851689	
1	0.689036	-0.097656	-1.068572	-0.851689	
1	0.691933	-0.048828	-1.068700	-0.857315	
1	0.691933	-0.048828	-1.068700	-0.857315	
1	0.691313	0.000000	-1.068452	-0.862229	
1	0.691313	0.000000	-1.068452	-0.862229	
1	0.686056	0.048828	-1.067832	-0.866499	
1	0.686056	0.048828	-1.067832	-0.866499	
1	0.683594	0.060475	-1.067626	-0.867440	
1	0.683594	0.060475	-1.067626	-0.867440	
1	0.675540	0.097656	-1.066822	-0.870207	
1	0.675540	0.097656	-1.066822	-0.870207	
1	0.656350	0.146484	-1.065320	-0.873523	
1	0.656350	0.146484	-1.065320	-0.873523	
1	0.634766	0.178468	-1.063882	-0.875680	
1	0.634766	0.178468	-1.063882	-0.875680	
1	0.622239	0.195312	-1.062964	-0.876777	
1	0.622239	0.195312	-1.062964	-0.876777	
1	0.585938	0.228479	-1.060367	-0.879210	
1	0.585938	0.228479	-1.060367	-0.879210	
1	0.565768	0.244141	-1.058747	-0.880416	
1	0.565768	0.244141	-1.058747	-0.880416	
1	0.537109	0.261173	-1.056324	-0.881950	
1	0.537109	0.261173	-1.056324	-0.881950	
1	0.488281	0.285328	-1.051552	-0.884379	
1	0.488281	0.285328	-1.051552	-0.884379	
1	0.470530	0.292969	-1.049608	-0.885218	
1	0.470530	0.292969	-1.049608	-0.885218	
1	0.439453	0.304298	-1.045965	-0.886630	
1	0.439453	0.304298	-1.045965	-0.886630	
1	0.390625	0.319461	-1.039531	-0.888743	
1	0.390625	0.319461	-1.039531	-0.888743	
1	0.341797	0.331573	-1.032239	-0.890734	
1	0.341797	0.331573	-1.032239	-0.890734	
1	0.292969	0.341133	-1.024086	-0.892606	
1	0.292969	0.341133	-1.024086	-0.892606	
1	0.288943	0.341797	-1.023376	-0.892755	
1	0.288943	0.341797	-1.023376	-0.892755	
1	0.244141	0.348575	-1.015072	-0.894360	
1	0.244141	0.348575	-1.015072	-0.894360	
1	0.195312	0.353952	-1.005212	-0.895993	
1	0.195312	0.353952	-1.005212	-0.895993	
1	0.146484	0.357408	-0.994520	-0.897504	
1	0.146484	0.357408	-0.994520	-0.897504	
1	0.097656	0.359054	-0.983014	-0.898892	
1	0.097656	0.359054	-0.983014	-0.898892	
1	0.048828	0.358971	-0.970714	-0.900158	
1	0.048828	0.358971	-0.970714	-0.900158	
1	0.000000	0.357219	-0.957645	-0.901305	
1	0.000000	0.357219	-0.957645	-0.901305	
1	-0.048828	0.353841	-0.943834	-0.902336	
1	-0.048828	0.353841	-0.943834	-0.902336	
1	-0.097656	0.348873	-0.929313	-0.903259	
1	-0.097656	0.348873	-0.929313	-0.903259	
1	-0.146484	0.342339	-0.914114	-0.904080	
1	-0.146484	0.342339	-0.914114	-0.904080	
1	-0.149647	0.341797	-0.913109	-0.904130	
1	-0.149647	0.341797	-0.913109	-0.904130	
1	-0.195312	0.334387	-0.898275	-0.904810	
1	-0.195312	0.334387	-0.898275	-0.904810	
1	-0.244141	0.324948	-0.881837	-0.905460	
1	-0.244141	0.324948	-0.881837	-0.905460	
1	-0.292969	0.314031	-0.864843	-0.906042	
1	-0.292969	0.314031	-0.864843	-0.906042	
1	-0.341797	0.301648	-0.847340	-0.906573	
1	-0.341797	0.301648	-0.847340	-0.906573	
1	-0.372182	0.292969	-0.836215	-0.906883	
1	-0.372182	0.292969	-0.836215	-0.906883	
1	-0.390625	0.287886	-0.829376	-0.907066	
1	-0.390625	0.287886	-0.829376	-0.907066	
1	-0.439453	0.272852	-0.811000	-0.907538	
1	-0.439453	0.272852	-0.811000	-0.907538	
1	-0.488281	0.256446	-0.792266	-0.908007	
1	-0.488281	0.256446	-0.792266	-0.908007	
1	-0.521991	0.244141	-0.779152	-0.908337	
1	-0.521991	0.244141	-0.779152	-0.908337	
1	-0.537109	0.238759	-0.773225	-0.908489	
1	-0.537109	0.238759	-0.773225	-0.908489	
1	-0.585938	0.219961	-0.753930	-0.909001	
1	-0.585938	0.219961	-0.753930	-0.909001	
1	-0.634766	0.199922	-0.734435	-0.909558	
1	-0.634766	0.199922	-0.734435	-0.909558	
1	-0.645327	0.195312	-0.730199	-0.909685	
1	-0.645327	0.195312	-0.730199	-0.909685	
1	-0.683594	0.178920	-0.714789	-0.910174	
1	-0.683594	0.178920	-0.714789	-0.910174	
1	-0.732422	0.156885	-0.695042	-0.910862	
1	-0.732422	0.156885	-0.695042	-0.910862	
1	-0.754416	0.146484	-0.686129	-0.911197	
1	-0.754416	0.146484	-0.686129	-0.911197	
1	-0.781250	0.133994	-0.675239	-0.911631	
1	-0.781250	0.133994	-0.675239	-0.911631	
1	-0.830078	0.110334	-0.655423	-0.912489	
1	-0.830078	0.110334	-0.655423	-0.912489	
1	-0.855341	0.097656	-0.645182	-0.912968	
1	-0.855341	0.097656	-0.645182	-0.912968	
1	-0.878906	0.086007	-0.635633	-0.913439	
1	-0.878906	0.086007	-0.635633	-0.913439	
1	-0.927734	0.061167	-0.615902	-0.914483	
1	-0.927734	0.061167	-0.615902	-0.914483	
1	-0.951407	0.048828	-0.606371	-0.915022	
1	-0.951407	0.048828	-0.606371	-0.915022	
1	-0.976562	0.035923	-0.596261	-0.915617	
1	-0.976562	0.035923	-0.596261	-0.915617	
1	-1.025391	0.010394	-0.576736	-0.916836	
1	-1.025391	0.010394	-0.576736	-0.916836	
1	-1.044990	0.000000	-0.568939	-0.917347	
1	-1.044990	0.000000	-0.568939	-0.917347	
1	-1.074219	-0.015224	-0.557347	-0.918129	
1	-1.074219	-0.015224	-0.557347	-0.918129	
1	-1.123047	-0.040950	-0.538117	-0.919484	
1	-1.123047	-0.040950	-0.538117	-0.919484	
1	-1.137926	-0.048828	-0.532293	-0.919907	
1	-1.137926	-0.048828	-0.532293	-0.919907	
1	-1.171875	-0.066433	-0.519057	-0.920884	
1	-1.171875	-0.066433	-0.519057	-0.920884	
1	-1.220703	-0.091918	-0.500193	-0.922311	
1	-1.220703	-0.091918	-0.500193	-0.922311	
1	-1.231731	-0.097656	-0.495962	-0.922634	
1	-1.231731	-0.097656	-0.495962	-0.922634	
1	-1.269531	-0.116860	-0.481529	-0.923742	
1	-1.269531	-0.116860	-0.481529	-0.923742	
1	-1.318359	-0.141767	-0.463101	-0.925155	
1	-1.318359	-0.141767	-0.463101	-0.925155	
1	-1.327692	-0.146484	-0.459606	-0.925421	
1	-1.327692	-0.146484	-0.459606	-0.925421	
1	-1.367188	-0.165927	-0.444908	-0.926525	
1	-1.367188	-0.165927	-0.444908	-0.926525	
1	-1.416016	-0.190047	-0.426997	-0.927824	
1	-1.416016	-0.190047	-0.426997	-0.927824	
1	-1.426802	-0.195312	-0.423080	-0.928099	
1	-1.426802	-0.195312	-0.423080	-0.928099	
1	-1.464844	-0.213369	-0.409374	-0.929028	
1	-1.464844	-0.213369	-0.409374	-0.929028	
1	-1.513672	-0.236634	-0.392089	-0.930109	
1	-1.513672	-0.236634	-0.392089	-0.930109	
1	-1.529578	-0.244141	-0.386534	-0.930430	
1	-1.529578	-0.244141	-0.386534	-0.930430	
1	-1.562500	-0.259240	-0.375160	-0.931040	
1	-1.562500	-0.259240	-0.375160	-0.931040	
1	-1.611328	-0.281718	-0.358635	-0.931797	
1	-1.611328	-0.281718	-0.358635	-0.931797	
1	-1.635804	-0.292969	-0.350515	-0.932104	
1	-1.635804	-0.292969	-0.350515	-0.932104	
1	-1.660156	-0.303867	-0.342549	-0.932357	
1	-1.660156	-0.303867	-0.342549	-0.932357	
1	-1.708984	-0.325736	-0.326944	-0.932696	
1	-1.708984	-0.325736	-0.326944	-0.932696	
1	-1.744342	-0.341797	-0.315970	-0.932793	
1	-1.744342	-0.341797	-0.315970	-0.932793	
1	-1.757812	-0.347777	-0.311864	-0.932795	
1	-1.757812	-0.347777	-0.311864	-0.932795	
1	-1.806641	-0.369322	-0.297353	-0.932638	
1	-1.806641	-0.369322	-0.297353	-0.932638	
1	-1.853186	-0.390625	-0.284084	-0.932234	
1	-1.853186	-0.390625	-0.284084	-0.932234	
1	-1.855469	-0.391653	-0.283448	-0.932208	
1	-1.855469	-0.391653	-0.283448	-0.932208	
1	-1.904297	-0.413255	-0.270207	-0.931495	
1	-1.904297	-0.413255	-0.270207	-0.931495	
1	-1.953125	-0.436025	-0.257646	-0.930486	
1	-1.953125	-0.436025	-0.257646	-0.930486	
1	-1.960576	-0.439453	-0.255794	-0.930306	
1	-1.960576	-0.439453	-0.255794	-0.930306	
1	-2.001953	-0.458487	-0.245834	-0.929178	
1	-2.001953	-0.458487	-0.245834	-0.929178	
1	-2.050781	-0.482250	-0.234770	-0.927560	
1	-2.050781	-0.482250	-0.234770	-0.927560	
1	-2.063181	-0.488281	-0.232091	-0.927100	
1	-2.063181	-0.488281	-0.232091	-0.927100	
1	-2.099609	-0.506279	-0.224524	-0.925632	
1	-2.099609	-0.506279	-0.224524	-0.925632	
1	-2.148438	-0.532042	-0.215075	-0.923379	
1	-2.148438	-0.532042	-0.215075	-0.923379	
1	-2.158047	-0.537109	-0.213320	-0.922899	
1	-2.158047	-0.537109	-0.213320	-0.922899	
1	-2.197266	-0.558592	-0.206494	-0.920805	
1	-2.197266	-0.558592	-0.206494	-0.920805	
1	-2.242829	-0.585938	-0.199212	-0.918076	
1	-2.242829	-0.585938	-0.199212	-0.918076	
1	-2.246094	-0.588004	-0.198717	-0.917867	
1	-2.246094	-0.588004	-0.198717	-0.917867	
1	-2.294922	-0.619236	-0.191824	-0.914558	
1	-2.294922	-0.619236	-0.191824	-0.914558	
1	-2.317401	-0.634766	-0.188929	-0.912888	
1	-2.317401	-0.634766	-0.188929	-0.912888	
1	-2.343750	-0.654788	-0.185718	-0.910768	
1	-2.343750	-0.654788	-0.185718	-0.910768	
1	-2.378760	-0.683594	-0.181816	-0.907669	
1	-2.378760	-0.683594	-0.181816	-0.907669	
1	-2.392578	-0.696504	-0.180351	-0.906303	
1	-2.392578	-0.696504	-0.180351	-0.906303	
1	-2.428499	-0.732422	-0.176858	-0.902386	
1	-2.428499	-0.732422	-0.176858	-0.902386	
1	-2.441406	-0.747744	-0.175646	-0.900723	
1	-2.441406	-0.747744	-0.175646	-0.900723	
1	-2.468129	-0.781250	-0.173360	-0.896907	
1	-2.468129	-0.781250	-0.173360	-0.896907	
1	-2.490234	-0.816451	-0.171505	-0.892768	
1	-2.490234	-0.816451	-0.171505	-0.892768	
1	-2.498456	-0.830078	-0.170893	-0.891063	
1	-2.498456	-0.830078	-0.170893	-0.891063	
1	-2.522931	-0.878906	-0.169190	-0.884563	
1	-2.522931	-0.878906	-0.169190	-0.884563	
1	-2.539062	-0.922151	-0.168250	-0.878151	
1	-2.539062	-0.922151	-0.168250	-0.878151	
1	-2.541109	-0.927734	-0.168165	-0.877266	
1	-2.541109	-0.927734	-0.168165	-0.877266	
1	-2.556708	-0.976562	-0.167791	-0.868969	
1	-2.556708	-0.976562	-0.167791	-0.868969	
1	-2.568284	-1.025391	-0.168088	-0.859582	
1	-2.568284	-1.025391	-0.168088	-0.859582	
1	-2.576874	-1.074219	-0.169095	-0.848991	
1	-2.576874	-1.074219	-0.169095	-0.848991	
1	-2.583065	-1.123047	-0.170866	-0.837117	
1	-2.583065	-1.123047	-0.170866	-0.837117	
1	-2.587193	-1.171875	-0.173458	-0.823904	
1	-2.587193	-1.171875	-0.173458	-0.823904	
1	-2.587891	-1.186028	-0.174374	-0.819807	
1	-2.587891	-1.186028	-0.174374	-0.819807	
1	-2.589636	-1.220703	-0.176928	-0.809322	
1	-2.589636	-1.220703	-0.176928	-0.809322	
1	-2.590150	-1.269531	-0.181344	-0.793314	
1	-2.590150	-1.269531	-0.181344	-0.793314	
1	-2.588709	-1.318359	-0.186778	-0.775839	
1	-2.588709	-1.318359	-0.186778	-0.775839	
1	-2.587891	-1.329545	-0.188183	-0.771599	
1	-2.587891	-1.329545	-0.188183	-0.771599	
1	-2.585549	-1.367188	-0.193292	-0.756897	
1	-2.585549	-1.367188	-0.193292	-0.756897	
1	-2.580600	-1.416016	-0.200957	-0.736474	
1	-2.580600	-1.416016	-0.200957	-0.736474	
1	-2.573670	-1.464844	-0.209854	-0.714542	
1	-2.573670	-1.464844	-0.209854	-0.714542	
1	-2.564609	-1.513672	-0.220067	-0.691084	
1	-2.564609	-1.513672	-0.220067	-0.691084	
1	-2.553232	-1.562500	-0.231688	-0.666086	
1	-2.553232	-1.562500	-0.231688	-0.666086	
1	-2.539323	-1.611328	-0.244816	-0.639536	
1	-2.539323	-1.611328	-0.244816	-0.639536	
1	-2.539062	-1.612087	-0.245035	-0.639106	
1	-2.539062	-1.612087	-0.245035	-0.639106	
1	-2.523576	-1.660156	-0.259423	-0.611681	
1	-2.523576	-1.660156	-0.259423	-0.611681	
1	-2.504860	-1.708984	-0.275707	-0.582336	
1	-2.504860	-1.708984	-0.275707	-0.582336	
1	-2.490234	-1.741593	-0.287627	-0.561825	
1	-2.490234	-1.741593	-0.287627	-0.561825	
1	-2.483142	-1.757812	-0.293729	-0.551609	
1	-2.483142	-1.757812	-0.293729	-0.551609	
1	-2.458430	-1.806641	-0.313514	-0.519670	
1	-2.458430	-1.806641	-0.313514	-0.519670	
1	-2.441406	-1.836065	-0.326432	-0.499708	
1	-2.441406	-1.836065	-0.326432	-0.499708	
1	-2.430039	-1.855469	-0.335202	-0.486521	
1	-2.430039	-1.855469	-0.335202	-0.486521	
1	-2.397756	-1.904297	-0.358819	-0.452357	
1	-2.397756	-1.904297	-0.358819	-0.452357	
1	-2.392578	-1.911447	-0.362466	-0.447247	
1	-2.392578	-1.911447	-0.362466	-0.447247	
1	-2.360954	-1.953125	-0.384454	-0.417309	
1	-2.360954	-1.953125	-0.384454	-0.417309	
1	-2.343750	-1.973970	-0.396016	-0.402138	
1	-2.343750	-1.973970	-0.396016	-0.402138	
1	-2.318970	-2.001953	-0.412165	-0.381574	
1	-2.318970	-2.001953	-0.412165	-0.381574	
1	-2.294922	-2.027540	-0.427448	-0.362757	
1	-2.294922	-2.027540	-0.427448	-0.362757	
1	-2.270970	-2.050781	-0.441993	-0.345408	
1	-2.270970	-2.050781	-0.441993	-0.345408	
1	-2.246094	-2.074142	-0.456869	-0.328215	
1	-2.246094	-2.074142	-0.456869	-0.328215	
1	-2.215788	-2.099609	-0.473983	-0.309107	
1	-2.215788	-2.099609	-0.473983	-0.309107	
1	-2.197266	-2.115103	-0.484376	-0.297850	
1	-2.197266	-2.115103	-0.484376	-0.297850	
1	-2.152034	-2.148438	-0.508105	-0.273116	
1	-2.152034	-2.148438	-0.508105	-0.273116	
1	-2.148438	-2.151154	-0.509994	-0.271205	
1	-2.148438	-2.151154	-0.509994	-0.271205	
1	-2.099609	-2.183725	-0.534029	-0.247634	
1	-2.099609	-2.183725	-0.534029	-0.247634	
1	-2.076004	-2.197266	-0.544791	-0.237534	
1	-2.076004	-2.197266	-0.544791	-0.237534	
1	-2.050781	-2.212667	-0.556357	-0.226998	
1	-2.050781	-2.212667	-0.556357	-0.226998	
1	-2.001953	-2.238252	-0.577030	-0.209011	
1	-2.001953	-2.238252	-0.577030	-0.209011	
1	-1.984345	-2.246094	-0.583950	-0.203239	
1	-1.984345	-2.246094	-0.583950	-0.203239	
1	-1.953125	-2.261499	-0.596298	-0.193267	
1	-1.953125	-2.261499	-0.596298	-0.193267	
1	-1.904297	-2.281863	-0.614048	-0.179696	
1	-1.904297	-2.281863	-0.614048	-0.179696	
1	-1.866800	-2.294922	-0.626570	-0.170703	
1	-1.866800	-2.294922	-0.626570	-0.170703	
1	-1.855469	-2.299487	-0.630365	-0.168079	
1	-1.855469	-2.299487	-0.630365	-0.168079	
1	-1.806641	-2.315714	-0.645533	-0.158097	
1	-1.806641	-2.315714	-0.645533	-0.158097	
1	-1.757812	-2.328960	-0.659339	-0.149777	
1	-1.757812	-2.328960	-0.659339	-0.149777	
1	-1.708984	-2.339479	-0.671929	-0.142915	
1	-1.708984	-2.339479	-0.671929	-0.142915	
1	-1.682339	-2.343750	-0.678291	-0.139746	
1	-1.682339	-2.343750	-0.678291	-0.139746	
1	-1.660156	-2.348175	-0.683495	-0.137317	
1	-1.660156	-2.348175	-0.683495	-0.137317	
1	-1.611328	-2.354833	-0.694080	-0.132884	
