#REFERENCE 3 28.1644760 -13.9684790
   #ID       X         Y         R       EPS       TAU       AMP       E_AMP      DMAG  TIME[days]  DTIME    PARITY
   1.1    -4.318    -1.124     4.462     0.995     9.943     4.318     3.978      1.59    -425.4       0.0    ++
   1.1     1.007    -0.697     1.225     0.941     2.781   132.077  1337.940      5.30    -158.6     266.8    +-
   1.1     0.814     0.936     1.240     0.917     2.304   106.179   403.023      5.07    -169.1     256.3    ++
   1.1     0.111    -0.399     0.414     0.897     2.035    34.590   204.335      3.85    -154.5     270.8    --
   1.1     0.439     1.066     1.153     0.001     0.001    86.724   315.276      4.85    -168.9     256.5    +-
   1.2    -4.312    -1.064     4.441     0.998    16.164     4.317     3.878      1.59    -424.0       1.4    ++
   1.2     0.967    -0.749     1.223     0.976     4.531   125.448  1403.046      5.25    -159.2     266.2    +-
   1.2     0.102    -0.448     0.459     0.969     3.937    39.217   188.700      3.98    -155.5     269.9    --
   1.3     1.137     0.578     1.275     0.894     1.991    68.271   492.699      4.59    -164.9     260.5    ++
   1.3    -4.310    -1.285     4.498     0.888     1.931     4.435     4.567      1.62    -422.0       3.4    ++
   1.3     0.230     0.971     0.997     0.555     0.667    27.516    41.599      3.60    -162.4     263.0    +-
   1.3     1.165    -0.574     1.299     0.464     0.523   172.638  1710.579      5.59    -161.2     264.2    +-
   1.3     0.060    -0.262     0.269     0.000     0.000    30.796   371.861      3.72    -154.0     271.3    --
   1.4     0.199    -0.602     0.634     0.966     3.716   161.822  2429.187      5.52    -154.8     270.6    --
   1.4     0.747    -0.808     1.100     0.951     3.092   187.288  4899.387      5.68    -155.8     269.6    +-
   1.4    -4.311    -0.896     4.404     0.000     0.000     4.262     3.499      1.57    -428.2      -2.8    ++
   2.1    -4.264    -1.203     4.430     0.938     2.698     4.578     4.825      1.65    -405.8       0.0    ++
   2.1     1.277     0.586     1.405     0.885     1.903    22.305    26.908      3.37    -177.8     228.0    ++
   2.1     1.203    -0.770     1.428     0.682     0.933   161.925  1652.605      5.52    -171.4     234.4    +-
   2.1    -0.087    -0.337     0.348     0.413     0.453    21.632   119.009      3.34    -159.5     246.3    --
   2.1     0.019     1.049     1.050     0.000     0.000    17.959    25.806      3.14    -171.2     234.6    +-
   2.2    -2.710    -3.593     4.500     0.978     4.676   151.614  5466.123      5.45    -359.7      46.1    ++
   2.2    -4.193    -1.020     4.315     0.939     2.730     4.776     5.026      1.70    -384.4      21.4    ++
   2.2    -3.284    -3.197     4.584     0.912     2.229    26.286   206.359      3.55    -358.8      47.0    +-
   2.2    -0.272    -0.487     0.558     0.902     2.087    49.083   414.246      4.23    -165.8     240.0    --
   2.2     1.169    -1.046     1.568     0.875     1.805   107.562   781.034      5.08    -183.5     222.3    +-
   2.2    -0.209     1.161     1.180     0.862     1.702    12.498    16.305      2.74    -185.3     220.5    +-
   2.2     1.382     0.711     1.554     0.000     0.000    13.524    11.192      2.83    -198.3     207.5    ++
