#REFERENCE 3 28.1644760 -13.9684790
1.1 -1.002 -0.783 0.030 0.005 78.17 4.500 4.54 -4.318 -1.124 1.78 2.76
1.1 -1.002 -0.783 0.030 0.005 78.17 4.500 4.54 1.007 -0.697 3.41 1.13
1.1 -1.002 -0.783 0.030 0.005 78.17 4.500 4.54 0.814 0.936 4.66 -0.12
1.1 -1.002 -0.783 0.030 0.005 78.17 4.500 4.54 0.111 -0.399 3.12 1.42
1.1 -1.002 -0.783 0.030 0.005 78.17 4.500 4.54 0.439 1.066 4.54 -0.00
1.2 -1.000 -0.769 0.032 0.003 66.87 4.500 5.00 -4.312 -1.064 1.74 3.26
1.2 -1.000 -0.769 0.032 0.003 66.87 4.500 5.00 0.967 -0.749 3.34 1.66
1.2 -1.000 -0.769 0.032 0.003 66.87 4.500 5.00 0.102 -0.448 3.09 1.91
1.3 -0.989 -0.820 0.026 0.022 127.13 4.500 3.10 1.137 0.578 4.07 -0.98
1.3 -0.989 -0.820 0.026 0.022 127.13 4.500 3.10 -4.310 -1.285 1.92 1.17
1.3 -0.989 -0.820 0.026 0.022 127.13 4.500 3.10 0.230 0.971 3.69 -0.59
1.3 -0.989 -0.820 0.026 0.022 127.13 4.500 3.10 1.165 -0.574 3.61 -0.51
1.3 -0.989 -0.820 0.026 0.022 127.13 4.500 3.10 0.060 -0.262 3.10 0.00
1.4 -1.013 -0.724 0.089 0.029 170.02 4.500 1.63 0.199 -0.602 3.44 -1.81
1.4 -1.013 -0.724 0.089 0.029 170.02 4.500 1.63 0.747 -0.808 3.57 -1.94
1.4 -1.013 -0.724 0.089 0.029 170.02 4.500 1.63 -4.311 -0.896 1.63 0.00
2.1 -0.954 -0.804 0.030 0.021 89.49 4.500 3.20 -4.264 -1.203 1.92 1.29
2.1 -0.954 -0.804 0.030 0.021 89.49 4.500 3.20 1.277 0.586 3.59 -0.38
2.1 -0.954 -0.804 0.030 0.021 89.49 4.500 3.20 1.203 -0.770 3.23 -0.03
2.1 -0.954 -0.804 0.030 0.021 89.49 4.500 3.20 -0.087 -0.337 2.82 0.38
2.1 -0.954 -0.804 0.030 0.021 89.49 4.500 3.20 0.019 1.049 3.20 -0.00
2.2 -0.907 -0.766 0.043 0.014 34.23 4.500 3.11 -2.710 -3.593 3.03 0.08
2.2 -0.907 -0.766 0.043 0.014 34.23 4.500 3.11 -4.193 -1.020 1.86 1.25
2.2 -0.907 -0.766 0.043 0.014 34.23 4.500 3.11 -3.284 -3.197 3.10 0.02
2.2 -0.907 -0.766 0.043 0.014 34.23 4.500 3.11 -0.272 -0.487 2.54 0.57
2.2 -0.907 -0.766 0.043 0.014 34.23 4.500 3.11 1.169 -1.046 2.81 0.30
2.2 -0.907 -0.766 0.043 0.014 34.23 4.500 3.11 -0.209 1.161 2.80 0.31
2.2 -0.907 -0.766 0.043 0.014 34.23 4.500 3.11 1.382 0.711 3.11 -0.00
