1 -5467.095979 0.699377 40.797126 9.125547 419.655810 0.348636 -70.164018 11.466507 391.440102 0.510249 -10.634689 1.644461 14.182410 0.000000
1 -5526.953421 0.001502 40.427883 9.504105 115.459460 0.271549 32.193172 8.173568 495.005339 0.416451 -62.562007 1.317377 299.282782 0.000000
1 -5466.914657 0.137731 32.121074 5.390957 230.877559 0.359176 30.953108 7.578425 106.366352 0.114664 59.405153 9.692221 397.693982 0.000000
1 -5466.846874 0.225386 -11.211289 5.429054 317.688282 0.240626 45.575414 6.110809 18.596666 0.758586 19.780670 3.846698 205.445081 0.000000
1 -5467.244371 0.350449 35.225829 5.221464 19.691948 0.356497 16.297921 7.539257 419.924512 0.761257 38.198378 4.939398 409.182936 0.000000
1 -5466.844837 0.226953 26.076684 9.462750 166.990320 0.784169 -17.819633 8.135194 18.592890 0.619864 49.457692 1.925159 142.280551 0.000000
1 -5484.233097 0.060412 81.081561 9.310781 55.203483 0.395555 -68.931583 3.789957 453.642505 0.757571 -26.398044 2.586978 60.116324 0.000000
1 -5466.883793 0.468910 84.372907 1.960844 74.457702 0.148564 -80.131287 3.469020 25.045695 0.196161 52.382135 4.880439 223.413370 0.000000
1 -5480.541855 0.609507 -64.652378 6.174628 336.010159 0.270760 -8.590079 7.373446 308.885145 0.368373 -72.228183 8.893359 370.720536 0.000000
1 -3816.766428 0.317825 29.906364 9.455103 149.258038 0.756160 -10.095160 6.451355 152.678757 0.688307 -86.670596 0.753088 379.795954 0.000000
1 -3963.253379 0.761913 58.946408 11.171391 136.825187 0.092989 37.678515 0.386615 483.710155 0.796166 75.484444 6.625321 343.172863 -1.218182
1 -3622.726727 0.209385 -24.925324 2.527867 419.301787 0.289402 74.077852 6.043636 242.758649 0.227009 88.336820 2.619043 220.720043 -1.218182
1 -5466.845890 0.243880 43.391840 11.826043 172.613562 0.231408 -62.089622 5.592294 51.261567 0.367312 -58.657864 8.647300 211.803871 -1.218182
1 -3866.689907 0.516530 54.770973 0.209809 453.689822 0.123777 -76.969512 3.743343 120.516121 0.281882 46.373090 2.686603 255.404310 -1.218182
1 -5473.363263 0.102378 -84.746892 7.591674 408.224727 0.120172 -87.921901 1.749607 229.337019 0.241965 -16.451917 10.061102 329.802789 -1.218182
1 -5466.884112 0.600318 41.613445 9.494170 405.958523 0.062901 48.477938 5.517182 95.434895 0.642091 45.363567 6.177998 322.780850 -1.218182
1 -5467.083040 0.741263 19.516017 8.125220 163.318035 0.561542 -9.263257 1.610017 159.416860 0.347319 -22.244037 9.220147 124.028084 -1.218182
1 -5467.609162 0.475819 70.378710 4.611003 353.347456 0.427358 50.534457 7.376474 269.722109 0.464670 59.619413 2.727900 68.592470 -1.218182
1 -5467.203688 0.636063 25.758646 5.387171 120.448226 0.642998 -76.765308 4.193934 200.571259 0.174930 -44.475287 2.942584 180.463992 -1.218182
1 -5467.172499 0.632582 -63.440766 6.499163 161.959501 0.083745 82.217546 2.570023 233.173396 0.708651 39.143697 8.773133 392.512323 -1.218182
1 -3891.341601 0.408054 -63.469379 5.432480 89.713761 0.010049 -71.542596 0.096271 460.141370 0.378046 84.894282 2.519569 166.806526 -2.406630
1 -3614.540822 0.608855 -56.437489 3.836636 293.127550 0.277777 -79.461012 1.438286 349.836683 0.708377 34.354226 11.797585 399.040543 -2.406630
1 -5466.835680 0.239309 33.525044 11.483961 164.309780 0.352398 -64.976360 7.931409 64.683598 0.460121 -86.478277 8.261679 194.917638 -2.406630
1 -3616.724515 0.573255 83.847347 1.712962 456.910215 0.202766 52.416327 2.877090 63.994175 0.150636 47.130348 10.930272 170.231508 -2.406630
1 -5467.257181 0.778666 70.258733 9.923859 122.020392 0.020731 63.392848 1.512069 34.176234 0.138439 -72.442194 7.777945 421.247495 -2.406630
1 -5466.888445 0.744932 -7.267749 10.355319 176.525569 0.289865 -39.160315 0.136508 91.521899 0.354628 24.092504 12.020631 170.173670 -2.406630
1 -5529.664623 0.107842 44.238264 5.950476 366.253821 0.342594 37.835173 8.373454 255.902738 0.130232 -4.710007 4.827712 440.732411 -2.406630
1 -5471.096416 0.400630 -68.333375 1.806468 229.676686 0.432380 -3.008465 2.763780 273.998750 0.383098 24.934008 11.641676 243.811702 -2.406630
1 -5466.856064 0.606425 12.463286 3.449420 59.269340 0.507699 -12.825353 11.124178 376.434349 0.299258 -23.788017 5.713436 189.356359 -2.406630
1 -3867.534765 0.557061 48.892550 0.501078 427.492659 0.631393 42.189570 11.163804 111.543997 0.479429 -51.428184 9.564145 110.409164 -2.406630
1 -5466.885180 0.473479 -26.345391 0.961294 38.655747 0.448596 6.813546 7.448594 302.218671 0.649830 66.348236 8.458787 153.061993 -3.512352
1 -18.466564 0.686126 -52.114275 6.056463 457.868702 0.756282 33.117220 3.728805 200.376652 0.188033 -84.388905 3.158765 245.194757 -3.512352
1 -5466.896474 0.431132 -28.094796 0.929500 69.153763 0.559261 -65.886079 5.375543 231.796636 0.143638 68.443428 3.724417 79.532590 -3.512352
1 -3835.904117 0.089636 -38.845861 0.567273 379.525238 0.149423 12.046241 5.098391 115.405716 0.403269 -41.640786 9.329542 149.700007 -3.512352
1 -2174.396937 0.555446 77.092075 1.347013 305.512507 0.376185 70.980330 5.864246 244.113502 0.276249 72.880866 0.764489 453.147225 -3.512352
1 -5470.750945 0.639176 53.059622 3.090980 26.386189 0.252796 -80.139218 7.295080 327.085939 0.040598 32.340189 1.535897 275.315162 -3.512352
1 -5466.860162 0.151163 61.009416 8.271751 235.222988 0.474674 77.745486 10.795342 398.401585 0.226341 27.313825 10.488993 174.823182 -3.512352
1 -5467.033477 0.600039 32.121221 5.637332 12.721193 0.474797 -87.509556 8.547954 368.298500 0.442115 52.187471 2.842927 195.911012 -3.512352
1 -5467.257793 0.293586 -87.455874 9.627712 178.337001 0.359573 30.241624 3.557293 235.840770 0.055208 20.500347 1.162566 180.007293 -3.512352
1 -3911.627478 0.378071 -73.877500 0.420316 460.358438 0.345679 72.995892 1.551429 53.350334 0.256290 42.269988 9.385510 415.014943 -3.512352
1 -3729.226193 0.553982 -48.763848 1.606490 476.830223 0.768673 -3.626003 6.267679 315.509790 0.285824 73.233718 7.729583 294.997775 -4.278418
1 -3611.021862 0.602653 -78.132197 10.796264 481.377041 0.567365 27.506364 5.024123 462.780914 0.161743 -13.359639 9.631672 317.489996 -4.278418
1 -5466.911393 0.380344 -38.328333 3.906704 69.336739 0.556036 -45.855920 5.635074 302.265902 0.722000 68.295513 6.019708 186.492352 -4.278418
1 -1849.130255 0.748372 -48.770488 2.254173 480.852052 0.576619 -29.963470 4.279486 260.592955 0.797657 -12.935246 3.046106 10.604775 -4.278418
1 -1823.538840 0.265394 -11.194592 0.797568 31.991191 0.448325 1.414098 3.736866 417.113443 0.005922 -61.636891 2.939362 401.550888 -4.278418
1 -3904.487098 0.279688 -44.795373 0.005401 411.737494 0.711660 -80.758596 8.101026 373.346331 0.276742 2.679440 5.474484 135.751663 -4.278418
1 -5467.555087 0.418146 -29.870623 5.314162 392.768538 0.033643 35.249551 1.365678 92.603673 0.692983 -71.690626 5.216035 52.067105 -4.278418
1 -1847.704498 0.121502 43.677398 5.041529 451.907610 0.725830 9.268446 10.602799 262.603968 0.349608 -65.920825 7.124697 468.042800 -4.278418
1 -3949.680734 0.699238 -24.311870 10.346904 417.994062 0.495948 13.942266 0.622817 388.145415 0.532738 5.440870 4.495561 245.194091 -4.278418
1 -3742.766345 0.599177 -47.047345 1.649824 446.978960 0.656483 67.218093 8.264639 383.583513 0.007110 69.563345 0.393634 361.821250 -4.278418
1 -1810.678670 0.606757 -39.669934 5.014549 451.916992 0.621355 10.953177 10.818244 83.180443 0.134754 -73.529662 11.225199 390.588506 -4.890299
1 -5466.915889 0.333945 -76.324455 6.800972 268.380671 0.793713 -30.645032 6.090982 272.445714 0.465863 23.649108 10.495061 345.804444 -4.890299
1 -5466.860281 0.366257 -30.449900 4.355167 72.913858 0.557298 -37.839080 5.857855 292.404378 0.728489 62.186711 6.166658 216.082627 -4.890299
1 -1814.195812 0.653890 -49.537257 3.877113 449.988501 0.629607 45.656679 5.026619 284.886493 0.751936 -2.613200 0.261967 64.752808 -4.890299
1 -1886.662818 0.087490 -76.358249 6.253343 464.354173 0.112539 80.514175 2.693373 318.922536 0.780571 28.988703 8.641674 25.848869 -4.890299
1 -3657.731040 0.244610 26.376440 8.388926 475.394586 0.475151 61.713720 7.957586 179.062754 0.569485 -28.631232 1.560778 349.019705 -4.890299
1 -53.570092 0.136851 -84.816591 0.130451 296.797380 0.342948 57.970263 10.793195 284.445994 0.630536 -38.196035 4.645689 196.011736 -4.890299
1 -23.684857 0.550573 26.627940 4.519218 491.895869 0.710545 87.862147 0.193573 188.492617 0.569385 25.838435 6.402708 219.180056 -4.890299
1 -3649.858769 0.073663 -29.999129 10.150039 359.943317 0.495471 31.205860 6.265137 475.204127 0.371299 40.765767 5.730403 292.002514 -4.890299
1 -23.217969 0.762792 -57.496512 1.810281 425.518103 0.498322 -9.190028 11.599154 254.575421 0.725033 9.766022 0.455630 147.466520 -4.890299
1 -28.723098 0.160316 -89.711369 2.258202 21.265693 0.392662 -6.282736 7.399378 472.993005 0.420698 -88.001312 7.132407 480.043138 -4.984168
1 -45.942451 0.095291 -83.555198 0.036410 290.767408 0.281174 62.622949 11.842839 297.968700 0.611524 -51.663207 3.933511 198.871312 -4.984168
1 -3657.700223 0.357814 -81.632883 11.637088 299.627761 0.669443 1.981777 0.523037 358.986325 0.065246 -72.839553 7.948488 391.953246 -4.984168
1 -13.139742 0.038199 -32.326701 0.372788 199.612872 0.440443 -49.356332 8.215910 438.800676 0.750530 12.126501 4.502583 386.405461 -4.984168
1 -91.406533 0.089101 -75.270306 6.334406 479.072958 0.106013 82.726799 2.823767 315.099836 0.775933 26.188303 8.474656 29.291965 -4.984168
1 -1921.930338 0.241976 17.955734 7.869253 47.714733 0.482669 64.027013 6.577361 178.537579 0.523807 -36.957502 1.087546 428.311427 -4.984168
1 -52.056043 0.138450 -81.728589 0.008762 294.157322 0.340670 57.279933 11.110133 288.765105 0.629610 -36.170828 4.644757 188.834624 -4.984168
1 -22.155092 0.559308 31.449597 3.994672 483.652491 0.732824 88.106671 0.033936 170.198966 0.546062 26.079448 6.556820 223.925856 -4.984168
1 -12.988490 0.725664 -59.201599 2.397652 364.969059 0.566938 -14.832133 11.741410 338.777992 0.681885 42.714600 11.531025 183.087859 -4.984168
1 -19.522239 0.126775 89.432805 1.794516 334.907715 0.559149 -44.093179 10.169208 401.274078 0.711032 49.574130 11.169061 145.667968 -4.984168
1 -16.226556 0.225227 -78.240670 3.302480 19.649370 0.412563 -13.276163 7.088912 489.465887 0.427431 88.568067 8.697832 491.071154 -5.014488
1 -41.869414 0.119982 -77.190000 0.021153 290.377046 0.272432 63.177540 12.086131 298.652843 0.600624 -46.599423 4.308410 183.568036 -5.014488
1 -11.572608 0.367666 -41.103154 3.172208 378.070878 0.600858 60.706331 0.369991 207.611949 0.005452 24.677982 5.898209 210.448514 -5.014488
1 -8.876614 0.021728 -51.578837 1.124546 272.807549 0.477361 -38.772703 9.172893 363.630268 0.693787 15.581159 4.923142 348.982985 -5.014488
1 -85.261032 0.097714 -72.118670 6.545657 486.193352 0.118585 81.911225 2.981374 316.294949 0.770016 29.240689 8.713101 26.930503 -5.014488
1 -1815.778489 0.753120 79.198238 1.803534 216.022498 0.433288 84.937298 2.133811 474.324386 0.666726 -15.848466 6.132223 69.806693 -5.014488
1 -42.834443 0.169745 -76.635931 0.034717 288.484914 0.311052 81.785755 10.906284 308.107299 0.624111 -38.983335 4.273134 180.365462 -5.014488
1 -33.166795 0.548874 -68.174368 1.958736 422.314955 0.395006 -31.655989 9.847052 104.078992 0.036522 71.489684 11.398915 81.956907 -5.014488
1 -12.045168 0.713374 -58.142836 2.359229 366.002388 0.555501 -8.459811 11.945743 340.584940 0.695897 37.977335 11.486618 174.570367 -5.014488
1 -13.938885 0.054945 -69.230666 3.799695 325.723367 0.666916 -49.052702 7.555268 441.490634 0.587493 48.873279 11.663662 267.697217 -5.014488
1 -12.425568 0.331713 -39.920326 4.993775 16.181872 0.504701 -27.119064 7.174719 465.694713 0.354091 -77.762251 7.740879 454.418782 -5.058715
1 -45.677011 0.081969 -74.361571 0.189258 285.365472 0.320771 80.448429 11.322312 347.905873 0.633590 -17.608716 4.138755 205.511216 -5.058715
1 -13.454306 0.334538 -40.478563 2.727557 360.888543 0.569512 70.245719 0.988079 208.095350 0.039903 14.043969 5.475570 215.699566 -5.058715
1 -29.028496 0.777743 -56.774936 2.717287 293.304049 0.414893 -74.950779 5.155652 382.957703 0.681732 11.791783 6.206529 329.768232 -5.058715
1 -64.084585 0.054450 -67.543914 6.290288 456.017987 0.095080 -87.655646 2.012362 300.681459 0.723604 39.787896 6.520101 64.237693 -5.058715
1 -5.879909 0.131039 -58.918320 9.259857 185.203927 0.635746 -44.595110 2.257674 409.971761 0.188847 -26.709770 11.882353 53.428136 -5.058715
1 -2663.067422 0.725577 26.363302 0.618595 385.431010 0.211901 -69.714013 5.692116 366.468678 0.742410 -23.791598 3.837035 482.977114 -5.058715
1 -44.717718 0.483147 -74.002044 1.202079 389.320102 0.492145 7.737359 8.751730 155.296570 0.775247 -80.243992 10.977483 56.848361 -5.058715
1 -19.585616 0.724980 -53.924723 5.860216 456.668644 0.389903 81.221624 4.836355 297.898284 0.768291 -19.952134 11.111114 202.481939 -5.058715
1 -29.635995 0.577395 -78.524692 5.240764 430.052967 0.701749 -40.076705 4.730701 317.331292 0.177431 62.898554 9.703529 162.635266 -5.058715
1 -10.140176 0.205437 28.501667 11.294228 66.696803 0.526743 -29.876340 6.075230 459.809298 0.622866 -72.843577 9.996629 423.182184 -5.090548
1 -42.158406 0.051501 -69.745306 1.474246 330.199673 0.387354 88.025217 11.489288 351.855342 0.598427 -47.747936 6.334727 248.626187 -5.090548
1 -36.999278 0.139756 -23.335675 5.436460 449.794871 0.237471 51.310065 11.332303 178.250055 0.775812 -83.898134 5.767107 343.362174 -5.090548
1 -14.846835 0.741341 -48.672691 3.540662 294.938363 0.467341 -65.557107 5.697844 391.146268 0.734815 4.782866 6.837718 342.064808 -5.090548
1 -28.858127 0.783952 -63.445875 5.915032 424.361657 0.007485 86.444562 1.532428 288.794057 0.568261 50.295816 6.382308 95.093918 -5.090548
1 -7.034611 0.139150 -58.090430 9.264628 156.770004 0.570190 -45.026769 2.283822 428.733545 0.284928 -39.017687 11.465757 60.585186 -5.090548
1 -1825.098868 0.447422 -19.839535 11.344216 135.016460 0.210987 -89.061596 2.207612 365.356450 0.407157 -56.860309 4.965722 467.709559 -5.090548
1 -200.929527 0.106786 -14.439049 7.628324 91.377117 0.601849 9.900180 3.542065 423.775932 0.375991 54.044844 3.971815 417.862748 -5.090548
1 -22.380629 0.760839 -52.541135 6.296186 452.619877 0.388887 -81.204839 5.915854 326.094241 0.705813 -36.676849 11.125580 244.394616 -5.090548
1 -20.007132 0.614658 -67.693738 5.676362 420.071598 0.778163 -45.449048 4.059092 290.759322 0.165816 64.640915 7.742099 188.305571 -5.090548
1 -12.767782 0.174969 27.830296 11.394076 49.979624 0.552702 -30.956358 6.260795 469.922531 0.612368 -84.003127 10.081828 437.644728 -5.203863
1 -22.471868 0.759858 -56.926924 0.191313 340.525496 0.308912 -76.810474 10.923252 320.731805 0.686836 -41.583136 5.480080 141.173781 -5.203863
1 -1809.724220 0.725619 -35.057226 0.053977 120.316479 0.547534 -7.702991 5.837433 442.260073 0.503707 84.023896 4.533998 376.319752 -5.203863
1 -1915.104475 0.075127 17.158178 2.698148 283.323562 0.163919 49.099358 0.557261 140.884865 0.108708 75.854144 0.404005 365.901073 -5.203863
1 -11.274335 0.795322 -48.320913 6.241264 388.312564 0.005068 89.217974 2.343408 301.542651 0.623544 44.328442 5.985654 158.748747 -5.203863
1 -6.796122 0.068444 -67.081929 10.701926 197.316559 0.668741 -40.922711 3.569919 445.268507 0.278567 -60.506559 0.560348 119.066430 -5.203863
1 -1816.778935 0.246445 39.770075 1.388930 300.914135 0.519585 84.172253 8.193217 367.380239 0.101044 -12.497937 3.766506 330.331944 -5.203863
1 -1830.162437 0.060558 -50.515174 6.368330 84.782325 0.648451 -4.787605 3.582673 436.854988 0.294895 50.909278 3.874195 411.871509 -5.203863
1 -6.284383 0.219937 -12.794244 5.682283 386.522557 0.309005 -44.139369 5.047592 313.526998 0.165078 -69.432333 9.032775 366.787708 -5.203863
1 -25.430230 0.660107 -63.177868 4.159858 450.155832 0.282804 -81.818936 1.955609 168.380293 0.018458 26.816268 4.781832 86.330817 -5.203863
1 -11.139633 0.152840 34.169896 11.218619 67.575425 0.541087 -28.286760 5.579723 444.408739 0.585909 -80.237820 10.519641 449.965981 -5.299758
1 -13.689626 0.748399 -53.164606 1.279204 391.334929 0.252542 -33.201005 10.788168 66.133163 0.519001 -70.089301 5.226671 131.251821 -5.299758
1 -468.452648 0.550770 -78.301035 2.378888 383.304428 0.458514 -43.098662 2.421613 479.862049 0.565568 19.329372 11.595997 456.006607 -5.299758
1 -1814.735137 0.697327 -31.856278 3.869880 464.665589 0.150369 -49.300679 11.255704 309.638506 0.518577 2.670272 0.637154 81.054195 -5.299758
1 -1809.331724 0.675270 -19.754109 5.037106 441.031997 0.733979 -67.491011 3.860817 301.104837 0.557805 8.923885 7.965399 58.737933 -5.299758
1 -9.476522 0.052981 -56.164004 9.562207 212.179557 0.611173 -48.698515 3.359358 447.415466 0.392955 -34.126184 0.572882 69.970037 -5.299758
1 -1813.935532 0.329470 -25.369663 3.341704 423.105293 0.536050 -47.004452 7.474028 274.278389 0.017821 -19.123861 0.185399 173.880568 -5.299758
1 -19.604040 0.045392 27.387747 11.772074 33.890008 0.526329 -35.816149 7.298390 496.837193 0.616757 -84.115811 9.251199 433.886163 -5.299758
1 -8.423341 0.186032 -10.603952 6.256098 371.264722 0.296785 -42.385672 4.679808 320.473960 0.150682 -68.986285 8.907026 381.083871 -5.299758
1 -12.657791 0.606304 -40.112777 5.863740 463.183647 0.093989 -69.886852 2.096508 170.771655 0.699877 70.785300 0.890909 163.291502 -5.299758
1 -9.834854 0.102904 36.017163 10.761853 107.479781 0.535762 -20.362867 6.637408 449.531196 0.703652 -65.660122 9.736926 458.329162 -5.370238
1 -1816.275348 0.249139 7.594298 0.583958 265.523727 0.794873 -50.500591 10.727085 452.294750 0.668675 83.657448 9.489896 211.757698 -5.370238
1 -225.021952 0.469154 -73.105939 4.368899 350.678260 0.414988 -37.462411 3.204044 460.612463 0.584390 27.894761 11.404332 453.874056 -5.370238
1 -20.066026 0.031584 16.224083 11.417817 72.689852 0.529958 -36.618205 6.718421 488.044796 0.649684 -72.750846 9.637199 425.594143 -5.370238
1 -10.716130 0.569985 -44.253474 4.745984 366.744709 0.068527 81.390957 3.333238 339.327655 0.644056 49.913300 6.863736 105.984691 -5.370238
1 -7.205608 0.694418 -51.029135 9.973532 199.934177 0.403849 -36.213987 3.349831 443.116128 0.313332 -40.064595 1.788651 148.570270 -5.370238
1 -1822.986622 0.281609 -40.527367 4.209770 483.805467 0.427985 -33.027235 7.634932 208.233743 0.762598 -28.931964 8.210288 286.465518 -5.370238
1 -9.243567 0.023535 14.322431 11.691580 57.128884 0.513576 -35.025973 6.729286 487.891498 0.500626 -59.779072 8.242336 381.463719 -5.370238
1 -6.967019 0.286842 -3.231426 6.974891 366.911775 0.160993 -55.810329 3.770813 347.152107 0.203135 85.641017 10.155292 373.328532 -5.370238
1 -27.863411 0.480741 -62.142383 2.753693 419.167619 0.791780 85.394602 11.751082 221.418831 0.111321 27.235981 0.858960 74.855129 -5.370238
1 -20.206000 0.681648 -66.866670 2.739842 324.101070 0.177209 -0.390633 9.080631 418.368461 0.362671 14.590168 10.193371 363.960813 -5.408977
1 -19.494872 0.683304 -58.244478 1.666483 386.552955 0.517656 33.346606 8.211587 95.934980 0.480669 2.477086 4.771558 273.535050 -5.408977
1 -222.949680 0.409464 -52.492345 3.076881 364.952698 0.447331 -34.062196 3.373426 453.931368 0.523123 13.930412 9.550816 435.222918 -5.408977
1 -14.286904 0.136781 -21.524449 10.899434 53.924168 0.491793 -37.785616 5.489491 460.288501 0.444904 -72.904471 6.290120 357.003842 -5.408977
1 -15.343093 0.498988 -54.468682 4.000222 449.577061 0.123687 6.544257 4.075422 167.421031 0.496256 74.452128 3.567954 124.769758 -5.408977
1 -9.901549 0.640854 -63.576636 11.045397 161.967436 0.353019 -37.349899 3.583255 454.749292 0.432581 -55.066074 1.350827 158.266425 -5.408977
1 -1807.314585 0.300237 -45.964380 3.920532 440.881450 0.387806 -30.955827 7.017144 209.782924 0.733937 -6.835754 8.062906 263.967851 -5.408977
1 -22.676788 0.079722 -27.067344 1.957937 55.432648 0.641849 -41.473739 7.087652 494.341232 0.628854 81.273141 3.317519 312.574216 -5.408977
1 -12.676420 0.196871 -4.975254 6.222884 372.979959 0.118173 -54.645034 4.677744 337.360220 0.271822 -59.237205 10.576700 415.911623 -5.408977
1 -20.768392 0.108254 -46.830843 1.299468 284.342302 0.144466 15.643444 0.036648 208.752507 0.004592 -52.928237 2.536776 218.446615 -5.408977
1 -23.140516 0.696638 -67.467377 2.488819 333.212730 0.183571 -7.320035 10.202028 430.067336 0.387406 9.279932 11.314765 389.510963 -5.414652
1 -85.533127 0.538686 -50.608795 5.512113 92.864344 0.428756 58.874994 6.346916 441.888870 0.315227 -82.386312 2.871172 369.993216 -5.414652
1 -12.541515 0.706585 -40.889461 5.966552 462.913735 0.122792 63.978368 1.834932 20.654655 0.259091 -65.994806 3.737505 282.523740 -5.414652
1 -17.103058 0.651313 -37.921525 11.142028 474.226805 0.067330 -29.143603 8.297595 330.310371 0.674524 -68.146497 9.100662 403.234521 -5.414652
1 -18.374560 0.397049 -60.200071 2.640252 427.200880 0.136262 -1.128805 3.829441 71.895815 0.513782 26.456242 4.942862 77.708172 -5.414652
1 -12.964795 0.622508 -66.995223 10.466600 154.136938 0.357926 -40.473788 2.877183 436.530006 0.443523 -63.895654 0.261583 147.120454 -5.414652
1 -17.398612 0.731217 -51.879809 2.577044 366.992673 0.365608 -51.550615 9.757270 169.564229 0.453972 -77.347173 9.674686 361.343720 -5.414652
1 -40.250932 0.105222 -11.332929 0.987374 148.843655 0.547747 -55.382850 4.597930 353.385409 0.632387 76.184823 4.341547 370.736524 -5.414652
1 -7.784174 0.265611 10.119650 6.769269 372.215908 0.107538 -46.339516 5.279701 327.921225 0.253180 -50.599418 10.775351 479.800055 -5.414652
1 -13.241787 0.730048 -45.995195 1.160319 319.386579 0.221397 3.191355 0.057020 139.128165 0.090990 89.239853 1.928623 242.102584 -5.414652
1 -9.217161 0.321179 10.296370 7.555401 422.861367 0.733952 -55.431618 4.831082 411.028173 0.293244 -29.152850 9.689664 161.552523 -5.422294
1 -86.561949 0.546961 -53.899428 5.777832 94.074145 0.421911 58.337922 6.256857 443.332642 0.305890 -82.971381 2.694923 366.225324 -5.422294
1 -79.627343 0.676860 -27.745850 5.881141 451.721314 0.100651 35.126023 2.151513 47.533110 0.085605 -44.338838 2.876067 476.572784 -5.422294
1 -21.779045 0.706651 -24.146921 10.405752 421.493457 0.059644 -28.821852 9.190637 310.167820 0.717280 -77.668854 9.432343 488.372864 -5.422294
1 -16.807143 0.404467 -48.415641 4.856949 470.573950 0.028217 23.712250 6.069429 42.628678 0.480067 53.186983 5.758784 273.629435 -5.422294
1 -9.956970 0.583175 -68.843244 11.242023 206.688372 0.347072 -32.151874 3.051376 425.694520 0.409721 -53.324820 1.117257 164.272092 -5.422294
1 -18.573180 0.777820 -52.774074 2.860759 388.351876 0.340773 -48.817784 9.856378 138.532314 0.438298 -82.019422 9.510918 355.386815 -5.422294
1 -13.147679 0.159401 17.055020 0.379931 114.377319 0.526667 -32.430669 5.270794 420.399166 0.735075 50.752741 5.130656 411.963330 -5.422294
1 -3.945498 0.066274 4.406980 4.176617 331.381823 0.253844 -4.374686 5.611710 382.448430 0.548503 -26.721785 5.613805 303.574852 -5.422294
1 -48.315088 0.695495 -51.680627 0.844351 238.657474 0.310001 13.873899 9.378913 134.267147 0.327554 81.338232 4.670706 470.187762 -5.422294
1 -32.625190 0.612933 -64.008318 4.642048 438.219154 0.754025 28.554077 8.802176 437.400068 0.332487 -69.791401 1.261973 133.669311 -5.431906
1 -95.361699 0.558909 -56.645488 5.457254 75.901850 0.395636 58.106911 6.195460 446.935988 0.286819 -84.953247 2.130059 362.198332 -5.431906
1 -102.002515 0.601846 -39.936866 4.945226 455.557827 0.182884 31.388238 3.451995 54.628266 0.113142 -40.819107 3.003915 470.743516 -5.431906
1 -35.302719 0.695853 -57.011068 11.318973 448.013705 0.177411 -34.319124 9.363896 305.437242 0.732496 -87.136171 7.405277 401.327395 -5.431906
1 -11.885213 0.563864 -43.719392 8.732878 364.870578 0.062987 17.692316 5.014772 452.592105 0.592967 -87.249486 5.846726 191.635624 -5.431906
1 -11.141546 0.577354 -69.901897 10.851805 202.859197 0.347393 -30.755926 3.087321 434.370435 0.380695 -50.775591 1.213370 181.123600 -5.431906
1 -34.015981 0.099030 -56.036419 3.818488 464.376655 0.292850 -42.355707 11.036902 62.682785 0.414583 84.524529 9.598953 295.235786 -5.431906
1 -32.602893 0.152076 15.863252 0.233278 49.821981 0.504837 -32.872390 3.912779 384.159280 0.667249 71.697063 5.057224 406.507667 -5.431906
1 -4.983205 0.776227 -1.046630 7.928379 110.256345 0.448789 -33.315487 0.789536 337.029316 0.610512 -10.877613 5.403224 298.759508 -5.431906
1 -27.047161 0.617874 -51.877359 0.285056 234.167872 0.422082 18.268316 10.867066 224.612741 0.291560 53.501462 5.647657 460.751222 -5.431906
1 -17.876800 0.597097 -48.805058 4.082126 421.247947 0.017928 12.054894 6.062192 61.819855 0.331804 -76.628649 2.111586 212.556484 -5.446738
1 -90.740240 0.504202 -57.658226 4.975339 51.307262 0.459220 50.463515 5.728476 447.816138 0.356905 -71.210446 1.971102 353.774887 -5.446738
1 -109.269711 0.563422 -45.871787 4.411593 472.328585 0.186404 35.368298 3.138911 19.373649 0.071466 -39.054099 2.806666 444.384743 -5.446738
1 -75.922413 0.607581 -37.144844 4.918711 338.301550 0.201778 -51.068181 7.433265 361.444703 0.093702 -42.749574 4.551915 474.183439 -5.446738
1 -19.314935 0.608821 -41.222599 8.922348 352.559437 0.072458 33.050478 6.155541 452.230469 0.512974 82.561350 4.835804 272.498895 -5.446738
1 -13.989938 0.489244 -76.428690 1.274491 190.228620 0.261868 -28.606372 2.709000 394.273203 0.353106 -46.251706 1.288782 154.617090 -5.446738
1 -20.961765 0.604663 -51.441037 4.385006 402.507716 0.293602 63.175353 1.009227 167.724176 0.663834 -85.606845 9.050352 314.245081 -5.446738
1 -22.566950 0.084307 8.559892 2.159718 96.273606 0.581748 -37.779241 3.995888 395.950648 0.654199 53.800552 6.243737 472.940668 -5.446738
1 -4.004872 0.779190 7.929777 8.751924 151.646630 0.423427 -42.392352 1.223540 354.820388 0.619016 0.101424 5.475312 327.463367 -5.446738
1 -32.935268 0.576606 -26.324183 0.847077 205.575087 0.286019 23.626349 11.190255 268.833404 0.275345 69.935643 5.531003 474.577427 -5.446738
1 -25.173255 0.469782 -60.074972 2.802594 432.851706 0.033593 35.103649 7.944619 105.469121 0.382607 -78.391612 3.321835 166.703522 -5.475453
1 -96.771474 0.464414 -54.532987 4.453404 36.456745 0.489375 46.238414 5.616488 441.953810 0.361520 -73.684874 2.111257 369.228163 -5.475453
1 -94.249718 0.568695 -40.096634 4.493325 459.032901 0.201752 27.094869 2.482168 28.474041 0.087858 -42.922678 2.910237 450.858280 -5.475453
1 -62.759005 0.575804 -33.185788 4.095368 354.816846 0.175914 -54.505369 8.198711 331.268774 0.080898 -26.615264 4.132137 454.902469 -5.475453
1 -17.850107 0.655898 -42.429553 9.551144 325.897980 0.093465 22.496491 5.508771 483.627299 0.555891 78.884636 4.548391 245.329383 -5.475453
1 -14.317936 0.669279 -86.597981 1.805480 164.459611 0.194800 -36.681589 2.814643 415.967785 0.378343 -30.429551 11.520865 244.345580 -5.475453
1 -20.490194 0.492254 -48.502636 2.810494 371.754503 0.076887 59.794698 10.835867 88.905271 0.606237 85.539826 5.461326 288.626168 -5.475453
1 -43.123536 0.061942 7.191334 2.009140 141.709414 0.509380 -37.679322 3.545178 357.612561 0.652172 61.399089 6.621114 463.275728 -5.475453
1 -3.814799 0.787625 9.994386 9.005477 181.495688 0.406544 -43.967265 1.070148 344.116269 0.597873 9.408057 5.621715 343.519866 -5.475453
1 -23.684892 0.537349 -41.996997 1.268652 275.501964 0.242538 71.544139 8.197175 207.859698 0.190646 42.738917 5.220968 445.350651 -5.475453
1 -14.886771 0.480176 -55.634207 1.823176 383.069662 0.004135 41.670142 11.397458 119.365571 0.511411 -66.473832 3.309671 98.463713 -5.527301
1 -21.895747 0.484155 -50.830147 2.589292 376.568205 0.037359 58.129387 11.169854 90.574469 0.662274 88.141321 5.155662 283.041261 -5.527301
1 -134.023499 0.598408 -35.839770 4.216296 398.562729 0.142888 3.520034 2.154484 54.851140 0.085836 -55.755733 2.921606 497.081797 -5.527301
1 -70.962524 0.592167 -36.612587 4.106152 342.131989 0.181734 -53.346290 8.461835 350.650750 0.097574 -26.258511 4.168183 464.466371 -5.527301
1 -18.463291 0.664594 -40.802130 9.721878 338.328518 0.097336 28.300168 5.547881 478.665617 0.540721 76.140564 4.128633 248.421741 -5.527301
1 -10.180797 0.659097 -89.505315 2.309966 160.859621 0.230639 -34.457466 2.523949 408.624848 0.327266 -25.392355 11.684493 243.803344 -5.527301
1 -15.671993 0.544637 -50.711922 2.587950 385.729260 0.252942 62.067844 9.289066 58.750623 0.077711 -76.592399 5.368258 194.688995 -5.527301
1 -15.295722 0.626372 63.299182 10.614970 93.180385 0.420966 -54.091494 2.408807 440.360895 0.687436 -51.474333 4.595122 51.024957 -5.527301
1 -11.807024 0.657457 9.405020 9.581914 141.470283 0.410830 -51.379282 2.585248 415.793266 0.564203 8.010032 6.438246 322.195314 -5.527301
1 -20.107057 0.284485 -35.517745 0.301346 233.863781 0.113172 -72.016722 9.811953 177.408870 0.219397 33.997227 6.615224 487.558717 -5.527301
1 -19.254125 0.552626 -59.152427 1.713068 402.871429 0.785419 34.629869 0.582961 100.414108 0.572146 -69.179655 2.081910 49.475171 -5.563459
1 -27.889932 0.458541 -60.441667 4.520647 357.031226 0.683733 23.198240 4.803064 307.293999 0.127104 -77.117492 5.095415 358.293987 -5.563459
1 -12.499034 0.501394 -40.322240 1.666668 309.300122 0.246799 54.833109 5.654510 204.003501 0.466945 -52.921853 5.508431 287.178562 -5.563459
1 -6.456380 0.636586 -27.119845 6.006538 338.931737 0.299823 -32.706496 0.911763 178.876303 0.181531 -29.462893 6.724335 464.923417 -5.563459
1 -24.453128 0.633349 -44.420064 8.831492 298.768250 0.059571 30.934629 5.943133 481.956650 0.570473 65.182084 2.949670 256.173990 -5.563459
1 -6.826025 0.587508 -55.116587 2.488700 119.613187 0.317298 -32.447345 0.872380 340.938116 0.354985 -29.992889 11.406269 288.150653 -5.563459
1 -18.536688 0.585551 -50.294190 2.637334 384.436260 0.014863 60.799101 11.904578 32.323720 0.691864 88.622385 6.140912 271.284745 -5.563459
1 -6.884134 0.509857 84.826137 0.270831 110.772294 0.360432 -40.877353 3.340928 448.544825 0.066872 -33.761064 1.783870 61.035128 -5.563459
1 -7.410937 0.660021 35.760702 8.852004 100.986141 0.351651 -44.736549 2.461109 426.532176 0.644528 9.482918 5.230767 251.724740 -5.563459
1 -21.704902 0.205425 -34.672885 0.010393 247.817146 0.296182 74.751910 7.714518 185.793639 0.260090 19.442140 5.604759 387.076029 -5.563459
1 -15.410965 0.463329 -48.636187 4.178493 383.807484 0.239158 -88.943591 4.511047 201.175350 0.223788 5.440390 7.032489 395.186914 -5.704949
1 -214.040168 0.411456 9.085384 4.497840 170.655859 0.005556 46.181120 2.785969 456.007511 0.367413 -35.561869 0.019464 68.215714 -5.704949
1 -15.443910 0.447571 -47.199827 1.198141 307.570443 0.251659 76.252635 6.034621 189.879195 0.475919 -52.412602 5.801805 323.659220 -5.704949
1 -7.610681 0.460366 -8.421361 5.079629 315.215072 0.293435 -37.910190 0.101293 178.403960 0.145489 -22.773986 6.105605 468.414341 -5.704949
1 -6.464063 0.457918 -89.995244 0.469931 80.985875 0.388012 -41.954917 2.684876 441.133492 0.791785 -29.777388 1.709976 61.432803 -5.704949
1 -5.796259 0.643415 -67.160245 3.086780 161.343250 0.313959 -37.385845 1.598908 360.161192 0.323682 -7.228581 10.389263 263.523633 -5.704949
1 -18.411017 0.558004 -45.904838 2.852514 365.611922 0.026550 56.536740 11.984163 41.900921 0.675858 -77.941669 6.164800 280.937387 -5.704949
1 -12.812939 0.589825 -51.671740 3.551212 427.463621 0.063729 -64.101035 1.797004 134.477295 0.160589 -2.276654 2.825002 136.925416 -5.704949
1 -16.607135 0.651020 13.135111 9.252094 20.698560 0.313344 -49.871055 3.717643 471.961329 0.783959 57.274195 4.886430 258.406957 -5.704949
1 -33.079875 0.029313 -31.393126 0.589919 290.755427 0.290959 36.698658 5.083351 198.738722 0.161360 18.032642 3.584357 316.244370 -5.704949
1 -13.546582 0.650319 -46.961696 8.518143 457.240710 0.187342 -81.577204 0.487162 262.257175 0.223561 5.478906 9.289181 178.325882 -5.874568
1 -11.024642 0.579311 -46.108774 3.635485 365.339124 0.212553 -25.714189 6.039773 216.290281 0.468126 -28.788222 6.262794 312.532535 -5.874568
1 -19.170384 0.253016 -57.105357 0.923470 262.785534 0.415388 53.955805 6.942466 280.431972 0.439739 -21.723480 7.287966 428.247577 -5.874568
1 -42.150246 0.011868 75.880753 2.943690 416.008282 0.212200 -20.067938 11.882372 162.585663 0.534493 -80.980530 8.093096 288.225168 -5.874568
1 -16.365354 0.418964 -69.883560 10.373297 240.830054 0.308012 -49.036843 3.591284 463.399506 0.093609 -32.072981 1.025884 94.306621 -5.874568
1 -11.225723 0.291550 -53.717642 1.430788 288.505719 0.240288 -41.910121 4.512037 281.978744 0.542073 -41.912997 9.028331 262.351794 -5.874568
1 -11.679805 0.710708 -49.480095 0.617206 349.482310 0.170068 32.642571 1.428844 68.867450 0.635609 -74.886791 5.658421 83.334698 -5.874568
1 -35.217687 0.684423 -66.610536 3.952357 485.461328 0.114824 -71.068866 1.133240 94.191468 0.179474 4.121236 2.826503 101.894214 -5.874568
1 -5.461657 0.661199 -28.303112 1.898318 36.594348 0.377104 -42.265888 2.410875 429.970228 0.276007 -13.970097 4.958829 146.280635 -5.874568
1 -12.321919 0.791490 -53.667260 4.966294 481.252301 0.785825 7.618267 6.075246 225.862886 0.736853 -55.091115 3.816002 117.420401 -5.874568
1 -11.416573 0.657462 -49.826055 7.233052 453.579574 0.169916 88.011556 1.238072 240.283426 0.297765 -4.821564 9.271183 195.605172 -6.226555
1 -13.430901 0.721424 -54.941168 3.237317 423.761287 0.149225 -9.172594 1.630136 138.891254 0.553561 -59.623206 8.158572 95.208993 -6.226555
1 -20.012264 0.442770 -59.722015 0.273136 258.832032 0.358143 46.179801 7.838602 221.231475 0.488367 -20.839656 5.524526 430.540113 -6.226555
1 -54.521432 0.042389 79.992177 2.221592 395.743823 0.142618 1.007097 11.140275 92.339944 0.532711 -85.940496 6.580783 277.360498 -6.226555
1 -12.367605 0.364778 -69.236845 10.324040 229.791951 0.271562 -44.774293 3.680152 462.006298 0.092867 -31.420874 1.640743 117.233437 -6.226555
1 -12.533040 0.191129 -59.578967 3.455694 352.996487 0.190570 -59.511478 6.934380 307.625411 0.492485 -28.316169 9.716565 356.835179 -6.226555
1 -26.006860 0.729870 -60.453159 4.498556 465.880555 0.191441 -39.238699 2.736448 223.844233 0.541776 -53.077565 10.287003 113.281702 -6.226555
1 -6.982569 0.651693 -26.614742 1.317848 13.419332 0.360399 -38.797716 2.404854 420.439247 0.284462 -15.094161 4.785664 149.496534 -6.226555
1 -9.921372 0.697704 -44.889004 2.294342 258.464069 0.590934 -50.501926 4.148443 356.959374 0.243292 -10.052442 5.626336 158.068517 -6.226555
1 -19.899258 0.733440 -59.903147 4.128810 441.322991 0.661452 26.052467 5.556828 320.782672 0.714895 -75.619715 4.848423 126.586784 -6.226555
1 -25.819321 0.758733 -66.639491 1.085728 351.819939 0.379437 -29.039280 9.714963 431.810784 0.268203 37.774883 10.465246 50.462356 -6.646706
1 -12.360571 0.715774 -51.965571 2.007858 398.713482 0.180439 -20.548618 2.143606 134.324457 0.501898 -57.692484 8.686320 121.058168 -6.646706
1 -17.348319 0.462090 -61.057506 1.586029 300.094780 0.261622 76.386291 7.279171 188.341236 0.521014 -15.212740 6.481872 434.207734 -6.646706
1 -27.152123 0.635936 -52.813678 2.525991 357.458415 0.451876 70.677352 5.770299 246.280617 0.771338 -77.927524 4.789583 261.164260 -6.646706
1 -22.090942 0.312763 -67.281399 0.371585 149.424174 0.319558 -47.546966 4.615989 473.882064 0.775040 89.657094 2.803764 177.240864 -6.646706
1 -18.830921 0.162400 -74.429899 1.999822 306.173194 0.253702 -57.075480 7.884804 344.125628 0.503345 -16.164403 8.250921 381.513491 -6.646706
1 -20.630811 0.606493 -59.616976 4.459136 459.149067 0.057919 -48.026284 2.375795 204.097254 0.510745 -20.814033 11.732639 102.075914 -6.646706
1 -5.868560 0.631277 -28.410676 1.569487 19.526450 0.378224 -43.428819 2.931304 447.965945 0.300574 -13.635287 5.127391 165.225676 -6.646706
1 -11.425695 0.761874 -51.257405 2.250522 285.819697 0.575224 -46.039783 2.973981 301.029226 0.286903 0.168118 6.314654 91.119561 -6.646706
1 -16.357246 0.772517 -53.884069 4.062555 393.384278 0.668195 25.144327 4.647119 330.624319 0.672248 -76.588010 3.855985 81.420175 -6.646706
1 -5.319261 0.672800 -29.597359 2.279912 34.678960 0.390102 -40.642776 3.526805 465.550481 0.294486 -24.854242 5.065896 160.767490 -7.020128
1 -23.968160 0.655781 -64.828729 1.961991 397.732414 0.191110 -34.986760 2.731518 148.415338 0.284216 89.452293 4.532771 67.793612 -7.020128
1 -18.767332 0.483957 -60.228197 1.795040 306.031013 0.296639 76.877733 7.274349 192.411811 0.485367 -20.128291 6.370069 424.509140 -7.020128
1 -14.913177 0.410611 -58.561682 0.347089 284.706590 0.013575 4.865150 4.334599 210.138152 0.745201 22.857197 7.622986 292.724988 -7.020128
1 -17.847059 0.245796 -59.647585 0.434098 187.512116 0.158055 -33.102150 4.797330 428.527422 0.125320 69.890583 2.412255 221.925653 -7.020128
1 -6.031493 0.300406 -49.294609 2.634230 293.636182 0.250026 -63.091713 5.304848 301.576401 0.621012 7.402754 8.984503 461.953480 -7.020128
1 -11.279455 0.416649 -55.314022 4.633411 443.879262 0.548118 -49.485091 5.052823 205.945332 0.590631 -6.298101 11.086031 279.956299 -7.020128
1 -5.260115 0.754080 -22.545106 1.934573 37.562265 0.504122 -43.000637 1.963821 406.585594 0.352616 -21.009777 6.303583 136.174133 -7.020128
1 -12.168825 0.768490 -57.847470 3.185928 378.847056 0.457272 -22.440842 2.655522 228.458390 0.363469 33.452643 7.784213 175.986386 -7.020128
1 -13.691169 0.698075 -55.289302 3.341109 380.304849 0.586361 34.351095 4.958631 348.924708 0.046595 -74.622174 3.286549 116.549659 -7.020128
1 -7.298152 0.696632 -18.391561 0.798115 26.284352 0.501179 -43.729393 3.796615 463.223273 0.224732 -37.544839 4.681813 150.641364 -7.447863
1 -15.254768 0.703560 -57.283594 1.904874 406.241542 0.290263 -20.366985 3.426639 120.659384 0.253989 -76.003609 4.877316 57.732947 -7.447863
1 -10.423715 0.660945 -18.612357 1.816256 73.334219 0.334024 -43.511849 3.673970 457.541847 0.206618 -26.010169 2.514713 196.750839 -7.447863
1 -15.039435 0.476625 -58.812463 0.108510 285.907591 0.021224 7.575434 4.136031 196.253023 0.700839 13.644260 6.663611 226.495697 -7.447863
1 -5.694281 0.662567 -34.679326 3.490873 87.330252 0.183022 -34.306236 3.145113 450.758548 0.345199 -30.673754 4.184000 171.583033 -7.447863
1 -8.452697 0.328157 -45.184523 2.419926 271.429922 0.299903 -72.754086 5.274549 319.765212 0.598961 7.685176 8.537004 459.901762 -7.447863
1 -16.224565 0.393098 -55.542958 4.353300 486.713609 0.547274 -50.041129 5.710659 121.212100 0.553789 49.025432 11.472779 154.284256 -7.447863
1 -6.688377 0.686643 -14.063542 3.182632 48.609961 0.609395 -43.164717 3.832856 453.645206 0.472777 -56.688858 7.513713 211.968806 -7.447863
1 -11.490843 0.753477 -52.390255 3.651477 387.051282 0.432126 -50.214703 2.345740 236.632946 0.321726 25.400130 7.755084 167.514342 -7.447863
1 -9.690944 0.606875 -52.883851 5.027578 366.269295 0.618115 32.440439 3.217800 367.696185 0.106393 -88.766929 8.470932 250.085534 -7.447863
1 -8.464095 0.675116 -10.777967 1.169551 35.696039 0.511568 -46.661959 3.130917 431.815253 0.302269 -35.309575 5.827079 198.161564 -7.942003
1 -10.927222 0.753368 -47.554985 1.224866 364.738988 0.359871 -18.089916 3.167132 136.013447 0.173526 -82.248492 4.290763 21.260213 -7.942003
1 -6.465522 0.636081 -20.246815 2.237727 100.322883 0.217489 -24.994258 3.109491 438.240997 0.241888 -24.778727 3.096241 180.436507 -7.942003
1 -11.871793 0.318005 -50.390898 1.200949 10.243134 0.659746 -49.883474 1.126655 410.425042 0.751360 1.461985 11.419794 168.816745 -7.942003
1 -11.199070 0.661215 -39.432254 4.339253 125.299285 0.178141 -24.785246 2.670020 431.420276 0.335489 -29.142511 4.391305 135.443667 -7.942003
1 -15.682731 0.315289 -58.347395 2.291396 256.494208 0.233061 -76.036927 5.318980 333.159454 0.662424 5.190864 8.721859 494.788251 -7.942003
1 -6.475806 0.588382 2.591522 3.098274 43.569534 0.454995 -43.142120 2.648297 422.543431 0.467234 -6.470509 7.937210 183.581721 -7.942003
1 -8.723139 0.691717 -14.449571 3.096312 47.315638 0.549210 -46.796929 3.339487 432.740376 0.581351 -44.093671 6.815458 249.648807 -7.942003
1 -6.173678 0.686482 -54.311286 5.373313 169.169989 0.627607 -41.376012 1.572922 372.182204 0.172654 78.356115 7.371220 137.243589 -7.942003
1 -10.151857 0.027282 -62.154920 10.616210 109.532039 0.732245 -45.732936 4.515968 474.929084 0.117181 61.784651 5.165684 237.922515 -7.942003
1 -9.609410 0.513751 -9.932279 1.552908 187.980574 0.403798 -37.823894 2.500897 343.705741 0.293470 -12.103026 2.047009 272.222512 -8.395303
1 -11.446795 0.678304 82.399993 3.883522 72.526657 0.758775 -48.093817 2.300128 419.670214 0.408579 -41.818281 10.802852 311.068246 -8.395303
1 -5.501652 0.553171 -5.527399 4.425379 154.934414 0.485578 -38.259597 3.415599 400.421619 0.192673 16.869540 4.357814 286.599168 -8.395303
1 -7.426351 0.196227 57.924027 3.080033 43.419875 0.739566 -47.267606 1.082159 408.020293 0.783470 5.392831 10.616838 97.389396 -8.395303
1 -6.686444 0.641391 -28.833093 4.497051 73.493948 0.188465 -36.732337 2.763554 449.638764 0.269845 -20.104232 4.838022 110.632728 -8.395303
1 -4.864925 0.744463 55.121304 6.826440 120.533812 0.624629 -38.837572 1.851699 326.603054 0.225503 10.158136 10.215242 492.906359 -8.395303
1 -8.732533 0.504768 -44.461784 5.674967 56.333052 0.610014 -50.027117 2.500344 421.746770 0.407957 18.576873 8.277756 228.311540 -8.395303
1 -5.331644 0.583453 -30.564553 3.543150 149.953494 0.271689 -39.206525 0.126173 284.386028 0.182220 40.383729 11.180693 451.177551 -8.395303
1 -7.017001 0.664163 -46.695178 4.548123 202.108330 0.479268 -40.510750 1.278207 343.248573 0.132756 68.293515 9.226970 166.024388 -8.395303
1 -8.822015 0.221740 65.917189 8.426019 248.561539 0.540209 -38.314571 4.473087 446.660673 0.079799 -47.116413 2.466152 202.965224 -8.395303
1 -7.602741 0.546163 -28.748325 3.463495 163.878734 0.260114 -28.518944 0.283799 273.081638 0.188680 64.764380 10.660525 472.098379 -8.837140
1 -7.676053 0.130039 17.326570 2.634415 35.067548 0.791353 -43.882602 1.709623 322.657239 0.262497 -3.815250 10.189484 484.327637 -8.837140
1 -6.367707 0.379139 38.482956 5.357375 137.089469 0.544934 -45.728412 2.686897 385.046783 0.299302 -8.512720 7.685900 339.194299 -8.837140
1 -6.604265 0.231934 42.712345 3.838918 144.409797 0.738116 -47.319275 0.673083 358.285975 0.020241 24.798787 10.930780 86.406704 -8.837140
1 -6.991982 0.489760 -34.349640 8.283958 325.398067 0.323882 -47.129297 3.666126 414.853310 0.303593 -16.182677 3.974244 59.455521 -8.837140
1 -9.166316 0.434651 9.506532 3.818588 169.525561 0.798746 -50.904261 3.079476 435.815263 0.142144 -14.747946 3.455179 83.329418 -8.837140
1 -9.058717 0.608247 -80.059082 4.918247 31.968404 0.565740 -48.268078 3.124049 422.243376 0.128396 -9.269973 8.435950 308.359139 -8.837140
1 -4.766772 0.427583 6.807036 4.422441 184.501035 0.465611 -39.030024 2.558427 374.938111 0.283916 22.820789 4.532463 273.996140 -8.837140
1 -5.058774 0.747099 -46.654023 2.698496 32.246668 0.253362 -39.836590 0.190567 354.703086 0.202430 81.296271 7.238031 139.671829 -8.837140
1 -6.759162 0.209629 71.253782 7.570215 223.294101 0.672316 -42.734692 4.451987 472.419998 0.176132 -33.516375 1.942644 43.711854 -8.837140
1 -10.851196 0.686767 -41.684379 3.849727 159.867105 0.170131 -31.044153 0.149822 264.167106 0.134071 -71.500069 11.027926 493.459872 -9.292657
1 -3.471506 0.717368 18.662372 7.102851 209.247897 0.222915 -49.153029 2.198723 400.144417 0.314687 9.650136 7.627899 242.240366 -9.292657
1 -8.877540 0.329962 0.456087 5.277435 22.381094 0.518450 -46.803252 2.809368 411.292227 0.121283 -15.334945 6.340035 285.225930 -9.292657
1 -6.252744 0.140996 89.293829 3.186750 142.036863 0.775742 -46.364330 0.147340 360.988798 0.775846 31.927929 8.637126 96.498994 -9.292657
1 -9.208317 0.308143 -74.987180 11.316494 363.755762 0.380163 -34.107856 1.755348 361.700692 0.177005 68.521537 10.480526 62.968565 -9.292657
1 -8.509458 0.586144 -13.039946 2.223716 71.953881 0.740848 -48.056791 1.786576 429.365604 0.650912 5.102891 2.546420 72.855808 -9.292657
1 -5.349557 0.432966 -86.118490 5.247770 18.790622 0.622531 -42.242294 1.859939 402.905527 0.141799 15.976583 9.413509 195.950351 -9.292657
1 -7.398185 0.206228 -46.202565 10.050280 265.131614 0.495177 -46.432974 0.795112 360.005068 0.167778 51.851472 0.368373 39.541194 -9.292657
1 -5.156825 0.019272 -52.614347 4.561581 30.199177 0.155395 -36.512496 1.281101 397.080681 0.081596 -70.031015 7.069619 147.518456 -9.292657
1 -7.599478 0.221148 -79.027598 8.286214 223.956938 0.661368 -41.525063 5.426755 499.215782 0.210112 -20.123681 1.380402 99.967716 -9.292657
1 -11.238339 0.522712 -41.451960 3.255269 225.455448 0.195356 5.051156 1.467047 255.099090 0.119822 -70.857305 8.584549 460.481676 -9.709840
1 -4.239195 0.784202 18.956227 6.707981 121.559756 0.229640 -46.965199 1.826804 380.488879 0.188495 6.976847 10.981607 361.062927 -9.709840
1 -6.196673 0.320277 -18.089554 4.988125 26.725116 0.461838 -36.587179 3.460120 412.614247 0.035278 -42.437453 7.105063 342.560122 -9.709840
1 -6.793078 0.727038 56.324220 2.296159 48.318602 0.703018 -42.195506 1.502469 379.555207 0.582815 -8.813636 9.159208 167.686042 -9.709840
1 -6.994370 0.310085 -52.840707 11.960516 370.854252 0.300434 -37.720380 0.747325 331.359993 0.114844 78.686307 9.269583 78.134475 -9.709840
1 -6.049588 0.547995 -13.431161 2.606415 68.171640 0.740562 -42.976647 1.399979 407.756158 0.622354 13.457550 3.106698 90.034318 -9.709840
1 -5.326531 0.585370 34.159141 6.646582 60.195426 0.748724 -44.141364 1.395148 401.041265 0.767072 5.086420 3.691848 104.371537 -9.709840
1 -5.898144 0.259618 -49.569188 9.618585 231.538321 0.409999 -46.209637 0.141297 336.254714 0.096780 56.326977 2.038010 44.795426 -9.709840
1 -6.329248 0.670658 -69.848151 3.525886 87.446711 0.750855 -43.148260 2.877309 440.602217 0.046224 -77.777440 2.095003 76.106137 -9.709840
1 -8.064121 0.230521 -70.870916 7.178081 268.061320 0.655708 -36.304904 5.960356 478.957953 0.304874 -23.961292 3.897311 115.230727 -9.709840
1 -11.739619 0.446618 -24.994284 2.850228 211.157549 0.195314 2.043329 2.173847 266.910337 0.147960 -86.034982 8.544128 488.133498 -10.134717
1 -6.014286 0.228298 -57.133052 9.574142 297.072759 0.395291 -44.983709 0.322441 326.864836 0.729341 26.609686 6.016340 115.557116 -10.134717
1 -5.789490 0.784825 88.547281 7.401995 26.452566 0.386396 -42.740575 2.949788 424.690092 0.637126 -4.602043 6.590277 281.965213 -10.134717
1 -5.313150 0.115644 78.838162 5.820952 217.803954 0.333833 -45.461988 3.200168 391.684557 0.540370 -20.896840 11.562846 368.828179 -10.134717
1 -8.042873 0.275657 -71.295164 10.260233 382.864264 0.336747 -38.355302 0.635341 317.794700 0.074362 64.252597 8.381172 60.449740 -10.134717
1 -7.478643 0.497438 24.382573 0.078253 78.000149 0.718661 -45.739635 2.160982 395.480774 0.611567 -19.811912 6.527517 142.165230 -10.134717
1 -5.547907 0.421999 60.061407 8.810851 84.192785 0.585254 -40.337021 1.203620 370.060419 0.122567 34.625416 6.373292 232.101679 -10.134717
1 -6.815554 0.166712 -28.479616 8.414290 161.227341 0.454725 -41.047412 0.879018 360.322908 0.158104 28.641696 1.626629 46.179602 -10.134717
1 -7.602839 0.454857 52.709493 8.768615 91.316547 0.615890 -46.424369 2.925103 438.510710 0.082110 -49.074205 3.192001 47.496641 -10.134717
1 -6.157562 0.344210 -70.410390 4.204588 199.504473 0.661237 -30.913516 6.678143 475.510332 0.269935 -56.554878 3.798877 242.325427 -10.134717
1 -9.812013 0.418236 -27.727133 2.759408 258.457429 0.216241 3.947933 2.725239 247.885623 0.078118 -84.674401 8.156470 453.534675 -10.589060
1 -7.485118 0.104058 -63.661056 11.167699 384.542596 0.401266 -41.984345 0.597736 322.446943 0.691178 67.384696 1.324090 104.978418 -10.589060
1 -4.872653 0.798882 -89.219622 5.568680 23.222783 0.444550 -44.926947 1.027898 357.936156 0.474808 18.480195 8.361694 300.056244 -10.589060
1 -2.975598 0.374052 -59.544517 2.663778 191.402640 0.058098 14.553141 1.865721 325.194055 0.574181 -13.162535 10.260407 446.693315 -10.589060
1 -6.391697 0.609295 39.563832 6.073821 345.577207 0.669092 -33.623960 3.168884 372.538964 0.015504 15.780315 0.600324 188.264624 -10.589060
1 -5.355594 0.244235 4.367244 1.123606 198.049101 0.755921 -48.133741 0.507347 328.864343 0.209758 41.025142 3.514475 51.650778 -10.589060
1 -5.653104 0.306944 14.282209 9.115309 201.917355 0.613929 -39.588426 1.161326 361.964081 0.227709 43.195951 4.027085 161.060977 -10.589060
1 -5.534577 0.325710 -34.365673 7.708568 145.280235 0.447484 -41.204975 0.767129 365.156909 0.091296 34.445347 11.774515 41.976627 -10.589060
1 -5.519190 0.583122 37.404131 10.342990 43.850851 0.700445 -41.814879 1.082743 372.994446 0.166365 58.319566 7.967985 235.703016 -10.589060
1 -5.109524 0.285536 73.347533 3.757680 214.040516 0.587479 -24.794704 7.431721 488.864232 0.291436 -71.496272 4.770404 271.927339 -10.589060
1 -10.826550 0.588187 -36.537223 5.745423 347.168137 0.104610 20.609954 3.220378 266.697943 0.181583 -86.210650 6.502498 373.392259 -11.015467
1 -7.877654 0.287948 -57.474166 11.286935 330.609991 0.406311 -35.981478 1.300302 342.315912 0.746098 68.035044 2.152500 148.058682 -11.015467
1 -3.498471 0.792860 65.358118 3.773633 23.976072 0.165911 -25.581193 1.527339 355.014407 0.413808 -7.000995 8.395282 420.224518 -11.015467
1 -3.011083 0.472473 -43.632316 1.625798 162.433824 0.052022 15.281632 2.358763 341.123448 0.573595 -17.314305 10.053548 448.169635 -11.015467
1 -4.885680 0.584164 26.535815 6.217671 371.493803 0.618585 -33.947092 3.204317 353.014073 0.053177 16.220983 0.641382 209.546026 -11.015467
1 -5.635771 0.286264 3.454389 1.771923 173.272304 0.788132 -44.694301 0.735076 362.527589 0.137608 29.968869 2.605325 58.550657 -11.015467
1 -7.410343 0.309824 64.738530 5.699215 154.986749 0.778109 -38.003811 1.384162 363.316110 0.242274 27.999656 4.139722 191.314482 -11.015467
1 -6.176169 0.354765 22.403179 8.420581 159.665823 0.679887 -46.702411 1.389140 383.677776 0.740195 50.666667 11.974990 12.561974 -11.015467
1 -5.508730 0.516921 -7.425108 8.693306 110.910489 0.710854 -41.363765 0.896081 364.425726 0.214537 61.872647 6.928147 187.678249 -11.015467
1 -5.489095 0.303274 70.545912 2.156921 199.316999 0.523613 -19.006296 7.527494 479.605685 0.297365 -87.065628 5.706805 307.106338 -11.015467
1 -9.903479 0.586476 -44.293444 5.366851 347.710198 0.147435 12.627893 2.227058 244.108572 0.008831 89.490617 7.466518 400.098553 -11.447684
1 -6.659835 0.144217 -59.271203 11.820580 333.953387 0.398423 -38.994808 2.137727 373.377098 0.096826 -80.748214 2.888727 123.872112 -11.447684
1 -6.235060 0.553961 -12.782674 6.239661 145.102931 0.615557 -41.481742 1.308623 338.373853 0.685458 -35.112592 9.625721 299.000688 -11.447684
1 -3.648588 0.419312 -53.136794 1.832133 191.130835 0.053858 13.910738 2.313227 339.070691 0.525511 -15.063225 9.457284 393.713965 -11.447684
1 -6.424909 0.482230 27.523860 7.211021 362.434025 0.616534 -42.165205 2.798405 349.659560 0.109540 29.305478 1.923317 198.384022 -11.447684
1 -5.087556 0.019154 -41.266422 9.162472 179.256996 0.454746 -44.037453 1.537584 348.853846 0.474867 19.857838 12.003685 396.162965 -11.447684
1 -7.103454 0.304397 40.688868 6.829179 201.256667 0.683208 -38.230726 0.744961 329.568516 0.213135 1.864020 4.356143 207.635142 -11.447684
1 -5.802905 0.465339 5.849364 11.203849 138.785309 0.689377 -46.579579 1.512340 395.282826 0.776946 64.468115 1.550264 41.367887 -11.447684
1 -5.487849 0.488735 -41.154925 1.985724 79.211961 0.718536 -45.243441 1.778016 401.354991 0.694648 -14.410507 8.694173 208.987725 -11.447684
1 -6.499150 0.370555 50.558872 3.088058 183.656584 0.433554 -19.578684 5.558975 436.336803 0.243540 85.971525 5.816514 352.196683 -11.447684
1 -8.317719 0.642882 -40.582885 4.738865 321.542270 0.184152 11.308974 2.247758 247.933102 0.033789 -79.159351 7.734974 401.073174 -11.912437
1 -6.818266 0.215771 -53.760069 12.043945 384.860925 0.380913 -34.693575 2.109202 358.811982 0.073144 -83.327388 2.224445 123.032898 -11.912437
1 -5.108594 0.653001 1.022838 5.651769 83.926281 0.627371 -40.121324 0.868296 338.944632 0.663860 -4.000497 10.817396 357.288607 -11.912437
1 -4.470454 0.475905 -49.717951 1.747903 208.296566 0.016625 20.284605 2.443389 329.261924 0.446749 -2.196897 8.745045 391.654070 -11.912437
1 -3.601534 0.508431 20.956581 7.181525 376.461106 0.591617 -43.960172 2.729191 337.025641 0.096168 42.437297 3.032754 229.375057 -11.912437
1 -4.501227 0.780117 -45.100364 9.530488 215.596378 0.466041 -45.652876 0.959941 327.692149 0.488522 1.472885 11.966878 400.765238 -11.912437
1 -5.381797 0.264008 31.976874 7.570226 309.612380 0.594940 -44.708569 0.458411 290.499662 0.329352 -22.248794 6.438383 284.383210 -11.912437
1 -5.548633 0.583142 -11.812711 8.489234 93.889706 0.793442 -43.078479 1.581310 412.932872 0.030539 84.573579 1.936810 79.291834 -11.912437
1 -5.510435 0.544283 -52.684377 2.549777 59.880626 0.768465 -43.589927 2.189647 419.540136 0.675416 -23.736171 9.989666 205.832212 -11.912437
1 -6.552482 0.330535 60.486703 3.049559 149.619460 0.556559 -28.053567 5.805171 466.543319 0.287964 72.284271 5.125805 302.751668 -11.912437
1 -8.443178 0.474843 -37.011876 5.971088 376.989194 0.210960 8.034280 2.300084 269.189063 0.059335 69.646541 6.902291 320.272984 -12.347607
1 -6.649572 0.781376 -37.170398 11.657459 353.682745 0.580069 -48.749082 0.973591 342.745961 0.618088 -68.845912 3.471979 63.723741 -12.347607
1 -4.335418 0.671527 -8.488391 5.268082 121.803162 0.754210 -41.693286 0.929129 348.450975 0.742878 -11.810142 11.883009 357.508084 -12.347607
1 -3.637172 0.577166 -55.773334 3.192087 188.742325 0.062653 11.900783 1.959771 316.464197 0.426520 2.402193 9.231845 486.605627 -12.347607
1 -2.937629 0.557702 7.371105 8.803832 393.228007 0.629324 -48.755541 1.203663 309.426150 0.095243 27.120242 2.923155 204.891526 -12.347607
1 -4.222432 0.761620 -53.001527 9.735679 216.897131 0.431061 -44.141110 1.148888 329.654875 0.490174 10.018774 11.935546 392.368538 -12.347607
1 -5.755573 0.212936 19.151940 4.674630 281.434337 0.659761 -40.398791 0.485216 298.351340 0.421229 -70.236065 6.177633 212.960874 -12.347607
1 -6.413574 0.046044 13.659771 5.081469 80.183935 0.791236 -43.045564 2.740513 429.996893 0.708109 -19.240206 2.289551 176.040697 -12.347607
1 -6.349191 0.425598 -68.152121 4.179256 124.572166 0.700601 -44.338259 2.160757 396.780530 0.735979 -46.358714 10.315502 196.041927 -12.347607
1 -6.518584 0.361601 55.163470 2.798304 156.391146 0.434915 -19.144287 5.647334 449.422752 0.319275 89.093273 6.385517 361.616144 -12.347607
