#REFERENCE 3 180.3007650 23.0992140
1	-0.048828	-3.924819	-0.482039	-0.599300	
1	0.000000	-3.930565	-0.476501	-0.611982	
1	0.000000	-3.930565	-0.476501	-0.611982	
1	0.048828	-3.935640	-0.470853	-0.624580	
1	0.048828	-3.935640	-0.470853	-0.624580	
1	0.097656	-3.940037	-0.465100	-0.637086	
1	0.097656	-3.940037	-0.465100	-0.637086	
1	0.146484	-3.943749	-0.459248	-0.649496	
1	0.146484	-3.943749	-0.459248	-0.649496	
1	0.195312	-3.946768	-0.453303	-0.661802	
1	0.195312	-3.946768	-0.453303	-0.661802	
1	0.244141	-3.949087	-0.447269	-0.673999	
1	0.244141	-3.949087	-0.447269	-0.673999	
1	0.292969	-3.950696	-0.441153	-0.686080	
1	0.292969	-3.950696	-0.441153	-0.686080	
1	0.341797	-3.951588	-0.434960	-0.698039	
1	0.341797	-3.951588	-0.434960	-0.698039	
1	0.390625	-3.951752	-0.428696	-0.709871	
1	0.390625	-3.951752	-0.428696	-0.709871	
1	0.439453	-3.951178	-0.422368	-0.721569	
1	0.439453	-3.951178	-0.422368	-0.721569	
1	0.488281	-3.949857	-0.415981	-0.733128	
1	0.488281	-3.949857	-0.415981	-0.733128	
1	0.537109	-3.947775	-0.409542	-0.744541	
1	0.537109	-3.947775	-0.409542	-0.744541	
1	0.585938	-3.944922	-0.403057	-0.755803	
1	0.585938	-3.944922	-0.403057	-0.755803	
1	0.634766	-3.941285	-0.396534	-0.766907	
1	0.634766	-3.941285	-0.396534	-0.766907	
1	0.683594	-3.936849	-0.389977	-0.777847	
1	0.683594	-3.936849	-0.389977	-0.777847	
1	0.732422	-3.931601	-0.383395	-0.788618	
1	0.732422	-3.931601	-0.383395	-0.788618	
1	0.781250	-3.925525	-0.376795	-0.799213	
1	0.781250	-3.925525	-0.376795	-0.799213	
1	0.830078	-3.918605	-0.370185	-0.809625	
1	0.830078	-3.918605	-0.370185	-0.809625	
1	0.878906	-3.910824	-0.363570	-0.819850	
1	0.878906	-3.910824	-0.363570	-0.819850	
1	0.904770	-3.906250	-0.360095	-0.825145	
1	0.904770	-3.906250	-0.360095	-0.825145	
1	0.927734	-3.902170	-0.356959	-0.829882	
1	0.927734	-3.902170	-0.356959	-0.829882	
1	0.976562	-3.892627	-0.350357	-0.839717	
1	0.976562	-3.892627	-0.350357	-0.839717	
1	1.025391	-3.882165	-0.343775	-0.849346	
1	1.025391	-3.882165	-0.343775	-0.849346	
1	1.074219	-3.870764	-0.337222	-0.858761	
1	1.074219	-3.870764	-0.337222	-0.858761	
1	1.123047	-3.858402	-0.330706	-0.867956	
1	1.123047	-3.858402	-0.330706	-0.867956	
1	1.126657	-3.857422	-0.330234	-0.868616	
1	1.126657	-3.857422	-0.330234	-0.868616	
1	1.171875	-3.845068	-0.324232	-0.876931	
1	1.171875	-3.845068	-0.324232	-0.876931	
1	1.220703	-3.830726	-0.317813	-0.885673	
1	1.220703	-3.830726	-0.317813	-0.885673	
1	1.269531	-3.815346	-0.311459	-0.894176	
1	1.269531	-3.815346	-0.311459	-0.894176	
1	1.289683	-3.808594	-0.308886	-0.897576	
1	1.289683	-3.808594	-0.308886	-0.897576	
1	1.318359	-3.798908	-0.305177	-0.902436	
1	1.318359	-3.798908	-0.305177	-0.902436	
1	1.367188	-3.781380	-0.298977	-0.910446	
1	1.367188	-3.781380	-0.298977	-0.910446	
1	1.416016	-3.762726	-0.292873	-0.918196	
1	1.416016	-3.762726	-0.292873	-0.918196	
1	1.423372	-3.759766	-0.291978	-0.919321	
1	1.423372	-3.759766	-0.291978	-0.919321	
1	1.464844	-3.742917	-0.286873	-0.925681	
1	1.464844	-3.742917	-0.286873	-0.925681	
1	1.513672	-3.721914	-0.280989	-0.932894	
1	1.513672	-3.721914	-0.280989	-0.932894	
1	1.537904	-3.710938	-0.278146	-0.936333	
1	1.537904	-3.710938	-0.278146	-0.936333	
1	1.562500	-3.699676	-0.275233	-0.939827	
1	1.562500	-3.699676	-0.275233	-0.939827	
1	1.611328	-3.676164	-0.269618	-0.946472	
1	1.611328	-3.676164	-0.269618	-0.946472	
1	1.639106	-3.662109	-0.266521	-0.950087	
1	1.639106	-3.662109	-0.266521	-0.950087	
1	1.660156	-3.651331	-0.264158	-0.952821	
1	1.660156	-3.651331	-0.264158	-0.952821	
1	1.708984	-3.625129	-0.258865	-0.958867	
1	1.708984	-3.625129	-0.258865	-0.958867	
1	1.730083	-3.613281	-0.256662	-0.961351	
1	1.730083	-3.613281	-0.256662	-0.961351	
1	1.757812	-3.597504	-0.253755	-0.964600	
1	1.757812	-3.597504	-0.253755	-0.964600	
1	1.806641	-3.568406	-0.248842	-0.970014	
1	1.806641	-3.568406	-0.248842	-0.970014	
1	1.813017	-3.564453	-0.248229	-0.970682	
1	1.813017	-3.564453	-0.248229	-0.970682	
1	1.855469	-3.537755	-0.244147	-0.975094	
1	1.855469	-3.537755	-0.244147	-0.975094	
1	1.889136	-3.515625	-0.241065	-0.978377	
1	1.889136	-3.515625	-0.241065	-0.978377	
1	1.904297	-3.505507	-0.239681	-0.979837	
1	1.904297	-3.505507	-0.239681	-0.979837	
1	1.953125	-3.471578	-0.235466	-0.984232	
1	1.953125	-3.471578	-0.235466	-0.984232	
1	1.959758	-3.466797	-0.234926	-0.984788	
1	1.959758	-3.466797	-0.234926	-0.984788	
1	2.001953	-3.435874	-0.231527	-0.988262	
1	2.001953	-3.435874	-0.231527	-0.988262	
1	2.025451	-3.417969	-0.229757	-0.990046	
1	2.025451	-3.417969	-0.229757	-0.990046	
1	2.050781	-3.398327	-0.227879	-0.991923	
1	2.050781	-3.398327	-0.227879	-0.991923	
1	2.087044	-3.369141	-0.225388	-0.994380	
1	2.087044	-3.369141	-0.225388	-0.994380	
1	2.099609	-3.358840	-0.224545	-0.995204	
1	2.099609	-3.358840	-0.224545	-0.995204	
1	2.144961	-3.320312	-0.221758	-0.997894	
1	2.144961	-3.320312	-0.221758	-0.997894	
1	2.148438	-3.317302	-0.221552	-0.998092	
1	2.148438	-3.317302	-0.221552	-0.998092	
1	2.197266	-3.273579	-0.218931	-1.000568	
1	2.197266	-3.273579	-0.218931	-1.000568	
1	2.199532	-3.271484	-0.218823	-1.000670	
1	2.199532	-3.271484	-0.218823	-1.000670	
1	2.246094	-3.227537	-0.216715	-1.002620	
1	2.246094	-3.227537	-0.216715	-1.002620	
1	2.251105	-3.222656	-0.216518	-1.002800	
1	2.251105	-3.222656	-0.216518	-1.002800	
1	2.294922	-3.179036	-0.214933	-1.004235	
1	2.294922	-3.179036	-0.214933	-1.004235	
1	2.299998	-3.173828	-0.214780	-1.004372	
1	2.299998	-3.173828	-0.214780	-1.004372	
1	2.343750	-3.127904	-0.213623	-1.005397	
1	2.343750	-3.127904	-0.213623	-1.005397	
1	2.346438	-3.125000	-0.213568	-1.005445	
1	2.346438	-3.125000	-0.213568	-1.005445	
1	2.390601	-3.076172	-0.212853	-1.006065	
1	2.390601	-3.076172	-0.212853	-1.006065	
1	2.392578	-3.073934	-0.212830	-1.006084	
1	2.392578	-3.073934	-0.212830	-1.006084	
1	2.432635	-3.027344	-0.212613	-1.006269	
1	2.432635	-3.027344	-0.212613	-1.006269	
1	2.441406	-3.016876	-0.212612	-1.006270	
1	2.441406	-3.016876	-0.212612	-1.006270	
1	2.472732	-2.978516	-0.212802	-1.006113	
1	2.472732	-2.978516	-0.212802	-1.006113	
1	2.490234	-2.956496	-0.213013	-1.005940	
1	2.490234	-2.956496	-0.213013	-1.005940	
1	2.511027	-2.929688	-0.213392	-1.005634	
1	2.511027	-2.929688	-0.213392	-1.005634	
1	2.539062	-2.892507	-0.214091	-1.005075	
1	2.539062	-2.892507	-0.214091	-1.005075	
1	2.547643	-2.880859	-0.214357	-1.004864	
1	2.547643	-2.880859	-0.214357	-1.004864	
1	2.582641	-2.832031	-0.215692	-1.003820	
1	2.582641	-2.832031	-0.215692	-1.003820	
1	2.587891	-2.824507	-0.215931	-1.003635	
1	2.587891	-2.824507	-0.215931	-1.003635	
1	2.616087	-2.783203	-0.217388	-1.002518	
1	2.616087	-2.783203	-0.217388	-1.002518	
1	2.636719	-2.752008	-0.218638	-1.001574	
1	2.636719	-2.752008	-0.218638	-1.001574	
1	2.648141	-2.734375	-0.219397	-1.001007	
1	2.648141	-2.734375	-0.219397	-1.001007	
1	2.678831	-2.685547	-0.221721	-0.999291	
1	2.678831	-2.685547	-0.221721	-0.999291	
1	2.685547	-2.674544	-0.222294	-0.998872	
1	2.685547	-2.674544	-0.222294	-0.998872	
1	2.708195	-2.636719	-0.224357	-0.997382	
1	2.708195	-2.636719	-0.224357	-0.997382	
1	2.734375	-2.591407	-0.227043	-0.995472	
1	2.734375	-2.591407	-0.227043	-0.995472	
1	2.736370	-2.587891	-0.227259	-0.995320	
1	2.736370	-2.587891	-0.227259	-0.995320	
1	2.763305	-2.539062	-0.230460	-0.993088	
1	2.763305	-2.539062	-0.230460	-0.993088	
1	2.783203	-2.501612	-0.233090	-0.991286	
1	2.783203	-2.501612	-0.233090	-0.991286	
1	2.789147	-2.490234	-0.233906	-0.990732	
1	2.789147	-2.490234	-0.233906	-0.990732	
1	2.813867	-2.441406	-0.237620	-0.988240	
1	2.813867	-2.441406	-0.237620	-0.988240	
1	2.832031	-2.404116	-0.240623	-0.986258	
1	2.832031	-2.404116	-0.240623	-0.986258	
1	2.837565	-2.392578	-0.241564	-0.985643	
1	2.837565	-2.392578	-0.241564	-0.985643	
1	2.860220	-2.343750	-0.245757	-0.982936	
1	2.860220	-2.343750	-0.245757	-0.982936	
1	2.880859	-2.297361	-0.249939	-0.980285	
1	2.880859	-2.297361	-0.249939	-0.980285	
1	2.881929	-2.294922	-0.250161	-0.980146	
1	2.881929	-2.294922	-0.250161	-0.980146	
1	2.902653	-2.246094	-0.254801	-0.977263	
1	2.902653	-2.246094	-0.254801	-0.977263	
1	2.922483	-2.197266	-0.259641	-0.974314	
1	2.922483	-2.197266	-0.259641	-0.974314	
1	2.929688	-2.178824	-0.261548	-0.973167	
1	2.929688	-2.178824	-0.261548	-0.973167	
1	2.941409	-2.148438	-0.264691	-0.971296	
1	2.941409	-2.148438	-0.264691	-0.971296	
1	2.959467	-2.099609	-0.269939	-0.968220	
1	2.959467	-2.099609	-0.269939	-0.968220	
1	2.976693	-2.050781	-0.275374	-0.965098	
1	2.976693	-2.050781	-0.275374	-0.965098	
1	2.978516	-2.045404	-0.275996	-0.964745	
1	2.978516	-2.045404	-0.275996	-0.964745	
1	2.993078	-2.001953	-0.281003	-0.961928	
1	2.993078	-2.001953	-0.281003	-0.961928	
1	3.008665	-1.953125	-0.286810	-0.958724	
1	3.008665	-1.953125	-0.286810	-0.958724	
1	3.023471	-1.904297	-0.292789	-0.955490	
1	3.023471	-1.904297	-0.292789	-0.955490	
1	3.027344	-1.890915	-0.294485	-0.954585	
1	3.027344	-1.890915	-0.294485	-0.954585	
1	3.037502	-1.855469	-0.298943	-0.952230	
1	3.037502	-1.855469	-0.298943	-0.952230	
1	3.050780	-1.806641	-0.305263	-0.948951	
1	3.050780	-1.806641	-0.305263	-0.948951	
1	3.063322	-1.757812	-0.311743	-0.945659	
1	3.063322	-1.757812	-0.311743	-0.945659	
1	3.075140	-1.708984	-0.318380	-0.942359	
1	3.075140	-1.708984	-0.318380	-0.942359	
1	3.076172	-1.704477	-0.319012	-0.942048	
1	3.076172	-1.704477	-0.319012	-0.942048	
1	3.086243	-1.660156	-0.325171	-0.939055	
1	3.086243	-1.660156	-0.325171	-0.939055	
1	3.096646	-1.611328	-0.332110	-0.935751	
1	3.096646	-1.611328	-0.332110	-0.935751	
1	3.106361	-1.562500	-0.339195	-0.932453	
1	3.106361	-1.562500	-0.339195	-0.932453	
1	3.115396	-1.513672	-0.346421	-0.929164	
1	3.115396	-1.513672	-0.346421	-0.929164	
1	3.123761	-1.464844	-0.353786	-0.925889	
1	3.123761	-1.464844	-0.353786	-0.925889	
1	3.125000	-1.457033	-0.354998	-0.925358	
1	3.125000	-1.457033	-0.354998	-0.925358	
1	3.131468	-1.416016	-0.361284	-0.922632	
1	3.131468	-1.416016	-0.361284	-0.922632	
1	3.138523	-1.367188	-0.368913	-0.919396	
1	3.138523	-1.367188	-0.368913	-0.919396	
1	3.144933	-1.318359	-0.376670	-0.916186	
1	3.144933	-1.318359	-0.376670	-0.916186	
1	3.150706	-1.269531	-0.384552	-0.913004	
1	3.150706	-1.269531	-0.384552	-0.913004	
1	3.155847	-1.220703	-0.392556	-0.909854	
1	3.155847	-1.220703	-0.392556	-0.909854	
1	3.160363	-1.171875	-0.400678	-0.906739	
1	3.160363	-1.171875	-0.400678	-0.906739	
1	3.164261	-1.123047	-0.408917	-0.903663	
1	3.164261	-1.123047	-0.408917	-0.903663	
1	3.167544	-1.074219	-0.417268	-0.900628	
1	3.167544	-1.074219	-0.417268	-0.900628	
1	3.170219	-1.025391	-0.425729	-0.897639	
1	3.170219	-1.025391	-0.425729	-0.897639	
1	3.172289	-0.976562	-0.434296	-0.894698	
1	3.172289	-0.976562	-0.434296	-0.894698	
1	3.173760	-0.927734	-0.442968	-0.891807	
1	3.173760	-0.927734	-0.442968	-0.891807	
1	3.173828	-0.923931	-0.443660	-0.891580	
1	3.173828	-0.923931	-0.443660	-0.891580	
1	3.174635	-0.878906	-0.451741	-0.888971	
1	3.174635	-0.878906	-0.451741	-0.888971	
1	3.174916	-0.830078	-0.460612	-0.886191	
1	3.174916	-0.830078	-0.460612	-0.886191	
1	3.174607	-0.781250	-0.469580	-0.883470	
1	3.174607	-0.781250	-0.469580	-0.883470	
1	3.173828	-0.738926	-0.477449	-0.881156	
1	3.173828	-0.738926	-0.477449	-0.881156	
1	3.173709	-0.732422	-0.478640	-0.880812	
1	3.173709	-0.732422	-0.478640	-0.880812	
1	3.172227	-0.683594	-0.487791	-0.878218	
1	3.172227	-0.683594	-0.487791	-0.878218	
1	3.170162	-0.634766	-0.497029	-0.875692	
1	3.170162	-0.634766	-0.497029	-0.875692	
1	3.167516	-0.585938	-0.506353	-0.873236	
1	3.167516	-0.585938	-0.506353	-0.873236	
1	3.164288	-0.537109	-0.515758	-0.870852	
1	3.164288	-0.537109	-0.515758	-0.870852	
1	3.160482	-0.488281	-0.525244	-0.868542	
1	3.160482	-0.488281	-0.525244	-0.868542	
1	3.156097	-0.439453	-0.534806	-0.866310	
1	3.156097	-0.439453	-0.534806	-0.866310	
1	3.151133	-0.390625	-0.544444	-0.864158	
1	3.151133	-0.390625	-0.544444	-0.864158	
1	3.145591	-0.341797	-0.554152	-0.862088	
1	3.145591	-0.341797	-0.554152	-0.862088	
1	3.139470	-0.292969	-0.563930	-0.860102	
1	3.139470	-0.292969	-0.563930	-0.860102	
1	3.132771	-0.244141	-0.573775	-0.858203	
1	3.132771	-0.244141	-0.573775	-0.858203	
1	3.125493	-0.195312	-0.583683	-0.856392	
1	3.125493	-0.195312	-0.583683	-0.856392	
1	3.125000	-0.192251	-0.584317	-0.856280	
1	3.125000	-0.192251	-0.584317	-0.856280	
1	3.117641	-0.146484	-0.593647	-0.854674	
1	3.117641	-0.146484	-0.593647	-0.854674	
1	3.109209	-0.097656	-0.603669	-0.853049	
1	3.109209	-0.097656	-0.603669	-0.853049	
1	3.100194	-0.048828	-0.613745	-0.851519	
1	3.100194	-0.048828	-0.613745	-0.851519	
1	3.090596	0.000000	-0.623872	-0.850087	
1	3.090596	0.000000	-0.623872	-0.850087	
1	3.080413	0.048828	-0.634047	-0.848755	
1	3.080413	0.048828	-0.634047	-0.848755	
1	3.076172	0.068062	-0.638110	-0.848253	
1	3.076172	0.068062	-0.638110	-0.848253	
1	3.069645	0.097656	-0.644266	-0.847525	
1	3.069645	0.097656	-0.644266	-0.847525	
1	3.058289	0.146484	-0.654525	-0.846399	
1	3.058289	0.146484	-0.654525	-0.846399	
1	3.046343	0.195312	-0.664822	-0.845379	
1	3.046343	0.195312	-0.664822	-0.845379	
1	3.033803	0.244141	-0.675152	-0.844466	
1	3.033803	0.244141	-0.675152	-0.844466	
1	3.027344	0.268170	-0.680290	-0.844054	
1	3.027344	0.268170	-0.680290	-0.844054	
1	3.020667	0.292969	-0.685513	-0.843664	
1	3.020667	0.292969	-0.685513	-0.843664	
1	3.006930	0.341797	-0.695901	-0.842973	
1	3.006930	0.341797	-0.695901	-0.842973	
1	2.992592	0.390625	-0.706310	-0.842396	
1	2.992592	0.390625	-0.706310	-0.842396	
1	2.978516	0.436638	-0.716143	-0.841958	
1	2.978516	0.436638	-0.716143	-0.841958	
1	2.977652	0.439453	-0.716736	-0.841935	
1	2.977652	0.439453	-0.716736	-0.841935	
1	2.962091	0.488281	-0.727183	-0.841590	
1	2.962091	0.488281	-0.727183	-0.841590	
1	2.945922	0.537109	-0.737636	-0.841364	
1	2.945922	0.537109	-0.737636	-0.841364	
1	2.929688	0.584357	-0.747757	-0.841260	
1	2.929688	0.584357	-0.747757	-0.841260	
1	2.929142	0.585938	-0.748091	-0.841258	
1	2.929142	0.585938	-0.748091	-0.841258	
1	2.911721	0.634766	-0.758558	-0.841274	
1	2.911721	0.634766	-0.758558	-0.841274	
1	2.893683	0.683594	-0.769014	-0.841413	
1	2.893683	0.683594	-0.769014	-0.841413	
1	2.880859	0.717185	-0.776232	-0.841582	
1	2.880859	0.717185	-0.776232	-0.841582	
1	2.875014	0.732422	-0.779462	-0.841677	
1	2.875014	0.732422	-0.779462	-0.841677	
1	2.855692	0.781250	-0.789905	-0.842066	
1	2.855692	0.781250	-0.789905	-0.842066	
1	2.835747	0.830078	-0.800317	-0.842582	
1	2.835747	0.830078	-0.800317	-0.842582	
1	2.832031	0.838919	-0.802220	-0.842690	
1	2.832031	0.838919	-0.802220	-0.842690	
1	2.815125	0.878906	-0.810721	-0.843227	
1	2.815125	0.878906	-0.810721	-0.843227	
1	2.793864	0.927734	-0.821085	-0.844000	
1	2.793864	0.927734	-0.821085	-0.844000	
1	2.783203	0.951553	-0.826158	-0.844426	
1	2.783203	0.951553	-0.826158	-0.844426	
1	2.771932	0.976562	-0.831419	-0.844902	
1	2.771932	0.976562	-0.831419	-0.844902	
1	2.749328	1.025391	-0.841714	-0.845935	
1	2.749328	1.025391	-0.841714	-0.845935	
1	2.734375	1.056849	-0.848340	-0.846672	
1	2.734375	1.056849	-0.848340	-0.846672	
1	2.726055	1.074219	-0.851957	-0.847098	
1	2.726055	1.074219	-0.851957	-0.847098	
1	2.702081	1.123047	-0.862155	-0.848393	
1	2.702081	1.123047	-0.862155	-0.848393	
1	2.685547	1.155890	-0.868993	-0.849340	
1	2.685547	1.155890	-0.868993	-0.849340	
1	2.677432	1.171875	-0.872284	-0.849818	
1	2.677432	1.171875	-0.872284	-0.849818	
1	2.652061	1.220703	-0.882358	-0.851375	
1	2.652061	1.220703	-0.882358	-0.851375	
1	2.636719	1.249550	-0.888287	-0.852359	
1	2.636719	1.249550	-0.888287	-0.852359	
1	2.625994	1.269531	-0.892350	-0.853062	
1	2.625994	1.269531	-0.892350	-0.853062	
1	2.599203	1.318359	-0.902265	-0.854879	
1	2.599203	1.318359	-0.902265	-0.854879	
1	2.587891	1.338540	-0.906352	-0.855671	
1	2.587891	1.338540	-0.906352	-0.855671	
1	2.571674	1.367188	-0.912096	-0.856826	
1	2.571674	1.367188	-0.912096	-0.856826	
1	2.543441	1.416016	-0.921813	-0.858897	
1	2.543441	1.416016	-0.921813	-0.858897	
1	2.539062	1.423444	-0.923292	-0.859225	
1	2.539062	1.423444	-0.923292	-0.859225	
1	2.514403	1.464844	-0.931457	-0.861101	
1	2.514403	1.464844	-0.931457	-0.861101	
1	2.490234	1.504609	-0.939206	-0.862983	
1	2.490234	1.504609	-0.939206	-0.862983	
1	2.484665	1.513672	-0.940956	-0.863423	
1	2.484665	1.513672	-0.940956	-0.863423	
1	2.454113	1.562500	-0.950358	-0.865872	
1	2.454113	1.562500	-0.950358	-0.865872	
1	2.441406	1.582439	-0.954163	-0.866908	
1	2.441406	1.582439	-0.954163	-0.866908	
1	2.422785	1.611328	-0.959626	-0.868440	
1	2.422785	1.611328	-0.959626	-0.868440	
1	2.392578	1.657360	-0.968210	-0.870960	
1	2.392578	1.657360	-0.968210	-0.870960	
1	2.390721	1.660156	-0.968726	-0.871116	
1	2.390721	1.660156	-0.968726	-0.871116	
1	2.357770	1.708984	-0.977720	-0.873918	
1	2.357770	1.708984	-0.977720	-0.873918	
1	2.343750	1.729418	-0.981431	-0.875121	
1	2.343750	1.729418	-0.981431	-0.875121	
1	2.324029	1.757812	-0.986540	-0.876824	
1	2.324029	1.757812	-0.986540	-0.876824	
1	2.294922	1.799060	-0.993839	-0.879353	
1	2.294922	1.799060	-0.993839	-0.879353	
1	2.289504	1.806641	-0.995169	-0.879826	
1	2.289504	1.806641	-0.995169	-0.879826	
1	2.254091	1.855469	-1.003639	-0.882934	
1	2.254091	1.855469	-1.003639	-0.882934	
1	2.246094	1.866337	-1.005499	-0.883639	
1	2.246094	1.866337	-1.005499	-0.883639	
1	2.217799	1.904297	-1.011930	-0.886139	
1	2.217799	1.904297	-1.011930	-0.886139	
1	2.197266	1.931459	-1.016440	-0.887953	
1	2.197266	1.931459	-1.016440	-0.887953	
1	2.180669	1.953125	-1.020003	-0.889422	
1	2.180669	1.953125	-1.020003	-0.889422	
1	2.148438	1.994641	-1.026684	-0.892269	
1	2.148438	1.994641	-1.026684	-0.892269	
1	2.142683	2.001953	-1.027849	-0.892777	
1	2.142683	2.001953	-1.027849	-0.892777	
1	2.103769	2.050781	-1.035483	-0.896206	
1	2.103769	2.050781	-1.035483	-0.896206	
1	2.099609	2.055936	-1.036275	-0.896572	
1	2.099609	2.055936	-1.036275	-0.896572	
1	2.063889	2.099609	-1.042902	-0.899705	
1	2.063889	2.099609	-1.042902	-0.899705	
1	2.050781	2.115443	-1.045245	-0.900845	
1	2.050781	2.115443	-1.045245	-0.900845	
1	2.023093	2.148438	-1.050065	-0.903249	
1	2.023093	2.148438	-1.050065	-0.903249	
1	2.001953	2.173337	-1.053606	-0.905065	
1	2.001953	2.173337	-1.053606	-0.905065	
1	1.981358	2.197266	-1.056962	-0.906828	
1	1.981358	2.197266	-1.056962	-0.906828	
1	1.953125	2.229705	-1.061382	-0.909213	
1	1.953125	2.229705	-1.061382	-0.909213	
1	1.938663	2.246094	-1.063583	-0.910429	
1	1.938663	2.246094	-1.063583	-0.910429	
1	1.904297	2.284622	-1.068599	-0.913275	
1	1.904297	2.284622	-1.068599	-0.913275	
1	1.894982	2.294922	-1.069918	-0.914041	
1	1.894982	2.294922	-1.069918	-0.914041	
1	1.855469	2.338162	-1.075278	-0.917233	
1	1.855469	2.338162	-1.075278	-0.917233	
1	1.850291	2.343750	-1.075959	-0.917648	
1	1.850291	2.343750	-1.075959	-0.917648	
1	1.806641	2.390389	-1.081442	-0.921074	
1	1.806641	2.390389	-1.081442	-0.921074	
1	1.804564	2.392578	-1.081694	-0.921236	
1	1.804564	2.392578	-1.081694	-0.921236	
1	1.757812	2.441365	-1.087109	-0.924784	
1	1.757812	2.441365	-1.087109	-0.924784	
1	1.757773	2.441406	-1.087114	-0.924787	
1	1.757773	2.441406	-1.087114	-0.924787	
1	1.709877	2.490234	-1.092214	-0.928288	
1	1.709877	2.490234	-1.092214	-0.928288	
1	1.708984	2.491135	-1.092304	-0.928352	
1	1.708984	2.491135	-1.092304	-0.928352	
1	1.660878	2.539062	-1.096972	-0.931710	
1	1.660878	2.539062	-1.096972	-0.931710	
1	1.660156	2.539774	-1.097039	-0.931759	
1	1.660156	2.539774	-1.097039	-0.931759	
1	1.611328	2.587324	-1.101333	-0.934996	
1	1.611328	2.587324	-1.101333	-0.934996	
1	1.610739	2.587891	-1.101382	-0.935034	
1	1.610739	2.587891	-1.101382	-0.935034	
1	1.562500	2.633815	-1.105209	-0.938053	
1	1.562500	2.633815	-1.105209	-0.938053	
1	1.559410	2.636719	-1.105441	-0.938241	
1	1.559410	2.636719	-1.105441	-0.938241	
1	1.513672	2.679296	-1.108682	-0.940918	
1	1.513672	2.679296	-1.108682	-0.940918	
1	1.506870	2.685547	-1.109136	-0.941302	
1	1.506870	2.685547	-1.109136	-0.941302	
1	1.464844	2.723806	-1.111768	-0.943578	
1	1.464844	2.723806	-1.111768	-0.943578	
1	1.453088	2.734375	-1.112457	-0.944189	
1	1.453088	2.734375	-1.112457	-0.944189	
1	1.416016	2.767383	-1.114485	-0.946026	
1	1.416016	2.767383	-1.114485	-0.946026	
1	1.398027	2.783203	-1.115397	-0.946872	
1	1.398027	2.783203	-1.115397	-0.946872	
1	1.367188	2.810061	-1.116848	-0.948249	
1	1.367188	2.810061	-1.116848	-0.948249	
1	1.341651	2.832031	-1.117950	-0.949320	
1	1.341651	2.832031	-1.117950	-0.949320	
1	1.318359	2.851871	-1.118875	-0.950239	
1	1.318359	2.851871	-1.118875	-0.950239	
1	1.283919	2.880859	-1.120109	-0.951496	
1	1.283919	2.880859	-1.120109	-0.951496	
1	1.269531	2.892846	-1.120579	-0.951986	
1	1.269531	2.892846	-1.120579	-0.951986	
1	1.224785	2.929688	-1.121872	-0.953366	
1	1.224785	2.929688	-1.121872	-0.953366	
1	1.220703	2.933013	-1.121978	-0.953481	
1	1.220703	2.933013	-1.121978	-0.953481	
1	1.171875	2.972310	-1.123109	-0.954743	
1	1.171875	2.972310	-1.123109	-0.954743	
1	1.164074	2.978516	-1.123264	-0.954921	
1	1.164074	2.978516	-1.123264	-0.954921	
1	1.123047	3.010793	-1.123979	-0.955757	
1	1.123047	3.010793	-1.123979	-0.955757	
1	1.101768	3.027344	-1.124274	-0.956110	
1	1.101768	3.027344	-1.124274	-0.956110	
1	1.074219	3.048533	-1.124592	-0.956502	
1	1.074219	3.048533	-1.124592	-0.956502	
1	1.037873	3.076172	-1.124887	-0.956873	
1	1.037873	3.076172	-1.124887	-0.956873	
1	1.025391	3.085555	-1.124963	-0.956971	
1	1.025391	3.085555	-1.124963	-0.956971	
1	0.976562	3.121832	-1.125116	-0.957174	
1	0.976562	3.121832	-1.125116	-0.957174	
1	0.972247	3.125000	-1.125121	-0.957180	
1	0.972247	3.125000	-1.125121	-0.957180	
1	0.927734	3.157279	-1.125093	-0.957142	
1	0.927734	3.157279	-1.125093	-0.957142	
1	0.904654	3.173828	-1.125006	-0.957018	
1	0.904654	3.173828	-1.125006	-0.957018	
1	0.878906	3.192061	-1.124872	-0.956823	
1	0.878906	3.192061	-1.124872	-0.956823	
1	0.835204	3.222656	-1.124514	-0.956286	
1	0.835204	3.222656	-1.124514	-0.956286	
1	0.830078	3.226199	-1.124466	-0.956211	
1	0.830078	3.226199	-1.124466	-0.956211	
1	0.781250	3.259521	-1.123933	-0.955372	
1	0.781250	3.259521	-1.123933	-0.955372	
1	0.763511	3.271484	-1.123697	-0.954990	
1	0.763511	3.271484	-1.123697	-0.954990	
1	0.732422	3.292172	-1.123256	-0.954258	
1	0.732422	3.292172	-1.123256	-0.954258	
1	0.689624	3.320312	-1.122540	-0.953030	
1	0.689624	3.320312	-1.122540	-0.953030	
1	0.683594	3.324224	-1.122434	-0.952845	
1	0.683594	3.324224	-1.122434	-0.952845	
1	0.634766	3.355474	-1.121530	-0.951215	
1	0.634766	3.355474	-1.121530	-0.951215	
1	0.613142	3.369141	-1.121088	-0.950393	
1	0.613142	3.369141	-1.121088	-0.950393	
1	0.585938	3.386091	-1.120519	-0.949310	
1	0.585938	3.386091	-1.120519	-0.949310	
1	0.537109	3.416120	-1.119409	-0.947114	
1	0.537109	3.416120	-1.119409	-0.947114	
1	0.534062	3.417969	-1.119338	-0.946970	
1	0.534062	3.417969	-1.119338	-0.946970	
1	0.488281	3.445326	-1.118261	-0.944732	
1	0.488281	3.445326	-1.118261	-0.944732	
1	0.451857	3.466797	-1.117343	-0.942745	
1	0.451857	3.466797	-1.117343	-0.942745	
1	0.439453	3.474001	-1.117028	-0.942048	
1	0.439453	3.474001	-1.117028	-0.942048	
1	0.390625	3.501938	-1.115765	-0.939155	
1	0.390625	3.501938	-1.115765	-0.939155	
1	0.366345	3.515625	-1.115116	-0.937610	
1	0.366345	3.515625	-1.115116	-0.937610	
1	0.341797	3.529254	-1.114460	-0.936010	
1	0.341797	3.529254	-1.114460	-0.936010	
1	0.292969	3.555938	-1.113128	-0.932625	
1	0.292969	3.555938	-1.113128	-0.932625	
1	0.277136	3.564453	-1.112693	-0.931478	
1	0.277136	3.564453	-1.112693	-0.931478	
1	0.244141	3.581923	-1.111791	-0.929038	
1	0.244141	3.581923	-1.111791	-0.929038	
1	0.195312	3.607340	-1.110436	-0.925195	
1	0.195312	3.607340	-1.110436	-0.925195	
1	0.183701	3.613281	-1.110116	-0.924254	
1	0.183701	3.613281	-1.110116	-0.924254	
1	0.146484	3.632024	-1.109101	-0.921182	
1	0.146484	3.632024	-1.109101	-0.921182	
1	0.097656	3.656162	-1.107765	-0.916916	
1	0.097656	3.656162	-1.107765	-0.916916	
1	0.085399	3.662109	-1.107434	-0.915819	
1	0.085399	3.662109	-1.107434	-0.915819	
1	0.048828	3.679575	-1.106463	-0.912493	
1	0.048828	3.679575	-1.106463	-0.912493	
1	0.000000	3.702427	-1.105180	-0.907839	
1	0.000000	3.702427	-1.105180	-0.907839	
1	-0.018560	3.710938	-1.104702	-0.906026	
1	-0.018560	3.710938	-1.104702	-0.906026	
1	-0.048828	3.724601	-1.103939	-0.903021	
1	-0.048828	3.724601	-1.103939	-0.903021	
1	-0.097656	3.746163	-1.102738	-0.898014	
1	-0.097656	3.746163	-1.102738	-0.898014	
1	-0.129166	3.759766	-1.101987	-0.894678	
1	-0.129166	3.759766	-1.101987	-0.894678	
1	-0.146484	3.767127	-1.101584	-0.892817	
1	-0.146484	3.767127	-1.101584	-0.892817	
1	-0.195312	3.787402	-1.100491	-0.887486	
1	-0.195312	3.787402	-1.100491	-0.887486	
1	-0.244141	3.807166	-1.099448	-0.881936	
1	-0.244141	3.807166	-1.099448	-0.881936	
1	-0.247756	3.808594	-1.099374	-0.881525	
1	-0.247756	3.808594	-1.099374	-0.881525	
1	-0.292969	3.826177	-1.098482	-0.876301	
1	-0.292969	3.826177	-1.098482	-0.876301	
1	-0.341797	3.844646	-1.097579	-0.870479	
1	-0.341797	3.844646	-1.097579	-0.870479	
1	-0.376546	3.857422	-1.096981	-0.866245	
1	-0.376546	3.857422	-1.096981	-0.866245	
1	-0.390625	3.862522	-1.096749	-0.864502	
1	-0.390625	3.862522	-1.096749	-0.864502	
1	-0.439453	3.879709	-1.096002	-0.858432	
1	-0.439453	3.879709	-1.096002	-0.858432	
1	-0.488281	3.896356	-1.095332	-0.852193	
1	-0.488281	3.896356	-1.095332	-0.852193	
1	-0.518252	3.906250	-1.094964	-0.848315	
1	-0.518252	3.906250	-1.094964	-0.848315	
1	-0.537109	3.912388	-1.094748	-0.845835	
1	-0.537109	3.912388	-1.094748	-0.845835	
1	-0.585938	3.927761	-1.094254	-0.839388	
1	-0.585938	3.927761	-1.094254	-0.839388	
1	-0.634766	3.942582	-1.093848	-0.832801	
1	-0.634766	3.942582	-1.093848	-0.832801	
1	-0.677528	3.955078	-1.093569	-0.826938	
1	-0.677528	3.955078	-1.093569	-0.826938	
1	-0.683594	3.956828	-1.093535	-0.826092	
1	-0.683594	3.956828	-1.093535	-0.826092	
1	-0.732422	3.970390	-1.093318	-0.819330	
1	-0.732422	3.970390	-1.093318	-0.819330	
1	-0.781250	3.983391	-1.093198	-0.812451	
1	-0.781250	3.983391	-1.093198	-0.812451	
1	-0.830078	3.995828	-1.093177	-0.805465	
1	-0.830078	3.995828	-1.093177	-0.805465	
1	-0.863279	4.003906	-1.093220	-0.800687	
1	-0.863279	4.003906	-1.093220	-0.800687	
1	-0.878906	4.007663	-1.093257	-0.798397	
1	-0.878906	4.007663	-1.093257	-0.798397	
1	-0.927734	4.018859	-1.093439	-0.791276	
1	-0.927734	4.018859	-1.093439	-0.791276	
1	-0.976562	4.029487	-1.093723	-0.784067	
1	-0.976562	4.029487	-1.093723	-0.784067	
1	-1.025391	4.039544	-1.094113	-0.776776	
1	-1.025391	4.039544	-1.094113	-0.776776	
1	-1.074219	4.049027	-1.094608	-0.769412	
1	-1.074219	4.049027	-1.094608	-0.769412	
1	-1.094511	4.052734	-1.094843	-0.766367	
1	-1.094511	4.052734	-1.094843	-0.766367	
1	-1.123047	4.057894	-1.095209	-0.762002	
1	-1.123047	4.057894	-1.095209	-0.762002	
1	-1.171875	4.066162	-1.095915	-0.754543	
1	-1.171875	4.066162	-1.095915	-0.754543	
1	-1.220703	4.073855	-1.096729	-0.747025	
1	-1.220703	4.073855	-1.096729	-0.747025	
1	-1.269531	4.080973	-1.097651	-0.739454	
1	-1.269531	4.080973	-1.097651	-0.739454	
1	-1.318359	4.087513	-1.098681	-0.731835	
1	-1.318359	4.087513	-1.098681	-0.731835	
1	-1.367188	4.093475	-1.099819	-0.724172	
1	-1.367188	4.093475	-1.099819	-0.724172	
1	-1.416016	4.098857	-1.101067	-0.716471	
1	-1.416016	4.098857	-1.101067	-0.716471	
1	-1.443495	4.101562	-1.101809	-0.712161	
1	-1.443495	4.101562	-1.101809	-0.712161	
1	-1.464844	4.103647	-1.102421	-0.708743	
1	-1.464844	4.103647	-1.102421	-0.708743	
1	-1.513672	4.107845	-1.103882	-0.700991	
1	-1.513672	4.107845	-1.103882	-0.700991	
1	-1.562500	4.111464	-1.105452	-0.693210	
1	-1.562500	4.111464	-1.105452	-0.693210	
1	-1.611328	4.114504	-1.107129	-0.685406	
1	-1.611328	4.114504	-1.107129	-0.685406	
1	-1.660156	4.116964	-1.108915	-0.677581	
1	-1.660156	4.116964	-1.108915	-0.677581	
1	-1.708984	4.118842	-1.110807	-0.669738	
1	-1.708984	4.118842	-1.110807	-0.669738	
1	-1.757812	4.120138	-1.112806	-0.661882	
1	-1.757812	4.120138	-1.112806	-0.661882	
1	-1.806641	4.120851	-1.114912	-0.654016	
1	-1.806641	4.120851	-1.114912	-0.654016	
1	-1.855469	4.120979	-1.117124	-0.646142	
1	-1.855469	4.120979	-1.117124	-0.646142	
1	-1.904297	4.120521	-1.119440	-0.638264	
1	-1.904297	4.120521	-1.119440	-0.638264	
1	-1.953125	4.119475	-1.121862	-0.630383	
1	-1.953125	4.119475	-1.121862	-0.630383	
1	-2.001953	4.117841	-1.124387	-0.622505	
1	-2.001953	4.117841	-1.124387	-0.622505	
1	-2.050781	4.115616	-1.127016	-0.614630	
1	-2.050781	4.115616	-1.127016	-0.614630	
1	-2.099609	4.112799	-1.129747	-0.606761	
1	-2.099609	4.112799	-1.129747	-0.606761	
1	-2.148438	4.109387	-1.132581	-0.598901	
1	-2.148438	4.109387	-1.132581	-0.598901	
1	-2.197266	4.105377	-1.135516	-0.591053	
1	-2.197266	4.105377	-1.135516	-0.591053	
1	-2.237678	4.101562	-1.138011	-0.584591	
1	-2.237678	4.101562	-1.138011	-0.584591	
1	-2.246094	4.100766	-1.138550	-0.583220	
1	-2.246094	4.100766	-1.138550	-0.583220	
1	-2.294922	4.095540	-1.141682	-0.575410	
1	-2.294922	4.095540	-1.141682	-0.575410	
1	-2.343750	4.089709	-1.144912	-0.567618	
1	-2.343750	4.089709	-1.144912	-0.567618	
1	-2.392578	4.083269	-1.148240	-0.559846	
1	-2.392578	4.083269	-1.148240	-0.559846	
1	-2.441406	4.076215	-1.151664	-0.552098	
1	-2.441406	4.076215	-1.151664	-0.552098	
1	-2.490234	4.068546	-1.155185	-0.544376	
1	-2.490234	4.068546	-1.155185	-0.544376	
1	-2.539062	4.060255	-1.158800	-0.536681	
1	-2.539062	4.060255	-1.158800	-0.536681	
1	-2.580256	4.052734	-1.161913	-0.530232	
1	-2.580256	4.052734	-1.161913	-0.530232	
1	-2.587891	4.051335	-1.162508	-0.529017	
1	-2.587891	4.051335	-1.162508	-0.529017	
1	-2.636719	4.041767	-1.166305	-0.521395	
1	-2.636719	4.041767	-1.166305	-0.521395	
1	-2.685547	4.031564	-1.170193	-0.513806	
1	-2.685547	4.031564	-1.170193	-0.513806	
1	-2.734375	4.020720	-1.174172	-0.506252	
1	-2.734375	4.020720	-1.174172	-0.506252	
1	-2.783203	4.009229	-1.178241	-0.498737	
1	-2.783203	4.009229	-1.178241	-0.498737	
1	-2.804643	4.003906	-1.180036	-0.495485	
1	-2.804643	4.003906	-1.180036	-0.495485	
1	-2.832031	3.997070	-1.182394	-0.491269	
1	-2.832031	3.997070	-1.182394	-0.491269	
1	-2.880859	3.984239	-1.186631	-0.483849	
1	-2.880859	3.984239	-1.186631	-0.483849	
1	-2.929688	3.970743	-1.190954	-0.476472	
1	-2.929688	3.970743	-1.190954	-0.476472	
1	-2.978516	3.956572	-1.195362	-0.469141	
1	-2.978516	3.956572	-1.195362	-0.469141	
1	-2.983445	3.955078	-1.195804	-0.468416	
1	-2.983445	3.955078	-1.195804	-0.468416	
1	-3.027344	3.941688	-1.199844	-0.461872	
1	-3.027344	3.941688	-1.199844	-0.461872	
1	-3.076172	3.926111	-1.204408	-0.454654	
1	-3.076172	3.926111	-1.204408	-0.454654	
1	-3.125000	3.909836	-1.209053	-0.447486	
1	-3.125000	3.909836	-1.209053	-0.447486	
1	-3.135350	3.906250	-1.210034	-0.445994	
1	-3.135350	3.906250	-1.210034	-0.445994	
1	-3.173828	3.892819	-1.213768	-0.440386	
1	-3.173828	3.892819	-1.213768	-0.440386	
1	-3.222656	3.875076	-1.218559	-0.433345	
1	-3.222656	3.875076	-1.218559	-0.433345	
1	-3.269338	3.857422	-1.223209	-0.426670	
1	-3.269338	3.857422	-1.223209	-0.426670	
1	-3.271484	3.856603	-1.223427	-0.426360	
1	-3.271484	3.856603	-1.223427	-0.426360	
1	-3.320312	3.837340	-1.228355	-0.419455	
1	-3.320312	3.837340	-1.228355	-0.419455	
1	-3.369141	3.817330	-1.233358	-0.412608	
1	-3.369141	3.817330	-1.233358	-0.412608	
1	-3.389748	3.808594	-1.235471	-0.409764	
1	-3.389748	3.808594	-1.235471	-0.409764	
1	-3.417969	3.796520	-1.238423	-0.405838	
1	-3.417969	3.796520	-1.238423	-0.405838	
1	-3.466797	3.774910	-1.243551	-0.399140	
1	-3.466797	3.774910	-1.243551	-0.399140	
1	-3.499886	3.759766	-1.247049	-0.394660	
1	-3.499886	3.759766	-1.247049	-0.394660	
1	-3.515625	3.752490	-1.248743	-0.392516	
1	-3.515625	3.752490	-1.248743	-0.392516	
1	-3.564453	3.729215	-1.253988	-0.385977	
1	-3.564453	3.729215	-1.253988	-0.385977	
1	-3.601567	3.710938	-1.258007	-0.381067	
1	-3.601567	3.710938	-1.258007	-0.381067	
1	-3.613281	3.705106	-1.259295	-0.379511	
1	-3.613281	3.705106	-1.259295	-0.379511	
1	-3.662109	3.680094	-1.264646	-0.373139	
1	-3.662109	3.680094	-1.264646	-0.373139	
1	-3.696154	3.662109	-1.268401	-0.368755	
1	-3.696154	3.662109	-1.268401	-0.368755	
1	-3.710938	3.654207	-1.270055	-0.366846	
1	-3.710938	3.654207	-1.270055	-0.366846	
1	-3.759766	3.627380	-1.275503	-0.360650	
1	-3.759766	3.627380	-1.275503	-0.360650	
1	-3.784713	3.613281	-1.278294	-0.357532	
1	-3.784713	3.613281	-1.278294	-0.357532	
1	-3.808594	3.599613	-1.280996	-0.354545	
1	-3.808594	3.599613	-1.280996	-0.354545	
1	-3.857422	3.570884	-1.286533	-0.348532	
1	-3.857422	3.570884	-1.286533	-0.348532	
1	-3.868084	3.564453	-1.287738	-0.347241	
1	-3.868084	3.564453	-1.287738	-0.347241	
1	-3.906250	3.541120	-1.292094	-0.342630	
1	-3.906250	3.541120	-1.292094	-0.342630	
1	-3.946822	3.515625	-1.296746	-0.337796	
1	-3.946822	3.515625	-1.296746	-0.337796	
1	-3.955078	3.510362	-1.297699	-0.336816	
1	-3.955078	3.510362	-1.297699	-0.336816	
1	-4.003906	3.478500	-1.303319	-0.331122	
1	-4.003906	3.478500	-1.303319	-0.331122	
1	-4.021412	3.466797	-1.305335	-0.329111	
1	-4.021412	3.466797	-1.305335	-0.329111	
1	-4.052734	3.445534	-1.308961	-0.325537	
1	-4.052734	3.445534	-1.308961	-0.325537	
1	-4.092350	3.417969	-1.313558	-0.321083	
1	-4.092350	3.417969	-1.313558	-0.321083	
1	-4.101562	3.411455	-1.314630	-0.320055	
1	-4.101562	3.411455	-1.314630	-0.320055	
1	-4.150391	3.376164	-1.320302	-0.314700	
1	-4.150391	3.376164	-1.320302	-0.314700	
1	-4.159903	3.369141	-1.321405	-0.313672	
1	-4.159903	3.369141	-1.321405	-0.313672	
1	-4.199219	3.339614	-1.325970	-0.309473	
1	-4.199219	3.339614	-1.325970	-0.309473	
1	-4.224357	3.320312	-1.328893	-0.306827	
1	-4.224357	3.320312	-1.328893	-0.306827	
1	-4.248047	3.301797	-1.331643	-0.304367	
1	-4.248047	3.301797	-1.331643	-0.304367	
1	-4.286017	3.271484	-1.336055	-0.300480	
1	-4.286017	3.271484	-1.336055	-0.300480	
1	-4.296875	3.262654	-1.337312	-0.299386	
1	-4.296875	3.262654	-1.337312	-0.299386	
1	-4.345065	3.222656	-1.342895	-0.294601	
1	-4.345065	3.222656	-1.342895	-0.294601	
1	-4.345703	3.222117	-1.342969	-0.294539	
1	-4.345703	3.222117	-1.342969	-0.294539	
1	-4.394531	3.180047	-1.348579	-0.289849	
1	-4.394531	3.180047	-1.348579	-0.289849	
1	-4.401615	3.173828	-1.349394	-0.289178	
1	-4.401615	3.173828	-1.349394	-0.289178	
1	-4.443359	3.136428	-1.354154	-0.285306	
1	-4.443359	3.136428	-1.354154	-0.285306	
1	-4.455888	3.125000	-1.355586	-0.284158	
1	-4.455888	3.125000	-1.355586	-0.284158	
1	-4.492188	3.091178	-1.359684	-0.280914	
1	-4.492188	3.091178	-1.359684	-0.280914	
1	-4.508020	3.076172	-1.361476	-0.279515	
1	-4.508020	3.076172	-1.361476	-0.279515	
1	-4.541016	3.044198	-1.365156	-0.276681	
1	-4.541016	3.044198	-1.365156	-0.276681	
1	-4.558128	3.027344	-1.367070	-0.275227	
1	-4.558128	3.027344	-1.367070	-0.275227	
1	-4.589844	2.995380	-1.370555	-0.272615	
1	-4.589844	2.995380	-1.370555	-0.272615	
1	-4.606321	2.978516	-1.372373	-0.271271	
1	-4.606321	2.978516	-1.372373	-0.271271	
1	-4.638672	2.944604	-1.375866	-0.268723	
1	-4.638672	2.944604	-1.375866	-0.268723	
1	-4.652695	2.929688	-1.377389	-0.267628	
1	-4.652695	2.929688	-1.377389	-0.267628	
1	-4.687500	2.891737	-1.381074	-0.265013	
1	-4.687500	2.891737	-1.381074	-0.265013	
1	-4.697338	2.880859	-1.382123	-0.264279	
1	-4.697338	2.880859	-1.382123	-0.264279	
1	-4.736328	2.836630	-1.386162	-0.261493	
1	-4.736328	2.836630	-1.386162	-0.261493	
1	-4.740330	2.832031	-1.386580	-0.261208	
1	-4.740330	2.832031	-1.386580	-0.261208	
1	-4.781732	2.783203	-1.390758	-0.258402	
1	-4.781732	2.783203	-1.390758	-0.258402	
1	-4.785156	2.779055	-1.391090	-0.258182	
1	-4.785156	2.779055	-1.391090	-0.258182	
1	-4.821608	2.734375	-1.394661	-0.255847	
1	-4.821608	2.734375	-1.394661	-0.255847	
1	-4.833984	2.718767	-1.395822	-0.255100	
1	-4.833984	2.718767	-1.395822	-0.255100	
1	-4.860032	2.685547	-1.398298	-0.253526	
1	-4.860032	2.685547	-1.398298	-0.253526	
1	-4.882812	2.655624	-1.400361	-0.252236	
1	-4.882812	2.655624	-1.400361	-0.252236	
1	-4.897055	2.636719	-1.401672	-0.251426	
1	-4.897055	2.636719	-1.401672	-0.251426	
1	-4.931641	2.589391	-1.404687	-0.249595	
1	-4.931641	2.589391	-1.404687	-0.249595	
1	-4.932726	2.587891	-1.404784	-0.249537	
1	-4.932726	2.587891	-1.404784	-0.249537	
1	-4.967076	2.539062	-1.407629	-0.247853	
1	-4.967076	2.539062	-1.407629	-0.247853	
1	-4.980469	2.519400	-1.408660	-0.247253	
1	-4.980469	2.519400	-1.408660	-0.247253	
1	-5.000162	2.490234	-1.410217	-0.246358	
1	-5.000162	2.490234	-1.410217	-0.246358	
1	-5.029297	2.445610	-1.412344	-0.245158	
1	-5.029297	2.445610	-1.412344	-0.245158	
1	-5.032020	2.441406	-1.412550	-0.245044	
1	-5.032020	2.441406	-1.412550	-0.245044	
1	-5.062679	2.392578	-1.414625	-0.243903	
1	-5.062679	2.392578	-1.414625	-0.243903	
1	-5.078125	2.367098	-1.415558	-0.243400	
1	-5.078125	2.367098	-1.415558	-0.243400	
1	-5.092178	2.343750	-1.416447	-0.242926	
1	-5.092178	2.343750	-1.416447	-0.242926	
1	-5.120544	2.294922	-1.418016	-0.242105	
1	-5.120544	2.294922	-1.418016	-0.242105	
1	-5.126953	2.283497	-1.418310	-0.241954	
1	-5.126953	2.283497	-1.418310	-0.241954	
1	-5.147809	2.246094	-1.419336	-0.241432	
1	-5.147809	2.246094	-1.419336	-0.241432	
1	-5.173990	2.197266	-1.420403	-0.240901	
1	-5.173990	2.197266	-1.420403	-0.240901	
1	-5.175781	2.193802	-1.420454	-0.240876	
1	-5.175781	2.193802	-1.420454	-0.240876	
1	-5.199126	2.148438	-1.421225	-0.240502	
1	-5.199126	2.148438	-1.421225	-0.240502	
1	-5.223221	2.099609	-1.421794	-0.240232	
1	-5.223221	2.099609	-1.421794	-0.240232	
1	-5.224609	2.096686	-1.421808	-0.240226	
1	-5.224609	2.096686	-1.421808	-0.240226	
1	-5.246319	2.050781	-1.422124	-0.240080	
1	-5.246319	2.050781	-1.422124	-0.240080	
1	-5.268414	2.001953	-1.422201	-0.240045	
1	-5.268414	2.001953	-1.422201	-0.240045	
1	-5.273438	1.990376	-1.422141	-0.240072	
1	-5.273438	1.990376	-1.422141	-0.240072	
1	-5.289548	1.953125	-1.422039	-0.240116	
1	-5.289548	1.953125	-1.422039	-0.240116	
1	-5.309720	1.904297	-1.421629	-0.240291	
1	-5.309720	1.904297	-1.421629	-0.240291	
1	-5.322266	1.872470	-1.421174	-0.240481	
1	-5.322266	1.872470	-1.421174	-0.240481	
1	-5.328951	1.855469	-1.420975	-0.240563	
1	-5.328951	1.855469	-1.420975	-0.240563	
1	-5.347266	1.806641	-1.420084	-0.240924	
1	-5.347266	1.806641	-1.420084	-0.240924	
1	-5.364657	1.757812	-1.418943	-0.241374	
1	-5.364657	1.757812	-1.418943	-0.241374	
1	-5.371094	1.738784	-1.418373	-0.241594	
1	-5.371094	1.738784	-1.418373	-0.241594	
1	-5.381160	1.708984	-1.417566	-0.241903	
1	-5.381160	1.708984	-1.417566	-0.241903	
1	-5.396778	1.660156	-1.415949	-0.242507	
1	-5.396778	1.660156	-1.415949	-0.242507	
1	-5.411509	1.611328	-1.414085	-0.243184	
1	-5.411509	1.611328	-1.414085	-0.243184	
1	-5.419922	1.581717	-1.412776	-0.243649	
1	-5.419922	1.581717	-1.412776	-0.243649	
1	-5.425379	1.562500	-1.411984	-0.243926	
1	-5.425379	1.562500	-1.411984	-0.243926	
1	-5.438404	1.513672	-1.409650	-0.244727	
1	-5.438404	1.513672	-1.409650	-0.244727	
1	-5.450573	1.464844	-1.407071	-0.245587	
1	-5.450573	1.464844	-1.407071	-0.245587	
1	-5.461896	1.416016	-1.404249	-0.246500	
1	-5.461896	1.416016	-1.404249	-0.246500	
1	-5.468750	1.384116	-1.402217	-0.247140	
1	-5.468750	1.384116	-1.402217	-0.247140	
1	-5.472391	1.367188	-1.401191	-0.247459	
1	-5.472391	1.367188	-1.401191	-0.247459	
1	-5.482072	1.318359	-1.397903	-0.248459	
1	-5.482072	1.318359	-1.397903	-0.248459	
1	-5.490929	1.269531	-1.394373	-0.249499	
1	-5.490929	1.269531	-1.394373	-0.249499	
1	-5.498968	1.220703	-1.390604	-0.250573	
1	-5.498968	1.220703	-1.390604	-0.250573	
1	-5.506196	1.171875	-1.386596	-0.251678	
1	-5.506196	1.171875	-1.386596	-0.251678	
1	-5.512618	1.123047	-1.382349	-0.252809	
1	-5.512618	1.123047	-1.382349	-0.252809	
1	-5.517578	1.079951	-1.378377	-0.253832	
1	-5.517578	1.079951	-1.378377	-0.253832	
1	-5.518240	1.074219	-1.377867	-0.253961	
1	-5.518240	1.074219	-1.377867	-0.253961	
1	-5.523076	1.025391	-1.373155	-0.255129	
1	-5.523076	1.025391	-1.373155	-0.255129	
1	-5.527116	0.976562	-1.368207	-0.256310	
1	-5.527116	0.976562	-1.368207	-0.256310	
1	-5.530362	0.927734	-1.363021	-0.257500	
1	-5.530362	0.927734	-1.363021	-0.257500	
1	-5.532818	0.878906	-1.357600	-0.258695	
1	-5.532818	0.878906	-1.357600	-0.258695	
1	-5.534485	0.830078	-1.351943	-0.259890	
1	-5.534485	0.830078	-1.351943	-0.259890	
1	-5.535364	0.781250	-1.346051	-0.261082	
1	-5.535364	0.781250	-1.346051	-0.261082	
1	-5.535455	0.732422	-1.339924	-0.262266	
1	-5.535455	0.732422	-1.339924	-0.262266	
1	-5.534760	0.683594	-1.333564	-0.263438	
1	-5.534760	0.683594	-1.333564	-0.263438	
1	-5.533276	0.634766	-1.326969	-0.264593	
1	-5.533276	0.634766	-1.326969	-0.264593	
1	-5.531004	0.585938	-1.320140	-0.265729	
1	-5.531004	0.585938	-1.320140	-0.265729	
1	-5.527942	0.537109	-1.313077	-0.266839	
1	-5.527942	0.537109	-1.313077	-0.266839	
1	-5.524087	0.488281	-1.305782	-0.267921	
1	-5.524087	0.488281	-1.305782	-0.267921	
1	-5.519437	0.439453	-1.298253	-0.268970	
1	-5.519437	0.439453	-1.298253	-0.268970	
1	-5.517578	0.422755	-1.295569	-0.269328	
1	-5.517578	0.422755	-1.295569	-0.269328	
1	-5.513995	0.390625	-1.290496	-0.269981	
1	-5.513995	0.390625	-1.290496	-0.269981	
1	-5.507755	0.341797	-1.282508	-0.270950	
1	-5.507755	0.341797	-1.282508	-0.270950	
1	-5.500710	0.292969	-1.274288	-0.271872	
1	-5.500710	0.292969	-1.274288	-0.271872	
1	-5.492855	0.244141	-1.265837	-0.272744	
1	-5.492855	0.244141	-1.265837	-0.272744	
1	-5.484186	0.195312	-1.257155	-0.273561	
1	-5.484186	0.195312	-1.257155	-0.273561	
1	-5.474697	0.146484	-1.248242	-0.274318	
1	-5.474697	0.146484	-1.248242	-0.274318	
1	-5.468750	0.118274	-1.242930	-0.274731	
1	-5.468750	0.118274	-1.242930	-0.274731	
1	-5.464386	0.097656	-1.239102	-0.275011	
1	-5.464386	0.097656	-1.239102	-0.275011	
1	-5.453246	0.048828	-1.229735	-0.275634	
1	-5.453246	0.048828	-1.229735	-0.275634	
1	-5.441266	0.000000	-1.220141	-0.276183	
1	-5.441266	0.000000	-1.220141	-0.276183	
1	-5.428442	-0.048828	-1.210319	-0.276653	
1	-5.428442	-0.048828	-1.210319	-0.276653	
1	-5.419922	-0.079310	-1.204021	-0.276906	
1	-5.419922	-0.079310	-1.204021	-0.276906	
1	-5.414764	-0.097656	-1.200273	-0.277039	
1	-5.414764	-0.097656	-1.200273	-0.277039	
1	-5.400221	-0.146484	-1.190000	-0.277337	
1	-5.400221	-0.146484	-1.190000	-0.277337	
1	-5.384809	-0.195312	-1.179507	-0.277540	
1	-5.384809	-0.195312	-1.179507	-0.277540	
1	-5.371094	-0.236469	-1.170463	-0.277635	
1	-5.371094	-0.236469	-1.170463	-0.277635	
1	-5.368518	-0.244141	-1.168792	-0.277644	
1	-5.368518	-0.244141	-1.168792	-0.277644	
1	-5.351324	-0.292969	-1.157851	-0.277644	
1	-5.351324	-0.292969	-1.157851	-0.277644	
1	-5.333234	-0.341797	-1.146697	-0.277533	
1	-5.333234	-0.341797	-1.146697	-0.277533	
1	-5.322266	-0.370074	-1.140091	-0.277415	
1	-5.322266	-0.370074	-1.140091	-0.277415	
1	-5.314224	-0.390625	-1.135323	-0.277307	
1	-5.314224	-0.390625	-1.135323	-0.277307	
1	-5.294277	-0.439453	-1.123730	-0.276959	
1	-5.294277	-0.439453	-1.123730	-0.276959	
1	-5.273438	-0.488208	-1.111953	-0.276485	
1	-5.273438	-0.488208	-1.111953	-0.276485	
1	-5.273406	-0.488281	-1.111936	-0.276484	
1	-5.273406	-0.488281	-1.111936	-0.276484	
1	-5.251541	-0.537109	-1.099909	-0.275875	
1	-5.251541	-0.537109	-1.099909	-0.275875	
1	-5.228731	-0.585938	-1.087692	-0.275127	
1	-5.228731	-0.585938	-1.087692	-0.275127	
1	-5.224609	-0.594461	-1.085515	-0.274980	
1	-5.224609	-0.594461	-1.085515	-0.274980	
1	-5.204898	-0.634766	-1.075251	-0.274233	
1	-5.204898	-0.634766	-1.075251	-0.274233	
1	-5.180085	-0.683594	-1.062625	-0.273187	
1	-5.180085	-0.683594	-1.062625	-0.273187	
1	-5.175781	-0.691798	-1.060463	-0.272994	
1	-5.175781	-0.691798	-1.060463	-0.272994	
1	-5.154205	-0.732422	-1.049777	-0.271981	
1	-5.154205	-0.732422	-1.049777	-0.271981	
1	-5.127321	-0.781250	-1.036761	-0.270613	
1	-5.127321	-0.781250	-1.036761	-0.270613	
1	-5.126953	-0.781900	-1.036584	-0.270593	
1	-5.126953	-0.781900	-1.036584	-0.270593	
1	-5.099303	-0.830078	-1.023515	-0.269067	
1	-5.099303	-0.830078	-1.023515	-0.269067	
1	-5.078125	-0.865786	-1.013712	-0.267824	
1	-5.078125	-0.865786	-1.013712	-0.267824	
1	-5.070233	-0.878906	-1.010107	-0.267346	
1	-5.070233	-0.878906	-1.010107	-0.267346	
1	-5.040021	-0.927734	-0.996504	-0.265436	
1	-5.040021	-0.927734	-0.996504	-0.265436	
1	-5.029297	-0.944593	-0.991750	-0.264729	
1	-5.029297	-0.944593	-0.991750	-0.264729	
1	-5.008652	-0.976562	-0.982717	-0.263330	
1	-5.008652	-0.976562	-0.982717	-0.263330	
1	-4.980469	-1.018992	-0.970612	-0.261340	
1	-4.980469	-1.018992	-0.970612	-0.261340	
1	-4.976150	-1.025391	-0.968781	-0.261027	
1	-4.976150	-1.025391	-0.968781	-0.261027	
1	-4.942397	-1.074219	-0.954653	-0.258510	
1	-4.942397	-1.074219	-0.954653	-0.258510	
1	-4.931641	-1.089403	-0.950221	-0.257682	
1	-4.931641	-1.089403	-0.950221	-0.257682	
1	-4.907406	-1.123047	-0.940365	-0.255775	
1	-4.907406	-1.123047	-0.940365	-0.255775	
1	-4.882812	-1.156378	-0.930536	-0.253781	
1	-4.882812	-1.156378	-0.930536	-0.253781	
1	-4.871176	-1.171875	-0.925944	-0.252818	
1	-4.871176	-1.171875	-0.925944	-0.252818	
1	-4.833984	-1.220302	-0.911517	-0.249658	
1	-4.833984	-1.220302	-0.911517	-0.249658	
1	-4.833671	-1.220703	-0.911397	-0.249631	
1	-4.833671	-1.220703	-0.911397	-0.249631	
1	-4.794745	-1.269531	-0.896676	-0.246193	
1	-4.794745	-1.269531	-0.896676	-0.246193	
1	-4.785156	-1.281318	-0.893111	-0.245327	
1	-4.785156	-1.281318	-0.893111	-0.245327	
1	-4.754453	-1.318359	-0.881844	-0.242506	
1	-4.754453	-1.318359	-0.881844	-0.242506	
1	-4.736328	-1.339816	-0.875306	-0.240809	
1	-4.736328	-1.339816	-0.875306	-0.240809	
1	-4.712755	-1.367188	-0.866912	-0.238564	
1	-4.712755	-1.367188	-0.866912	-0.238564	
1	-4.687500	-1.395999	-0.858075	-0.236119	
1	-4.687500	-1.395999	-0.858075	-0.236119	
1	-4.669601	-1.416016	-0.851894	-0.234358	
1	-4.669601	-1.416016	-0.851894	-0.234358	
1	-4.638672	-1.450044	-0.841400	-0.231271	
1	-4.638672	-1.450044	-0.841400	-0.231271	
1	-4.624942	-1.464844	-0.836802	-0.229880	
1	-4.624942	-1.464844	-0.836802	-0.229880	
1	-4.589844	-1.502111	-0.825261	-0.226279	
1	-4.589844	-1.502111	-0.825261	-0.226279	
1	-4.578724	-1.513672	-0.821653	-0.225122	
1	-4.578724	-1.513672	-0.821653	-0.225122	
1	-4.541016	-1.552342	-0.809644	-0.221156	
1	-4.541016	-1.552342	-0.809644	-0.221156	
1	-4.530896	-1.562500	-0.806466	-0.220077	
1	-4.530896	-1.562500	-0.806466	-0.220077	
1	-4.492188	-1.600868	-0.794538	-0.215914	
1	-4.492188	-1.600868	-0.794538	-0.215914	
1	-4.481403	-1.611328	-0.791262	-0.214739	
1	-4.481403	-1.611328	-0.791262	-0.214739	
1	-4.443359	-1.647805	-0.779932	-0.210566	
1	-4.443359	-1.647805	-0.779932	-0.210566	
1	-4.430192	-1.660156	-0.776069	-0.209104	
1	-4.430192	-1.660156	-0.776069	-0.209104	
1	-4.394531	-1.693260	-0.765818	-0.205123	
1	-4.394531	-1.693260	-0.765818	-0.205123	
1	-4.377213	-1.708984	-0.760919	-0.203168	
1	-4.377213	-1.708984	-0.760919	-0.203168	
1	-4.345703	-1.737329	-0.752190	-0.199598	
1	-4.345703	-1.737329	-0.752190	-0.199598	
1	-4.322420	-1.757812	-0.745848	-0.196933	
1	-4.322420	-1.757812	-0.745848	-0.196933	
1	-4.296875	-1.780101	-0.739041	-0.194003	
1	-4.296875	-1.780101	-0.739041	-0.194003	
1	-4.265773	-1.806641	-0.730900	-0.190403	
1	-4.265773	-1.806641	-0.730900	-0.190403	
1	-4.248047	-1.821656	-0.726366	-0.188350	
1	-4.248047	-1.821656	-0.726366	-0.188350	
1	-4.207239	-1.855469	-0.716126	-0.183586	
1	-4.207239	-1.855469	-0.716126	-0.183586	
1	-4.199219	-1.862072	-0.714161	-0.182651	
1	-4.199219	-1.862072	-0.714161	-0.182651	
1	-4.150391	-1.901407	-0.702422	-0.176916	
1	-4.150391	-1.901407	-0.702422	-0.176916	
1	-4.146724	-1.904297	-0.701554	-0.176482	
1	-4.146724	-1.904297	-0.701554	-0.176482	
1	-4.101562	-1.939713	-0.691141	-0.171158	
1	-4.101562	-1.939713	-0.691141	-0.171158	
1	-4.084082	-1.953125	-0.687201	-0.169086	
1	-4.084082	-1.953125	-0.687201	-0.169086	
1	-4.052734	-1.977077	-0.680322	-0.165390	
1	-4.052734	-1.977077	-0.680322	-0.165390	
1	-4.019477	-2.001953	-0.673203	-0.161456	
1	-4.019477	-2.001953	-0.673203	-0.161456	
1	-4.003906	-2.013559	-0.669963	-0.159626	
1	-4.003906	-2.013559	-0.669963	-0.159626	
1	-3.955078	-2.049210	-0.660061	-0.153879	
1	-3.955078	-2.049210	-0.660061	-0.153879	
1	-3.952881	-2.050781	-0.659623	-0.153620	
1	-3.952881	-2.050781	-0.659623	-0.153620	
1	-3.906250	-2.084048	-0.650607	-0.148158	
1	-3.906250	-2.084048	-0.650607	-0.148158	
1	-3.884001	-2.099609	-0.646436	-0.145556	
1	-3.884001	-2.099609	-0.646436	-0.145556	
1	-3.857422	-2.118167	-0.641609	-0.142482	
1	-3.857422	-2.118167	-0.641609	-0.142482	
1	-3.813241	-2.148438	-0.633855	-0.137395	
1	-3.813241	-2.148438	-0.633855	-0.137395	
1	-3.808594	-2.151617	-0.633066	-0.136867	
1	-3.808594	-2.151617	-0.633066	-0.136867	
1	-3.759766	-2.184401	-0.624967	-0.131319	
1	-3.759766	-2.184401	-0.624967	-0.131319	
1	-3.740264	-2.197266	-0.621845	-0.129118	
1	-3.740264	-2.197266	-0.621845	-0.129118	
1	-3.710938	-2.216602	-0.617319	-0.125861	
1	-3.710938	-2.216602	-0.617319	-0.125861	
1	-3.665480	-2.246094	-0.610602	-0.120874	
1	-3.665480	-2.246094	-0.610602	-0.120874	
1	-3.662109	-2.248280	-0.610123	-0.120511	
1	-3.662109	-2.248280	-0.610123	-0.120511	
1	-3.613281	-2.279414	-0.603363	-0.115274	
1	-3.613281	-2.279414	-0.603363	-0.115274	
1	-3.588607	-2.294922	-0.600106	-0.112671	
1	-3.588607	-2.294922	-0.600106	-0.112671	
1	-3.564453	-2.310107	-0.597051	-0.110179	
1	-3.564453	-2.310107	-0.597051	-0.110179	
1	-3.515625	-2.340400	-0.591184	-0.105242	
1	-3.515625	-2.340400	-0.591184	-0.105242	
1	-3.510146	-2.343750	-0.590547	-0.104694	
1	-3.510146	-2.343750	-0.590547	-0.104694	
1	-3.466797	-2.370268	-0.585744	-0.100470	
1	-3.466797	-2.370268	-0.585744	-0.100470	
1	-3.429958	-2.392578	-0.581928	-0.096996	
1	-3.429958	-2.392578	-0.581928	-0.096996	
1	-3.417969	-2.399842	-0.580748	-0.095898	
1	-3.417969	-2.399842	-0.580748	-0.095898	
1	-3.369141	-2.429086	-0.576175	-0.091533	
1	-3.369141	-2.429086	-0.576175	-0.091533	
1	-3.348381	-2.441406	-0.574353	-0.089739	
1	-3.348381	-2.441406	-0.574353	-0.089739	
1	-3.320312	-2.458070	-0.572027	-0.087399	
1	-3.320312	-2.458070	-0.572027	-0.087399	
1	-3.271484	-2.486864	-0.568304	-0.083525	
1	-3.271484	-2.486864	-0.568304	-0.083525	
1	-3.265718	-2.490234	-0.567888	-0.083081	
1	-3.265718	-2.490234	-0.567888	-0.083081	
1	-3.222656	-2.515399	-0.564979	-0.079908	
1	-3.222656	-2.515399	-0.564979	-0.079908	
1	-3.182043	-2.539062	-0.562531	-0.077133	
1	-3.182043	-2.539062	-0.562531	-0.077133	
1	-3.173828	-2.543846	-0.562071	-0.076599	
1	-3.173828	-2.543846	-0.562071	-0.076599	
1	-3.125000	-2.572100	-0.559543	-0.073589	
1	-3.125000	-2.572100	-0.559543	-0.073589	
1	-3.097668	-2.587891	-0.558300	-0.072054	
1	-3.097668	-2.587891	-0.558300	-0.072054	
1	-3.076172	-2.600293	-0.557405	-0.070922	
1	-3.076172	-2.600293	-0.557405	-0.070922	
1	-3.027344	-2.628418	-0.555637	-0.068611	
1	-3.027344	-2.628418	-0.555637	-0.068611	
1	-3.012912	-2.636719	-0.555183	-0.067998	
1	-3.012912	-2.636719	-0.555183	-0.067998	
1	-2.978516	-2.656457	-0.554219	-0.066664	
1	-2.978516	-2.656457	-0.554219	-0.066664	
1	-2.929688	-2.684558	-0.553158	-0.065135	
1	-2.929688	-2.684558	-0.553158	-0.065135	
1	-2.927966	-2.685547	-0.553126	-0.065088	
1	-2.927966	-2.685547	-0.553126	-0.065088	
1	-2.880859	-2.712520	-0.552398	-0.063983	
1	-2.880859	-2.712520	-0.552398	-0.063983	
1	-2.842889	-2.734375	-0.552039	-0.063413	
1	-2.842889	-2.734375	-0.552039	-0.063413	
1	-2.832031	-2.740598	-0.551965	-0.063291	
1	-2.832031	-2.740598	-0.551965	-0.063291	
1	-2.783203	-2.768618	-0.551805	-0.063023	
1	-2.783203	-2.768618	-0.551805	-0.063023	
1	-2.757910	-2.783203	-0.551839	-0.063083	
1	-2.757910	-2.783203	-0.551839	-0.063083	
1	-2.734375	-2.796698	-0.551919	-0.063226	
1	-2.734375	-2.796698	-0.551919	-0.063226	
1	-2.685547	-2.824827	-0.552280	-0.063909	
1	-2.685547	-2.824827	-0.552280	-0.063909	
1	-2.673091	-2.832031	-0.552412	-0.064168	
1	-2.673091	-2.832031	-0.552412	-0.064168	
1	-2.636719	-2.852919	-0.552853	-0.065056	
1	-2.636719	-2.852919	-0.552853	-0.065056	
1	-2.588416	-2.880859	-0.553633	-0.066715	
1	-2.588416	-2.880859	-0.553633	-0.066715	
1	-2.587891	-2.881161	-0.553642	-0.066735	
1	-2.587891	-2.881161	-0.553642	-0.066735	
1	-2.539062	-2.909247	-0.554580	-0.068859	
1	-2.539062	-2.909247	-0.554580	-0.068859	
1	-2.503785	-2.929688	-0.555372	-0.070755	
1	-2.503785	-2.929688	-0.555372	-0.070755	
1	-2.490234	-2.937467	-0.555685	-0.071529	
1	-2.490234	-2.937467	-0.555685	-0.071529	
1	-2.441406	-2.965612	-0.556905	-0.074683	
1	-2.441406	-2.965612	-0.556905	-0.074683	
1	-2.419143	-2.978516	-0.557505	-0.076315	
1	-2.419143	-2.978516	-0.557505	-0.076315	
1	-2.392578	-2.993750	-0.558226	-0.078348	
1	-2.392578	-2.993750	-0.558226	-0.078348	
1	-2.343750	-3.021890	-0.559626	-0.082534	
1	-2.343750	-3.021890	-0.559626	-0.082534	
1	-2.334321	-3.027344	-0.559906	-0.083410	
1	-2.334321	-3.027344	-0.559906	-0.083410	
1	-2.294922	-3.049866	-0.561064	-0.087185	
1	-2.294922	-3.049866	-0.561064	-0.087185	
1	-2.249113	-3.076172	-0.562453	-0.092047	
1	-2.249113	-3.076172	-0.562453	-0.092047	
1	-2.246094	-3.077885	-0.562543	-0.092376	
1	-2.246094	-3.077885	-0.562543	-0.092376	
1	-2.197266	-3.105633	-0.564008	-0.097993	
1	-2.197266	-3.105633	-0.564008	-0.097993	
1	-2.163283	-3.125000	-0.565031	-0.102234	
1	-2.163283	-3.125000	-0.565031	-0.102234	
1	-2.148438	-3.133353	-0.565466	-0.104125	
1	-2.148438	-3.133353	-0.565466	-0.104125	
1	-2.099609	-3.160847	-0.566879	-0.110696	
1	-2.099609	-3.160847	-0.566879	-0.110696	
1	-2.076571	-3.173828	-0.567532	-0.113982	
1	-2.076571	-3.173828	-0.567532	-0.113982	
1	-2.050781	-3.188165	-0.568234	-0.117722	
1	-2.050781	-3.188165	-0.568234	-0.117722	
1	-2.001953	-3.215290	-0.569514	-0.125192	
1	-2.001953	-3.215290	-0.569514	-0.125192	
1	-1.988676	-3.222656	-0.569849	-0.127309	
1	-1.988676	-3.222656	-0.569849	-0.127309	
1	-1.953125	-3.242108	-0.570696	-0.133055	
1	-1.953125	-3.242108	-0.570696	-0.133055	
1	-1.904297	-3.268746	-0.571774	-0.141358	
1	-1.904297	-3.268746	-0.571774	-0.141358	
1	-1.899262	-3.271484	-0.571879	-0.142240	
1	-1.899262	-3.271484	-0.571879	-0.142240	
1	-1.855469	-3.294969	-0.572722	-0.149996	
1	-1.855469	-3.294969	-0.572722	-0.149996	
1	-1.807949	-3.320312	-0.573520	-0.158810	
1	-1.807949	-3.320312	-0.573520	-0.158810	
1	-1.806641	-3.321001	-0.573540	-0.159056	
1	-1.806641	-3.321001	-0.573540	-0.159056	
1	-1.757812	-3.346552	-0.574206	-0.168407	
1	-1.757812	-3.346552	-0.574206	-0.168407	
1	-1.714294	-3.369141	-0.574670	-0.177074	
1	-1.714294	-3.369141	-0.574670	-0.177074	
1	-1.708984	-3.371860	-0.574717	-0.178142	
1	-1.708984	-3.371860	-0.574717	-0.178142	
1	-1.660156	-3.396678	-0.575060	-0.188146	
1	-1.660156	-3.396678	-0.575060	-0.188146	
1	-1.617816	-3.417969	-0.575218	-0.197103	
1	-1.617816	-3.417969	-0.575218	-0.197103	
1	-1.611328	-3.421189	-0.575231	-0.198489	
1	-1.611328	-3.421189	-0.575231	-0.198489	
1	-1.562500	-3.445188	-0.575221	-0.209070	
1	-1.562500	-3.445188	-0.575221	-0.209070	
1	-1.517937	-3.466797	-0.575049	-0.218996	
1	-1.517937	-3.466797	-0.575049	-0.218996	
1	-1.513672	-3.468840	-0.575024	-0.219954	
1	-1.513672	-3.468840	-0.575024	-0.219954	
1	-1.464844	-3.491946	-0.574639	-0.231043	
1	-1.464844	-3.491946	-0.574639	-0.231043	
1	-1.416016	-3.514675	-0.574059	-0.242400	
1	-1.416016	-3.514675	-0.574059	-0.242400	
1	-1.413947	-3.515625	-0.574030	-0.242885	
1	-1.413947	-3.515625	-0.574030	-0.242885	
1	-1.367188	-3.536836	-0.573284	-0.253930	
1	-1.367188	-3.536836	-0.573284	-0.253930	
1	-1.318359	-3.558570	-0.572309	-0.265687	
1	-1.318359	-3.558570	-0.572309	-0.265687	
1	-1.304906	-3.564453	-0.572005	-0.268951	
1	-1.304906	-3.564453	-0.572005	-0.268951	
1	-1.269531	-3.579759	-0.571135	-0.277607	
1	-1.269531	-3.579759	-0.571135	-0.277607	
1	-1.220703	-3.600452	-0.569761	-0.289703	
1	-1.220703	-3.600452	-0.569761	-0.289703	
1	-1.189767	-3.613281	-0.568787	-0.297440	
1	-1.189767	-3.613281	-0.568787	-0.297440	
1	-1.171875	-3.620630	-0.568186	-0.301954	
1	-1.171875	-3.620630	-0.568186	-0.301954	
1	-1.123047	-3.640249	-0.566412	-0.314333	
1	-1.123047	-3.640249	-0.566412	-0.314333	
1	-1.074219	-3.659365	-0.564437	-0.326855	
1	-1.074219	-3.659365	-0.564437	-0.326855	
1	-1.067038	-3.662109	-0.564132	-0.328696	
1	-1.067038	-3.662109	-0.564132	-0.328696	
1	-1.025391	-3.677893	-0.562268	-0.339470	
1	-1.025391	-3.677893	-0.562268	-0.339470	
1	-0.976562	-3.695883	-0.559902	-0.352195	
1	-0.976562	-3.695883	-0.559902	-0.352195	
1	-0.934462	-3.710938	-0.557706	-0.363234	
1	-0.934462	-3.710938	-0.557706	-0.363234	
1	-0.927734	-3.713326	-0.557340	-0.365014	
1	-0.927734	-3.713326	-0.557340	-0.365014	
1	-0.878906	-3.730171	-0.554591	-0.377896	
1	-0.878906	-3.730171	-0.554591	-0.377896	
1	-0.830078	-3.746459	-0.551651	-0.390852	
1	-0.830078	-3.746459	-0.551651	-0.390852	
1	-0.788773	-3.759766	-0.549022	-0.401846	
1	-0.788773	-3.759766	-0.549022	-0.401846	
1	-0.781250	-3.762175	-0.548525	-0.403866	
1	-0.781250	-3.762175	-0.548525	-0.403866	
1	-0.732422	-3.777288	-0.545220	-0.416916	
1	-0.732422	-3.777288	-0.545220	-0.416916	
1	-0.683594	-3.791820	-0.541735	-0.430005	
1	-0.683594	-3.791820	-0.541735	-0.430005	
1	-0.634766	-3.805763	-0.538074	-0.443122	
1	-0.634766	-3.805763	-0.538074	-0.443122	
1	-0.624432	-3.808594	-0.537283	-0.445879	
1	-0.624432	-3.808594	-0.537283	-0.445879	
1	-0.585938	-3.819097	-0.534243	-0.456250	
1	-0.585938	-3.819097	-0.534243	-0.456250	
1	-0.537109	-3.831828	-0.530245	-0.469385	
1	-0.537109	-3.831828	-0.530245	-0.469385	
1	-0.488281	-3.843953	-0.526083	-0.482519	
1	-0.488281	-3.843953	-0.526083	-0.482519	
1	-0.439453	-3.855464	-0.521763	-0.495642	
1	-0.439453	-3.855464	-0.521763	-0.495642	
1	-0.430688	-3.857422	-0.520978	-0.497976	
1	-0.430688	-3.857422	-0.520978	-0.497976	
1	-0.390625	-3.866354	-0.517288	-0.508746	
1	-0.390625	-3.866354	-0.517288	-0.508746	
1	-0.341797	-3.876620	-0.512664	-0.521823	
1	-0.341797	-3.876620	-0.512664	-0.521823	
1	-0.292969	-3.886257	-0.507895	-0.534866	
1	-0.292969	-3.886257	-0.507895	-0.534866	
1	-0.244141	-3.895260	-0.502985	-0.547866	
1	-0.244141	-3.895260	-0.502985	-0.547866	
1	-0.195312	-3.903621	-0.497940	-0.560815	
1	-0.195312	-3.903621	-0.497940	-0.560815	
1	-0.178677	-3.906250	-0.496205	-0.565180	
1	-0.178677	-3.906250	-0.496205	-0.565180	
1	-0.146484	-3.911339	-0.492764	-0.573709	
1	-0.146484	-3.911339	-0.492764	-0.573709	
1	-0.097656	-3.918408	-0.487462	-0.586540	
1	-0.097656	-3.918408	-0.487462	-0.586540	
1	-0.048828	-3.924819	-0.482039	-0.599300	
