#REFERENCE 0 180.3007650 23.0992140
1.1 180.3008384 23.0979315 0.989724 0.006885 10.85433 4.5000 1.83 
1.1 180.3012892 23.0994236 0.251748 0.003080 150.00803 4.5000 4.19 
1.1 180.2997679 23.0989755 1.354113 0.023979 80.91561 4.5000 0.14 
1.1 180.3016782 23.0996549 0.353867 0.006968 142.21434 4.5000 2.94 
1.1 180.2998755 23.0987320 0.192404 0.191925 85.38200 4.5000 -0.00 
1.2 180.3007546 23.0979504 1.468096 0.007566 16.70785 4.5000 1.59 
1.2 180.3013073 23.0994325 0.318935 0.003883 154.00106 4.5000 3.97 
1.2 180.2998889 23.0986798 1.905737 0.029331 67.52054 4.5000 -0.17 
1.2 180.3016565 23.0996380 0.438984 0.007984 137.16871 4.5000 2.84 
2.1 180.2998816 23.0999399 0.591200 0.014175 119.13555 4.5000 1.01 
2.1 180.3010619 23.0980318 0.530448 0.037324 175.54748 4.5000 0.08 
2.1 180.3012145 23.0993244 0.105156 0.009436 131.88052 4.5000 3.33 
2.1 180.3019127 23.0995854 0.225520 0.026631 26.71060 4.5000 1.38 
2.1 180.3004702 23.0982823 0.146043 0.145997 36.38533 4.5000 -0.00 
2.2 180.3005086 23.0982140 3.651058 0.048808 34.87667 4.5000 -1.50 
2.2 180.3008659 23.0980462 3.281707 0.050306 19.48008 4.5000 -1.41 
2.2 180.3018596 23.0995958 0.391054 0.072257 97.96931 4.5000 0.50 
2.2 180.3012370 23.0993425 0.166649 0.032738 10.44931 4.5000 2.29 
2.2 180.2998078 23.0998133 0.212002 0.211982 175.39018 4.5000 0.00 
2.3 180.2997612 23.0996397 0.770783 0.017197 102.43860 4.5000 0.52 
2.3 180.3002725 23.0983507 0.732573 0.037455 34.78952 4.5000 -0.27 
2.3 180.3012440 23.0993668 0.104642 0.013101 116.90948 4.5000 2.98 
2.3 180.3018065 23.0996395 0.225636 0.028564 27.77049 4.5000 1.30 
2.3 180.3009364 23.0979854 0.146001 0.145979 121.87497 4.5000 0.00 
