chi multiples
 N    ID    z   Narcs    chip    chix    chiy    chia   rmss     rmsi    dx      dy    nwarn
 0    8.2 1.568   1      0.03    0.00    0.00    0.00   0.052    0.08    0.01    0.08  0
 0    8.1 1.568   1      0.08    0.00    0.00    0.00   0.052    0.14    0.13   -0.07  0
 0    8.2 1.568   2      0.11    0.00    0.00    0.00   0.052    0.12    N/A     N/A   0
 1    7.2 0.640   1      0.01    0.00    0.00    0.00   0.042    0.06    0.06   -0.00  0
 1    7.1 0.640   1      0.12    0.00    0.00    0.00   0.042    0.17    0.05    0.17  0
 1    7.2 0.640   2      0.13    0.00    0.00    0.00   0.042    0.13    N/A     N/A   0
 2    3.2 4.809   1      0.22    0.00    0.00    0.00   0.036    0.24    0.05   -0.23  0
 2    3.1 4.809   1      0.03    0.00    0.00    0.00   0.036    0.09   -0.03   -0.08  0
 2    3.2 4.809   2      0.26    0.00    0.00    0.00   0.036    0.18    N/A     N/A   0
 3    9.2 3.000   1      2.12    0.00    0.00    0.00   0.552    0.73    0.32    0.65  0
 3    9.1 3.000   1      1.19    0.00    0.00    0.00   0.552    0.55   -0.33   -0.44  0
 3    9.2 3.000   2      3.32    0.00    0.00    0.00   0.552    0.64    N/A     N/A   0
 4    6.4 3.000   1      3.33    0.00    0.00    0.00   0.541    0.91   -0.31    0.86  0
 4    6.3 3.000   1      0.18    0.00    0.00    0.00   0.160    0.22    0.18    0.12  0
 4    6.2 3.000   1      0.59    0.00    0.00    0.00   0.272    0.38    0.28   -0.26  0
 4    6.1 3.000   1      2.78    0.00    0.00    0.00   0.856    0.83   -0.51   -0.66  0
 4    6.4 3.000   4      6.88    0.00    0.00    0.00   0.530    0.66    N/A     N/A   0
 5    1.6 3.000   1      2.40    0.00    0.00    0.00   0.764    0.77   -0.43   -0.64  0
 5    1.5 3.000   1      0.73    0.00    0.00    0.00   0.253    0.43    0.34   -0.26  0
 5    1.4 3.000   1      0.36    0.00    0.00    0.00   0.192    0.30    0.29   -0.08  0
 5    1.3 3.000   1      0.28    0.00    0.00    0.00   0.179    0.26    0.16   -0.21  0
 5    1.2 3.000   1      5.09    0.00    0.00    0.00   0.649    1.13   -0.05    1.13  0
 5    1.1 3.000   1      1.16    0.00    0.00    0.00   0.265    0.54   -0.31    0.44  0
 5    1.6 3.000   6     10.02    0.00    0.00    0.00   0.449    0.65    N/A     N/A   0
 6    5.2 3.320   1      0.07    0.00    0.00    0.00   0.059    0.13   -0.07    0.11  0
 6    5.1 3.320   1      0.03    0.00    0.00    0.00   0.059    0.09    0.08   -0.05  0
 6    5.2 3.320   2      0.10    0.00    0.00    0.00   0.059    0.11    N/A     N/A   0
 7    4.2 3.320   1      0.04    0.00    0.00    0.00   0.045    0.10   -0.05    0.09  0
 7    4.1 3.320   1      0.02    0.00    0.00    0.00   0.045    0.08   -0.02   -0.08  0
 7    4.2 3.320   2      0.06    0.00    0.00    0.00   0.045    0.09    N/A     N/A   0
 8    2.3 3.320   1      0.00    0.00    0.00    0.00   0.026    0.03    0.02    0.02  0
 8    2.2 3.320   1      0.02    0.00    0.00    0.00   0.028    0.07   -0.06   -0.02  0
 8    2.1 3.320   1      0.26    0.00    0.00    0.00   0.037    0.25   -0.24   -0.08  0
 8    2.3 3.320   3      0.28    0.00    0.00    0.00   0.031    0.15    N/A     N/A   0
chimul                  21.17    0.00    0.00    0.00   0.345    0.46    N/A     N/A   0
log(Likelihood)        -21.87

chitot           21.17
log(Likelihood)    -21.87
