chi multiples
 N    ID    z   Narcs    chip    chix    chiy    chia   rmss     rmsi    dx      dy    nwarn
 0    6.3 4.500   1      0.10    0.00    0.00    0.00   0.070    0.16   -0.12    0.10  0
 0    6.2 4.500   1      0.08    0.00    0.00    0.00   0.055    0.14    0.09    0.11  0
 0    6.1 4.500   1      0.04    0.00    0.00    0.00   0.029    0.10   -0.10    0.01  0
 0    6.3 4.500   3      0.23    0.00    0.00    0.00   0.054    0.14    N/A     N/A   0
 1    5.3 4.500   1      0.05    0.00    0.00    0.00   0.028    0.11    0.11   -0.02  0
 1    5.2 4.500   1      0.02    0.00    0.00    0.00   0.028    0.08   -0.04    0.06  0
 1    5.3 4.500   2      0.07    0.00    0.00    0.00   0.028    0.10    N/A     N/A   0
chimul                   0.30    0.00    0.00    0.00   0.045    0.12    N/A     N/A   0
log(Likelihood)         -2.41

chitot           0.30
log(Likelihood)    -2.41
