#REFERENCE 3 28.1644670 -13.9684820
1.1 -0.738 -0.734 0.077 0.005 78.49 4.500 3.45 1.424 -0.727 3.33 0.12
1.1 -0.738 -0.734 0.077 0.005 78.49 4.500 3.45 0.734 -1.237 4.29 -0.84
1.1 -0.738 -0.734 0.077 0.005 78.49 4.500 3.45 -4.267 -1.062 0.82 2.63
1.1 -0.738 -0.734 0.077 0.005 78.49 4.500 3.45 0.998 0.899 3.57 -0.12
1.1 -0.738 -0.734 0.077 0.005 78.49 4.500 3.45 0.200 -0.164 1.62 1.83
1.1 -0.738 -0.734 0.077 0.005 78.49 4.500 3.45 0.314 -1.260 3.91 -0.46
1.1 -0.738 -0.734 0.077 0.005 78.49 4.500 3.45 0.407 1.077 3.45 -0.00
1.2 -0.739 -0.710 0.077 0.000 73.65 4.500 6.23 0.821 -1.158 4.59 1.64
1.2 -0.739 -0.710 0.077 0.000 73.65 4.500 6.23 0.821 -1.158 4.59 1.64
1.2 -0.739 -0.710 0.077 0.000 73.65 4.500 6.23 1.295 -0.834 3.86 2.37
1.2 -0.739 -0.710 0.077 0.000 73.65 4.500 6.23 -4.272 -1.028 0.83 5.41
1.2 -0.739 -0.710 0.077 0.000 73.65 4.500 6.23 0.357 -1.206 4.00 2.23
1.2 -0.739 -0.710 0.077 0.000 73.65 4.500 6.23 0.218 -0.206 1.72 4.51
1.2 -0.739 -0.710 0.077 0.000 73.65 4.500 6.23 0.697 1.036 6.22 0.02
1.2 -0.739 -0.710 0.077 0.000 73.65 4.500 6.23 0.696 1.036 6.24 -0.01
1.3 -0.661 -0.665 0.056 0.037 59.92 4.500 1.71 -0.244 1.241 2.25 -0.54
1.3 -0.661 -0.665 0.056 0.037 59.92 4.500 1.71 1.423 0.839 2.46 -0.75
1.3 -0.661 -0.665 0.056 0.037 59.92 4.500 1.71 -0.054 -1.015 2.46 -0.74
1.3 -0.661 -0.665 0.056 0.037 59.92 4.500 1.71 -4.157 -0.973 0.88 0.84
1.3 -0.661 -0.665 0.056 0.037 59.92 4.500 1.71 0.029 -0.252 1.71 -0.00
1.4 -0.779 -0.613 0.073 0.063 55.96 4.500 0.84 -4.343 -0.886 0.84 -0.00
2.1 -0.703 -0.794 0.070 0.016 85.99 4.500 2.40 1.682 -0.577 3.12 -0.72
2.1 -0.703 -0.794 0.070 0.016 85.99 4.500 2.40 1.539 0.524 2.90 -0.50
2.1 -0.703 -0.794 0.070 0.016 85.99 4.500 2.40 1.007 -1.312 3.29 -0.88
2.1 -0.703 -0.794 0.070 0.016 85.99 4.500 2.40 -4.205 -1.150 0.82 1.58
2.1 -0.703 -0.794 0.070 0.016 85.99 4.500 2.40 0.078 -0.054 1.40 1.01
2.1 -0.703 -0.794 0.070 0.016 85.99 4.500 2.40 -0.025 -1.347 2.60 -0.20
2.1 -0.703 -0.794 0.070 0.016 85.99 4.500 2.40 -0.012 1.060 2.40 0.00
2.2 -0.709 -0.749 0.066 0.011 59.03 4.500 2.86 1.091 -1.174 3.85 -0.98
2.2 -0.709 -0.749 0.066 0.011 59.03 4.500 2.86 1.498 -0.790 3.61 -0.75
2.2 -0.709 -0.749 0.066 0.011 59.03 4.500 2.86 0.068 1.114 2.58 0.28
2.2 -0.709 -0.749 0.066 0.011 59.03 4.500 2.86 -4.222 -1.087 0.83 2.04
2.2 -0.709 -0.749 0.066 0.011 59.03 4.500 2.86 0.057 -1.261 2.78 0.08
2.2 -0.709 -0.749 0.066 0.011 59.03 4.500 2.86 0.116 -0.126 1.48 1.38
2.2 -0.709 -0.749 0.066 0.011 59.03 4.500 2.86 1.350 0.722 2.87 -0.00
