#REFERENCE 3 43.5419130 -58.9498140
1	0.000000	-4.008560	1.019765	-2.413696	
1	-0.009437	-4.003906	1.018066	-2.406162	
1	-0.009437	-4.003906	1.018066	-2.406162	
1	0.000000	-4.008560	1.019765	-2.413696	
1	0.048828	-4.030329	1.028226	-2.450406	
1	0.048828	-4.030329	1.028226	-2.450406	
1	0.097656	-4.049698	1.036467	-2.484920	
1	0.097656	-4.049698	1.036467	-2.484920	
1	0.106303	-4.052734	1.037860	-2.490642	
1	0.106303	-4.052734	1.037860	-2.490642	
1	0.146484	-4.066999	1.044534	-2.517592	
1	0.146484	-4.066999	1.044534	-2.517592	
1	0.195312	-4.082093	1.052353	-2.548251	
1	0.195312	-4.082093	1.052353	-2.548251	
1	0.244141	-4.094999	1.059891	-2.576909	
1	0.244141	-4.094999	1.059891	-2.576909	
1	0.273855	-4.101562	1.064259	-2.593122	
1	0.273855	-4.101562	1.064259	-2.593122	
1	0.292969	-4.105848	1.067152	-2.603703	
1	0.292969	-4.105848	1.067152	-2.603703	
1	0.341797	-4.114692	1.074120	-2.628683	
1	0.341797	-4.114692	1.074120	-2.628683	
1	0.390625	-4.121460	1.080741	-2.651765	
1	0.390625	-4.121460	1.080741	-2.651765	
1	0.439453	-4.126181	1.086993	-2.672979	
1	0.439453	-4.126181	1.086993	-2.672979	
1	0.488281	-4.128875	1.092854	-2.692344	
1	0.488281	-4.128875	1.092854	-2.692344	
1	0.537109	-4.129552	1.098296	-2.709874	
1	0.537109	-4.129552	1.098296	-2.709874	
1	0.585938	-4.128212	1.103293	-2.725571	
1	0.585938	-4.128212	1.103293	-2.725571	
1	0.634766	-4.124848	1.107815	-2.739431	
1	0.634766	-4.124848	1.107815	-2.739431	
1	0.683594	-4.119444	1.111829	-2.751442	
1	0.683594	-4.119444	1.111829	-2.751442	
1	0.732422	-4.111973	1.115299	-2.761584	
1	0.732422	-4.111973	1.115299	-2.761584	
1	0.781250	-4.102403	1.118185	-2.769829	
1	0.781250	-4.102403	1.118185	-2.769829	
1	0.784793	-4.101562	1.118346	-2.770283	
1	0.784793	-4.101562	1.118346	-2.770283	
1	0.830078	-4.090846	1.120507	-2.776313	
1	0.830078	-4.090846	1.120507	-2.776313	
1	0.878906	-4.077130	1.122173	-2.780860	
1	0.878906	-4.077130	1.122173	-2.780860	
1	0.927734	-4.061182	1.123128	-2.783409	
1	0.927734	-4.061182	1.123128	-2.783409	
1	0.950522	-4.052734	1.123222	-2.783659	
1	0.950522	-4.052734	1.123222	-2.783659	
1	0.976562	-4.043060	1.123368	-2.784039	
1	0.976562	-4.043060	1.123368	-2.784039	
1	1.025391	-4.022686	1.122838	-2.782687	
1	1.025391	-4.022686	1.122838	-2.782687	
1	1.065684	-4.003906	1.121686	-2.779805	
1	1.065684	-4.003906	1.121686	-2.779805	
1	1.074219	-3.999906	1.121446	-2.779212	
1	1.074219	-3.999906	1.121446	-2.779212	
1	1.123047	-3.974813	1.119207	-2.773739	
1	1.123047	-3.974813	1.119207	-2.773739	
1	1.157973	-3.955078	1.116910	-2.768226	
1	1.157973	-3.955078	1.116910	-2.768226	
1	1.171875	-3.947150	1.115983	-2.766026	
1	1.171875	-3.947150	1.115983	-2.766026	
1	1.220703	-3.916932	1.111754	-2.756123	
1	1.220703	-3.916932	1.111754	-2.756123	
1	1.236689	-3.906250	1.110040	-2.752164	
1	1.236689	-3.906250	1.110040	-2.752164	
1	1.269531	-3.884016	1.106429	-2.743916	
1	1.269531	-3.884016	1.106429	-2.743916	
1	1.305951	-3.857422	1.101593	-2.733040	
1	1.305951	-3.857422	1.101593	-2.733040	
1	1.318359	-3.848221	1.099895	-2.729263	
1	1.318359	-3.848221	1.099895	-2.729263	
1	1.367188	-3.809429	1.092069	-2.712089	
1	1.367188	-3.809429	1.092069	-2.712089	
1	1.368179	-3.808594	1.091889	-2.711697	
1	1.368179	-3.808594	1.091889	-2.711697	
1	1.416016	-3.767512	1.082861	-2.692320	
1	1.416016	-3.767512	1.082861	-2.692320	
1	1.424513	-3.759766	1.081051	-2.688483	
1	1.424513	-3.759766	1.081051	-2.688483	
1	1.464844	-3.722192	1.072107	-2.669737	
1	1.464844	-3.722192	1.072107	-2.669737	
1	1.476278	-3.710938	1.069288	-2.663897	
1	1.476278	-3.710938	1.069288	-2.663897	
1	1.513672	-3.673226	1.059655	-2.644169	
1	1.513672	-3.673226	1.059655	-2.644169	
1	1.524151	-3.662109	1.056691	-2.638167	
1	1.524151	-3.662109	1.056691	-2.638167	
1	1.562500	-3.620315	1.045321	-2.615405	
1	1.562500	-3.620315	1.045321	-2.615405	
1	1.568661	-3.613281	1.043338	-2.611476	
1	1.568661	-3.613281	1.043338	-2.611476	
1	1.610206	-3.564453	1.029286	-2.583958	
1	1.610206	-3.564453	1.029286	-2.583958	
1	1.611328	-3.563098	1.028888	-2.583188	
1	1.611328	-3.563098	1.028888	-2.583188	
1	1.649032	-3.515625	1.014563	-2.555688	
1	1.649032	-3.515625	1.014563	-2.555688	
1	1.660156	-3.501133	1.010092	-2.547209	
1	1.660156	-3.501133	1.010092	-2.547209	
1	1.685523	-3.466797	0.999241	-2.526817	
1	1.685523	-3.466797	0.999241	-2.526817	
1	1.708984	-3.433838	0.988589	-2.507050	
1	1.708984	-3.433838	0.988589	-2.507050	
1	1.719893	-3.417969	0.983355	-2.497422	
1	1.719893	-3.417969	0.983355	-2.497422	
1	1.752275	-3.369141	0.966922	-2.467541	
1	1.752275	-3.369141	0.966922	-2.467541	
1	1.757812	-3.360505	0.963962	-2.462213	
1	1.757812	-3.360505	0.963962	-2.462213	
1	1.782804	-3.320312	0.949960	-2.437221	
1	1.782804	-3.320312	0.949960	-2.437221	
1	1.806641	-3.280186	0.935655	-2.412031	
1	1.806641	-3.280186	0.935655	-2.412031	
1	1.811669	-3.271484	0.932511	-2.406539	
1	1.811669	-3.271484	0.932511	-2.406539	
1	1.838923	-3.222656	0.914575	-2.375506	
1	1.838923	-3.222656	0.914575	-2.375506	
1	1.855469	-3.191584	0.902914	-2.355589	
1	1.855469	-3.191584	0.902914	-2.355589	
1	1.864700	-3.173828	0.896181	-2.344177	
1	1.864700	-3.173828	0.896181	-2.344177	
1	1.889065	-3.125000	0.877338	-2.312573	
1	1.889065	-3.125000	0.877338	-2.312573	
1	1.904297	-3.092926	0.864709	-2.291656	
1	1.904297	-3.092926	0.864709	-2.291656	
1	1.912094	-3.076172	0.858060	-2.280725	
1	1.912094	-3.076172	0.858060	-2.280725	
1	1.933862	-3.027344	0.838363	-2.248662	
1	1.933862	-3.027344	0.838363	-2.248662	
1	1.953125	-2.981565	0.819506	-2.218400	
1	1.953125	-2.981565	0.819506	-2.218400	
1	1.954387	-2.978516	0.818243	-2.216387	
1	1.954387	-2.978516	0.818243	-2.216387	
1	1.973801	-2.929688	0.797740	-2.183964	
1	1.973801	-2.929688	0.797740	-2.183964	
1	1.992057	-2.880859	0.776828	-2.151360	
1	1.992057	-2.880859	0.776828	-2.151360	
1	2.001953	-2.852890	0.764648	-2.132579	
1	2.001953	-2.852890	0.764648	-2.132579	
1	2.009243	-2.832031	0.755534	-2.118621	
1	2.009243	-2.832031	0.755534	-2.118621	
1	2.025421	-2.783203	0.733873	-2.085776	
1	2.025421	-2.783203	0.733873	-2.085776	
1	2.040546	-2.734375	0.711825	-2.052797	
1	2.040546	-2.734375	0.711825	-2.052797	
1	2.050781	-2.699115	0.695646	-2.028878	
1	2.050781	-2.699115	0.695646	-2.028878	
1	2.054689	-2.685547	0.689410	-2.019721	
1	2.054689	-2.685547	0.689410	-2.019721	
1	2.067944	-2.636719	0.666661	-1.986600	
1	2.067944	-2.636719	0.666661	-1.986600	
1	2.080235	-2.587891	0.643543	-1.953389	
1	2.080235	-2.587891	0.643543	-1.953389	
1	2.091583	-2.539062	0.620063	-1.920101	
1	2.091583	-2.539062	0.620063	-1.920101	
1	2.099609	-2.501627	0.601797	-1.894505	
1	2.099609	-2.501627	0.601797	-1.894505	
1	2.102046	-2.490234	0.596238	-1.886766	
1	2.102046	-2.490234	0.596238	-1.886766	
1	2.111717	-2.441406	0.572106	-1.853442	
1	2.111717	-2.441406	0.572106	-1.853442	
1	2.120508	-2.392578	0.547627	-1.820078	
1	2.120508	-2.392578	0.547627	-1.820078	
1	2.128438	-2.343750	0.522808	-1.786688	
1	2.128438	-2.343750	0.522808	-1.786688	
1	2.135523	-2.294922	0.497652	-1.753282	
1	2.135523	-2.294922	0.497652	-1.753282	
1	2.141779	-2.246094	0.472166	-1.719873	
1	2.141779	-2.246094	0.472166	-1.719873	
1	2.147219	-2.197266	0.446354	-1.686473	
1	2.147219	-2.197266	0.446354	-1.686473	
1	2.148438	-2.184555	0.439551	-1.677743	
1	2.148438	-2.184555	0.439551	-1.677743	
1	2.151920	-2.148438	0.420249	-1.653130	
1	2.151920	-2.148438	0.420249	-1.653130	
1	2.155843	-2.099609	0.393835	-1.619827	
1	2.155843	-2.099609	0.393835	-1.619827	
1	2.158973	-2.050781	0.367105	-1.586560	
1	2.158973	-2.050781	0.367105	-1.586560	
1	2.161320	-2.001953	0.340064	-1.553340	
1	2.161320	-2.001953	0.340064	-1.553340	
1	2.162888	-1.953125	0.312715	-1.520177	
1	2.162888	-1.953125	0.312715	-1.520177	
1	2.163683	-1.904297	0.285061	-1.487081	
1	2.163683	-1.904297	0.285061	-1.487081	
1	2.163708	-1.855469	0.257106	-1.454062	
1	2.163708	-1.855469	0.257106	-1.454062	
1	2.162964	-1.806641	0.228853	-1.421128	
1	2.162964	-1.806641	0.228853	-1.421128	
1	2.161452	-1.757812	0.200304	-1.388289	
1	2.161452	-1.757812	0.200304	-1.388289	
1	2.159168	-1.708984	0.171461	-1.355552	
1	2.159168	-1.708984	0.171461	-1.355552	
1	2.156110	-1.660156	0.142326	-1.322926	
1	2.156110	-1.660156	0.142326	-1.322926	
1	2.152273	-1.611328	0.112902	-1.290418	
1	2.152273	-1.611328	0.112902	-1.290418	
1	2.148438	-1.570864	0.088268	-1.263542	
1	2.148438	-1.570864	0.088268	-1.263542	
1	2.147666	-1.562500	0.083197	-1.258048	
1	2.147666	-1.562500	0.083197	-1.258048	
1	2.142373	-1.513672	0.053261	-1.225872	
1	2.142373	-1.513672	0.053261	-1.225872	
1	2.136294	-1.464844	0.023050	-1.193849	
1	2.136294	-1.464844	0.023050	-1.193849	
1	2.129417	-1.416016	-0.007437	-1.161984	
1	2.129417	-1.416016	-0.007437	-1.161984	
1	2.121725	-1.367188	-0.038200	-1.130286	
1	2.121725	-1.367188	-0.038200	-1.130286	
1	2.113203	-1.318359	-0.069239	-1.098761	
1	2.113203	-1.318359	-0.069239	-1.098761	
1	2.103829	-1.269531	-0.100555	-1.067415	
1	2.103829	-1.269531	-0.100555	-1.067415	
1	2.099609	-1.249392	-0.113607	-1.054487	
1	2.099609	-1.249392	-0.113607	-1.054487	
1	2.093732	-1.220703	-0.132068	-1.036336	
1	2.093732	-1.220703	-0.132068	-1.036336	
1	2.082867	-1.171875	-0.163791	-1.005515	
1	2.082867	-1.171875	-0.163791	-1.005515	
1	2.071103	-1.123047	-0.195779	-0.974907	
1	2.071103	-1.123047	-0.195779	-0.974907	
1	2.058412	-1.074219	-0.228035	-0.944517	
1	2.058412	-1.074219	-0.228035	-0.944517	
1	2.050781	-1.046842	-0.246291	-0.927527	
1	2.050781	-1.046842	-0.246291	-0.927527	
1	2.044910	-1.025391	-0.260477	-0.914430	
1	2.044910	-1.025391	-0.260477	-0.914430	
1	2.030628	-0.976562	-0.293071	-0.884684	
1	2.030628	-0.976562	-0.293071	-0.884684	
1	2.015341	-0.927734	-0.325918	-0.855192	
1	2.015341	-0.927734	-0.325918	-0.855192	
1	2.001953	-0.887624	-0.353121	-0.831138	
1	2.001953	-0.887624	-0.353121	-0.831138	
1	1.999084	-0.878906	-0.358980	-0.826001	
1	1.999084	-0.878906	-0.358980	-0.826001	
1	1.982083	-0.830078	-0.392103	-0.797250	
1	1.982083	-0.830078	-0.392103	-0.797250	
1	1.963979	-0.781250	-0.425461	-0.768797	
1	1.963979	-0.781250	-0.425461	-0.768797	
1	1.953125	-0.753554	-0.444527	-0.752759	
1	1.953125	-0.753554	-0.444527	-0.752759	
1	1.944915	-0.732422	-0.458941	-0.740745	
1	1.944915	-0.732422	-0.458941	-0.740745	
1	1.924916	-0.683594	-0.492497	-0.713141	
1	1.924916	-0.683594	-0.492497	-0.713141	
1	1.904297	-0.636121	-0.525312	-0.686644	
1	1.904297	-0.636121	-0.525312	-0.686644	
1	1.903710	-0.634766	-0.526241	-0.685901	
1	1.903710	-0.634766	-0.526241	-0.685901	
1	1.881663	-0.585938	-0.559926	-0.659230	
1	1.881663	-0.585938	-0.559926	-0.659230	
1	1.858315	-0.537109	-0.593759	-0.632971	
1	1.858315	-0.537109	-0.593759	-0.632971	
1	1.855469	-0.531380	-0.597748	-0.629911	
1	1.855469	-0.531380	-0.597748	-0.629911	
1	1.833982	-0.488281	-0.627512	-0.607310	
1	1.833982	-0.488281	-0.627512	-0.607310	
1	1.808315	-0.439453	-0.661316	-0.582152	
1	1.808315	-0.439453	-0.661316	-0.582152	
1	1.806641	-0.436369	-0.663456	-0.580578	
1	1.806641	-0.436369	-0.663456	-0.580578	
1	1.781550	-0.390625	-0.694972	-0.557650	
1	1.781550	-0.390625	-0.694972	-0.557650	
1	1.757812	-0.349360	-0.723385	-0.537398	
1	1.757812	-0.349360	-0.723385	-0.537398	
1	1.753392	-0.341797	-0.728563	-0.533751	
1	1.753392	-0.341797	-0.728563	-0.533751	
1	1.723952	-0.292969	-0.761940	-0.510563	
1	1.723952	-0.292969	-0.761940	-0.510563	
1	1.708984	-0.269009	-0.778238	-0.499448	
1	1.708984	-0.269009	-0.778238	-0.499448	
1	1.693064	-0.244141	-0.795090	-0.488100	
1	1.693064	-0.244141	-0.795090	-0.488100	
1	1.660716	-0.195312	-0.827903	-0.466437	
1	1.660716	-0.195312	-0.827903	-0.466437	
1	1.660156	-0.194481	-0.828456	-0.466077	
1	1.660156	-0.194481	-0.828456	-0.466077	
1	1.626748	-0.146484	-0.860325	-0.445609	
1	1.626748	-0.146484	-0.860325	-0.445609	
1	1.611328	-0.124837	-0.874458	-0.436715	
1	1.611328	-0.124837	-0.874458	-0.436715	
1	1.591109	-0.097656	-0.892227	-0.425698	
1	1.591109	-0.097656	-0.892227	-0.425698	
1	1.562500	-0.059790	-0.916412	-0.411005	
1	1.562500	-0.059790	-0.916412	-0.411005	
1	1.553756	-0.048828	-0.923449	-0.406797	
1	1.553756	-0.048828	-0.923449	-0.406797	
1	1.514580	0.000000	-0.953834	-0.388988	
1	1.514580	0.000000	-0.953834	-0.388988	
1	1.513672	0.001142	-0.954520	-0.388593	
1	1.513672	0.001142	-0.954520	-0.388593	
1	1.473118	0.048828	-0.983333	-0.372287	
1	1.473118	0.048828	-0.983333	-0.372287	
1	1.464844	0.058698	-0.989004	-0.369147	
1	1.464844	0.058698	-0.989004	-0.369147	
1	1.429423	0.097656	-1.011615	-0.356862	
1	1.429423	0.097656	-1.011615	-0.356862	
1	1.416016	0.112853	-1.019869	-0.352476	
1	1.416016	0.112853	-1.019869	-0.352476	
1	1.383286	0.146484	-1.038399	-0.342833	
1	1.383286	0.146484	-1.038399	-0.342833	
1	1.367188	0.163883	-1.047179	-0.338367	
1	1.367188	0.163883	-1.047179	-0.338367	
1	1.334453	0.195312	-1.063336	-0.330338	
1	1.334453	0.195312	-1.063336	-0.330338	
1	1.318359	0.212011	-1.070968	-0.326635	
1	1.318359	0.212011	-1.070968	-0.326635	
1	1.282648	0.244141	-1.085968	-0.319543	
1	1.282648	0.244141	-1.085968	-0.319543	
1	1.269531	0.257387	-1.091238	-0.317115	
1	1.269531	0.257387	-1.091238	-0.317115	
1	1.227701	0.292969	-1.105674	-0.310655	
1	1.227701	0.292969	-1.105674	-0.310655	
1	1.220703	0.300040	-1.107966	-0.309658	
1	1.220703	0.300040	-1.107966	-0.309658	
1	1.171875	0.340097	-1.121133	-0.304117	
1	1.171875	0.340097	-1.121133	-0.304117	
1	1.168940	0.341797	-1.121766	-0.303860	
1	1.168940	0.341797	-1.121766	-0.303860	
1	1.123047	0.379299	-1.130777	-0.300323	
1	1.123047	0.379299	-1.130777	-0.300323	
1	1.100794	0.390625	-1.133732	-0.299229	
1	1.100794	0.390625	-1.133732	-0.299229	
1	1.074219	0.417435	-1.136721	-0.298193	
1	1.074219	0.417435	-1.136721	-0.298193	
1	1.027585	0.439453	-1.138804	-0.297598	
1	1.027585	0.439453	-1.138804	-0.297598	
1	1.033377	0.488281	-1.138360	-0.297157	
1	1.033377	0.488281	-1.138360	-0.297157	
1	1.050722	0.537109	-1.136766	-0.294945	
1	1.050722	0.537109	-1.136766	-0.294945	
1	1.068269	0.585938	-1.134157	-0.290949	
1	1.068269	0.585938	-1.134157	-0.290949	
1	1.074219	0.601090	-1.133139	-0.289323	
1	1.074219	0.601090	-1.133139	-0.289323	
1	1.082938	0.634766	-1.130748	-0.285392	
1	1.082938	0.634766	-1.130748	-0.285392	
1	1.096549	0.683594	-1.126606	-0.278278	
1	1.096549	0.683594	-1.126606	-0.278278	
1	1.109661	0.732422	-1.121799	-0.269620	
1	1.109661	0.732422	-1.121799	-0.269620	
1	1.121961	0.781250	-1.116424	-0.259495	
1	1.121961	0.781250	-1.116424	-0.259495	
1	1.123047	0.785498	-1.115929	-0.258541	
1	1.123047	0.785498	-1.115929	-0.258541	
1	1.133139	0.830078	-1.110575	-0.247991	
1	1.133139	0.830078	-1.110575	-0.247991	
1	1.143628	0.878906	-1.104299	-0.235116	
1	1.143628	0.878906	-1.104299	-0.235116	
1	1.153373	0.927734	-1.097662	-0.220922	
1	1.153373	0.927734	-1.097662	-0.220922	
1	1.162336	0.976562	-1.090723	-0.205461	
1	1.162336	0.976562	-1.090723	-0.205461	
1	1.170512	1.025391	-1.083535	-0.188777	
1	1.170512	1.025391	-1.083535	-0.188777	
1	1.171875	1.034034	-1.082240	-0.185699	
1	1.171875	1.034034	-1.082240	-0.185699	
1	1.178047	1.074219	-1.076136	-0.170891	
1	1.178047	1.074219	-1.076136	-0.170891	
1	1.184886	1.123047	-1.068574	-0.151850	
1	1.184886	1.123047	-1.068574	-0.151850	
1	1.191004	1.171875	-1.060889	-0.131695	
1	1.191004	1.171875	-1.060889	-0.131695	
1	1.196406	1.220703	-1.053118	-0.110461	
1	1.196406	1.220703	-1.053118	-0.110461	
1	1.201105	1.269531	-1.045294	-0.088181	
1	1.201105	1.269531	-1.045294	-0.088181	
1	1.205109	1.318359	-1.037447	-0.064884	
1	1.205109	1.318359	-1.037447	-0.064884	
1	1.208432	1.367188	-1.029603	-0.040599	
1	1.208432	1.367188	-1.029603	-0.040599	
1	1.211083	1.416016	-1.021790	-0.015354	
1	1.211083	1.416016	-1.021790	-0.015354	
1	1.213071	1.464844	-1.014029	0.010825	
1	1.213071	1.464844	-1.014029	0.010825	
1	1.214401	1.513672	-1.006343	0.037915	
1	1.214401	1.513672	-1.006343	0.037915	
1	1.215080	1.562500	-0.998753	0.065891	
1	1.215080	1.562500	-0.998753	0.065891	
1	1.215108	1.611328	-0.991276	0.094730	
1	1.215108	1.611328	-0.991276	0.094730	
1	1.214488	1.660156	-0.983932	0.124412	
1	1.214488	1.660156	-0.983932	0.124412	
1	1.213218	1.708984	-0.976735	0.154914	
1	1.213218	1.708984	-0.976735	0.154914	
1	1.211295	1.757812	-0.969702	0.186218	
1	1.211295	1.757812	-0.969702	0.186218	
1	1.208714	1.806641	-0.962847	0.218305	
1	1.208714	1.806641	-0.962847	0.218305	
1	1.205471	1.855469	-0.956183	0.251156	
1	1.205471	1.855469	-0.956183	0.251156	
1	1.201558	1.904297	-0.949723	0.284756	
1	1.201558	1.904297	-0.949723	0.284756	
1	1.196967	1.953125	-0.943479	0.319087	
1	1.196967	1.953125	-0.943479	0.319087	
1	1.191688	2.001953	-0.937461	0.354136	
1	1.191688	2.001953	-0.937461	0.354136	
1	1.185712	2.050781	-0.931681	0.389888	
1	1.185712	2.050781	-0.931681	0.389888	
1	1.179028	2.099609	-0.926149	0.426330	
1	1.179028	2.099609	-0.926149	0.426330	
1	1.171875	2.146797	-0.921046	0.462193	
1	1.171875	2.146797	-0.921046	0.462193	
1	1.171630	2.148438	-0.920873	0.463453	
1	1.171630	2.148438	-0.920873	0.463453	
1	1.163688	2.197266	-0.915861	0.501262	
1	1.163688	2.197266	-0.915861	0.501262	
1	1.155002	2.246094	-0.911125	0.539727	
1	1.155002	2.246094	-0.911125	0.539727	
1	1.145559	2.294922	-0.906672	0.578840	
1	1.145559	2.294922	-0.906672	0.578840	
1	1.135343	2.343750	-0.902512	0.618593	
1	1.135343	2.343750	-0.902512	0.618593	
1	1.124337	2.392578	-0.898651	0.658977	
1	1.124337	2.392578	-0.898651	0.658977	
1	1.123047	2.397991	-0.898242	0.663491	
1	1.123047	2.397991	-0.898242	0.663491	
1	1.112715	2.441406	-0.895098	0.700002	
1	1.112715	2.441406	-0.895098	0.700002	
1	1.100289	2.490234	-0.891860	0.741648	
1	1.100289	2.490234	-0.891860	0.741648	
1	1.087017	2.539062	-0.888947	0.783909	
1	1.087017	2.539062	-0.888947	0.783909	
1	1.074219	2.583349	-0.886590	0.822768	
1	1.074219	2.583349	-0.886590	0.822768	
1	1.072900	2.587891	-0.886364	0.826784	
1	1.072900	2.587891	-0.886364	0.826784	
1	1.058072	2.636719	-0.884121	0.870277	
1	1.058072	2.636719	-0.884121	0.870277	
1	1.042331	2.685547	-0.882226	0.914378	
1	1.042331	2.685547	-0.882226	0.914378	
1	1.025658	2.734375	-0.880686	0.959088	
1	1.025658	2.734375	-0.880686	0.959088	
1	1.025391	2.735130	-0.880665	0.959784	
1	1.025391	2.735130	-0.880665	0.959784	
1	1.008177	2.783203	-0.879510	1.004411	
1	1.008177	2.783203	-0.879510	1.004411	
1	0.989711	2.832031	-0.878706	1.050346	
1	0.989711	2.832031	-0.878706	1.050346	
1	0.976562	2.865230	-0.878377	1.081929	
1	0.976562	2.865230	-0.878377	1.081929	
1	0.970265	2.880859	-0.878285	1.096897	
1	0.970265	2.880859	-0.878285	1.096897	
1	0.949838	2.929688	-0.878254	1.144069	
1	0.949838	2.929688	-0.878254	1.144069	
1	0.928340	2.978516	-0.878625	1.191868	
1	0.928340	2.978516	-0.878625	1.191868	
1	0.927734	2.979853	-0.878641	1.193186	
1	0.927734	2.979853	-0.878641	1.193186	
1	0.905757	3.027344	-0.879408	1.240303	
1	0.905757	3.027344	-0.879408	1.240303	
1	0.882035	3.076172	-0.880615	1.289383	
1	0.882035	3.076172	-0.880615	1.289383	
1	0.878906	3.082441	-0.880801	1.295732	
1	0.878906	3.082441	-0.880801	1.295732	
1	0.857082	3.125000	-0.882257	1.339123	
1	0.857082	3.125000	-0.882257	1.339123	
1	0.830908	3.173828	-0.884348	1.389535	
1	0.830908	3.173828	-0.884348	1.389535	
1	0.830078	3.175342	-0.884420	1.391109	
1	0.830078	3.175342	-0.884420	1.391109	
1	0.803317	3.222656	-0.886903	1.440643	
1	0.803317	3.222656	-0.886903	1.440643	
1	0.781250	3.260176	-0.889191	1.480395	
1	0.781250	3.260176	-0.889191	1.480395	
1	0.774363	3.271484	-0.889938	1.492464	
1	0.774363	3.271484	-0.889938	1.492464	
1	0.743846	3.320312	-0.893471	1.545028	
1	0.743846	3.320312	-0.893471	1.545028	
1	0.732422	3.338089	-0.894884	1.564349	
1	0.732422	3.338089	-0.894884	1.564349	
1	0.711676	3.369141	-0.897522	1.598369	
1	0.711676	3.369141	-0.897522	1.598369	
1	0.683594	3.409932	-0.901319	1.643538	
1	0.683594	3.409932	-0.901319	1.643538	
1	0.677821	3.417969	-0.902113	1.652514	
1	0.677821	3.417969	-0.902113	1.652514	
1	0.641989	3.466797	-0.907272	1.707524	
1	0.641989	3.466797	-0.907272	1.707524	
1	0.634766	3.476436	-0.908359	1.718480	
1	0.634766	3.476436	-0.908359	1.718480	
1	0.604003	3.515625	-0.913028	1.763455	
1	0.604003	3.515625	-0.913028	1.763455	
1	0.585938	3.538140	-0.915891	1.789547	
1	0.585938	3.538140	-0.915891	1.789547	
1	0.563742	3.564453	-0.919417	1.820366	
1	0.563742	3.564453	-0.919417	1.820366	
1	0.537109	3.595437	-0.923813	1.856996	
1	0.537109	3.595437	-0.923813	1.856996	
1	0.520925	3.613281	-0.926479	1.878344	
1	0.520925	3.613281	-0.926479	1.878344	
1	0.488281	3.648707	-0.932049	1.921105	
1	0.488281	3.648707	-0.932049	1.921105	
1	0.475201	3.662109	-0.934266	1.937497	
1	0.475201	3.662109	-0.934266	1.937497	
1	0.439453	3.698264	-0.940530	1.982100	
1	0.439453	3.698264	-0.940530	1.982100	
1	0.426129	3.710938	-0.942841	1.997969	
1	0.426129	3.710938	-0.942841	1.997969	
1	0.390625	3.744363	-0.949198	2.040167	
1	0.390625	3.744363	-0.949198	2.040167	
1	0.373160	3.759766	-0.952284	2.059941	
1	0.373160	3.759766	-0.952284	2.059941	
1	0.341797	3.787211	-0.957998	2.095453	
1	0.341797	3.787211	-0.957998	2.095453	
1	0.315604	3.808594	-0.962696	2.123653	
1	0.315604	3.808594	-0.962696	2.123653	
1	0.292969	3.826973	-0.966880	2.148073	
1	0.292969	3.826973	-0.966880	2.148073	
1	0.252599	3.857422	-0.974212	2.189417	
1	0.252599	3.857422	-0.974212	2.189417	
1	0.244141	3.863782	-0.975795	2.198113	
1	0.244141	3.863782	-0.975795	2.198113	
1	0.195312	3.897871	-0.984723	2.245783	
1	0.195312	3.897871	-0.984723	2.245783	
1	0.182301	3.906250	-0.987044	2.257809	
1	0.182301	3.906250	-0.987044	2.257809	
1	0.146484	3.929334	-0.993625	2.291145	
1	0.146484	3.929334	-0.993625	2.291145	
1	0.102812	3.955078	-1.001480	2.329541	
1	0.102812	3.955078	-1.001480	2.329541	
1	0.097656	3.958126	-1.002435	2.334112	
1	0.097656	3.958126	-1.002435	2.334112	
1	0.048828	3.984602	-1.011180	2.375047	
1	0.048828	3.984602	-1.011180	2.375047	
1	0.009437	4.003906	-1.018066	2.406162	
1	0.009437	4.003906	-1.018066	2.406162	
1	0.000000	4.008560	-1.019765	2.413696	
1	0.000000	4.008560	-1.019765	2.413696	
1	-0.048828	4.030329	-1.028226	2.450406	
1	-0.048828	4.030329	-1.028226	2.450406	
1	-0.097656	4.049698	-1.036467	2.484920	
1	-0.097656	4.049698	-1.036467	2.484920	
1	-0.106303	4.052734	-1.037860	2.490642	
1	-0.106303	4.052734	-1.037860	2.490642	
1	-0.146484	4.066999	-1.044534	2.517592	
1	-0.146484	4.066999	-1.044534	2.517592	
1	-0.195312	4.082093	-1.052353	2.548251	
1	-0.195312	4.082093	-1.052353	2.548251	
1	-0.244141	4.094999	-1.059891	2.576909	
1	-0.244141	4.094999	-1.059891	2.576909	
1	-0.273855	4.101562	-1.064259	2.593122	
1	-0.273855	4.101562	-1.064259	2.593122	
1	-0.292969	4.105848	-1.067152	2.603703	
1	-0.292969	4.105848	-1.067152	2.603703	
1	-0.341797	4.114692	-1.074120	2.628683	
1	-0.341797	4.114692	-1.074120	2.628683	
1	-0.390625	4.121460	-1.080741	2.651765	
1	-0.390625	4.121460	-1.080741	2.651765	
1	-0.439453	4.126181	-1.086993	2.672979	
1	-0.439453	4.126181	-1.086993	2.672979	
1	-0.488281	4.128875	-1.092854	2.692344	
1	-0.488281	4.128875	-1.092854	2.692344	
1	-0.537109	4.129552	-1.098296	2.709874	
1	-0.537109	4.129552	-1.098296	2.709874	
1	-0.585938	4.128212	-1.103293	2.725571	
1	-0.585938	4.128212	-1.103293	2.725571	
1	-0.634766	4.124848	-1.107815	2.739431	
1	-0.634766	4.124848	-1.107815	2.739431	
1	-0.683594	4.119444	-1.111829	2.751442	
1	-0.683594	4.119444	-1.111829	2.751442	
1	-0.732422	4.111973	-1.115299	2.761584	
1	-0.732422	4.111973	-1.115299	2.761584	
1	-0.781250	4.102403	-1.118185	2.769829	
1	-0.781250	4.102403	-1.118185	2.769829	
1	-0.784793	4.101562	-1.118346	2.770283	
1	-0.784793	4.101562	-1.118346	2.770283	
1	-0.830078	4.090846	-1.120507	2.776313	
1	-0.830078	4.090846	-1.120507	2.776313	
1	-0.878906	4.077130	-1.122173	2.780860	
1	-0.878906	4.077130	-1.122173	2.780860	
1	-0.927734	4.061182	-1.123128	2.783409	
1	-0.927734	4.061182	-1.123128	2.783409	
1	-0.950522	4.052734	-1.123222	2.783659	
1	-0.950522	4.052734	-1.123222	2.783659	
1	-0.976562	4.043060	-1.123368	2.784039	
1	-0.976562	4.043060	-1.123368	2.784039	
1	-1.025391	4.022686	-1.122838	2.782687	
1	-1.025391	4.022686	-1.122838	2.782687	
1	-1.065684	4.003906	-1.121686	2.779805	
1	-1.065684	4.003906	-1.121686	2.779805	
1	-1.074219	3.999906	-1.121446	2.779212	
1	-1.074219	3.999906	-1.121446	2.779212	
1	-1.123047	3.974813	-1.119207	2.773739	
1	-1.123047	3.974813	-1.119207	2.773739	
1	-1.157973	3.955078	-1.116910	2.768226	
1	-1.157973	3.955078	-1.116910	2.768226	
1	-1.171875	3.947150	-1.115983	2.766026	
1	-1.171875	3.947150	-1.115983	2.766026	
1	-1.220703	3.916932	-1.111754	2.756123	
1	-1.220703	3.916932	-1.111754	2.756123	
1	-1.236689	3.906250	-1.110040	2.752164	
1	-1.236689	3.906250	-1.110040	2.752164	
1	-1.269531	3.884016	-1.106429	2.743916	
1	-1.269531	3.884016	-1.106429	2.743916	
1	-1.305951	3.857422	-1.101593	2.733040	
1	-1.305951	3.857422	-1.101593	2.733040	
1	-1.318359	3.848221	-1.099895	2.729263	
1	-1.318359	3.848221	-1.099895	2.729263	
1	-1.367188	3.809429	-1.092069	2.712089	
1	-1.367188	3.809429	-1.092069	2.712089	
1	-1.368179	3.808594	-1.091889	2.711697	
1	-1.368179	3.808594	-1.091889	2.711697	
1	-1.416016	3.767512	-1.082861	2.692320	
1	-1.416016	3.767512	-1.082861	2.692320	
1	-1.424513	3.759766	-1.081051	2.688483	
1	-1.424513	3.759766	-1.081051	2.688483	
1	-1.464844	3.722192	-1.072107	2.669737	
1	-1.464844	3.722192	-1.072107	2.669737	
1	-1.476278	3.710938	-1.069288	2.663897	
1	-1.476278	3.710938	-1.069288	2.663897	
1	-1.513672	3.673226	-1.059655	2.644169	
1	-1.513672	3.673226	-1.059655	2.644169	
1	-1.524151	3.662109	-1.056691	2.638167	
1	-1.524151	3.662109	-1.056691	2.638167	
1	-1.562500	3.620315	-1.045321	2.615405	
1	-1.562500	3.620315	-1.045321	2.615405	
1	-1.568661	3.613281	-1.043338	2.611476	
1	-1.568661	3.613281	-1.043338	2.611476	
1	-1.610206	3.564453	-1.029286	2.583958	
1	-1.610206	3.564453	-1.029286	2.583958	
1	-1.611328	3.563098	-1.028888	2.583188	
1	-1.611328	3.563098	-1.028888	2.583188	
1	-1.649032	3.515625	-1.014563	2.555688	
1	-1.649032	3.515625	-1.014563	2.555688	
1	-1.660156	3.501133	-1.010092	2.547209	
1	-1.660156	3.501133	-1.010092	2.547209	
1	-1.685523	3.466797	-0.999241	2.526817	
1	-1.685523	3.466797	-0.999241	2.526817	
1	-1.708984	3.433838	-0.988589	2.507050	
1	-1.708984	3.433838	-0.988589	2.507050	
1	-1.719893	3.417969	-0.983355	2.497422	
1	-1.719893	3.417969	-0.983355	2.497422	
1	-1.752275	3.369141	-0.966922	2.467541	
1	-1.752275	3.369141	-0.966922	2.467541	
1	-1.757812	3.360505	-0.963962	2.462213	
1	-1.757812	3.360505	-0.963962	2.462213	
1	-1.782804	3.320312	-0.949960	2.437221	
1	-1.782804	3.320312	-0.949960	2.437221	
1	-1.806641	3.280186	-0.935655	2.412031	
1	-1.806641	3.280186	-0.935655	2.412031	
1	-1.811669	3.271484	-0.932511	2.406539	
1	-1.811669	3.271484	-0.932511	2.406539	
1	-1.838923	3.222656	-0.914575	2.375506	
1	-1.838923	3.222656	-0.914575	2.375506	
1	-1.855469	3.191584	-0.902914	2.355589	
1	-1.855469	3.191584	-0.902914	2.355589	
1	-1.864700	3.173828	-0.896181	2.344177	
1	-1.864700	3.173828	-0.896181	2.344177	
1	-1.889065	3.125000	-0.877338	2.312573	
1	-1.889065	3.125000	-0.877338	2.312573	
1	-1.904297	3.092926	-0.864709	2.291656	
1	-1.904297	3.092926	-0.864709	2.291656	
1	-1.912094	3.076172	-0.858060	2.280725	
1	-1.912094	3.076172	-0.858060	2.280725	
1	-1.933862	3.027344	-0.838363	2.248662	
1	-1.933862	3.027344	-0.838363	2.248662	
1	-1.953125	2.981565	-0.819506	2.218400	
1	-1.953125	2.981565	-0.819506	2.218400	
1	-1.954387	2.978516	-0.818243	2.216387	
1	-1.954387	2.978516	-0.818243	2.216387	
1	-1.973801	2.929688	-0.797740	2.183964	
1	-1.973801	2.929688	-0.797740	2.183964	
1	-1.992057	2.880859	-0.776828	2.151360	
1	-1.992057	2.880859	-0.776828	2.151360	
1	-2.001953	2.852890	-0.764648	2.132579	
1	-2.001953	2.852890	-0.764648	2.132579	
1	-2.009243	2.832031	-0.755534	2.118621	
1	-2.009243	2.832031	-0.755534	2.118621	
1	-2.025421	2.783203	-0.733873	2.085776	
1	-2.025421	2.783203	-0.733873	2.085776	
1	-2.040546	2.734375	-0.711825	2.052797	
1	-2.040546	2.734375	-0.711825	2.052797	
1	-2.050781	2.699115	-0.695646	2.028878	
1	-2.050781	2.699115	-0.695646	2.028878	
1	-2.054689	2.685547	-0.689410	2.019721	
1	-2.054689	2.685547	-0.689410	2.019721	
1	-2.067944	2.636719	-0.666661	1.986600	
1	-2.067944	2.636719	-0.666661	1.986600	
1	-2.080235	2.587891	-0.643543	1.953389	
1	-2.080235	2.587891	-0.643543	1.953389	
1	-2.091583	2.539062	-0.620063	1.920101	
1	-2.091583	2.539062	-0.620063	1.920101	
1	-2.099609	2.501627	-0.601797	1.894505	
1	-2.099609	2.501627	-0.601797	1.894505	
1	-2.102046	2.490234	-0.596238	1.886766	
1	-2.102046	2.490234	-0.596238	1.886766	
1	-2.111717	2.441406	-0.572106	1.853442	
1	-2.111717	2.441406	-0.572106	1.853442	
1	-2.120508	2.392578	-0.547627	1.820078	
1	-2.120508	2.392578	-0.547627	1.820078	
1	-2.128438	2.343750	-0.522808	1.786688	
1	-2.128438	2.343750	-0.522808	1.786688	
1	-2.135523	2.294922	-0.497652	1.753282	
1	-2.135523	2.294922	-0.497652	1.753282	
1	-2.141779	2.246094	-0.472166	1.719873	
1	-2.141779	2.246094	-0.472166	1.719873	
1	-2.147219	2.197266	-0.446354	1.686473	
1	-2.147219	2.197266	-0.446354	1.686473	
1	-2.148438	2.184555	-0.439551	1.677743	
1	-2.148438	2.184555	-0.439551	1.677743	
1	-2.151920	2.148438	-0.420249	1.653130	
1	-2.151920	2.148438	-0.420249	1.653130	
1	-2.155843	2.099609	-0.393835	1.619827	
1	-2.155843	2.099609	-0.393835	1.619827	
1	-2.158973	2.050781	-0.367105	1.586560	
1	-2.158973	2.050781	-0.367105	1.586560	
1	-2.161320	2.001953	-0.340064	1.553340	
1	-2.161320	2.001953	-0.340064	1.553340	
1	-2.162888	1.953125	-0.312715	1.520177	
1	-2.162888	1.953125	-0.312715	1.520177	
1	-2.163683	1.904297	-0.285061	1.487081	
1	-2.163683	1.904297	-0.285061	1.487081	
1	-2.163708	1.855469	-0.257106	1.454062	
1	-2.163708	1.855469	-0.257106	1.454062	
1	-2.162964	1.806641	-0.228853	1.421128	
1	-2.162964	1.806641	-0.228853	1.421128	
1	-2.161452	1.757812	-0.200304	1.388289	
1	-2.161452	1.757812	-0.200304	1.388289	
1	-2.159168	1.708984	-0.171461	1.355552	
1	-2.159168	1.708984	-0.171461	1.355552	
1	-2.156110	1.660156	-0.142326	1.322926	
1	-2.156110	1.660156	-0.142326	1.322926	
1	-2.152273	1.611328	-0.112902	1.290418	
1	-2.152273	1.611328	-0.112902	1.290418	
1	-2.148438	1.570864	-0.088268	1.263542	
1	-2.148438	1.570864	-0.088268	1.263542	
1	-2.147666	1.562500	-0.083197	1.258048	
1	-2.147666	1.562500	-0.083197	1.258048	
1	-2.142373	1.513672	-0.053261	1.225872	
1	-2.142373	1.513672	-0.053261	1.225872	
1	-2.136294	1.464844	-0.023050	1.193849	
1	-2.136294	1.464844	-0.023050	1.193849	
1	-2.129417	1.416016	0.007437	1.161984	
1	-2.129417	1.416016	0.007437	1.161984	
1	-2.121725	1.367188	0.038200	1.130286	
1	-2.121725	1.367188	0.038200	1.130286	
1	-2.113203	1.318359	0.069239	1.098761	
1	-2.113203	1.318359	0.069239	1.098761	
1	-2.103829	1.269531	0.100555	1.067415	
1	-2.103829	1.269531	0.100555	1.067415	
1	-2.099609	1.249392	0.113607	1.054487	
1	-2.099609	1.249392	0.113607	1.054487	
1	-2.093732	1.220703	0.132068	1.036336	
1	-2.093732	1.220703	0.132068	1.036336	
1	-2.082867	1.171875	0.163791	1.005515	
1	-2.082867	1.171875	0.163791	1.005515	
1	-2.071103	1.123047	0.195779	0.974907	
1	-2.071103	1.123047	0.195779	0.974907	
1	-2.058412	1.074219	0.228035	0.944517	
1	-2.058412	1.074219	0.228035	0.944517	
1	-2.050781	1.046842	0.246291	0.927527	
1	-2.050781	1.046842	0.246291	0.927527	
1	-2.044910	1.025391	0.260477	0.914430	
1	-2.044910	1.025391	0.260477	0.914430	
1	-2.030628	0.976562	0.293071	0.884684	
1	-2.030628	0.976562	0.293071	0.884684	
1	-2.015341	0.927734	0.325918	0.855192	
1	-2.015341	0.927734	0.325918	0.855192	
1	-2.001953	0.887624	0.353121	0.831138	
1	-2.001953	0.887624	0.353121	0.831138	
1	-1.999084	0.878906	0.358980	0.826001	
1	-1.999084	0.878906	0.358980	0.826001	
1	-1.982083	0.830078	0.392103	0.797250	
1	-1.982083	0.830078	0.392103	0.797250	
1	-1.963979	0.781250	0.425461	0.768797	
1	-1.963979	0.781250	0.425461	0.768797	
1	-1.953125	0.753554	0.444527	0.752759	
1	-1.953125	0.753554	0.444527	0.752759	
1	-1.944915	0.732422	0.458941	0.740745	
1	-1.944915	0.732422	0.458941	0.740745	
1	-1.924916	0.683594	0.492497	0.713141	
1	-1.924916	0.683594	0.492497	0.713141	
1	-1.904297	0.636121	0.525312	0.686644	
1	-1.904297	0.636121	0.525312	0.686644	
1	-1.903710	0.634766	0.526241	0.685901	
1	-1.903710	0.634766	0.526241	0.685901	
1	-1.881663	0.585938	0.559926	0.659230	
1	-1.881663	0.585938	0.559926	0.659230	
1	-1.858315	0.537109	0.593759	0.632971	
1	-1.858315	0.537109	0.593759	0.632971	
1	-1.855469	0.531380	0.597748	0.629911	
1	-1.855469	0.531380	0.597748	0.629911	
1	-1.833982	0.488281	0.627512	0.607310	
1	-1.833982	0.488281	0.627512	0.607310	
1	-1.808315	0.439453	0.661316	0.582152	
1	-1.808315	0.439453	0.661316	0.582152	
1	-1.806641	0.436369	0.663456	0.580578	
1	-1.806641	0.436369	0.663456	0.580578	
1	-1.781550	0.390625	0.694972	0.557650	
1	-1.781550	0.390625	0.694972	0.557650	
1	-1.757812	0.349360	0.723385	0.537398	
1	-1.757812	0.349360	0.723385	0.537398	
1	-1.753392	0.341797	0.728563	0.533751	
1	-1.753392	0.341797	0.728563	0.533751	
1	-1.723952	0.292969	0.761940	0.510563	
1	-1.723952	0.292969	0.761940	0.510563	
1	-1.708984	0.269009	0.778238	0.499448	
1	-1.708984	0.269009	0.778238	0.499448	
1	-1.693064	0.244141	0.795090	0.488100	
1	-1.693064	0.244141	0.795090	0.488100	
1	-1.660716	0.195312	0.827903	0.466437	
1	-1.660716	0.195312	0.827903	0.466437	
1	-1.660156	0.194481	0.828456	0.466077	
1	-1.660156	0.194481	0.828456	0.466077	
1	-1.626748	0.146484	0.860325	0.445609	
1	-1.626748	0.146484	0.860325	0.445609	
1	-1.611328	0.124837	0.874458	0.436715	
1	-1.611328	0.124837	0.874458	0.436715	
1	-1.591109	0.097656	0.892227	0.425698	
1	-1.591109	0.097656	0.892227	0.425698	
1	-1.562500	0.059790	0.916412	0.411005	
1	-1.562500	0.059790	0.916412	0.411005	
1	-1.553756	0.048828	0.923449	0.406797	
1	-1.553756	0.048828	0.923449	0.406797	
1	-1.514580	0.000000	0.953834	0.388988	
1	-1.514580	0.000000	0.953834	0.388988	
1	-1.513672	-0.001142	0.954520	0.388593	
1	-1.513672	-0.001142	0.954520	0.388593	
1	-1.473118	-0.048828	0.983333	0.372287	
1	-1.473118	-0.048828	0.983333	0.372287	
1	-1.464844	-0.058698	0.989004	0.369147	
1	-1.464844	-0.058698	0.989004	0.369147	
1	-1.429423	-0.097656	1.011615	0.356862	
1	-1.429423	-0.097656	1.011615	0.356862	
1	-1.416016	-0.112853	1.019869	0.352476	
1	-1.416016	-0.112853	1.019869	0.352476	
1	-1.383286	-0.146484	1.038399	0.342833	
1	-1.383286	-0.146484	1.038399	0.342833	
1	-1.367188	-0.163883	1.047179	0.338367	
1	-1.367188	-0.163883	1.047179	0.338367	
1	-1.334453	-0.195312	1.063336	0.330338	
1	-1.334453	-0.195312	1.063336	0.330338	
1	-1.318359	-0.212011	1.070968	0.326635	
1	-1.318359	-0.212011	1.070968	0.326635	
1	-1.282648	-0.244141	1.085968	0.319543	
1	-1.282648	-0.244141	1.085968	0.319543	
1	-1.269531	-0.257387	1.091238	0.317115	
1	-1.269531	-0.257387	1.091238	0.317115	
1	-1.227701	-0.292969	1.105674	0.310655	
1	-1.227701	-0.292969	1.105674	0.310655	
1	-1.220703	-0.300040	1.107966	0.309658	
1	-1.220703	-0.300040	1.107966	0.309658	
1	-1.171875	-0.340097	1.121133	0.304117	
1	-1.171875	-0.340097	1.121133	0.304117	
1	-1.168940	-0.341797	1.121766	0.303860	
1	-1.168940	-0.341797	1.121766	0.303860	
1	-1.123047	-0.379299	1.130777	0.300323	
1	-1.123047	-0.379299	1.130777	0.300323	
1	-1.100794	-0.390625	1.133732	0.299229	
1	-1.100794	-0.390625	1.133732	0.299229	
1	-1.074219	-0.417435	1.136721	0.298193	
1	-1.074219	-0.417435	1.136721	0.298193	
1	-1.027585	-0.439453	1.138804	0.297598	
1	-1.027585	-0.439453	1.138804	0.297598	
1	-1.033377	-0.488281	1.138360	0.297157	
1	-1.033377	-0.488281	1.138360	0.297157	
1	-1.050722	-0.537109	1.136766	0.294945	
1	-1.050722	-0.537109	1.136766	0.294945	
1	-1.068269	-0.585938	1.134157	0.290949	
1	-1.068269	-0.585938	1.134157	0.290949	
1	-1.074219	-0.601090	1.133139	0.289323	
1	-1.074219	-0.601090	1.133139	0.289323	
1	-1.082938	-0.634766	1.130748	0.285392	
1	-1.082938	-0.634766	1.130748	0.285392	
1	-1.096549	-0.683594	1.126606	0.278278	
1	-1.096549	-0.683594	1.126606	0.278278	
1	-1.109661	-0.732422	1.121799	0.269620	
1	-1.109661	-0.732422	1.121799	0.269620	
1	-1.121961	-0.781250	1.116424	0.259495	
1	-1.121961	-0.781250	1.116424	0.259495	
1	-1.123047	-0.785498	1.115929	0.258541	
1	-1.123047	-0.785498	1.115929	0.258541	
1	-1.133139	-0.830078	1.110575	0.247991	
1	-1.133139	-0.830078	1.110575	0.247991	
1	-1.143628	-0.878906	1.104299	0.235116	
1	-1.143628	-0.878906	1.104299	0.235116	
1	-1.153373	-0.927734	1.097662	0.220922	
1	-1.153373	-0.927734	1.097662	0.220922	
1	-1.162336	-0.976562	1.090723	0.205461	
1	-1.162336	-0.976562	1.090723	0.205461	
1	-1.170512	-1.025391	1.083535	0.188777	
1	-1.170512	-1.025391	1.083535	0.188777	
1	-1.171875	-1.034034	1.082240	0.185699	
1	-1.171875	-1.034034	1.082240	0.185699	
1	-1.178047	-1.074219	1.076136	0.170891	
1	-1.178047	-1.074219	1.076136	0.170891	
1	-1.184886	-1.123047	1.068574	0.151850	
1	-1.184886	-1.123047	1.068574	0.151850	
1	-1.191004	-1.171875	1.060889	0.131695	
1	-1.191004	-1.171875	1.060889	0.131695	
1	-1.196406	-1.220703	1.053118	0.110461	
1	-1.196406	-1.220703	1.053118	0.110461	
1	-1.201105	-1.269531	1.045294	0.088181	
1	-1.201105	-1.269531	1.045294	0.088181	
1	-1.205109	-1.318359	1.037447	0.064884	
1	-1.205109	-1.318359	1.037447	0.064884	
1	-1.208432	-1.367188	1.029603	0.040599	
1	-1.208432	-1.367188	1.029603	0.040599	
1	-1.211083	-1.416016	1.021790	0.015354	
1	-1.211083	-1.416016	1.021790	0.015354	
1	-1.213071	-1.464844	1.014029	-0.010825	
1	-1.213071	-1.464844	1.014029	-0.010825	
1	-1.214401	-1.513672	1.006343	-0.037915	
1	-1.214401	-1.513672	1.006343	-0.037915	
1	-1.215080	-1.562500	0.998753	-0.065891	
1	-1.215080	-1.562500	0.998753	-0.065891	
1	-1.215108	-1.611328	0.991276	-0.094730	
1	-1.215108	-1.611328	0.991276	-0.094730	
1	-1.214488	-1.660156	0.983932	-0.124412	
1	-1.214488	-1.660156	0.983932	-0.124412	
1	-1.213218	-1.708984	0.976735	-0.154914	
1	-1.213218	-1.708984	0.976735	-0.154914	
1	-1.211295	-1.757812	0.969702	-0.186218	
1	-1.211295	-1.757812	0.969702	-0.186218	
1	-1.208714	-1.806641	0.962847	-0.218305	
1	-1.208714	-1.806641	0.962847	-0.218305	
1	-1.205471	-1.855469	0.956183	-0.251156	
1	-1.205471	-1.855469	0.956183	-0.251156	
1	-1.201558	-1.904297	0.949723	-0.284756	
1	-1.201558	-1.904297	0.949723	-0.284756	
1	-1.196967	-1.953125	0.943479	-0.319087	
1	-1.196967	-1.953125	0.943479	-0.319087	
1	-1.191688	-2.001953	0.937461	-0.354136	
1	-1.191688	-2.001953	0.937461	-0.354136	
1	-1.185712	-2.050781	0.931681	-0.389888	
1	-1.185712	-2.050781	0.931681	-0.389888	
1	-1.179028	-2.099609	0.926149	-0.426330	
1	-1.179028	-2.099609	0.926149	-0.426330	
1	-1.171875	-2.146797	0.921046	-0.462193	
1	-1.171875	-2.146797	0.921046	-0.462193	
1	-1.171630	-2.148438	0.920873	-0.463453	
1	-1.171630	-2.148438	0.920873	-0.463453	
1	-1.163688	-2.197266	0.915861	-0.501262	
1	-1.163688	-2.197266	0.915861	-0.501262	
1	-1.155002	-2.246094	0.911125	-0.539727	
1	-1.155002	-2.246094	0.911125	-0.539727	
1	-1.145559	-2.294922	0.906672	-0.578840	
1	-1.145559	-2.294922	0.906672	-0.578840	
1	-1.135343	-2.343750	0.902512	-0.618593	
1	-1.135343	-2.343750	0.902512	-0.618593	
1	-1.124337	-2.392578	0.898651	-0.658977	
1	-1.124337	-2.392578	0.898651	-0.658977	
1	-1.123047	-2.397991	0.898242	-0.663491	
1	-1.123047	-2.397991	0.898242	-0.663491	
1	-1.112715	-2.441406	0.895098	-0.700002	
1	-1.112715	-2.441406	0.895098	-0.700002	
1	-1.100289	-2.490234	0.891860	-0.741648	
1	-1.100289	-2.490234	0.891860	-0.741648	
1	-1.087017	-2.539062	0.888947	-0.783909	
1	-1.087017	-2.539062	0.888947	-0.783909	
1	-1.074219	-2.583349	0.886590	-0.822768	
1	-1.074219	-2.583349	0.886590	-0.822768	
1	-1.072900	-2.587891	0.886364	-0.826784	
1	-1.072900	-2.587891	0.886364	-0.826784	
1	-1.058072	-2.636719	0.884121	-0.870277	
1	-1.058072	-2.636719	0.884121	-0.870277	
1	-1.042331	-2.685547	0.882226	-0.914378	
1	-1.042331	-2.685547	0.882226	-0.914378	
1	-1.025658	-2.734375	0.880686	-0.959088	
1	-1.025658	-2.734375	0.880686	-0.959088	
1	-1.025391	-2.735130	0.880665	-0.959784	
1	-1.025391	-2.735130	0.880665	-0.959784	
1	-1.008177	-2.783203	0.879510	-1.004411	
1	-1.008177	-2.783203	0.879510	-1.004411	
1	-0.989711	-2.832031	0.878706	-1.050346	
1	-0.989711	-2.832031	0.878706	-1.050346	
1	-0.976562	-2.865230	0.878377	-1.081929	
1	-0.976562	-2.865230	0.878377	-1.081929	
1	-0.970265	-2.880859	0.878285	-1.096897	
1	-0.970265	-2.880859	0.878285	-1.096897	
1	-0.949838	-2.929688	0.878254	-1.144069	
1	-0.949838	-2.929688	0.878254	-1.144069	
1	-0.928340	-2.978516	0.878625	-1.191868	
1	-0.928340	-2.978516	0.878625	-1.191868	
1	-0.927734	-2.979853	0.878641	-1.193186	
1	-0.927734	-2.979853	0.878641	-1.193186	
1	-0.905757	-3.027344	0.879408	-1.240303	
1	-0.905757	-3.027344	0.879408	-1.240303	
1	-0.882035	-3.076172	0.880615	-1.289383	
1	-0.882035	-3.076172	0.880615	-1.289383	
1	-0.878906	-3.082441	0.880801	-1.295732	
1	-0.878906	-3.082441	0.880801	-1.295732	
1	-0.857082	-3.125000	0.882257	-1.339123	
1	-0.857082	-3.125000	0.882257	-1.339123	
1	-0.830908	-3.173828	0.884348	-1.389535	
1	-0.830908	-3.173828	0.884348	-1.389535	
1	-0.830078	-3.175342	0.884420	-1.391109	
1	-0.830078	-3.175342	0.884420	-1.391109	
1	-0.803317	-3.222656	0.886903	-1.440643	
1	-0.803317	-3.222656	0.886903	-1.440643	
1	-0.781250	-3.260176	0.889191	-1.480395	
1	-0.781250	-3.260176	0.889191	-1.480395	
1	-0.774363	-3.271484	0.889938	-1.492464	
1	-0.774363	-3.271484	0.889938	-1.492464	
1	-0.743846	-3.320312	0.893471	-1.545028	
1	-0.743846	-3.320312	0.893471	-1.545028	
1	-0.732422	-3.338089	0.894884	-1.564349	
1	-0.732422	-3.338089	0.894884	-1.564349	
1	-0.711676	-3.369141	0.897522	-1.598369	
1	-0.711676	-3.369141	0.897522	-1.598369	
1	-0.683594	-3.409932	0.901319	-1.643538	
1	-0.683594	-3.409932	0.901319	-1.643538	
1	-0.677821	-3.417969	0.902113	-1.652514	
1	-0.677821	-3.417969	0.902113	-1.652514	
1	-0.641989	-3.466797	0.907272	-1.707524	
1	-0.641989	-3.466797	0.907272	-1.707524	
1	-0.634766	-3.476436	0.908359	-1.718480	
1	-0.634766	-3.476436	0.908359	-1.718480	
1	-0.604003	-3.515625	0.913028	-1.763455	
1	-0.604003	-3.515625	0.913028	-1.763455	
1	-0.585938	-3.538140	0.915891	-1.789547	
1	-0.585938	-3.538140	0.915891	-1.789547	
1	-0.563742	-3.564453	0.919417	-1.820366	
1	-0.563742	-3.564453	0.919417	-1.820366	
1	-0.537109	-3.595437	0.923813	-1.856996	
1	-0.537109	-3.595437	0.923813	-1.856996	
1	-0.520925	-3.613281	0.926479	-1.878344	
1	-0.520925	-3.613281	0.926479	-1.878344	
1	-0.488281	-3.648707	0.932049	-1.921105	
1	-0.488281	-3.648707	0.932049	-1.921105	
1	-0.475201	-3.662109	0.934266	-1.937497	
1	-0.475201	-3.662109	0.934266	-1.937497	
1	-0.439453	-3.698264	0.940530	-1.982100	
1	-0.439453	-3.698264	0.940530	-1.982100	
1	-0.426129	-3.710938	0.942841	-1.997969	
1	-0.426129	-3.710938	0.942841	-1.997969	
1	-0.390625	-3.744363	0.949198	-2.040167	
1	-0.390625	-3.744363	0.949198	-2.040167	
1	-0.373160	-3.759766	0.952284	-2.059941	
1	-0.373160	-3.759766	0.952284	-2.059941	
1	-0.341797	-3.787211	0.957998	-2.095453	
1	-0.341797	-3.787211	0.957998	-2.095453	
1	-0.315604	-3.808594	0.962696	-2.123653	
1	-0.315604	-3.808594	0.962696	-2.123653	
1	-0.292969	-3.826973	0.966880	-2.148073	
1	-0.292969	-3.826973	0.966880	-2.148073	
1	-0.252599	-3.857422	0.974212	-2.189417	
1	-0.252599	-3.857422	0.974212	-2.189417	
1	-0.244141	-3.863782	0.975795	-2.198113	
1	-0.244141	-3.863782	0.975795	-2.198113	
1	-0.195312	-3.897871	0.984723	-2.245783	
1	-0.195312	-3.897871	0.984723	-2.245783	
1	-0.182301	-3.906250	0.987044	-2.257809	
1	-0.182301	-3.906250	0.987044	-2.257809	
1	-0.146484	-3.929334	0.993625	-2.291145	
1	-0.146484	-3.929334	0.993625	-2.291145	
1	-0.102812	-3.955078	1.001480	-2.329541	
1	-0.102812	-3.955078	1.001480	-2.329541	
1	-0.097656	-3.958126	1.002435	-2.334112	
1	-0.097656	-3.958126	1.002435	-2.334112	
1	-0.048828	-3.984602	1.011180	-2.375047	
1	-0.048828	-3.984602	1.011180	-2.375047	
