#REFERENCE 0 43.5419130 -58.9498140
5.1 43.5433274 -58.9507402 0.223085 0.013550 148.09894 4.5000 1.71 
5.1 43.5409170 -58.9504478 0.269824 0.053559 58.47195 4.5000 0.01 
5.1 43.5405923 -58.9503130 0.121001 0.120994 159.42919 4.5000 0.00 
5.2 43.5432625 -58.9507649 0.204572 0.011743 142.92069 4.5000 1.81 
5.2 43.5406101 -58.9503525 0.262226 0.048841 64.82743 4.5000 -0.00 
5.2 43.5409069 -58.9504722 0.113005 0.112998 61.72277 4.5000 -0.00 
6.1 43.5422095 -58.9498796 0.084689 0.037547 99.77120 4.5000 0.50 
6.1 43.5422793 -58.9501181 0.083502 0.056930 77.35009 4.5000 0.06 
6.1 43.5428149 -58.9500164 0.099199 0.070963 90.16603 4.5000 -0.36 
6.1 43.5394981 -58.9493084 0.044657 0.035090 48.63305 4.5000 1.27 
6.1 43.5424801 -58.9497215 0.071006 0.070997 137.85826 4.5000 -0.00 
6.2 43.5422060 -58.9498437 0.089838 0.040555 113.60350 4.5000 0.38 
6.2 43.5424188 -58.9497104 0.093374 0.060881 126.53572 4.5000 -0.10 
6.2 43.5395170 -58.9493291 0.050874 0.039484 36.15682 4.5000 1.03 
6.2 43.5428380 -58.9500603 0.095730 0.081017 125.87590 4.5000 -0.44 
6.2 43.5422812 -58.9501565 0.071999 0.071995 172.69780 4.5000 0.00 
7.1 43.5420793 -58.9498178 0.070117 0.032312 94.66880 4.5000 0.74 
7.1 43.5397305 -58.9493809 0.084973 0.043948 41.84457 4.5000 0.20 
7.1 43.5431426 -58.9501206 0.104095 0.067528 45.35482 4.5000 -0.49 
7.1 43.5420627 -58.9502232 0.077777 0.052752 128.25842 4.5000 0.10 
7.1 43.5423244 -58.9495886 0.067002 0.066999 38.26659 4.5000 -0.00 
7.2 43.5420926 -58.9498130 0.101658 0.044111 108.97086 4.5000 0.59 
7.2 43.5423251 -58.9496027 0.115485 0.074265 109.78849 4.5000 -0.11 
7.2 43.5397080 -58.9493810 0.096402 0.069262 30.37141 4.5000 0.16 
7.2 43.5431121 -58.9501229 0.120672 0.108936 8.76166 4.5000 -0.57 
7.2 43.5420846 -58.9502259 0.088002 0.088000 176.96029 4.5000 -0.00 
