1 -5420.877353 0.043843 84.881520 2.602609 277.538520 0.178138 -67.767700 9.050950 234.971782 0.588552 -42.073417 0.000000
1 -5414.047369 0.644792 49.850626 2.650941 177.181590 0.319478 -53.098833 8.723409 293.537827 0.245387 -67.675239 0.000000
1 -5414.400288 0.658051 25.096304 2.368930 257.130795 0.006358 15.176325 7.748086 325.703682 0.064532 48.619967 0.000000
1 -5414.091746 0.280758 -57.131293 5.879727 218.135731 0.092390 -35.720024 0.325504 248.005398 0.301342 27.954129 0.000000
1 -5414.043887 0.462182 -64.731981 9.100376 191.356242 0.675269 33.120996 3.664603 222.050382 0.634903 -72.125890 0.000000
1 -5414.031720 0.190521 66.223462 8.816094 323.891161 0.544760 -27.362474 1.238758 222.215195 0.265776 49.327638 0.000000
1 -1809.955560 0.750229 -69.698374 0.094131 176.315534 0.474240 41.176150 0.277542 325.653883 0.572771 -16.335190 0.000000
1 -5414.205203 0.369495 71.543465 8.800049 198.321005 0.532367 15.687044 6.318232 328.613958 0.791341 -57.370093 0.000000
1 -5414.028818 0.577728 -20.529196 5.129411 116.843381 0.285355 -45.419547 5.154828 160.356674 0.148584 25.769056 0.000000
1 -5414.146885 0.689205 -66.403796 3.382828 176.876323 0.658259 6.399771 2.865389 147.095095 1.107405 7.695168 0.000000
1 -5414.029622 0.416252 -67.216317 5.082257 231.855742 0.406234 48.052366 8.414806 193.884050 0.145931 26.925292 -1.430783
1 -5414.038560 0.605855 -61.161389 4.684797 183.453695 0.715448 29.337438 5.683730 280.566296 0.165382 -27.973023 -1.430783
1 -3714.078659 0.079878 31.045573 0.119241 339.823750 0.629906 60.456631 0.379885 134.212103 0.214594 -4.074651 -1.430783
1 -5414.061216 0.185166 27.673114 7.957244 223.646921 0.721722 62.591640 2.365990 226.332181 0.155878 -9.294837 -1.430783
1 -5414.896057 0.581295 38.753748 3.488688 303.327800 0.095103 -39.232517 8.430725 189.376960 0.869828 85.988641 -1.430783
1 -5414.031602 0.296101 24.532872 8.447945 142.743035 0.342012 -12.278763 8.225908 330.460999 1.135106 18.025674 -1.430783
1 -1803.173193 0.480988 4.656962 0.808099 327.355897 0.235119 67.155515 4.505841 146.609146 0.190563 -81.544796 -1.430783
1 -5414.103935 0.655991 -19.566578 4.559554 145.349739 0.293935 -67.331868 0.307302 343.610015 0.705919 68.969366 -1.430783
1 -5414.615773 0.382193 84.157010 2.525742 186.713886 0.022884 85.361776 3.923894 277.530089 0.803398 20.293336 -1.430783
1 -5414.032537 0.379357 -82.392969 4.892988 275.460511 0.349294 40.290355 5.764442 175.592232 0.256279 -8.122435 -1.430783
1 -5414.032697 0.299468 -7.391494 0.170427 100.306458 0.489411 -15.844551 1.740406 324.462670 1.151248 -34.219827 -2.674155
1 -5414.028868 0.362329 53.278524 2.381308 181.354405 0.748222 -70.552420 3.125429 320.205707 0.886505 -7.121373 -2.674155
1 -3613.029649 0.055952 33.617735 1.107922 315.932806 0.643739 50.176958 0.861303 158.004564 0.336828 8.810868 -2.674155
1 -5414.061663 0.165028 24.159892 8.045081 217.773966 0.722437 61.178788 2.291802 224.789884 0.208226 -4.731219 -2.674155
1 -5414.056024 0.337106 39.840788 4.091160 226.539734 0.058711 59.744114 3.732686 322.927303 1.113441 -7.522312 -2.674155
1 -5414.345805 0.788572 -73.007128 0.169057 276.305156 0.233887 32.173487 8.533022 219.934729 1.045717 -46.593217 -2.674155
1 -1809.870966 0.587916 -31.188418 1.585311 336.883805 0.184604 -85.135559 0.169789 312.653256 0.071249 -83.063163 -2.674155
1 -5414.042636 0.191594 35.938655 6.965252 222.012215 0.705302 29.272823 3.628733 341.122272 0.358643 42.313234 -2.674155
1 -5414.043236 0.276585 -43.414459 1.361705 132.278153 0.078846 -19.504802 8.484902 197.128402 0.456205 -83.547625 -2.674155
1 -1803.776600 0.708375 63.688255 0.960550 193.986051 0.654498 -11.998337 7.424104 343.886111 0.486876 -33.765331 -2.674155
1 -5414.032502 0.573236 19.807105 7.889288 170.695874 0.023082 -65.095810 6.907842 330.445586 0.373899 76.354284 -3.563903
1 -3613.417651 0.558891 -70.581490 0.731519 151.233097 0.490510 87.680168 9.192554 272.554264 0.915724 -23.164990 -3.563903
1 -1811.650833 0.093773 36.158130 1.334330 311.611876 0.667219 41.882709 0.813543 183.225353 0.346714 18.465594 -3.563903
1 -5414.330880 0.146636 79.270349 5.097863 185.305029 0.582111 -88.516139 7.319039 269.199784 0.875715 28.504053 -3.563903
1 -1806.235400 0.132559 29.228763 0.733626 194.942782 0.427481 -3.005466 4.549712 108.032909 0.900422 -71.999630 -3.563903
1 -1809.067240 0.442087 -33.940237 1.976261 297.910843 0.217499 -66.295335 4.548100 278.355071 0.442281 -22.383796 -3.563903
1 -1813.801129 0.601102 -36.492850 0.032933 276.027205 0.213176 -84.334024 8.116459 258.035944 0.758969 -68.546131 -3.563903
1 -5414.031547 0.080544 39.290936 8.450857 230.819542 0.170945 8.978225 2.515964 190.588434 0.106704 -3.852973 -3.563903
1 -3612.339877 0.327596 -58.675415 0.363181 257.097413 0.070738 33.879611 7.486424 204.582329 0.540724 -9.780518 -3.563903
1 -1803.798185 0.706040 63.808493 0.956831 195.055158 0.650259 -12.541659 7.406874 343.199674 0.483089 -33.630163 -3.563903
1 -5414.029252 0.221426 -6.016982 7.973503 344.857753 0.014485 -57.983019 2.500944 130.184898 0.293233 61.560350 -3.969172
1 -1810.092000 0.362851 -33.302308 1.359952 221.374621 0.675188 38.703762 7.643783 160.377345 0.833638 -36.018810 -3.969172
1 -1809.406631 0.354946 1.467030 1.150729 283.049478 0.788134 -14.978733 1.796519 335.781361 0.400479 79.246832 -3.969172
1 -1809.535667 0.795459 29.453879 0.291364 252.720145 0.280908 -25.900244 0.185832 278.572228 0.687953 58.523095 -3.969172
1 -1815.709567 0.054685 59.657506 1.597033 303.034232 0.265414 -15.545003 3.091763 110.103779 0.581903 64.835698 -3.969172
1 -1815.828288 0.612270 -10.601640 7.469378 330.516262 0.539083 33.446431 1.277263 342.803121 0.568341 -26.412860 -3.969172
1 -1807.579600 0.696936 -55.373176 8.609230 319.765656 0.308517 -77.328081 7.964808 235.387386 0.855590 -6.113577 -3.969172
1 -1813.520345 0.625981 52.565784 1.688476 174.616551 0.156375 -81.934185 1.808082 285.962360 0.577123 8.678024 -3.969172
1 -1810.470984 0.178051 -41.455328 4.157956 335.495323 0.483553 63.798694 5.005402 275.425402 0.499562 5.831611 -3.969172
1 -3612.082442 0.189458 53.513591 3.749949 240.219646 0.517565 87.395109 4.481529 128.531029 0.888354 -4.360485 -3.969172
1 -5415.651776 0.236035 41.855430 0.427086 104.484794 0.551521 88.567084 7.911095 143.616345 1.059658 34.784120 -4.226600
1 -1802.867872 0.384841 -25.653265 2.164113 226.075333 0.653376 39.534844 7.591010 168.013162 0.868939 -46.383467 -4.226600
1 -8.736231 0.442121 -81.765727 0.575126 292.231842 0.725769 16.676909 1.943181 268.757111 0.260281 73.512275 -4.226600
1 -1828.576317 0.765940 25.294751 0.791274 265.473343 0.268505 -23.770465 0.235125 268.067192 0.668544 62.102143 -4.226600
1 -3.361595 0.569370 75.288788 3.497869 340.234206 0.702933 -41.501579 0.491492 309.522614 0.390851 -64.865905 -4.226600
1 -1809.898577 0.567502 -20.767205 7.571466 338.884040 0.603900 51.798631 2.064383 324.257631 0.604647 -34.078725 -4.226600
1 -1808.544541 0.698575 -55.790206 8.586652 319.142031 0.304894 -77.180175 7.962669 235.041582 0.857906 -5.054460 -4.226600
1 -1814.847420 0.631623 50.974468 1.144036 167.454323 0.189984 -79.987163 1.548509 282.840526 0.559295 11.847222 -4.226600
1 -1803.509382 0.128496 -47.378377 1.231958 226.260549 0.212933 -14.421505 8.332709 204.374687 0.676572 -60.139871 -4.226600
1 -8.222502 0.699395 -54.830176 8.510048 318.778399 0.304433 -78.217184 7.948889 234.334945 0.857115 -4.798597 -4.226600
1 -8.620999 0.356706 -34.976919 1.711495 329.865346 0.580557 41.453775 1.805233 213.587043 0.268453 -6.925064 -4.372546
1 -29.739570 0.176948 -24.335975 0.253041 148.176901 0.428240 82.525404 6.461299 206.730402 0.865520 4.346142 -4.372546
1 -7.967020 0.456799 -69.854485 0.671416 307.815011 0.687691 18.625739 2.232167 291.675607 0.202768 74.596966 -4.372546
1 -13.571096 0.106318 40.382073 1.200513 268.485560 0.324450 -43.082721 9.339337 293.241217 0.539321 33.582755 -4.372546
1 -3.717105 0.571100 75.258134 3.659406 339.809493 0.695206 -43.119326 0.354534 307.164223 0.391449 -62.396373 -4.372546
1 -1808.259186 0.498839 34.413303 0.595140 166.511369 0.171485 -79.358968 7.891972 136.375068 0.852902 -21.711283 -4.372546
1 -5414.089283 0.733654 -76.273773 5.063401 320.025575 0.392470 -49.271275 8.270421 294.913819 0.878674 -25.177167 -4.372546
1 -1804.127515 0.741752 16.112766 0.982013 294.104668 0.351649 38.946454 6.465598 244.115549 0.379424 -47.838877 -4.372546
1 -1807.458062 0.112008 -45.622178 0.653800 226.895365 0.337956 21.631456 6.543526 253.986281 0.577819 -48.073649 -4.372546
1 -8.101048 0.703416 -55.433633 8.505532 319.321484 0.308200 -80.078692 7.879822 233.607056 0.852479 -4.843241 -4.372546
1 -7.951912 0.419543 -44.890956 1.758435 336.418100 0.555175 47.440027 1.640380 207.441644 0.249003 -12.719891 -4.503158
1 -11.635871 0.202235 -14.684249 0.053155 143.954105 0.427128 80.217069 6.714689 210.775207 0.848682 3.708271 -4.503158
1 -13.500999 0.173514 -7.524171 4.653250 330.234835 0.110509 -17.240460 7.639175 152.749249 0.744413 66.953512 -4.503158
1 -13.515015 0.099487 40.850538 0.827556 266.450206 0.306282 -41.595862 9.175909 295.008222 0.535223 38.446827 -4.503158
1 -1803.292893 0.660526 39.318711 2.894309 336.205634 0.509724 -67.044701 8.525208 282.075911 0.247718 -68.913441 -4.503158
1 -13.690642 0.332468 88.798585 0.248107 184.428906 0.137240 -40.316031 8.633619 228.285843 0.861808 24.134185 -4.503158
1 -5414.047614 0.069369 83.466840 0.218039 120.696645 0.799292 -60.064247 4.781878 293.108209 0.986214 -2.123624 -4.503158
1 -1803.075250 0.634707 38.226115 1.628323 289.356756 0.736358 -8.037644 7.506930 299.169495 0.213040 -66.276126 -4.503158
1 -13.462690 0.231802 74.062061 4.221726 301.425118 0.490642 45.296991 1.205650 309.627390 0.398532 10.701379 -4.503158
1 -1819.621483 0.307444 3.965292 0.749296 289.926298 0.358118 -86.284796 5.148165 278.438769 0.749117 85.481253 -4.503158
1 -8.327093 0.380727 -37.198760 1.818639 345.617112 0.610232 54.225485 1.902836 218.513722 0.184236 -6.142596 -4.636391
1 -5.228156 0.767877 -64.139201 0.816847 343.362024 0.121093 -25.457852 1.994409 130.040535 0.512746 -82.299030 -4.636391
1 -12.367249 0.147327 -2.885065 4.656281 335.658862 0.116930 -20.388004 7.330490 145.847670 0.736514 72.188224 -4.636391
1 -7.083034 0.293339 -39.294201 0.176118 262.703733 0.419282 -64.453432 1.636779 331.416989 0.872058 74.376682 -4.636391
1 -4.156478 0.685243 8.287998 2.687301 348.862023 0.518544 -61.915678 7.892364 246.894695 0.262895 -45.914685 -4.636391
1 -1810.866584 0.357039 -78.832802 0.412366 228.449793 0.282868 -46.335567 7.573698 280.815739 0.536804 -4.394174 -4.636391
1 -5414.413285 0.744086 -60.265616 1.432377 262.667919 0.765232 -24.178497 5.920941 155.657557 1.049015 40.885809 -4.636391
1 -1817.405696 0.204048 74.901372 1.867676 300.764497 0.620731 -16.706421 7.591798 307.425280 0.229341 6.928365 -4.636391
1 -5.646449 0.286390 -21.295920 1.491987 149.587542 0.056405 50.594922 1.339673 200.768453 0.892102 -24.275720 -4.636391
1 -1805.516249 0.592567 26.704062 1.543509 229.835638 0.256222 -79.992251 6.158149 246.896646 0.695232 -66.918989 -4.636391
1 -6.787180 0.633791 -51.842628 1.106880 329.224730 0.420772 65.547360 4.692149 346.688694 0.021477 -62.822808 -4.725382
1 -4.205668 0.107220 -55.001163 8.944840 333.767254 0.269316 -62.001707 5.845407 223.330061 0.926136 -62.825176 -4.725382
1 -12.587544 0.147293 -3.583241 4.519809 331.589422 0.091786 -21.460185 7.192426 146.378715 0.733280 71.541862 -4.725382
1 -4.565529 0.261766 -46.827982 0.127678 271.033092 0.433090 -64.189877 1.773989 326.477218 0.809610 73.406547 -4.725382
1 -3.443868 0.790270 7.483096 1.401549 340.920718 0.547543 -45.638370 6.809351 291.366601 0.109211 -43.451857 -4.725382
1 -9.778113 0.407150 -82.635567 0.254795 221.682619 0.772780 -8.408938 7.370652 263.097254 0.626145 12.545540 -4.725382
1 -5414.032341 0.167076 12.363060 8.041778 135.132905 0.419375 10.991054 0.913748 180.286151 0.582355 35.181296 -4.725382
1 -1813.707945 0.334525 30.094617 0.933931 127.632211 0.121578 77.070361 4.946306 143.123760 1.056927 12.539088 -4.725382
1 -6.422186 0.247778 -48.469401 2.873344 141.548187 0.079007 11.715903 0.533098 169.843287 0.994943 -13.276508 -4.725382
1 -3.118730 0.664415 7.757992 2.311477 328.448407 0.497459 -75.467091 7.660078 249.377506 0.334011 -44.238273 -4.725382
1 -3.913651 0.745611 -35.777106 0.527065 131.507530 0.360517 53.494205 3.324102 135.344733 1.085113 -58.621225 -4.769964
1 -5.864158 0.103049 -59.958072 8.988742 333.624472 0.293347 -55.621953 5.825100 209.950825 0.943226 -71.681100 -4.769964
1 -8.327639 0.166435 17.123254 3.490103 269.981451 0.116618 -30.903100 7.347319 103.064606 0.824445 -87.419520 -4.769964
1 -1815.506298 0.572149 -86.067894 0.404619 328.122491 0.139572 -62.087023 0.097306 277.822501 0.388818 51.422430 -4.769964
1 -2.872130 0.775017 6.422891 1.290894 345.568134 0.599970 -54.628927 6.566807 320.263509 0.080421 -34.334241 -4.769964
1 -12.612200 0.348875 82.203406 0.568468 228.980599 0.693744 -5.360819 6.975909 243.085549 0.695907 23.954145 -4.769964
1 -10.555347 0.776091 -42.641484 0.225931 227.459222 0.612406 45.258227 0.265420 115.397067 0.912245 8.749658 -4.769964
1 -1811.325456 0.473363 18.638398 1.157719 282.717262 0.592718 31.105821 2.099260 151.968974 0.678822 78.082922 -4.769964
1 -4.342144 0.153095 -14.131787 1.664147 186.078567 0.716468 51.484786 3.457159 104.033766 0.932411 -64.645303 -4.769964
1 -3.420273 0.641718 14.583526 2.037328 344.390400 0.616254 -71.470214 7.650441 231.919875 0.114074 -49.068774 -4.769964
1 -4.751970 0.091081 88.834668 0.492978 140.713166 0.303769 15.286505 7.232598 310.760351 0.804461 -63.176384 -4.842171
1 -5.059479 0.088580 -54.574429 8.940107 329.724264 0.299666 -55.308067 5.767025 217.380344 0.939447 -68.321274 -4.842171
1 -7.997581 0.248034 21.044501 3.496270 290.688634 0.148993 -28.113606 6.524459 108.734547 0.747675 -87.256940 -4.842171
1 -1807.377837 0.233643 -66.568615 0.002662 233.001946 0.692784 -67.901581 9.219807 318.168452 0.630061 75.330087 -4.842171
1 -4.311589 0.717861 10.003137 2.399003 348.212524 0.704834 -56.990323 6.614318 299.899162 0.163811 -54.088650 -4.842171
1 -1812.598560 0.714120 74.120661 0.622192 287.407480 0.791435 44.204204 1.551932 298.611520 0.967803 82.212205 -4.842171
1 -20.037075 0.002693 -61.118999 0.551884 170.170685 0.706721 33.897587 5.543217 341.406621 0.665539 -1.255181 -4.842171
1 -1810.942500 0.530023 75.808573 8.145633 285.814606 0.162212 -83.895323 5.135990 241.090747 0.985032 -71.088702 -4.842171
1 -3.660759 0.168770 -23.772233 0.020707 180.004897 0.033337 -35.823003 1.900901 149.760636 0.710394 -68.407705 -4.842171
1 -4.152190 0.574020 17.300710 1.513262 325.070483 0.650401 -39.454389 6.211604 215.101930 0.094978 88.045026 -4.842171
1 -4.958928 0.033768 -66.971328 0.917502 177.705259 0.258590 23.877793 7.439150 307.144985 0.736839 -72.373055 -4.872715
1 -5.266928 0.091537 -54.740868 8.947853 330.103091 0.297671 -55.585940 5.801679 217.499625 0.938571 -68.876261 -4.872715
1 -6.863085 0.292737 51.875089 2.966511 280.441879 0.243761 -21.210070 6.600792 100.059214 0.743840 -82.513018 -4.872715
1 -3.390096 0.097396 56.394736 2.745835 136.385259 0.566079 -14.742516 2.805146 252.464149 1.040967 -52.001844 -4.872715
1 -4.241421 0.719266 9.794512 2.357680 347.153633 0.704642 -57.194190 6.504032 300.057842 0.164642 -53.370592 -4.872715
1 -1912.942344 0.393254 -82.772623 0.278082 326.337029 0.278854 -17.585389 5.417205 186.538828 0.267114 45.232728 -4.872715
1 -6.559589 0.784087 -75.637244 0.913842 158.056319 0.611922 29.683358 4.364738 342.828500 0.761317 -14.202693 -4.872715
1 -8.694394 0.100307 -87.892159 0.525932 142.077165 0.298028 14.262740 7.295818 311.058706 0.802561 -67.459121 -4.872715
1 -3.392974 0.252854 -45.497409 0.325543 188.968186 0.090188 -44.816347 1.697054 148.646586 0.697641 -59.799848 -4.872715
1 -5.374832 0.028345 74.360444 3.342878 308.614920 0.516737 -32.045218 1.624348 175.587805 0.698597 -72.409403 -4.872715
1 -3.582075 0.175558 50.879573 9.154864 172.398022 0.266000 2.463178 0.563631 312.851890 0.978547 -45.337470 -4.930315
1 -1809.103085 0.251694 -82.231482 8.562612 292.299256 0.320710 -43.455507 6.345779 257.591262 0.974147 -61.362308 -4.930315
1 -7.995366 0.291765 49.123063 3.019010 279.167991 0.255254 -18.482968 7.078449 119.082117 0.745901 -85.232304 -4.930315
1 -3.792768 0.082925 65.344454 3.071143 140.638933 0.565987 -21.144403 2.121303 244.716850 1.053760 -52.938033 -4.930315
1 -6.265854 0.534365 -2.130613 1.411075 307.458228 0.684844 -71.121942 7.205026 286.535892 0.363316 -84.196966 -4.930315
1 -1808.119118 0.763936 -64.818915 0.372417 242.123240 0.326482 73.077332 5.688134 340.440359 0.054629 35.841198 -4.930315
1 -6.594426 0.765531 -71.589912 0.634601 164.593583 0.548231 21.161213 3.301308 310.504965 0.750056 -13.760765 -4.930315
1 -4.001206 0.148294 -87.391480 0.012351 132.607633 0.291552 18.989104 7.550872 308.239543 0.792243 -66.296739 -4.930315
1 -3.540735 0.159106 -55.280673 0.190304 167.509341 0.026519 -34.415156 1.806042 146.912252 0.778200 -62.627010 -4.930315
1 -8.254827 0.698190 -26.012037 2.440286 305.425724 0.588389 -26.497815 2.148933 229.314628 0.713311 -82.852061 -4.930315
1 -6.180258 0.308575 57.088535 1.370656 115.137591 0.359162 -16.391964 2.428608 234.781228 0.910251 -14.707988 -4.931298
1 -3.767161 0.254368 -85.328156 8.714814 300.406402 0.323993 -41.656363 6.490430 255.941699 0.956257 -61.668415 -4.931298
1 -6.996863 0.288523 45.626289 3.031871 281.645884 0.248061 -17.088969 7.164171 122.301341 0.736904 -83.772153 -4.931298
1 -4.369153 0.094209 53.334948 3.154451 145.904485 0.537052 -16.235171 1.786805 251.608100 1.050939 -54.425965 -4.931298
1 -5.612383 0.470980 14.777405 2.222074 299.040727 0.623279 84.503720 7.301756 324.814262 0.366251 -83.252380 -4.931298
1 -4.535554 0.110237 -67.576083 0.151522 132.381082 0.342869 18.853583 7.863869 322.253017 0.834711 -70.719016 -4.931298
1 -4.066255 0.753405 79.273271 0.858090 108.385475 0.516944 46.634267 2.506718 222.653711 1.011559 -50.992601 -4.931298
1 -8.073488 0.372698 49.533838 0.613005 218.896536 0.245391 85.150122 0.749832 239.859646 0.794021 82.111004 -4.931298
1 -5.982857 0.248649 -49.230070 0.031492 198.653052 0.203575 -45.707562 8.858152 132.028243 0.880132 -87.418333 -4.931298
1 -6.386390 0.725378 -24.896179 0.338445 343.231086 0.669861 -36.218663 4.269230 194.399039 0.651309 79.796290 -4.931298
1 -7.513670 0.362077 50.073574 0.952291 115.027862 0.377232 -17.034005 2.610647 243.395018 0.872345 -9.923089 -4.936233
1 -5.351798 0.226363 -81.697144 8.823721 289.972995 0.320515 -40.717193 6.395406 260.157623 0.979559 -69.041630 -4.936233
1 -11.807491 0.322883 20.424276 2.385630 312.062587 0.329692 -0.664290 0.698286 344.351204 0.609035 78.743001 -4.936233
1 -3.526719 0.077742 53.229211 2.979393 156.858252 0.530598 -11.285233 1.635422 250.452757 1.028120 -55.443719 -4.936233
1 -4.490035 0.698213 31.771157 0.285586 189.298907 0.759668 44.842377 8.759655 169.259391 0.684122 -77.687960 -4.936233
1 -4.673078 0.099552 -49.284156 0.403517 142.261849 0.307930 16.288135 7.968661 326.539676 0.827238 -71.291472 -4.936233
1 -8.840244 0.796756 -83.975797 0.220501 120.202536 0.507342 75.783620 1.599888 210.721316 1.003603 -60.699305 -4.936233
1 -223.115550 0.614844 38.709284 0.093890 254.898862 0.165306 -85.524233 0.418517 236.083816 0.713838 59.348224 -4.936233
1 -5.548054 0.178774 -55.724744 1.319267 200.293675 0.270096 -66.791921 0.007690 161.226133 0.889755 -73.524810 -4.936233
1 -6.151324 0.750418 -44.174410 0.119815 343.496309 0.643020 -43.246798 3.404264 210.993834 0.808473 75.780149 -4.936233
1 -1806.219901 0.691370 -88.896157 0.687013 282.582128 0.306247 18.179462 9.172584 147.123927 0.176295 -14.216249 -5.033921
1 -1814.713110 0.669449 -40.378722 2.219731 302.627654 0.547941 -29.158940 7.219484 158.590158 0.636209 59.239805 -5.033921
1 -15.821959 0.272263 16.762815 2.752981 311.987269 0.286240 0.769267 0.787941 330.837104 0.607181 73.526196 -5.033921
1 -18.349649 0.595893 66.062593 0.133840 161.177111 0.496369 -26.618463 7.752582 339.254627 0.696817 -85.354227 -5.033921
1 -5.402581 0.456632 11.153497 0.097256 219.266439 0.728379 26.804688 2.599477 139.422874 0.750121 -88.702366 -5.033921
1 -1809.252813 0.161787 -87.227394 2.763643 345.874835 0.691872 15.798402 1.539042 344.461234 0.646292 -86.291292 -5.033921
1 -10.415941 0.453610 11.115211 2.224624 300.000405 0.718582 -23.600854 4.088035 219.160263 0.565804 78.361443 -5.033921
1 -7.875779 0.784429 -88.776632 0.660624 186.804351 0.746270 54.688711 2.384625 235.985209 0.654890 -4.916052 -5.033921
1 -5.688323 0.196938 25.151423 0.011483 268.880691 0.016996 -63.095348 8.813497 177.410275 0.665204 69.481597 -5.033921
1 -10.528604 0.729334 -25.478000 0.620874 344.159980 0.594267 13.984524 3.182358 228.458947 0.723853 78.369716 -5.033921
1 -5.364582 0.789824 -86.785028 0.212458 249.600000 0.344054 17.387934 0.598979 142.257167 0.188499 -23.859427 -5.035429
1 -13.574004 0.672502 -33.561405 2.152744 294.866181 0.538973 -27.957886 7.276011 168.821400 0.672869 65.892055 -5.035429
1 -10.904918 0.212363 25.794150 2.489735 301.196786 0.229615 15.345820 0.615782 276.273377 0.650967 81.064267 -5.035429
1 -6.532473 0.628388 34.492460 0.437807 198.356117 0.564121 -33.291224 7.460331 132.832537 0.730324 89.472854 -5.035429
1 -5.808697 0.503801 27.204279 0.788310 235.803468 0.611768 9.422686 2.594152 105.979580 0.643057 -85.920047 -5.035429
1 -8.709083 0.123504 -72.452189 2.654304 338.254127 0.752071 15.077839 1.066724 347.426662 0.630017 -89.386783 -5.035429
1 -12.550835 0.193138 -89.483950 0.290139 278.652439 0.055599 9.301543 4.743693 116.007994 0.615320 36.937573 -5.035429
1 -5.789396 0.497946 53.094942 0.784005 177.373501 0.390055 67.985820 1.650224 254.015154 0.800859 -83.153952 -5.035429
1 -9.123477 0.244352 -34.277533 1.040227 227.233848 0.557474 -59.159873 2.514940 188.581291 0.826171 86.042952 -5.035429
1 -8.595021 0.680245 -52.223940 0.529581 342.296973 0.721673 12.875567 2.776041 263.715220 0.727489 74.782815 -5.035429
1 -1809.403692 0.780072 -64.063649 0.878909 299.691288 0.316417 26.637718 8.634923 186.890643 0.103215 13.728541 -5.075611
1 -9.742236 0.227861 49.453682 0.777073 240.363192 0.375439 63.281595 4.728781 294.642027 0.602827 74.781994 -5.075611
1 -12.174939 0.114556 27.012937 3.689681 309.808551 0.213540 14.937743 1.034956 263.362523 0.752205 77.752559 -5.075611
1 -5.372316 0.257791 -33.258724 0.334999 179.730011 0.416007 -36.871405 7.834280 175.876245 0.856587 -78.501984 -5.075611
1 -7.027366 0.411107 30.499285 0.757640 229.692771 0.546955 2.287985 2.924588 338.461174 0.613137 84.595403 -5.075611
1 -13.956831 0.545634 85.552841 9.272615 242.939726 0.038743 -4.768348 5.819895 327.696161 0.965886 69.058904 -5.075611
1 -14.967759 0.757560 83.529958 0.006350 253.283937 0.090360 23.530532 3.910544 106.790379 0.762674 28.274589 -5.075611
1 -3.767015 0.594438 5.793431 0.394503 207.014365 0.412562 68.926331 2.384423 232.372165 0.568666 -67.622514 -5.075611
1 -6.123850 0.382239 -51.096953 0.446719 291.092080 0.435273 81.749284 1.411402 156.590499 0.582078 81.485214 -5.075611
1 -3.851454 0.639364 -70.722322 0.147665 308.509267 0.757697 10.064617 1.972775 312.258862 0.797439 71.621472 -5.075611
1 -5.652776 0.765663 -76.285444 0.164116 300.007221 0.352295 31.350097 8.550843 170.761387 0.087559 12.174175 -5.078900
1 -12.295343 0.198944 51.000876 0.820857 238.488218 0.436850 55.263166 4.714650 319.228071 0.681206 73.530822 -5.078900
1 -14.685609 0.779720 13.786770 2.449436 293.329656 0.200134 18.074484 0.927883 199.916410 0.683593 66.357376 -5.078900
1 -5.408917 0.306296 -15.868978 0.745274 153.671400 0.463655 -13.772794 8.582649 198.634430 0.953220 -74.132130 -5.078900
1 -15.289824 0.510292 13.320023 1.019586 244.439137 0.488867 31.580274 3.498201 338.595421 0.709523 71.342531 -5.078900
1 -12.577981 0.507819 88.200589 9.281325 243.291158 0.054092 -14.952372 5.692221 337.784296 0.969670 76.007053 -5.078900
1 -13.027303 0.032020 83.404634 2.294692 318.441987 0.029400 46.221981 4.593741 150.394466 0.506842 31.156448 -5.078900
1 -3.854802 0.551656 24.281070 0.989282 211.851140 0.299987 80.853119 2.453961 242.571316 0.511374 -65.573806 -5.078900
1 -6.584091 0.376813 -49.729287 0.487272 292.768078 0.424575 83.244070 1.319536 153.655971 0.573789 79.955901 -5.078900
1 -14.475013 0.012645 58.365553 0.253846 192.378632 0.257428 74.040014 0.880239 330.195146 0.426330 41.678074 -5.078900
1 -5.682767 0.767093 -75.610065 0.195662 298.675787 0.356243 31.237067 8.503529 174.429110 0.087676 12.029441 -5.138646
1 -13.878651 0.124134 48.239005 0.023933 196.314095 0.501321 56.750750 3.470516 330.925689 0.634551 34.190856 -5.138646
1 -7.133495 0.003177 4.611816 3.927723 255.509379 0.234566 27.817684 0.900483 237.741073 0.674958 -10.446363 -5.138646
1 -7.367184 0.173293 9.595076 1.166752 136.697598 0.311729 -6.185372 2.632833 228.676683 1.045064 -84.518402 -5.138646
1 -8.465690 0.002026 -17.302630 0.488721 248.660731 0.617044 38.855696 4.830281 154.778504 0.743555 78.755221 -5.138646
1 -10.661956 0.368083 -64.648014 0.292969 267.961000 0.769964 -14.362517 5.753992 287.905391 0.894323 67.465423 -5.138646
1 -12.803861 0.065746 78.952963 2.780906 335.342652 0.755878 35.134842 4.230682 172.693019 0.519636 28.100082 -5.138646
1 -6.341649 0.455873 33.004519 0.366796 234.629131 0.312709 -50.215833 1.174412 288.813661 0.672079 77.956512 -5.138646
1 -1808.119567 0.288392 81.144854 7.078868 319.735520 0.324984 -81.007131 1.921427 328.422952 0.534048 -36.535848 -5.138646
1 -9.068092 0.698782 69.083305 0.934222 164.637133 0.165380 -41.769351 2.640373 314.367708 0.419450 7.464515 -5.138646
1 -5.650605 0.775075 -74.212033 0.137542 303.942711 0.362080 34.273461 8.499612 169.449386 0.079757 9.342413 -5.189861
1 -12.964281 0.103542 17.210100 2.476854 211.674147 0.512298 68.514700 6.695788 292.736631 0.753886 23.051565 -5.189861
1 -7.884038 0.014966 -4.593765 3.617213 260.328154 0.306933 33.638971 0.302339 218.429041 0.666274 -7.490194 -5.189861
1 -17.266939 0.365828 83.221104 1.426043 312.318708 0.209488 -18.746447 0.102661 133.402765 0.024409 37.481052 -5.189861
1 -5.481007 0.743095 -10.996354 0.088779 256.337059 0.015151 75.655042 4.659486 181.669103 0.811677 -86.128006 -5.189861
1 -11.128496 0.482859 -60.004387 0.206379 245.245665 0.028037 13.319230 6.554296 299.544264 0.842629 78.607823 -5.189861
1 -5.139986 0.319729 7.416559 0.932304 319.470448 0.654656 21.609316 6.071514 162.532919 0.309074 72.850124 -5.189861
1 -6.339826 0.714544 -60.790502 0.382186 296.145092 0.006105 56.909449 1.290207 205.547811 0.732902 87.956883 -5.189861
1 -1812.599099 0.270956 44.855739 4.167142 106.610455 0.010575 -82.685382 2.515958 336.604760 0.828765 -23.189678 -5.189861
1 -9.386694 0.755107 80.680922 1.588128 217.752902 0.748847 12.565608 0.451754 265.400168 0.512126 7.765578 -5.189861
1 -5.273001 0.077108 -43.278050 3.878989 187.870242 0.072610 -49.531198 2.092900 215.934000 0.895345 -19.365115 -5.192019
1 -8.023129 0.068597 -21.728355 2.511879 268.953576 0.374068 66.697119 4.120354 260.410793 0.687115 -87.530235 -5.192019
1 -13.034402 0.038131 -15.901695 3.984446 270.427160 0.356310 33.594156 0.631080 216.271653 0.690549 7.865026 -5.192019
1 -8.885232 0.689483 84.046035 0.117278 251.366781 0.035490 -27.481410 0.805074 112.637952 0.931610 73.153626 -5.192019
1 -7.959112 0.400796 17.600430 0.992278 302.000066 0.244325 78.408893 5.766564 184.179649 0.368623 69.428150 -5.192019
1 -8.716726 0.529654 -66.255482 0.063301 250.872909 0.001728 12.318321 6.378607 294.829070 0.823679 72.685595 -5.192019
1 -5.022528 0.355734 17.662035 0.393840 309.686114 0.344833 -40.619838 7.213106 163.812764 0.718023 46.580384 -5.192019
1 -7.181426 0.732762 -67.735543 0.652710 282.646865 0.049931 66.154848 2.332649 256.678058 0.695316 -89.501052 -5.192019
1 -7.663003 0.264204 46.187684 3.973148 109.894755 0.047640 -80.830445 3.306681 335.543622 0.792858 -16.852227 -5.192019
1 -6.924963 0.702779 77.629175 0.889940 197.576313 0.267236 65.721545 7.240129 115.024584 0.537331 -12.962014 -5.192019
1 -7.445714 0.305133 -10.081937 2.295308 226.448266 0.036844 42.235319 4.917215 141.313353 0.841661 -83.151783 -5.195024
1 -6.907084 0.531246 21.483264 1.685023 333.999082 0.234245 -0.222831 7.744650 261.419847 0.221306 64.166304 -5.195024
1 -19.160143 0.212272 27.505626 4.162540 336.486717 0.161263 9.924127 3.703896 191.836968 0.705401 52.619086 -5.195024
1 -6.232637 0.610502 87.627864 0.146661 265.861471 0.019342 -18.519957 0.257670 344.626170 1.006581 65.543710 -5.195024
1 -6.743239 0.397474 21.151904 1.052060 299.991294 0.131821 67.463218 6.141092 168.253912 0.394426 76.688767 -5.195024
1 -6.088892 0.600758 77.769617 0.369724 287.714474 0.094495 2.256868 6.038585 106.934900 0.638349 59.239178 -5.195024
1 -4.518643 0.335175 23.215468 0.551097 316.004161 0.318720 -45.899852 7.756976 164.985375 0.629188 57.767584 -5.195024
1 -3.272010 0.778903 -85.279452 1.098243 271.157884 0.761150 73.344577 2.419499 256.641796 0.558883 -72.687692 -5.195024
1 -5.033140 0.262237 46.650233 4.102085 102.145910 0.083224 -81.154374 2.802938 331.543001 0.803301 -25.426659 -5.195024
1 -8.061467 0.690389 79.552347 1.148377 181.000770 0.317553 40.215398 7.740917 131.669509 0.754443 -9.140629 -5.195024
1 -8.261917 0.313153 -9.633305 1.867449 214.532100 0.105254 50.199592 4.832554 136.925268 0.859446 -88.440344 -5.199860
1 -4.850411 0.554797 25.648119 1.349389 304.851902 0.311724 -31.445566 8.269970 252.955359 0.151338 66.463713 -5.199860
1 -12.457120 0.175692 21.727636 5.070859 329.468663 0.222622 -1.678362 4.650237 171.551314 0.786841 73.052516 -5.199860
1 -25.107486 0.465600 78.733447 0.071347 248.911759 0.797694 -18.628035 2.112075 118.320957 0.949497 34.598266 -5.199860
1 -17.954328 0.347843 -18.731357 1.353346 273.553693 0.639903 77.969298 5.628372 161.666969 0.721253 57.239587 -5.199860
1 -10.317541 0.580155 81.723785 1.042890 303.742425 0.071085 -5.261646 6.182245 122.752221 0.665935 72.172620 -5.199860
1 -12.922022 0.026425 37.649496 9.017483 274.604453 0.170016 50.102430 3.735909 234.476036 1.004177 77.849637 -5.199860
1 -15.247135 0.730894 -88.926652 1.521262 335.510275 0.400572 79.954979 3.405112 173.781366 0.439915 56.623004 -5.199860
1 -6.128136 0.300693 54.021846 5.018095 101.170517 0.055051 83.248309 2.779857 345.123276 0.796758 -25.444888 -5.199860
1 -9.196842 0.655649 -89.209558 1.207853 204.980890 0.230332 40.942243 7.309535 125.716111 0.748038 4.530533 -5.199860
1 -16.261212 0.166798 -66.262742 0.999697 123.267184 0.122209 34.087616 5.321134 170.258657 1.068293 31.197879 -5.208041
1 -9.900432 0.580619 84.909333 1.341400 299.997142 0.415788 0.472081 0.861808 267.108906 0.227268 51.758837 -5.208041
1 -13.165866 0.163842 19.784277 5.076569 327.066722 0.221581 -0.618953 4.643443 172.117631 0.792124 70.856119 -5.208041
1 -4.547690 0.436019 42.274416 0.404444 345.054001 0.788653 47.805827 8.321330 329.725772 1.036093 66.083232 -5.208041
1 -18.557865 0.364431 -16.404052 1.306903 273.826972 0.640354 76.977198 5.606271 161.705050 0.711897 54.895261 -5.208041
1 -9.503545 0.602868 73.336388 1.626218 307.111668 0.107658 6.432925 6.409620 104.290698 0.645407 77.438883 -5.208041
1 -8.400961 0.018878 36.640529 0.048185 258.558402 0.213725 38.478375 4.692452 229.665523 0.994192 69.162566 -5.208041
1 -15.089856 0.700051 88.698788 1.698773 342.643209 0.372974 67.563215 3.134412 173.286945 0.443347 60.422448 -5.208041
1 -5.597841 0.280309 72.009004 4.800747 100.005383 0.027645 85.039964 2.391522 337.636763 0.781879 -23.803649 -5.208041
1 -4.995595 0.023988 53.502395 1.133515 233.150462 0.252657 1.725326 9.214162 122.407395 0.631939 -74.208789 -5.208041
1 -6.436987 0.197994 -75.915160 0.110741 288.918249 0.131060 51.479873 5.511114 207.845429 0.836177 47.583937 -5.225149
1 -12.716385 0.501144 47.533001 0.814227 208.948082 0.400134 -25.459545 1.124319 342.488991 0.298936 31.621526 -5.225149
1 -8.890536 0.165563 20.570047 5.219847 326.039460 0.222091 -11.043175 3.964006 177.446310 0.792363 88.108482 -5.225149
1 -7.292122 0.567285 88.561505 0.093957 289.888029 0.635351 -85.628449 6.405398 227.878414 1.068834 50.779703 -5.225149
1 -15.711562 0.660466 9.914262 1.349202 278.585345 0.559954 28.699710 8.743240 325.479117 0.621214 62.121507 -5.225149
1 -30.966311 0.603999 76.133712 1.788727 314.745684 0.111173 4.773659 6.347630 104.538170 0.636484 80.109807 -5.225149
1 -18.258902 0.793376 25.441379 0.055965 253.788255 0.202870 33.730505 5.535999 218.003318 1.040656 64.852053 -5.225149
1 -7.010763 0.782058 -77.895578 0.111878 292.523069 0.232825 75.867271 3.699665 198.447818 0.231250 35.372781 -5.225149
1 -6.238177 0.307334 82.031524 4.821006 111.343610 0.053572 83.007394 2.000905 346.820942 0.718329 -23.373428 -5.225149
1 -3.317210 0.763360 4.680531 1.372018 264.119992 0.414625 35.671116 1.086278 280.850644 0.549136 -57.285748 -5.225149
1 -6.595982 0.243580 -58.506875 0.379765 271.189041 0.009983 -77.462734 6.267361 239.641392 0.537947 76.236731 -5.257796
1 -14.111423 0.422591 53.172309 1.043099 218.922360 0.339078 -26.050950 0.668803 325.731743 0.390742 41.898136 -5.257796
1 -8.814703 0.167815 18.769521 5.200946 327.091373 0.211680 -10.691189 3.963717 174.599875 0.787076 88.550017 -5.257796
1 -9.379060 0.662506 -78.571032 0.070227 308.845997 0.663781 -68.475299 5.732454 230.970831 1.106862 47.283179 -5.257796
1 -11.141432 0.092053 -38.532661 0.355719 159.664158 0.526333 77.486458 1.400951 241.633137 0.651384 16.776864 -5.257796
1 -9.964059 0.746680 16.736925 1.061669 278.698519 0.695043 49.434679 7.175672 336.856222 0.579776 77.546608 -5.257796
1 -22.372546 0.748517 23.605634 0.117866 252.147791 0.230351 31.944408 5.667185 219.667907 1.052837 70.821481 -5.257796
1 -7.528216 0.795591 -80.052274 0.506258 310.783917 0.190903 72.274933 3.748858 195.556913 0.214937 28.497949 -5.257796
1 -4.593148 0.336206 58.390696 4.658904 121.407245 0.726158 89.323551 1.301848 313.122097 0.635386 -33.803950 -5.257796
1 -5.762131 0.766638 -8.483331 0.642884 282.061781 0.510578 23.630557 5.048696 244.282394 0.642726 -83.343090 -5.257796
1 -8.954207 0.197041 -69.607755 0.803696 276.881759 0.045732 85.313056 4.547412 215.342066 0.613444 78.147546 -5.330478
1 -12.404880 0.482409 63.410676 1.306425 228.912444 0.299866 -25.195488 1.085497 333.263884 0.393959 44.439041 -5.330478
1 -8.005408 0.176889 4.349057 4.576554 329.459133 0.261770 1.600826 5.021863 159.355319 0.719735 -85.816339 -5.330478
1 -27.551063 0.556600 89.082355 0.041286 153.737417 0.438247 76.186592 7.371251 156.587746 1.088973 27.190543 -5.330478
1 -9.808485 0.065536 -49.221940 0.204012 173.455438 0.636714 32.558210 1.045556 244.604011 0.672996 8.627183 -5.330478
1 -3.778932 0.228512 33.046535 0.493825 317.355362 0.026207 61.173361 2.004532 291.735647 0.878885 67.405419 -5.330478
1 -47.268377 0.759381 24.336008 0.030728 248.659992 0.240474 34.414990 5.714270 224.757031 1.041019 69.554008 -5.330478
1 -7.537376 0.531585 -67.396778 0.528767 301.282905 0.124140 52.464344 7.961858 177.688832 0.042679 24.243235 -5.330478
1 -6.505195 0.306964 83.510466 4.684233 110.393459 0.745815 75.653722 0.086321 347.953412 0.679701 -34.422712 -5.330478
1 -6.985830 0.731722 -4.611207 0.650279 268.988970 0.558973 28.275708 4.380336 250.519480 0.688129 -89.202172 -5.330478
1 -6.975098 0.102991 -83.847267 0.845954 285.620226 0.092132 -89.083672 3.791312 216.524839 0.478386 77.691209 -5.459649
1 -10.966532 0.722077 80.121838 0.488431 209.789623 0.381605 -48.794855 0.045696 125.735235 0.373920 -7.117980 -5.459649
1 -3.758578 0.240714 -17.864710 2.974321 302.485147 0.343172 -5.395434 7.655270 161.890879 0.663272 -55.653831 -5.459649
1 -26.773045 0.640111 84.494370 0.425723 200.935402 0.284497 81.710060 9.072098 135.775460 1.006711 32.519327 -5.459649
1 -9.902786 0.071855 -43.253072 0.193899 160.667322 0.602750 24.420136 0.500138 251.168725 0.698776 11.135906 -5.459649
1 -3.368633 0.256499 11.032221 0.302018 327.578150 0.013824 68.137079 1.549586 273.678992 0.881537 55.688976 -5.459649
1 -9.945279 0.584697 8.956572 0.437360 297.886611 0.483677 51.458085 5.595496 278.067193 0.654778 68.996705 -5.459649
1 -9.312898 0.441461 -66.648398 1.417262 332.416720 0.796221 53.012596 8.261214 146.756670 0.263369 14.155292 -5.459649
1 -11.994167 0.537654 -28.500881 1.903535 309.875683 0.747222 66.899663 2.924414 306.313485 0.318397 19.488219 -5.459649
1 -5.679431 0.770378 8.138115 0.719618 265.938791 0.540382 19.065747 4.172885 264.171106 0.635020 -81.393411 -5.459649
1 -7.504981 0.113903 84.969661 0.911687 291.475247 0.059413 73.071377 3.351624 230.730505 0.458912 74.628795 -5.718118
1 -7.994677 0.713720 73.236877 0.070153 191.715531 0.363503 -37.992452 9.140462 130.116401 0.306677 -6.470549 -5.718118
1 -13.061322 0.378732 -75.075635 0.753029 283.284430 0.519867 -41.732011 7.910064 137.253347 0.597824 29.656536 -5.718118
1 -13.238399 0.797927 -78.744360 0.682136 211.976235 0.324340 32.476698 9.138291 160.258259 0.901552 10.364425 -5.718118
1 -3.636786 0.527851 59.608604 5.599627 264.767893 0.684210 76.871382 0.108784 179.058424 0.841758 -45.168210 -5.718118
1 -3.616586 0.202431 -11.469907 0.511634 346.638538 0.752785 59.841993 0.226815 303.453706 0.877978 56.675675 -5.718118
1 -20.460509 0.609366 17.658424 2.077824 331.125716 0.382947 9.079004 4.803424 277.869607 0.503778 50.602052 -5.718118
1 -9.472005 0.527121 -70.520520 1.184608 314.999784 0.776302 64.133116 7.557538 135.268793 0.302101 20.880179 -5.718118
1 -6.716960 0.595218 -27.949919 1.238016 296.724979 0.001529 -86.429873 1.068230 324.115454 0.170603 -43.011999 -5.718118
1 -13.039514 0.010410 12.069209 2.021121 203.429981 0.400525 69.405416 4.927834 207.067028 0.910278 71.625227 -5.718118
1 -6.470765 0.065441 11.734220 0.763078 299.076854 0.084213 72.321540 7.682151 226.040604 0.424845 69.773693 -6.204234
1 -17.845867 0.628078 80.851051 0.025595 215.881894 0.427704 -39.501237 9.161245 157.298105 0.287770 -1.910385 -6.204234
1 -3.799629 0.527633 77.363518 5.658637 265.114140 0.734069 55.638463 0.140253 168.119070 0.886188 -35.877568 -6.204234
1 -16.435352 0.713279 -58.447182 0.731946 215.295750 0.309745 59.193922 0.548369 143.200407 0.909183 28.069279 -6.204234
1 -4.129308 0.558847 -85.714964 5.682985 260.446268 0.793432 33.960162 9.207121 150.784627 0.950029 -28.236173 -6.204234
1 -3.025623 0.228964 -10.179722 0.526549 340.750802 0.751816 68.812222 0.388880 292.481850 0.830694 70.265966 -6.204234
1 -15.996884 0.610869 14.878976 1.596482 331.428973 0.241451 -19.643197 6.271621 273.237190 0.352516 57.277673 -6.204234
1 -8.812651 0.532145 -83.256116 0.535523 303.981853 0.737473 70.710804 7.163212 150.987948 0.322808 48.315784 -6.204234
1 -7.114935 0.588223 -29.653720 0.774750 285.699087 0.726743 75.572090 0.699388 279.908237 0.079449 -38.631196 -6.204234
1 -9.207759 0.748949 22.221070 1.870714 216.323736 0.379530 68.671442 4.446168 237.902572 0.803443 85.769311 -6.204234
1 -6.803686 0.017984 63.191380 0.661035 285.014920 0.173937 71.799253 8.828805 218.297714 0.506646 73.871030 -6.695130
1 -8.476115 0.677158 75.236535 0.553222 247.890489 0.443244 -37.912331 9.198760 127.211664 0.050228 22.999822 -6.695130
1 -4.890333 0.505366 60.548195 6.275787 319.360558 0.789380 81.105407 0.195102 326.073659 0.667437 -61.308304 -6.695130
1 -4.115631 0.546779 84.083212 5.222288 258.708004 0.705651 56.338481 8.944749 175.381837 0.871668 -27.725806 -6.695130
1 -4.859060 0.486534 89.761888 5.998088 238.302033 0.787574 39.279281 9.197337 156.612038 0.992902 -22.844704 -6.695130
1 -3.076292 0.237096 -12.068378 0.445052 348.608488 0.748918 64.633690 0.340704 293.589617 0.785878 68.601312 -6.695130
1 -17.807752 0.730066 7.073253 1.073683 332.740203 0.471692 -19.662373 7.250614 257.576516 0.463991 63.008522 -6.695130
1 -8.596821 0.532750 -74.397349 0.700657 307.239447 0.096393 65.439427 6.471037 126.031416 0.267268 33.285678 -6.695130
1 -7.897282 0.181651 25.711536 1.109479 184.435532 0.716223 81.643129 1.814130 191.665173 0.899120 -89.166033 -6.695130
1 -8.246594 0.620304 -9.845564 0.302917 210.247432 0.511945 64.343027 4.384617 288.043821 0.876687 87.047276 -6.695130
1 -13.003626 0.059360 61.780772 0.953921 265.670672 0.166581 84.643806 9.232964 213.513600 0.624230 72.027199 -7.222461
1 -7.419723 0.722810 73.663301 1.172510 261.630550 0.493459 -27.659766 0.036555 136.472378 0.108121 17.788872 -7.222461
1 -5.771832 0.458851 33.625525 4.924400 300.270412 0.780004 -82.094482 0.692200 313.131758 0.699479 -72.332615 -7.222461
1 -6.904466 0.532968 68.536600 4.421592 261.358817 0.623937 53.416869 9.150262 183.015033 0.792958 -11.836652 -7.222461
1 -4.752971 0.478115 -89.862250 5.915476 233.831148 0.770202 36.564947 9.217565 156.419043 1.002354 -24.486610 -7.222461
1 -8.170570 0.523236 -60.864952 1.110664 322.304040 0.062030 -6.314470 9.233234 343.247076 0.100531 24.673983 -7.222461
1 -9.257632 0.240657 68.585989 3.091608 171.519060 0.111890 -31.444239 9.117531 201.489968 1.042743 87.673194 -7.222461
1 -3.197558 0.533037 -25.033832 0.082804 326.340030 0.562158 11.314663 4.465257 241.137937 0.540272 63.093420 -7.222461
1 -6.192964 0.253406 36.618297 0.051331 173.175306 0.664387 80.403419 1.823686 202.780017 0.900279 -88.525318 -7.222461
1 -3.585533 0.572921 -24.471137 2.118747 338.932370 0.421192 72.555989 4.086780 145.675177 0.512783 -53.684427 -7.222461
1 -3.037116 0.678575 6.421347 0.345953 284.112138 0.789214 40.324477 7.923763 223.498660 0.043616 -68.602809 -7.694612
1 -8.932624 0.270160 -77.957315 4.854548 142.882150 0.219490 -11.350279 1.131826 331.766069 0.726746 -18.032726 -7.694612
1 -4.286108 0.481423 37.822954 5.515655 310.978749 0.779422 -82.402174 0.449139 321.794734 0.700878 -72.712767 -7.694612
1 -7.131238 0.533781 63.764383 4.637444 259.164705 0.640393 58.513971 0.116146 181.209798 0.737101 -8.199423 -7.694612
1 -5.235427 0.475806 -89.859311 5.887743 233.818865 0.765725 37.581640 9.300190 155.755445 1.000954 -23.152049 -7.694612
1 -9.696326 0.473220 -33.460129 0.795428 318.304644 0.569449 15.212878 0.792707 264.829519 0.190932 26.188208 -7.694612
1 -5.071409 0.780260 -85.286786 0.199763 271.621216 0.771001 -35.248198 8.187972 163.675945 0.065726 -62.809547 -7.694612
1 -4.628397 0.262600 -53.310311 0.493175 259.896571 0.470304 -3.445805 4.245619 252.711633 0.346107 -84.059019 -7.694612
1 -5.044112 0.351318 39.233578 0.181313 149.634861 0.721753 58.037502 2.884454 202.407524 0.872507 -77.748005 -7.694612
1 -4.379973 0.591337 -38.821476 1.553948 342.960287 0.367928 79.865537 3.925690 118.686265 0.414280 -48.541057 -7.694612
1 -3.029682 0.754412 4.770246 0.481939 296.631101 0.049306 10.514850 7.708926 222.744636 0.168609 -67.645533 -8.157191
1 -4.916564 0.352957 72.700542 5.261672 153.334402 0.208228 -10.697589 0.758136 277.694131 0.846786 -25.645588 -8.157191
1 -6.885678 0.469840 20.379287 6.114314 306.106682 0.716895 -76.066416 0.190917 320.601643 0.796946 -70.850910 -8.157191
1 -3.535849 0.543364 65.121818 5.494789 297.826146 0.677044 57.782101 1.041877 169.929334 0.746645 -34.167860 -8.157191
1 -3.446881 0.637858 -78.440815 7.501021 220.278317 0.037348 29.563714 2.538907 174.324744 1.037617 -35.924492 -8.157191
1 -5.124250 0.774192 -85.386997 0.188606 269.219913 0.777884 -38.260878 8.282352 167.348568 0.065869 -60.208233 -8.157191
1 -5.603489 0.752802 73.582513 1.143272 264.673681 0.793675 -49.942581 8.211050 180.314731 0.035955 -64.365025 -8.157191
1 -4.871996 0.374440 -41.042683 0.002544 268.533034 0.693233 -21.768801 6.501641 256.376511 0.321312 71.641140 -8.157191
1 -4.642809 0.280000 42.522936 0.142054 134.091488 0.728563 61.599279 2.489911 202.989187 0.934448 -72.901900 -8.157191
1 -3.243143 0.576140 -41.617572 1.512754 341.823901 0.376991 81.169556 3.851937 113.786739 0.414276 -52.763804 -8.157191
1 -3.569380 0.756285 12.222642 0.177768 267.086261 0.525974 12.451317 7.786294 267.556961 0.265864 88.349439 -8.563948
1 -4.908559 0.277488 -78.383524 4.957336 153.207917 0.259304 -31.002667 1.954460 282.784424 0.880966 -25.910361 -8.563948
1 -4.847348 0.443219 24.418605 6.117072 290.329366 0.637506 -82.256683 0.184815 332.185435 0.784398 -67.658402 -8.563948
1 -3.489642 0.533635 58.610168 5.569536 300.379884 0.669978 54.528874 1.368779 168.054307 0.752154 -34.455386 -8.563948
1 -3.849668 0.667914 78.945513 7.115009 235.862097 0.036704 46.927228 2.279086 184.117197 1.024381 -54.210354 -8.563948
1 -4.003080 0.442932 47.527951 0.650748 334.398352 0.485866 1.458516 5.990479 227.742889 0.914358 50.139901 -8.563948
1 -2.855773 0.049183 -64.293946 6.118622 189.775028 0.051953 -63.310787 7.908406 213.599168 1.050833 -40.484300 -8.563948
1 -4.629257 0.376108 -35.829634 0.040172 272.156860 0.658208 -19.758888 6.439506 259.019028 0.317586 71.282209 -8.563948
1 -4.254136 0.242417 35.732056 0.075414 123.753876 0.701830 78.663365 2.047968 194.740864 0.923031 -68.252883 -8.563948
1 -3.361116 0.570849 -45.789960 1.609932 345.698736 0.365628 81.372984 3.666994 116.514503 0.430126 -56.789181 -8.563948
1 -3.211749 0.613053 20.658596 0.120405 236.539479 0.519695 40.956994 6.641091 294.363030 0.301599 -89.095645 -9.010321
1 -4.251923 0.275417 -73.591082 4.840641 159.885961 0.146807 -3.123011 2.783857 297.174456 0.912342 -33.939219 -9.010321
1 -3.599289 0.512865 -12.699043 1.802969 335.355475 0.322239 55.803641 4.177627 114.338444 0.364695 -40.457552 -9.010321
1 -3.489620 0.550038 56.980734 5.647511 292.854367 0.656658 54.198688 1.788345 162.991135 0.776043 -32.832283 -9.010321
1 -4.478362 0.667134 77.287579 7.175605 235.764808 0.030438 46.455311 2.256445 184.399560 1.024727 -54.186299 -9.010321
1 -3.940836 0.450580 45.341611 0.535233 335.692975 0.475869 -0.110593 6.389561 222.482860 0.964868 62.651555 -9.010321
1 -3.007779 0.724587 -77.280432 4.372088 195.046371 0.078971 -73.851345 6.583225 237.156333 0.992632 -42.707758 -9.010321
1 -4.379690 0.488870 -9.173371 0.297139 302.393239 0.083390 41.810811 7.813968 241.318314 0.444488 74.859837 -9.010321
1 -4.640303 0.252729 37.976131 0.109932 125.821664 0.695498 80.865885 2.139637 201.393527 0.931328 -72.068566 -9.010321
1 -4.121721 0.563125 -35.075798 1.825462 347.619804 0.363843 86.360948 3.790892 122.609353 0.447649 -59.542192 -9.010321
1 -3.780830 0.620453 27.047500 0.419226 240.626283 0.502548 41.006358 6.449426 299.526611 0.313701 85.620507 -9.570681
1 -5.866596 0.286147 -71.388066 4.856453 174.773836 0.165306 -11.472144 2.241992 293.884119 0.841269 -23.751322 -9.570681
1 -4.769851 0.569865 -13.636177 0.591069 293.640280 0.198382 12.943184 8.130849 255.477545 0.398288 -88.387984 -9.570681
1 -3.198779 0.515147 55.487528 4.769291 288.154150 0.627609 63.824630 1.628169 158.612204 0.738100 -42.578997 -9.570681
1 -4.456829 0.675330 79.660168 7.251676 242.981409 0.025422 38.617285 2.327510 181.337486 1.029550 -55.963502 -9.570681
1 -3.495587 0.232928 4.798865 0.744708 300.515128 0.211605 82.152640 7.086722 156.192265 0.163859 68.680627 -9.570681
1 -5.459678 0.700073 -68.007374 3.401125 228.312021 0.216592 83.073865 5.281726 256.331434 0.960573 -63.324926 -9.570681
1 -3.383213 0.614442 27.201235 0.362907 138.127422 0.219329 50.264949 8.278602 313.576207 0.774213 -60.388954 -9.570681
1 -5.299851 0.262889 41.662165 0.188899 128.343921 0.694500 83.956230 2.317050 201.801485 0.945727 -76.817850 -9.570681
1 -3.251914 0.593798 -24.560431 1.825960 345.478280 0.375545 88.633639 3.990564 127.526588 0.438373 -49.003709 -9.570681
