#REFERENCE 3 208.5378280 77.2659780
2.1 -1.490 -1.873 0.122 0.005 45.91 4.500 2.71 -3.046 1.388 0.79 1.92
2.1 -1.490 -1.873 0.122 0.005 45.91 4.500 2.71 -0.779 -1.636 2.81 -0.10
2.1 -1.490 -1.873 0.122 0.005 45.91 4.500 2.71 -1.110 -1.331 2.71 0.00
2.2 -1.500 -1.875 0.125 0.001 47.60 4.500 4.70 -3.059 1.394 0.79 3.91
3.1 -1.390 -1.888 0.130 0.022 40.16 4.500 1.18 -0.202 -2.080 1.53 -0.35
3.1 -1.390 -1.888 0.130 0.022 40.16 4.500 1.18 -2.877 1.262 0.84 0.34
3.1 -1.390 -1.888 0.130 0.022 40.16 4.500 1.18 -1.457 -0.900 1.18 0.00
3.2 -1.331 -1.883 0.101 0.014 50.13 4.500 1.39 -1.510 -0.779 0.98 0.41
3.2 -1.331 -1.883 0.101 0.014 50.13 4.500 1.39 -2.790 1.214 0.87 0.52
3.2 -1.331 -1.883 0.101 0.014 50.13 4.500 1.39 -0.008 -2.202 1.39 0.00
4.1 -1.218 -1.923 0.141 0.039 33.58 4.500 0.75 0.400 -2.506 1.20 -0.45
4.1 -1.218 -1.923 0.141 0.039 33.58 4.500 0.75 -2.568 1.010 0.99 -0.24
4.1 -1.218 -1.923 0.141 0.039 33.58 4.500 0.75 -1.641 -0.514 0.75 -0.00
4.2 -1.231 -1.894 0.134 0.022 49.79 4.500 1.23 -1.590 -0.581 0.76 0.47
4.2 -1.231 -1.894 0.134 0.022 49.79 4.500 1.23 -2.620 1.088 0.94 0.29
4.2 -1.231 -1.894 0.134 0.022 49.79 4.500 1.23 0.314 -2.420 1.23 0.00
