#REFERENCE 3 28.1824110 -13.9551440
1.1 47.573 -43.701 0.054 0.023 74.13 4.500 2.25 58.137 -49.902 1.06 1.19
1.1 47.573 -43.701 0.054 0.023 74.13 4.500 2.25 63.819 -47.356 2.64 -0.39
1.1 47.573 -43.701 0.054 0.023 74.13 4.500 2.25 63.095 -46.942 2.25 0.00
1.2 47.549 -43.657 0.054 0.004 64.92 4.500 4.19 58.125 -49.816 1.06 3.13
1.3 47.787 -43.464 0.184 0.023 11.01 4.500 0.91 62.583 -46.421 1.59 -0.67
1.3 47.787 -43.464 0.184 0.023 11.01 4.500 0.91 58.544 -49.257 1.21 -0.29
1.3 47.787 -43.464 0.184 0.023 11.01 4.500 0.91 64.124 -46.869 1.83 -0.91
1.4 47.556 -43.260 0.099 0.039 154.52 4.500 1.17 58.345 -48.904 1.17 -0.00
2.1 47.723 -43.773 0.060 0.058 176.23 4.500 1.32 64.212 -47.812 2.12 -0.80
2.1 47.723 -43.773 0.060 0.058 176.23 4.500 1.32 62.678 -48.012 -2.04 3.36
2.1 47.723 -43.773 0.060 0.058 176.23 4.500 1.32 58.305 -49.995 1.09 0.23
2.2 47.680 -43.646 0.061 0.026 31.42 4.500 2.11 58.303 -49.734 1.11 1.00
2.2 47.680 -43.646 0.061 0.026 31.42 4.500 2.11 62.815 -46.752 1.68 0.43
2.2 47.680 -43.646 0.061 0.026 31.42 4.500 2.11 64.038 -47.297 2.11 0.00
