#REFERENCE 3 245.3426620 38.1684740
1	-0.488281	-0.495213	-0.146621	0.082202	
1	-0.522057	-0.488281	-0.162397	0.069437	
1	-0.522057	-0.488281	-0.162397	0.069437	
1	-0.537109	-0.485287	-0.169906	0.063675	
1	-0.537109	-0.485287	-0.169906	0.063675	
1	-0.488281	-0.495213	-0.146621	0.082202	
1	-0.439453	-0.502256	-0.124891	0.101447	
1	-0.439453	-0.502256	-0.124891	0.101447	
1	-0.390625	-0.506441	-0.104805	0.121331	
1	-0.390625	-0.506441	-0.104805	0.121331	
1	-0.341797	-0.507989	-0.086581	0.141649	
1	-0.341797	-0.507989	-0.086581	0.141649	
1	-0.292969	-0.507082	-0.070438	0.162149	
1	-0.292969	-0.507082	-0.070438	0.162149	
1	-0.244141	-0.503889	-0.056599	0.182504	
1	-0.244141	-0.503889	-0.056599	0.182504	
1	-0.195312	-0.498624	-0.045287	0.202272	
1	-0.195312	-0.498624	-0.045287	0.202272	
1	-0.146484	-0.491630	-0.036705	0.220828	
1	-0.146484	-0.491630	-0.036705	0.220828	
1	-0.125991	-0.488281	-0.033944	0.228068	
1	-0.125991	-0.488281	-0.033944	0.228068	
1	-0.097656	-0.483740	-0.031015	0.237109	
1	-0.097656	-0.483740	-0.031015	0.237109	
1	-0.048828	-0.475537	-0.027993	0.250127	
1	-0.048828	-0.475537	-0.027993	0.250127	
1	0.000000	-0.467851	-0.027043	0.258755	
1	0.000000	-0.467851	-0.027043	0.258755	
1	0.048828	-0.461684	-0.027065	0.261942	
1	0.048828	-0.461684	-0.027065	0.261942	
1	0.097656	-0.457447	-0.026566	0.259403	
1	0.097656	-0.457447	-0.026566	0.259403	
1	0.146484	-0.454773	-0.024151	0.251767	
1	0.146484	-0.454773	-0.024151	0.251767	
1	0.195312	-0.452801	-0.018919	0.240210	
1	0.195312	-0.452801	-0.018919	0.240210	
1	0.244141	-0.450586	-0.010503	0.225981	
1	0.244141	-0.450586	-0.010503	0.225981	
1	0.292969	-0.447337	0.001105	0.210126	
1	0.292969	-0.447337	0.001105	0.210126	
1	0.341797	-0.442449	0.015726	0.193441	
1	0.341797	-0.442449	0.015726	0.193441	
1	0.362878	-0.439453	0.022806	0.186234	
1	0.362878	-0.439453	0.022806	0.186234	
1	0.390625	-0.435858	0.033281	0.176352	
1	0.390625	-0.435858	0.033281	0.176352	
1	0.439453	-0.427280	0.053557	0.159299	
1	0.439453	-0.427280	0.053557	0.159299	
1	0.488281	-0.415996	0.076156	0.142744	
1	0.488281	-0.415996	0.076156	0.142744	
1	0.537109	-0.401592	0.100832	0.126931	
1	0.537109	-0.401592	0.100832	0.126931	
1	0.567710	-0.390625	0.117207	0.117509	
1	0.567710	-0.390625	0.117207	0.117509	
1	0.585938	-0.384127	0.127578	0.111931	
1	0.585938	-0.384127	0.127578	0.111931	
1	0.634766	-0.363437	0.156342	0.097871	
1	0.634766	-0.363437	0.156342	0.097871	
1	0.677084	-0.341797	0.182580	0.086669	
1	0.677084	-0.341797	0.182580	0.086669	
1	0.683594	-0.338282	0.186772	0.085012	
1	0.683594	-0.338282	0.186772	0.085012	
1	0.732422	-0.308554	0.219036	0.073392	
1	0.732422	-0.308554	0.219036	0.073392	
1	0.754905	-0.292969	0.234483	0.068512	
1	0.754905	-0.292969	0.234483	0.068512	
1	0.781250	-0.272509	0.252962	0.063228	
1	0.781250	-0.272509	0.252962	0.063228	
1	0.814293	-0.244141	0.277042	0.057233	
1	0.814293	-0.244141	0.277042	0.057233	
1	0.830078	-0.228172	0.288684	0.054692	
1	0.830078	-0.228172	0.288684	0.054692	
1	0.860652	-0.195312	0.312218	0.050275	
1	0.860652	-0.195312	0.312218	0.050275	
1	0.878906	-0.170852	0.326439	0.048082	
1	0.878906	-0.170852	0.326439	0.048082	
1	0.896644	-0.146484	0.340982	0.046228	
1	0.896644	-0.146484	0.340982	0.046228	
1	0.923601	-0.097656	0.363721	0.044179	
1	0.923601	-0.097656	0.363721	0.044179	
1	0.927734	-0.087144	0.367270	0.043961	
1	0.927734	-0.087144	0.367270	0.043961	
1	0.943238	-0.048828	0.381609	0.043403	
1	0.943238	-0.048828	0.381609	0.043403	
1	0.955409	0.000000	0.394169	0.043421	
1	0.955409	0.000000	0.394169	0.043421	
1	0.960454	0.048828	0.401575	0.043751	
1	0.960454	0.048828	0.401575	0.043751	
1	0.958575	0.097656	0.403993	0.043962	
1	0.958575	0.097656	0.403993	0.043962	
1	0.949515	0.146484	0.401240	0.043604	
1	0.949515	0.146484	0.401240	0.043604	
1	0.932540	0.195312	0.392793	0.042120	
1	0.932540	0.195312	0.392793	0.042120	
1	0.927734	0.204824	0.389944	0.041541	
1	0.927734	0.204824	0.389944	0.041541	
1	0.907644	0.244141	0.379029	0.039048	
1	0.907644	0.244141	0.379029	0.039048	
1	0.878906	0.284512	0.361971	0.034436	
1	0.878906	0.284512	0.361971	0.034436	
1	0.872588	0.292969	0.358399	0.033372	
1	0.872588	0.292969	0.358399	0.033372	
1	0.830078	0.337586	0.332949	0.024927	
1	0.830078	0.337586	0.332949	0.024927	
1	0.825682	0.341797	0.330383	0.023994	
1	0.825682	0.341797	0.330383	0.023994	
1	0.781250	0.377557	0.303894	0.013538	
1	0.781250	0.377557	0.303894	0.013538	
1	0.762581	0.390625	0.292938	0.008778	
1	0.762581	0.390625	0.292938	0.008778	
1	0.732422	0.409421	0.275375	0.000613	
1	0.732422	0.409421	0.275375	0.000613	
1	0.683594	0.434983	0.247500	-0.013722	
1	0.683594	0.434983	0.247500	-0.013722	
1	0.673557	0.439453	0.241814	-0.016862	
1	0.673557	0.439453	0.241814	-0.016862	
1	0.634766	0.455894	0.220620	-0.029238	
1	0.634766	0.455894	0.220620	-0.029238	
1	0.585938	0.472537	0.194729	-0.045904	
1	0.585938	0.472537	0.194729	-0.045904	
1	0.537109	0.485287	0.169906	-0.063675	
1	0.537109	0.485287	0.169906	-0.063675	
1	0.522057	0.488281	0.162397	-0.069437	
1	0.522057	0.488281	0.162397	-0.069437	
1	0.488281	0.495213	0.146621	-0.082202	
1	0.488281	0.495213	0.146621	-0.082202	
1	0.439453	0.502256	0.124891	-0.101447	
1	0.439453	0.502256	0.124891	-0.101447	
1	0.390625	0.506441	0.104805	-0.121331	
1	0.390625	0.506441	0.104805	-0.121331	
1	0.341797	0.507989	0.086581	-0.141649	
1	0.341797	0.507989	0.086581	-0.141649	
1	0.292969	0.507082	0.070438	-0.162149	
1	0.292969	0.507082	0.070438	-0.162149	
1	0.244141	0.503889	0.056599	-0.182504	
1	0.244141	0.503889	0.056599	-0.182504	
1	0.195312	0.498624	0.045287	-0.202272	
1	0.195312	0.498624	0.045287	-0.202272	
1	0.146484	0.491630	0.036705	-0.220828	
1	0.146484	0.491630	0.036705	-0.220828	
1	0.125991	0.488281	0.033944	-0.228068	
1	0.125991	0.488281	0.033944	-0.228068	
1	0.097656	0.483740	0.031015	-0.237109	
1	0.097656	0.483740	0.031015	-0.237109	
1	0.048828	0.475537	0.027993	-0.250127	
1	0.048828	0.475537	0.027993	-0.250127	
1	0.000000	0.467851	0.027043	-0.258755	
1	0.000000	0.467851	0.027043	-0.258755	
1	-0.048828	0.461684	0.027065	-0.261942	
1	-0.048828	0.461684	0.027065	-0.261942	
1	-0.097656	0.457447	0.026566	-0.259403	
1	-0.097656	0.457447	0.026566	-0.259403	
1	-0.146484	0.454773	0.024151	-0.251767	
1	-0.146484	0.454773	0.024151	-0.251767	
1	-0.195312	0.452801	0.018919	-0.240210	
1	-0.195312	0.452801	0.018919	-0.240210	
1	-0.244141	0.450586	0.010503	-0.225981	
1	-0.244141	0.450586	0.010503	-0.225981	
1	-0.292969	0.447337	-0.001105	-0.210126	
1	-0.292969	0.447337	-0.001105	-0.210126	
1	-0.341797	0.442449	-0.015726	-0.193441	
1	-0.341797	0.442449	-0.015726	-0.193441	
1	-0.362878	0.439453	-0.022806	-0.186234	
1	-0.362878	0.439453	-0.022806	-0.186234	
1	-0.390625	0.435858	-0.033281	-0.176352	
1	-0.390625	0.435858	-0.033281	-0.176352	
1	-0.439453	0.427280	-0.053557	-0.159299	
1	-0.439453	0.427280	-0.053557	-0.159299	
1	-0.488281	0.415996	-0.076156	-0.142744	
1	-0.488281	0.415996	-0.076156	-0.142744	
1	-0.537109	0.401592	-0.100832	-0.126931	
1	-0.537109	0.401592	-0.100832	-0.126931	
1	-0.567710	0.390625	-0.117207	-0.117509	
1	-0.567710	0.390625	-0.117207	-0.117509	
1	-0.585938	0.384127	-0.127578	-0.111931	
1	-0.585938	0.384127	-0.127578	-0.111931	
1	-0.634766	0.363437	-0.156342	-0.097871	
1	-0.634766	0.363437	-0.156342	-0.097871	
1	-0.677084	0.341797	-0.182580	-0.086669	
1	-0.677084	0.341797	-0.182580	-0.086669	
1	-0.683594	0.338282	-0.186772	-0.085012	
1	-0.683594	0.338282	-0.186772	-0.085012	
1	-0.732422	0.308554	-0.219036	-0.073392	
1	-0.732422	0.308554	-0.219036	-0.073392	
1	-0.754905	0.292969	-0.234483	-0.068512	
1	-0.754905	0.292969	-0.234483	-0.068512	
1	-0.781250	0.272509	-0.252962	-0.063228	
1	-0.781250	0.272509	-0.252962	-0.063228	
1	-0.814293	0.244141	-0.277042	-0.057233	
1	-0.814293	0.244141	-0.277042	-0.057233	
1	-0.830078	0.228172	-0.288684	-0.054692	
1	-0.830078	0.228172	-0.288684	-0.054692	
1	-0.860652	0.195312	-0.312218	-0.050275	
1	-0.860652	0.195312	-0.312218	-0.050275	
1	-0.878906	0.170852	-0.326439	-0.048082	
1	-0.878906	0.170852	-0.326439	-0.048082	
1	-0.896644	0.146484	-0.340982	-0.046228	
1	-0.896644	0.146484	-0.340982	-0.046228	
1	-0.923601	0.097656	-0.363721	-0.044179	
1	-0.923601	0.097656	-0.363721	-0.044179	
1	-0.927734	0.087144	-0.367270	-0.043961	
1	-0.927734	0.087144	-0.367270	-0.043961	
1	-0.943238	0.048828	-0.381609	-0.043403	
1	-0.943238	0.048828	-0.381609	-0.043403	
1	-0.955409	0.000000	-0.394169	-0.043421	
1	-0.955409	0.000000	-0.394169	-0.043421	
1	-0.960454	-0.048828	-0.401575	-0.043751	
1	-0.960454	-0.048828	-0.401575	-0.043751	
1	-0.958575	-0.097656	-0.403993	-0.043962	
1	-0.958575	-0.097656	-0.403993	-0.043962	
1	-0.949515	-0.146484	-0.401240	-0.043604	
1	-0.949515	-0.146484	-0.401240	-0.043604	
1	-0.932540	-0.195312	-0.392793	-0.042120	
1	-0.932540	-0.195312	-0.392793	-0.042120	
1	-0.927734	-0.204824	-0.389944	-0.041541	
1	-0.927734	-0.204824	-0.389944	-0.041541	
1	-0.907644	-0.244141	-0.379029	-0.039048	
1	-0.907644	-0.244141	-0.379029	-0.039048	
1	-0.878906	-0.284512	-0.361971	-0.034436	
1	-0.878906	-0.284512	-0.361971	-0.034436	
1	-0.872588	-0.292969	-0.358399	-0.033372	
1	-0.872588	-0.292969	-0.358399	-0.033372	
1	-0.830078	-0.337586	-0.332949	-0.024927	
1	-0.830078	-0.337586	-0.332949	-0.024927	
1	-0.825682	-0.341797	-0.330383	-0.023994	
1	-0.825682	-0.341797	-0.330383	-0.023994	
1	-0.781250	-0.377557	-0.303894	-0.013538	
1	-0.781250	-0.377557	-0.303894	-0.013538	
1	-0.762581	-0.390625	-0.292938	-0.008778	
1	-0.762581	-0.390625	-0.292938	-0.008778	
1	-0.732422	-0.409421	-0.275375	-0.000613	
1	-0.732422	-0.409421	-0.275375	-0.000613	
1	-0.683594	-0.434983	-0.247500	0.013722	
1	-0.683594	-0.434983	-0.247500	0.013722	
1	-0.673557	-0.439453	-0.241814	0.016862	
1	-0.673557	-0.439453	-0.241814	0.016862	
1	-0.634766	-0.455894	-0.220620	0.029238	
1	-0.634766	-0.455894	-0.220620	0.029238	
1	-0.585938	-0.472537	-0.194729	0.045904	
1	-0.585938	-0.472537	-0.194729	0.045904	
