#REFERENCE 3 38.7178230 -58.5065200
1	-0.097656	-4.713574	-0.415296	-1.372241	
1	-0.055628	-4.687500	-0.414606	-1.350945	
1	-0.055628	-4.687500	-0.414606	-1.350945	
1	-0.048828	-4.683278	-0.414518	-1.347536	
1	-0.048828	-4.683278	-0.414518	-1.347536	
1	-0.097656	-4.713574	-0.415296	-1.372241	
1	-0.137751	-4.736328	-0.416129	-1.391290	
1	-0.137751	-4.736328	-0.416129	-1.391290	
1	-0.146484	-4.741287	-0.416341	-1.395490	
1	-0.146484	-4.741287	-0.416341	-1.395490	
1	-0.195312	-4.766543	-0.417615	-1.417362	
1	-0.195312	-4.766543	-0.417615	-1.417362	
1	-0.235376	-4.785156	-0.418788	-1.434056	
1	-0.235376	-4.785156	-0.418788	-1.434056	
1	-0.244141	-4.789241	-0.419073	-1.437764	
1	-0.244141	-4.789241	-0.419073	-1.437764	
1	-0.292969	-4.809502	-0.420682	-1.456775	
1	-0.292969	-4.809502	-0.420682	-1.456775	
1	-0.341797	-4.827209	-0.422394	-1.474294	
1	-0.341797	-4.827209	-0.422394	-1.474294	
1	-0.363598	-4.833984	-0.423155	-1.481394	
1	-0.363598	-4.833984	-0.423155	-1.481394	
1	-0.390625	-4.842440	-0.424176	-1.490375	
1	-0.390625	-4.842440	-0.424176	-1.490375	
1	-0.439453	-4.855171	-0.425985	-1.504991	
1	-0.439453	-4.855171	-0.425985	-1.504991	
1	-0.488281	-4.865349	-0.427780	-1.518102	
1	-0.488281	-4.865349	-0.427780	-1.518102	
1	-0.537109	-4.872966	-0.429519	-1.529699	
1	-0.537109	-4.872966	-0.429519	-1.529699	
1	-0.585938	-4.878006	-0.431161	-1.539773	
1	-0.585938	-4.878006	-0.431161	-1.539773	
1	-0.634766	-4.880442	-0.432664	-1.548308	
1	-0.634766	-4.880442	-0.432664	-1.548308	
1	-0.683594	-4.880238	-0.433986	-1.555285	
1	-0.683594	-4.880238	-0.433986	-1.555285	
1	-0.732422	-4.877351	-0.435079	-1.560680	
1	-0.732422	-4.877351	-0.435079	-1.560680	
1	-0.781250	-4.871724	-0.435897	-1.564465	
1	-0.781250	-4.871724	-0.435897	-1.564465	
1	-0.830078	-4.863295	-0.436388	-1.566606	
1	-0.830078	-4.863295	-0.436388	-1.566606	
1	-0.878906	-4.851989	-0.436500	-1.567069	
1	-0.878906	-4.851989	-0.436500	-1.567069	
1	-0.927734	-4.837721	-0.436174	-1.565813	
1	-0.927734	-4.837721	-0.436174	-1.565813	
1	-0.938382	-4.833984	-0.435993	-1.565139	
1	-0.938382	-4.833984	-0.435993	-1.565139	
1	-0.976562	-4.820462	-0.435363	-1.562843	
1	-0.976562	-4.820462	-0.435363	-1.562843	
1	-1.025391	-4.800067	-0.433995	-1.558083	
1	-1.025391	-4.800067	-0.433995	-1.558083	
1	-1.056338	-4.785156	-0.432739	-1.553889	
1	-1.056338	-4.785156	-0.432739	-1.553889	
1	-1.074219	-4.776432	-0.432003	-1.551493	
1	-1.074219	-4.776432	-0.432003	-1.551493	
1	-1.123047	-4.749453	-0.429320	-1.543038	
1	-1.123047	-4.749453	-0.429320	-1.543038	
1	-1.144270	-4.736328	-0.427840	-1.538534	
1	-1.144270	-4.736328	-0.427840	-1.538534	
1	-1.171875	-4.718977	-0.425862	-1.532655	
1	-1.171875	-4.718977	-0.425862	-1.532655	
1	-1.216963	-4.687500	-0.421883	-1.521237	
1	-1.216963	-4.687500	-0.421883	-1.521237	
1	-1.220703	-4.684840	-0.421542	-1.520281	
1	-1.220703	-4.684840	-0.421542	-1.520281	
1	-1.269531	-4.646883	-0.416270	-1.505863	
1	-1.269531	-4.646883	-0.416270	-1.505863	
1	-1.279247	-4.638672	-0.415049	-1.502612	
1	-1.279247	-4.638672	-0.415049	-1.502612	
1	-1.318359	-4.604883	-0.409936	-1.489316	
1	-1.318359	-4.604883	-0.409936	-1.489316	
1	-1.334486	-4.589844	-0.407524	-1.483201	
1	-1.334486	-4.589844	-0.407524	-1.483201	
1	-1.367188	-4.558602	-0.402421	-1.470558	
1	-1.367188	-4.558602	-0.402421	-1.470558	
1	-1.384371	-4.541016	-0.399404	-1.463253	
1	-1.384371	-4.541016	-0.399404	-1.463253	
1	-1.416016	-4.507768	-0.393592	-1.449495	
1	-1.416016	-4.507768	-0.393592	-1.449495	
1	-1.429953	-4.492188	-0.390753	-1.442914	
1	-1.429953	-4.492188	-0.390753	-1.442914	
1	-1.464844	-4.452060	-0.383297	-1.426020	
1	-1.464844	-4.452060	-0.383297	-1.426020	
1	-1.471998	-4.443359	-0.381622	-1.422298	
1	-1.471998	-4.443359	-0.381622	-1.422298	
1	-1.511004	-4.394531	-0.372044	-1.401468	
1	-1.511004	-4.394531	-0.372044	-1.401468	
1	-1.513672	-4.391098	-0.371359	-1.400006	
1	-1.513672	-4.391098	-0.371359	-1.400006	
1	-1.547256	-4.345703	-0.362031	-1.380444	
1	-1.547256	-4.345703	-0.362031	-1.380444	
1	-1.562500	-4.324395	-0.357562	-1.371285	
1	-1.562500	-4.324395	-0.357562	-1.371285	
1	-1.581338	-4.296875	-0.351647	-1.359355	
1	-1.581338	-4.296875	-0.351647	-1.359355	
1	-1.611328	-4.251477	-0.341687	-1.339732	
1	-1.611328	-4.251477	-0.341687	-1.339732	
1	-1.613507	-4.248047	-0.340918	-1.338241	
1	-1.613507	-4.248047	-0.340918	-1.338241	
1	-1.643689	-4.199219	-0.329816	-1.317039	
1	-1.643689	-4.199219	-0.329816	-1.317039	
1	-1.660156	-4.171565	-0.323403	-1.305066	
1	-1.660156	-4.171565	-0.323403	-1.305066	
1	-1.672343	-4.150391	-0.318408	-1.295872	
1	-1.672343	-4.150391	-0.318408	-1.295872	
1	-1.699496	-4.101562	-0.306689	-1.274722	
1	-1.699496	-4.101562	-0.306689	-1.274722	
1	-1.708984	-4.083912	-0.302382	-1.267091	
1	-1.708984	-4.083912	-0.302382	-1.267091	
1	-1.725262	-4.052734	-0.294670	-1.253606	
1	-1.725262	-4.052734	-0.294670	-1.253606	
1	-1.749801	-4.003906	-0.282377	-1.232559	
1	-1.749801	-4.003906	-0.282377	-1.232559	
1	-1.757812	-3.987412	-0.278161	-1.225462	
1	-1.757812	-3.987412	-0.278161	-1.225462	
1	-1.773138	-3.955078	-0.269807	-1.211573	
1	-1.773138	-3.955078	-0.269807	-1.211573	
1	-1.795399	-3.906250	-0.256981	-1.190680	
1	-1.795399	-3.906250	-0.256981	-1.190680	
1	-1.806641	-3.880652	-0.250153	-1.179758	
1	-1.806641	-3.880652	-0.250153	-1.179758	
1	-1.816638	-3.857422	-0.243906	-1.169883	
1	-1.816638	-3.857422	-0.243906	-1.169883	
1	-1.836899	-3.808594	-0.230587	-1.149190	
1	-1.836899	-3.808594	-0.230587	-1.149190	
1	-1.855469	-3.761829	-0.217620	-1.129488	
1	-1.855469	-3.761829	-0.217620	-1.129488	
1	-1.856275	-3.759766	-0.217044	-1.128624	
1	-1.856275	-3.759766	-0.217044	-1.128624	
1	-1.874764	-3.710938	-0.203271	-1.108174	
1	-1.874764	-3.710938	-0.203271	-1.108174	
1	-1.892443	-3.662109	-0.189286	-1.087862	
1	-1.892443	-3.662109	-0.189286	-1.087862	
1	-1.904297	-3.627977	-0.179376	-1.073732	
1	-1.904297	-3.627977	-0.179376	-1.073732	
1	-1.909341	-3.613281	-0.175094	-1.067692	
1	-1.909341	-3.613281	-0.175094	-1.067692	
1	-1.925498	-3.564453	-0.160702	-1.047673	
1	-1.925498	-3.564453	-0.160702	-1.047673	
1	-1.940930	-3.515625	-0.146115	-1.027806	
1	-1.940930	-3.515625	-0.146115	-1.027806	
1	-1.953125	-3.475276	-0.133908	-1.011495	
1	-1.953125	-3.475276	-0.133908	-1.011495	
1	-1.955669	-3.466797	-0.131339	-1.008097	
1	-1.955669	-3.466797	-0.131339	-1.008097	
1	-1.969772	-3.417969	-0.116390	-0.988566	
1	-1.969772	-3.417969	-0.116390	-0.988566	
1	-1.983223	-3.369141	-0.101263	-0.969201	
1	-1.983223	-3.369141	-0.101263	-0.969201	
1	-1.996038	-3.320312	-0.085961	-0.950007	
1	-1.996038	-3.320312	-0.085961	-0.950007	
1	-2.001953	-3.296742	-0.078498	-0.940784	
1	-2.001953	-3.296742	-0.078498	-0.940784	
1	-2.008275	-3.271484	-0.070503	-0.931002	
1	-2.008275	-3.271484	-0.070503	-0.931002	
1	-2.019949	-3.222656	-0.054894	-0.912191	
1	-2.019949	-3.222656	-0.054894	-0.912191	
1	-2.031044	-3.173828	-0.039128	-0.893564	
1	-2.031044	-3.173828	-0.039128	-0.893564	
1	-2.041572	-3.125000	-0.023210	-0.875126	
1	-2.041572	-3.125000	-0.023210	-0.875126	
1	-2.050781	-3.079955	-0.008390	-0.858282	
1	-2.050781	-3.079955	-0.008390	-0.858282	
1	-2.051556	-3.076172	-0.007147	-0.856883	
1	-2.051556	-3.076172	-0.007147	-0.856883	
1	-2.061076	-3.027344	0.009029	-0.838868	
1	-2.061076	-3.027344	0.009029	-0.838868	
1	-2.070072	-2.978516	0.025341	-0.821053	
1	-2.070072	-2.978516	0.025341	-0.821053	
1	-2.078554	-2.929688	0.041783	-0.803443	
1	-2.078554	-2.929688	0.041783	-0.803443	
1	-2.086534	-2.880859	0.058349	-0.786042	
1	-2.086534	-2.880859	0.058349	-0.786042	
1	-2.094022	-2.832031	0.075035	-0.768855	
1	-2.094022	-2.832031	0.075035	-0.768855	
1	-2.099609	-2.793125	0.088425	-0.755301	
1	-2.099609	-2.793125	0.088425	-0.755301	
1	-2.101043	-2.783203	0.091829	-0.751890	
1	-2.101043	-2.783203	0.091829	-0.751890	
1	-2.107646	-2.734375	0.108709	-0.735167	
1	-2.107646	-2.734375	0.108709	-0.735167	
1	-2.113781	-2.685547	0.125692	-0.718668	
1	-2.113781	-2.685547	0.125692	-0.718668	
1	-2.119457	-2.636719	0.142774	-0.702395	
1	-2.119457	-2.636719	0.142774	-0.702395	
1	-2.124681	-2.587891	0.159948	-0.686353	
1	-2.124681	-2.587891	0.159948	-0.686353	
1	-2.129459	-2.539062	0.177210	-0.670544	
1	-2.129459	-2.539062	0.177210	-0.670544	
1	-2.133798	-2.490234	0.194554	-0.654971	
1	-2.133798	-2.490234	0.194554	-0.654971	
1	-2.137703	-2.441406	0.211974	-0.639639	
1	-2.137703	-2.441406	0.211974	-0.639639	
1	-2.141179	-2.392578	0.229465	-0.624550	
1	-2.141179	-2.392578	0.229465	-0.624550	
1	-2.144231	-2.343750	0.247023	-0.609706	
1	-2.144231	-2.343750	0.247023	-0.609706	
1	-2.146862	-2.294922	0.264640	-0.595112	
1	-2.146862	-2.294922	0.264640	-0.595112	
1	-2.148438	-2.260154	0.277239	-0.584856	
1	-2.148438	-2.260154	0.277239	-0.584856	
1	-2.149082	-2.246094	0.282310	-0.580771	
1	-2.149082	-2.246094	0.282310	-0.580771	
1	-2.150901	-2.197266	0.300023	-0.566689	
1	-2.150901	-2.197266	0.300023	-0.566689	
1	-2.152302	-2.148438	0.317783	-0.552862	
1	-2.152302	-2.148438	0.317783	-0.552862	
1	-2.153287	-2.099609	0.335584	-0.539291	
1	-2.153287	-2.099609	0.335584	-0.539291	
1	-2.153860	-2.050781	0.353421	-0.525980	
1	-2.153860	-2.050781	0.353421	-0.525980	
1	-2.154019	-2.001953	0.371288	-0.512931	
1	-2.154019	-2.001953	0.371288	-0.512931	
1	-2.153767	-1.953125	0.389181	-0.500145	
1	-2.153767	-1.953125	0.389181	-0.500145	
1	-2.153104	-1.904297	0.407094	-0.487625	
1	-2.153104	-1.904297	0.407094	-0.487625	
1	-2.152029	-1.855469	0.425021	-0.475374	
1	-2.152029	-1.855469	0.425021	-0.475374	
1	-2.150543	-1.806641	0.442956	-0.463392	
1	-2.150543	-1.806641	0.442956	-0.463392	
1	-2.148645	-1.757812	0.460894	-0.451683	
1	-2.148645	-1.757812	0.460894	-0.451683	
1	-2.148438	-1.753409	0.462521	-0.450635	
1	-2.148438	-1.753409	0.462521	-0.450635	
1	-2.146347	-1.708984	0.478823	-0.440252	
1	-2.146347	-1.708984	0.478823	-0.440252	
1	-2.143637	-1.660156	0.496741	-0.429098	
1	-2.143637	-1.660156	0.496741	-0.429098	
1	-2.140511	-1.611328	0.514645	-0.418222	
1	-2.140511	-1.611328	0.514645	-0.418222	
1	-2.136968	-1.562500	0.532528	-0.407625	
1	-2.136968	-1.562500	0.532528	-0.407625	
1	-2.133005	-1.513672	0.550384	-0.397309	
1	-2.133005	-1.513672	0.550384	-0.397309	
1	-2.128621	-1.464844	0.568207	-0.387277	
1	-2.128621	-1.464844	0.568207	-0.387277	
1	-2.123814	-1.416016	0.585988	-0.377531	
1	-2.123814	-1.416016	0.585988	-0.377531	
1	-2.118584	-1.367188	0.603721	-0.368073	
1	-2.118584	-1.367188	0.603721	-0.368073	
1	-2.112929	-1.318359	0.621396	-0.358904	
1	-2.112929	-1.318359	0.621396	-0.358904	
1	-2.106849	-1.269531	0.639006	-0.350029	
1	-2.106849	-1.269531	0.639006	-0.350029	
1	-2.100346	-1.220703	0.656539	-0.341449	
1	-2.100346	-1.220703	0.656539	-0.341449	
1	-2.099609	-1.215459	0.658425	-0.340541	
1	-2.099609	-1.215459	0.658425	-0.340541	
1	-2.093392	-1.171875	0.674002	-0.333159	
1	-2.093392	-1.171875	0.674002	-0.333159	
1	-2.085998	-1.123047	0.691379	-0.325167	
1	-2.085998	-1.123047	0.691379	-0.325167	
1	-2.078169	-1.074219	0.708654	-0.317475	
1	-2.078169	-1.074219	0.708654	-0.317475	
1	-2.069910	-1.025391	0.725815	-0.310087	
1	-2.069910	-1.025391	0.725815	-0.310087	
1	-2.061224	-0.976562	0.742847	-0.303006	
1	-2.061224	-0.976562	0.742847	-0.303006	
1	-2.052120	-0.927734	0.759734	-0.296237	
1	-2.052120	-0.927734	0.759734	-0.296237	
1	-2.050781	-0.920792	0.762128	-0.295298	
1	-2.050781	-0.920792	0.762128	-0.295298	
1	-2.042486	-0.878906	0.776527	-0.289757	
1	-2.042486	-0.878906	0.776527	-0.289757	
1	-2.032405	-0.830078	0.793166	-0.283586	
1	-2.032405	-0.830078	0.793166	-0.283586	
1	-2.021909	-0.781250	0.809617	-0.277735	
1	-2.021909	-0.781250	0.809617	-0.277735	
1	-2.011013	-0.732422	0.825856	-0.272207	
1	-2.011013	-0.732422	0.825856	-0.272207	
1	-2.001953	-0.693093	0.838768	-0.267991	
1	-2.001953	-0.693093	0.838768	-0.267991	
1	-1.999683	-0.683594	0.841890	-0.266996	
1	-1.999683	-0.683594	0.841890	-0.266996	
1	-1.987742	-0.634766	0.857805	-0.262072	
1	-1.987742	-0.634766	0.857805	-0.262072	
1	-1.975428	-0.585938	0.873447	-0.257480	
1	-1.975428	-0.585938	0.873447	-0.257480	
1	-1.962773	-0.537109	0.888779	-0.253224	
1	-1.962773	-0.537109	0.888779	-0.253224	
1	-1.953125	-0.500656	0.900001	-0.250268	
1	-1.953125	-0.500656	0.900001	-0.250268	
1	-1.949689	-0.488281	0.903836	-0.249289	
1	-1.949689	-0.488281	0.903836	-0.249289	
1	-1.935948	-0.439453	0.918732	-0.245643	
1	-1.935948	-0.439453	0.918732	-0.245643	
1	-1.921941	-0.390625	0.933222	-0.242340	
1	-1.921941	-0.390625	0.933222	-0.242340	
1	-1.907719	-0.341797	0.947258	-0.239381	
1	-1.907719	-0.341797	0.947258	-0.239381	
1	-1.904297	-0.330092	0.950543	-0.238724	
1	-1.904297	-0.330092	0.950543	-0.238724	
1	-1.892779	-0.292969	0.961110	-0.236704	
1	-1.892779	-0.292969	0.961110	-0.236704	
1	-1.877532	-0.244141	0.974522	-0.234353	
1	-1.877532	-0.244141	0.974522	-0.234353	
1	-1.862221	-0.195312	0.987340	-0.232343	
1	-1.862221	-0.195312	0.987340	-0.232343	
1	-1.855469	-0.173682	0.992797	-0.231561	
1	-1.855469	-0.173682	0.992797	-0.231561	
1	-1.846359	-0.146484	0.999818	-0.230622	
1	-1.846359	-0.146484	0.999818	-0.230622	
1	-1.830133	-0.097656	1.011830	-0.229201	
1	-1.830133	-0.097656	1.011830	-0.229201	
1	-1.814071	-0.048828	1.023074	-0.228097	
1	-1.814071	-0.048828	1.023074	-0.228097	
1	-1.806641	-0.025855	1.028059	-0.227682	
1	-1.806641	-0.025855	1.028059	-0.227682	
1	-1.797574	0.000000	1.033858	-0.227261	
1	-1.797574	0.000000	1.033858	-0.227261	
1	-1.780846	0.048828	1.044054	-0.226693	
1	-1.780846	0.048828	1.044054	-0.226693	
1	-1.764589	0.097656	1.053286	-0.226384	
1	-1.764589	0.097656	1.053286	-0.226384	
1	-1.757812	0.118675	1.056926	-0.226321	
1	-1.757812	0.118675	1.056926	-0.226321	
1	-1.748010	0.146484	1.061957	-0.226293	
1	-1.748010	0.146484	1.061957	-0.226293	
1	-1.731508	0.195312	1.069851	-0.226404	
1	-1.731508	0.195312	1.069851	-0.226404	
1	-1.715827	0.244141	1.076604	-0.226667	
1	-1.715827	0.244141	1.076604	-0.226667	
1	-1.708984	0.266540	1.079288	-0.226821	
1	-1.708984	0.266540	1.079288	-0.226821	
1	-1.700116	0.292969	1.082637	-0.227057	
1	-1.700116	0.292969	1.082637	-0.227057	
1	-1.684736	0.341797	1.087778	-0.227531	
1	-1.684736	0.341797	1.087778	-0.227531	
1	-1.670482	0.390625	1.091670	-0.227999	
1	-1.670482	0.390625	1.091670	-0.227999	
1	-1.660156	0.428761	1.093851	-0.228316	
1	-1.660156	0.428761	1.093851	-0.228316	
1	-1.656980	0.439453	1.094513	-0.228421	
1	-1.656980	0.439453	1.094513	-0.228421	
1	-1.643513	0.488281	1.096643	-0.228802	
1	-1.643513	0.488281	1.096643	-0.228802	
1	-1.631320	0.537109	1.097533	-0.228993	
1	-1.631320	0.537109	1.097533	-0.228993	
1	-1.620281	0.585938	1.097272	-0.228935	
1	-1.620281	0.585938	1.097272	-0.228935	
1	-1.611328	0.629450	1.096137	-0.228631	
1	-1.611328	0.629450	1.096137	-0.228631	
1	-1.610150	0.634766	1.096000	-0.228592	
1	-1.610150	0.634766	1.096000	-0.228592	
1	-1.600112	0.683594	1.094077	-0.228013	
1	-1.600112	0.683594	1.094077	-0.228013	
1	-1.591096	0.732422	1.091148	-0.227041	
1	-1.591096	0.732422	1.091148	-0.227041	
1	-1.582933	0.781250	1.087314	-0.225646	
1	-1.582933	0.781250	1.087314	-0.225646	
1	-1.575469	0.830078	1.082664	-0.223802	
1	-1.575469	0.830078	1.082664	-0.223802	
1	-1.568567	0.878906	1.077282	-0.221494	
1	-1.568567	0.878906	1.077282	-0.221494	
1	-1.562500	0.924629	1.071642	-0.218900	
1	-1.562500	0.924629	1.071642	-0.218900	
1	-1.562074	0.927734	1.071249	-0.218713	
1	-1.562074	0.927734	1.071249	-0.218713	
1	-1.555543	0.976562	1.064754	-0.215514	
1	-1.555543	0.976562	1.064754	-0.215514	
1	-1.549355	1.025391	1.057677	-0.211807	
1	-1.549355	1.025391	1.057677	-0.211807	
1	-1.543407	1.074219	1.050077	-0.207590	
1	-1.543407	1.074219	1.050077	-0.207590	
1	-1.537607	1.123047	1.042010	-0.202861	
1	-1.537607	1.123047	1.042010	-0.202861	
1	-1.531880	1.171875	1.033521	-0.197623	
1	-1.531880	1.171875	1.033521	-0.197623	
1	-1.526160	1.220703	1.024653	-0.191875	
1	-1.526160	1.220703	1.024653	-0.191875	
1	-1.520391	1.269531	1.015444	-0.185622	
1	-1.520391	1.269531	1.015444	-0.185622	
1	-1.514525	1.318359	1.005927	-0.178865	
1	-1.514525	1.318359	1.005927	-0.178865	
1	-1.513672	1.325137	1.004593	-0.177895	
1	-1.513672	1.325137	1.004593	-0.177895	
1	-1.508397	1.367188	0.996171	-0.171639	
1	-1.508397	1.367188	0.996171	-0.171639	
1	-1.502117	1.416016	0.986158	-0.163914	
1	-1.502117	1.416016	0.986158	-0.163914	
1	-1.495671	1.464844	0.975906	-0.155687	
1	-1.495671	1.464844	0.975906	-0.155687	
1	-1.489026	1.513672	0.965442	-0.146965	
1	-1.489026	1.513672	0.965442	-0.146965	
1	-1.482154	1.562500	0.954788	-0.137751	
1	-1.482154	1.562500	0.954788	-0.137751	
1	-1.475029	1.611328	0.943967	-0.128052	
1	-1.475029	1.611328	0.943967	-0.128052	
1	-1.467629	1.660156	0.932999	-0.117871	
1	-1.467629	1.660156	0.932999	-0.117871	
1	-1.464844	1.677617	0.929064	-0.114133	
1	-1.464844	1.677617	0.929064	-0.114133	
1	-1.459916	1.708984	0.921908	-0.107220	
1	-1.459916	1.708984	0.921908	-0.107220	
1	-1.451904	1.757812	0.910701	-0.096094	
1	-1.451904	1.757812	0.910701	-0.096094	
1	-1.443593	1.806641	0.899391	-0.084494	
1	-1.443593	1.806641	0.899391	-0.084494	
1	-1.434962	1.855469	0.887995	-0.072426	
1	-1.434962	1.855469	0.887995	-0.072426	
1	-1.425995	1.904297	0.876529	-0.059895	
1	-1.425995	1.904297	0.876529	-0.059895	
1	-1.416675	1.953125	0.865008	-0.046907	
1	-1.416675	1.953125	0.865008	-0.046907	
1	-1.416016	1.956414	0.864236	-0.046021	
1	-1.416016	1.956414	0.864236	-0.046021	
1	-1.407042	2.001953	0.853434	-0.033453	
1	-1.407042	2.001953	0.853434	-0.033453	
1	-1.397056	2.050781	0.841825	-0.019544	
1	-1.397056	2.050781	0.841825	-0.019544	
1	-1.386698	2.099609	0.830197	-0.005187	
1	-1.386698	2.099609	0.830197	-0.005187	
1	-1.375954	2.148438	0.818561	0.009611	
1	-1.375954	2.148438	0.818561	0.009611	
1	-1.367188	2.186782	0.809438	0.021523	
1	-1.367188	2.186782	0.809438	0.021523	
1	-1.364833	2.197266	0.806926	0.024851	
1	-1.364833	2.197266	0.806926	0.024851	
1	-1.353395	2.246094	0.795288	0.040551	
1	-1.353395	2.246094	0.795288	0.040551	
1	-1.341549	2.294922	0.783674	0.056681	
1	-1.341549	2.294922	0.783674	0.056681	
1	-1.329280	2.343750	0.772097	0.073237	
1	-1.329280	2.343750	0.772097	0.073237	
1	-1.318359	2.385697	0.762194	0.087786	
1	-1.318359	2.385697	0.762194	0.087786	
1	-1.316597	2.392578	0.760562	0.090219	
1	-1.316597	2.392578	0.760562	0.090219	
1	-1.303602	2.441406	0.749057	0.107655	
1	-1.303602	2.441406	0.749057	0.107655	
1	-1.290160	2.490234	0.737618	0.125505	
1	-1.290160	2.490234	0.737618	0.125505	
1	-1.276255	2.539062	0.726252	0.143764	
1	-1.276255	2.539062	0.726252	0.143764	
1	-1.269531	2.561880	0.720980	0.152417	
1	-1.269531	2.561880	0.720980	0.152417	
1	-1.261971	2.587891	0.714954	0.162454	
1	-1.261971	2.587891	0.714954	0.162454	
1	-1.247294	2.636719	0.703732	0.181569	
1	-1.247294	2.636719	0.703732	0.181569	
1	-1.232124	2.685547	0.692611	0.201082	
1	-1.232124	2.685547	0.692611	0.201082	
1	-1.220703	2.721133	0.684581	0.215538	
1	-1.220703	2.721133	0.684581	0.215538	
1	-1.216502	2.734375	0.681590	0.221002	
1	-1.216502	2.734375	0.681590	0.221002	
1	-1.200512	2.783203	0.670664	0.241353	
1	-1.200512	2.783203	0.670664	0.241353	
1	-1.183997	2.832031	0.659862	0.262090	
1	-1.183997	2.832031	0.659862	0.262090	
1	-1.171875	2.866769	0.652263	0.277065	
1	-1.171875	2.866769	0.652263	0.277065	
1	-1.167002	2.880859	0.649183	0.283227	
1	-1.167002	2.880859	0.649183	0.283227	
1	-1.149605	2.929688	0.638625	0.304783	
1	-1.149605	2.929688	0.638625	0.304783	
1	-1.131647	2.978516	0.628213	0.326718	
1	-1.131647	2.978516	0.628213	0.326718	
1	-1.123047	3.001233	0.623426	0.337038	
1	-1.123047	3.001233	0.623426	0.337038	
1	-1.113223	3.027344	0.617941	0.349055	
1	-1.113223	3.027344	0.617941	0.349055	
1	-1.094307	3.076172	0.607819	0.371790	
1	-1.094307	3.076172	0.607819	0.371790	
1	-1.074790	3.125000	0.597865	0.394896	
1	-1.074790	3.125000	0.597865	0.394896	
1	-1.074219	3.126394	0.597584	0.395560	
1	-1.074219	3.126394	0.597584	0.395560	
1	-1.054850	3.173828	0.588066	0.418418	
1	-1.054850	3.173828	0.588066	0.418418	
1	-1.034284	3.222656	0.578447	0.442309	
1	-1.034284	3.222656	0.578447	0.442309	
1	-1.025391	3.243225	0.574454	0.452474	
1	-1.025391	3.243225	0.574454	0.452474	
1	-1.013179	3.271484	0.569006	0.466591	
1	-1.013179	3.271484	0.569006	0.466591	
1	-0.991490	3.320312	0.559754	0.491257	
1	-0.991490	3.320312	0.559754	0.491257	
1	-0.976562	3.353002	0.553674	0.507968	
1	-0.976562	3.353002	0.553674	0.507968	
1	-0.969178	3.369141	0.550699	0.516300	
1	-0.969178	3.369141	0.550699	0.516300	
1	-0.946277	3.417969	0.541843	0.541732	
1	-0.946277	3.417969	0.541843	0.541732	
1	-0.927734	3.456402	0.535025	0.562004	
1	-0.927734	3.456402	0.535025	0.562004	
1	-0.922695	3.466797	0.533200	0.567537	
1	-0.922695	3.466797	0.533200	0.567537	
1	-0.898484	3.515625	0.524772	0.593729	
1	-0.898484	3.515625	0.524772	0.593729	
1	-0.878906	3.554022	0.518305	0.614582	
1	-0.878906	3.554022	0.518305	0.614582	
1	-0.873547	3.564453	0.516571	0.620295	
1	-0.873547	3.564453	0.516571	0.620295	
1	-0.847912	3.613281	0.508601	0.647246	
1	-0.847912	3.613281	0.508601	0.647246	
1	-0.830078	3.646372	0.503338	0.665721	
1	-0.830078	3.646372	0.503338	0.665721	
1	-0.821508	3.662109	0.500872	0.674575	
1	-0.821508	3.662109	0.500872	0.674575	
1	-0.794323	3.710938	0.493392	0.702287	
1	-0.794323	3.710938	0.493392	0.702287	
1	-0.781250	3.733883	0.489966	0.715440	
1	-0.781250	3.733883	0.489966	0.715440	
1	-0.766305	3.759766	0.486170	0.730382	
1	-0.766305	3.759766	0.486170	0.730382	
1	-0.737429	3.808594	0.479212	0.758864	
1	-0.737429	3.808594	0.479212	0.758864	
1	-0.732422	3.816906	0.478055	0.763752	
1	-0.732422	3.816906	0.478055	0.763752	
1	-0.707611	3.857422	0.472531	0.787732	
1	-0.707611	3.857422	0.472531	0.787732	
1	-0.683594	3.895705	0.467490	0.810645	
1	-0.683594	3.895705	0.467490	0.810645	
1	-0.676851	3.906250	0.466134	0.816996	
1	-0.676851	3.906250	0.466134	0.816996	
1	-0.645040	3.955078	0.460031	0.846656	
1	-0.645040	3.955078	0.460031	0.846656	
1	-0.634766	3.970547	0.458161	0.856140	
1	-0.634766	3.970547	0.458161	0.856140	
1	-0.612111	4.003906	0.454235	0.876717	
1	-0.612111	4.003906	0.454235	0.876717	
1	-0.585938	4.041642	0.449970	0.900240	
1	-0.585938	4.041642	0.449970	0.900240	
1	-0.578048	4.052734	0.448754	0.907194	
1	-0.578048	4.052734	0.448754	0.907194	
1	-0.542706	4.101562	0.443603	0.938091	
1	-0.542706	4.101562	0.443603	0.938091	
1	-0.537109	4.109173	0.442830	0.942948	
1	-0.537109	4.109173	0.442830	0.942948	
1	-0.505927	4.150391	0.438795	0.969411	
1	-0.505927	4.150391	0.438795	0.969411	
1	-0.488281	4.173303	0.436659	0.984273	
1	-0.488281	4.173303	0.436659	0.984273	
1	-0.467684	4.199219	0.434343	1.001181	
1	-0.467684	4.199219	0.434343	1.001181	
1	-0.439453	4.234160	0.431384	1.024210	
1	-0.439453	4.234160	0.431384	1.024210	
1	-0.427836	4.248047	0.430264	1.033416	
1	-0.427836	4.248047	0.430264	1.033416	
1	-0.390625	4.291863	0.426935	1.062759	
1	-0.390625	4.291863	0.426935	1.062759	
1	-0.386203	4.296875	0.426576	1.066136	
1	-0.386203	4.296875	0.426576	1.066136	
1	-0.342541	4.345703	0.423299	1.099363	
1	-0.342541	4.345703	0.423299	1.099363	
1	-0.341797	4.346526	0.423248	1.099929	
1	-0.341797	4.346526	0.423248	1.099929	
1	-0.296518	4.394531	0.420458	1.133128	
1	-0.296518	4.394531	0.420458	1.133128	
1	-0.292969	4.398251	0.420260	1.135727	
1	-0.292969	4.398251	0.420260	1.135727	
1	-0.247917	4.443359	0.418079	1.167479	
1	-0.247917	4.443359	0.418079	1.167479	
1	-0.244141	4.447102	0.417917	1.170141	
1	-0.244141	4.447102	0.417917	1.170141	
1	-0.196338	4.492188	0.416195	1.202474	
1	-0.196338	4.492188	0.416195	1.202474	
1	-0.195312	4.493147	0.416163	1.203169	
1	-0.195312	4.493147	0.416163	1.203169	
1	-0.146484	4.536469	0.414948	1.234826	
1	-0.146484	4.536469	0.414948	1.234826	
1	-0.141052	4.541016	0.414846	1.238181	
1	-0.141052	4.541016	0.414846	1.238181	
1	-0.097656	4.577113	0.414222	1.265104	
1	-0.097656	4.577113	0.414222	1.265104	
1	-0.081348	4.589844	0.414082	1.274712	
1	-0.081348	4.589844	0.414082	1.274712	
1	-0.048828	4.615109	0.413938	1.293988	
1	-0.048828	4.615109	0.413938	1.293988	
1	-0.016340	4.638672	0.413971	1.312223	
1	-0.016340	4.638672	0.413971	1.312223	
1	0.000000	4.650483	0.414052	1.321464	
1	0.000000	4.650483	0.414052	1.321464	
1	0.048828	4.683278	0.414518	1.347536	
1	0.048828	4.683278	0.414518	1.347536	
1	0.055628	4.687500	0.414606	1.350945	
1	0.055628	4.687500	0.414606	1.350945	
1	0.097656	4.713574	0.415296	1.372241	
1	0.097656	4.713574	0.415296	1.372241	
1	0.137751	4.736328	0.416129	1.391290	
1	0.137751	4.736328	0.416129	1.391290	
1	0.146484	4.741287	0.416341	1.395490	
1	0.146484	4.741287	0.416341	1.395490	
1	0.195312	4.766543	0.417615	1.417362	
1	0.195312	4.766543	0.417615	1.417362	
1	0.235376	4.785156	0.418788	1.434056	
1	0.235376	4.785156	0.418788	1.434056	
1	0.244141	4.789241	0.419073	1.437764	
1	0.244141	4.789241	0.419073	1.437764	
1	0.292969	4.809502	0.420682	1.456775	
1	0.292969	4.809502	0.420682	1.456775	
1	0.341797	4.827209	0.422394	1.474294	
1	0.341797	4.827209	0.422394	1.474294	
1	0.363598	4.833984	0.423155	1.481394	
1	0.363598	4.833984	0.423155	1.481394	
1	0.390625	4.842440	0.424176	1.490375	
1	0.390625	4.842440	0.424176	1.490375	
1	0.439453	4.855171	0.425985	1.504991	
1	0.439453	4.855171	0.425985	1.504991	
1	0.488281	4.865349	0.427780	1.518102	
1	0.488281	4.865349	0.427780	1.518102	
1	0.537109	4.872966	0.429519	1.529699	
1	0.537109	4.872966	0.429519	1.529699	
1	0.585938	4.878006	0.431161	1.539773	
1	0.585938	4.878006	0.431161	1.539773	
1	0.634766	4.880442	0.432664	1.548308	
1	0.634766	4.880442	0.432664	1.548308	
1	0.683594	4.880238	0.433986	1.555285	
1	0.683594	4.880238	0.433986	1.555285	
1	0.732422	4.877351	0.435079	1.560680	
1	0.732422	4.877351	0.435079	1.560680	
1	0.781250	4.871724	0.435897	1.564465	
1	0.781250	4.871724	0.435897	1.564465	
1	0.830078	4.863295	0.436388	1.566606	
1	0.830078	4.863295	0.436388	1.566606	
1	0.878906	4.851989	0.436500	1.567069	
1	0.878906	4.851989	0.436500	1.567069	
1	0.927734	4.837721	0.436174	1.565813	
1	0.927734	4.837721	0.436174	1.565813	
1	0.938382	4.833984	0.435993	1.565139	
1	0.938382	4.833984	0.435993	1.565139	
1	0.976562	4.820462	0.435363	1.562843	
1	0.976562	4.820462	0.435363	1.562843	
1	1.025391	4.800067	0.433995	1.558083	
1	1.025391	4.800067	0.433995	1.558083	
1	1.056338	4.785156	0.432739	1.553889	
1	1.056338	4.785156	0.432739	1.553889	
1	1.074219	4.776432	0.432003	1.551493	
1	1.074219	4.776432	0.432003	1.551493	
1	1.123047	4.749453	0.429320	1.543038	
1	1.123047	4.749453	0.429320	1.543038	
1	1.144270	4.736328	0.427840	1.538534	
1	1.144270	4.736328	0.427840	1.538534	
1	1.171875	4.718977	0.425862	1.532655	
1	1.171875	4.718977	0.425862	1.532655	
1	1.216963	4.687500	0.421883	1.521237	
1	1.216963	4.687500	0.421883	1.521237	
1	1.220703	4.684840	0.421542	1.520281	
1	1.220703	4.684840	0.421542	1.520281	
1	1.269531	4.646883	0.416270	1.505863	
1	1.269531	4.646883	0.416270	1.505863	
1	1.279247	4.638672	0.415049	1.502612	
1	1.279247	4.638672	0.415049	1.502612	
1	1.318359	4.604883	0.409936	1.489316	
1	1.318359	4.604883	0.409936	1.489316	
1	1.334486	4.589844	0.407524	1.483201	
1	1.334486	4.589844	0.407524	1.483201	
1	1.367188	4.558602	0.402421	1.470558	
1	1.367188	4.558602	0.402421	1.470558	
1	1.384371	4.541016	0.399404	1.463253	
1	1.384371	4.541016	0.399404	1.463253	
1	1.416016	4.507768	0.393592	1.449495	
1	1.416016	4.507768	0.393592	1.449495	
1	1.429953	4.492188	0.390753	1.442914	
1	1.429953	4.492188	0.390753	1.442914	
1	1.464844	4.452060	0.383297	1.426020	
1	1.464844	4.452060	0.383297	1.426020	
1	1.471998	4.443359	0.381622	1.422298	
1	1.471998	4.443359	0.381622	1.422298	
1	1.511004	4.394531	0.372044	1.401468	
1	1.511004	4.394531	0.372044	1.401468	
1	1.513672	4.391098	0.371359	1.400006	
1	1.513672	4.391098	0.371359	1.400006	
1	1.547256	4.345703	0.362031	1.380444	
1	1.547256	4.345703	0.362031	1.380444	
1	1.562500	4.324395	0.357562	1.371285	
1	1.562500	4.324395	0.357562	1.371285	
1	1.581338	4.296875	0.351647	1.359355	
1	1.581338	4.296875	0.351647	1.359355	
1	1.611328	4.251477	0.341687	1.339732	
1	1.611328	4.251477	0.341687	1.339732	
1	1.613507	4.248047	0.340918	1.338241	
1	1.613507	4.248047	0.340918	1.338241	
1	1.643689	4.199219	0.329816	1.317039	
1	1.643689	4.199219	0.329816	1.317039	
1	1.660156	4.171565	0.323403	1.305066	
1	1.660156	4.171565	0.323403	1.305066	
1	1.672343	4.150391	0.318408	1.295872	
1	1.672343	4.150391	0.318408	1.295872	
1	1.699496	4.101562	0.306689	1.274722	
1	1.699496	4.101562	0.306689	1.274722	
1	1.708984	4.083912	0.302382	1.267091	
1	1.708984	4.083912	0.302382	1.267091	
1	1.725262	4.052734	0.294670	1.253606	
1	1.725262	4.052734	0.294670	1.253606	
1	1.749801	4.003906	0.282377	1.232559	
1	1.749801	4.003906	0.282377	1.232559	
1	1.757812	3.987412	0.278161	1.225462	
1	1.757812	3.987412	0.278161	1.225462	
1	1.773138	3.955078	0.269807	1.211573	
1	1.773138	3.955078	0.269807	1.211573	
1	1.795399	3.906250	0.256981	1.190680	
1	1.795399	3.906250	0.256981	1.190680	
1	1.806641	3.880652	0.250153	1.179758	
1	1.806641	3.880652	0.250153	1.179758	
1	1.816638	3.857422	0.243906	1.169883	
1	1.816638	3.857422	0.243906	1.169883	
1	1.836899	3.808594	0.230587	1.149190	
1	1.836899	3.808594	0.230587	1.149190	
1	1.855469	3.761829	0.217620	1.129488	
1	1.855469	3.761829	0.217620	1.129488	
1	1.856275	3.759766	0.217044	1.128624	
1	1.856275	3.759766	0.217044	1.128624	
1	1.874764	3.710938	0.203271	1.108174	
1	1.874764	3.710938	0.203271	1.108174	
1	1.892443	3.662109	0.189286	1.087862	
1	1.892443	3.662109	0.189286	1.087862	
1	1.904297	3.627977	0.179376	1.073732	
1	1.904297	3.627977	0.179376	1.073732	
1	1.909341	3.613281	0.175094	1.067692	
1	1.909341	3.613281	0.175094	1.067692	
1	1.925498	3.564453	0.160702	1.047673	
1	1.925498	3.564453	0.160702	1.047673	
1	1.940930	3.515625	0.146115	1.027806	
1	1.940930	3.515625	0.146115	1.027806	
1	1.953125	3.475276	0.133908	1.011495	
1	1.953125	3.475276	0.133908	1.011495	
1	1.955669	3.466797	0.131339	1.008097	
1	1.955669	3.466797	0.131339	1.008097	
1	1.969772	3.417969	0.116390	0.988566	
1	1.969772	3.417969	0.116390	0.988566	
1	1.983223	3.369141	0.101263	0.969201	
1	1.983223	3.369141	0.101263	0.969201	
1	1.996038	3.320312	0.085961	0.950007	
1	1.996038	3.320312	0.085961	0.950007	
1	2.001953	3.296742	0.078498	0.940784	
1	2.001953	3.296742	0.078498	0.940784	
1	2.008275	3.271484	0.070503	0.931002	
1	2.008275	3.271484	0.070503	0.931002	
1	2.019949	3.222656	0.054894	0.912191	
1	2.019949	3.222656	0.054894	0.912191	
1	2.031044	3.173828	0.039128	0.893564	
1	2.031044	3.173828	0.039128	0.893564	
1	2.041572	3.125000	0.023210	0.875126	
1	2.041572	3.125000	0.023210	0.875126	
1	2.050781	3.079955	0.008390	0.858282	
1	2.050781	3.079955	0.008390	0.858282	
1	2.051556	3.076172	0.007147	0.856883	
1	2.051556	3.076172	0.007147	0.856883	
1	2.061076	3.027344	-0.009029	0.838868	
1	2.061076	3.027344	-0.009029	0.838868	
1	2.070072	2.978516	-0.025341	0.821053	
1	2.070072	2.978516	-0.025341	0.821053	
1	2.078554	2.929688	-0.041783	0.803443	
1	2.078554	2.929688	-0.041783	0.803443	
1	2.086534	2.880859	-0.058349	0.786042	
1	2.086534	2.880859	-0.058349	0.786042	
1	2.094022	2.832031	-0.075035	0.768855	
1	2.094022	2.832031	-0.075035	0.768855	
1	2.099609	2.793125	-0.088425	0.755301	
1	2.099609	2.793125	-0.088425	0.755301	
1	2.101043	2.783203	-0.091829	0.751890	
1	2.101043	2.783203	-0.091829	0.751890	
1	2.107646	2.734375	-0.108709	0.735167	
1	2.107646	2.734375	-0.108709	0.735167	
1	2.113781	2.685547	-0.125692	0.718668	
1	2.113781	2.685547	-0.125692	0.718668	
1	2.119457	2.636719	-0.142774	0.702395	
1	2.119457	2.636719	-0.142774	0.702395	
1	2.124681	2.587891	-0.159948	0.686353	
1	2.124681	2.587891	-0.159948	0.686353	
1	2.129459	2.539062	-0.177210	0.670544	
1	2.129459	2.539062	-0.177210	0.670544	
1	2.133798	2.490234	-0.194554	0.654971	
1	2.133798	2.490234	-0.194554	0.654971	
1	2.137703	2.441406	-0.211974	0.639639	
1	2.137703	2.441406	-0.211974	0.639639	
1	2.141179	2.392578	-0.229465	0.624550	
1	2.141179	2.392578	-0.229465	0.624550	
1	2.144231	2.343750	-0.247023	0.609706	
1	2.144231	2.343750	-0.247023	0.609706	
1	2.146862	2.294922	-0.264640	0.595112	
1	2.146862	2.294922	-0.264640	0.595112	
1	2.148438	2.260154	-0.277239	0.584856	
1	2.148438	2.260154	-0.277239	0.584856	
1	2.149082	2.246094	-0.282310	0.580771	
1	2.149082	2.246094	-0.282310	0.580771	
1	2.150901	2.197266	-0.300023	0.566689	
1	2.150901	2.197266	-0.300023	0.566689	
1	2.152302	2.148438	-0.317783	0.552862	
1	2.152302	2.148438	-0.317783	0.552862	
1	2.153287	2.099609	-0.335584	0.539291	
1	2.153287	2.099609	-0.335584	0.539291	
1	2.153860	2.050781	-0.353421	0.525980	
1	2.153860	2.050781	-0.353421	0.525980	
1	2.154019	2.001953	-0.371288	0.512931	
1	2.154019	2.001953	-0.371288	0.512931	
1	2.153767	1.953125	-0.389181	0.500145	
1	2.153767	1.953125	-0.389181	0.500145	
1	2.153104	1.904297	-0.407094	0.487625	
1	2.153104	1.904297	-0.407094	0.487625	
1	2.152029	1.855469	-0.425021	0.475374	
1	2.152029	1.855469	-0.425021	0.475374	
1	2.150543	1.806641	-0.442956	0.463392	
1	2.150543	1.806641	-0.442956	0.463392	
1	2.148645	1.757812	-0.460894	0.451683	
1	2.148645	1.757812	-0.460894	0.451683	
1	2.148438	1.753409	-0.462521	0.450635	
1	2.148438	1.753409	-0.462521	0.450635	
1	2.146347	1.708984	-0.478823	0.440252	
1	2.146347	1.708984	-0.478823	0.440252	
1	2.143637	1.660156	-0.496741	0.429098	
1	2.143637	1.660156	-0.496741	0.429098	
1	2.140511	1.611328	-0.514645	0.418222	
1	2.140511	1.611328	-0.514645	0.418222	
1	2.136968	1.562500	-0.532528	0.407625	
1	2.136968	1.562500	-0.532528	0.407625	
1	2.133005	1.513672	-0.550384	0.397309	
1	2.133005	1.513672	-0.550384	0.397309	
1	2.128621	1.464844	-0.568207	0.387277	
1	2.128621	1.464844	-0.568207	0.387277	
1	2.123814	1.416016	-0.585988	0.377531	
1	2.123814	1.416016	-0.585988	0.377531	
1	2.118584	1.367188	-0.603721	0.368073	
1	2.118584	1.367188	-0.603721	0.368073	
1	2.112929	1.318359	-0.621396	0.358904	
1	2.112929	1.318359	-0.621396	0.358904	
1	2.106849	1.269531	-0.639006	0.350029	
1	2.106849	1.269531	-0.639006	0.350029	
1	2.100346	1.220703	-0.656539	0.341449	
1	2.100346	1.220703	-0.656539	0.341449	
1	2.099609	1.215459	-0.658425	0.340541	
1	2.099609	1.215459	-0.658425	0.340541	
1	2.093392	1.171875	-0.674002	0.333159	
1	2.093392	1.171875	-0.674002	0.333159	
1	2.085998	1.123047	-0.691379	0.325167	
1	2.085998	1.123047	-0.691379	0.325167	
1	2.078169	1.074219	-0.708654	0.317475	
1	2.078169	1.074219	-0.708654	0.317475	
1	2.069910	1.025391	-0.725815	0.310087	
1	2.069910	1.025391	-0.725815	0.310087	
1	2.061224	0.976562	-0.742847	0.303006	
1	2.061224	0.976562	-0.742847	0.303006	
1	2.052120	0.927734	-0.759734	0.296237	
1	2.052120	0.927734	-0.759734	0.296237	
1	2.050781	0.920792	-0.762128	0.295298	
1	2.050781	0.920792	-0.762128	0.295298	
1	2.042486	0.878906	-0.776527	0.289757	
1	2.042486	0.878906	-0.776527	0.289757	
1	2.032405	0.830078	-0.793166	0.283586	
1	2.032405	0.830078	-0.793166	0.283586	
1	2.021909	0.781250	-0.809617	0.277735	
1	2.021909	0.781250	-0.809617	0.277735	
1	2.011013	0.732422	-0.825856	0.272207	
1	2.011013	0.732422	-0.825856	0.272207	
1	2.001953	0.693093	-0.838768	0.267991	
1	2.001953	0.693093	-0.838768	0.267991	
1	1.999683	0.683594	-0.841890	0.266996	
1	1.999683	0.683594	-0.841890	0.266996	
1	1.987742	0.634766	-0.857805	0.262072	
1	1.987742	0.634766	-0.857805	0.262072	
1	1.975428	0.585938	-0.873447	0.257480	
1	1.975428	0.585938	-0.873447	0.257480	
1	1.962773	0.537109	-0.888779	0.253224	
1	1.962773	0.537109	-0.888779	0.253224	
1	1.953125	0.500656	-0.900001	0.250268	
1	1.953125	0.500656	-0.900001	0.250268	
1	1.949689	0.488281	-0.903836	0.249289	
1	1.949689	0.488281	-0.903836	0.249289	
1	1.935948	0.439453	-0.918732	0.245643	
1	1.935948	0.439453	-0.918732	0.245643	
1	1.921941	0.390625	-0.933222	0.242340	
1	1.921941	0.390625	-0.933222	0.242340	
1	1.907719	0.341797	-0.947258	0.239381	
1	1.907719	0.341797	-0.947258	0.239381	
1	1.904297	0.330092	-0.950543	0.238724	
1	1.904297	0.330092	-0.950543	0.238724	
1	1.892779	0.292969	-0.961110	0.236704	
1	1.892779	0.292969	-0.961110	0.236704	
1	1.877532	0.244141	-0.974522	0.234353	
1	1.877532	0.244141	-0.974522	0.234353	
1	1.862221	0.195312	-0.987340	0.232343	
1	1.862221	0.195312	-0.987340	0.232343	
1	1.855469	0.173682	-0.992797	0.231561	
1	1.855469	0.173682	-0.992797	0.231561	
1	1.846359	0.146484	-0.999818	0.230622	
1	1.846359	0.146484	-0.999818	0.230622	
1	1.830133	0.097656	-1.011830	0.229201	
1	1.830133	0.097656	-1.011830	0.229201	
1	1.814071	0.048828	-1.023074	0.228097	
1	1.814071	0.048828	-1.023074	0.228097	
1	1.806641	0.025855	-1.028059	0.227682	
1	1.806641	0.025855	-1.028059	0.227682	
1	1.797574	0.000000	-1.033858	0.227261	
1	1.797574	0.000000	-1.033858	0.227261	
1	1.780846	-0.048828	-1.044054	0.226693	
1	1.780846	-0.048828	-1.044054	0.226693	
1	1.764589	-0.097656	-1.053286	0.226384	
1	1.764589	-0.097656	-1.053286	0.226384	
1	1.757812	-0.118675	-1.056926	0.226321	
1	1.757812	-0.118675	-1.056926	0.226321	
1	1.748010	-0.146484	-1.061957	0.226293	
1	1.748010	-0.146484	-1.061957	0.226293	
1	1.731508	-0.195312	-1.069851	0.226404	
1	1.731508	-0.195312	-1.069851	0.226404	
1	1.715827	-0.244141	-1.076604	0.226667	
1	1.715827	-0.244141	-1.076604	0.226667	
1	1.708984	-0.266540	-1.079288	0.226821	
1	1.708984	-0.266540	-1.079288	0.226821	
1	1.700116	-0.292969	-1.082637	0.227057	
1	1.700116	-0.292969	-1.082637	0.227057	
1	1.684736	-0.341797	-1.087778	0.227531	
1	1.684736	-0.341797	-1.087778	0.227531	
1	1.670482	-0.390625	-1.091670	0.227999	
1	1.670482	-0.390625	-1.091670	0.227999	
1	1.660156	-0.428761	-1.093851	0.228316	
1	1.660156	-0.428761	-1.093851	0.228316	
1	1.656980	-0.439453	-1.094513	0.228421	
1	1.656980	-0.439453	-1.094513	0.228421	
1	1.643513	-0.488281	-1.096643	0.228802	
1	1.643513	-0.488281	-1.096643	0.228802	
1	1.631320	-0.537109	-1.097533	0.228993	
1	1.631320	-0.537109	-1.097533	0.228993	
1	1.620281	-0.585938	-1.097272	0.228935	
1	1.620281	-0.585938	-1.097272	0.228935	
1	1.611328	-0.629450	-1.096137	0.228631	
1	1.611328	-0.629450	-1.096137	0.228631	
1	1.610150	-0.634766	-1.096000	0.228592	
1	1.610150	-0.634766	-1.096000	0.228592	
1	1.600112	-0.683594	-1.094077	0.228013	
1	1.600112	-0.683594	-1.094077	0.228013	
1	1.591096	-0.732422	-1.091148	0.227041	
1	1.591096	-0.732422	-1.091148	0.227041	
1	1.582933	-0.781250	-1.087314	0.225646	
1	1.582933	-0.781250	-1.087314	0.225646	
1	1.575469	-0.830078	-1.082664	0.223802	
1	1.575469	-0.830078	-1.082664	0.223802	
1	1.568567	-0.878906	-1.077282	0.221494	
1	1.568567	-0.878906	-1.077282	0.221494	
1	1.562500	-0.924629	-1.071642	0.218900	
1	1.562500	-0.924629	-1.071642	0.218900	
1	1.562074	-0.927734	-1.071249	0.218713	
1	1.562074	-0.927734	-1.071249	0.218713	
1	1.555543	-0.976562	-1.064754	0.215514	
1	1.555543	-0.976562	-1.064754	0.215514	
1	1.549355	-1.025391	-1.057677	0.211807	
1	1.549355	-1.025391	-1.057677	0.211807	
1	1.543407	-1.074219	-1.050077	0.207590	
1	1.543407	-1.074219	-1.050077	0.207590	
1	1.537607	-1.123047	-1.042010	0.202861	
1	1.537607	-1.123047	-1.042010	0.202861	
1	1.531880	-1.171875	-1.033521	0.197623	
1	1.531880	-1.171875	-1.033521	0.197623	
1	1.526160	-1.220703	-1.024653	0.191875	
1	1.526160	-1.220703	-1.024653	0.191875	
1	1.520391	-1.269531	-1.015444	0.185622	
1	1.520391	-1.269531	-1.015444	0.185622	
1	1.514525	-1.318359	-1.005927	0.178865	
1	1.514525	-1.318359	-1.005927	0.178865	
1	1.513672	-1.325137	-1.004593	0.177895	
1	1.513672	-1.325137	-1.004593	0.177895	
1	1.508397	-1.367188	-0.996171	0.171639	
1	1.508397	-1.367188	-0.996171	0.171639	
1	1.502117	-1.416016	-0.986158	0.163914	
1	1.502117	-1.416016	-0.986158	0.163914	
1	1.495671	-1.464844	-0.975906	0.155687	
1	1.495671	-1.464844	-0.975906	0.155687	
1	1.489026	-1.513672	-0.965442	0.146965	
1	1.489026	-1.513672	-0.965442	0.146965	
1	1.482154	-1.562500	-0.954788	0.137751	
1	1.482154	-1.562500	-0.954788	0.137751	
1	1.475029	-1.611328	-0.943967	0.128052	
1	1.475029	-1.611328	-0.943967	0.128052	
1	1.467629	-1.660156	-0.932999	0.117871	
1	1.467629	-1.660156	-0.932999	0.117871	
1	1.464844	-1.677617	-0.929064	0.114133	
1	1.464844	-1.677617	-0.929064	0.114133	
1	1.459916	-1.708984	-0.921908	0.107220	
1	1.459916	-1.708984	-0.921908	0.107220	
1	1.451904	-1.757812	-0.910701	0.096094	
1	1.451904	-1.757812	-0.910701	0.096094	
1	1.443593	-1.806641	-0.899391	0.084494	
1	1.443593	-1.806641	-0.899391	0.084494	
1	1.434962	-1.855469	-0.887995	0.072426	
1	1.434962	-1.855469	-0.887995	0.072426	
1	1.425995	-1.904297	-0.876529	0.059895	
1	1.425995	-1.904297	-0.876529	0.059895	
1	1.416675	-1.953125	-0.865008	0.046907	
1	1.416675	-1.953125	-0.865008	0.046907	
1	1.416016	-1.956414	-0.864236	0.046021	
1	1.416016	-1.956414	-0.864236	0.046021	
1	1.407042	-2.001953	-0.853434	0.033453	
1	1.407042	-2.001953	-0.853434	0.033453	
1	1.397056	-2.050781	-0.841825	0.019544	
1	1.397056	-2.050781	-0.841825	0.019544	
1	1.386698	-2.099609	-0.830197	0.005187	
1	1.386698	-2.099609	-0.830197	0.005187	
1	1.375954	-2.148438	-0.818561	-0.009611	
1	1.375954	-2.148438	-0.818561	-0.009611	
1	1.367188	-2.186782	-0.809438	-0.021523	
1	1.367188	-2.186782	-0.809438	-0.021523	
1	1.364833	-2.197266	-0.806926	-0.024851	
1	1.364833	-2.197266	-0.806926	-0.024851	
1	1.353395	-2.246094	-0.795288	-0.040551	
1	1.353395	-2.246094	-0.795288	-0.040551	
1	1.341549	-2.294922	-0.783674	-0.056681	
1	1.341549	-2.294922	-0.783674	-0.056681	
1	1.329280	-2.343750	-0.772097	-0.073237	
1	1.329280	-2.343750	-0.772097	-0.073237	
1	1.318359	-2.385697	-0.762194	-0.087786	
1	1.318359	-2.385697	-0.762194	-0.087786	
1	1.316597	-2.392578	-0.760562	-0.090219	
1	1.316597	-2.392578	-0.760562	-0.090219	
1	1.303602	-2.441406	-0.749057	-0.107655	
1	1.303602	-2.441406	-0.749057	-0.107655	
1	1.290160	-2.490234	-0.737618	-0.125505	
1	1.290160	-2.490234	-0.737618	-0.125505	
1	1.276255	-2.539062	-0.726252	-0.143764	
1	1.276255	-2.539062	-0.726252	-0.143764	
1	1.269531	-2.561880	-0.720980	-0.152417	
1	1.269531	-2.561880	-0.720980	-0.152417	
1	1.261971	-2.587891	-0.714954	-0.162454	
1	1.261971	-2.587891	-0.714954	-0.162454	
1	1.247294	-2.636719	-0.703732	-0.181569	
1	1.247294	-2.636719	-0.703732	-0.181569	
1	1.232124	-2.685547	-0.692611	-0.201082	
1	1.232124	-2.685547	-0.692611	-0.201082	
1	1.220703	-2.721133	-0.684581	-0.215538	
1	1.220703	-2.721133	-0.684581	-0.215538	
1	1.216502	-2.734375	-0.681590	-0.221002	
1	1.216502	-2.734375	-0.681590	-0.221002	
1	1.200512	-2.783203	-0.670664	-0.241353	
1	1.200512	-2.783203	-0.670664	-0.241353	
1	1.183997	-2.832031	-0.659862	-0.262090	
1	1.183997	-2.832031	-0.659862	-0.262090	
1	1.171875	-2.866769	-0.652263	-0.277065	
1	1.171875	-2.866769	-0.652263	-0.277065	
1	1.167002	-2.880859	-0.649183	-0.283227	
1	1.167002	-2.880859	-0.649183	-0.283227	
1	1.149605	-2.929688	-0.638625	-0.304783	
1	1.149605	-2.929688	-0.638625	-0.304783	
1	1.131647	-2.978516	-0.628213	-0.326718	
1	1.131647	-2.978516	-0.628213	-0.326718	
1	1.123047	-3.001233	-0.623426	-0.337038	
1	1.123047	-3.001233	-0.623426	-0.337038	
1	1.113223	-3.027344	-0.617941	-0.349055	
1	1.113223	-3.027344	-0.617941	-0.349055	
1	1.094307	-3.076172	-0.607819	-0.371790	
1	1.094307	-3.076172	-0.607819	-0.371790	
1	1.074790	-3.125000	-0.597865	-0.394896	
1	1.074790	-3.125000	-0.597865	-0.394896	
1	1.074219	-3.126394	-0.597584	-0.395560	
1	1.074219	-3.126394	-0.597584	-0.395560	
1	1.054850	-3.173828	-0.588066	-0.418418	
1	1.054850	-3.173828	-0.588066	-0.418418	
1	1.034284	-3.222656	-0.578447	-0.442309	
1	1.034284	-3.222656	-0.578447	-0.442309	
1	1.025391	-3.243225	-0.574454	-0.452474	
1	1.025391	-3.243225	-0.574454	-0.452474	
1	1.013179	-3.271484	-0.569006	-0.466591	
1	1.013179	-3.271484	-0.569006	-0.466591	
1	0.991490	-3.320312	-0.559754	-0.491257	
1	0.991490	-3.320312	-0.559754	-0.491257	
1	0.976562	-3.353002	-0.553674	-0.507968	
1	0.976562	-3.353002	-0.553674	-0.507968	
1	0.969178	-3.369141	-0.550699	-0.516300	
1	0.969178	-3.369141	-0.550699	-0.516300	
1	0.946277	-3.417969	-0.541843	-0.541732	
1	0.946277	-3.417969	-0.541843	-0.541732	
1	0.927734	-3.456402	-0.535025	-0.562004	
1	0.927734	-3.456402	-0.535025	-0.562004	
1	0.922695	-3.466797	-0.533200	-0.567537	
1	0.922695	-3.466797	-0.533200	-0.567537	
1	0.898484	-3.515625	-0.524772	-0.593729	
1	0.898484	-3.515625	-0.524772	-0.593729	
1	0.878906	-3.554022	-0.518305	-0.614582	
1	0.878906	-3.554022	-0.518305	-0.614582	
1	0.873547	-3.564453	-0.516571	-0.620295	
1	0.873547	-3.564453	-0.516571	-0.620295	
1	0.847912	-3.613281	-0.508601	-0.647246	
1	0.847912	-3.613281	-0.508601	-0.647246	
1	0.830078	-3.646372	-0.503338	-0.665721	
1	0.830078	-3.646372	-0.503338	-0.665721	
1	0.821508	-3.662109	-0.500872	-0.674575	
1	0.821508	-3.662109	-0.500872	-0.674575	
1	0.794323	-3.710938	-0.493392	-0.702287	
1	0.794323	-3.710938	-0.493392	-0.702287	
1	0.781250	-3.733883	-0.489966	-0.715440	
1	0.781250	-3.733883	-0.489966	-0.715440	
1	0.766305	-3.759766	-0.486170	-0.730382	
1	0.766305	-3.759766	-0.486170	-0.730382	
1	0.737429	-3.808594	-0.479212	-0.758864	
1	0.737429	-3.808594	-0.479212	-0.758864	
1	0.732422	-3.816906	-0.478055	-0.763752	
1	0.732422	-3.816906	-0.478055	-0.763752	
1	0.707611	-3.857422	-0.472531	-0.787732	
1	0.707611	-3.857422	-0.472531	-0.787732	
1	0.683594	-3.895705	-0.467490	-0.810645	
1	0.683594	-3.895705	-0.467490	-0.810645	
1	0.676851	-3.906250	-0.466134	-0.816996	
1	0.676851	-3.906250	-0.466134	-0.816996	
1	0.645040	-3.955078	-0.460031	-0.846656	
1	0.645040	-3.955078	-0.460031	-0.846656	
1	0.634766	-3.970547	-0.458161	-0.856140	
1	0.634766	-3.970547	-0.458161	-0.856140	
1	0.612111	-4.003906	-0.454235	-0.876717	
1	0.612111	-4.003906	-0.454235	-0.876717	
1	0.585938	-4.041642	-0.449970	-0.900240	
1	0.585938	-4.041642	-0.449970	-0.900240	
1	0.578048	-4.052734	-0.448754	-0.907194	
1	0.578048	-4.052734	-0.448754	-0.907194	
1	0.542706	-4.101562	-0.443603	-0.938091	
1	0.542706	-4.101562	-0.443603	-0.938091	
1	0.537109	-4.109173	-0.442830	-0.942948	
1	0.537109	-4.109173	-0.442830	-0.942948	
1	0.505927	-4.150391	-0.438795	-0.969411	
1	0.505927	-4.150391	-0.438795	-0.969411	
1	0.488281	-4.173303	-0.436659	-0.984273	
1	0.488281	-4.173303	-0.436659	-0.984273	
1	0.467684	-4.199219	-0.434343	-1.001181	
1	0.467684	-4.199219	-0.434343	-1.001181	
1	0.439453	-4.234160	-0.431384	-1.024210	
1	0.439453	-4.234160	-0.431384	-1.024210	
1	0.427836	-4.248047	-0.430264	-1.033416	
1	0.427836	-4.248047	-0.430264	-1.033416	
1	0.390625	-4.291863	-0.426935	-1.062759	
1	0.390625	-4.291863	-0.426935	-1.062759	
1	0.386203	-4.296875	-0.426576	-1.066136	
1	0.386203	-4.296875	-0.426576	-1.066136	
1	0.342541	-4.345703	-0.423299	-1.099363	
1	0.342541	-4.345703	-0.423299	-1.099363	
1	0.341797	-4.346526	-0.423248	-1.099929	
1	0.341797	-4.346526	-0.423248	-1.099929	
1	0.296518	-4.394531	-0.420458	-1.133128	
1	0.296518	-4.394531	-0.420458	-1.133128	
1	0.292969	-4.398251	-0.420260	-1.135727	
1	0.292969	-4.398251	-0.420260	-1.135727	
1	0.247917	-4.443359	-0.418079	-1.167479	
1	0.247917	-4.443359	-0.418079	-1.167479	
1	0.244141	-4.447102	-0.417917	-1.170141	
1	0.244141	-4.447102	-0.417917	-1.170141	
1	0.196338	-4.492188	-0.416195	-1.202474	
1	0.196338	-4.492188	-0.416195	-1.202474	
1	0.195312	-4.493147	-0.416163	-1.203169	
1	0.195312	-4.493147	-0.416163	-1.203169	
1	0.146484	-4.536469	-0.414948	-1.234826	
1	0.146484	-4.536469	-0.414948	-1.234826	
1	0.141052	-4.541016	-0.414846	-1.238181	
1	0.141052	-4.541016	-0.414846	-1.238181	
1	0.097656	-4.577113	-0.414222	-1.265104	
1	0.097656	-4.577113	-0.414222	-1.265104	
1	0.081348	-4.589844	-0.414082	-1.274712	
1	0.081348	-4.589844	-0.414082	-1.274712	
1	0.048828	-4.615109	-0.413938	-1.293988	
1	0.048828	-4.615109	-0.413938	-1.293988	
1	0.016340	-4.638672	-0.413971	-1.312223	
1	0.016340	-4.638672	-0.413971	-1.312223	
1	0.000000	-4.650483	-0.414052	-1.321464	
1	0.000000	-4.650483	-0.414052	-1.321464	
