#REFERENCE 0 38.7178230 -58.5065200
2.1 38.7185072 -58.5059677 0.103114 0.102981 17.38340 4.5000 -0.00 
2.2 38.7185387 -58.5068650 0.168038 0.012052 128.85279 4.5000 1.90 
2.2 38.7157249 -58.5067773 0.099117 0.007497 112.93844 4.5000 2.99 
2.2 38.7181191 -58.5065409 0.087628 0.008496 110.01485 4.5000 2.99 
2.2 38.7185089 -58.5059853 0.307477 0.033164 58.50558 4.5000 0.15 
2.2 38.7186749 -58.5060698 0.107994 0.107952 142.49181 4.5000 0.00 
3.1 38.7189266 -58.5062278 0.350782 0.054324 74.53709 4.5000 -0.55 
3.1 38.7180593 -58.5065155 0.118495 0.027201 83.05130 4.5000 1.38 
3.1 38.7157886 -58.5067977 0.129468 0.034662 86.50797 4.5000 1.02 
3.1 38.7185422 -58.5069461 0.125444 0.078114 160.59880 4.5000 0.17 
3.1 38.7182199 -58.5058887 0.107000 0.106995 100.99132 4.5000 0.00 
3.2 38.7182332 -58.5058990 0.219454 0.032853 43.32212 4.5000 0.56 
3.2 38.7185578 -58.5069364 0.202892 0.030784 117.93440 4.5000 0.72 
3.2 38.7157821 -58.5068034 0.081271 0.033265 140.83941 4.5000 1.63 
3.2 38.7180639 -58.5065107 0.063466 0.031561 138.97101 4.5000 1.95 
3.2 38.7189199 -58.5062383 0.110010 0.109998 35.61266 4.5000 -0.00 
