#REFERENCE 3 87.3042530 -62.0775650
1.1 1.0129256 1.1480011 0.104969 0.018375 105.06081 3.4460 1.65 
1.2 0.9472348 1.3592627 0.056061 0.042235 164.69158 3.4460 1.31 
1.3 0.8589294 1.6483869 0.081390 0.032440 125.58592 3.4460 1.86 
1.4 1.0172293 1.4804468 0.044065 0.000286 176.68837 3.4460 6.74 
1.5 1.0194142 1.6616914 0.086697 0.061481 124.36811 3.4460 0.23 
1.6 0.6990095 1.5487117 0.072940 0.029600 137.71611 3.4460 1.15 
2.1 1.1350763 1.0839459 0.032245 0.021411 56.19404 4.5000 2.44 
2.2 1.2246796 1.0700453 0.056198 0.001186 95.05858 4.5000 5.21 
2.3 1.2927598 1.1932684 0.060089 0.027528 138.37830 4.5000 0.88 
3.1 1.0196278 1.0899070 0.052691 0.006075 0.05874 6.2035 3.22 
3.2 1.0486358 1.0809748 0.051216 0.001480 4.47389 6.2035 4.65 
6.1 0.7485120 1.3607032 0.065315 0.027331 134.00423 3.0969 1.07 
6.2 1.0032623 1.4617779 0.064107 0.060663 119.51459 3.0969 0.51 
6.3 0.9516268 1.4292982 0.036641 0.015021 177.42995 3.0969 2.34 
6.4 0.9539529 1.2786636 0.042380 0.034225 166.04261 3.0969 1.23 
7.1 0.5258875 1.8304751 0.056660 0.001235 36.58746 0.9613 5.28 
7.2 0.5867098 1.8334810 0.060363 0.015984 23.71822 0.9613 2.50 
