#REFERENCE 3 328.4078090 17.6977280
1	-0.341797	-1.763426	-0.218763	0.094589	
1	-0.328571	-1.757812	-0.217845	0.100704	
1	-0.328571	-1.757812	-0.217845	0.100704	
1	-0.341797	-1.763426	-0.218763	0.094589	
1	-0.390625	-1.782608	-0.222595	0.072527	
1	-0.390625	-1.782608	-0.222595	0.072527	
1	-0.439453	-1.799941	-0.227157	0.050835	
1	-0.439453	-1.799941	-0.227157	0.050835	
1	-0.460484	-1.806641	-0.229297	0.041766	
1	-0.460484	-1.806641	-0.229297	0.041766	
1	-0.488281	-1.815895	-0.232495	0.029181	
1	-0.488281	-1.815895	-0.232495	0.029181	
1	-0.537109	-1.830223	-0.238546	0.007795	
1	-0.537109	-1.830223	-0.238546	0.007795	
1	-0.585938	-1.842532	-0.245186	-0.013006	
1	-0.585938	-1.842532	-0.245186	-0.013006	
1	-0.634766	-1.852785	-0.252363	-0.033190	
1	-0.634766	-1.852785	-0.252363	-0.033190	
1	-0.650960	-1.855469	-0.254782	-0.039559	
1	-0.650960	-1.855469	-0.254782	-0.039559	
1	-0.683594	-1.861183	-0.260095	-0.052898	
1	-0.683594	-1.861183	-0.260095	-0.052898	
1	-0.732422	-1.867384	-0.268257	-0.071890	
1	-0.732422	-1.867384	-0.268257	-0.071890	
1	-0.781250	-1.871147	-0.276737	-0.090018	
1	-0.781250	-1.871147	-0.276737	-0.090018	
1	-0.830078	-1.872329	-0.285453	-0.107218	
1	-0.830078	-1.872329	-0.285453	-0.107218	
1	-0.878906	-1.870748	-0.294310	-0.123416	
1	-0.878906	-1.870748	-0.294310	-0.123416	
1	-0.927734	-1.866181	-0.303198	-0.138528	
1	-0.927734	-1.866181	-0.303198	-0.138528	
1	-0.976562	-1.858358	-0.311991	-0.152460	
1	-0.976562	-1.858358	-0.311991	-0.152460	
1	-0.989309	-1.855469	-0.314147	-0.155731	
1	-0.989309	-1.855469	-0.314147	-0.155731	
1	-1.025391	-1.847175	-0.320635	-0.165241	
1	-1.025391	-1.847175	-0.320635	-0.165241	
1	-1.074219	-1.832138	-0.328928	-0.176691	
1	-1.074219	-1.832138	-0.328928	-0.176691	
1	-1.123047	-1.812704	-0.336649	-0.186650	
1	-1.123047	-1.812704	-0.336649	-0.186650	
1	-1.135720	-1.806641	-0.338433	-0.188855	
1	-1.135720	-1.806641	-0.338433	-0.188855	
1	-1.171875	-1.788604	-0.343704	-0.195149	
1	-1.171875	-1.788604	-0.343704	-0.195149	
1	-1.220703	-1.759005	-0.349775	-0.201974	
1	-1.220703	-1.759005	-0.349775	-0.201974	
1	-1.222431	-1.757812	-0.349953	-0.202167	
1	-1.222431	-1.757812	-0.349953	-0.202167	
1	-1.269531	-1.723266	-0.354658	-0.207085	
1	-1.269531	-1.723266	-0.354658	-0.207085	
1	-1.286530	-1.708984	-0.355921	-0.208342	
1	-1.286530	-1.708984	-0.355921	-0.208342	
1	-1.318359	-1.680221	-0.357953	-0.210292	
1	-1.318359	-1.680221	-0.357953	-0.210292	
1	-1.338287	-1.660156	-0.358705	-0.210983	
1	-1.338287	-1.660156	-0.358705	-0.210983	
1	-1.367188	-1.628495	-0.359240	-0.211458	
1	-1.367188	-1.628495	-0.359240	-0.211458	
1	-1.381583	-1.611328	-0.359159	-0.211391	
1	-1.381583	-1.611328	-0.359159	-0.211391	
1	-1.416016	-1.566164	-0.357962	-0.210429	
1	-1.416016	-1.566164	-0.357962	-0.210429	
1	-1.418633	-1.562500	-0.357819	-0.210317	
1	-1.418633	-1.562500	-0.357819	-0.210317	
1	-1.450847	-1.513672	-0.355060	-0.208241	
1	-1.450847	-1.513672	-0.355060	-0.208241	
1	-1.464844	-1.490053	-0.353210	-0.206913	
1	-1.464844	-1.490053	-0.353210	-0.206913	
1	-1.479178	-1.464844	-0.351160	-0.205487	
1	-1.479178	-1.464844	-0.351160	-0.205487	
1	-1.504236	-1.416016	-0.346288	-0.202255	
1	-1.504236	-1.416016	-0.346288	-0.202255	
1	-1.513672	-1.395666	-0.343897	-0.200737	
1	-1.513672	-1.395666	-0.343897	-0.200737	
1	-1.526594	-1.367188	-0.340661	-0.198745	
1	-1.526594	-1.367188	-0.340661	-0.198745	
1	-1.546569	-1.318359	-0.334373	-0.195055	
1	-1.546569	-1.318359	-0.334373	-0.195055	
1	-1.562500	-1.274511	-0.328089	-0.191576	
1	-1.562500	-1.274511	-0.328089	-0.191576	
1	-1.564299	-1.269531	-0.327418	-0.191216	
1	-1.564299	-1.269531	-0.327418	-0.191216	
1	-1.580468	-1.220703	-0.320237	-0.187488	
1	-1.580468	-1.220703	-0.320237	-0.187488	
1	-1.594805	-1.171875	-0.312560	-0.183740	
1	-1.594805	-1.171875	-0.312560	-0.183740	
1	-1.607483	-1.123047	-0.304463	-0.180031	
1	-1.607483	-1.123047	-0.304463	-0.180031	
1	-1.611328	-1.106526	-0.301559	-0.178758	
1	-1.611328	-1.106526	-0.301559	-0.178758	
1	-1.618964	-1.074219	-0.296293	-0.176524	
1	-1.618964	-1.074219	-0.296293	-0.176524	
1	-1.629204	-1.025391	-0.287988	-0.173186	
1	-1.629204	-1.025391	-0.287988	-0.173186	
1	-1.638153	-0.976562	-0.279473	-0.169991	
1	-1.638153	-0.976562	-0.279473	-0.169991	
1	-1.645900	-0.927734	-0.270805	-0.166964	
1	-1.645900	-0.927734	-0.270805	-0.166964	
1	-1.652523	-0.878906	-0.262033	-0.164123	
1	-1.652523	-0.878906	-0.262033	-0.164123	
1	-1.658085	-0.830078	-0.253203	-0.161484	
1	-1.658085	-0.830078	-0.253203	-0.161484	
1	-1.660156	-0.808030	-0.249100	-0.160331	
1	-1.660156	-0.808030	-0.249100	-0.160331	
1	-1.662764	-0.781250	-0.244480	-0.159088	
1	-1.662764	-0.781250	-0.244480	-0.159088	
1	-1.666537	-0.732422	-0.235839	-0.156918	
1	-1.666537	-0.732422	-0.235839	-0.156918	
1	-1.669329	-0.683594	-0.227198	-0.154946	
1	-1.669329	-0.683594	-0.227198	-0.154946	
1	-1.671160	-0.634766	-0.218571	-0.153173	
1	-1.671160	-0.634766	-0.218571	-0.153173	
1	-1.672039	-0.585938	-0.209965	-0.151598	
1	-1.672039	-0.585938	-0.209965	-0.151598	
1	-1.671971	-0.537109	-0.201381	-0.150216	
1	-1.671971	-0.537109	-0.201381	-0.150216	
1	-1.670949	-0.488281	-0.192810	-0.149024	
1	-1.670949	-0.488281	-0.192810	-0.149024	
1	-1.668960	-0.439453	-0.184239	-0.148019	
1	-1.668960	-0.439453	-0.184239	-0.148019	
1	-1.665984	-0.390625	-0.175646	-0.147197	
1	-1.665984	-0.390625	-0.175646	-0.147197	
1	-1.661992	-0.341797	-0.167000	-0.146556	
1	-1.661992	-0.341797	-0.167000	-0.146556	
1	-1.660156	-0.324000	-0.163690	-0.146360	
1	-1.660156	-0.324000	-0.163690	-0.146360	
1	-1.657121	-0.292969	-0.158464	-0.146106	
1	-1.657121	-0.292969	-0.158464	-0.146106	
1	-1.651313	-0.244141	-0.149980	-0.145836	
1	-1.651313	-0.244141	-0.149980	-0.145836	
1	-1.644420	-0.195312	-0.141384	-0.145741	
1	-1.644420	-0.195312	-0.141384	-0.145741	
1	-1.636382	-0.146484	-0.132617	-0.145829	
1	-1.636382	-0.146484	-0.132617	-0.145829	
1	-1.627133	-0.097656	-0.123612	-0.146110	
1	-1.627133	-0.097656	-0.123612	-0.146110	
1	-1.616594	-0.048828	-0.114293	-0.146602	
1	-1.616594	-0.048828	-0.114293	-0.146602	
1	-1.611328	-0.027079	-0.109860	-0.146907	
1	-1.611328	-0.027079	-0.109860	-0.146907	
1	-1.605044	0.000000	-0.105004	-0.147293	
1	-1.605044	0.000000	-0.105004	-0.147293	
1	-1.592382	0.048828	-0.095650	-0.148189	
1	-1.592382	0.048828	-0.095650	-0.148189	
1	-1.578211	0.097656	-0.085793	-0.149346	
1	-1.578211	0.097656	-0.085793	-0.149346	
1	-1.562500	0.146223	-0.075382	-0.150804	
1	-1.562500	0.146223	-0.075382	-0.150804	
1	-1.562419	0.146484	-0.075333	-0.150811	
1	-1.562419	0.146484	-0.075333	-0.150811	
1	-1.545800	0.195312	-0.065237	-0.152452	
1	-1.545800	0.195312	-0.065237	-0.152452	
1	-1.527352	0.244141	-0.054379	-0.154462	
1	-1.527352	0.244141	-0.054379	-0.154462	
1	-1.513672	0.277132	-0.046435	-0.156093	
1	-1.513672	0.277132	-0.046435	-0.156093	
1	-1.507272	0.292969	-0.043044	-0.156829	
1	-1.507272	0.292969	-0.043044	-0.156829	
1	-1.485830	0.341797	-0.031601	-0.159493	
1	-1.485830	0.341797	-0.031601	-0.159493	
1	-1.464844	0.385174	-0.020499	-0.162340	
1	-1.464844	0.385174	-0.020499	-0.162340	
1	-1.462254	0.390625	-0.019244	-0.162678	
1	-1.462254	0.390625	-0.019244	-0.162678	
1	-1.437347	0.439453	-0.006957	-0.166159	
1	-1.437347	0.439453	-0.006957	-0.166159	
1	-1.416016	0.477608	0.003575	-0.169394	
1	-1.416016	0.477608	0.003575	-0.169394	
1	-1.410108	0.488281	0.006274	-0.170260	
1	-1.410108	0.488281	0.006274	-0.170260	
1	-1.381107	0.537109	0.019712	-0.174798	
1	-1.381107	0.537109	0.019712	-0.174798	
1	-1.367188	0.558847	0.026199	-0.177124	
1	-1.367188	0.558847	0.026199	-0.177124	
1	-1.349857	0.585938	0.033756	-0.179947	
1	-1.349857	0.585938	0.033756	-0.179947	
1	-1.318359	0.631469	0.047600	-0.185436	
1	-1.318359	0.631469	0.047600	-0.185436	
1	-1.316068	0.634766	0.048547	-0.185827	
1	-1.316068	0.634766	0.048547	-0.185827	
1	-1.280137	0.683594	0.063505	-0.192262	
1	-1.280137	0.683594	0.063505	-0.192262	
1	-1.269531	0.697132	0.067918	-0.194256	
1	-1.269531	0.697132	0.067918	-0.194256	
1	-1.241497	0.732422	0.079002	-0.199464	
1	-1.241497	0.732422	0.079002	-0.199464	
1	-1.220703	0.757093	0.087189	-0.203496	
1	-1.220703	0.757093	0.087189	-0.203496	
1	-1.199936	0.781250	0.094997	-0.207495	
1	-1.199936	0.781250	0.094997	-0.207495	
1	-1.171875	0.812231	0.105437	-0.213081	
1	-1.171875	0.812231	0.105437	-0.213081	
1	-1.155293	0.830078	0.111356	-0.216375	
1	-1.155293	0.830078	0.111356	-0.216375	
1	-1.123047	0.863258	0.122649	-0.222924	
1	-1.123047	0.863258	0.122649	-0.222924	
1	-1.107360	0.878906	0.127938	-0.226116	
1	-1.107360	0.878906	0.127938	-0.226116	
1	-1.074219	0.910746	0.138791	-0.232929	
1	-1.074219	0.910746	0.138791	-0.232929	
1	-1.055886	0.927734	0.144581	-0.236715	
1	-1.055886	0.927734	0.144581	-0.236715	
1	-1.025391	0.955153	0.153830	-0.242997	
1	-1.025391	0.955153	0.153830	-0.242997	
1	-1.000594	0.976562	0.161079	-0.248135	
1	-1.000594	0.976562	0.161079	-0.248135	
1	-0.976562	0.996840	0.167737	-0.253034	
1	-0.976562	0.996840	0.167737	-0.253034	
1	-0.941201	1.025391	0.177150	-0.260274	
1	-0.941201	1.025391	0.177150	-0.260274	
1	-0.927734	1.036090	0.180498	-0.262945	
1	-0.927734	1.036090	0.180498	-0.262945	
1	-0.878906	1.073176	0.192080	-0.272624	
1	-0.878906	1.073176	0.192080	-0.272624	
1	-0.877486	1.074219	0.192402	-0.272904	
1	-0.877486	1.074219	0.192402	-0.272904	
1	-0.830078	1.108795	0.202208	-0.281725	
1	-0.830078	1.108795	0.202208	-0.281725	
1	-0.809553	1.123047	0.206207	-0.285512	
1	-0.809553	1.123047	0.206207	-0.285512	
1	-0.781250	1.142691	0.211118	-0.290334	
1	-0.781250	1.142691	0.211118	-0.290334	
1	-0.737112	1.171875	0.218184	-0.297664	
1	-0.737112	1.171875	0.218184	-0.297664	
1	-0.732422	1.174991	0.218832	-0.298363	
1	-0.732422	1.174991	0.218832	-0.298363	
1	-0.683594	1.206539	0.225003	-0.305289	
1	-0.683594	1.206539	0.225003	-0.305289	
1	-0.660732	1.220703	0.227570	-0.308342	
1	-0.660732	1.220703	0.227570	-0.308342	
1	-0.634766	1.236980	0.229922	-0.311251	
1	-0.634766	1.236980	0.229922	-0.311251	
1	-0.585938	1.266432	0.233635	-0.316128	
1	-0.585938	1.266432	0.233635	-0.316128	
1	-0.580692	1.269531	0.233969	-0.316589	
1	-0.580692	1.269531	0.233969	-0.316589	
1	-0.537109	1.295722	0.235871	-0.319312	
1	-0.537109	1.295722	0.235871	-0.319312	
1	-0.498039	1.318359	0.237006	-0.321061	
1	-0.498039	1.318359	0.237006	-0.321061	
1	-0.488281	1.324120	0.237112	-0.321230	
1	-0.488281	1.324120	0.237112	-0.321230	
1	-0.439453	1.352518	0.237113	-0.321204	
1	-0.439453	1.352518	0.237113	-0.321204	
1	-0.413614	1.367188	0.236818	-0.320646	
1	-0.413614	1.367188	0.236818	-0.320646	
1	-0.390625	1.380517	0.236218	-0.319465	
1	-0.390625	1.380517	0.236218	-0.319465	
1	-0.341797	1.408298	0.234526	-0.315849	
1	-0.341797	1.408298	0.234526	-0.315849	
1	-0.328070	1.416016	0.233950	-0.314533	
1	-0.328070	1.416016	0.233950	-0.314533	
1	-0.292969	1.436189	0.232116	-0.310079	
1	-0.292969	1.436189	0.232116	-0.310079	
1	-0.244141	1.463558	0.229378	-0.302652	
1	-0.244141	1.463558	0.229378	-0.302652	
1	-0.241837	1.464844	0.229241	-0.302255	
1	-0.241837	1.464844	0.229241	-0.302255	
1	-0.195312	1.491403	0.226214	-0.292783	
1	-0.195312	1.491403	0.226214	-0.292783	
1	-0.155156	1.513672	0.223681	-0.283662	
1	-0.155156	1.513672	0.223681	-0.283662	
1	-0.146484	1.518589	0.223110	-0.281426	
1	-0.146484	1.518589	0.223110	-0.281426	
1	-0.097656	1.545961	0.220038	-0.267938	
1	-0.097656	1.545961	0.220038	-0.267938	
1	-0.067265	1.562500	0.218322	-0.258989	
1	-0.067265	1.562500	0.218322	-0.258989	
1	-0.048828	1.572766	0.217305	-0.253011	
1	-0.048828	1.572766	0.217305	-0.253011	
1	0.000000	1.599290	0.214993	-0.236482	
1	0.000000	1.599290	0.214993	-0.236482	
1	0.022912	1.611328	0.214118	-0.228459	
1	0.022912	1.611328	0.214118	-0.228459	
1	0.048828	1.625286	0.213252	-0.218643	
1	0.048828	1.625286	0.213252	-0.218643	
1	0.097656	1.650575	0.212183	-0.199732	
1	0.097656	1.650575	0.212183	-0.199732	
1	0.116950	1.660156	0.211966	-0.192165	
1	0.116950	1.660156	0.211966	-0.192165	
1	0.146484	1.675235	0.211858	-0.179773	
1	0.146484	1.675235	0.211858	-0.179773	
1	0.195312	1.698884	0.212332	-0.159173	
1	0.195312	1.698884	0.212332	-0.159173	
1	0.217382	1.708984	0.212804	-0.149886	
1	0.217382	1.708984	0.212804	-0.149886	
1	0.244141	1.721623	0.213640	-0.137930	
1	0.244141	1.721623	0.213640	-0.137930	
1	0.292969	1.743237	0.215793	-0.116298	
1	0.292969	1.743237	0.215793	-0.116298	
1	0.328571	1.757812	0.217845	-0.100704	
1	0.328571	1.757812	0.217845	-0.100704	
1	0.341797	1.763426	0.218763	-0.094589	
1	0.341797	1.763426	0.218763	-0.094589	
1	0.390625	1.782608	0.222595	-0.072527	
1	0.390625	1.782608	0.222595	-0.072527	
1	0.439453	1.799941	0.227157	-0.050835	
1	0.439453	1.799941	0.227157	-0.050835	
1	0.460484	1.806641	0.229297	-0.041766	
1	0.460484	1.806641	0.229297	-0.041766	
1	0.488281	1.815895	0.232495	-0.029181	
1	0.488281	1.815895	0.232495	-0.029181	
1	0.537109	1.830223	0.238546	-0.007795	
1	0.537109	1.830223	0.238546	-0.007795	
1	0.585938	1.842532	0.245186	0.013006	
1	0.585938	1.842532	0.245186	0.013006	
1	0.634766	1.852785	0.252363	0.033190	
1	0.634766	1.852785	0.252363	0.033190	
1	0.650960	1.855469	0.254782	0.039559	
1	0.650960	1.855469	0.254782	0.039559	
1	0.683594	1.861183	0.260095	0.052898	
1	0.683594	1.861183	0.260095	0.052898	
1	0.732422	1.867384	0.268257	0.071890	
1	0.732422	1.867384	0.268257	0.071890	
1	0.781250	1.871147	0.276737	0.090018	
1	0.781250	1.871147	0.276737	0.090018	
1	0.830078	1.872329	0.285453	0.107218	
1	0.830078	1.872329	0.285453	0.107218	
1	0.878906	1.870748	0.294310	0.123416	
1	0.878906	1.870748	0.294310	0.123416	
1	0.927734	1.866181	0.303198	0.138528	
1	0.927734	1.866181	0.303198	0.138528	
1	0.976562	1.858358	0.311991	0.152460	
1	0.976562	1.858358	0.311991	0.152460	
1	0.989309	1.855469	0.314147	0.155731	
1	0.989309	1.855469	0.314147	0.155731	
1	1.025391	1.847175	0.320635	0.165241	
1	1.025391	1.847175	0.320635	0.165241	
1	1.074219	1.832138	0.328928	0.176691	
1	1.074219	1.832138	0.328928	0.176691	
1	1.123047	1.812704	0.336649	0.186650	
1	1.123047	1.812704	0.336649	0.186650	
1	1.135720	1.806641	0.338433	0.188855	
1	1.135720	1.806641	0.338433	0.188855	
1	1.171875	1.788604	0.343704	0.195149	
1	1.171875	1.788604	0.343704	0.195149	
1	1.220703	1.759005	0.349775	0.201974	
1	1.220703	1.759005	0.349775	0.201974	
1	1.222431	1.757812	0.349953	0.202167	
1	1.222431	1.757812	0.349953	0.202167	
1	1.269531	1.723266	0.354658	0.207085	
1	1.269531	1.723266	0.354658	0.207085	
1	1.286530	1.708984	0.355921	0.208342	
1	1.286530	1.708984	0.355921	0.208342	
1	1.318359	1.680221	0.357953	0.210292	
1	1.318359	1.680221	0.357953	0.210292	
1	1.338287	1.660156	0.358705	0.210983	
1	1.338287	1.660156	0.358705	0.210983	
1	1.367188	1.628495	0.359240	0.211458	
1	1.367188	1.628495	0.359240	0.211458	
1	1.381583	1.611328	0.359159	0.211391	
1	1.381583	1.611328	0.359159	0.211391	
1	1.416016	1.566164	0.357962	0.210429	
1	1.416016	1.566164	0.357962	0.210429	
1	1.418633	1.562500	0.357819	0.210317	
1	1.418633	1.562500	0.357819	0.210317	
1	1.450847	1.513672	0.355060	0.208241	
1	1.450847	1.513672	0.355060	0.208241	
1	1.464844	1.490053	0.353210	0.206913	
1	1.464844	1.490053	0.353210	0.206913	
1	1.479178	1.464844	0.351160	0.205487	
1	1.479178	1.464844	0.351160	0.205487	
1	1.504236	1.416016	0.346288	0.202255	
1	1.504236	1.416016	0.346288	0.202255	
1	1.513672	1.395666	0.343897	0.200737	
1	1.513672	1.395666	0.343897	0.200737	
1	1.526594	1.367188	0.340661	0.198745	
1	1.526594	1.367188	0.340661	0.198745	
1	1.546569	1.318359	0.334373	0.195055	
1	1.546569	1.318359	0.334373	0.195055	
1	1.562500	1.274511	0.328089	0.191576	
1	1.562500	1.274511	0.328089	0.191576	
1	1.564299	1.269531	0.327418	0.191216	
1	1.564299	1.269531	0.327418	0.191216	
1	1.580468	1.220703	0.320237	0.187488	
1	1.580468	1.220703	0.320237	0.187488	
1	1.594805	1.171875	0.312560	0.183740	
1	1.594805	1.171875	0.312560	0.183740	
1	1.607483	1.123047	0.304463	0.180031	
1	1.607483	1.123047	0.304463	0.180031	
1	1.611328	1.106526	0.301559	0.178758	
1	1.611328	1.106526	0.301559	0.178758	
1	1.618964	1.074219	0.296293	0.176524	
1	1.618964	1.074219	0.296293	0.176524	
1	1.629204	1.025391	0.287988	0.173186	
1	1.629204	1.025391	0.287988	0.173186	
1	1.638153	0.976562	0.279473	0.169991	
1	1.638153	0.976562	0.279473	0.169991	
1	1.645900	0.927734	0.270805	0.166964	
1	1.645900	0.927734	0.270805	0.166964	
1	1.652523	0.878906	0.262033	0.164123	
1	1.652523	0.878906	0.262033	0.164123	
1	1.658085	0.830078	0.253203	0.161484	
1	1.658085	0.830078	0.253203	0.161484	
1	1.660156	0.808030	0.249100	0.160331	
1	1.660156	0.808030	0.249100	0.160331	
1	1.662764	0.781250	0.244480	0.159088	
1	1.662764	0.781250	0.244480	0.159088	
1	1.666537	0.732422	0.235839	0.156918	
1	1.666537	0.732422	0.235839	0.156918	
1	1.669329	0.683594	0.227198	0.154946	
1	1.669329	0.683594	0.227198	0.154946	
1	1.671160	0.634766	0.218571	0.153173	
1	1.671160	0.634766	0.218571	0.153173	
1	1.672039	0.585938	0.209965	0.151598	
1	1.672039	0.585938	0.209965	0.151598	
1	1.671971	0.537109	0.201381	0.150216	
1	1.671971	0.537109	0.201381	0.150216	
1	1.670949	0.488281	0.192810	0.149024	
1	1.670949	0.488281	0.192810	0.149024	
1	1.668960	0.439453	0.184239	0.148019	
1	1.668960	0.439453	0.184239	0.148019	
1	1.665984	0.390625	0.175646	0.147197	
1	1.665984	0.390625	0.175646	0.147197	
1	1.661992	0.341797	0.167000	0.146556	
1	1.661992	0.341797	0.167000	0.146556	
1	1.660156	0.324000	0.163690	0.146360	
1	1.660156	0.324000	0.163690	0.146360	
1	1.657121	0.292969	0.158464	0.146106	
1	1.657121	0.292969	0.158464	0.146106	
1	1.651313	0.244141	0.149980	0.145836	
1	1.651313	0.244141	0.149980	0.145836	
1	1.644420	0.195312	0.141384	0.145741	
1	1.644420	0.195312	0.141384	0.145741	
1	1.636382	0.146484	0.132617	0.145829	
1	1.636382	0.146484	0.132617	0.145829	
1	1.627133	0.097656	0.123612	0.146110	
1	1.627133	0.097656	0.123612	0.146110	
1	1.616594	0.048828	0.114293	0.146602	
1	1.616594	0.048828	0.114293	0.146602	
1	1.611328	0.027079	0.109860	0.146907	
1	1.611328	0.027079	0.109860	0.146907	
1	1.605044	0.000000	0.105004	0.147293	
1	1.605044	0.000000	0.105004	0.147293	
1	1.592382	-0.048828	0.095650	0.148189	
1	1.592382	-0.048828	0.095650	0.148189	
1	1.578211	-0.097656	0.085793	0.149346	
1	1.578211	-0.097656	0.085793	0.149346	
1	1.562500	-0.146223	0.075382	0.150804	
1	1.562500	-0.146223	0.075382	0.150804	
1	1.562419	-0.146484	0.075333	0.150811	
1	1.562419	-0.146484	0.075333	0.150811	
1	1.545800	-0.195312	0.065237	0.152452	
1	1.545800	-0.195312	0.065237	0.152452	
1	1.527352	-0.244141	0.054379	0.154462	
1	1.527352	-0.244141	0.054379	0.154462	
1	1.513672	-0.277132	0.046435	0.156093	
1	1.513672	-0.277132	0.046435	0.156093	
1	1.507272	-0.292969	0.043044	0.156829	
1	1.507272	-0.292969	0.043044	0.156829	
1	1.485830	-0.341797	0.031601	0.159493	
1	1.485830	-0.341797	0.031601	0.159493	
1	1.464844	-0.385174	0.020499	0.162340	
1	1.464844	-0.385174	0.020499	0.162340	
1	1.462254	-0.390625	0.019244	0.162678	
1	1.462254	-0.390625	0.019244	0.162678	
1	1.437347	-0.439453	0.006957	0.166159	
1	1.437347	-0.439453	0.006957	0.166159	
1	1.416016	-0.477608	-0.003575	0.169394	
1	1.416016	-0.477608	-0.003575	0.169394	
1	1.410108	-0.488281	-0.006274	0.170260	
1	1.410108	-0.488281	-0.006274	0.170260	
1	1.381107	-0.537109	-0.019712	0.174798	
1	1.381107	-0.537109	-0.019712	0.174798	
1	1.367188	-0.558847	-0.026199	0.177124	
1	1.367188	-0.558847	-0.026199	0.177124	
1	1.349857	-0.585938	-0.033756	0.179947	
1	1.349857	-0.585938	-0.033756	0.179947	
1	1.318359	-0.631469	-0.047600	0.185436	
1	1.318359	-0.631469	-0.047600	0.185436	
1	1.316068	-0.634766	-0.048547	0.185827	
1	1.316068	-0.634766	-0.048547	0.185827	
1	1.280137	-0.683594	-0.063505	0.192262	
1	1.280137	-0.683594	-0.063505	0.192262	
1	1.269531	-0.697132	-0.067918	0.194256	
1	1.269531	-0.697132	-0.067918	0.194256	
1	1.241497	-0.732422	-0.079002	0.199464	
1	1.241497	-0.732422	-0.079002	0.199464	
1	1.220703	-0.757093	-0.087189	0.203496	
1	1.220703	-0.757093	-0.087189	0.203496	
1	1.199936	-0.781250	-0.094997	0.207495	
1	1.199936	-0.781250	-0.094997	0.207495	
1	1.171875	-0.812231	-0.105437	0.213081	
1	1.171875	-0.812231	-0.105437	0.213081	
1	1.155293	-0.830078	-0.111356	0.216375	
1	1.155293	-0.830078	-0.111356	0.216375	
1	1.123047	-0.863258	-0.122649	0.222924	
1	1.123047	-0.863258	-0.122649	0.222924	
1	1.107360	-0.878906	-0.127938	0.226116	
1	1.107360	-0.878906	-0.127938	0.226116	
1	1.074219	-0.910746	-0.138791	0.232929	
1	1.074219	-0.910746	-0.138791	0.232929	
1	1.055886	-0.927734	-0.144581	0.236715	
1	1.055886	-0.927734	-0.144581	0.236715	
1	1.025391	-0.955153	-0.153830	0.242997	
1	1.025391	-0.955153	-0.153830	0.242997	
1	1.000594	-0.976562	-0.161079	0.248135	
1	1.000594	-0.976562	-0.161079	0.248135	
1	0.976562	-0.996840	-0.167737	0.253034	
1	0.976562	-0.996840	-0.167737	0.253034	
1	0.941201	-1.025391	-0.177150	0.260274	
1	0.941201	-1.025391	-0.177150	0.260274	
1	0.927734	-1.036090	-0.180498	0.262945	
1	0.927734	-1.036090	-0.180498	0.262945	
1	0.878906	-1.073176	-0.192080	0.272624	
1	0.878906	-1.073176	-0.192080	0.272624	
1	0.877486	-1.074219	-0.192402	0.272904	
1	0.877486	-1.074219	-0.192402	0.272904	
1	0.830078	-1.108795	-0.202208	0.281725	
1	0.830078	-1.108795	-0.202208	0.281725	
1	0.809553	-1.123047	-0.206207	0.285512	
1	0.809553	-1.123047	-0.206207	0.285512	
1	0.781250	-1.142691	-0.211118	0.290334	
1	0.781250	-1.142691	-0.211118	0.290334	
1	0.737112	-1.171875	-0.218184	0.297664	
1	0.737112	-1.171875	-0.218184	0.297664	
1	0.732422	-1.174991	-0.218832	0.298363	
1	0.732422	-1.174991	-0.218832	0.298363	
1	0.683594	-1.206539	-0.225003	0.305289	
1	0.683594	-1.206539	-0.225003	0.305289	
1	0.660732	-1.220703	-0.227570	0.308342	
1	0.660732	-1.220703	-0.227570	0.308342	
1	0.634766	-1.236980	-0.229922	0.311251	
1	0.634766	-1.236980	-0.229922	0.311251	
1	0.585938	-1.266432	-0.233635	0.316128	
1	0.585938	-1.266432	-0.233635	0.316128	
1	0.580692	-1.269531	-0.233969	0.316589	
1	0.580692	-1.269531	-0.233969	0.316589	
1	0.537109	-1.295722	-0.235871	0.319312	
1	0.537109	-1.295722	-0.235871	0.319312	
1	0.498039	-1.318359	-0.237006	0.321061	
1	0.498039	-1.318359	-0.237006	0.321061	
1	0.488281	-1.324120	-0.237112	0.321230	
1	0.488281	-1.324120	-0.237112	0.321230	
1	0.439453	-1.352518	-0.237113	0.321204	
1	0.439453	-1.352518	-0.237113	0.321204	
1	0.413614	-1.367188	-0.236818	0.320646	
1	0.413614	-1.367188	-0.236818	0.320646	
1	0.390625	-1.380517	-0.236218	0.319465	
1	0.390625	-1.380517	-0.236218	0.319465	
1	0.341797	-1.408298	-0.234526	0.315849	
1	0.341797	-1.408298	-0.234526	0.315849	
1	0.328070	-1.416016	-0.233950	0.314533	
1	0.328070	-1.416016	-0.233950	0.314533	
1	0.292969	-1.436189	-0.232116	0.310079	
1	0.292969	-1.436189	-0.232116	0.310079	
1	0.244141	-1.463558	-0.229378	0.302652	
1	0.244141	-1.463558	-0.229378	0.302652	
1	0.241837	-1.464844	-0.229241	0.302255	
1	0.241837	-1.464844	-0.229241	0.302255	
1	0.195312	-1.491403	-0.226214	0.292783	
1	0.195312	-1.491403	-0.226214	0.292783	
1	0.155156	-1.513672	-0.223681	0.283662	
1	0.155156	-1.513672	-0.223681	0.283662	
1	0.146484	-1.518589	-0.223110	0.281426	
1	0.146484	-1.518589	-0.223110	0.281426	
1	0.097656	-1.545961	-0.220038	0.267938	
1	0.097656	-1.545961	-0.220038	0.267938	
1	0.067265	-1.562500	-0.218322	0.258989	
1	0.067265	-1.562500	-0.218322	0.258989	
1	0.048828	-1.572766	-0.217305	0.253011	
1	0.048828	-1.572766	-0.217305	0.253011	
1	0.000000	-1.599290	-0.214993	0.236482	
1	0.000000	-1.599290	-0.214993	0.236482	
1	-0.022912	-1.611328	-0.214118	0.228459	
1	-0.022912	-1.611328	-0.214118	0.228459	
1	-0.048828	-1.625286	-0.213252	0.218643	
1	-0.048828	-1.625286	-0.213252	0.218643	
1	-0.097656	-1.650575	-0.212183	0.199732	
1	-0.097656	-1.650575	-0.212183	0.199732	
1	-0.116950	-1.660156	-0.211966	0.192165	
1	-0.116950	-1.660156	-0.211966	0.192165	
1	-0.146484	-1.675235	-0.211858	0.179773	
1	-0.146484	-1.675235	-0.211858	0.179773	
1	-0.195312	-1.698884	-0.212332	0.159173	
1	-0.195312	-1.698884	-0.212332	0.159173	
1	-0.217382	-1.708984	-0.212804	0.149886	
1	-0.217382	-1.708984	-0.212804	0.149886	
1	-0.244141	-1.721623	-0.213640	0.137930	
1	-0.244141	-1.721623	-0.213640	0.137930	
1	-0.292969	-1.743237	-0.215793	0.116298	
1	-0.292969	-1.743237	-0.215793	0.116298	
