#REFERENCE 3 328.4078090 17.6977280
1	-0.097656	-0.254394	0.245488	1.075396	
1	-0.048828	-0.269862	-0.071463	1.167319	
1	-0.048828	-0.269862	-0.071463	1.167319	
1	0.000000	-0.268387	-0.338768	1.192063	
1	0.000000	-0.268387	-0.338768	1.192063	
1	0.048828	-0.250310	-0.580853	1.166999	
1	0.048828	-0.250310	-0.580853	1.166999	
1	0.058372	-0.244141	-0.627752	1.155998	
1	0.058372	-0.244141	-0.627752	1.155998	
1	0.097656	-0.223629	-0.803091	1.093117	
1	0.097656	-0.223629	-0.803091	1.093117	
1	0.127374	-0.195312	-0.940084	1.014162	
1	0.127374	-0.195312	-0.940084	1.014162	
1	0.146484	-0.173773	-1.025666	0.946235	
1	0.146484	-0.173773	-1.025666	0.946235	
1	0.167598	-0.146484	-1.115540	0.852221	
1	0.167598	-0.146484	-1.115540	0.852221	
1	0.191502	-0.097656	-1.226373	0.678897	
1	0.191502	-0.097656	-1.226373	0.678897	
1	0.195312	-0.084059	-1.248634	0.628945	
1	0.195312	-0.084059	-1.248634	0.628945	
1	0.211107	-0.048828	-1.294115	0.482950	
1	0.211107	-0.048828	-1.294115	0.482950	
1	0.222138	0.000000	-1.316629	0.276538	
1	0.222138	0.000000	-1.316629	0.276538	
1	0.224326	0.048828	-1.294161	0.057939	
1	0.224326	0.048828	-1.294161	0.057939	
1	0.218113	0.097656	-1.219776	-0.176636	
1	0.218113	0.097656	-1.219776	-0.176636	
1	0.198458	0.146484	-1.068936	-0.442734	
1	0.198458	0.146484	-1.068936	-0.442734	
1	0.195312	0.151483	-1.046665	-0.473166	
1	0.195312	0.151483	-1.046665	-0.473166	
1	0.172480	0.195312	-0.827578	-0.712823	
1	0.172480	0.195312	-0.827578	-0.712823	
1	0.146484	0.223368	-0.612501	-0.881508	
1	0.146484	0.223368	-0.612501	-0.881508	
1	0.111820	0.244141	-0.355943	-1.027562	
1	0.111820	0.244141	-0.355943	-1.027562	
1	0.097656	0.254394	-0.245488	-1.075396	
1	0.097656	0.254394	-0.245488	-1.075396	
1	0.048828	0.269862	0.071463	-1.167319	
1	0.048828	0.269862	0.071463	-1.167319	
1	0.000000	0.268387	0.338768	-1.192063	
1	0.000000	0.268387	0.338768	-1.192063	
1	-0.048828	0.250310	0.580853	-1.166999	
1	-0.048828	0.250310	0.580853	-1.166999	
1	-0.058372	0.244141	0.627752	-1.155998	
1	-0.058372	0.244141	0.627752	-1.155998	
1	-0.097656	0.223629	0.803091	-1.093117	
1	-0.097656	0.223629	0.803091	-1.093117	
1	-0.127374	0.195312	0.940084	-1.014162	
1	-0.127374	0.195312	0.940084	-1.014162	
1	-0.146484	0.173773	1.025666	-0.946235	
1	-0.146484	0.173773	1.025666	-0.946235	
1	-0.167598	0.146484	1.115540	-0.852221	
1	-0.167598	0.146484	1.115540	-0.852221	
1	-0.191502	0.097656	1.226373	-0.678897	
1	-0.191502	0.097656	1.226373	-0.678897	
1	-0.195312	0.084059	1.248634	-0.628945	
1	-0.195312	0.084059	1.248634	-0.628945	
1	-0.211107	0.048828	1.294115	-0.482950	
1	-0.211107	0.048828	1.294115	-0.482950	
1	-0.222138	0.000000	1.316629	-0.276538	
1	-0.222138	0.000000	1.316629	-0.276538	
1	-0.224326	-0.048828	1.294161	-0.057939	
1	-0.224326	-0.048828	1.294161	-0.057939	
1	-0.218113	-0.097656	1.219776	0.176636	
1	-0.218113	-0.097656	1.219776	0.176636	
1	-0.198458	-0.146484	1.068936	0.442734	
1	-0.198458	-0.146484	1.068936	0.442734	
1	-0.195312	-0.151483	1.046665	0.473166	
1	-0.195312	-0.151483	1.046665	0.473166	
1	-0.172480	-0.195312	0.827578	0.712823	
1	-0.172480	-0.195312	0.827578	0.712823	
1	-0.146484	-0.223368	0.612501	0.881508	
1	-0.146484	-0.223368	0.612501	0.881508	
1	-0.111820	-0.244141	0.355943	1.027562	
1	-0.111820	-0.244141	0.355943	1.027562	
1	-0.097656	-0.254394	0.245488	1.075396	
