chi multiples
 N    ID    z   Narcs    chip    chix    chiy    chia   rmss     rmsi    dx      dy    nwarn
 0    2.2 4.500   1      0.05    0.00    0.00    0.00   0.063    0.11   -0.02   -0.11  0
 0    2.1 4.500   1      0.01    0.00    0.00    0.00   0.063    0.05   -0.05   -0.01  0
 0    2.2 4.500   2      0.06    0.00    0.00    0.00   0.063    0.09    N/A     N/A   0
 1    1.3 4.500   1      0.27    0.00    0.00    0.00   0.216    0.26   -0.22   -0.13  0
 1    1.2 4.500   1      0.94    0.00    0.00    0.00   0.128    0.49   -0.47   -0.11  0
 1    1.1 4.500   1      0.10    0.00    0.00    0.00   0.088    0.16    0.16    0.01  0
 1    1.3 4.500   3      1.31    0.00    0.00    0.00   0.154    0.33    N/A     N/A   0
chimul                   1.37    0.00    0.00    0.00   0.126    0.26    N/A     N/A   0
log(Likelihood)         -2.95

chitot           1.37
log(Likelihood)    -2.95
