# from ggsl_one_twelve.reg; absolute RA/Dec; use mult_wcs 1; GL.* lens markers excluded
1.1 87.3039374 -62.0765823 0.094 0.094 0.000 0.000 0.0
1.2 87.3040591 -62.0770531 0.089 0.089 0.000 0.000 0.0
1.3 87.3029611 -62.0765655 0.121 0.121 0.000 0.000 0.0
1.4 87.3052941 -62.0767488 0.079 0.079 0.000 0.000 0.0
1.5 87.3049658 -62.0777504 0.081 0.081 0.000 0.000 0.0
1.6 87.3024412 -62.0779470 0.079 0.079 0.000 0.000 0.0
2.1 87.3035872 -62.0764042 0.081 0.081 0.000 0.000 0.0
2.2 87.3041949 -62.0763202 0.090 0.090 0.000 0.000 0.0
2.3 87.3019671 -62.0780396 0.061 0.061 0.000 0.000 0.0
3.1 87.3055170 -62.0773460 0.079 0.079 0.000 0.000 0.0
3.2 87.3054845 -62.0774357 0.074 0.074 0.000 0.000 0.0
4.1 87.3033111 -62.0764213 0.062 0.062 0.000 0.000 0.0
4.2 87.3019637 -62.0780395 0.061 0.061 0.000 0.000 0.0
5.1 87.3031766 -62.0764413 0.057 0.057 0.000 0.000 0.0
5.2 87.3019659 -62.0780425 0.061 0.061 0.000 0.000 0.0
6.1 87.3024878 -62.0780196 0.069 0.069 0.000 0.000 0.0
6.2 87.3050686 -62.0777271 0.079 0.079 0.000 0.000 0.0
6.3 87.3053349 -62.0769041 0.069 0.069 0.000 0.000 0.0
6.4 87.3041170 -62.0770924 0.067 0.067 0.000 0.000 0.0
9.1 87.3028107 -62.0780577 0.071 0.071 0.000 0.000 0.0
9.2 87.3056428 -62.0769621 0.072 0.072 0.000 0.000 0.0
10.1 87.3046220 -62.0769330 0.068 0.068 0.000 0.000 0.0
10.2 87.3049178 -62.0768399 0.068 0.068 0.000 0.000 0.0
11.1 87.3044874 -62.0769668 0.072 0.072 0.000 0.000 0.0
11.2 87.3050466 -62.0768005 0.087 0.087 0.000 0.000 0.0
12.1 87.3049391 -62.0765141 0.091 0.091 0.000 0.000 0.0
12.2 87.3043232 -62.0763063 0.087 0.087 0.000 0.000 0.0
