#REFERENCE 0 180.3007651 23.0992145
O1 180.3007651 23.0992145 0.0000 0.0000 -4.93 0.00
O1 180.300765 23.099215 0.0000 0.0000 -4.93 0.00
O1 180.3007651 23.0992145 0.0000 0.0000 -4.93 0.00
O1 180.3007651 23.0992145 4.5399 2.5798 -4.93 28.17
O2 180.3010949 23.0993118 0.0000 0.0000 78.33 0.00
O2 180.301095 23.099312 0.0000 0.0000 78.33 0.00
O2 180.3010949 23.0993118 0.0000 0.0000 78.33 0.00
O2 180.3010949 23.0993118 2.2294 0.8245 78.33 3.35
O3 180.3001264 23.0973556 0.0000 0.0000 34.92 0.00
O3 180.300126 23.097356 0.0000 0.0000 34.92 0.00
O3 180.3001264 23.0973556 0.0000 0.0000 34.92 0.00
O3 180.3001264 23.0973556 2.8854 1.1971 34.92 6.85
O4 180.3007651 23.0992145 0.0000 0.0000 -81.22 0.00
O4 180.300765 23.099215 0.0000 0.0000 -81.22 0.00
O4 180.3007651 23.0992145 0.0000 0.0000 -81.22 0.00
O4 180.3007651 23.0992145 0.0000 0.0000 -81.22 0.00
