#REFERENCE 3 87.3042530 -62.0775650
1	-0.097656	-0.868997	-0.228853	2.202228	
1	-0.048828	-0.873019	-0.280700	2.218157	
1	-0.048828	-0.873019	-0.280700	2.218157	
1	0.000000	-0.875117	-0.330290	2.231821	
1	0.000000	-0.875117	-0.330290	2.231821	
1	0.048828	-0.875397	-0.377607	2.243370	
1	0.048828	-0.875397	-0.377607	2.243370	
1	0.097656	-0.873925	-0.422641	2.252947	
1	0.097656	-0.873925	-0.422641	2.252947	
1	0.146484	-0.870732	-0.465389	2.260693	
1	0.146484	-0.870732	-0.465389	2.260693	
1	0.195312	-0.865812	-0.505859	2.266741	
1	0.195312	-0.865812	-0.505859	2.266741	
1	0.244141	-0.859128	-0.544070	2.271221	
1	0.244141	-0.859128	-0.544070	2.271221	
1	0.292969	-0.850615	-0.580055	2.274259	
1	0.292969	-0.850615	-0.580055	2.274259	
1	0.341797	-0.840172	-0.613860	2.275972	
1	0.341797	-0.840172	-0.613860	2.275972	
1	0.381969	-0.830078	-0.640076	2.276467	
1	0.381969	-0.830078	-0.640076	2.276467	
1	0.390625	-0.827924	-0.645540	2.276471	
1	0.390625	-0.827924	-0.645540	2.276471	
1	0.439453	-0.814752	-0.675123	2.275857	
1	0.439453	-0.814752	-0.675123	2.275857	
1	0.488281	-0.799386	-0.702656	2.274226	
1	0.488281	-0.799386	-0.702656	2.274226	
1	0.537109	-0.781590	-0.728222	2.271664	
1	0.537109	-0.781590	-0.728222	2.271664	
1	0.538031	-0.781250	-0.728685	2.271607	
1	0.538031	-0.781250	-0.728685	2.271607	
1	0.585938	-0.763033	-0.751768	2.268261	
1	0.585938	-0.763033	-0.751768	2.268261	
1	0.634766	-0.741712	-0.773460	2.264077	
1	0.634766	-0.741712	-0.773460	2.264077	
1	0.654991	-0.732422	-0.781886	2.262135	
1	0.654991	-0.732422	-0.781886	2.262135	
1	0.683594	-0.718526	-0.793275	2.259185	
1	0.683594	-0.718526	-0.793275	2.259185	
1	0.732422	-0.692746	-0.811313	2.253627	
1	0.732422	-0.692746	-0.811313	2.253627	
1	0.749188	-0.683594	-0.817071	2.251583	
1	0.749188	-0.683594	-0.817071	2.251583	
1	0.781250	-0.664551	-0.827583	2.247450	
1	0.781250	-0.664551	-0.827583	2.247450	
1	0.827220	-0.634766	-0.841409	2.241053	
1	0.827220	-0.634766	-0.841409	2.241053	
1	0.830078	-0.632707	-0.842232	2.240631	
1	0.830078	-0.632707	-0.842232	2.240631	
1	0.878906	-0.597704	-0.855205	2.233198	
1	0.878906	-0.597704	-0.855205	2.233198	
1	0.894777	-0.585938	-0.859026	2.230672	
1	0.894777	-0.585938	-0.859026	2.230672	
1	0.927734	-0.557700	-0.866668	2.225009	
1	0.927734	-0.557700	-0.866668	2.225009	
1	0.951427	-0.537109	-0.871600	2.220799	
1	0.951427	-0.537109	-0.871600	2.220799	
1	0.976562	-0.511042	-0.876697	2.215828	
1	0.976562	-0.511042	-0.876697	2.215828	
1	0.998838	-0.488281	-0.880682	2.211343	
1	0.998838	-0.488281	-0.880682	2.211343	
1	1.025391	-0.454542	-0.885376	2.205091	
1	1.025391	-0.454542	-0.885376	2.205091	
1	1.037785	-0.439453	-0.887251	2.202176	
1	1.037785	-0.439453	-0.887251	2.202176	
1	1.069276	-0.390625	-0.891981	2.193076	
1	1.069276	-0.390625	-0.891981	2.193076	
1	1.074219	-0.380939	-0.892729	2.191288	
1	1.074219	-0.380939	-0.892729	2.191288	
1	1.095871	-0.341797	-0.895317	2.183720	
1	1.095871	-0.341797	-0.895317	2.183720	
1	1.115150	-0.292969	-0.897440	2.174056	
1	1.115150	-0.292969	-0.897440	2.174056	
1	1.123047	-0.265579	-0.898163	2.168383	
1	1.123047	-0.265579	-0.898163	2.168383	
1	1.129986	-0.244141	-0.898504	2.163746	
1	1.129986	-0.244141	-0.898504	2.163746	
1	1.141242	-0.195312	-0.898527	2.152619	
1	1.141242	-0.195312	-0.898527	2.152619	
1	1.148037	-0.146484	-0.897479	2.140498	
1	1.148037	-0.146484	-0.897479	2.140498	
1	1.151230	-0.097656	-0.895281	2.127198	
1	1.151230	-0.097656	-0.895281	2.127198	
1	1.151307	-0.048828	-0.891820	2.112570	
1	1.151307	-0.048828	-0.891820	2.112570	
1	1.148512	0.000000	-0.886958	2.096467	
1	1.148512	0.000000	-0.886958	2.096467	
1	1.142913	0.048828	-0.880525	2.078736	
1	1.142913	0.048828	-0.880525	2.078736	
1	1.134432	0.097656	-0.872315	2.059198	
1	1.134432	0.097656	-0.872315	2.059198	
1	1.123047	0.145662	-0.862249	2.037999	
1	1.123047	0.145662	-0.862249	2.037999	
1	1.122892	0.146484	-0.862065	2.037631	
1	1.122892	0.146484	-0.862065	2.037631	
1	1.110642	0.195312	-0.849789	2.014392	
1	1.110642	0.195312	-0.849789	2.014392	
1	1.095151	0.244141	-0.834965	1.988826	
1	1.095151	0.244141	-0.834965	1.988826	
1	1.075860	0.292969	-0.817102	1.960538	
1	1.075860	0.292969	-0.817102	1.960538	
1	1.074219	0.296395	-0.815692	1.958398	
1	1.074219	0.296395	-0.815692	1.958398	
1	1.055805	0.341797	-0.796455	1.930312	
1	1.055805	0.341797	-0.796455	1.930312	
1	1.031463	0.390625	-0.771864	1.896867	
1	1.031463	0.390625	-0.771864	1.896867	
1	1.025391	0.400861	-0.766018	1.889251	
1	1.025391	0.400861	-0.766018	1.889251	
1	1.005285	0.439453	-0.743534	1.860960	
1	1.005285	0.439453	-0.743534	1.860960	
1	0.976562	0.484797	-0.712515	1.824154	
1	0.976562	0.484797	-0.712515	1.824154	
1	0.974574	0.488281	-0.710085	1.821365	
1	0.974574	0.488281	-0.710085	1.821365	
1	0.941833	0.537109	-0.671927	1.779127	
1	0.941833	0.537109	-0.671927	1.779127	
1	0.927734	0.554949	-0.655942	1.762215	
1	0.927734	0.554949	-0.655942	1.762215	
1	0.904835	0.585938	-0.627568	1.733185	
1	0.904835	0.585938	-0.627568	1.733185	
1	0.878906	0.616013	-0.596252	1.702465	
1	0.878906	0.616013	-0.596252	1.702465	
1	0.863381	0.634766	-0.576182	1.683434	
1	0.863381	0.634766	-0.576182	1.683434	
1	0.830078	0.669876	-0.534000	1.644942	
1	0.830078	0.669876	-0.534000	1.644942	
1	0.817241	0.683594	-0.516921	1.629891	
1	0.817241	0.683594	-0.516921	1.629891	
1	0.781250	0.717895	-0.469662	1.589708	
1	0.781250	0.717895	-0.469662	1.589708	
1	0.765800	0.732422	-0.448701	1.572526	
1	0.765800	0.732422	-0.448701	1.572526	
1	0.732422	0.761106	-0.403661	1.536835	
1	0.732422	0.761106	-0.403661	1.536835	
1	0.708036	0.781250	-0.370134	1.511289	
1	0.708036	0.781250	-0.370134	1.511289	
1	0.683594	0.800205	-0.336472	1.486462	
1	0.683594	0.800205	-0.336472	1.486462	
1	0.642554	0.830078	-0.279557	1.446243	
1	0.642554	0.830078	-0.279557	1.446243	
1	0.634766	0.835553	-0.268676	1.438795	
1	0.634766	0.835553	-0.268676	1.438795	
1	0.585938	0.867987	-0.200463	1.393760	
1	0.585938	0.867987	-0.200463	1.393760	
1	0.567919	0.878906	-0.175515	1.377979	
1	0.567919	0.878906	-0.175515	1.377979	
1	0.537109	0.897675	-0.132379	1.351529	
1	0.537109	0.897675	-0.132379	1.351529	
1	0.488281	0.924337	-0.065170	1.312351	
1	0.488281	0.924337	-0.065170	1.312351	
1	0.481416	0.927734	-0.055884	1.307126	
1	0.481416	0.927734	-0.055884	1.307126	
1	0.439453	0.949509	0.001572	1.275799	
1	0.439453	0.949509	0.001572	1.275799	
1	0.390625	0.971732	0.066554	1.242388	
1	0.390625	0.971732	0.066554	1.242388	
1	0.378646	0.976562	0.082101	1.234707	
1	0.378646	0.976562	0.082101	1.234707	
1	0.341797	0.992801	0.130389	1.211608	
1	0.341797	0.992801	0.130389	1.211608	
1	0.292969	1.011642	0.192177	1.183713	
1	0.292969	1.011642	0.192177	1.183713	
1	0.251915	1.025391	0.242223	1.162479	
1	0.251915	1.025391	0.242223	1.162479	
1	0.244141	1.028348	0.251744	1.158577	
1	0.244141	1.028348	0.251744	1.158577	
1	0.195312	1.044532	0.309570	1.135830	
1	0.195312	1.044532	0.309570	1.135830	
1	0.146484	1.058519	0.364778	1.115652	
1	0.146484	1.058519	0.364778	1.115652	
1	0.097656	1.070543	0.417402	1.097842	
1	0.097656	1.070543	0.417402	1.097842	
1	0.079809	1.074219	0.435915	1.091914	
1	0.079809	1.074219	0.435915	1.091914	
1	0.048828	1.081875	0.467773	1.082133	
1	0.048828	1.081875	0.467773	1.082133	
1	0.000000	1.091961	0.515630	1.068463	
1	0.000000	1.091961	0.515630	1.068463	
1	-0.048828	1.100356	0.560844	1.056719	
1	-0.048828	1.100356	0.560844	1.056719	
1	-0.097656	1.107176	0.603471	1.046744	
1	-0.097656	1.107176	0.603471	1.046744	
1	-0.146484	1.112507	0.643565	1.038391	
1	-0.146484	1.112507	0.643565	1.038391	
1	-0.195312	1.116403	0.681180	1.031525	
1	-0.195312	1.116403	0.681180	1.031525	
1	-0.244141	1.118888	0.716371	1.026021	
1	-0.244141	1.118888	0.716371	1.026021	
1	-0.292969	1.119953	0.749194	1.021759	
1	-0.292969	1.119953	0.749194	1.021759	
1	-0.341797	1.119558	0.779711	1.018630	
1	-0.341797	1.119558	0.779711	1.018630	
1	-0.390625	1.117623	0.807986	1.016529	
1	-0.390625	1.117623	0.807986	1.016529	
1	-0.439453	1.114027	0.834088	1.015359	
1	-0.439453	1.114027	0.834088	1.015359	
1	-0.488281	1.108594	0.858095	1.015032	
1	-0.488281	1.108594	0.858095	1.015032	
1	-0.537109	1.101078	0.880089	1.015465	
1	-0.537109	1.101078	0.880089	1.015465	
1	-0.585938	1.091137	0.900163	1.016586	
1	-0.585938	1.091137	0.900163	1.016586	
1	-0.634766	1.078291	0.918421	1.018335	
1	-0.634766	1.078291	0.918421	1.018335	
1	-0.648441	1.074219	0.923219	1.018930	
1	-0.648441	1.074219	0.923219	1.018930	
1	-0.683594	1.063618	0.934895	1.020653	
1	-0.683594	1.063618	0.934895	1.020653	
1	-0.732422	1.045652	0.949713	1.023504	
1	-0.732422	1.045652	0.949713	1.023504	
1	-0.776220	1.025391	0.961738	1.026517	
1	-0.776220	1.025391	0.961738	1.026517	
1	-0.781250	1.022938	0.963037	1.026888	
1	-0.781250	1.022938	0.963037	1.026888	
1	-0.830078	0.996856	0.974838	1.030779	
1	-0.830078	0.996856	0.974838	1.030779	
1	-0.861221	0.976562	0.981716	1.033581	
1	-0.861221	0.976562	0.981716	1.033581	
1	-0.878906	0.963756	0.985402	1.035296	
1	-0.878906	0.963756	0.985402	1.035296	
1	-0.921762	0.927734	0.993754	1.039915	
1	-0.921762	0.927734	0.993754	1.039915	
1	-0.927734	0.921911	0.994869	1.040629	
1	-0.927734	0.921911	0.994869	1.040629	
1	-0.967733	0.878906	1.001926	1.045891	
1	-0.967733	0.878906	1.001926	1.045891	
1	-0.976562	0.867240	1.003467	1.047258	
1	-0.976562	0.867240	1.003467	1.047258	
1	-1.003129	0.830078	1.007841	1.051742	
1	-1.003129	0.830078	1.007841	1.051742	
1	-1.025391	0.788300	1.011681	1.056718	
1	-1.025391	0.788300	1.011681	1.056718	
1	-1.029066	0.781250	1.012270	1.057601	
1	-1.029066	0.781250	1.012270	1.057601	
1	-1.050641	0.732422	1.015796	1.063872	
1	-1.050641	0.732422	1.015796	1.063872	
1	-1.065948	0.683594	1.018526	1.070538	
1	-1.065948	0.683594	1.018526	1.070538	
1	-1.074219	0.648329	1.020091	1.075724	
1	-1.074219	0.648329	1.020091	1.075724	
1	-1.077512	0.634766	1.020612	1.077838	
1	-1.077512	0.634766	1.020612	1.077838	
1	-1.086910	0.585938	1.022082	1.085913	
1	-1.086910	0.585938	1.022082	1.085913	
1	-1.093208	0.537109	1.022915	1.094818	
1	-1.093208	0.537109	1.022915	1.094818	
1	-1.097007	0.488281	1.023079	1.104665	
1	-1.097007	0.488281	1.023079	1.104665	
1	-1.098687	0.439453	1.022519	1.115547	
1	-1.098687	0.439453	1.022519	1.115547	
1	-1.098482	0.390625	1.021164	1.127553	
1	-1.098482	0.390625	1.021164	1.127553	
1	-1.096526	0.341797	1.018931	1.140764	
1	-1.096526	0.341797	1.018931	1.140764	
1	-1.092876	0.292969	1.015724	1.155269	
1	-1.092876	0.292969	1.015724	1.155269	
1	-1.087531	0.244141	1.011433	1.171159	
1	-1.087531	0.244141	1.011433	1.171159	
1	-1.080430	0.195312	1.005931	1.188540	
1	-1.080430	0.195312	1.005931	1.188540	
1	-1.074219	0.162106	1.001405	1.201317	
1	-1.074219	0.162106	1.001405	1.201317	
1	-1.071916	0.146484	0.999092	1.207467	
1	-1.071916	0.146484	0.999092	1.207467	
1	-1.062737	0.097656	0.990825	1.227895	
1	-1.062737	0.097656	0.990825	1.227895	
1	-1.051679	0.048828	0.980905	1.250083	
1	-1.051679	0.048828	0.980905	1.250083	
1	-1.038493	0.000000	0.969107	1.274203	
1	-1.038493	0.000000	0.969107	1.274203	
1	-1.025391	-0.040760	0.957581	1.296036	
1	-1.025391	-0.040760	0.957581	1.296036	
1	-1.023258	-0.048828	0.955200	1.300373	
1	-1.023258	-0.048828	0.955200	1.300373	
1	-1.007711	-0.097656	0.939227	1.328211	
1	-1.007711	-0.097656	0.939227	1.328211	
1	-0.989354	-0.146484	0.920561	1.358476	
1	-0.989354	-0.146484	0.920561	1.358476	
1	-0.976562	-0.175291	0.907985	1.377767	
1	-0.976562	-0.175291	0.907985	1.377767	
1	-0.968988	-0.195312	0.899022	1.391057	
1	-0.968988	-0.195312	0.899022	1.391057	
1	-0.947137	-0.244141	0.874447	1.425825	
1	-0.947137	-0.244141	0.874447	1.425825	
1	-0.927734	-0.280786	0.853191	1.454219	
1	-0.927734	-0.280786	0.853191	1.454219	
1	-0.922070	-0.292969	0.845995	1.463526	
1	-0.922070	-0.292969	0.845995	1.463526	
1	-0.895390	-0.341797	0.813776	1.503542	
1	-0.895390	-0.341797	0.813776	1.503542	
1	-0.878906	-0.367431	0.794481	1.526357	
1	-0.878906	-0.367431	0.794481	1.526357	
1	-0.865357	-0.390625	0.776732	1.546674	
1	-0.865357	-0.390625	0.776732	1.546674	
1	-0.831639	-0.439453	0.734121	1.593135	
1	-0.831639	-0.439453	0.734121	1.593135	
1	-0.830078	-0.441435	0.732205	1.595154	
1	-0.830078	-0.441435	0.732205	1.595154	
1	-0.795247	-0.488281	0.685922	1.642285	
1	-0.795247	-0.488281	0.685922	1.642285	
1	-0.781250	-0.504540	0.667771	1.659972	
1	-0.781250	-0.504540	0.667771	1.659972	
1	-0.754011	-0.537109	0.630334	1.695175	
1	-0.754011	-0.537109	0.630334	1.695175	
1	-0.732422	-0.559714	0.601280	1.721396	
1	-0.732422	-0.559714	0.601280	1.721396	
1	-0.707319	-0.585938	0.566169	1.751905	
1	-0.707319	-0.585938	0.566169	1.751905	
1	-0.683594	-0.608050	0.533472	1.779235	
1	-0.683594	-0.608050	0.533472	1.779235	
1	-0.653910	-0.634766	0.491686	1.812750	
1	-0.653910	-0.634766	0.491686	1.812750	
1	-0.634766	-0.650498	0.464931	1.833425	
1	-0.634766	-0.650498	0.464931	1.833425	
1	-0.591654	-0.683594	0.404272	1.878176	
1	-0.591654	-0.683594	0.404272	1.878176	
1	-0.585938	-0.687708	0.396231	1.883897	
1	-0.585938	-0.687708	0.396231	1.883897	
1	-0.537109	-0.720511	0.327669	1.930776	
1	-0.537109	-0.720511	0.327669	1.930776	
1	-0.517190	-0.732422	0.300039	1.948740	
1	-0.517190	-0.732422	0.300039	1.948740	
1	-0.488281	-0.749282	0.259716	1.974044	
1	-0.488281	-0.749282	0.259716	1.974044	
1	-0.439453	-0.774148	0.192888	2.013674	
1	-0.439453	-0.774148	0.192888	2.013674	
1	-0.423379	-0.781250	0.171356	2.025849	
1	-0.423379	-0.781250	0.171356	2.025849	
1	-0.390625	-0.796012	0.127130	2.049967	
1	-0.390625	-0.796012	0.127130	2.049967	
1	-0.341797	-0.814665	0.062988	2.082867	
1	-0.341797	-0.814665	0.062988	2.082867	
1	-0.292969	-0.829991	0.000833	2.112443	
1	-0.292969	-0.829991	0.000833	2.112443	
1	-0.292631	-0.830078	0.000414	2.112634	
1	-0.292631	-0.830078	0.000414	2.112634	
1	-0.244141	-0.843658	-0.059915	2.139180	
1	-0.244141	-0.843658	-0.059915	2.139180	
1	-0.195312	-0.854536	-0.118451	2.162921	
1	-0.195312	-0.854536	-0.118451	2.162921	
1	-0.146484	-0.862901	-0.174766	2.183873	
1	-0.146484	-0.862901	-0.174766	2.183873	
1	-0.097656	-0.868997	-0.228853	2.202228	
2	1.416016	2.853450	0.476371	1.472097	
2	1.416016	2.853450	0.476371	1.472097	
2	1.367188	2.854287	0.490291	1.443406	
2	1.367188	2.854287	0.490291	1.443406	
2	1.318359	2.852532	0.502101	1.419196	
2	1.318359	2.852532	0.502101	1.419196	
2	1.269531	2.848295	0.512306	1.398669	
2	1.269531	2.848295	0.512306	1.398669	
2	1.220703	2.841638	0.521258	1.381176	
2	1.220703	2.841638	0.521258	1.381176	
2	1.171875	2.832564	0.529193	1.366219	
2	1.171875	2.832564	0.529193	1.366219	
2	1.169293	2.832031	0.529595	1.365477	
2	1.169293	2.832031	0.529595	1.365477	
2	1.123047	2.821859	0.536642	1.352747	
2	1.123047	2.821859	0.536642	1.352747	
2	1.074219	2.809364	0.543647	1.340650	
2	1.074219	2.809364	0.543647	1.340650	
2	1.025391	2.794990	0.550261	1.329772	
2	1.025391	2.794990	0.550261	1.329772	
2	0.989041	2.783203	0.555038	1.322255	
2	0.989041	2.783203	0.555038	1.322255	
2	0.976562	2.778944	0.556654	1.319774	
2	0.976562	2.778944	0.556654	1.319774	
2	0.927734	2.762162	0.563268	1.309957	
2	0.927734	2.762162	0.563268	1.309957	
2	0.878906	2.744006	0.569878	1.300659	
2	0.878906	2.744006	0.569878	1.300659	
2	0.853700	2.734375	0.573411	1.295888	
2	0.853700	2.734375	0.573411	1.295888	
2	0.830078	2.725042	0.576742	1.291509	
2	0.830078	2.725042	0.576742	1.291509	
2	0.781250	2.705719	0.584043	1.282291	
2	0.781250	2.705719	0.584043	1.282291	
2	0.732676	2.685547	0.591524	1.273346	
2	0.732676	2.685547	0.591524	1.273346	
2	0.732422	2.685438	0.591564	1.273300	
2	0.732422	2.685438	0.591564	1.273300	
2	0.683594	2.665605	0.599809	1.263966	
2	0.683594	2.665605	0.599809	1.263966	
2	0.634766	2.645221	0.608401	1.254760	
2	0.634766	2.645221	0.608401	1.254760	
2	0.613998	2.636719	0.612269	1.250774	
2	0.613998	2.636719	0.612269	1.250774	
2	0.585938	2.624983	0.617558	1.245470	
2	0.585938	2.624983	0.617558	1.245470	
2	0.537109	2.604949	0.627260	1.236153	
2	0.537109	2.604949	0.627260	1.236153	
2	0.495670	2.587891	0.635824	1.228333	
2	0.495670	2.587891	0.635824	1.228333	
2	0.488281	2.584778	0.637361	1.226966	
2	0.488281	2.584778	0.637361	1.226966	
2	0.439453	2.565409	0.648092	1.217728	
2	0.439453	2.565409	0.648092	1.217728	
2	0.390625	2.545956	0.659141	1.208726	
2	0.390625	2.545956	0.659141	1.208726	
2	0.372520	2.539062	0.663399	1.205386	
2	0.372520	2.539062	0.663399	1.205386	
2	0.341797	2.527104	0.670639	1.199864	
2	0.341797	2.527104	0.670639	1.199864	
2	0.292969	2.508699	0.682476	1.191236	
2	0.292969	2.508699	0.682476	1.191236	
2	0.244141	2.490344	0.694495	1.182958	
2	0.244141	2.490344	0.694495	1.182958	
2	0.243824	2.490234	0.694575	1.182905	
2	0.243824	2.490234	0.694575	1.182905	
2	0.195312	2.473067	0.706857	1.174922	
2	0.195312	2.473067	0.706857	1.174922	
2	0.146484	2.455997	0.719296	1.167301	
2	0.146484	2.455997	0.719296	1.167301	
2	0.103826	2.441406	0.730205	1.160986	
2	0.103826	2.441406	0.730205	1.160986	
2	0.097656	2.439225	0.731766	1.160110	
2	0.097656	2.439225	0.731766	1.160110	
2	0.048828	2.423471	0.744318	1.153314	
2	0.048828	2.423471	0.744318	1.153314	
2	0.000000	2.408042	0.756753	1.147010	
2	0.000000	2.408042	0.756753	1.147010	
2	-0.048828	2.392939	0.769007	1.141213	
2	-0.048828	2.392939	0.769007	1.141213	
2	-0.050144	2.392578	0.769339	1.141062	
2	-0.050144	2.392578	0.769339	1.141062	
2	-0.097656	2.378991	0.781112	1.135894	
2	-0.097656	2.378991	0.781112	1.135894	
2	-0.146484	2.365556	0.792903	1.131108	
2	-0.146484	2.365556	0.792903	1.131108	
2	-0.195312	2.352653	0.804316	1.126861	
2	-0.195312	2.352653	0.804316	1.126861	
2	-0.231663	2.343750	0.812555	1.124043	
2	-0.231663	2.343750	0.812555	1.124043	
2	-0.244141	2.340533	0.815302	1.123151	
2	-0.244141	2.340533	0.815302	1.123151	
2	-0.292969	2.329638	0.825817	1.119973	
2	-0.292969	2.329638	0.825817	1.119973	
2	-0.341797	2.319623	0.835757	1.117337	
2	-0.341797	2.319623	0.835757	1.117337	
2	-0.390625	2.310642	0.845063	1.115237	
2	-0.390625	2.310642	0.845063	1.115237	
2	-0.439453	2.302923	0.853671	1.113664	
2	-0.439453	2.302923	0.853671	1.113664	
2	-0.488281	2.296806	0.861520	1.112607	
2	-0.488281	2.296806	0.861520	1.112607	
2	-0.513544	2.294922	0.865265	1.112257	
2	-0.513544	2.294922	0.865265	1.112257	
2	-0.537109	2.293032	0.868539	1.112051	
2	-0.537109	2.293032	0.868539	1.112051	
2	-0.585938	2.292279	0.874641	1.111981	
2	-0.585938	2.292279	0.874641	1.111981	
2	-0.624563	2.294922	0.878743	1.112249	
2	-0.624563	2.294922	0.878743	1.112249	
2	-0.634766	2.295909	0.879713	1.112364	
2	-0.634766	2.295909	0.879713	1.112364	
2	-0.683594	2.308539	0.883544	1.113127	
2	-0.683594	2.308539	0.883544	1.113127	
2	-0.732422	2.339977	0.885650	1.113954	
2	-0.732422	2.339977	0.885650	1.113954	
2	-0.735928	2.343750	0.885701	1.113986	
2	-0.735928	2.343750	0.885701	1.113986	
2	-0.757182	2.392578	0.884988	1.113291	
2	-0.757182	2.392578	0.884988	1.113291	
2	-0.760725	2.441406	0.883486	1.111210	
2	-0.760725	2.441406	0.883486	1.111210	
2	-0.755855	2.490234	0.881790	1.107979	
2	-0.755855	2.490234	0.881790	1.107979	
2	-0.746141	2.539062	0.880055	1.103697	
2	-0.746141	2.539062	0.880055	1.103697	
2	-0.733248	2.587891	0.878326	1.098406	
2	-0.733248	2.587891	0.878326	1.098406	
2	-0.732422	2.590293	0.878241	1.098115	
2	-0.732422	2.590293	0.878241	1.098115	
2	-0.718045	2.636719	0.876613	1.092125	
2	-0.718045	2.636719	0.876613	1.092125	
2	-0.701166	2.685547	0.874911	1.084874	
2	-0.701166	2.685547	0.874911	1.084874	
2	-0.683594	2.732408	0.873277	1.077013	
2	-0.683594	2.732408	0.873277	1.077013	
2	-0.682912	2.734375	0.873209	1.076667	
2	-0.682912	2.734375	0.873209	1.076667	
2	-0.663545	2.783203	0.871493	1.067527	
2	-0.663545	2.783203	0.871493	1.067527	
2	-0.643197	2.832031	0.869750	1.057485	
2	-0.643197	2.832031	0.869750	1.057485	
2	-0.634766	2.850876	0.869065	1.053364	
2	-0.634766	2.850876	0.869065	1.053364	
2	-0.621983	2.880859	0.867964	1.046580	
2	-0.621983	2.880859	0.867964	1.046580	
2	-0.599977	2.929688	0.866124	1.034866	
2	-0.599977	2.929688	0.866124	1.034866	
2	-0.585938	2.959430	0.864969	1.027351	
2	-0.585938	2.959430	0.864969	1.027351	
2	-0.577197	2.978516	0.864217	1.022406	
2	-0.577197	2.978516	0.864217	1.022406	
2	-0.553677	3.027344	0.862232	1.009280	
2	-0.553677	3.027344	0.862232	1.009280	
2	-0.537109	3.060513	0.860835	1.000024	
2	-0.537109	3.060513	0.860835	1.000024	
2	-0.529388	3.076172	0.860162	0.995580	
2	-0.529388	3.076172	0.860162	0.995580	
2	-0.504305	3.125000	0.858001	0.981409	
2	-0.504305	3.125000	0.858001	0.981409	
2	-0.488281	3.155228	0.856616	0.972449	
2	-0.488281	3.155228	0.856616	0.972449	
2	-0.478376	3.173828	0.855746	0.966887	
2	-0.478376	3.173828	0.855746	0.966887	
2	-0.451537	3.222656	0.853395	0.952144	
2	-0.451537	3.222656	0.853395	0.952144	
2	-0.439453	3.244121	0.852332	0.945630	
2	-0.439453	3.244121	0.852332	0.945630	
2	-0.423690	3.271484	0.850951	0.937320	
2	-0.423690	3.271484	0.850951	0.937320	
2	-0.394805	3.320312	0.848419	0.922568	
2	-0.394805	3.320312	0.848419	0.922568	
2	-0.390625	3.327337	0.848048	0.920464	
2	-0.390625	3.327337	0.848048	0.920464	
2	-0.364649	3.369141	0.845805	0.908039	
2	-0.364649	3.369141	0.845805	0.908039	
2	-0.341797	3.405232	0.843829	0.897553	
2	-0.341797	3.405232	0.843829	0.897553	
2	-0.333265	3.417969	0.843121	0.893901	
2	-0.333265	3.417969	0.843121	0.893901	
2	-0.300441	3.466797	0.840380	0.880315	
2	-0.300441	3.466797	0.840380	0.880315	
2	-0.292969	3.478081	0.839743	0.877287	
2	-0.292969	3.478081	0.839743	0.877287	
2	-0.265980	3.515625	0.837597	0.867438	
2	-0.265980	3.515625	0.837597	0.867438	
2	-0.244141	3.546295	0.835843	0.859818	
2	-0.244141	3.546295	0.835843	0.859818	
2	-0.229851	3.564453	0.834792	0.855435	
2	-0.229851	3.564453	0.834792	0.855435	
2	-0.195312	3.609295	0.832218	0.845326	
2	-0.195312	3.609295	0.832218	0.845326	
2	-0.191847	3.613281	0.831985	0.844458	
2	-0.191847	3.613281	0.831985	0.844458	
2	-0.151478	3.662109	0.829197	0.834639	
2	-0.151478	3.662109	0.829197	0.834639	
2	-0.146484	3.668663	0.828834	0.833445	
2	-0.146484	3.668663	0.828834	0.833445	
2	-0.108252	3.710938	0.826448	0.826108	
2	-0.108252	3.710938	0.826448	0.826108	
2	-0.097656	3.723882	0.825749	0.824136	
2	-0.097656	3.723882	0.825749	0.824136	
2	-0.061271	3.759766	0.823752	0.818977	
2	-0.061271	3.759766	0.823752	0.818977	
2	-0.048828	3.773860	0.823018	0.817269	
2	-0.048828	3.773860	0.823018	0.817269	
2	-0.008309	3.808594	0.821099	0.813328	
2	-0.008309	3.808594	0.821099	0.813328	
2	0.000000	3.817249	0.820665	0.812551	
2	0.000000	3.817249	0.820665	0.812551	
2	0.048828	3.852829	0.818663	0.809546	
2	0.048828	3.852829	0.818663	0.809546	
2	0.058116	3.857422	0.818347	0.809163	
2	0.058116	3.857422	0.818347	0.809163	
2	0.097656	3.881896	0.816881	0.807739	
2	0.097656	3.881896	0.816881	0.807739	
2	0.146484	3.897765	0.815302	0.806798	
2	0.146484	3.897765	0.815302	0.806798	
2	0.195312	3.905383	0.813633	0.806348	
2	0.195312	3.905383	0.813633	0.806348	
2	0.209325	3.906250	0.813112	0.806295	
2	0.314329	3.906250	0.808315	0.806938	
2	0.341797	3.904714	0.806771	0.807420	
2	0.341797	3.904714	0.806771	0.807420	
2	0.390625	3.900035	0.803683	0.808623	
2	0.390625	3.900035	0.803683	0.808623	
2	0.439453	3.893884	0.800152	0.810279	
2	0.439453	3.893884	0.800152	0.810279	
2	0.488281	3.886488	0.796163	0.812408	
2	0.488281	3.886488	0.796163	0.812408	
2	0.537109	3.878000	0.791707	0.815023	
2	0.537109	3.878000	0.791707	0.815023	
2	0.585938	3.868533	0.786775	0.818138	
2	0.585938	3.868533	0.786775	0.818138	
2	0.634766	3.858164	0.781363	0.821766	
2	0.634766	3.858164	0.781363	0.821766	
2	0.637825	3.857422	0.781003	0.822013	
2	0.637825	3.857422	0.781003	0.822013	
2	0.683594	3.848212	0.775560	0.825844	
2	0.683594	3.848212	0.775560	0.825844	
2	0.732422	3.837543	0.769294	0.830425	
2	0.732422	3.837543	0.769294	0.830425	
2	0.781250	3.826102	0.762553	0.835520	
2	0.781250	3.826102	0.762553	0.835520	
2	0.830078	3.813909	0.755331	0.841131	
2	0.830078	3.813909	0.755331	0.841131	
2	0.849602	3.808594	0.752283	0.843539	
2	0.849602	3.808594	0.752283	0.843539	
2	0.878906	3.801621	0.747690	0.847207	
2	0.878906	3.801621	0.747690	0.847207	
2	0.927734	3.789082	0.739618	0.853751	
2	0.927734	3.789082	0.739618	0.853751	
2	0.976562	3.775822	0.731057	0.860802	
2	0.976562	3.775822	0.731057	0.860802	
2	1.025391	3.761799	0.721989	0.868364	
2	1.025391	3.761799	0.721989	0.868364	
2	1.031837	3.759766	0.720738	0.869414	
2	1.031837	3.759766	0.720738	0.869414	
2	1.074219	3.747854	0.712514	0.876342	
2	1.074219	3.747854	0.712514	0.876342	
2	1.123047	3.733260	0.702527	0.884807	
2	1.123047	3.733260	0.702527	0.884807	
2	1.171875	3.717759	0.691969	0.893790	
2	1.171875	3.717759	0.691969	0.893790	
2	1.191471	3.710938	0.687513	0.897585	
2	1.191471	3.710938	0.687513	0.897585	
2	1.220703	3.701853	0.680890	0.903227	
2	1.220703	3.701853	0.680890	0.903227	
2	1.269531	3.685346	0.669233	0.913140	
2	1.269531	3.685346	0.669233	0.913140	
2	1.318359	3.667530	0.656844	0.923630	
2	1.318359	3.667530	0.656844	0.923630	
2	1.331560	3.662109	0.653299	0.926621	
2	1.331560	3.662109	0.653299	0.926621	
2	1.367188	3.649178	0.643803	0.934598	
2	1.367188	3.649178	0.643803	0.934598	
2	1.416016	3.629552	0.629925	0.946161	
2	1.416016	3.629552	0.629925	0.946161	
2	1.452007	3.613281	0.618929	0.955230	
2	1.452007	3.613281	0.618929	0.955230	
2	1.464844	3.608219	0.615048	0.958409	
2	1.464844	3.608219	0.615048	0.958409	
2	1.513672	3.586018	0.599234	0.971247	
2	1.513672	3.586018	0.599234	0.971247	
2	1.554959	3.564453	0.584622	0.982933	
2	1.554959	3.564453	0.584622	0.982933	
2	1.562500	3.561080	0.581993	0.985018	
2	1.562500	3.561080	0.581993	0.985018	
2	1.611328	3.535156	0.563516	0.999518	
2	1.611328	3.535156	0.563516	0.999518	
2	1.642128	3.515625	0.550557	1.009535	
2	1.642128	3.515625	0.550557	1.009535	
2	1.660156	3.506034	0.543129	1.015224	
2	1.660156	3.506034	0.543129	1.015224	
2	1.708984	3.474262	0.520656	1.032226	
2	1.708984	3.474262	0.520656	1.032226	
2	1.718233	3.466797	0.515855	1.035822	
2	1.718233	3.466797	0.515855	1.035822	
2	1.757812	3.440423	0.495870	1.050689	
2	1.757812	3.440423	0.495870	1.050689	
2	1.784225	3.417969	0.480450	1.062076	
2	1.784225	3.417969	0.480450	1.062076	
2	1.806641	3.402686	0.467793	1.071398	
2	1.806641	3.402686	0.467793	1.071398	
2	1.844097	3.369141	0.442946	1.089722	
2	1.844097	3.369141	0.442946	1.089722	
2	1.855469	3.361254	0.435709	1.095087	
2	1.855469	3.361254	0.435709	1.095087	
2	1.899103	3.320312	0.402506	1.120061	
2	1.899103	3.320312	0.402506	1.120061	
2	1.904297	3.316691	0.398760	1.122931	
2	1.904297	3.316691	0.398760	1.122931	
2	1.950885	3.271484	0.357820	1.155333	
2	1.950885	3.271484	0.357820	1.155333	
2	1.953125	3.269943	0.355988	1.156838	
2	1.953125	3.269943	0.355988	1.156838	
2	2.001249	3.222656	0.307216	1.199282	
2	2.001249	3.222656	0.307216	1.199282	
2	2.001953	3.222187	0.306571	1.199880	
2	2.001953	3.222187	0.306571	1.199880	
2	2.050781	3.175181	0.250828	1.256196	
2	2.050781	3.175181	0.250828	1.256196	
2	2.051832	3.173828	0.249338	1.257849	
2	2.051832	3.173828	0.249338	1.257849	
2	2.099609	3.130110	0.191157	1.330339	
2	2.099609	3.130110	0.191157	1.330339	
2	2.103884	3.125000	0.184916	1.339200	
2	2.103884	3.125000	0.184916	1.339200	
2	2.148438	3.085208	0.131212	1.427512	
2	2.148438	3.085208	0.131212	1.427512	
2	2.156772	3.076172	0.120391	1.448560	
2	2.156772	3.076172	0.120391	1.448560	
2	2.197266	3.036246	0.076208	1.551517	
2	2.197266	3.036246	0.076208	1.551517	
2	2.206168	3.027344	0.067892	1.574982	
2	2.206168	3.027344	0.067892	1.574982	
2	2.246094	2.978992	0.034232	1.691606	
2	2.246094	2.978992	0.034232	1.691606	
2	2.246590	2.978516	0.033964	1.692720	
2	2.246590	2.978516	0.033964	1.692720	
2	2.281846	2.929688	0.013930	1.788916	
2	2.281846	2.929688	0.013930	1.788916	
2	2.294922	2.899099	0.005879	1.836216	
2	2.294922	2.899099	0.005879	1.836216	
2	2.307289	2.880859	0.001806	1.862098	
2	2.307289	2.880859	0.001806	1.862098	
2	2.326364	2.832031	-0.006706	1.918531	
2	2.326364	2.832031	-0.006706	1.918531	
2	2.337883	2.783203	-0.013641	1.962413	
2	2.337883	2.783203	-0.013641	1.962413	
2	2.342462	2.734375	-0.020033	1.996833	
2	2.342462	2.734375	-0.020033	1.996833	
2	2.338406	2.685547	-0.026319	2.023463	
2	2.338406	2.685547	-0.026319	2.023463	
2	2.321366	2.636719	-0.032425	2.042787	
2	2.321366	2.636719	-0.032425	2.042787	
2	2.294922	2.600042	-0.036309	2.051907	
2	2.294922	2.600042	-0.036309	2.051907	
2	2.278417	2.587891	-0.036862	2.052978	
2	2.278417	2.587891	-0.036862	2.052978	
2	2.246094	2.569333	-0.036513	2.052505	
2	2.246094	2.569333	-0.036513	2.052505	
2	2.197266	2.559598	-0.030935	2.045406	
2	2.197266	2.559598	-0.030935	2.045406	
2	2.148438	2.562058	-0.020419	2.034337	
2	2.148438	2.562058	-0.020419	2.034337	
2	2.099609	2.573554	-0.004991	2.020345	
2	2.099609	2.573554	-0.004991	2.020345	
2	2.065806	2.587891	0.009229	2.008663	
2	2.065806	2.587891	0.009229	2.008663	
2	2.050781	2.592256	0.015576	2.003685	
2	2.050781	2.592256	0.015576	2.003685	
2	2.001953	2.614096	0.040827	1.984740	
2	2.001953	2.614096	0.040827	1.984740	
2	1.966403	2.636719	0.064093	1.967931	
2	1.966403	2.636719	0.064093	1.967931	
2	1.953125	2.642417	0.072506	1.961899	
2	1.953125	2.642417	0.072506	1.961899	
2	1.904297	2.671293	0.109395	1.935226	
2	1.904297	2.671293	0.109395	1.935226	
2	1.885969	2.685547	0.126093	1.922831	
2	1.885969	2.685547	0.126093	1.922831	
2	1.855469	2.701230	0.151970	1.902931	
2	1.855469	2.701230	0.151970	1.902931	
2	1.806822	2.734375	0.201326	1.861796	
2	1.806822	2.734375	0.201326	1.861796	
2	1.806641	2.734452	0.201492	1.861649	
2	1.806641	2.734452	0.201492	1.861649	
2	1.757812	2.758269	0.249173	1.816402	
2	1.757812	2.758269	0.249173	1.816402	
2	1.715009	2.783203	0.294850	1.766456	
2	1.715009	2.783203	0.294850	1.766456	
2	1.708984	2.785490	0.300364	1.759904	
2	1.708984	2.785490	0.300364	1.759904	
2	1.660156	2.803155	0.343003	1.704849	
2	1.660156	2.803155	0.343003	1.704849	
2	1.611328	2.820853	0.382226	1.646455	
2	1.611328	2.820853	0.382226	1.646455	
2	1.573748	2.832031	0.407728	1.603950	
2	1.573748	2.832031	0.407728	1.603950	
2	1.562500	2.834884	0.414526	1.591984	
2	1.562500	2.834884	0.414526	1.591984	
2	1.513672	2.843622	0.439297	1.546158	
2	1.513672	2.843622	0.439297	1.546158	
2	1.464844	2.849903	0.459652	1.506135	
2	1.464844	2.849903	0.459652	1.506135	
