#REFERENCE 3 87.3042530 -62.0775650
1.1 0.7591337 1.0239181 0.020239 0.004373 111.19289 2.6868 5.00 
1.2 0.4707318 1.2401950 0.056478 0.023416 159.00297 2.6868 1.94 
1.3 0.5453562 1.3374131 0.066014 0.048638 135.96612 2.6868 1.65 
1.4 0.5235094 1.2438789 0.032907 0.008228 166.30126 2.6868 3.41 
1.5 0.6131635 1.3690102 0.054244 0.028335 129.57608 2.6868 1.58 
1.6 0.3649325 1.3423734 0.069572 0.030812 144.16451 2.6868 1.16 
2.1 0.7724379 0.9011734 0.021776 0.012720 64.56847 4.5000 3.44 
2.2 0.7983170 0.9276351 0.035911 0.006675 96.87613 4.5000 3.82 
2.3 0.8723891 1.1235304 0.058330 0.027274 144.45390 4.5000 0.92 
3.1 0.7871026 1.1268296 0.039461 0.003092 176.28241 6.7995 4.27 
3.2 0.8164747 1.1205300 0.036780 0.000543 2.34090 6.7995 6.10 
4.1 0.7172976 0.9920374 0.020802 0.016746 57.37804 4.5000 2.61 
4.2 0.8767987 1.1223734 0.058347 0.027300 144.48401 4.5000 0.92 
5.1 0.6736318 1.0512285 0.020940 0.019436 53.83802 4.5000 2.26 
5.2 0.8764907 1.1165707 0.058375 0.027320 144.35796 4.5000 0.92 
6.1 0.3662115 1.2160920 0.061998 0.027437 140.30531 2.7280 1.12 
6.2 0.6517408 1.2737123 0.039862 0.031604 124.42020 2.7280 1.74 
6.3 0.5601836 1.2635727 0.028690 0.000453 166.38419 2.7280 6.41 
6.4 0.4836039 1.1892062 0.043900 0.016605 161.50040 2.7280 1.97 
7.1 0.0125032 1.8233683 0.049573 0.005883 36.06070 1.2798 3.73 
7.2 0.0597677 1.8395535 0.054586 0.010478 23.79037 1.2798 3.06 
