#REFERENCE 3 87.3042530 -62.0775650
1	-1.123047	-3.125118	-0.610003	0.497227	
1	-1.122704	-3.125000	-0.609939	0.497413	
1	-1.122704	-3.125000	-0.609939	0.497413	
1	-1.123047	-3.125118	-0.610003	0.497227	
1	-1.171875	-3.141006	-0.619099	0.471235	
1	-1.171875	-3.141006	-0.619099	0.471235	
1	-1.220703	-3.155956	-0.628350	0.445650	
1	-1.220703	-3.155956	-0.628350	0.445650	
1	-1.269531	-3.169976	-0.637747	0.420469	
1	-1.269531	-3.169976	-0.637747	0.420469	
1	-1.283896	-3.173828	-0.640510	0.413212	
1	-1.283896	-3.173828	-0.640510	0.413212	
1	-1.318359	-3.183170	-0.647312	0.395614	
1	-1.318359	-3.183170	-0.647312	0.395614	
1	-1.367188	-3.195468	-0.657015	0.371144	
1	-1.367188	-3.195468	-0.657015	0.371144	
1	-1.416016	-3.206828	-0.666834	0.347093	
1	-1.416016	-3.206828	-0.666834	0.347093	
1	-1.464844	-3.217249	-0.676758	0.323464	
1	-1.464844	-3.217249	-0.676758	0.323464	
1	-1.492736	-3.222656	-0.682430	0.310250	
1	-1.492736	-3.222656	-0.682430	0.310250	
1	-1.513672	-3.226768	-0.686791	0.300229	
1	-1.513672	-3.226768	-0.686791	0.300229	
1	-1.562500	-3.235380	-0.696924	0.277392	
1	-1.562500	-3.235380	-0.696924	0.277392	
1	-1.611328	-3.243020	-0.707126	0.255003	
1	-1.611328	-3.243020	-0.707126	0.255003	
1	-1.660156	-3.249679	-0.717385	0.233068	
1	-1.660156	-3.249679	-0.717385	0.233068	
1	-1.708984	-3.255342	-0.727690	0.211594	
1	-1.708984	-3.255342	-0.727690	0.211594	
1	-1.757812	-3.259993	-0.738027	0.190589	
1	-1.757812	-3.259993	-0.738027	0.190589	
1	-1.806641	-3.263614	-0.748381	0.170066	
1	-1.806641	-3.263614	-0.748381	0.170066	
1	-1.855469	-3.266182	-0.758737	0.150035	
1	-1.855469	-3.266182	-0.758737	0.150035	
1	-1.904297	-3.267670	-0.769078	0.130509	
1	-1.904297	-3.267670	-0.769078	0.130509	
1	-1.953125	-3.268049	-0.779387	0.111505	
1	-1.953125	-3.268049	-0.779387	0.111505	
1	-2.001953	-3.267286	-0.789645	0.093037	
1	-2.001953	-3.267286	-0.789645	0.093037	
1	-2.050781	-3.265342	-0.799830	0.075125	
1	-2.050781	-3.265342	-0.799830	0.075125	
1	-2.099609	-3.262177	-0.809921	0.057787	
1	-2.099609	-3.262177	-0.809921	0.057787	
1	-2.148438	-3.257744	-0.819894	0.041043	
1	-2.148438	-3.257744	-0.819894	0.041043	
1	-2.197266	-3.251993	-0.829723	0.024916	
1	-2.197266	-3.251993	-0.829723	0.024916	
1	-2.246094	-3.244870	-0.839382	0.009428	
1	-2.246094	-3.244870	-0.839382	0.009428	
1	-2.294922	-3.236314	-0.848842	-0.005397	
1	-2.294922	-3.236314	-0.848842	-0.005397	
1	-2.343750	-3.226260	-0.858071	-0.019534	
1	-2.343750	-3.226260	-0.858071	-0.019534	
1	-2.359088	-3.222656	-0.860863	-0.023747	
1	-2.359088	-3.222656	-0.860863	-0.023747	
1	-2.392578	-3.214629	-0.867032	-0.032950	
1	-2.392578	-3.214629	-0.867032	-0.032950	
1	-2.441406	-3.201332	-0.875686	-0.045611	
1	-2.441406	-3.201332	-0.875686	-0.045611	
1	-2.490234	-3.186284	-0.883995	-0.057489	
1	-2.490234	-3.186284	-0.883995	-0.057489	
1	-2.526451	-3.173828	-0.889861	-0.065709	
1	-2.526451	-3.173828	-0.889861	-0.065709	
1	-2.539062	-3.169373	-0.891907	-0.068542	
1	-2.539062	-3.169373	-0.891907	-0.068542	
1	-2.587891	-3.150430	-0.899351	-0.078698	
1	-2.587891	-3.150430	-0.899351	-0.078698	
1	-2.636719	-3.129398	-0.906301	-0.087959	
1	-2.636719	-3.129398	-0.906301	-0.087959	
1	-2.646145	-3.125000	-0.907543	-0.089590	
1	-2.646145	-3.125000	-0.907543	-0.089590	
1	-2.685547	-3.105985	-0.912631	-0.096194	
1	-2.685547	-3.105985	-0.912631	-0.096194	
1	-2.734375	-3.080138	-0.918322	-0.103419	
1	-2.734375	-3.080138	-0.918322	-0.103419	
1	-2.741357	-3.076172	-0.919052	-0.104332	
1	-2.741357	-3.076172	-0.919052	-0.104332	
1	-2.783203	-3.051442	-0.923194	-0.109453	
1	-2.783203	-3.051442	-0.923194	-0.109453	
1	-2.820780	-3.027344	-0.926358	-0.113284	
1	-2.820780	-3.027344	-0.926358	-0.113284	
1	-2.832031	-3.019805	-0.927215	-0.114308	
1	-2.832031	-3.019805	-0.927215	-0.114308	
1	-2.880859	-2.984760	-0.930186	-0.117804	
1	-2.880859	-2.984760	-0.930186	-0.117804	
1	-2.889029	-2.978516	-0.930560	-0.118237	
1	-2.889029	-2.978516	-0.930560	-0.118237	
1	-2.929688	-2.945841	-0.931913	-0.119785	
1	-2.929688	-2.945841	-0.931913	-0.119785	
1	-2.948562	-2.929688	-0.932219	-0.120129	
1	-2.948562	-2.929688	-0.932219	-0.120129	
1	-2.978516	-2.902604	-0.932216	-0.120128	
1	-2.978516	-2.902604	-0.932216	-0.120128	
1	-3.001235	-2.880859	-0.931810	-0.119687	
1	-3.001235	-2.880859	-0.931810	-0.119687	
1	-3.027344	-2.854326	-0.930797	-0.118603	
1	-3.027344	-2.854326	-0.930797	-0.118603	
1	-3.048186	-2.832031	-0.929608	-0.117348	
1	-3.048186	-2.832031	-0.929608	-0.117348	
1	-3.076172	-2.800074	-0.927275	-0.114922	
1	-3.076172	-2.800074	-0.927275	-0.114922	
1	-3.090282	-2.783203	-0.925837	-0.113448	
1	-3.090282	-2.783203	-0.925837	-0.113448	
1	-3.125000	-2.738639	-0.921158	-0.108733	
1	-3.125000	-2.738639	-0.921158	-0.108733	
1	-3.128188	-2.734375	-0.920669	-0.108246	
1	-3.128188	-2.734375	-0.920669	-0.108246	
1	-3.162320	-2.685547	-0.914197	-0.101898	
1	-3.162320	-2.685547	-0.914197	-0.101898	
1	-3.173828	-2.667729	-0.911490	-0.099287	
1	-3.173828	-2.667729	-0.911490	-0.099287	
1	-3.193177	-2.636719	-0.906574	-0.094605	
1	-3.193177	-2.636719	-0.906574	-0.094605	
1	-3.221098	-2.587891	-0.897896	-0.086502	
1	-3.221098	-2.587891	-0.897896	-0.086502	
1	-3.222656	-2.584948	-0.897322	-0.085973	
1	-3.222656	-2.584948	-0.897322	-0.085973	
1	-3.246268	-2.539062	-0.888196	-0.077655	
1	-3.246268	-2.539062	-0.888196	-0.077655	
1	-3.268999	-2.490234	-0.877582	-0.068194	
1	-3.268999	-2.490234	-0.877582	-0.068194	
1	-3.271484	-2.484410	-0.876221	-0.066996	
1	-3.271484	-2.484410	-0.876221	-0.066996	
1	-3.289426	-2.441406	-0.866082	-0.058170	
1	-3.289426	-2.441406	-0.866082	-0.058170	
1	-3.307739	-2.392578	-0.853758	-0.047659	
1	-3.307739	-2.392578	-0.853758	-0.047659	
1	-3.320312	-2.355129	-0.843706	-0.039248	
1	-3.320312	-2.355129	-0.843706	-0.039248	
1	-3.324067	-2.343750	-0.840647	-0.036715	
1	-3.324067	-2.343750	-0.840647	-0.036715	
1	-3.338546	-2.294922	-0.826794	-0.025394	
1	-3.338546	-2.294922	-0.826794	-0.025394	
1	-3.351265	-2.246094	-0.812223	-0.013732	
1	-3.351265	-2.246094	-0.812223	-0.013732	
1	-3.362314	-2.197266	-0.796962	-0.001766	
1	-3.362314	-2.197266	-0.796962	-0.001766	
1	-3.369141	-2.162164	-0.785506	0.007060	
1	-3.369141	-2.162164	-0.785506	0.007060	
1	-3.371786	-2.148438	-0.781045	0.010463	
1	-3.371786	-2.148438	-0.781045	0.010463	
1	-3.379777	-2.099609	-0.764508	0.022913	
1	-3.379777	-2.099609	-0.764508	0.022913	
1	-3.386322	-2.050781	-0.747359	0.035568	
1	-3.386322	-2.050781	-0.747359	0.035568	
1	-3.391481	-2.001953	-0.729617	0.048403	
1	-3.391481	-2.001953	-0.729617	0.048403	
1	-3.395307	-1.953125	-0.711303	0.061392	
1	-3.395307	-1.953125	-0.711303	0.061392	
1	-3.397849	-1.904297	-0.692435	0.074511	
1	-3.397849	-1.904297	-0.692435	0.074511	
1	-3.399148	-1.855469	-0.673029	0.087741	
1	-3.399148	-1.855469	-0.673029	0.087741	
1	-3.399245	-1.806641	-0.653102	0.101062	
1	-3.399245	-1.806641	-0.653102	0.101062	
1	-3.398172	-1.757812	-0.632667	0.114456	
1	-3.398172	-1.757812	-0.632667	0.114456	
1	-3.395960	-1.708984	-0.611737	0.127907	
1	-3.395960	-1.708984	-0.611737	0.127907	
1	-3.392633	-1.660156	-0.590322	0.141399	
1	-3.392633	-1.660156	-0.590322	0.141399	
1	-3.388215	-1.611328	-0.568433	0.154920	
1	-3.388215	-1.611328	-0.568433	0.154920	
1	-3.382723	-1.562500	-0.546078	0.168456	
1	-3.382723	-1.562500	-0.546078	0.168456	
1	-3.376173	-1.513672	-0.523265	0.181996	
1	-3.376173	-1.513672	-0.523265	0.181996	
1	-3.369141	-1.468471	-0.501720	0.194538	
1	-3.369141	-1.468471	-0.501720	0.194538	
1	-3.368582	-1.464844	-0.500003	0.195527	
1	-3.368582	-1.464844	-0.500003	0.195527	
1	-3.360043	-1.416016	-0.476351	0.209009	
1	-3.360043	-1.416016	-0.476351	0.209009	
1	-3.350487	-1.367188	-0.452265	0.222459	
1	-3.350487	-1.367188	-0.452265	0.222459	
1	-3.339919	-1.318359	-0.427749	0.235871	
1	-3.339919	-1.318359	-0.427749	0.235871	
1	-3.328341	-1.269531	-0.402806	0.249235	
1	-3.328341	-1.269531	-0.402806	0.249235	
1	-3.320312	-1.238347	-0.386582	0.257778	
1	-3.320312	-1.238347	-0.386582	0.257778	
1	-3.315803	-1.220703	-0.377470	0.262526	
1	-3.315803	-1.220703	-0.377470	0.262526	
1	-3.302350	-1.171875	-0.351775	0.275721	
1	-3.302350	-1.171875	-0.351775	0.275721	
1	-3.287893	-1.123047	-0.325665	0.288842	
1	-3.287893	-1.123047	-0.325665	0.288842	
1	-3.272425	-1.074219	-0.299140	0.301884	
1	-3.272425	-1.074219	-0.299140	0.301884	
1	-3.271484	-1.071415	-0.297589	0.302637	
1	-3.271484	-1.071415	-0.297589	0.302637	
1	-3.256102	-1.025391	-0.272309	0.314785	
1	-3.256102	-1.025391	-0.272309	0.314785	
1	-3.238771	-0.976562	-0.245077	0.327588	
1	-3.238771	-0.976562	-0.245077	0.327588	
1	-3.222656	-0.933659	-0.220786	0.338765	
1	-3.222656	-0.933659	-0.220786	0.338765	
1	-3.220435	-0.927734	-0.217452	0.340281	
1	-3.220435	-0.927734	-0.217452	0.340281	
1	-3.201227	-0.878906	-0.189532	0.352813	
1	-3.201227	-0.878906	-0.189532	0.352813	
1	-3.180973	-0.830078	-0.161208	0.365228	
1	-3.180973	-0.830078	-0.161208	0.365228	
1	-3.173828	-0.813594	-0.151507	0.369411	
1	-3.173828	-0.813594	-0.151507	0.369411	
1	-3.159790	-0.781250	-0.132569	0.377480	
1	-3.159790	-0.781250	-0.132569	0.377480	
1	-3.137603	-0.732422	-0.103575	0.389580	
1	-3.137603	-0.732422	-0.103575	0.389580	
1	-3.125000	-0.705832	-0.087573	0.396129	
1	-3.125000	-0.705832	-0.087573	0.396129	
1	-3.114420	-0.683594	-0.074243	0.401515	
1	-3.114420	-0.683594	-0.074243	0.401515	
1	-3.090244	-0.634766	-0.044590	0.413272	
1	-3.090244	-0.634766	-0.044590	0.413272	
1	-3.076172	-0.607435	-0.027784	0.419800	
1	-3.076172	-0.607435	-0.027784	0.419800	
1	-3.065035	-0.585938	-0.014601	0.424852	
1	-3.065035	-0.585938	-0.014601	0.424852	
1	-3.038797	-0.537109	0.015703	0.436238	
1	-3.038797	-0.537109	0.015703	0.436238	
1	-3.027344	-0.516512	0.028629	0.441000	
1	-3.027344	-0.516512	0.028629	0.441000	
1	-3.011509	-0.488281	0.046320	0.447426	
1	-3.011509	-0.488281	0.046320	0.447426	
1	-2.983125	-0.439453	0.077261	0.458412	
1	-2.983125	-0.439453	0.077261	0.458412	
1	-2.978516	-0.431737	0.082196	0.460134	
1	-2.978516	-0.431737	0.082196	0.460134	
1	-2.953676	-0.390625	0.108486	0.469175	
1	-2.953676	-0.390625	0.108486	0.469175	
1	-2.929688	-0.352241	0.133276	0.477492	
1	-2.929688	-0.352241	0.133276	0.477492	
1	-2.923073	-0.341797	0.140030	0.479722	
1	-2.923073	-0.341797	0.140030	0.479722	
1	-2.891333	-0.292969	0.171857	0.490034	
1	-2.891333	-0.292969	0.171857	0.490034	
1	-2.880859	-0.277270	0.182163	0.493303	
1	-2.880859	-0.277270	0.182163	0.493303	
1	-2.858400	-0.244141	0.203976	0.500108	
1	-2.858400	-0.244141	0.203976	0.500108	
1	-2.832031	-0.206293	0.229068	0.507746	
1	-2.832031	-0.206293	0.229068	0.507746	
1	-2.824240	-0.195312	0.236379	0.509933	
1	-2.824240	-0.195312	0.236379	0.509933	
1	-2.788820	-0.146484	0.269056	0.519501	
1	-2.788820	-0.146484	0.269056	0.519501	
1	-2.783203	-0.138887	0.274157	0.520964	
1	-2.783203	-0.138887	0.274157	0.520964	
1	-2.752075	-0.097656	0.302010	0.528805	
1	-2.752075	-0.097656	0.302010	0.528805	
1	-2.734375	-0.074694	0.317567	0.533078	
1	-2.734375	-0.074694	0.317567	0.533078	
1	-2.713967	-0.048828	0.335224	0.537835	
1	-2.713967	-0.048828	0.335224	0.537835	
1	-2.685547	-0.013461	0.359399	0.544187	
1	-2.685547	-0.013461	0.359399	0.544187	
1	-2.674448	0.000000	0.368686	0.546579	
1	-2.674448	0.000000	0.368686	0.546579	
1	-2.636719	0.045041	0.399744	0.554379	
1	-2.636719	0.045041	0.399744	0.554379	
1	-2.633456	0.048828	0.402384	0.555028	
1	-2.633456	0.048828	0.402384	0.555028	
1	-2.590885	0.097656	0.436327	0.563178	
1	-2.590885	0.097656	0.436327	0.563178	
1	-2.587891	0.101057	0.438680	0.563729	
1	-2.587891	0.101057	0.438680	0.563729	
1	-2.546642	0.146484	0.470509	0.571019	
1	-2.546642	0.146484	0.470509	0.571019	
1	-2.539062	0.154760	0.476270	0.572305	
1	-2.539062	0.154760	0.476270	0.572305	
1	-2.500661	0.195312	0.504899	0.578539	
1	-2.500661	0.195312	0.504899	0.578539	
1	-2.490234	0.206259	0.512557	0.580163	
1	-2.490234	0.206259	0.512557	0.580163	
1	-2.452833	0.244141	0.539481	0.585726	
1	-2.452833	0.244141	0.539481	0.585726	
1	-2.441406	0.255681	0.547586	0.587357	
1	-2.441406	0.255681	0.547586	0.587357	
1	-2.403039	0.292969	0.574233	0.592571	
1	-2.403039	0.292969	0.574233	0.592571	
1	-2.392578	0.303137	0.581392	0.593934	
1	-2.392578	0.303137	0.581392	0.593934	
1	-2.351142	0.341797	0.609130	0.599063	
1	-2.351142	0.341797	0.609130	0.599063	
1	-2.343750	0.348717	0.614005	0.599939	
1	-2.343750	0.348717	0.614005	0.599939	
1	-2.296997	0.390625	0.644131	0.605189	
1	-2.296997	0.390625	0.644131	0.605189	
1	-2.294922	0.392497	0.645449	0.605412	
1	-2.294922	0.392497	0.645449	0.605412	
1	-2.246094	0.434657	0.675752	0.610393	
1	-2.246094	0.434657	0.675752	0.610393	
1	-2.240260	0.439453	0.679286	0.610954	
1	-2.240260	0.439453	0.679286	0.610954	
1	-2.197266	0.475230	0.704928	0.614914	
1	-2.197266	0.475230	0.704928	0.614914	
1	-2.180745	0.488281	0.714522	0.616342	
1	-2.180745	0.488281	0.714522	0.616342	
1	-2.148438	0.514212	0.732984	0.619008	
1	-2.148438	0.514212	0.732984	0.619008	
1	-2.118326	0.537109	0.749706	0.621331	
1	-2.118326	0.537109	0.749706	0.621331	
1	-2.099609	0.551627	0.759927	0.622708	
1	-2.099609	0.551627	0.759927	0.622708	
1	-2.052843	0.585938	0.784691	0.625907	
1	-2.052843	0.585938	0.784691	0.625907	
1	-2.050781	0.587487	0.785764	0.626041	
1	-2.050781	0.587487	0.785764	0.626041	
1	-2.001953	0.622190	0.810520	0.629040	
1	-2.001953	0.622190	0.810520	0.629040	
1	-1.983134	0.634766	0.819746	0.630109	
1	-1.983134	0.634766	0.819746	0.630109	
1	-1.953125	0.655459	0.834177	0.631729	
1	-1.953125	0.655459	0.834177	0.631729	
1	-1.909709	0.683594	0.854276	0.633881	
1	-1.909709	0.683594	0.854276	0.633881	
1	-1.904297	0.687231	0.856731	0.634135	
1	-1.904297	0.687231	0.856731	0.634135	
1	-1.855469	0.717985	0.878199	0.636286	
1	-1.855469	0.717985	0.878199	0.636286	
1	-1.830942	0.732422	0.888547	0.637276	
1	-1.830942	0.732422	0.888547	0.637276	
1	-1.806641	0.747392	0.898562	0.638207	
1	-1.806641	0.747392	0.898562	0.638207	
1	-1.757812	0.775511	0.917814	0.639921	
1	-1.757812	0.775511	0.917814	0.639921	
1	-1.747036	0.781250	0.921904	0.640273	
1	-1.747036	0.781250	0.921904	0.640273	
1	-1.708984	0.802692	0.935958	0.641455	
1	-1.708984	0.802692	0.935958	0.641455	
1	-1.660156	0.828448	0.952968	0.642833	
1	-1.660156	0.828448	0.952968	0.642833	
1	-1.656768	0.830078	0.954103	0.642924	
1	-1.656768	0.830078	0.954103	0.642924	
1	-1.611328	0.853522	0.968852	0.644082	
1	-1.611328	0.853522	0.968852	0.644082	
1	-1.562500	0.877199	0.983578	0.645223	
1	-1.562500	0.877199	0.983578	0.645223	
1	-1.558594	0.878906	0.984703	0.645311	
1	-1.558594	0.878906	0.984703	0.645311	
1	-1.513672	0.900304	0.997148	0.646285	
1	-1.513672	0.900304	0.997148	0.646285	
1	-1.464844	0.922236	1.009535	0.647292	
1	-1.464844	0.922236	1.009535	0.647292	
1	-1.451270	0.927734	1.012758	0.647565	
1	-1.451270	0.927734	1.012758	0.647565	
1	-1.416016	0.943628	1.020732	0.648270	
1	-1.416016	0.943628	1.020732	0.648270	
1	-1.367188	0.964314	1.030718	0.649247	
1	-1.367188	0.964314	1.030718	0.649247	
1	-1.336214	0.976562	1.036406	0.649877	
1	-1.336214	0.976562	1.036406	0.649877	
1	-1.318359	0.984650	1.039481	0.650250	
1	-1.318359	0.984650	1.039481	0.650250	
1	-1.269531	1.005168	1.047015	0.651311	
1	-1.269531	1.005168	1.047015	0.651311	
1	-1.222823	1.025391	1.053068	0.652410	
1	-1.222823	1.025391	1.053068	0.652410	
1	-1.220703	1.026489	1.053320	0.652463	
1	-1.220703	1.026489	1.053320	0.652463	
1	-1.171875	1.050394	1.058432	0.653756	
1	-1.171875	1.050394	1.058432	0.653756	
1	-1.131751	1.074219	1.061806	0.654988	
1	-1.131751	1.074219	1.061806	0.654988	
1	-1.123047	1.080937	1.062469	0.655295	
1	-1.123047	1.080937	1.062469	0.655295	
1	-1.078791	1.123047	1.065477	0.657208	
1	-1.078791	1.123047	1.065477	0.657208	
1	-1.074219	1.128986	1.065777	0.657470	
1	-1.074219	1.128986	1.065777	0.657470	
1	-1.047220	1.171875	1.067563	0.659473	
1	-1.047220	1.171875	1.067563	0.659473	
1	-1.026002	1.220703	1.069125	0.662106	
1	-1.026002	1.220703	1.069125	0.662106	
1	-1.025391	1.222175	1.069169	0.662194	
1	-1.025391	1.222175	1.069169	0.662194	
1	-1.008329	1.269531	1.070463	0.665293	
1	-1.008329	1.269531	1.070463	0.665293	
1	-0.992838	1.318359	1.071652	0.669059	
1	-0.992838	1.318359	1.071652	0.669059	
1	-0.978273	1.367188	1.072730	0.673411	
1	-0.978273	1.367188	1.072730	0.673411	
1	-0.976562	1.372596	1.072844	0.673932	
1	-0.976562	1.372596	1.072844	0.673932	
1	-0.964003	1.416016	1.073722	0.678338	
1	-0.964003	1.416016	1.073722	0.678338	
1	-0.949830	1.464844	1.074641	0.683812	
1	-0.949830	1.464844	1.074641	0.683812	
1	-0.935551	1.513672	1.075501	0.689806	
1	-0.935551	1.513672	1.075501	0.689806	
1	-0.927734	1.539393	1.075933	0.693165	
1	-0.927734	1.539393	1.075933	0.693165	
1	-0.921103	1.562500	1.076311	0.696286	
1	-0.921103	1.562500	1.076311	0.696286	
1	-0.906442	1.611328	1.077079	0.703219	
1	-0.906442	1.611328	1.077079	0.703219	
1	-0.891477	1.660156	1.077813	0.710570	
1	-0.891477	1.660156	1.077813	0.710570	
1	-0.878906	1.700167	1.078391	0.716881	
1	-0.878906	1.700167	1.078391	0.716881	
1	-0.876226	1.708984	1.078516	0.718302	
1	-0.876226	1.708984	1.078516	0.718302	
1	-0.860778	1.757812	1.079193	0.726375	
1	-0.860778	1.757812	1.079193	0.726375	
1	-0.845031	1.806641	1.079845	0.734751	
1	-0.845031	1.806641	1.079845	0.734751	
1	-0.830078	1.852248	1.080433	0.742812	
1	-0.830078	1.852248	1.080433	0.742812	
1	-0.829034	1.855469	1.080473	0.743389	
1	-0.829034	1.855469	1.080473	0.743389	
1	-0.812900	1.904297	1.081077	0.752244	
1	-0.812900	1.904297	1.081077	0.752244	
1	-0.796575	1.953125	1.081655	0.761273	
1	-0.796575	1.953125	1.081655	0.761273	
1	-0.781250	1.998670	1.082167	0.769809	
1	-0.781250	1.998670	1.082167	0.769809	
1	-0.780135	2.001953	1.082203	0.770428	
1	-0.780135	2.001953	1.082203	0.770428	
1	-0.763629	2.050781	1.082718	0.779661	
1	-0.763629	2.050781	1.082718	0.779661	
1	-0.747120	2.099609	1.083192	0.788919	
1	-0.747120	2.099609	1.083192	0.788919	
1	-0.732422	2.143472	1.083579	0.797213	
1	-0.732422	2.143472	1.083579	0.797213	
1	-0.730702	2.148438	1.083620	0.798149	
1	-0.730702	2.148438	1.083620	0.798149	
1	-0.714323	2.197266	1.083994	0.807296	
1	-0.714323	2.197266	1.083994	0.807296	
1	-0.698209	2.246094	1.084303	0.816297	
1	-0.698209	2.246094	1.084303	0.816297	
1	-0.683594	2.291661	1.084525	0.824511	
1	-0.683594	2.291661	1.084525	0.824511	
1	-0.682480	2.294922	1.084538	0.825091	
1	-0.682480	2.294922	1.084538	0.825091	
1	-0.666929	2.343750	1.084688	0.833614	
1	-0.666929	2.343750	1.084688	0.833614	
1	-0.652012	2.392578	1.084739	0.841795	
1	-0.652012	2.392578	1.084739	0.841795	
1	-0.637926	2.441406	1.084679	0.849564	
1	-0.637926	2.441406	1.084679	0.849564	
1	-0.634766	2.453952	1.084644	0.851485	
1	-0.634766	2.453952	1.084644	0.851485	
1	-0.624411	2.490234	1.084494	0.856846	
1	-0.624411	2.490234	1.084494	0.856846	
1	-0.612011	2.539062	1.084168	0.863568	
1	-0.612011	2.539062	1.084168	0.863568	
1	-0.601306	2.587891	1.083684	0.869657	
1	-0.601306	2.587891	1.083684	0.869657	
1	-0.593016	2.636719	1.083022	0.875053	
1	-0.593016	2.636719	1.083022	0.875053	
1	-0.588505	2.685547	1.082151	0.879719	
1	-0.588505	2.685547	1.082151	0.879719	
1	-0.590835	2.734375	1.081004	0.883691	
1	-0.590835	2.734375	1.081004	0.883691	
1	-0.608723	2.783203	1.079320	0.887274	
1	-0.608723	2.783203	1.079320	0.887274	
1	-0.634766	2.807782	1.077811	0.889413	
1	-0.634766	2.807782	1.077811	0.889413	
1	-0.667385	2.832031	1.075622	0.891749	
1	-0.667385	2.832031	1.075622	0.891749	
1	-0.683594	2.838885	1.074552	0.892715	
1	-0.683594	2.838885	1.074552	0.892715	
1	-0.732422	2.858922	1.070636	0.895741	
1	-0.732422	2.858922	1.070636	0.895741	
1	-0.781250	2.876655	1.065762	0.898903	
1	-0.781250	2.876655	1.065762	0.898903	
1	-0.792388	2.880859	1.064492	0.899662	
1	-0.792388	2.880859	1.064492	0.899662	
1	-0.830078	2.891690	1.059984	0.902207	
1	-0.830078	2.891690	1.059984	0.902207	
1	-0.878906	2.906067	1.053205	0.905731	
1	-0.878906	2.906067	1.053205	0.905731	
1	-0.927734	2.920654	1.045373	0.909511	
1	-0.927734	2.920654	1.045373	0.909511	
1	-0.956301	2.929688	1.040273	0.911856	
1	-0.956301	2.929688	1.040273	0.911856	
1	-0.976562	2.935096	1.036513	0.913541	
1	-0.976562	2.935096	1.036513	0.913541	
1	-1.025391	2.949339	1.026632	0.917829	
1	-1.025391	2.949339	1.026632	0.917829	
1	-1.074219	2.964422	1.015652	0.922419	
1	-1.074219	2.964422	1.015652	0.922419	
1	-1.116909	2.978516	1.005124	0.926697	
1	-1.116909	2.978516	1.005124	0.926697	
1	-1.123047	2.980338	1.003564	0.927323	
1	-1.123047	2.980338	1.003564	0.927323	
1	-1.171875	2.996399	0.990433	0.932527	
1	-1.171875	2.996399	0.990433	0.932527	
1	-1.220703	3.013747	0.976148	0.938087	
1	-1.220703	3.013747	0.976148	0.938087	
1	-1.255947	3.027344	0.965086	0.942343	
1	-1.255947	3.027344	0.965086	0.942343	
1	-1.269531	3.032292	0.960710	0.944018	
1	-1.269531	3.032292	0.960710	0.944018	
1	-1.318359	3.051834	0.944135	0.950330	
1	-1.318359	3.051834	0.944135	0.950330	
1	-1.367188	3.073158	0.926325	0.957078	
1	-1.367188	3.073158	0.926325	0.957078	
1	-1.373528	3.076172	0.923907	0.957993	
1	-1.373528	3.076172	0.923907	0.957993	
1	-1.416016	3.096060	0.907288	0.964281	
1	-1.416016	3.096060	0.907288	0.964281	
1	-1.464844	3.121129	0.886933	0.971999	
1	-1.464844	3.121129	0.886933	0.971999	
1	-1.471791	3.125000	0.883910	0.973148	
1	-1.471791	3.125000	0.883910	0.973148	
1	-1.513672	3.148749	0.865177	0.980295	
1	-1.513672	3.148749	0.865177	0.980295	
1	-1.554010	3.173828	0.846073	0.987638	
1	-1.554010	3.173828	0.846073	0.987638	
1	-1.562500	3.179355	0.841921	0.989244	
1	-1.562500	3.179355	0.841921	0.989244	
1	-1.611328	3.213950	0.816955	0.998977	
1	-1.611328	3.213950	0.816955	0.998977	
1	-1.622665	3.222656	0.810889	1.001365	
1	-1.622665	3.222656	0.810889	1.001365	
1	-1.660156	3.253946	0.789961	1.009687	
1	-1.660156	3.253946	0.789961	1.009687	
1	-1.679566	3.271484	0.778615	1.014258	
1	-1.679566	3.271484	0.778615	1.014258	
1	-1.708984	3.301473	0.760426	1.021683	
1	-1.708984	3.301473	0.760426	1.021683	
1	-1.726174	3.320312	0.749325	1.026280	
1	-1.726174	3.320312	0.749325	1.026280	
1	-1.757812	3.361316	0.727203	1.035611	
1	-1.757812	3.361316	0.727203	1.035611	
1	-1.763473	3.369141	0.723075	1.037380	
1	-1.763473	3.369141	0.723075	1.037380	
1	-1.791872	3.417969	0.700036	1.047437	
1	-1.791872	3.417969	0.700036	1.047437	
1	-1.806641	3.452905	0.685712	1.053871	
1	-1.806641	3.452905	0.685712	1.053871	
1	-1.812220	3.466797	0.680065	1.056452	
1	-1.812220	3.466797	0.680065	1.056452	
1	-1.824470	3.515625	0.663355	1.064264	
1	-1.824470	3.515625	0.663355	1.064264	
1	-1.829009	3.564453	0.649829	1.070824	
1	-1.829009	3.564453	0.649829	1.070824	
1	-1.825770	3.613281	0.639570	1.075993	
1	-1.825770	3.613281	0.639570	1.075993	
1	-1.814635	3.662109	0.632634	1.079629	
1	-1.814635	3.662109	0.632634	1.079629	
1	-1.806641	3.682456	0.631200	1.080402	
1	-1.806641	3.682456	0.631200	1.080402	
1	-1.795131	3.710938	0.629193	1.081507	
1	-1.795131	3.710938	0.629193	1.081507	
1	-1.766893	3.759766	0.629304	1.081434	
1	-1.766893	3.759766	0.629304	1.081434	
1	-1.757812	3.771828	0.630210	1.080898	
1	-1.757812	3.771828	0.630210	1.080898	
1	-1.728993	3.808594	0.633214	1.079072	
1	-1.728993	3.808594	0.633214	1.079072	
1	-1.708984	3.829297	0.636414	1.077074	
1	-1.708984	3.829297	0.636414	1.077074	
1	-1.680456	3.857422	0.641086	1.074077	
1	-1.680456	3.857422	0.641086	1.074077	
1	-1.660156	3.874332	0.645109	1.071433	
1	-1.660156	3.874332	0.645109	1.071433	
1	-1.619640	3.906250	0.653237	1.065931	
1	-1.619640	3.906250	0.653237	1.065931	
1	-1.611328	3.911961	0.655081	1.064656	
1	-1.611328	3.911961	0.655081	1.064656	
1	-1.562500	3.943618	0.666028	1.056890	
1	-1.562500	3.943618	0.666028	1.056890	
1	-1.543639	3.955078	0.670287	1.053781	
1	-1.543639	3.955078	0.670287	1.053781	
1	-1.513672	3.971392	0.677400	1.048485	
1	-1.513672	3.971392	0.677400	1.048485	
1	-1.464844	3.996182	0.688969	1.039598	
1	-1.464844	3.996182	0.688969	1.039598	
1	-1.448509	4.003906	0.692859	1.036535	
1	-1.448509	4.003906	0.692859	1.036535	
1	-1.416016	4.017996	0.700758	1.030197	
1	-1.416016	4.017996	0.700758	1.030197	
1	-1.367188	4.037614	0.712551	1.020444	
1	-1.367188	4.037614	0.712551	1.020444	
1	-1.326367	4.052734	0.722301	1.012114	
1	-1.326367	4.052734	0.722301	1.012114	
1	-1.318359	4.055509	0.724218	1.010447	
1	-1.318359	4.055509	0.724218	1.010447	
1	-1.269531	4.071114	0.735936	1.000048	
1	-1.269531	4.071114	0.735936	1.000048	
1	-1.220703	4.085388	0.747421	0.989494	
1	-1.220703	4.085388	0.747421	0.989494	
1	-1.171875	4.098390	0.758662	0.978804	
1	-1.171875	4.098390	0.758662	0.978804	
1	-1.158704	4.101562	0.761686	0.975864	
1	-1.158704	4.101562	0.761686	0.975864	
1	-1.123047	4.109765	0.769762	0.967878	
1	-1.123047	4.109765	0.769762	0.967878	
1	-1.074219	4.119869	0.780615	0.956819	
1	-1.074219	4.119869	0.780615	0.956819	
1	-1.025391	4.128897	0.791166	0.945689	
1	-1.025391	4.128897	0.791166	0.945689	
1	-0.976562	4.136889	0.801401	0.934509	
1	-0.976562	4.136889	0.801401	0.934509	
1	-0.927734	4.143886	0.811309	0.923299	
1	-0.927734	4.143886	0.811309	0.923299	
1	-0.878906	4.149925	0.820875	0.912082	
1	-0.878906	4.149925	0.820875	0.912082	
1	-0.874395	4.150391	0.821753	0.911032	
1	-0.874395	4.150391	0.821753	0.911032	
1	-0.830078	4.154838	0.830143	0.900813	
1	-0.830078	4.154838	0.830143	0.900813	
1	-0.781250	4.158860	0.839045	0.889579	
1	-0.781250	4.158860	0.839045	0.889579	
1	-0.732422	4.162040	0.847567	0.878407	
1	-0.732422	4.162040	0.847567	0.878407	
1	-0.683594	4.164408	0.855700	0.867322	
1	-0.683594	4.164408	0.855700	0.867322	
1	-0.634766	4.165992	0.863435	0.856348	
1	-0.634766	4.165992	0.863435	0.856348	
1	-0.585938	4.166823	0.870764	0.845509	
1	-0.585938	4.166823	0.870764	0.845509	
1	-0.537109	4.166931	0.877680	0.834833	
1	-0.537109	4.166931	0.877680	0.834833	
1	-0.488281	4.166349	0.884176	0.824347	
1	-0.488281	4.166349	0.884176	0.824347	
1	-0.439453	4.165117	0.890245	0.814080	
1	-0.439453	4.165117	0.890245	0.814080	
1	-0.390625	4.163276	0.895882	0.804064	
1	-0.390625	4.163276	0.895882	0.804064	
1	-0.341797	4.160875	0.901082	0.794333	
1	-0.341797	4.160875	0.901082	0.794333	
1	-0.292969	4.157974	0.905842	0.784923	
1	-0.292969	4.157974	0.905842	0.784923	
1	-0.244141	4.154640	0.910158	0.775874	
1	-0.244141	4.154640	0.910158	0.775874	
1	-0.195312	4.150953	0.914031	0.767228	
1	-0.195312	4.150953	0.914031	0.767228	
1	-0.188112	4.150391	0.914564	0.765991	
1	-0.188112	4.150391	0.914564	0.765991	
1	-0.146484	4.146584	0.917519	0.758888	
1	-0.146484	4.146584	0.917519	0.758888	
1	-0.097656	4.141901	0.920581	0.750993	
1	-0.097656	4.141901	0.920581	0.750993	
1	-0.048828	4.137102	0.923211	0.743620	
1	-0.048828	4.137102	0.923211	0.743620	
1	0.000000	4.132340	0.925418	0.736826	
1	0.000000	4.132340	0.925418	0.736826	
1	0.048828	4.127790	0.927215	0.730674	
1	0.048828	4.127790	0.927215	0.730674	
1	0.097656	4.123647	0.928624	0.725227	
1	0.097656	4.123647	0.928624	0.725227	
1	0.146484	4.120122	0.929673	0.720551	
1	0.146484	4.120122	0.929673	0.720551	
1	0.195312	4.117437	0.930400	0.716711	
1	0.195312	4.117437	0.930400	0.716711	
1	0.244141	4.115822	0.930850	0.713771	
1	0.244141	4.115822	0.930850	0.713771	
1	0.292969	4.115502	0.931079	0.711796	
1	0.292969	4.115502	0.931079	0.711796	
1	0.341797	4.116700	0.931150	0.710849	
1	0.341797	4.116700	0.931150	0.710849	
1	0.390625	4.119629	0.931131	0.710997	
1	0.390625	4.119629	0.931131	0.710997	
1	0.439453	4.124492	0.931097	0.712311	
1	0.439453	4.124492	0.931097	0.712311	
1	0.488281	4.131486	0.931128	0.714871	
1	0.488281	4.131486	0.931128	0.714871	
1	0.537109	4.140804	0.931305	0.718768	
1	0.537109	4.140804	0.931305	0.718768	
1	0.576868	4.150391	0.931620	0.723055	
1	0.576868	4.150391	0.931620	0.723055	
1	0.585938	4.152194	0.931699	0.723956	
1	0.585938	4.152194	0.931699	0.723956	
1	0.634766	4.163790	0.932300	0.729814	
1	0.634766	4.163790	0.932300	0.729814	
1	0.683594	4.177651	0.933220	0.737090	
1	0.683594	4.177651	0.933220	0.737090	
1	0.732422	4.193966	0.934535	0.745916	
1	0.732422	4.193966	0.934535	0.745916	
1	0.746174	4.199219	0.935000	0.748775	
1	0.746174	4.199219	0.935000	0.748775	
1	0.781250	4.210663	0.936167	0.755557	
1	0.781250	4.210663	0.936167	0.755557	
1	0.830078	4.228799	0.938207	0.766439	
1	0.830078	4.228799	0.938207	0.766439	
1	0.875730	4.248047	0.940601	0.778191	
1	0.875730	4.248047	0.940601	0.778191	
1	0.878906	4.249224	0.940765	0.778965	
1	0.878906	4.249224	0.940765	0.778965	
1	0.927734	4.269227	0.943633	0.792041	
1	0.927734	4.269227	0.943633	0.792041	
1	0.976562	4.291538	0.947090	0.806856	
1	0.976562	4.291538	0.947090	0.806856	
1	0.987204	4.296875	0.947946	0.810400	
1	0.987204	4.296875	0.947946	0.810400	
1	1.025391	4.313965	0.950939	0.822486	
1	1.025391	4.313965	0.950939	0.822486	
1	1.074219	4.337859	0.955351	0.839562	
1	1.074219	4.337859	0.955351	0.839562	
1	1.089011	4.345703	0.956845	0.845180	
1	1.089011	4.345703	0.956845	0.845180	
1	1.123047	4.362027	0.960205	0.857551	
1	1.123047	4.362027	0.960205	0.857551	
1	1.171875	4.387208	0.965616	0.876820	
1	1.171875	4.387208	0.965616	0.876820	
1	1.185161	4.394531	0.967232	0.882438	
1	1.185161	4.394531	0.967232	0.882438	
1	1.220703	4.412434	0.971466	0.896896	
1	1.220703	4.412434	0.971466	0.896896	
1	1.269531	4.438470	0.977885	0.918169	
1	1.269531	4.438470	0.977885	0.918169	
1	1.278222	4.443359	0.979117	0.922173	
1	1.278222	4.443359	0.979117	0.922173	
1	1.318359	4.464181	0.984705	0.940041	
1	1.318359	4.464181	0.984705	0.940041	
1	1.367188	4.490576	0.992107	0.963038	
1	1.367188	4.490576	0.992107	0.963038	
1	1.370044	4.492188	0.992567	0.964444	
1	1.370044	4.492188	0.992567	0.964444	
1	1.416016	4.516306	0.999862	0.986408	
1	1.416016	4.516306	0.999862	0.986408	
1	1.461891	4.541016	1.007686	1.009322	
1	1.461891	4.541016	1.007686	1.009322	
1	1.464844	4.542508	1.008185	1.010762	
1	1.464844	4.542508	1.008185	1.010762	
1	1.513672	4.567974	1.016847	1.035391	
1	1.513672	4.567974	1.016847	1.035391	
1	1.555009	4.589844	1.024628	1.056951	
1	1.555009	4.589844	1.024628	1.056951	
1	1.562500	4.593591	1.026030	1.060781	
1	1.562500	4.593591	1.026030	1.060781	
1	1.611328	4.618532	1.035560	1.086421	
1	1.611328	4.618532	1.035560	1.086421	
1	1.650579	4.638672	1.043603	1.107540	
1	1.650579	4.638672	1.043603	1.107540	
1	1.660156	4.643353	1.045560	1.112612	
1	1.660156	4.643353	1.045560	1.112612	
1	1.708984	4.667512	1.055903	1.139000	
1	1.708984	4.667512	1.055903	1.139000	
1	1.749574	4.687500	1.064859	1.161315	
1	1.749574	4.687500	1.064859	1.161315	
1	1.757812	4.691393	1.066678	1.165791	
1	1.757812	4.691393	1.066678	1.165791	
1	1.806641	4.714604	1.077784	1.192715	
1	1.806641	4.714604	1.077784	1.192715	
1	1.852994	4.736328	1.088709	1.218567	
1	1.852994	4.736328	1.088709	1.218567	
1	1.855469	4.737449	1.089294	1.219936	
1	1.855469	4.737449	1.089294	1.219936	
1	1.904297	4.759620	1.101123	1.247234	
1	1.904297	4.759620	1.101123	1.247234	
1	1.953125	4.781336	1.113322	1.274722	
1	1.953125	4.781336	1.113322	1.274722	
1	1.961770	4.785156	1.115527	1.279621	
1	1.961770	4.785156	1.115527	1.279621	
1	2.001953	4.802451	1.125846	1.302285	
1	2.001953	4.802451	1.125846	1.302285	
1	2.050781	4.823025	1.138705	1.329938	
1	2.050781	4.823025	1.138705	1.329938	
1	2.077278	4.833984	1.145827	1.344987	
1	2.077278	4.833984	1.145827	1.344987	
1	2.099609	4.843038	1.151886	1.357647	
1	2.099609	4.843038	1.151886	1.357647	
1	2.148438	4.862494	1.165385	1.385395	
1	2.148438	4.862494	1.165385	1.385395	
1	2.197266	4.881355	1.179182	1.413138	
1	2.197266	4.881355	1.179182	1.413138	
1	2.201095	4.882812	1.180277	1.415315	
1	2.201095	4.882812	1.180277	1.415315	
1	2.246094	4.899719	1.193301	1.440922	
1	2.246094	4.899719	1.193301	1.440922	
1	2.294922	4.917492	1.207705	1.468670	
1	2.294922	4.917492	1.207705	1.468670	
1	2.335068	4.931641	1.219749	1.491432	
1	2.335068	4.931641	1.219749	1.491432	
1	2.343750	4.934677	1.222388	1.496367	
1	2.343750	4.934677	1.222388	1.496367	
1	2.392578	4.951405	1.237387	1.524084	
1	2.392578	4.951405	1.237387	1.524084	
1	2.441406	4.967523	1.252642	1.551708	
1	2.441406	4.967523	1.252642	1.551708	
1	2.482081	4.980469	1.265535	1.574629	
1	2.482081	4.980469	1.265535	1.574629	
1	2.490234	4.983059	1.268157	1.579244	
1	2.490234	4.983059	1.268157	1.579244	
1	2.539062	4.998179	1.283984	1.606787	
1	2.539062	4.998179	1.283984	1.606787	
1	2.587891	5.012694	1.300049	1.634204	
1	2.587891	5.012694	1.300049	1.634204	
1	2.636719	5.026600	1.316342	1.661483	
1	2.636719	5.026600	1.316342	1.661483	
1	2.646508	5.029297	1.319628	1.666923	
1	2.646508	5.029297	1.319628	1.666923	
1	2.685547	5.040102	1.332934	1.688742	
1	2.685547	5.040102	1.332934	1.688742	
1	2.734375	5.053057	1.349767	1.715884	
1	2.734375	5.053057	1.349767	1.715884	
1	2.783203	5.065415	1.366813	1.742867	
1	2.783203	5.065415	1.366813	1.742867	
1	2.832031	5.077177	1.384066	1.769685	
1	2.832031	5.077177	1.384066	1.769685	
1	2.836136	5.078125	1.385521	1.771924	
1	2.836136	5.078125	1.385521	1.771924	
1	2.880859	5.088566	1.401611	1.796470	
1	2.880859	5.088566	1.401611	1.796470	
1	2.929688	5.099383	1.419362	1.823089	
1	2.929688	5.099383	1.419362	1.823089	
1	2.978516	5.109605	1.437304	1.849524	
1	2.978516	5.109605	1.437304	1.849524	
1	3.027344	5.119232	1.455431	1.875769	
1	3.027344	5.119232	1.455431	1.875769	
1	3.069048	5.126953	1.471044	1.898014	
1	3.069048	5.126953	1.471044	1.898014	
1	3.076172	5.128292	1.473750	1.901837	
1	3.076172	5.128292	1.473750	1.901837	
1	3.125000	5.136918	1.492313	1.927802	
1	3.125000	5.136918	1.492313	1.927802	
1	3.173828	5.144931	1.511038	1.953551	
1	3.173828	5.144931	1.511038	1.953551	
1	3.222656	5.152323	1.529919	1.979077	
1	3.222656	5.152323	1.529919	1.979077	
1	3.271484	5.159086	1.548946	2.004373	
1	3.271484	5.159086	1.548946	2.004373	
1	3.320312	5.165210	1.568112	2.029431	
1	3.320312	5.165210	1.568112	2.029431	
1	3.369141	5.170682	1.587407	2.054241	
1	3.369141	5.170682	1.587407	2.054241	
1	3.417969	5.175486	1.606821	2.078793	
1	3.417969	5.175486	1.606821	2.078793	
1	3.421469	5.175781	1.608206	2.080530	
1	3.421469	5.175781	1.608206	2.080530	
1	3.466797	5.179685	1.626377	2.103120	
1	3.466797	5.179685	1.626377	2.103120	
1	3.515625	5.183162	1.646022	2.127157	
1	3.515625	5.183162	1.646022	2.127157	
1	3.564453	5.185883	1.665737	2.150885	
1	3.564453	5.185883	1.665737	2.150885	
1	3.613281	5.187818	1.685507	2.174289	
1	3.613281	5.187818	1.685507	2.174289	
1	3.662109	5.188929	1.705311	2.197350	
1	3.662109	5.188929	1.705311	2.197350	
1	3.710938	5.189176	1.725130	2.220049	
1	3.710938	5.189176	1.725130	2.220049	
1	3.759766	5.188511	1.744941	2.242365	
1	3.759766	5.188511	1.744941	2.242365	
1	3.808594	5.186878	1.764718	2.264273	
1	3.808594	5.186878	1.764718	2.264273	
1	3.857422	5.184217	1.784433	2.285748	
1	3.857422	5.184217	1.784433	2.285748	
1	3.906250	5.180458	1.804052	2.306760	
1	3.906250	5.180458	1.804052	2.306760	
1	3.952539	5.175781	1.822521	2.326212	
1	3.952539	5.175781	1.822521	2.326212	
1	3.955078	5.175523	1.823544	2.327280	
1	3.955078	5.175523	1.823544	2.327280	
1	4.003906	5.169360	1.842884	2.347290	
1	4.003906	5.169360	1.842884	2.347290	
1	4.052734	5.161814	1.862005	2.366728	
1	4.052734	5.161814	1.862005	2.366728	
1	4.101562	5.152767	1.880854	2.385551	
1	4.101562	5.152767	1.880854	2.385551	
1	4.150391	5.142087	1.899377	2.403713	
1	4.150391	5.142087	1.899377	2.403713	
1	4.199219	5.129627	1.917514	2.421168	
1	4.199219	5.129627	1.917514	2.421168	
1	4.208492	5.126953	1.920865	2.424357	
1	4.208492	5.126953	1.920865	2.424357	
1	4.248047	5.115139	1.935156	2.437825	
1	4.248047	5.115139	1.935156	2.437825	
1	4.296875	5.098429	1.952226	2.453629	
1	4.296875	5.098429	1.952226	2.453629	
1	4.345703	5.079302	1.968649	2.468527	
1	4.345703	5.079302	1.968649	2.468527	
1	4.348431	5.078125	1.969530	2.469317	
1	4.348431	5.078125	1.969530	2.469317	
1	4.394531	5.057128	1.984151	2.482296	
1	4.394531	5.057128	1.984151	2.482296	
1	4.443359	5.031862	1.998740	2.494970	
1	4.443359	5.031862	1.998740	2.494970	
1	4.447898	5.029297	2.000022	2.496070	
1	4.447898	5.029297	2.000022	2.496070	
1	4.492188	5.002457	2.011960	2.506192	
1	4.492188	5.002457	2.011960	2.506192	
1	4.524791	4.980469	2.020026	2.512901	
1	4.524791	4.980469	2.020026	2.512901	
1	4.541016	4.968597	2.023714	2.515928	
1	4.541016	4.968597	2.023714	2.515928	
1	4.587050	4.931641	2.033069	2.523482	
1	4.587050	4.931641	2.033069	2.523482	
1	4.589844	4.929177	2.033555	2.523868	
1	4.589844	4.929177	2.033555	2.523868	
1	4.638418	4.882812	2.040786	2.529539	
1	4.638418	4.882812	2.040786	2.529539	
1	4.638672	4.882543	2.040813	2.529561	
1	4.638672	4.882543	2.040813	2.529561	
1	4.681470	4.833984	2.044356	2.532261	
1	4.681470	4.833984	2.044356	2.532261	
1	4.687500	4.826280	2.044522	2.532385	
1	4.687500	4.826280	2.044522	2.532385	
1	4.717970	4.785156	2.044617	2.532459	
1	4.717970	4.785156	2.044617	2.532459	
1	4.736328	4.756913	2.043331	2.531532	
1	4.736328	4.756913	2.043331	2.531532	
1	4.749130	4.736328	2.042147	2.530688	
1	4.749130	4.736328	2.042147	2.530688	
1	4.775766	4.687500	2.037337	2.527323	
1	4.775766	4.687500	2.037337	2.527323	
1	4.785156	4.667727	2.034629	2.525462	
1	4.785156	4.667727	2.034629	2.525462	
1	4.798558	4.638672	2.030525	2.522676	
1	4.798558	4.638672	2.030525	2.522676	
1	4.818029	4.589844	2.021975	2.516983	
1	4.818029	4.589844	2.021975	2.516983	
1	4.833984	4.542765	2.012243	2.510655	
1	4.833984	4.542765	2.012243	2.510655	
1	4.834568	4.541016	2.011882	2.510423	
1	4.834568	4.541016	2.011882	2.510423	
1	4.848599	4.492188	2.000482	2.503187	
1	4.848599	4.492188	2.000482	2.503187	
1	4.860325	4.443359	1.987873	2.495368	
1	4.860325	4.443359	1.987873	2.495368	
1	4.869980	4.394531	1.974181	2.487072	
1	4.869980	4.394531	1.974181	2.487072	
1	4.877763	4.345703	1.959518	2.478389	
1	4.877763	4.345703	1.959518	2.478389	
1	4.882812	4.305254	1.946632	2.470916	
1	4.882812	4.305254	1.946632	2.470916	
1	4.883862	4.296875	1.943991	2.469402	
1	4.883862	4.296875	1.943991	2.469402	
1	4.888459	4.248047	1.927711	2.460191	
1	4.888459	4.248047	1.927711	2.460191	
1	4.891618	4.199219	1.910707	2.450787	
1	4.891618	4.199219	1.910707	2.450787	
1	4.893442	4.150391	1.893042	2.441237	
1	4.893442	4.150391	1.893042	2.441237	
1	4.894020	4.101562	1.874767	2.431580	
1	4.894020	4.101562	1.874767	2.431580	
1	4.893425	4.052734	1.855927	2.421850	
1	4.893425	4.052734	1.855927	2.421850	
1	4.891718	4.003906	1.836558	2.412075	
1	4.891718	4.003906	1.836558	2.412075	
1	4.888947	3.955078	1.816691	2.402277	
1	4.888947	3.955078	1.816691	2.402277	
1	4.885152	3.906250	1.796347	2.392475	
1	4.885152	3.906250	1.796347	2.392475	
1	4.882812	3.882340	1.786130	2.387638	
1	4.882812	3.882340	1.786130	2.387638	
1	4.880396	3.857422	1.775571	2.382698	
1	4.880396	3.857422	1.775571	2.382698	
1	4.874711	3.808594	1.754384	2.372959	
1	4.874711	3.808594	1.754384	2.372959	
1	4.868077	3.759766	1.732766	2.363257	
1	4.868077	3.759766	1.732766	2.363257	
1	4.860501	3.710938	1.710720	2.353600	
1	4.860501	3.710938	1.710720	2.353600	
1	4.851985	3.662109	1.688247	2.343991	
1	4.851985	3.662109	1.688247	2.343991	
1	4.842524	3.613281	1.665340	2.334437	
1	4.842524	3.613281	1.665340	2.334437	
1	4.833984	3.573167	1.646149	2.326612	
1	4.833984	3.573167	1.646149	2.326612	
1	4.832134	3.564453	1.642010	2.324946	
1	4.832134	3.564453	1.642010	2.324946	
1	4.820880	3.515625	1.618308	2.315544	
1	4.820880	3.515625	1.618308	2.315544	
1	4.808647	3.466797	1.594143	2.306200	
1	4.808647	3.466797	1.594143	2.306200	
1	4.795415	3.417969	1.569502	2.296915	
1	4.795415	3.417969	1.569502	2.296915	
1	4.785156	3.382709	1.551346	2.290227	
1	4.785156	3.382709	1.551346	2.290227	
1	4.781201	3.369141	1.544395	2.287701	
1	4.781201	3.369141	1.544395	2.287701	
1	4.766034	3.320312	1.518850	2.278572	
1	4.766034	3.320312	1.518850	2.278572	
1	4.749794	3.271484	1.492772	2.269500	
1	4.749794	3.271484	1.492772	2.269500	
1	4.736328	3.233458	1.472036	2.262460	
1	4.736328	3.233458	1.472036	2.262460	
1	4.732482	3.222656	1.466164	2.260494	
1	4.732482	3.222656	1.466164	2.260494	
1	4.714133	3.173828	1.439057	2.251571	
1	4.714133	3.173828	1.439057	2.251571	
1	4.694620	3.125000	1.411353	2.242704	
1	4.694620	3.125000	1.411353	2.242704	
1	4.687500	3.108059	1.401542	2.239624	
1	4.687500	3.108059	1.401542	2.239624	
1	4.673982	3.076172	1.383089	2.233914	
1	4.673982	3.076172	1.383089	2.233914	
1	4.652150	3.027344	1.354214	2.225191	
1	4.652150	3.027344	1.354214	2.225191	
1	4.638672	2.998666	1.336895	2.220080	
1	4.638672	2.998666	1.336895	2.220080	
1	4.629094	2.978516	1.324711	2.216537	
1	4.629094	2.978516	1.324711	2.216537	
1	4.604788	2.929688	1.294566	2.207956	
1	4.604788	2.929688	1.294566	2.207956	
1	4.589844	2.901025	1.276500	2.202936	
1	4.589844	2.901025	1.276500	2.202936	
1	4.579184	2.880859	1.263748	2.199447	
1	4.579184	2.880859	1.263748	2.199447	
1	4.552250	2.832031	1.232244	2.191013	
1	4.552250	2.832031	1.232244	2.191013	
1	4.541016	2.812464	1.219375	2.187642	
1	4.541016	2.812464	1.219375	2.187642	
1	4.523941	2.783203	1.200028	2.182654	
1	4.523941	2.783203	1.200028	2.182654	
1	4.494240	2.734375	1.167098	2.174378	
1	4.494240	2.734375	1.167098	2.174378	
1	4.492188	2.731105	1.164857	2.173824	
1	4.492188	2.731105	1.164857	2.173824	
1	4.463059	2.685547	1.133401	2.166178	
1	4.463059	2.685547	1.133401	2.166178	
1	4.443359	2.655847	1.112529	2.161231	
1	4.443359	2.655847	1.112529	2.161231	
1	4.430410	2.636719	1.098962	2.158068	
1	4.430410	2.636719	1.098962	2.158068	
1	4.396259	2.587891	1.063772	2.150051	
1	4.396259	2.587891	1.063772	2.150051	
1	4.394531	2.585482	1.062014	2.149658	
1	4.394531	2.585482	1.062014	2.149658	
1	4.360482	2.539062	1.027756	2.142117	
1	4.360482	2.539062	1.027756	2.142117	
1	4.345703	2.519465	1.013102	2.138964	
1	4.345703	2.519465	1.013102	2.138964	
1	4.323121	2.490234	0.990968	2.134282	
1	4.323121	2.490234	0.990968	2.134282	
1	4.296875	2.457078	0.965582	2.129029	
1	4.296875	2.457078	0.965582	2.129029	
1	4.284145	2.441406	0.953412	2.126553	
1	4.284145	2.441406	0.953412	2.126553	
1	4.248047	2.397887	0.919314	2.119759	
1	4.248047	2.397887	0.919314	2.119759	
1	4.243520	2.392578	0.915088	2.118932	
1	4.243520	2.392578	0.915088	2.118932	
1	4.201180	2.343750	0.875978	2.111417	
1	4.201180	2.343750	0.875978	2.111417	
1	4.199219	2.341520	0.874183	2.111078	
1	4.199219	2.341520	0.874183	2.111078	
1	4.157061	2.294922	0.836069	2.104007	
1	4.157061	2.294922	0.836069	2.104007	
1	4.150391	2.287638	0.830096	2.102919	
1	4.150391	2.287638	0.830096	2.102919	
1	4.111208	2.246094	0.795432	2.096714	
1	4.111208	2.246094	0.795432	2.096714	
1	4.101562	2.235956	0.786976	2.095227	
1	4.101562	2.235956	0.786976	2.095227	
1	4.063611	2.197266	0.754103	2.089542	
1	4.063611	2.197266	0.754103	2.089542	
1	4.052734	2.186237	0.744761	2.087953	
1	4.052734	2.186237	0.744761	2.087953	
1	4.014276	2.148438	0.712129	2.082492	
1	4.014276	2.148438	0.712129	2.082492	
1	4.003906	2.138266	0.703400	2.081054	
1	4.003906	2.138266	0.703400	2.081054	
1	3.963232	2.099609	0.669580	2.075567	
1	3.963232	2.099609	0.669580	2.075567	
1	3.955078	2.091849	0.662851	2.074491	
1	3.955078	2.091849	0.662851	2.074491	
1	3.910536	2.050781	0.626545	2.068769	
1	3.910536	2.050781	0.626545	2.068769	
1	3.906250	2.046811	0.623077	2.068229	
1	3.906250	2.046811	0.623077	2.068229	
1	3.857422	2.002973	0.584046	2.062238	
1	3.857422	2.002973	0.584046	2.062238	
1	3.856247	2.001953	0.583118	2.062097	
1	3.856247	2.001953	0.583118	2.062097	
1	3.808594	1.960135	0.545728	2.056485	
1	3.808594	1.960135	0.545728	2.056485	
1	3.800342	1.953125	0.539335	2.055536	
1	3.800342	1.953125	0.539335	2.055536	
1	3.759766	1.918173	0.508102	2.050944	
1	3.759766	1.918173	0.508102	2.050944	
1	3.743152	1.904297	0.495477	2.049106	
1	3.743152	1.904297	0.495477	2.049106	
1	3.710938	1.876929	0.471148	2.045590	
1	3.710938	1.876929	0.471148	2.045590	
1	3.684942	1.855469	0.451766	2.042810	
1	3.684942	1.855469	0.451766	2.042810	
1	3.662109	1.836238	0.434845	2.040396	
1	3.662109	1.836238	0.434845	2.040396	
1	3.626049	1.806641	0.408459	2.036653	
1	3.626049	1.806641	0.408459	2.036653	
1	3.613281	1.795920	0.399172	2.035340	
1	3.613281	1.795920	0.399172	2.035340	
1	3.566868	1.757812	0.365834	2.030642	
1	3.566868	1.757812	0.365834	2.030642	
1	3.564453	1.755779	0.364110	2.030399	
1	3.564453	1.755779	0.364110	2.030399	
1	3.515625	1.715536	0.329629	2.025550	
1	3.515625	1.715536	0.329629	2.025550	
1	3.507525	1.708984	0.323977	2.024754	
1	3.507525	1.708984	0.323977	2.024754	
1	3.466797	1.675010	0.295713	2.020771	
1	3.466797	1.675010	0.295713	2.020771	
1	3.448759	1.660156	0.283342	2.019023	
1	3.448759	1.660156	0.283342	2.019023	
1	3.417969	1.633958	0.262335	2.016045	
1	3.417969	1.633958	0.262335	2.016045	
1	3.391170	1.611328	0.244253	2.013468	
1	3.391170	1.611328	0.244253	2.013468	
1	3.369141	1.592082	0.229464	2.011350	
1	3.369141	1.592082	0.229464	2.011350	
1	3.335208	1.562500	0.206917	2.008099	
1	3.335208	1.562500	0.206917	2.008099	
1	3.320312	1.549056	0.197066	2.006669	
1	3.320312	1.549056	0.197066	2.006669	
1	3.281236	1.513672	0.171463	2.002924	
1	3.281236	1.513672	0.171463	2.002924	
1	3.271484	1.504528	0.165102	2.001986	
1	3.271484	1.504528	0.165102	2.001986	
1	3.229509	1.464844	0.137944	1.997950	
1	3.229509	1.464844	0.137944	1.997950	
1	3.222656	1.458140	0.133529	1.997288	
1	3.222656	1.458140	0.133529	1.997288	
1	3.180152	1.416016	0.106334	1.993179	
1	3.180152	1.416016	0.106334	1.993179	
1	3.173828	1.409539	0.102304	1.992565	
1	3.173828	1.409539	0.102304	1.992565	
1	3.133173	1.367188	0.076543	1.988611	
1	3.133173	1.367188	0.076543	1.988611	
1	3.125000	1.358409	0.071384	1.987813	
1	3.125000	1.358409	0.071384	1.987813	
1	3.088469	1.318359	0.048430	1.984241	
1	3.088469	1.318359	0.048430	1.984241	
1	3.076172	1.304499	0.040733	1.983035	
1	3.076172	1.304499	0.040733	1.983035	
1	3.045855	1.269531	0.021822	1.980060	
1	3.045855	1.269531	0.021822	1.980060	
1	3.027344	1.247661	0.010322	1.978242	
1	3.027344	1.247661	0.010322	1.978242	
1	3.005089	1.220703	-0.003467	1.976057	
1	3.005089	1.220703	-0.003467	1.976057	
1	2.978516	1.187872	-0.019858	1.973456	
1	2.978516	1.187872	-0.019858	1.973456	
1	2.965900	1.171875	-0.027625	1.972223	
1	2.965900	1.171875	-0.027625	1.972223	
1	2.929688	1.125262	-0.049801	1.968709	
1	2.929688	1.125262	-0.049801	1.968709	
1	2.928011	1.123047	-0.050826	1.968547	
1	2.928011	1.123047	-0.050826	1.968547	
1	2.891110	1.074219	-0.073254	1.965016	
1	2.891110	1.074219	-0.073254	1.965016	
1	2.880859	1.060583	-0.079442	1.964048	
1	2.880859	1.060583	-0.079442	1.964048	
1	2.855018	1.025391	-0.095010	1.961629	
1	2.855018	1.025391	-0.095010	1.961629	
1	2.832031	0.994026	-0.108749	1.959519	
1	2.832031	0.994026	-0.108749	1.959519	
1	2.819516	0.976562	-0.116213	1.958384	
1	2.819516	0.976562	-0.116213	1.958384	
1	2.784398	0.927734	-0.136963	1.955277	
1	2.784398	0.927734	-0.136963	1.955277	
1	2.783203	0.926093	-0.137663	1.955173	
1	2.783203	0.926093	-0.137663	1.955173	
1	2.749474	0.878906	-0.157351	1.952308	
1	2.749474	0.878906	-0.157351	1.952308	
1	2.734375	0.857954	-0.166070	1.951068	
1	2.734375	0.857954	-0.166070	1.951068	
1	2.714614	0.830078	-0.177431	1.949483	
1	2.714614	0.830078	-0.177431	1.949483	
1	2.685547	0.789546	-0.193943	1.947244	
1	2.685547	0.789546	-0.193943	1.947244	
1	2.679680	0.781250	-0.197257	1.946805	
1	2.679680	0.781250	-0.197257	1.946805	
1	2.644536	0.732422	-0.216881	1.944280	
1	2.644536	0.732422	-0.216881	1.944280	
1	2.636719	0.721736	-0.221193	1.943743	
1	2.636719	0.721736	-0.221193	1.943743	
1	2.609071	0.683594	-0.236336	1.941916	
1	2.609071	0.683594	-0.236336	1.941916	
1	2.587891	0.654833	-0.247773	1.940597	
1	2.587891	0.654833	-0.247773	1.940597	
1	2.573204	0.634766	-0.255638	1.939722	
1	2.573204	0.634766	-0.255638	1.939722	
1	2.539062	0.588904	-0.273649	1.937825	
1	2.539062	0.588904	-0.273649	1.937825	
1	2.536861	0.585938	-0.274800	1.937710	
1	2.536861	0.585938	-0.274800	1.937710	
1	2.499889	0.537109	-0.293864	1.935886	
1	2.499889	0.537109	-0.293864	1.935886	
1	2.490234	0.524569	-0.298768	1.935447	
1	2.490234	0.524569	-0.298768	1.935447	
1	2.462249	0.488281	-0.312820	1.934264	
1	2.462249	0.488281	-0.312820	1.934264	
1	2.441406	0.461683	-0.323115	1.933469	
1	2.441406	0.461683	-0.323115	1.933469	
1	2.423894	0.439453	-0.331655	1.932858	
1	2.423894	0.439453	-0.331655	1.932858	
1	2.392578	0.400302	-0.346667	1.931895	
1	2.392578	0.400302	-0.346667	1.931895	
1	2.384767	0.390625	-0.350360	1.931680	
1	2.384767	0.390625	-0.350360	1.931680	
1	2.344794	0.341797	-0.368928	1.930743	
1	2.344794	0.341797	-0.368928	1.930743	
1	2.343750	0.340538	-0.369406	1.930723	
1	2.343750	0.340538	-0.369406	1.930723	
1	2.303774	0.292969	-0.387403	1.930059	
1	2.303774	0.292969	-0.387403	1.930059	
1	2.294922	0.282540	-0.391313	1.929948	
1	2.294922	0.282540	-0.391313	1.929948	
1	2.261768	0.244141	-0.405709	1.929644	
1	2.261768	0.244141	-0.405709	1.929644	
1	2.246094	0.226125	-0.412380	1.929562	
1	2.246094	0.226125	-0.412380	1.929562	
1	2.218717	0.195312	-0.423819	1.929511	
1	2.218717	0.195312	-0.423819	1.929511	
1	2.197266	0.171285	-0.432594	1.929553	
1	2.197266	0.171285	-0.432594	1.929553	
1	2.174562	0.146484	-0.441701	1.929675	
1	2.174562	0.146484	-0.441701	1.929675	
1	2.148438	0.117989	-0.451944	1.929910	
1	2.148438	0.117989	-0.451944	1.929910	
1	2.129243	0.097656	-0.459315	1.930147	
1	2.129243	0.097656	-0.459315	1.930147	
1	2.099609	0.066193	-0.470420	1.930616	
1	2.099609	0.066193	-0.470420	1.930616	
1	2.082700	0.048828	-0.476617	1.930940	
1	2.082700	0.048828	-0.476617	1.930940	
1	2.050781	0.015835	-0.488009	1.931656	
1	2.050781	0.015835	-0.488009	1.931656	
1	2.034877	0.000000	-0.493553	1.932064	
1	2.034877	0.000000	-0.493553	1.932064	
1	2.001953	-0.033154	-0.504700	1.933010	
1	2.001953	-0.033154	-0.504700	1.933010	
1	1.985728	-0.048828	-0.510056	1.933527	
1	1.985728	-0.048828	-0.510056	1.933527	
1	1.953125	-0.080853	-0.520479	1.934659	
1	1.953125	-0.080853	-0.520479	1.934659	
1	1.935228	-0.097656	-0.526048	1.935336	
1	1.935228	-0.097656	-0.526048	1.935336	
1	1.904297	-0.127355	-0.535331	1.936583	
1	1.904297	-0.127355	-0.535331	1.936583	
1	1.883386	-0.146484	-0.541427	1.937488	
1	1.883386	-0.146484	-0.541427	1.937488	
1	1.855469	-0.172767	-0.549239	1.938756	
1	1.855469	-0.172767	-0.549239	1.938756	
1	1.830267	-0.195312	-0.556072	1.939973	
1	1.830267	-0.195312	-0.556072	1.939973	
1	1.806641	-0.217217	-0.562183	1.941153	
1	1.806641	-0.217217	-0.562183	1.941153	
1	1.776026	-0.244141	-0.569830	1.942766	
1	1.776026	-0.244141	-0.569830	1.942766	
1	1.757812	-0.260867	-0.574137	1.943746	
1	1.757812	-0.260867	-0.574137	1.943746	
1	1.720942	-0.292969	-0.582522	1.945820	
1	1.720942	-0.292969	-0.582522	1.945820	
1	1.708984	-0.303929	-0.585069	1.946498	
1	1.708984	-0.303929	-0.585069	1.946498	
1	1.665459	-0.341797	-0.593941	1.949060	
1	1.665459	-0.341797	-0.593941	1.949060	
1	1.660156	-0.346697	-0.594939	1.949369	
1	1.660156	-0.346697	-0.594939	1.949369	
1	1.611328	-0.389567	-0.603690	1.952303	
1	1.611328	-0.389567	-0.603690	1.952303	
1	1.610032	-0.390625	-0.603914	1.952384	
1	1.610032	-0.390625	-0.603914	1.952384	
1	1.562500	-0.433038	-0.611251	1.955227	
1	1.562500	-0.433038	-0.611251	1.955227	
1	1.554903	-0.439453	-0.612357	1.955693	
1	1.554903	-0.439453	-0.612357	1.955693	
1	1.513672	-0.478060	-0.617496	1.958023	
1	1.513672	-0.478060	-0.617496	1.958023	
1	1.502261	-0.488281	-0.618815	1.958672	
1	1.502261	-0.488281	-0.618815	1.958672	
1	1.464844	-0.526066	-0.622231	1.960490	
1	1.464844	-0.526066	-0.622231	1.960490	
1	1.453577	-0.537109	-0.623152	1.961022	
1	1.453577	-0.537109	-0.623152	1.961022	
1	1.416016	-0.579408	-0.625125	1.962257	
1	1.416016	-0.579408	-0.625125	1.962257	
1	1.410147	-0.585938	-0.625372	1.962425	
1	1.410147	-0.585938	-0.625372	1.962425	
1	1.371823	-0.634766	-0.625770	1.962710	
1	1.371823	-0.634766	-0.625770	1.962710	
1	1.367188	-0.641306	-0.625681	1.962640	
1	1.367188	-0.641306	-0.625681	1.962640	
1	1.337741	-0.683594	-0.624710	1.961813	
1	1.337741	-0.683594	-0.624710	1.961813	
1	1.318359	-0.715595	-0.623223	1.960427	
1	1.318359	-0.715595	-0.623223	1.960427	
1	1.308501	-0.732422	-0.622294	1.959508	
1	1.308501	-0.732422	-0.622294	1.959508	
1	1.281780	-0.781250	-0.618990	1.955982	
1	1.281780	-0.781250	-0.618990	1.955982	
1	1.269531	-0.804824	-0.617137	1.953853	
1	1.269531	-0.804824	-0.617137	1.953853	
1	1.256994	-0.830078	-0.614965	1.951236	
1	1.256994	-0.830078	-0.614965	1.951236	
1	1.233366	-0.878906	-0.610387	1.945326	
1	1.233366	-0.878906	-0.610387	1.945326	
1	1.220703	-0.905152	-0.607767	1.941722	
1	1.220703	-0.905152	-0.607767	1.941722	
1	1.210340	-0.927734	-0.605375	1.938298	
1	1.210340	-0.927734	-0.605375	1.938298	
1	1.187417	-0.976562	-0.600031	1.930205	
1	1.187417	-0.976562	-0.600031	1.930205	
1	1.171875	-1.009162	-0.596328	1.924248	
1	1.171875	-1.009162	-0.596328	1.924248	
1	1.164517	-1.025391	-0.594404	1.921044	
1	1.164517	-1.025391	-0.594404	1.921044	
1	1.141155	-1.074219	-0.588578	1.910883	
1	1.141155	-1.074219	-0.588578	1.910883	
1	1.123047	-1.111107	-0.584077	1.902565	
1	1.123047	-1.111107	-0.584077	1.902565	
1	1.117458	-1.123047	-0.582574	1.899695	
1	1.117458	-1.123047	-0.582574	1.899695	
1	1.093058	-1.171875	-0.576457	1.887538	
1	1.093058	-1.171875	-0.576457	1.887538	
1	1.074219	-1.208269	-0.571856	1.877878	
1	1.074219	-1.208269	-0.571856	1.877878	
1	1.068056	-1.220703	-0.570247	1.874393	
1	1.068056	-1.220703	-0.570247	1.874393	
1	1.042255	-1.269531	-0.563989	1.860290	
1	1.042255	-1.269531	-0.563989	1.860290	
1	1.025391	-1.300054	-0.560087	1.851042	
1	1.025391	-1.300054	-0.560087	1.851042	
1	1.015660	-1.318359	-0.557709	1.845227	
1	1.015660	-1.318359	-0.557709	1.845227	
1	0.988195	-1.367188	-0.551439	1.829215	
1	0.988195	-1.367188	-0.551439	1.829215	
1	0.976562	-1.386816	-0.548948	1.822567	
1	0.976562	-1.386816	-0.548948	1.822567	
1	0.959828	-1.416016	-0.545207	1.812256	
1	0.959828	-1.416016	-0.545207	1.812256	
1	0.930475	-1.464844	-0.539042	1.794362	
1	0.930475	-1.464844	-0.539042	1.794362	
1	0.927734	-1.469151	-0.538507	1.792754	
1	0.927734	-1.469151	-0.538507	1.792754	
1	0.900204	-1.513672	-0.532965	1.775517	
1	0.900204	-1.513672	-0.532965	1.775517	
1	0.878906	-1.546562	-0.528952	1.762344	
1	0.878906	-1.546562	-0.528952	1.762344	
1	0.868856	-1.562500	-0.527010	1.755742	
1	0.868856	-1.562500	-0.527010	1.755742	
1	0.836458	-1.611328	-0.521198	1.735027	
1	0.836458	-1.611328	-0.521198	1.735027	
1	0.830078	-1.620485	-0.520133	1.731063	
1	0.830078	-1.620485	-0.520133	1.731063	
1	0.803024	-1.660156	-0.515553	1.713363	
1	0.803024	-1.660156	-0.515553	1.713363	
1	0.781250	-1.690657	-0.512135	1.699395	
1	0.781250	-1.690657	-0.512135	1.699395	
1	0.768415	-1.708984	-0.510106	1.690762	
1	0.768415	-1.708984	-0.510106	1.690762	
1	0.732604	-1.757812	-0.504880	1.667218	
1	0.732604	-1.757812	-0.504880	1.667218	
1	0.732422	-1.758050	-0.504855	1.667102	
1	0.732422	-1.758050	-0.504855	1.667102	
1	0.695714	-1.806641	-0.499897	1.642704	
1	0.695714	-1.806641	-0.499897	1.642704	
1	0.683594	-1.822023	-0.498388	1.634811	
1	0.683594	-1.822023	-0.498388	1.634811	
1	0.657555	-1.855469	-0.495187	1.617233	
1	0.657555	-1.855469	-0.495187	1.617233	
1	0.634766	-1.883552	-0.492617	1.602173	
1	0.634766	-1.883552	-0.492617	1.602173	
1	0.618094	-1.904297	-0.490778	1.590795	
1	0.618094	-1.904297	-0.490778	1.590795	
1	0.585938	-1.942725	-0.487538	1.569314	
1	0.585938	-1.942725	-0.487538	1.569314	
1	0.577298	-1.953125	-0.486695	1.563376	
1	0.577298	-1.953125	-0.486695	1.563376	
1	0.537109	-1.999650	-0.483134	1.536330	
1	0.537109	-1.999650	-0.483134	1.536330	
1	0.535130	-2.001953	-0.482966	1.534964	
1	0.535130	-2.001953	-0.482966	1.534964	
1	0.491582	-2.050781	-0.479621	1.505539	
1	0.491582	-2.050781	-0.479621	1.505539	
1	0.488281	-2.054358	-0.479392	1.503347	
1	0.488281	-2.054358	-0.479392	1.503347	
1	0.446568	-2.099609	-0.476689	1.475090	
1	0.446568	-2.099609	-0.476689	1.475090	
1	0.439453	-2.107079	-0.476280	1.470346	
1	0.439453	-2.107079	-0.476280	1.470346	
1	0.400006	-2.148438	-0.474203	1.443598	
1	0.400006	-2.148438	-0.474203	1.443598	
1	0.390625	-2.157973	-0.473773	1.437329	
1	0.390625	-2.157973	-0.473773	1.437329	
1	0.351831	-2.197266	-0.472197	1.411040	
1	0.351831	-2.197266	-0.472197	1.411040	
1	0.341797	-2.207137	-0.471852	1.404329	
1	0.341797	-2.207137	-0.471852	1.404329	
1	0.301968	-2.246094	-0.470704	1.377392	
1	0.301968	-2.246094	-0.470704	1.377392	
1	0.292969	-2.254659	-0.470498	1.371376	
1	0.292969	-2.254659	-0.470498	1.371376	
1	0.250331	-2.294922	-0.469764	1.342623	
1	0.250331	-2.294922	-0.469764	1.342623	
1	0.244141	-2.300621	-0.469692	1.338492	
1	0.244141	-2.300621	-0.469692	1.338492	
1	0.196823	-2.343750	-0.469415	1.306703	
1	0.196823	-2.343750	-0.469415	1.306703	
1	0.195312	-2.345095	-0.469415	1.305696	
1	0.195312	-2.345095	-0.469415	1.305696	
1	0.146484	-2.388120	-0.469649	1.273030	
1	0.146484	-2.388120	-0.469649	1.273030	
1	0.141359	-2.392578	-0.469703	1.269591	
1	0.141359	-2.392578	-0.469703	1.269591	
1	0.097656	-2.429784	-0.470379	1.240485	
1	0.097656	-2.429784	-0.470379	1.240485	
1	0.083794	-2.441406	-0.470675	1.231244	
1	0.083794	-2.441406	-0.470675	1.231244	
1	0.048828	-2.470153	-0.471587	1.208069	
1	0.048828	-2.470153	-0.471587	1.208069	
1	0.023976	-2.490234	-0.472382	1.191612	
1	0.023976	-2.490234	-0.472382	1.191612	
1	0.000000	-2.509270	-0.473260	1.175799	
1	0.000000	-2.509270	-0.473260	1.175799	
1	-0.038252	-2.539062	-0.474884	1.150633	
1	-0.038252	-2.539062	-0.474884	1.150633	
1	-0.048828	-2.547171	-0.475381	1.143693	
1	-0.048828	-2.547171	-0.475381	1.143693	
1	-0.097656	-2.583890	-0.477935	1.111766	
1	-0.097656	-2.583890	-0.477935	1.111766	
1	-0.103079	-2.587891	-0.478245	1.108237	
1	-0.103079	-2.587891	-0.478245	1.108237	
1	-0.146484	-2.619481	-0.480911	1.080016	
1	-0.146484	-2.619481	-0.480911	1.080016	
1	-0.170751	-2.636719	-0.482539	1.064339	
1	-0.170751	-2.636719	-0.482539	1.064339	
1	-0.195312	-2.653964	-0.484294	1.048464	
1	-0.195312	-2.653964	-0.484294	1.048464	
1	-0.241483	-2.685547	-0.487851	1.018842	
1	-0.241483	-2.685547	-0.487851	1.018842	
1	-0.244141	-2.687347	-0.488068	1.017134	
1	-0.244141	-2.687347	-0.488068	1.017134	
1	-0.292969	-2.719719	-0.492226	0.985988	
1	-0.292969	-2.719719	-0.492226	0.985988	
1	-0.315715	-2.734375	-0.494282	0.971612	
1	-0.315715	-2.734375	-0.494282	0.971612	
1	-0.341797	-2.751052	-0.496753	0.955075	
1	-0.341797	-2.751052	-0.496753	0.955075	
1	-0.390625	-2.781347	-0.501631	0.924421	
1	-0.390625	-2.781347	-0.501631	0.924421	
1	-0.393695	-2.783203	-0.501947	0.922514	
1	-0.393695	-2.783203	-0.501947	0.922514	
1	-0.439453	-2.810724	-0.506863	0.893953	
1	-0.439453	-2.810724	-0.506863	0.893953	
1	-0.476110	-2.832031	-0.510993	0.871333	
1	-0.476110	-2.832031	-0.510993	0.871333	
1	-0.488281	-2.839078	-0.512420	0.863779	
1	-0.488281	-2.839078	-0.512420	0.863779	
1	-0.537109	-2.866521	-0.518304	0.833829	
1	-0.537109	-2.866521	-0.518304	0.833829	
1	-0.563520	-2.880859	-0.521598	0.817830	
1	-0.563520	-2.880859	-0.521598	0.817830	
1	-0.585938	-2.893008	-0.524496	0.804157	
1	-0.585938	-2.893008	-0.524496	0.804157	
1	-0.634766	-2.918572	-0.530987	0.774755	
1	-0.634766	-2.918572	-0.530987	0.774755	
1	-0.656776	-2.929688	-0.533988	0.761680	
1	-0.656776	-2.929688	-0.533988	0.761680	
1	-0.683594	-2.943234	-0.537769	0.745622	
1	-0.683594	-2.943234	-0.537769	0.745622	
1	-0.732422	-2.966980	-0.544826	0.716784	
1	-0.732422	-2.966980	-0.544826	0.716784	
1	-0.757092	-2.978516	-0.548469	0.702422	
1	-0.757092	-2.978516	-0.548469	0.702422	
1	-0.781250	-2.989837	-0.552152	0.688234	
1	-0.781250	-2.989837	-0.552152	0.688234	
1	-0.830078	-3.011814	-0.559736	0.659976	
1	-0.830078	-3.011814	-0.559736	0.659976	
1	-0.866131	-3.027344	-0.565464	0.639413	
1	-0.866131	-3.027344	-0.565464	0.639413	
1	-0.878906	-3.032869	-0.567557	0.632057	
1	-0.878906	-3.032869	-0.567557	0.632057	
1	-0.927734	-3.053114	-0.575629	0.604396	
1	-0.927734	-3.053114	-0.575629	0.604396	
1	-0.976562	-3.072396	-0.583905	0.577128	
1	-0.976562	-3.072396	-0.583905	0.577128	
1	-0.986583	-3.076172	-0.585612	0.571630	
1	-0.986583	-3.076172	-0.585612	0.571630	
1	-1.025391	-3.090889	-0.592416	0.550119	
1	-1.025391	-3.090889	-0.592416	0.550119	
1	-1.074219	-3.108473	-0.601122	0.523475	
1	-1.074219	-3.108473	-0.601122	0.523475	
