#REFERENCE 3 87.3042530 -62.0775650
1.1 0.9303880 0.6477453 0.023771 0.012218 85.41198 5.2965 3.71 
1.2 0.7588924 0.9197322 0.067090 0.016757 153.05778 5.2965 2.12 
1.3 0.6389398 0.9035538 0.094369 0.043919 141.81432 5.2965 1.37 
1.4 0.8286744 0.9664432 0.037597 0.006055 160.47505 5.2965 3.59 
1.5 0.6364271 1.1984036 0.075120 0.023571 129.59486 5.2965 1.42 
1.6 0.2784920 1.3766114 0.067353 0.025792 142.84217 5.2965 1.39 
2.1 0.9356176 0.7781711 0.033739 0.003227 72.19180 4.5000 4.45 
2.2 0.9014488 0.8863252 0.051571 0.007961 98.85955 4.5000 3.24 
2.3 0.9730289 0.9507622 0.057804 0.026125 143.76019 4.5000 0.98 
3.1 0.6984498 0.6333018 0.040748 0.006534 3.10183 3.6792 3.42 
3.2 0.7095837 0.6216186 0.037359 0.000637 9.27101 3.6792 5.90 
4.1 0.9200090 0.8383222 0.028283 0.008175 64.94599 4.5000 3.05 
4.2 0.9773327 0.9495628 0.057823 0.026149 143.79366 4.5000 0.98 
5.1 0.8921485 0.8720558 0.026782 0.012207 61.53059 4.5000 2.49 
5.2 0.9771645 0.9438865 0.057851 0.026180 143.66717 4.5000 0.98 
6.1 0.5237772 1.0075964 0.061000 0.027498 139.02885 2.4414 1.13 
6.2 0.5266093 0.9247366 0.049302 0.031336 125.48306 2.4414 1.52 
6.3 0.6275429 1.0063656 0.034663 0.017085 160.75790 2.4414 2.26 
6.4 0.7165991 0.9525117 0.040666 0.017076 154.71479 2.4414 2.03 
7.1 0.2042809 1.6161584 0.042765 0.007057 38.65637 1.1914 3.69 
7.2 0.2381685 1.6323107 0.048074 0.008694 24.55740 1.1914 3.40 
