#REFERENCE 0 28.1644760 -13.9684790
1.1 28.1644483 -13.9685195 0.084854 0.008228 96.43068 4.5000 2.89 
1.1 28.1656922 -13.9687519 0.153678 0.017237 64.69744 4.5000 1.44 
1.1 28.1644033 -13.9686217 0.155681 0.018520 133.91828 4.5000 1.35 
1.1 28.1642143 -13.9682268 0.219453 0.052001 125.86883 4.5000 -0.14 
1.1 28.1643505 -13.9681829 0.100011 0.099997 22.70291 4.5000 -0.00 
1.2 28.1656908 -13.9687386 0.153889 0.004127 59.25778 4.5000 2.99 
1.2 28.1642677 -13.9681942 0.100206 0.099962 2.57587 4.5000 -0.00 
1.3 28.1644797 -13.9681455 0.627357 0.030138 1.03539 4.5000 -0.69 
1.3 28.1641382 -13.9682125 0.449376 0.047480 168.36226 4.5000 -0.82 
1.3 28.1656311 -13.9686965 0.330496 0.035299 27.26298 4.5000 -0.17 
1.4 28.1657101 -13.9687280 0.107000 0.106999 33.17662 4.5000 0.00 
2.1 28.1644651 -13.9685044 0.069730 0.017264 97.33494 4.5000 2.49 
2.1 28.1641064 -13.9682915 0.234240 0.068254 112.40272 4.5000 -0.32 
2.1 28.1656530 -13.9687608 0.165822 0.053334 70.39720 4.5000 0.32 
2.1 28.1644200 -13.9686682 0.155370 0.059612 117.97943 4.5000 0.27 
2.1 28.1644705 -13.9681875 0.109002 0.109000 6.32850 4.5000 -0.00 
2.2 28.1656234 -13.9687387 0.155239 0.046248 44.49388 4.5000 0.44 
2.2 28.1645151 -13.9681824 0.170047 0.050678 176.40693 4.5000 0.25 
2.2 28.1644715 -13.9685101 0.044278 0.023005 73.85212 4.5000 2.57 
2.2 28.1644465 -13.9686644 0.107332 0.064065 145.38563 4.5000 0.49 
2.2 28.1640805 -13.9682814 0.104002 0.103998 74.10167 4.5000 0.00 
