#REFERENCE 3 9.2648270 9.1723600
1.1 -0.378 0.228 0.055 0.003 79.99 4.500 5.68 -4.444 4.503 2.30 3.38
1.1 -0.378 0.228 0.055 0.003 79.99 4.500 5.68 1.857 -0.109 4.48 1.20
1.1 -0.378 0.228 0.055 0.003 79.99 4.500 5.68 2.653 0.210 4.60 1.07
1.1 -0.378 0.228 0.055 0.003 79.99 4.500 5.68 0.407 -4.491 5.69 -0.01
1.1 -0.378 0.228 0.055 0.003 79.99 4.500 5.68 -0.160 -4.430 5.68 -0.00
1.2 -0.380 0.220 0.058 0.002 86.64 4.500 5.89 -4.462 4.474 2.31 3.58
1.2 -0.380 0.220 0.058 0.002 86.64 4.500 5.89 1.933 -0.051 4.71 1.17
1.2 -0.380 0.220 0.058 0.002 86.64 4.500 5.89 2.570 0.209 4.81 1.07
1.2 -0.380 0.220 0.058 0.002 86.64 4.500 5.89 -0.147 -4.457 5.88 0.00
1.2 -0.380 0.220 0.058 0.002 86.64 4.500 5.89 0.321 -4.510 5.89 -0.00
2.1 -0.371 0.199 0.048 0.006 74.06 4.500 4.74 1.922 0.029 4.71 0.03
2.1 -0.371 0.199 0.048 0.006 74.06 4.500 4.74 -4.468 4.417 2.33 2.41
2.1 -0.371 0.199 0.048 0.006 74.06 4.500 4.74 2.543 0.295 4.81 -0.07
2.1 -0.371 0.199 0.048 0.006 74.06 4.500 4.74 0.675 -4.576 4.75 -0.01
2.1 -0.371 0.199 0.048 0.006 74.06 4.500 4.74 -0.644 -4.400 4.74 -0.00
2.2 -0.368 0.194 0.052 0.006 92.74 4.500 4.61 -4.467 4.405 2.33 2.28
2.2 -0.368 0.194 0.052 0.006 92.74 4.500 4.61 1.903 0.041 4.65 -0.04
2.2 -0.368 0.194 0.052 0.006 92.74 4.500 4.61 -0.744 -4.382 4.60 0.01
2.2 -0.368 0.194 0.052 0.006 92.74 4.500 4.61 2.552 0.322 4.76 -0.14
2.2 -0.368 0.194 0.052 0.006 92.74 4.500 4.61 0.746 -4.587 4.61 0.00
3.1 -0.297 0.210 0.076 0.026 62.69 4.500 3.77 1.883 -4.364 3.79 -0.02
3.1 -0.297 0.210 0.076 0.026 62.69 4.500 3.77 -4.197 4.577 2.36 1.41
3.1 -0.297 0.210 0.076 0.026 62.69 4.500 3.77 1.171 -0.278 3.44 0.33
3.1 -0.297 0.210 0.076 0.026 62.69 4.500 3.77 3.197 0.624 3.73 0.04
3.1 -0.297 0.210 0.076 0.026 62.69 4.500 3.77 -1.453 -3.947 3.77 0.00
3.2 -0.299 0.201 0.087 0.019 108.59 4.500 3.79 -1.481 -3.967 3.77 0.01
3.2 -0.299 0.201 0.087 0.019 108.59 4.500 3.79 -4.222 4.542 2.37 1.42
3.2 -0.299 0.201 0.087 0.019 108.59 4.500 3.79 3.148 0.643 3.75 0.03
3.2 -0.299 0.201 0.087 0.019 108.59 4.500 3.79 1.211 -0.232 3.47 0.31
3.2 -0.299 0.201 0.087 0.019 108.59 4.500 3.79 1.825 -4.406 3.79 -0.00
4.1 -0.201 0.262 0.058 0.038 56.90 4.500 3.56 2.917 -3.804 3.59 -0.04
4.1 -0.201 0.262 0.058 0.038 56.90 4.500 3.56 -3.759 4.897 2.38 1.18
4.1 -0.201 0.262 0.058 0.038 56.90 4.500 3.56 0.524 -0.680 3.18 0.37
4.1 -0.201 0.262 0.058 0.038 56.90 4.500 3.56 3.740 0.711 3.56 0.00
4.1 -0.201 0.262 0.058 0.038 56.90 4.500 3.56 -1.655 -3.430 3.56 0.00
4.2 -0.207 0.255 0.091 0.052 131.50 4.500 3.59 -1.665 -3.466 3.56 0.03
4.2 -0.207 0.255 0.091 0.052 131.50 4.500 3.59 3.701 0.725 3.55 0.04
4.2 -0.207 0.255 0.091 0.052 131.50 4.500 3.59 2.847 -3.861 3.59 0.00
4.2 -0.207 0.255 0.091 0.052 131.50 4.500 3.59 -3.793 4.868 2.38 1.21
4.2 -0.207 0.255 0.091 0.052 131.50 4.500 3.59 0.568 -0.643 3.18 0.41
