chi multiples
 N    ID    z   Narcs    chip    chix    chiy    chia   rmss     rmsi    dx      dy    nwarn
 0    1.4 4.298   1      0.01    0.00    0.00    0.00   0.041    0.04    0.01   -0.04  0
 0    1.3 4.298   1      0.01    0.00    0.00    0.00   0.007    0.04    0.03   -0.03  0
 0    1.2 4.298   1      0.02    0.00    0.00    0.00   0.037    0.07   -0.05    0.05  0
 0    1.1 4.298   1      0.01    0.00    0.00    0.00   0.034    0.05    0.05   -0.03  0
 0    1.4 4.298   4      0.05    0.00    0.00    0.00   0.033    0.05    N/A     N/A   0
chimul                   0.05    0.00    0.00    0.00   0.033    0.05    N/A     N/A   0
log(Likelihood)         -1.83

chitot           0.05
log(Likelihood)    -1.83
