#REFERENCE 3 245.3426630 38.1684690
1.1 0.136 0.078 0.082 0.026 68.09 4.298 1.66 0.331 0.857 1.66 -0.00
1.2 0.081 0.062 0.072 0.017 174.06 4.298 2.27 0.149 0.870 1.60 0.67
1.2 0.081 0.062 0.072 0.017 174.06 4.298 2.27 0.528 -0.565 2.35 -0.08
1.2 0.081 0.062 0.072 0.017 174.06 4.298 2.27 0.740 -0.090 2.27 -0.00
1.3 0.123 0.052 0.078 0.013 144.93 4.298 2.51 0.308 0.829 1.76 0.76
1.3 0.123 0.052 0.078 0.013 144.93 4.298 2.51 0.802 -0.055 2.56 -0.04
1.3 0.123 0.052 0.078 0.013 144.93 4.298 2.51 0.660 -0.486 2.51 -0.00
1.4 0.125 0.012 0.107 0.003 98.81 4.298 3.57 0.774 0.201 2.25 1.33
1.4 0.125 0.012 0.107 0.003 98.81 4.298 3.57 0.368 0.752 2.10 1.48
1.4 0.125 0.012 0.107 0.003 98.81 4.298 3.57 0.578 -0.636 1.88 1.69
