#REFERENCE 3 328.4033970 17.6954390
   #ID       X         Y         R       EPS       TAU       AMP       DMAG  TIME[days]  DTIME    PARITY
   2.1   -11.514     8.744    14.458     0.953     3.137     1.603      0.51    -150.9       0.0    ++
   2.2   -12.443     8.137    14.867     0.163     0.165     2.123      0.82     -72.3      78.7    ++
   2.2   -17.857     8.004    19.569     0.094     0.094     2.004      0.75     -83.5      67.4    ++
   1.1   -11.606     8.917    14.637     0.977     4.578     1.631      0.53    -145.1       0.0    ++
   1.2   -12.921     7.742    15.063     0.680     0.928     2.825      1.13     -37.7     107.5    ++
   1.2   -18.281     7.768    19.863     0.425     0.470     1.748      0.61    -119.5      25.6    ++
   1.2   -14.607     6.338    15.923     0.000     0.000     1.284      0.27     -21.4     123.7    +-
   1.3   -11.262     8.147    13.900     0.994     8.774     1.535      0.47    -169.3     -24.2    ++
   1.4   -13.505     8.123    15.760     0.907     2.159     6.041      1.95       6.0     151.2    ++
   1.4   -18.819     8.070    20.477     0.545     0.650     1.557      0.48    -162.4     -17.3    ++
   1.4   -14.226     7.001    15.855     0.503     0.583     2.931      1.17       9.0     154.2    +-
