#REFERENCE 0 328.4033970 17.6954390
2.2 328.4070252 17.6976992 0.307286 0.260751 72.08345 4.5000 -0.96 
2.2 328.4086038 17.6976623 0.288306 0.262350 100.57503 4.5000 -0.90 
1.1 328.4067812 17.6979160 0.229697 0.024796 125.45316 4.5000 1.91 
1.2 328.4071645 17.6975896 0.408774 0.178289 75.34057 4.5000 -0.86 
1.2 328.4087274 17.6975966 0.266483 0.169197 95.04786 4.5000 -0.33 
1.2 328.4076561 17.6971995 0.182000 0.182000 132.56809 4.5000 0.00 
1.3 328.4066807 17.6977022 0.166019 0.009430 46.01794 4.5000 3.31 
1.4 328.4073347 17.6976953 0.612266 0.134907 85.18673 4.5000 -0.99 
1.4 328.4088842 17.6976806 0.198097 0.107474 85.33527 4.5000 0.48 
1.4 328.4075449 17.6973837 0.264054 0.151756 26.91025 4.5000 -0.21 
