#REFERENCE 3 328.4033970 17.6954390
1	47.753906	13.857471	47.688480	14.627260	
1	47.791702	13.867188	47.642856	14.617882	
1	47.791702	13.867188	47.642856	14.617882	
1	47.802734	13.868944	47.629899	14.614086	
1	47.802734	13.868944	47.629899	14.614086	
1	47.753906	13.857471	47.688480	14.627260	
1	47.705078	13.854873	47.745195	14.630526	
1	47.705078	13.854873	47.745195	14.630526	
1	47.656250	13.861646	47.801429	14.624548	
1	47.656250	13.861646	47.801429	14.624548	
1	47.639711	13.867188	47.820938	14.620234	
1	47.639711	13.867188	47.820938	14.620234	
1	47.607422	13.874466	47.857307	14.608882	
1	47.607422	13.874466	47.857307	14.608882	
1	47.558594	13.896147	47.913430	14.581994	
1	47.558594	13.896147	47.913430	14.581994	
1	47.531458	13.916016	47.946826	14.559647	
1	47.531458	13.916016	47.946826	14.559647	
1	47.509766	13.931294	47.971820	14.539084	
1	47.509766	13.931294	47.971820	14.539084	
1	47.476394	13.964844	48.013005	14.496026	
1	47.476394	13.964844	48.013005	14.496026	
1	47.460938	13.984520	48.032682	14.470051	
1	47.460938	13.984520	48.032682	14.470051	
1	47.440075	14.013672	48.057800	14.429311	
1	47.440075	14.013672	48.057800	14.429311	
1	47.417727	14.062500	48.087914	14.360807	
1	47.417727	14.062500	48.087914	14.360807	
1	47.412109	14.084569	48.097574	14.329370	
1	47.412109	14.084569	48.097574	14.329370	
1	47.403023	14.111328	48.106648	14.288983	
1	47.403023	14.111328	48.106648	14.288983	
1	47.395764	14.160156	48.114430	14.215323	
1	47.395764	14.160156	48.114430	14.215323	
1	47.397398	14.208984	48.111484	14.140575	
1	47.397398	14.208984	48.111484	14.140575	
1	47.408489	14.257812	48.097281	14.064472	
1	47.408489	14.257812	48.097281	14.064472	
1	47.412109	14.266746	48.093285	14.050166	
1	47.412109	14.266746	48.093285	14.050166	
1	47.424584	14.306641	48.071373	13.989833	
1	47.424584	14.306641	48.071373	13.989833	
1	47.453548	14.355469	48.031023	13.914910	
1	47.453548	14.355469	48.031023	13.914910	
1	47.460938	14.365130	48.020975	13.900143	
1	47.460938	14.365130	48.020975	13.900143	
1	47.495166	14.404297	47.973261	13.842822	
1	47.495166	14.404297	47.973261	13.842822	
1	47.509766	14.418403	47.952948	13.823303	
1	47.509766	14.418403	47.952948	13.823303	
1	47.558594	14.451213	47.890032	13.776106	
1	47.558594	14.451213	47.890032	13.776106	
1	47.563104	14.453125	47.884622	13.772843	
1	47.563104	14.453125	47.884622	13.772843	
1	47.607422	14.476880	47.827522	13.744898	
1	47.607422	14.476880	47.827522	13.744898	
1	47.656250	14.489935	47.769076	13.727255	
1	47.656250	14.489935	47.769076	13.727255	
1	47.705078	14.494664	47.712047	13.719784	
1	47.705078	14.494664	47.712047	13.719784	
1	47.753906	14.492961	47.655824	13.721611	
1	47.753906	14.492961	47.655824	13.721611	
1	47.802734	14.484128	47.600255	13.732704	
1	47.802734	14.484128	47.600255	13.732704	
1	47.851562	14.464489	47.543621	13.754484	
1	47.851562	14.464489	47.543621	13.754484	
1	47.869552	14.453125	47.521583	13.766224	
1	47.869552	14.453125	47.521583	13.766224	
1	47.900391	14.436233	47.486602	13.789297	
1	47.900391	14.436233	47.486602	13.789297	
1	47.936742	14.404297	47.441790	13.828534	
1	47.936742	14.404297	47.441790	13.828534	
1	47.949219	14.391988	47.426735	13.844837	
1	47.949219	14.391988	47.426735	13.844837	
1	47.979428	14.355469	47.389785	13.894243	
1	47.979428	14.355469	47.389785	13.894243	
1	47.998047	14.321258	47.364075	13.940490	
1	47.998047	14.321258	47.364075	13.940490	
1	48.006436	14.306641	47.354511	13.961837	
1	48.006436	14.306641	47.354511	13.961837	
1	48.025804	14.257812	47.331248	14.033146	
1	48.025804	14.257812	47.331248	14.033146	
1	48.034603	14.208984	47.319337	14.105699	
1	48.034603	14.208984	47.319337	14.105699	
1	48.035976	14.160156	47.318071	14.180012	
1	48.035976	14.160156	47.318071	14.180012	
1	48.030407	14.111328	47.327658	14.255097	
1	48.030407	14.111328	47.327658	14.255097	
1	48.015834	14.062500	47.348827	14.330552	
1	48.015834	14.062500	47.348827	14.330552	
1	47.998047	14.028875	47.371565	14.383697	
1	47.998047	14.028875	47.371565	14.383697	
1	47.990925	14.013672	47.383373	14.406050	
1	47.990925	14.013672	47.383373	14.406050	
1	47.954742	13.964844	47.433834	14.479566	
1	47.954742	13.964844	47.433834	14.479566	
1	47.949219	13.958662	47.441531	14.488581	
1	47.949219	13.958662	47.441531	14.488581	
1	47.900391	13.916479	47.506723	14.549700	
1	47.900391	13.916479	47.506723	14.549700	
1	47.899594	13.916016	47.507702	14.550445	
1	47.899594	13.916016	47.507702	14.550445	
1	47.851562	13.884711	47.571050	14.590120	
1	47.851562	13.884711	47.571050	14.590120	
