#REFERENCE 3 152.6369720 -12.6526740
   #ID       X         Y         R       EPS       TAU       AMP       E_AMP      DMAG  TIME[days]  DTIME    PARITY
   2.1     4.242     2.067     4.718     0.882     1.867    20.397   553.898      3.27    -176.4       0.0    ++
   2.1    -0.731     3.449     3.526     0.717     1.030     7.153     4.767      2.14     -69.3     107.1    +-
   2.1    -3.159     2.457     4.002     0.000     0.000     6.821     4.130      2.08     -85.5      90.9    ++
   2.2     4.271     1.982     4.709     0.758     1.162    25.033   547.130      3.50    -176.2       0.2    ++
   2.2    -3.175     2.368     3.960     0.704     0.992     6.854     4.249      2.09     -81.8      94.5    ++
   2.2    -0.731     3.377     3.455     0.000     0.000     6.990     4.677      2.11     -64.9     111.4    +-
   3.1     3.667     2.038     4.195     0.811     1.386    24.323   179.990      3.47    -110.3       0.0    ++
   3.1     0.214     3.343     3.350     0.625     0.801     5.131     4.079      1.78     -64.4      45.9    +-
   3.1    -3.964     1.964     4.424     0.000     0.000     4.609    33.342      1.66    -139.2     -29.0    ++
   3.2    -3.958     2.037     4.451     0.650     0.855     4.073     2.200      1.52    -141.9     -31.6    ++
   3.2     3.633     2.122     4.207     0.648     0.852    16.672    76.740      3.05    -110.9      -0.6    ++
   3.2     0.236     3.406     3.414     0.000     0.000     5.278     6.227      1.81     -67.8      42.5    +-
