#REFERENCE 3 328.3940330 17.7038000
   #ID       X         Y         R       EPS       TAU       AMP       E_AMP      DMAG  TIME[days]  DTIME    PARITY
   8.1    -0.353     0.154     0.385     0.815     1.406     6.772   123.033      2.08      17.2       0.0    --
   8.1    -0.690     0.079     0.694     0.755     1.152     4.660    78.723      1.67      17.0      -0.2    +-
   8.1     2.914    -2.947     4.145     0.462     0.520     2.250     4.937      0.88    -143.7    -160.9    ++
   8.1     0.035     0.792     0.793     0.388     0.421     4.825    58.528      1.71      14.9      -2.3    +-
   8.1    -0.794     0.975     1.257     0.000     0.000    65.272  1489.588      4.54      13.4      -3.7    ++
   8.2    -0.731     1.138     1.353     0.674     0.913    15.145   113.783      2.95       8.3      -8.8    ++
   8.2     0.132     0.912     0.922     0.545     0.650     6.338   121.815      2.00       9.8      -7.3    +-
   8.2     2.924    -2.830     4.069     0.346     0.368     2.369    11.890      0.94    -137.9    -155.0    ++
   8.3     2.839    -2.974     4.111     0.789     1.284     2.713    34.017      1.08    -141.9    -159.1    ++
   8.3     0.068     0.683     0.686     0.701     0.982     2.527    10.151      1.01      15.7      -1.5    +-
   8.3    -0.954     0.915     1.322     0.611     0.773    17.031   100.604      3.08      12.8      -4.4    ++
   8.3    -0.863     0.065     0.865     0.345     0.367    11.321   341.309      2.63      15.5      -1.7    +-
   8.3    -0.217     0.214     0.305     0.185     0.188     5.190    37.578      1.79      16.8      -0.4    --
