#REFERENCE 3 87.3042530 -62.0775650
1	-3.515625	-3.566588	-0.825011	1.296823	
1	-3.518396	-3.564453	-0.824900	1.296984	
1	-3.518396	-3.564453	-0.824900	1.296984	
1	-3.515625	-3.566588	-0.825011	1.296823	
1	-3.466797	-3.603702	-0.826881	1.294073	
1	-3.466797	-3.603702	-0.826881	1.294073	
1	-3.453978	-3.613281	-0.827342	1.293385	
1	-3.453978	-3.613281	-0.827342	1.293385	
1	-3.417969	-3.639678	-0.828504	1.291638	
1	-3.417969	-3.639678	-0.828504	1.291638	
1	-3.386753	-3.662109	-0.829426	1.290233	
1	-3.386753	-3.662109	-0.829426	1.290233	
1	-3.369141	-3.674527	-0.829885	1.289526	
1	-3.369141	-3.674527	-0.829885	1.289526	
1	-3.320312	-3.708238	-0.831015	1.287764	
1	-3.320312	-3.708238	-0.831015	1.287764	
1	-3.316331	-3.710938	-0.831096	1.287636	
1	-3.316331	-3.710938	-0.831096	1.287636	
1	-3.271484	-3.740774	-0.831874	1.286398	
1	-3.271484	-3.740774	-0.831874	1.286398	
1	-3.242187	-3.759766	-0.832275	1.285750	
1	-3.242187	-3.759766	-0.832275	1.285750	
1	-3.222656	-3.772194	-0.832489	1.285400	
1	-3.222656	-3.772194	-0.832489	1.285400	
1	-3.173828	-3.802479	-0.832851	1.284803	
1	-3.173828	-3.802479	-0.832851	1.284803	
1	-3.163728	-3.808594	-0.832890	1.284737	
1	-3.163728	-3.808594	-0.832890	1.284737	
1	-3.125000	-3.831620	-0.832953	1.284631	
1	-3.125000	-3.831620	-0.832953	1.284631	
1	-3.080130	-3.857422	-0.832834	1.284836	
1	-3.080130	-3.857422	-0.832834	1.284836	
1	-3.076172	-3.859658	-0.832816	1.284867	
1	-3.076172	-3.859658	-0.832816	1.284867	
1	-3.027344	-3.886558	-0.832424	1.285558	
1	-3.027344	-3.886558	-0.832424	1.285558	
1	-2.990233	-3.906250	-0.831960	1.286389	
1	-2.990233	-3.906250	-0.831960	1.286389	
1	-2.978516	-3.912365	-0.831797	1.286682	
1	-2.978516	-3.912365	-0.831797	1.286682	
1	-2.929688	-3.937063	-0.830931	1.288268	
1	-2.929688	-3.937063	-0.830931	1.288268	
1	-2.892575	-3.955078	-0.830107	1.289804	
1	-2.892575	-3.955078	-0.830107	1.289804	
1	-2.880859	-3.960677	-0.829837	1.290311	
1	-2.880859	-3.960677	-0.829837	1.290311	
1	-2.832031	-3.983206	-0.828518	1.292826	
1	-2.832031	-3.983206	-0.828518	1.292826	
1	-2.784953	-4.003906	-0.827036	1.295707	
1	-2.784953	-4.003906	-0.827036	1.295707	
1	-2.783203	-4.004665	-0.826981	1.295816	
1	-2.783203	-4.004665	-0.826981	1.295816	
1	-2.734375	-4.025069	-0.825236	1.299282	
1	-2.734375	-4.025069	-0.825236	1.299282	
1	-2.685547	-4.044417	-0.823286	1.303237	
1	-2.685547	-4.044417	-0.823286	1.303237	
1	-2.663527	-4.052734	-0.822315	1.305237	
1	-2.663527	-4.052734	-0.822315	1.305237	
1	-2.636719	-4.062732	-0.821143	1.307676	
1	-2.636719	-4.062732	-0.821143	1.307676	
1	-2.587891	-4.080023	-0.818814	1.312603	
1	-2.587891	-4.080023	-0.818814	1.312603	
1	-2.539062	-4.096284	-0.816301	1.318034	
1	-2.539062	-4.096284	-0.816301	1.318034	
1	-2.522306	-4.101562	-0.815371	1.320072	
1	-2.522306	-4.101562	-0.815371	1.320072	
1	-2.490234	-4.111556	-0.813623	1.323946	
1	-2.490234	-4.111556	-0.813623	1.323946	
1	-2.441406	-4.125838	-0.810785	1.330352	
1	-2.441406	-4.125838	-0.810785	1.330352	
1	-2.392578	-4.139124	-0.807789	1.337266	
1	-2.392578	-4.139124	-0.807789	1.337266	
1	-2.347900	-4.150391	-0.804907	1.344061	
1	-2.347900	-4.150391	-0.804907	1.344061	
1	-2.343750	-4.151428	-0.804645	1.344685	
1	-2.343750	-4.151428	-0.804645	1.344685	
1	-2.294922	-4.162810	-0.801380	1.352568	
1	-2.294922	-4.162810	-0.801380	1.352568	
1	-2.246094	-4.173231	-0.797984	1.360955	
1	-2.246094	-4.173231	-0.797984	1.360955	
1	-2.197266	-4.182703	-0.794466	1.369847	
1	-2.197266	-4.182703	-0.794466	1.369847	
1	-2.148438	-4.191238	-0.790838	1.379241	
1	-2.148438	-4.191238	-0.790838	1.379241	
1	-2.099609	-4.198846	-0.787107	1.389134	
1	-2.099609	-4.198846	-0.787107	1.389134	
1	-2.096916	-4.199219	-0.786891	1.389713	
1	-2.096916	-4.199219	-0.786891	1.389713	
1	-2.050781	-4.205584	-0.783299	1.399482	
1	-2.050781	-4.205584	-0.783299	1.399482	
1	-2.001953	-4.211421	-0.779408	1.410321	
1	-2.001953	-4.211421	-0.779408	1.410321	
1	-1.953125	-4.216363	-0.775442	1.421650	
1	-1.953125	-4.216363	-0.775442	1.421650	
1	-1.904297	-4.220422	-0.771412	1.433466	
1	-1.904297	-4.220422	-0.771412	1.433466	
1	-1.855469	-4.223606	-0.767326	1.445764	
1	-1.855469	-4.223606	-0.767326	1.445764	
1	-1.806641	-4.225927	-0.763193	1.458542	
1	-1.806641	-4.225927	-0.763193	1.458542	
1	-1.757812	-4.227393	-0.759024	1.471795	
1	-1.757812	-4.227393	-0.759024	1.471795	
1	-1.708984	-4.228011	-0.754825	1.485520	
1	-1.708984	-4.228011	-0.754825	1.485520	
1	-1.660156	-4.227791	-0.750606	1.499713	
1	-1.660156	-4.227791	-0.750606	1.499713	
1	-1.611328	-4.226739	-0.746376	1.514371	
1	-1.611328	-4.226739	-0.746376	1.514371	
1	-1.562500	-4.224862	-0.742144	1.529492	
1	-1.562500	-4.224862	-0.742144	1.529492	
1	-1.513672	-4.222163	-0.737916	1.545073	
1	-1.513672	-4.222163	-0.737916	1.545073	
1	-1.464844	-4.218649	-0.733701	1.561113	
1	-1.464844	-4.218649	-0.733701	1.561113	
1	-1.416016	-4.214323	-0.729507	1.577610	
1	-1.416016	-4.214323	-0.729507	1.577610	
1	-1.367188	-4.209186	-0.725342	1.594563	
1	-1.367188	-4.209186	-0.725342	1.594563	
1	-1.318359	-4.203241	-0.721214	1.611973	
1	-1.318359	-4.203241	-0.721214	1.611973	
1	-1.289310	-4.199219	-0.718755	1.622650	
1	-1.289310	-4.199219	-0.718755	1.622650	
1	-1.269531	-4.196522	-0.717136	1.629808	
1	-1.269531	-4.196522	-0.717136	1.629808	
1	-1.220703	-4.189054	-0.713123	1.648039	
1	-1.220703	-4.189054	-0.713123	1.648039	
1	-1.171875	-4.180790	-0.709170	1.666718	
1	-1.171875	-4.180790	-0.709170	1.666718	
1	-1.123047	-4.171727	-0.705284	1.685846	
1	-1.123047	-4.171727	-0.705284	1.685846	
1	-1.074219	-4.161861	-0.701473	1.705426	
1	-1.074219	-4.161861	-0.701473	1.705426	
1	-1.025391	-4.151188	-0.697744	1.725462	
1	-1.025391	-4.151188	-0.697744	1.725462	
1	-1.022001	-4.150391	-0.697483	1.726897	
1	-1.022001	-4.150391	-0.697483	1.726897	
1	-0.976562	-4.139844	-0.694129	1.745816	
1	-0.976562	-4.139844	-0.694129	1.745816	
1	-0.927734	-4.127705	-0.690613	1.766610	
1	-0.927734	-4.127705	-0.690613	1.766610	
1	-0.878906	-4.114753	-0.687201	1.787861	
1	-0.878906	-4.114753	-0.687201	1.787861	
1	-0.832138	-4.101562	-0.684035	1.808666	
1	-0.832138	-4.101562	-0.684035	1.808666	
1	-0.830078	-4.100988	-0.683902	1.809567	
1	-0.830078	-4.100988	-0.683902	1.809567	
1	-0.781250	-4.086585	-0.680749	1.831547	
1	-0.781250	-4.086585	-0.680749	1.831547	
1	-0.732422	-4.071354	-0.677724	1.853991	
1	-0.732422	-4.071354	-0.677724	1.853991	
1	-0.683594	-4.055285	-0.674833	1.876907	
1	-0.683594	-4.055285	-0.674833	1.876907	
1	-0.676210	-4.052734	-0.674402	1.880462	
1	-0.676210	-4.052734	-0.674402	1.880462	
1	-0.634766	-4.038563	-0.672108	1.900097	
1	-0.634766	-4.038563	-0.672108	1.900097	
1	-0.585938	-4.021027	-0.669537	1.923728	
1	-0.585938	-4.021027	-0.669537	1.923728	
1	-0.540495	-4.003906	-0.667284	1.946179	
1	-0.540495	-4.003906	-0.667284	1.946179	
1	-0.537109	-4.002642	-0.667126	1.947825	
1	-0.537109	-4.002642	-0.667126	1.947825	
1	-0.488281	-3.983629	-0.664905	1.972159	
1	-0.488281	-3.983629	-0.664905	1.972159	
1	-0.439453	-3.963732	-0.662858	1.996986	
1	-0.439453	-3.963732	-0.662858	1.996986	
1	-0.419059	-3.955078	-0.662052	2.007584	
1	-0.419059	-3.955078	-0.662052	2.007584	
1	-0.390625	-3.943103	-0.661008	2.022142	
1	-0.390625	-3.943103	-0.661008	2.022142	
1	-0.341797	-3.921688	-0.659359	2.047676	
1	-0.341797	-3.921688	-0.659359	2.047676	
1	-0.307974	-3.906250	-0.658330	2.065730	
1	-0.307974	-3.906250	-0.658330	2.065730	
1	-0.292969	-3.899444	-0.657916	2.073626	
1	-0.292969	-3.899444	-0.657916	2.073626	
1	-0.244141	-3.876480	-0.656694	2.099869	
1	-0.244141	-3.876480	-0.656694	2.099869	
1	-0.205162	-3.857422	-0.655875	2.121242	
1	-0.205162	-3.857422	-0.655875	2.121242	
1	-0.195312	-3.852630	-0.655696	2.126570	
1	-0.195312	-3.852630	-0.655696	2.126570	
1	-0.146484	-3.828077	-0.654936	2.153529	
1	-0.146484	-3.828077	-0.654936	2.153529	
1	-0.109147	-3.808594	-0.654515	2.174554	
1	-0.109147	-3.808594	-0.654515	2.174554	
1	-0.097656	-3.802620	-0.654417	2.180944	
1	-0.097656	-3.802620	-0.654417	2.180944	
1	-0.048828	-3.776427	-0.654153	2.208630	
1	-0.048828	-3.776427	-0.654153	2.208630	
1	-0.018807	-3.759766	-0.654120	2.225981	
1	-0.018807	-3.759766	-0.654120	2.225981	
1	0.000000	-3.749352	-0.654150	2.236727	
1	0.000000	-3.749352	-0.654150	2.236727	
1	0.048828	-3.721461	-0.654419	2.265155	
1	0.048828	-3.721461	-0.654419	2.265155	
1	0.066711	-3.710938	-0.654589	2.275754	
1	0.066711	-3.710938	-0.654589	2.275754	
1	0.097656	-3.692745	-0.654969	2.293909	
1	0.097656	-3.692745	-0.654969	2.293909	
1	0.146484	-3.663087	-0.655811	2.323096	
1	0.146484	-3.663087	-0.655811	2.323096	
1	0.148056	-3.662109	-0.655844	2.324050	
1	0.148056	-3.662109	-0.655844	2.324050	
1	0.195312	-3.632693	-0.656950	2.352489	
1	0.195312	-3.632693	-0.656950	2.352489	
1	0.225555	-3.613281	-0.657817	2.371014	
1	0.225555	-3.613281	-0.657817	2.371014	
1	0.244141	-3.601336	-0.658402	2.382306	
1	0.244141	-3.601336	-0.658402	2.382306	
1	0.292969	-3.569073	-0.660177	2.412472	
1	0.292969	-3.569073	-0.660177	2.412472	
1	0.299799	-3.564453	-0.660454	2.416753	
1	0.299799	-3.564453	-0.660454	2.416753	
1	0.341797	-3.535971	-0.662279	2.442899	
1	0.341797	-3.535971	-0.662279	2.442899	
1	0.370988	-3.515625	-0.663707	2.461365	
1	0.370988	-3.515625	-0.663707	2.461365	
1	0.390625	-3.501887	-0.664727	2.473715	
1	0.390625	-3.501887	-0.664727	2.473715	
1	0.439453	-3.466820	-0.667533	2.504901	
1	0.439453	-3.466820	-0.667533	2.504901	
1	0.439485	-3.466797	-0.667535	2.504922	
1	0.439485	-3.466797	-0.667535	2.504922	
1	0.488281	-3.430889	-0.670696	2.536315	
1	0.488281	-3.430889	-0.670696	2.536315	
1	0.505423	-3.417969	-0.671904	2.547495	
1	0.505423	-3.417969	-0.671904	2.547495	
1	0.537109	-3.393936	-0.674241	2.568093	
1	0.537109	-3.393936	-0.674241	2.568093	
1	0.569064	-3.369141	-0.676780	2.589135	
1	0.569064	-3.369141	-0.676780	2.589135	
1	0.585938	-3.355952	-0.678179	2.600221	
1	0.585938	-3.355952	-0.678179	2.600221	
1	0.630555	-3.320312	-0.682135	2.629890	
1	0.630555	-3.320312	-0.682135	2.629890	
1	0.634766	-3.316921	-0.682523	2.632687	
1	0.634766	-3.316921	-0.682523	2.632687	
1	0.683594	-3.276867	-0.687281	2.665441	
1	0.683594	-3.276867	-0.687281	2.665441	
1	0.690038	-3.271484	-0.687943	2.669803	
1	0.690038	-3.271484	-0.687943	2.669803	
1	0.732422	-3.235735	-0.692468	2.698506	
1	0.732422	-3.235735	-0.692468	2.698506	
1	0.747647	-3.222656	-0.694180	2.708908	
1	0.747647	-3.222656	-0.694180	2.708908	
1	0.781250	-3.193474	-0.698104	2.731904	
1	0.781250	-3.193474	-0.698104	2.731904	
1	0.803487	-3.173828	-0.700826	2.747239	
1	0.803487	-3.173828	-0.700826	2.747239	
1	0.830078	-3.150053	-0.704203	2.765629	
1	0.830078	-3.150053	-0.704203	2.765629	
1	0.857656	-3.125000	-0.707859	2.784824	
1	0.857656	-3.125000	-0.707859	2.784824	
1	0.878906	-3.105440	-0.710782	2.799676	
1	0.878906	-3.105440	-0.710782	2.799676	
1	0.910241	-3.076172	-0.715262	2.821688	
1	0.910241	-3.076172	-0.715262	2.821688	
1	0.927734	-3.059598	-0.717857	2.834043	
1	0.927734	-3.059598	-0.717857	2.834043	
1	0.961323	-3.027344	-0.723018	2.857854	
1	0.961323	-3.027344	-0.723018	2.857854	
1	0.976562	-3.012483	-0.725446	2.868729	
1	0.976562	-3.012483	-0.725446	2.868729	
1	1.010975	-2.978516	-0.731109	2.893341	
1	1.010975	-2.978516	-0.731109	2.893341	
1	1.025391	-2.964049	-0.733570	2.903734	
1	1.025391	-2.964049	-0.733570	2.903734	
1	1.059261	-2.929688	-0.739520	2.928168	
1	1.059261	-2.929688	-0.739520	2.928168	
1	1.074219	-2.914243	-0.742248	2.939059	
1	1.074219	-2.914243	-0.742248	2.939059	
1	1.106241	-2.880859	-0.748238	2.962352	
1	1.106241	-2.880859	-0.748238	2.962352	
1	1.123047	-2.863008	-0.751502	2.974705	
1	1.123047	-2.863008	-0.751502	2.974705	
1	1.151967	-2.832031	-0.757248	2.995907	
1	1.151967	-2.832031	-0.757248	2.995907	
1	1.171875	-2.810280	-0.761357	3.010674	
1	1.171875	-2.810280	-0.761357	3.010674	
1	1.196485	-2.783203	-0.766536	3.028849	
1	1.196485	-2.783203	-0.766536	3.028849	
1	1.220703	-2.755993	-0.771836	3.046966	
1	1.220703	-2.755993	-0.771836	3.046966	
1	1.239835	-2.734375	-0.776092	3.061191	
1	1.239835	-2.734375	-0.776092	3.061191	
1	1.269531	-2.700074	-0.782965	3.083580	
1	1.269531	-2.700074	-0.782965	3.083580	
1	1.282053	-2.685547	-0.785904	3.092946	
1	1.282053	-2.685547	-0.785904	3.092946	
1	1.318359	-2.642446	-0.794772	3.120511	
1	1.318359	-2.642446	-0.794772	3.120511	
1	1.323169	-2.636719	-0.795960	3.124127	
1	1.323169	-2.636719	-0.795960	3.124127	
1	1.363266	-2.587891	-0.806246	3.154732	
1	1.363266	-2.587891	-0.806246	3.154732	
1	1.367188	-2.583002	-0.807292	3.157776	
1	1.367188	-2.583002	-0.807292	3.157776	
1	1.402399	-2.539062	-0.816747	3.184761	
1	1.402399	-2.539062	-0.816747	3.184761	
1	1.416016	-2.521621	-0.820563	3.195390	
1	1.416016	-2.521621	-0.820563	3.195390	
1	1.440525	-2.490234	-0.827461	3.214245	
1	1.440525	-2.490234	-0.827461	3.214245	
1	1.464844	-2.458240	-0.834607	3.233313	
1	1.464844	-2.458240	-0.834607	3.233313	
1	1.477659	-2.441406	-0.838379	3.243195	
1	1.477659	-2.441406	-0.838379	3.243195	
1	1.513672	-2.392768	-0.849450	3.271517	
1	1.513672	-2.392768	-0.849450	3.271517	
1	1.513813	-2.392578	-0.849494	3.271626	
1	1.513813	-2.392578	-0.849494	3.271626	
1	1.549219	-2.343750	-0.860768	3.299475	
1	1.549219	-2.343750	-0.860768	3.299475	
1	1.562500	-2.324881	-0.865194	3.310150	
1	1.562500	-2.324881	-0.865194	3.310150	
1	1.583693	-2.294922	-0.872220	3.326816	
1	1.583693	-2.294922	-0.872220	3.326816	
1	1.611328	-2.254650	-0.881810	3.349028	
1	1.611328	-2.254650	-0.881810	3.349028	
1	1.617237	-2.246094	-0.883844	3.353663	
1	1.617237	-2.246094	-0.883844	3.353663	
1	1.650035	-2.197266	-0.895606	3.379965	
1	1.650035	-2.197266	-0.895606	3.379965	
1	1.660156	-2.181731	-0.899401	3.388275	
1	1.660156	-2.181731	-0.899401	3.388275	
1	1.682036	-2.148438	-0.907507	3.405751	
1	1.682036	-2.148438	-0.907507	3.405751	
1	1.708984	-2.106075	-0.917969	3.427774	
1	1.708984	-2.106075	-0.917969	3.427774	
1	1.713138	-2.099609	-0.919558	3.431069	
1	1.713138	-2.099609	-0.919558	3.431069	
1	1.743607	-2.050781	-0.931709	3.455833	
1	1.743607	-2.050781	-0.931709	3.455833	
1	1.757812	-2.027254	-0.937642	3.467661	
1	1.757812	-2.027254	-0.937642	3.467661	
1	1.773274	-2.001953	-0.943981	3.480114	
1	1.773274	-2.001953	-0.943981	3.480114	
1	1.802146	-1.953125	-0.956369	3.503920	
1	1.802146	-1.953125	-0.956369	3.503920	
1	1.806641	-1.945276	-0.958385	3.507730	
1	1.806641	-1.945276	-0.958385	3.507730	
1	1.830447	-1.904297	-0.968823	3.527177	
1	1.830447	-1.904297	-0.968823	3.527177	
1	1.855469	-1.859701	-0.980316	3.548067	
1	1.855469	-1.859701	-0.980316	3.548067	
1	1.857881	-1.855469	-0.981397	3.550003	
1	1.857881	-1.855469	-0.981397	3.550003	
1	1.884830	-1.806641	-0.994004	3.572264	
1	1.884830	-1.806641	-0.994004	3.572264	
1	1.904297	-1.770114	-1.003534	3.588693	
1	1.904297	-1.770114	-1.003534	3.588693	
1	1.910971	-1.757812	-1.006707	3.594088	
1	1.910971	-1.757812	-1.006707	3.594088	
1	1.936584	-1.708984	-1.019439	3.615377	
1	1.936584	-1.708984	-1.019439	3.615377	
1	1.953125	-1.676332	-1.028034	3.629430	
1	1.953125	-1.676332	-1.028034	3.629430	
1	1.961485	-1.660156	-1.032235	3.636208	
1	1.961485	-1.660156	-1.032235	3.636208	
1	1.985863	-1.611328	-1.045044	3.656516	
1	1.985863	-1.611328	-1.045044	3.656516	
1	2.001953	-1.577961	-1.053867	3.670198	
1	2.001953	-1.577961	-1.053867	3.670198	
1	2.009576	-1.562500	-1.057894	3.676361	
1	2.009576	-1.562500	-1.057894	3.676361	
1	2.032816	-1.513672	-1.070730	3.695677	
1	2.032816	-1.513672	-1.070730	3.695677	
1	2.050781	-1.474628	-1.081051	3.710852	
1	2.050781	-1.474628	-1.081051	3.710852	
1	2.055394	-1.464844	-1.083593	3.714541	
1	2.055394	-1.464844	-1.083593	3.714541	
1	2.077592	-1.416016	-1.096403	3.732852	
1	2.077592	-1.416016	-1.096403	3.732852	
1	2.099105	-1.367188	-1.109235	3.750734	
1	2.099105	-1.367188	-1.109235	3.750734	
1	2.099609	-1.365996	-1.109552	3.751169	
1	2.099609	-1.365996	-1.109552	3.751169	
1	2.120350	-1.318359	-1.121966	3.768030	
1	2.120350	-1.318359	-1.121966	3.768030	
1	2.140983	-1.269531	-1.134685	3.784881	
1	2.140983	-1.269531	-1.134685	3.784881	
1	2.148438	-1.251249	-1.139477	3.791119	
1	2.148438	-1.251249	-1.139477	3.791119	
1	2.161262	-1.220703	-1.147312	3.801192	
1	2.161262	-1.220703	-1.147312	3.801192	
1	2.181120	-1.171875	-1.159856	3.816996	
1	2.181120	-1.171875	-1.159856	3.816996	
1	2.197266	-1.131045	-1.170319	3.829878	
1	2.197266	-1.131045	-1.170319	3.829878	
1	2.200528	-1.123047	-1.172320	3.832311	
1	2.200528	-1.123047	-1.172320	3.832311	
1	2.219726	-1.074219	-1.184622	3.847051	
1	2.219726	-1.074219	-1.184622	3.847051	
1	2.238499	-1.025391	-1.196820	3.861306	
1	2.238499	-1.025391	-1.196820	3.861306	
1	2.246094	-1.005010	-1.201916	3.867156	
1	2.246094	-1.005010	-1.201916	3.867156	
1	2.257056	-0.976562	-1.208840	3.875004	
1	2.257056	-0.976562	-1.208840	3.875004	
1	2.275386	-0.927734	-1.220677	3.888158	
1	2.275386	-0.927734	-1.220677	3.888158	
1	2.293444	-0.878906	-1.232337	3.900793	
1	2.293444	-0.878906	-1.232337	3.900793	
1	2.294922	-0.874771	-1.233330	3.901854	
1	2.294922	-0.874771	-1.233330	3.901854	
1	2.311482	-0.830078	-1.243729	3.912827	
1	2.311482	-0.830078	-1.243729	3.912827	
1	2.329374	-0.781250	-1.254884	3.924315	
1	2.329374	-0.781250	-1.254884	3.924315	
1	2.343750	-0.741633	-1.263768	3.933253	
1	2.343750	-0.741633	-1.263768	3.933253	
1	2.347219	-0.732422	-1.265761	3.935233	
1	2.347219	-0.732422	-1.265761	3.935233	
1	2.365178	-0.683594	-1.276296	3.945538	
1	2.365178	-0.683594	-1.276296	3.945538	
1	2.383208	-0.634766	-1.286495	3.955257	
1	2.383208	-0.634766	-1.286495	3.955257	
1	2.392578	-0.609233	-1.291723	3.960141	
1	2.392578	-0.609233	-1.291723	3.960141	
1	2.401469	-0.585938	-1.296292	3.964353	
1	2.401469	-0.585938	-1.296292	3.964353	
1	2.420048	-0.537109	-1.305648	3.972811	
1	2.420048	-0.537109	-1.305648	3.972811	
1	2.439033	-0.488281	-1.314523	3.980622	
1	2.439033	-0.488281	-1.314523	3.980622	
1	2.441406	-0.482140	-1.315621	3.981574	
1	2.441406	-0.482140	-1.315621	3.981574	
1	2.458594	-0.439453	-1.322845	3.987753	
1	2.458594	-0.439453	-1.322845	3.987753	
1	2.478849	-0.390625	-1.330562	3.994187	
1	2.478849	-0.390625	-1.330562	3.994187	
1	2.490234	-0.363813	-1.334552	3.997443	
1	2.490234	-0.363813	-1.334552	3.997443	
1	2.499988	-0.341797	-1.337595	3.999891	
1	2.499988	-0.341797	-1.337595	3.999891	
1	2.522192	-0.292969	-1.343867	4.004838	
1	2.522192	-0.292969	-1.343867	4.004838	
1	2.539062	-0.257541	-1.347900	4.007943	
1	2.539062	-0.257541	-1.347900	4.007943	
1	2.545730	-0.244141	-1.349265	4.008978	
1	2.545730	-0.244141	-1.349265	4.008978	
1	2.570813	-0.195312	-1.353698	4.012283	
1	2.570813	-0.195312	-1.353698	4.012283	
1	2.587891	-0.163931	-1.355976	4.013941	
1	2.587891	-0.163931	-1.355976	4.013941	
1	2.597831	-0.146484	-1.356999	4.014675	
1	2.597831	-0.146484	-1.356999	4.014675	
1	2.627110	-0.097656	-1.359027	4.016104	
1	2.627110	-0.097656	-1.359027	4.016104	
1	2.636719	-0.082479	-1.359376	4.016345	
1	2.636719	-0.082479	-1.359376	4.016345	
1	2.659088	-0.048828	-1.359585	4.016487	
1	2.659088	-0.048828	-1.359585	4.016487	
1	2.685547	-0.011767	-1.358855	4.016002	
1	2.685547	-0.011767	-1.358855	4.016002	
1	2.694380	0.000000	-1.358396	4.015701	
1	2.694380	0.000000	-1.358396	4.015701	
1	2.733582	0.048828	-1.355176	4.013629	
1	2.733582	0.048828	-1.355176	4.013629	
1	2.734375	0.049761	-1.355092	4.013576	
1	2.734375	0.049761	-1.355092	4.013576	
1	2.777370	0.097656	-1.349587	4.010136	
1	2.777370	0.097656	-1.349587	4.010136	
1	2.783203	0.103718	-1.348692	4.009585	
1	2.783203	0.103718	-1.348692	4.009585	
1	2.826793	0.146484	-1.341103	4.004984	
1	2.826793	0.146484	-1.341103	4.004984	
1	2.832031	0.151291	-1.340077	4.004371	
1	2.832031	0.151291	-1.340077	4.004371	
1	2.880859	0.193582	-1.329606	3.998198	
1	2.880859	0.193582	-1.329606	3.998198	
1	2.882963	0.195312	-1.329121	3.997915	
1	2.882963	0.195312	-1.329121	3.997915	
1	2.929688	0.231472	-1.317549	3.991255	
1	2.929688	0.231472	-1.317549	3.991255	
1	2.947116	0.244141	-1.312922	3.988627	
1	2.947116	0.244141	-1.312922	3.988627	
1	2.978516	0.265649	-1.304110	3.983675	
1	2.978516	0.265649	-1.304110	3.983675	
1	3.021139	0.292969	-1.291393	3.976629	
1	3.021139	0.292969	-1.291393	3.976629	
1	3.027344	0.296720	-1.289458	3.975566	
1	3.027344	0.296720	-1.289458	3.975566	
1	3.076172	0.325110	-1.273710	3.966997	
1	3.076172	0.325110	-1.273710	3.966997	
1	3.106709	0.341797	-1.263381	3.961448	
1	3.106709	0.341797	-1.263381	3.961448	
1	3.125000	0.351257	-1.256981	3.958035	
1	3.125000	0.351257	-1.256981	3.958035	
1	3.173828	0.375439	-1.239344	3.948720	
1	3.173828	0.375439	-1.239344	3.948720	
1	3.206170	0.390625	-1.227226	3.942392	
1	3.206170	0.390625	-1.227226	3.942392	
1	3.222656	0.397970	-1.220879	3.939098	
1	3.222656	0.397970	-1.220879	3.939098	
1	3.271484	0.419000	-1.201623	3.929188	
1	3.271484	0.419000	-1.201623	3.929188	
1	3.320312	0.438861	-1.181661	3.919035	
1	3.320312	0.438861	-1.181661	3.919035	
1	3.321793	0.439453	-1.181047	3.918725	
1	3.321793	0.439453	-1.181047	3.918725	
1	3.369141	0.457488	-1.160975	3.908631	
1	3.369141	0.457488	-1.160975	3.908631	
1	3.417969	0.475234	-1.139655	3.898024	
1	3.417969	0.475234	-1.139655	3.898024	
1	3.455164	0.488281	-1.123021	3.889823	
1	3.455164	0.488281	-1.123021	3.889823	
1	3.466797	0.492172	-1.117720	3.887223	
1	3.466797	0.492172	-1.117720	3.887223	
1	3.515625	0.508270	-1.095161	3.876226	
1	3.515625	0.508270	-1.095161	3.876226	
1	3.564453	0.523807	-1.072051	3.865071	
1	3.564453	0.523807	-1.072051	3.865071	
1	3.607440	0.537109	-1.051275	3.855132	
1	3.607440	0.537109	-1.051275	3.855132	
1	3.613281	0.538837	-1.048406	3.853767	
1	3.613281	0.538837	-1.048406	3.853767	
1	3.662109	0.553229	-1.024190	3.842299	
1	3.662109	0.553229	-1.024190	3.842299	
1	3.710938	0.567274	-0.999483	3.830709	
1	3.710938	0.567274	-0.999483	3.830709	
1	3.759766	0.581028	-0.974301	3.819005	
1	3.759766	0.581028	-0.974301	3.819005	
1	3.777249	0.585938	-0.965185	3.814795	
1	3.777249	0.585938	-0.965185	3.814795	
1	3.808594	0.594375	-0.948614	3.807177	
1	3.808594	0.594375	-0.948614	3.807177	
1	3.857422	0.607430	-0.922453	3.795243	
1	3.857422	0.607430	-0.922453	3.795243	
1	3.906250	0.620331	-0.895861	3.783223	
1	3.906250	0.620331	-0.895861	3.783223	
1	3.955078	0.633118	-0.868849	3.771127	
1	3.955078	0.633118	-0.868849	3.771127	
1	3.961311	0.634766	-0.865377	3.769581	
1	3.961311	0.634766	-0.865377	3.769581	
1	4.003906	0.645590	-0.841363	3.758934	
1	4.003906	0.645590	-0.841363	3.758934	
1	4.052734	0.657977	-0.813470	3.746676	
1	4.052734	0.657977	-0.813470	3.746676	
1	4.101562	0.670346	-0.785191	3.734365	
1	4.101562	0.670346	-0.785191	3.734365	
1	4.150391	0.682726	-0.756536	3.722010	
1	4.150391	0.682726	-0.756536	3.722010	
1	4.153760	0.683594	-0.754548	3.721158	
1	4.153760	0.683594	-0.754548	3.721158	
1	4.199219	0.694884	-0.727441	3.709586	
1	4.199219	0.694884	-0.727441	3.709586	
1	4.248047	0.707082	-0.697984	3.697130	
1	4.248047	0.707082	-0.697984	3.697130	
1	4.296875	0.719364	-0.668179	3.684651	
1	4.296875	0.719364	-0.668179	3.684651	
1	4.345703	0.731752	-0.638036	3.672157	
1	4.345703	0.731752	-0.638036	3.672157	
1	4.348289	0.732422	-0.636433	3.671496	
1	4.348289	0.732422	-0.636433	3.671496	
1	4.394531	0.743999	-0.607485	3.659621	
1	4.394531	0.743999	-0.607485	3.659621	
1	4.443359	0.756378	-0.576608	3.647081	
1	4.443359	0.756378	-0.576608	3.647081	
1	4.492188	0.768925	-0.545417	3.634545	
1	4.492188	0.768925	-0.545417	3.634545	
1	4.539432	0.781250	-0.514948	3.622427	
1	4.539432	0.781250	-0.514948	3.622427	
1	4.541016	0.781651	-0.513917	3.622019	
1	4.541016	0.781651	-0.513917	3.622019	
1	4.589844	0.794299	-0.482037	3.609478	
1	4.589844	0.794299	-0.482037	3.609478	
1	4.638672	0.807173	-0.449867	3.596960	
1	4.638672	0.807173	-0.449867	3.596960	
1	4.687500	0.820289	-0.417413	3.584472	
1	4.687500	0.820289	-0.417413	3.584472	
1	4.723183	0.830078	-0.393532	3.575371	
1	4.723183	0.830078	-0.393532	3.575371	
1	4.736328	0.833588	-0.384660	3.572010	
1	4.736328	0.833588	-0.384660	3.572010	
1	4.785156	0.846948	-0.351575	3.559566	
1	4.785156	0.846948	-0.351575	3.559566	
1	4.833984	0.860606	-0.318229	3.547169	
1	4.833984	0.860606	-0.318229	3.547169	
1	4.882812	0.874581	-0.284626	3.534826	
1	4.882812	0.874581	-0.284626	3.534826	
1	4.897555	0.878906	-0.274443	3.531114	
1	4.897555	0.878906	-0.274443	3.531114	
1	4.931641	0.888681	-0.250716	3.522520	
1	4.931641	0.888681	-0.250716	3.522520	
1	4.980469	0.903045	-0.216538	3.510269	
1	4.980469	0.903045	-0.216538	3.510269	
1	5.029297	0.917781	-0.182125	3.498089	
1	5.029297	0.917781	-0.182125	3.498089	
1	5.061429	0.927734	-0.159365	3.490119	
1	5.061429	0.927734	-0.159365	3.490119	
1	5.078125	0.932808	-0.147454	3.485975	
1	5.078125	0.932808	-0.147454	3.485975	
1	5.126953	0.948053	-0.112506	3.473924	
1	5.126953	0.948053	-0.112506	3.473924	
1	5.175781	0.963731	-0.077341	3.461960	
1	5.175781	0.963731	-0.077341	3.461960	
1	5.214639	0.976562	-0.049215	3.452508	
1	5.214639	0.976562	-0.049215	3.452508	
1	5.224609	0.979805	-0.041950	3.450083	
1	5.224609	0.979805	-0.041950	3.450083	
1	5.273438	0.996128	-0.006292	3.438284	
1	5.273438	0.996128	-0.006292	3.438284	
1	5.322266	1.012952	0.029564	3.426588	
1	5.322266	1.012952	0.029564	3.426588	
1	5.357324	1.025391	0.055418	3.418261	
1	5.357324	1.025391	0.055418	3.418261	
1	5.371094	1.030223	0.065633	3.414995	
1	5.371094	1.030223	0.065633	3.414995	
1	5.419922	1.047852	0.101941	3.403501	
1	5.419922	1.047852	0.101941	3.403501	
1	5.468750	1.066056	0.138429	3.392127	
1	5.468750	1.066056	0.138429	3.392127	
1	5.490026	1.074219	0.154372	3.387214	
1	5.490026	1.074219	0.154372	3.387214	
1	5.517578	1.084726	0.175129	3.380868	
1	5.517578	1.084726	0.175129	3.380868	
1	5.566406	1.103926	0.212025	3.369733	
1	5.566406	1.103926	0.212025	3.369733	
1	5.613427	1.123047	0.247710	3.359140	
1	5.613427	1.123047	0.247710	3.359140	
1	5.615234	1.123780	0.249089	3.358734	
1	5.615234	1.123780	0.249089	3.358734	
1	5.664062	1.144136	0.286362	3.347864	
1	5.664062	1.144136	0.286362	3.347864	
1	5.712891	1.165224	0.323788	3.337143	
1	5.712891	1.165224	0.323788	3.337143	
1	5.727858	1.171875	0.335283	3.333890	
1	5.727858	1.171875	0.335283	3.333890	
1	5.761719	1.186973	0.361392	3.326570	
1	5.761719	1.186973	0.361392	3.326570	
1	5.810547	1.209487	0.399151	3.316154	
1	5.810547	1.209487	0.399151	3.316154	
1	5.834135	1.220703	0.417433	3.311185	
1	5.834135	1.220703	0.417433	3.311185	
1	5.859375	1.232803	0.437063	3.305903	
1	5.859375	1.232803	0.437063	3.305903	
1	5.908203	1.256979	0.475120	3.295824	
1	5.908203	1.256979	0.475120	3.295824	
1	5.932767	1.269531	0.494308	3.290823	
1	5.932767	1.269531	0.494308	3.290823	
1	5.957031	1.282095	0.513313	3.285924	
1	5.957031	1.282095	0.513313	3.285924	
1	6.005859	1.308214	0.551635	3.276212	
1	6.005859	1.308214	0.551635	3.276212	
1	6.024260	1.318359	0.566103	3.272604	
1	6.024260	1.318359	0.566103	3.272604	
1	6.054688	1.335448	0.590072	3.266697	
1	6.054688	1.335448	0.590072	3.266697	
1	6.103516	1.363847	0.628626	3.257387	
1	6.103516	1.363847	0.628626	3.257387	
1	6.109110	1.367188	0.633049	3.256334	
1	6.109110	1.367188	0.633049	3.256334	
1	6.152344	1.393633	0.667264	3.248296	
1	6.152344	1.393633	0.667264	3.248296	
1	6.187671	1.416016	0.695287	3.241857	
1	6.187671	1.416016	0.695287	3.241857	
1	6.201172	1.424820	0.705999	3.239430	
1	6.201172	1.424820	0.705999	3.239430	
1	6.250000	1.457640	0.744805	3.230804	
1	6.250000	1.457640	0.744805	3.230804	
1	6.260418	1.464844	0.753098	3.228995	
1	6.260418	1.464844	0.753098	3.228995	
1	6.298828	1.492351	0.783654	3.222433	
1	6.298828	1.492351	0.783654	3.222433	
1	6.327663	1.513672	0.806640	3.217609	
1	6.327663	1.513672	0.806640	3.217609	
1	6.347656	1.529066	0.822553	3.214328	
1	6.347656	1.529066	0.822553	3.214328	
1	6.389772	1.562500	0.856143	3.207559	
1	6.389772	1.562500	0.856143	3.207559	
1	6.396484	1.568081	0.861483	3.206503	
1	6.396484	1.568081	0.861483	3.206503	
1	6.445312	1.609840	0.900404	3.198983	
1	6.445312	1.609840	0.900404	3.198983	
1	6.447010	1.611328	0.901760	3.198727	
1	6.447010	1.611328	0.901760	3.198727	
1	6.494141	1.654927	0.939269	3.191791	
1	6.494141	1.654927	0.939269	3.191791	
1	6.499647	1.660156	0.943663	3.190999	
1	6.499647	1.660156	0.943663	3.190999	
1	6.542969	1.703841	0.978068	3.184948	
1	6.542969	1.703841	0.978068	3.184948	
1	6.547947	1.708984	0.982033	3.184269	
1	6.547947	1.708984	0.982033	3.184269	
1	6.591797	1.757434	1.016756	3.178486	
1	6.591797	1.757434	1.016756	3.178486	
1	6.592132	1.757812	1.017022	3.178443	
1	6.592132	1.757812	1.017022	3.178443	
1	6.632417	1.806641	1.048784	3.173432	
1	6.632417	1.806641	1.048784	3.173432	
1	6.640625	1.817439	1.055198	3.172455	
1	6.640625	1.817439	1.055198	3.172455	
1	6.668997	1.855469	1.077464	3.169155	
1	6.668997	1.855469	1.077464	3.169155	
1	6.689453	1.885502	1.093354	3.166895	
1	6.689453	1.885502	1.093354	3.166895	
1	6.702044	1.904297	1.103188	3.165538	
1	6.702044	1.904297	1.103188	3.165538	
1	6.731728	1.953125	1.126089	3.162510	
1	6.731728	1.953125	1.126089	3.162510	
1	6.738281	1.965086	1.131062	3.161879	
1	6.738281	1.965086	1.131062	3.161879	
1	6.758226	2.001953	1.146313	3.160005	
1	6.758226	2.001953	1.146313	3.160005	
1	6.781643	2.050781	1.163939	3.157968	
1	6.781643	2.050781	1.163939	3.157968	
1	6.787109	2.063698	1.167952	3.157525	
1	6.787109	2.063698	1.167952	3.157525	
1	6.802171	2.099609	1.179135	3.156336	
1	6.802171	2.099609	1.179135	3.156336	
1	6.819902	2.148438	1.191975	3.155062	
1	6.819902	2.148438	1.191975	3.155062	
1	6.834943	2.197266	1.202550	3.154098	
1	6.834943	2.197266	1.202550	3.154098	
1	6.835938	2.201124	1.203210	3.154041	
1	6.835938	2.201124	1.203210	3.154041	
1	6.847490	2.246094	1.211046	3.153393	
1	6.847490	2.246094	1.211046	3.153393	
1	6.857594	2.294922	1.217503	3.152909	
1	6.857594	2.294922	1.217503	3.152909	
1	6.865365	2.343750	1.222024	3.152606	
1	6.865365	2.343750	1.222024	3.152606	
1	6.870914	2.392578	1.224713	3.152447	
1	6.870914	2.392578	1.224713	3.152447	
1	6.874344	2.441406	1.225673	3.152398	
1	6.874344	2.441406	1.225673	3.152398	
1	6.875758	2.490234	1.225003	3.152425	
1	6.875758	2.490234	1.225003	3.152425	
1	6.875252	2.539062	1.222799	3.152501	
1	6.875252	2.539062	1.222799	3.152501	
1	6.872918	2.587891	1.219156	3.152597	
1	6.872918	2.587891	1.219156	3.152597	
1	6.868846	2.636719	1.214164	3.152688	
1	6.868846	2.636719	1.214164	3.152688	
1	6.863122	2.685547	1.207914	3.152752	
1	6.863122	2.685547	1.207914	3.152752	
1	6.855830	2.734375	1.200492	3.152767	
1	6.855830	2.734375	1.200492	3.152767	
1	6.847051	2.783203	1.191987	3.152715	
1	6.847051	2.783203	1.191987	3.152715	
1	6.836868	2.832031	1.182484	3.152579	
1	6.836868	2.832031	1.182484	3.152579	
1	6.835938	2.835991	1.181627	3.152563	
1	6.835938	2.835991	1.181627	3.152563	
1	6.825439	2.880859	1.172149	3.152346	
1	6.825439	2.880859	1.172149	3.152346	
1	6.812781	2.929688	1.161005	3.152002	
1	6.812781	2.929688	1.161005	3.152002	
1	6.798964	2.978516	1.149128	3.151536	
1	6.798964	2.978516	1.149128	3.151536	
1	6.787109	3.017416	1.139128	3.151068	
1	6.787109	3.017416	1.139128	3.151068	
1	6.784090	3.027344	1.136625	3.150941	
1	6.784090	3.027344	1.136625	3.150941	
1	6.768307	3.076172	1.123654	3.150214	
1	6.768307	3.076172	1.123654	3.150214	
1	6.751608	3.125000	1.110211	3.149346	
1	6.751608	3.125000	1.110211	3.149346	
1	6.738281	3.162164	1.099665	3.148586	
1	6.738281	3.162164	1.099665	3.148586	
1	6.734100	3.173828	1.096410	3.148337	
1	6.734100	3.173828	1.096410	3.148337	
1	6.715930	3.222656	1.082404	3.147193	
1	6.715930	3.222656	1.082404	3.147193	
1	6.697083	3.271484	1.068184	3.145908	
1	6.697083	3.271484	1.068184	3.145908	
1	6.689453	3.290729	1.062506	3.145361	
1	6.689453	3.290729	1.062506	3.145361	
1	6.677716	3.320312	1.053910	3.144494	
1	6.677716	3.320312	1.053910	3.144494	
1	6.657883	3.369141	1.039640	3.142955	
1	6.657883	3.369141	1.039640	3.142955	
1	6.640625	3.410755	1.027498	3.141547	
1	6.640625	3.410755	1.027498	3.141547	
1	6.637630	3.417969	1.025424	3.141297	
1	6.637630	3.417969	1.025424	3.141297	
1	6.617124	3.466797	1.011430	3.139541	
1	6.617124	3.466797	1.011430	3.139541	
1	6.596334	3.515625	0.997631	3.137685	
1	6.596334	3.515625	0.997631	3.137685	
1	6.591797	3.526234	0.994676	3.137272	
1	6.591797	3.526234	0.994676	3.137272	
1	6.575430	3.564453	0.984194	3.135758	
1	6.575430	3.564453	0.984194	3.135758	
1	6.554417	3.613281	0.971125	3.133766	
1	6.554417	3.613281	0.971125	3.133766	
1	6.542969	3.639884	0.964205	3.132663	
1	6.542969	3.639884	0.964205	3.132663	
1	6.533392	3.662109	0.958519	3.131730	
1	6.533392	3.662109	0.958519	3.131730	
1	6.512431	3.710938	0.946450	3.129671	
1	6.512431	3.710938	0.946450	3.129671	
1	6.494141	3.753718	0.936336	3.127859	
1	6.494141	3.753718	0.936336	3.127859	
1	6.491552	3.759766	0.934933	3.127601	
1	6.491552	3.759766	0.934933	3.127601	
1	6.470896	3.808594	0.924100	3.125555	
1	6.470896	3.808594	0.924100	3.125555	
1	6.450427	3.857422	0.913915	3.123537	
1	6.450427	3.857422	0.913915	3.123537	
1	6.445312	3.869817	0.911482	3.123041	
1	6.445312	3.869817	0.911482	3.123041	
1	6.430273	3.906250	0.904496	3.121584	
1	6.430273	3.906250	0.904496	3.121584	
1	6.410434	3.955078	0.895836	3.119709	
1	6.410434	3.955078	0.895836	3.119709	
1	6.396484	3.990046	0.890159	3.118434	
1	6.396484	3.990046	0.890159	3.118434	
1	6.390955	4.003906	0.887975	3.117933	
1	6.390955	4.003906	0.887975	3.117933	
1	6.371918	4.052734	0.880979	3.116289	
1	6.371918	4.052734	0.880979	3.116289	
1	6.353290	4.101562	0.874814	3.114782	
1	6.353290	4.101562	0.874814	3.114782	
1	6.347656	4.116726	0.873130	3.114360	
1	6.347656	4.116726	0.873130	3.114360	
1	6.335162	4.150391	0.869556	3.113448	
1	6.335162	4.150391	0.869556	3.113448	
1	6.317527	4.199219	0.865188	3.112299	
1	6.317527	4.199219	0.865188	3.112299	
1	6.300379	4.248047	0.861699	3.111349	
1	6.300379	4.248047	0.861699	3.111349	
1	6.298828	4.252607	0.861441	3.111278	
1	6.298828	4.252607	0.861441	3.111278	
1	6.283807	4.296875	0.859158	3.110634	
1	6.283807	4.296875	0.859158	3.110634	
1	6.267757	4.345703	0.857509	3.110155	
1	6.267757	4.345703	0.857509	3.110155	
1	6.252230	4.394531	0.856742	3.109926	
1	6.252230	4.394531	0.856742	3.109926	
1	6.250000	4.401802	0.856736	3.109924	
1	6.250000	4.401802	0.856736	3.109924	
1	6.237293	4.443359	0.856907	3.109977	
1	6.237293	4.443359	0.856907	3.109977	
1	6.222892	4.492188	0.857945	3.110309	
1	6.222892	4.492188	0.857945	3.110309	
1	6.209013	4.541016	0.859835	3.110931	
1	6.209013	4.541016	0.859835	3.110931	
1	6.201172	4.569672	0.861391	3.111453	
1	6.201172	4.569672	0.861391	3.111453	
1	6.195676	4.589844	0.862584	3.111859	
1	6.195676	4.589844	0.862584	3.111859	
1	6.182883	4.638672	0.866182	3.113108	
1	6.182883	4.638672	0.866182	3.113108	
1	6.170581	4.687500	0.870574	3.114672	
1	6.170581	4.687500	0.870574	3.114672	
1	6.158753	4.736328	0.875735	3.116557	
1	6.158753	4.736328	0.875735	3.116557	
1	6.152344	4.763854	0.879022	3.117781	
1	6.152344	4.763854	0.879022	3.117781	
1	6.147410	4.785156	0.881664	3.118777	
1	6.147410	4.785156	0.881664	3.118777	
1	6.136538	4.833984	0.888340	3.121338	
1	6.136538	4.833984	0.888340	3.121338	
1	6.126082	4.882812	0.895706	3.124231	
1	6.126082	4.882812	0.895706	3.124231	
1	6.116019	4.931641	0.903732	3.127457	
1	6.116019	4.931641	0.903732	3.127457	
1	6.106323	4.980469	0.912391	3.131015	
1	6.106323	4.980469	0.912391	3.131015	
1	6.103516	4.995121	0.915136	3.132159	
1	6.103516	4.995121	0.915136	3.132159	
1	6.097009	5.029297	0.921684	3.134918	
1	6.097009	5.029297	0.921684	3.134918	
1	6.088028	5.078125	0.931563	3.139157	
1	6.088028	5.078125	0.931563	3.139157	
1	6.079337	5.126953	0.941983	3.143722	
1	6.079337	5.126953	0.941983	3.143722	
1	6.070909	5.175781	0.952914	3.148610	
1	6.070909	5.175781	0.952914	3.148610	
1	6.062715	5.224609	0.964328	3.153817	
1	6.062715	5.224609	0.964328	3.153817	
1	6.054728	5.273438	0.976193	3.159337	
1	6.054728	5.273438	0.976193	3.159337	
1	6.054688	5.273689	0.976255	3.159367	
1	6.054688	5.273689	0.976255	3.159367	
1	6.046969	5.322266	0.988521	3.165184	
1	6.046969	5.322266	0.988521	3.165184	
1	6.039360	5.371094	1.001242	3.171332	
1	6.039360	5.371094	1.001242	3.171332	
1	6.031874	5.419922	1.014329	3.177775	
1	6.031874	5.419922	1.014329	3.177775	
1	6.024482	5.468750	1.027752	3.184505	
1	6.024482	5.468750	1.027752	3.184505	
1	6.017155	5.517578	1.041486	3.191514	
1	6.017155	5.517578	1.041486	3.191514	
1	6.009866	5.566406	1.055502	3.198794	
1	6.009866	5.566406	1.055502	3.198794	
1	6.005859	5.593280	1.063327	3.202913	
1	6.005859	5.593280	1.063327	3.202913	
1	6.002608	5.615234	1.069793	3.206346	
1	6.002608	5.615234	1.069793	3.206346	
1	5.995360	5.664062	1.084335	3.214163	
1	5.995360	5.664062	1.084335	3.214163	
1	5.988066	5.712891	1.099084	3.222225	
1	5.988066	5.712891	1.099084	3.222225	
1	5.980701	5.761719	1.114015	3.230523	
1	5.980701	5.761719	1.114015	3.230523	
1	5.973235	5.810547	1.129104	3.239047	
1	5.973235	5.810547	1.129104	3.239047	
1	5.965643	5.859375	1.144329	3.247787	
1	5.965643	5.859375	1.144329	3.247787	
1	5.957897	5.908203	1.159666	3.256733	
1	5.957897	5.908203	1.159666	3.256733	
1	5.957031	5.913540	1.161342	3.257719	
1	5.957031	5.913540	1.161342	3.257719	
1	5.950017	5.957031	1.175128	3.265895	
1	5.950017	5.957031	1.175128	3.265895	
1	5.941936	6.005859	1.190664	3.275245	
1	5.941936	6.005859	1.190664	3.275245	
1	5.933621	6.054688	1.206247	3.284770	
1	5.933621	6.054688	1.206247	3.284770	
1	5.925045	6.103516	1.221859	3.294459	
1	5.925045	6.103516	1.221859	3.294459	
1	5.916182	6.152344	1.237478	3.304300	
1	5.916182	6.152344	1.237478	3.304300	
1	5.908203	6.194805	1.251039	3.312965	
1	5.908203	6.194805	1.251039	3.312965	
1	5.907011	6.201172	1.253090	3.314285	
1	5.907011	6.201172	1.253090	3.314285	
1	5.897550	6.250000	1.268706	3.324423	
1	5.897550	6.250000	1.268706	3.324423	
1	5.887720	6.298828	1.284273	3.334680	
1	5.887720	6.298828	1.284273	3.334680	
1	5.877492	6.347656	1.299769	3.345042	
1	5.877492	6.347656	1.299769	3.345042	
1	5.866839	6.396484	1.315179	3.355497	
1	5.866839	6.396484	1.315179	3.355497	
1	5.859375	6.429347	1.325463	3.362560	
1	5.859375	6.429347	1.325463	3.362560	
1	5.855753	6.445312	1.330496	3.366042	
1	5.855753	6.445312	1.330496	3.366042	
1	5.844228	6.494141	1.345720	3.376675	
1	5.844228	6.494141	1.345720	3.376675	
1	5.832190	6.542969	1.360802	3.387363	
1	5.832190	6.542969	1.360802	3.387363	
1	5.819608	6.591797	1.375724	3.398091	
1	5.819608	6.591797	1.375724	3.398091	
1	5.810547	6.625485	1.385888	3.405487	
1	5.810547	6.625485	1.385888	3.405487	
1	5.806472	6.640625	1.390484	3.408856	
1	5.806472	6.640625	1.390484	3.408856	
1	5.792775	6.689453	1.405080	3.419655	
1	5.792775	6.689453	1.405080	3.419655	
1	5.778438	6.738281	1.419464	3.430450	
1	5.778438	6.738281	1.419464	3.430450	
1	5.763426	6.787109	1.433619	3.441227	
1	5.763426	6.787109	1.433619	3.441227	
1	5.761719	6.792446	1.435136	3.442392	
1	5.761719	6.792446	1.435136	3.442392	
1	5.747762	6.835938	1.447565	3.451999	
1	5.747762	6.835938	1.447565	3.451999	
1	5.731358	6.884766	1.461251	3.462722	
1	5.731358	6.884766	1.461251	3.462722	
1	5.714168	6.933594	1.474655	3.473377	
1	5.714168	6.933594	1.474655	3.473377	
1	5.712891	6.937084	1.475591	3.474127	
1	5.712891	6.937084	1.475591	3.474127	
1	5.696208	6.982422	1.487795	3.483974	
1	5.696208	6.982422	1.487795	3.483974	
1	5.677383	7.031250	1.500620	3.494467	
1	5.677383	7.031250	1.500620	3.494467	
1	5.664062	7.064308	1.509077	3.501472	
1	5.664062	7.064308	1.509077	3.501472	
1	5.657662	7.080078	1.513119	3.504845	
1	5.657662	7.080078	1.513119	3.504845	
1	5.637016	7.128906	1.525285	3.515095	
1	5.637016	7.128906	1.525285	3.515095	
1	5.615361	7.177734	1.537079	3.525178	
1	5.615361	7.177734	1.537079	3.525178	
1	5.615234	7.178010	1.537143	3.525233	
1	5.615234	7.178010	1.537143	3.525233	
1	5.592684	7.226562	1.548503	3.535091	
1	5.592684	7.226562	1.548503	3.535091	
1	5.568889	7.275391	1.559515	3.544792	
1	5.568889	7.275391	1.559515	3.544792	
1	5.566406	7.280301	1.560584	3.545741	
1	5.566406	7.280301	1.560584	3.545741	
1	5.543939	7.324219	1.570108	3.554265	
1	5.543939	7.324219	1.570108	3.554265	
1	5.517753	7.373047	1.580250	3.563474	
1	5.517753	7.373047	1.580250	3.563474	
1	5.517578	7.373363	1.580313	3.563532	
1	5.517578	7.373363	1.580313	3.563532	
1	5.490262	7.421875	1.589920	3.572392	
1	5.490262	7.421875	1.589920	3.572392	
1	5.468750	7.458393	1.596799	3.578824	
1	5.468750	7.458393	1.596799	3.578824	
1	5.461389	7.470703	1.599092	3.580984	
1	5.461389	7.470703	1.599092	3.580984	
1	5.431040	7.519531	1.607738	3.589213	
1	5.431040	7.519531	1.607738	3.589213	
1	5.419922	7.536729	1.610620	3.591986	
1	5.419922	7.536729	1.610620	3.591986	
1	5.399118	7.568359	1.615826	3.597036	
1	5.399118	7.568359	1.615826	3.597036	
1	5.371094	7.609230	1.622134	3.603230	
1	5.371094	7.609230	1.622134	3.603230	
1	5.365534	7.617188	1.623333	3.604418	
1	5.365534	7.617188	1.623333	3.604418	
1	5.330145	7.666016	1.630213	3.611297	
1	5.330145	7.666016	1.630213	3.611297	
1	5.322266	7.676495	1.631586	3.612684	
1	5.322266	7.676495	1.631586	3.612684	
1	5.292818	7.714844	1.636429	3.617619	
1	5.292818	7.714844	1.636429	3.617619	
1	5.273438	7.739142	1.639244	3.620519	
1	5.273438	7.739142	1.639244	3.620519	
1	5.253423	7.763672	1.641949	3.623331	
1	5.253423	7.763672	1.641949	3.623331	
1	5.224609	7.797715	1.645345	3.626900	
1	5.224609	7.797715	1.645345	3.626900	
1	5.211787	7.812500	1.646725	3.628363	
1	5.211787	7.812500	1.646725	3.628363	
1	5.175781	7.852578	1.650045	3.631920	
1	5.175781	7.852578	1.650045	3.631920	
1	5.167712	7.861328	1.650705	3.632634	
1	5.167712	7.861328	1.650705	3.632634	
1	5.126953	7.904056	1.653483	3.635668	
1	5.126953	7.904056	1.653483	3.635668	
1	5.120968	7.910156	1.653828	3.636049	
1	5.120968	7.910156	1.653828	3.636049	
1	5.078125	7.952437	1.655785	3.638228	
1	5.078125	7.952437	1.655785	3.638228	
1	5.071289	7.958984	1.656027	3.638500	
1	5.071289	7.958984	1.656027	3.638500	
1	5.029297	7.997979	1.657065	3.639678	
1	5.029297	7.997979	1.657065	3.639678	
1	5.018364	8.007812	1.657223	3.639860	
1	5.018364	8.007812	1.657223	3.639860	
1	4.980469	8.040908	1.657423	3.640090	
1	4.980469	8.040908	1.657423	3.640090	
1	4.961833	8.056641	1.657333	3.639984	
1	4.961833	8.056641	1.657333	3.639984	
1	4.931641	8.081425	1.656949	3.639529	
1	4.931641	8.081425	1.656949	3.639529	
1	4.901275	8.105469	1.656261	3.638707	
1	4.901275	8.105469	1.656261	3.638707	
1	4.882812	8.119704	1.655720	3.638053	
1	4.882812	8.119704	1.655720	3.638053	
1	4.836198	8.154297	1.653904	3.635836	
1	4.836198	8.154297	1.653904	3.635836	
1	4.833984	8.155899	1.653805	3.635714	
1	4.833984	8.155899	1.653805	3.635714	
1	4.785156	8.190067	1.651227	3.632509	
1	4.785156	8.190067	1.651227	3.632509	
1	4.765713	8.203125	1.650023	3.630993	
1	4.765713	8.203125	1.650023	3.630993	
1	4.736328	8.222407	1.648079	3.628526	
1	4.736328	8.222407	1.648079	3.628526	
1	4.689255	8.251953	1.644548	3.623986	
1	4.689255	8.251953	1.644548	3.623986	
1	4.687500	8.253031	1.644411	3.623808	
1	4.687500	8.253031	1.644411	3.623808	
1	4.638672	8.281957	1.640229	3.618336	
1	4.638672	8.281957	1.640229	3.618336	
1	4.605332	8.300781	1.637100	3.614185	
1	4.605332	8.300781	1.637100	3.614185	
1	4.589844	8.309354	1.635613	3.612196	
1	4.589844	8.309354	1.635613	3.612196	
1	4.541016	8.335254	1.630575	3.605383	
1	4.541016	8.335254	1.630575	3.605383	
1	4.512615	8.349609	1.627441	3.601089	
1	4.512615	8.349609	1.627441	3.601089	
1	4.492188	8.359752	1.625162	3.597941	
1	4.492188	8.359752	1.625162	3.597941	
1	4.443359	8.382899	1.619395	3.589884	
1	4.443359	8.382899	1.619395	3.589884	
1	4.408826	8.398438	1.615094	3.583792	
1	4.408826	8.398438	1.615094	3.583792	
1	4.394531	8.404768	1.613309	3.581243	
1	4.394531	8.404768	1.613309	3.581243	
1	4.345703	8.425402	1.606924	3.572030	
1	4.345703	8.425402	1.606924	3.572030	
1	4.296875	8.444862	1.600270	3.562273	
1	4.296875	8.444862	1.600270	3.562273	
1	4.290547	8.447266	1.599372	3.560945	
1	4.290547	8.447266	1.599372	3.560945	
1	4.248047	8.463192	1.593365	3.551988	
1	4.248047	8.463192	1.593365	3.551988	
1	4.199219	8.480435	1.586233	3.541191	
1	4.199219	8.480435	1.586233	3.541191	
1	4.152018	8.496094	1.579132	3.530274	
1	4.152018	8.496094	1.579132	3.530274	
1	4.150391	8.496628	1.578889	3.529897	
1	4.150391	8.496628	1.578889	3.529897	
1	4.101562	8.511825	1.571360	3.518134	
1	4.101562	8.511825	1.571360	3.518134	
1	4.052734	8.526044	1.563655	3.505904	
1	4.052734	8.526044	1.563655	3.505904	
1	4.003906	8.539315	1.555789	3.493219	
1	4.003906	8.539315	1.555789	3.493219	
1	3.981877	8.544922	1.552156	3.487291	
1	3.981877	8.544922	1.552156	3.487291	
1	3.955078	8.551686	1.547786	3.480104	
1	3.955078	8.551686	1.547786	3.480104	
1	3.906250	8.563184	1.539658	3.466573	
1	3.906250	8.563184	1.539658	3.466573	
1	3.857422	8.573823	1.531413	3.452626	
1	3.857422	8.573823	1.531413	3.452626	
1	3.808594	8.583626	1.523063	3.438275	
1	3.808594	8.583626	1.523063	3.438275	
1	3.759766	8.592618	1.514621	3.423530	
1	3.759766	8.592618	1.514621	3.423530	
1	3.753081	8.593750	1.513443	3.421453	
1	3.753081	8.593750	1.513443	3.421453	
1	3.710938	8.600853	1.506113	3.408428	
1	3.710938	8.600853	1.506113	3.408428	
1	3.662109	8.608329	1.497539	3.392960	
1	3.662109	8.608329	1.497539	3.392960	
1	3.613281	8.615059	1.488907	3.377132	
1	3.613281	8.615059	1.488907	3.377132	
1	3.564453	8.621064	1.480227	3.360955	
1	3.564453	8.621064	1.480227	3.360955	
1	3.515625	8.626362	1.471510	3.344437	
1	3.515625	8.626362	1.471510	3.344437	
1	3.466797	8.630971	1.462766	3.327590	
1	3.466797	8.630971	1.462766	3.327590	
1	3.417969	8.634909	1.454002	3.310422	
1	3.417969	8.634909	1.454002	3.310422	
1	3.369141	8.638190	1.445230	3.292942	
1	3.369141	8.638190	1.445230	3.292942	
1	3.320312	8.640831	1.436456	3.275160	
1	3.320312	8.640831	1.436456	3.275160	
1	3.277996	8.642578	1.428844	3.259482	
1	3.277996	8.642578	1.428844	3.259482	
1	3.271484	8.642847	1.427690	3.257085	
1	3.271484	8.642847	1.427690	3.257085	
1	3.222656	8.644259	1.418943	3.238732	
1	3.222656	8.644259	1.418943	3.238732	
1	3.173828	8.645067	1.410216	3.220098	
1	3.173828	8.645067	1.410216	3.220098	
1	3.125000	8.645284	1.401517	3.201191	
1	3.125000	8.645284	1.401517	3.201191	
1	3.076172	8.644920	1.392853	3.182018	
1	3.076172	8.644920	1.392853	3.182018	
1	3.027344	8.643986	1.384231	3.162586	
1	3.027344	8.643986	1.384231	3.162586	
1	2.981328	8.642578	1.376143	3.144029	
1	2.981328	8.642578	1.376143	3.144029	
1	2.978516	8.642493	1.375656	3.142902	
1	2.978516	8.642493	1.375656	3.142902	
1	2.929688	8.640465	1.367141	3.122986	
1	2.929688	8.640465	1.367141	3.122986	
1	2.880859	8.637900	1.358687	3.102836	
1	2.880859	8.637900	1.358687	3.102836	
1	2.832031	8.634806	1.350300	3.082456	
1	2.832031	8.634806	1.350300	3.082456	
1	2.783203	8.631192	1.341985	3.061854	
1	2.783203	8.631192	1.341985	3.061854	
1	2.734375	8.627063	1.333748	3.041034	
1	2.734375	8.627063	1.333748	3.041034	
1	2.685547	8.622426	1.325592	3.020002	
1	2.685547	8.622426	1.325592	3.020002	
1	2.636719	8.617288	1.317524	2.998763	
1	2.636719	8.617288	1.317524	2.998763	
1	2.587891	8.611654	1.309547	2.977321	
1	2.587891	8.611654	1.309547	2.977321	
1	2.539062	8.605529	1.301667	2.955682	
1	2.539062	8.605529	1.301667	2.955682	
1	2.490234	8.598918	1.293887	2.933849	
1	2.490234	8.598918	1.293887	2.933849	
1	2.454672	8.593750	1.288271	2.917784	
1	2.454672	8.593750	1.288271	2.917784	
1	2.441406	8.591843	1.286217	2.911844	
1	2.441406	8.591843	1.286217	2.911844	
1	2.392578	8.584344	1.278674	2.889704	
1	2.392578	8.584344	1.278674	2.889704	
1	2.343750	8.576377	1.271244	2.867389	
1	2.343750	8.576377	1.271244	2.867389	
1	2.294922	8.567944	1.263931	2.844903	
1	2.294922	8.567944	1.263931	2.844903	
1	2.246094	8.559047	1.256740	2.822249	
1	2.246094	8.559047	1.256740	2.822249	
1	2.197266	8.549691	1.249675	2.799431	
1	2.197266	8.549691	1.249675	2.799431	
1	2.173536	8.544922	1.246271	2.788231	
1	2.173536	8.544922	1.246271	2.788231	
1	2.148438	8.539926	1.242752	2.776498	
1	2.148438	8.539926	1.242752	2.776498	
1	2.099609	8.529757	1.235975	2.753458	
1	2.099609	8.529757	1.235975	2.753458	
1	2.050781	8.519139	1.229335	2.730269	
1	2.050781	8.519139	1.229335	2.730269	
1	2.001953	8.508073	1.222834	2.706935	
1	2.001953	8.508073	1.222834	2.706935	
1	1.953125	8.496559	1.216476	2.683458	
1	1.953125	8.496559	1.216476	2.683458	
1	1.951221	8.496094	1.216230	2.682533	
1	1.951221	8.496094	1.216230	2.682533	
1	1.904297	8.484716	1.210294	2.659953	
1	1.904297	8.484716	1.210294	2.659953	
1	1.855469	8.472437	1.204262	2.636321	
1	1.855469	8.472437	1.204262	2.636321	
1	1.806641	8.459719	1.198383	2.612561	
1	1.806641	8.459719	1.198383	2.612561	
1	1.760422	8.447266	1.192960	2.589947	
1	1.760422	8.447266	1.192960	2.589947	
1	1.757812	8.446568	1.192662	2.588683	
1	1.757812	8.446568	1.192662	2.588683	
1	1.708984	8.433109	1.187128	2.564809	
1	1.708984	8.433109	1.187128	2.564809	
1	1.660156	8.419215	1.181757	2.540822	
1	1.660156	8.419215	1.181757	2.540822	
1	1.611328	8.404886	1.176550	2.516724	
1	1.611328	8.404886	1.176550	2.516724	
1	1.589964	8.398438	1.174316	2.506105	
1	1.589964	8.398438	1.174316	2.506105	
1	1.562500	8.390206	1.171529	2.492600	
1	1.562500	8.390206	1.171529	2.492600	
1	1.513672	8.375161	1.166691	2.468439	
1	1.513672	8.375161	1.166691	2.468439	
1	1.464844	8.359684	1.162026	2.444183	
1	1.464844	8.359684	1.162026	2.444183	
1	1.433881	8.349609	1.159153	2.428717	
1	1.433881	8.349609	1.159153	2.428717	
1	1.416016	8.343833	1.157548	2.419890	
1	1.416016	8.343833	1.157548	2.419890	
1	1.367188	8.327655	1.153267	2.395612	
1	1.367188	8.327655	1.153267	2.395612	
1	1.318359	8.311048	1.149167	2.371252	
1	1.318359	8.311048	1.149167	2.371252	
1	1.288885	8.300781	1.146776	2.356476	
1	1.288885	8.300781	1.146776	2.356476	
1	1.269531	8.294078	1.145262	2.346880	
1	1.269531	8.294078	1.145262	2.346880	
1	1.220703	8.276782	1.141559	2.322538	
1	1.220703	8.276782	1.141559	2.322538	
1	1.171875	8.259060	1.138045	2.298131	
1	1.171875	8.259060	1.138045	2.298131	
1	1.152701	8.251953	1.136713	2.288500	
1	1.152701	8.251953	1.136713	2.288500	
1	1.123047	8.241016	1.134736	2.273768	
1	1.123047	8.241016	1.134736	2.273768	
1	1.074219	8.222616	1.131630	2.249421	
1	1.074219	8.222616	1.131630	2.249421	
1	1.025391	8.203790	1.128720	2.225027	
1	1.025391	8.203790	1.128720	2.225027	
1	1.023695	8.203125	1.128622	2.224175	
1	1.023695	8.203125	1.128622	2.224175	
1	0.976562	8.184714	1.126026	2.200763	
1	0.976562	8.184714	1.126026	2.200763	
1	0.927734	8.165220	1.123533	2.176472	
1	0.927734	8.165220	1.123533	2.176472	
1	0.900888	8.154297	1.122246	2.163079	
1	0.900888	8.154297	1.122246	2.163079	
1	0.878906	8.145386	1.121250	2.152234	
1	0.878906	8.145386	1.121250	2.152234	
1	0.830078	8.125231	1.119178	2.128077	
1	0.830078	8.125231	1.119178	2.128077	
1	0.783169	8.105469	1.117381	2.104855	
1	0.783169	8.105469	1.117381	2.104855	
1	0.781250	8.104663	1.117313	2.103915	
1	0.781250	8.104663	1.117313	2.103915	
1	0.732422	8.083853	1.115666	2.079925	
1	0.732422	8.083853	1.115666	2.079925	
1	0.683594	8.062625	1.114227	2.055938	
1	0.683594	8.062625	1.114227	2.055938	
1	0.670033	8.056641	1.113864	2.049263	
1	0.670033	8.056641	1.113864	2.049263	
1	0.634766	8.041115	1.113005	2.032096	
1	0.634766	8.041115	1.113005	2.032096	
1	0.585938	8.019242	1.111995	2.008327	
1	0.585938	8.019242	1.111995	2.008327	
1	0.560818	8.007812	1.111557	1.996094	
1	0.560818	8.007812	1.111557	1.996094	
1	0.537109	7.997046	1.111199	1.984676	
1	0.537109	7.997046	1.111199	1.984676	
1	0.488281	7.974534	1.110617	1.961159	
1	0.488281	7.974534	1.110617	1.961159	
1	0.455085	7.958984	1.110343	1.945188	
1	0.455085	7.958984	1.110343	1.945188	
1	0.439453	7.951672	1.110249	1.937750	
1	0.439453	7.951672	1.110249	1.937750	
1	0.390625	7.928530	1.110094	1.914525	
1	0.390625	7.928530	1.110094	1.914525	
1	0.352466	7.910156	1.110121	1.896415	
1	0.352466	7.910156	1.110121	1.896415	
1	0.341797	7.905024	1.110152	1.891408	
1	0.341797	7.905024	1.110152	1.891408	
1	0.292969	7.881259	1.110420	1.868513	
1	0.292969	7.881259	1.110420	1.868513	
1	0.252643	7.861328	1.110802	1.849670	
1	0.252643	7.861328	1.110802	1.849670	
1	0.244141	7.857128	1.110900	1.845742	
1	0.244141	7.857128	1.110900	1.845742	
1	0.195312	7.832750	1.111586	1.823220	
1	0.195312	7.832750	1.111586	1.823220	
1	0.155338	7.812500	1.112303	1.804865	
1	0.155338	7.812500	1.112303	1.804865	
1	0.146484	7.808015	1.112480	1.800846	
1	0.146484	7.808015	1.112480	1.800846	
1	0.097656	7.783036	1.113576	1.778741	
1	0.097656	7.783036	1.113576	1.778741	
1	0.060310	7.763672	1.114553	1.761928	
1	0.060310	7.763672	1.114553	1.761928	
1	0.048828	7.757716	1.114875	1.756818	
1	0.048828	7.757716	1.114875	1.756818	
1	0.000000	7.732149	1.116370	1.735178	
1	0.000000	7.732149	1.116370	1.735178	
1	-0.032656	7.714844	1.117482	1.720800	
1	-0.032656	7.714844	1.117482	1.720800	
1	-0.048828	7.706266	1.118061	1.713762	
1	-0.048828	7.706266	1.118061	1.713762	
1	-0.097656	7.680127	1.119941	1.692636	
1	-0.097656	7.680127	1.119941	1.692636	
1	-0.123748	7.666016	1.121025	1.681432	
1	-0.123748	7.666016	1.121025	1.681432	
1	-0.146484	7.653703	1.122009	1.671782	
1	-0.146484	7.653703	1.122009	1.671782	
1	-0.195312	7.627010	1.124257	1.651224	
1	-0.195312	7.627010	1.124257	1.651224	
1	-0.213131	7.617188	1.125124	1.643783	
1	-0.213131	7.617188	1.125124	1.643783	
1	-0.244141	7.600067	1.126681	1.630988	
1	-0.244141	7.600067	1.126681	1.630988	
1	-0.292969	7.572841	1.129277	1.611053	
1	-0.292969	7.572841	1.129277	1.611053	
1	-0.300957	7.568359	1.129718	1.607820	
1	-0.300957	7.568359	1.129718	1.607820	
1	-0.341797	7.545404	1.132032	1.591495	
1	-0.341797	7.545404	1.132032	1.591495	
1	-0.387369	7.519531	1.134752	1.573518	
1	-0.387369	7.519531	1.134752	1.573518	
1	-0.390625	7.517678	1.134951	1.572249	
1	-0.390625	7.517678	1.134951	1.572249	
1	-0.439453	7.489764	1.138011	1.553419	
1	-0.439453	7.489764	1.138011	1.553419	
1	-0.472511	7.470703	1.140169	1.540858	
1	-0.472511	7.470703	1.140169	1.540858	
1	-0.488281	7.461588	1.141218	1.534943	
1	-0.488281	7.461588	1.141218	1.534943	
1	-0.537109	7.433204	1.144555	1.516880	
1	-0.537109	7.433204	1.144555	1.516880	
1	-0.556483	7.421875	1.145915	1.509820	
1	-0.556483	7.421875	1.145915	1.509820	
1	-0.585938	7.404607	1.148014	1.499233	
1	-0.585938	7.404607	1.148014	1.499233	
1	-0.634766	7.375784	1.151591	1.481999	
1	-0.634766	7.375784	1.151591	1.481999	
1	-0.639387	7.373047	1.151935	1.480392	
1	-0.639387	7.373047	1.151935	1.480392	
1	-0.683594	7.346797	1.155264	1.465241	
1	-0.683594	7.346797	1.155264	1.465241	
1	-0.721368	7.324219	1.158173	1.452572	
1	-0.721368	7.324219	1.158173	1.452572	
1	-0.732422	7.317593	1.159034	1.448920	
1	-0.732422	7.317593	1.159034	1.448920	
1	-0.781250	7.288227	1.162879	1.433091	
1	-0.781250	7.288227	1.162879	1.433091	
1	-0.802504	7.275391	1.164575	1.426353	
1	-0.802504	7.275391	1.164575	1.426353	
1	-0.830078	7.258687	1.166792	1.417749	
1	-0.830078	7.258687	1.166792	1.417749	
1	-0.878906	7.228974	1.170762	1.402902	
1	-0.878906	7.228974	1.170762	1.402902	
1	-0.882862	7.226562	1.171085	1.401725	
1	-0.882862	7.226562	1.171085	1.401725	
1	-0.927734	7.199135	1.174765	1.388598	
1	-0.927734	7.199135	1.174765	1.388598	
1	-0.962597	7.177734	1.177641	1.378704	
1	-0.962597	7.177734	1.177641	1.378704	
1	-0.976562	7.169136	1.178798	1.374812	
1	-0.976562	7.169136	1.178798	1.374812	
1	-1.025391	7.139016	1.182838	1.361582	
1	-1.025391	7.139016	1.182838	1.361582	
1	-1.041748	7.128906	1.184188	1.357281	
1	-1.041748	7.128906	1.184188	1.357281	
1	-1.074219	7.108779	1.186871	1.348916	
1	-1.074219	7.108779	1.186871	1.348916	
1	-1.120387	7.080078	1.190666	1.337458	
1	-1.120387	7.080078	1.190666	1.337458	
1	-1.123047	7.078420	1.190885	1.336812	
1	-1.123047	7.078420	1.190885	1.336812	
1	-1.171875	7.047984	1.194853	1.325313	
1	-1.171875	7.047984	1.194853	1.325313	
1	-1.198667	7.031250	1.197006	1.319260	
1	-1.198667	7.031250	1.197006	1.319260	
1	-1.220703	7.017449	1.198767	1.314402	
1	-1.220703	7.017449	1.198767	1.314402	
1	-1.269531	6.986837	1.202606	1.304098	
1	-1.269531	6.986837	1.202606	1.304098	
1	-1.276575	6.982422	1.203151	1.302668	
1	-1.276575	6.982422	1.203151	1.302668	
1	-1.318359	6.956171	1.206348	1.294421	
1	-1.318359	6.956171	1.206348	1.294421	
1	-1.354254	6.933594	1.209026	1.287708	
1	-1.354254	6.933594	1.209026	1.287708	
1	-1.367188	6.925439	1.209979	1.285362	
1	-1.367188	6.925439	1.209979	1.285362	
1	-1.416016	6.894671	1.213476	1.276944	
1	-1.416016	6.894671	1.213476	1.276944	
1	-1.431741	6.884766	1.214567	1.274378	
1	-1.431741	6.884766	1.214567	1.274378	
1	-1.464844	6.863871	1.216820	1.269168	
1	-1.464844	6.863871	1.216820	1.269168	
1	-1.509090	6.835938	1.219704	1.262677	
1	-1.509090	6.835938	1.219704	1.262677	
1	-1.513672	6.833039	1.219996	1.262032	
1	-1.513672	6.833039	1.219996	1.262032	
1	-1.562500	6.802208	1.222975	1.255558	
1	-1.562500	6.802208	1.222975	1.255558	
1	-1.586422	6.787109	1.224356	1.252631	
1	-1.586422	6.787109	1.224356	1.252631	
1	-1.611328	6.771366	1.225745	1.249734	
1	-1.611328	6.771366	1.225745	1.249734	
1	-1.660156	6.740524	1.228286	1.244562	
1	-1.660156	6.740524	1.228286	1.244562	
1	-1.663714	6.738281	1.228460	1.244214	
1	-1.663714	6.738281	1.228460	1.244214	
1	-1.708984	6.709710	1.230570	1.240058	
1	-1.708984	6.709710	1.230570	1.240058	
1	-1.741103	6.689453	1.231925	1.237454	
1	-1.741103	6.689453	1.231925	1.237454	
1	-1.757812	6.678906	1.232587	1.236202	
1	-1.757812	6.678906	1.232587	1.236202	
1	-1.806641	6.648133	1.234313	1.233002	
1	-1.806641	6.648133	1.234313	1.233002	
1	-1.818572	6.640625	1.234686	1.232324	
1	-1.818572	6.640625	1.234686	1.232324	
1	-1.855469	6.617400	1.235729	1.230456	
1	-1.855469	6.617400	1.235729	1.230456	
1	-1.896185	6.591797	1.236662	1.228823	
1	-1.896185	6.591797	1.236662	1.228823	
1	-1.904297	6.586695	1.236821	1.228548	
1	-1.904297	6.586695	1.236821	1.228548	
1	-1.953125	6.556048	1.237565	1.227288	
1	-1.953125	6.556048	1.237565	1.227288	
1	-1.973989	6.542969	1.237772	1.226944	
1	-1.973989	6.542969	1.237772	1.226944	
1	-2.001953	6.525444	1.237947	1.226656	
1	-2.001953	6.525444	1.237947	1.226656	
1	-2.050781	6.494880	1.237956	1.226640	
1	-2.050781	6.494880	1.237956	1.226640	
1	-2.051965	6.494141	1.237952	1.226648	
1	-2.051965	6.494141	1.237952	1.226648	
1	-2.099609	6.464392	1.237562	1.227251	
1	-2.099609	6.464392	1.237562	1.227251	
1	-2.130193	6.445312	1.237112	1.227935	
1	-2.130193	6.445312	1.237112	1.227935	
1	-2.148438	6.433941	1.236766	1.228454	
1	-2.148438	6.433941	1.236766	1.228454	
1	-2.197266	6.403545	1.235546	1.230245	
1	-2.197266	6.403545	1.235546	1.230245	
1	-2.208620	6.396484	1.235200	1.230745	
1	-2.208620	6.396484	1.235200	1.230745	
1	-2.246094	6.373211	1.233886	1.232619	
1	-2.246094	6.373211	1.233886	1.232619	
1	-2.287263	6.347656	1.232147	1.235046	
1	-2.287263	6.347656	1.232147	1.235046	
1	-2.294922	6.342909	1.231787	1.235542	
1	-2.294922	6.342909	1.231787	1.235542	
1	-2.343750	6.312672	1.229220	1.239023	
1	-2.343750	6.312672	1.229220	1.239023	
1	-2.366111	6.298828	1.227894	1.240787	
1	-2.366111	6.298828	1.227894	1.240787	
1	-2.392578	6.282470	1.226188	1.243028	
1	-2.392578	6.282470	1.226188	1.243028	
1	-2.441406	6.252290	1.222685	1.247537	
1	-2.441406	6.252290	1.222685	1.247537	
1	-2.445112	6.250000	1.222400	1.247899	
1	-2.445112	6.250000	1.222400	1.247899	
1	-2.490234	6.222169	1.218683	1.252557	
1	-2.490234	6.222169	1.218683	1.252557	
1	-2.524250	6.201172	1.215617	1.256322	
1	-2.524250	6.201172	1.215617	1.256322	
1	-2.539062	6.192047	1.214199	1.258041	
1	-2.539062	6.192047	1.214199	1.258041	
1	-2.587891	6.161947	1.209214	1.263987	
1	-2.587891	6.161947	1.209214	1.263987	
1	-2.603453	6.152344	1.207525	1.265969	
1	-2.603453	6.152344	1.207525	1.265969	
1	-2.636719	6.131858	1.203723	1.270375	
1	-2.636719	6.131858	1.203723	1.270375	
1	-2.682658	6.103516	1.198106	1.276754	
1	-2.682658	6.103516	1.198106	1.276754	
1	-2.685547	6.101737	1.197736	1.277170	
1	-2.685547	6.101737	1.197736	1.277170	
1	-2.734375	6.071634	1.191224	1.284382	
1	-2.734375	6.071634	1.191224	1.284382	
1	-2.761793	6.054688	1.187357	1.288584	
1	-2.761793	6.054688	1.187357	1.288584	
1	-2.783203	6.041480	1.184210	1.291964	
1	-2.783203	6.041480	1.184210	1.291964	
1	-2.832031	6.011277	1.176686	1.299903	
1	-2.832031	6.011277	1.176686	1.299903	
1	-2.840767	6.005859	1.175290	1.301355	
1	-2.840767	6.005859	1.175290	1.301355	
1	-2.880859	5.981038	1.168640	1.308193	
1	-2.880859	5.981038	1.168640	1.308193	
1	-2.919484	5.957031	1.161929	1.314961	
1	-2.919484	5.957031	1.161929	1.314961	
1	-2.929688	5.950700	1.160095	1.316790	
1	-2.929688	5.950700	1.160095	1.316790	
1	-2.978516	5.920291	1.151031	1.325696	
1	-2.978516	5.920291	1.151031	1.325696	
1	-2.997842	5.908203	1.147314	1.329289	
1	-2.997842	5.908203	1.147314	1.329289	
1	-3.027344	5.889772	1.141461	1.334882	
1	-3.027344	5.889772	1.141461	1.334882	
1	-3.075740	5.859375	1.131491	1.344232	
1	-3.075740	5.859375	1.131491	1.344232	
1	-3.076172	5.859104	1.131399	1.344317	
1	-3.076172	5.859104	1.131399	1.344317	
1	-3.125000	5.828332	1.120819	1.354011	
1	-3.125000	5.828332	1.120819	1.354011	
1	-3.153045	5.810547	1.114535	1.359664	
1	-3.153045	5.810547	1.114535	1.359664	
1	-3.173828	5.797371	1.109755	1.363916	
1	-3.173828	5.797371	1.109755	1.363916	
1	-3.222656	5.766219	1.098203	1.374022	
1	-3.222656	5.766219	1.098203	1.374022	
1	-3.229670	5.761719	1.096508	1.375486	
1	-3.229670	5.761719	1.096508	1.375486	
1	-3.271484	5.734879	1.086159	1.384321	
1	-3.271484	5.734879	1.086159	1.384321	
1	-3.305481	5.712891	1.077506	1.391577	
1	-3.305481	5.712891	1.077506	1.391577	
1	-3.320312	5.703288	1.073647	1.394777	
1	-3.320312	5.703288	1.073647	1.394777	
1	-3.369141	5.671445	1.060663	1.405382	
1	-3.369141	5.671445	1.060663	1.405382	
1	-3.380381	5.664062	1.057614	1.407838	
1	-3.380381	5.664062	1.057614	1.407838	
1	-3.417969	5.639327	1.047213	1.416120	
1	-3.417969	5.639327	1.047213	1.416120	
1	-3.454254	5.615234	1.036936	1.424163	
1	-3.454254	5.615234	1.036936	1.424163	
1	-3.466797	5.606884	1.033317	1.426963	
1	-3.466797	5.606884	1.033317	1.426963	
1	-3.515625	5.574107	1.018973	1.437904	
1	-3.515625	5.574107	1.018973	1.437904	
1	-3.527002	5.566406	1.015573	1.440461	
1	-3.527002	5.566406	1.015573	1.440461	
1	-3.564453	5.540962	1.004194	1.448921	
1	-3.564453	5.540962	1.004194	1.448921	
1	-3.598526	5.517578	0.993636	1.456641	
1	-3.598526	5.517578	0.993636	1.456641	
1	-3.613281	5.507405	0.988993	1.459996	
1	-3.613281	5.507405	0.988993	1.459996	
1	-3.662109	5.473411	0.973376	1.471115	
1	-3.662109	5.473411	0.973376	1.471115	
1	-3.668746	5.468750	0.971225	1.472628	
1	-3.668746	5.468750	0.971225	1.472628	
1	-3.710938	5.438940	0.957357	1.482261	
1	-3.710938	5.438940	0.957357	1.482261	
1	-3.737562	5.419922	0.948460	1.488342	
1	-3.737562	5.419922	0.948460	1.488342	
1	-3.759766	5.403950	0.940948	1.493416	
1	-3.759766	5.403950	0.940948	1.493416	
1	-3.804930	5.371094	0.925430	1.503731	
1	-3.804930	5.371094	0.925430	1.503731	
1	-3.808594	5.368406	0.924157	1.504567	
1	-3.808594	5.368406	0.924157	1.504567	
1	-3.857422	5.332250	0.907003	1.515695	
1	-3.857422	5.332250	0.907003	1.515695	
1	-3.870757	5.322266	0.902255	1.518728	
1	-3.870757	5.322266	0.902255	1.518728	
1	-3.906250	5.295434	0.889497	1.526784	
1	-3.906250	5.295434	0.889497	1.526784	
1	-3.935006	5.273438	0.879023	1.533294	
1	-3.935006	5.273438	0.879023	1.533294	
1	-3.955078	5.257915	0.871651	1.537821	
1	-3.955078	5.257915	0.871651	1.537821	
1	-3.997634	5.224609	0.855824	1.547390	
1	-3.997634	5.224609	0.855824	1.547390	
1	-4.003906	5.219640	0.853475	1.548793	
1	-4.003906	5.219640	0.853475	1.548793	
1	-4.052734	5.180526	0.834995	1.559678	
1	-4.052734	5.180526	0.834995	1.559678	
1	-4.058594	5.175781	0.832754	1.560979	
1	-4.058594	5.175781	0.832754	1.560979	
1	-4.101562	5.140496	0.816230	1.570459	
1	-4.101562	5.140496	0.816230	1.570459	
1	-4.117857	5.126953	0.809893	1.574039	
1	-4.117857	5.126953	0.809893	1.574039	
1	-4.150391	5.099495	0.797187	1.581126	
1	-4.150391	5.099495	0.797187	1.581126	
1	-4.175408	5.078125	0.787311	1.586551	
1	-4.175408	5.078125	0.787311	1.586551	
1	-4.199219	5.057441	0.777884	1.591664	
1	-4.199219	5.057441	0.777884	1.591664	
1	-4.231232	5.029297	0.765078	1.598504	
1	-4.231232	5.029297	0.765078	1.598504	
1	-4.248047	5.014241	0.758340	1.602056	
1	-4.248047	5.014241	0.758340	1.602056	
1	-4.285321	4.980469	0.743255	1.609890	
1	-4.285321	4.980469	0.743255	1.609890	
1	-4.296875	4.969790	0.738577	1.612286	
1	-4.296875	4.969790	0.738577	1.612286	
1	-4.337674	4.931641	0.721897	1.620705	
1	-4.337674	4.931641	0.721897	1.620705	
1	-4.345703	4.923970	0.718617	1.622338	
1	-4.345703	4.923970	0.718617	1.622338	
1	-4.388295	4.882812	0.701052	1.630952	
1	-4.388295	4.882812	0.701052	1.630952	
1	-4.394531	4.876646	0.698485	1.632193	
1	-4.394531	4.876646	0.698485	1.632193	
1	-4.437197	4.833984	0.680760	1.640637	
1	-4.437197	4.833984	0.680760	1.640637	
1	-4.443359	4.827668	0.678207	1.641835	
1	-4.443359	4.827668	0.678207	1.641835	
1	-4.484393	4.785156	0.661055	1.649767	
1	-4.484393	4.785156	0.661055	1.649767	
1	-4.492188	4.776865	0.657811	1.651244	
1	-4.492188	4.776865	0.657811	1.651244	
1	-4.529904	4.736328	0.641967	1.658355	
1	-4.529904	4.736328	0.641967	1.658355	
1	-4.541016	4.724045	0.637326	1.660405	
1	-4.541016	4.724045	0.637326	1.660405	
1	-4.573752	4.687500	0.623519	1.666414	
1	-4.573752	4.687500	0.623519	1.666414	
1	-4.589844	4.668995	0.616779	1.669299	
1	-4.589844	4.668995	0.616779	1.669299	
1	-4.615964	4.638672	0.605729	1.673960	
1	-4.615964	4.638672	0.605729	1.673960	
1	-4.638672	4.611472	0.596199	1.677910	
1	-4.638672	4.611472	0.596199	1.677910	
1	-4.656568	4.589844	0.588611	1.681009	
1	-4.656568	4.589844	0.588611	1.681009	
1	-4.687500	4.551209	0.575613	1.686221	
1	-4.687500	4.551209	0.575613	1.686221	
1	-4.695593	4.541016	0.572175	1.687579	
1	-4.695593	4.541016	0.572175	1.687579	
1	-4.733076	4.492188	0.556423	1.693691	
1	-4.733076	4.492188	0.556423	1.693691	
1	-4.736328	4.487806	0.555075	1.694206	
1	-4.736328	4.487806	0.555075	1.694206	
1	-4.769068	4.443359	0.541342	1.699370	
1	-4.769068	4.443359	0.541342	1.699370	
1	-4.785156	4.420685	0.534677	1.701824	
1	-4.785156	4.420685	0.534677	1.701824	
1	-4.803586	4.394531	0.526946	1.704629	
1	-4.803586	4.394531	0.526946	1.704629	
1	-4.833984	4.349680	0.514356	1.709096	
1	-4.833984	4.349680	0.514356	1.709096	
1	-4.836662	4.345703	0.513232	1.709488	
1	-4.836662	4.345703	0.513232	1.709488	
1	-4.868374	4.296875	0.500158	1.713980	
1	-4.868374	4.296875	0.500158	1.713980	
1	-4.882812	4.273717	0.494298	1.715948	
1	-4.882812	4.273717	0.494298	1.715948	
1	-4.898731	4.248047	0.487739	1.718116	
1	-4.898731	4.248047	0.487739	1.718116	
1	-4.927772	4.199219	0.475962	1.721916	
1	-4.927772	4.199219	0.475962	1.721916	
1	-4.931641	4.192450	0.474428	1.722402	
1	-4.931641	4.192450	0.474428	1.722402	
1	-4.955577	4.150391	0.464774	1.725412	
1	-4.955577	4.150391	0.464774	1.725412	
1	-4.980469	4.104631	0.454879	1.728408	
1	-4.980469	4.104631	0.454879	1.728408	
1	-4.982132	4.101562	0.454205	1.728609	
1	-4.982132	4.101562	0.454205	1.728609	
1	-5.007549	4.052734	0.444172	1.731545	
1	-5.007549	4.052734	0.444172	1.731545	
1	-5.029297	4.008958	0.435710	1.733943	
1	-5.029297	4.008958	0.435710	1.733943	
1	-5.031799	4.003906	0.434715	1.734220	
1	-5.031799	4.003906	0.434715	1.734220	
1	-5.054999	3.955078	0.425743	1.736671	
1	-5.054999	3.955078	0.425743	1.736671	
1	-5.077114	3.906250	0.417299	1.738899	
1	-5.077114	3.906250	0.417299	1.738899	
1	-5.078125	3.903920	0.416925	1.738996	
1	-5.078125	3.903920	0.416925	1.738996	
1	-5.098273	3.857422	0.409277	1.740940	
1	-5.098273	3.857422	0.409277	1.740940	
1	-5.118442	3.808594	0.401718	1.742793	
1	-5.118442	3.808594	0.401718	1.742793	
1	-5.126953	3.787036	0.398603	1.743536	
1	-5.126953	3.787036	0.398603	1.743536	
1	-5.137711	3.759766	0.394549	1.744485	
1	-5.137711	3.759766	0.394549	1.744485	
1	-5.156111	3.710938	0.387749	1.746028	
1	-5.156111	3.710938	0.387749	1.746028	
1	-5.173652	3.662109	0.381317	1.747429	
1	-5.173652	3.662109	0.381317	1.747429	
1	-5.175781	3.655917	0.380560	1.747590	
1	-5.175781	3.655917	0.380560	1.747590	
1	-5.190444	3.613281	0.375158	1.748716	
1	-5.190444	3.613281	0.375158	1.748716	
1	-5.206469	3.564453	0.369293	1.749890	
1	-5.206469	3.564453	0.369293	1.749890	
1	-5.221763	3.515625	0.363696	1.750961	
1	-5.221763	3.515625	0.363696	1.750961	
1	-5.224609	3.506134	0.362678	1.751150	
1	-5.224609	3.506134	0.362678	1.751150	
1	-5.236420	3.466797	0.358282	1.751949	
1	-5.236420	3.466797	0.358282	1.751949	
1	-5.250436	3.417969	0.353060	1.752857	
1	-5.250436	3.417969	0.353060	1.752857	
1	-5.263836	3.369141	0.348009	1.753691	
1	-5.263836	3.369141	0.348009	1.753691	
1	-5.273438	3.332609	0.344365	1.754266	
1	-5.273438	3.332609	0.344365	1.754266	
1	-5.276675	3.320312	0.343081	1.754463	
1	-5.276675	3.320312	0.343081	1.754463	
1	-5.289015	3.271484	0.338222	1.755183	
1	-5.289015	3.271484	0.338222	1.755183	
1	-5.300847	3.222656	0.333441	1.755850	
1	-5.300847	3.222656	0.333441	1.755850	
1	-5.312203	3.173828	0.328711	1.756470	
1	-5.312203	3.173828	0.328711	1.756470	
1	-5.322266	3.128817	0.324383	1.757002	
1	-5.322266	3.128817	0.324383	1.757002	
1	-5.323121	3.125000	0.323999	1.757048	
1	-5.323121	3.125000	0.323999	1.757048	
1	-5.333672	3.076172	0.319237	1.757591	
1	-5.333672	3.076172	0.319237	1.757591	
1	-5.343838	3.027344	0.314445	1.758098	
1	-5.343838	3.027344	0.314445	1.758098	
1	-5.353646	2.978516	0.309599	1.758570	
1	-5.353646	2.978516	0.309599	1.758570	
1	-5.363122	2.929688	0.304676	1.759008	
1	-5.363122	2.929688	0.304676	1.759008	
1	-5.371094	2.887250	0.300330	1.759362	
1	-5.371094	2.887250	0.300330	1.759362	
1	-5.372298	2.880859	0.299646	1.759415	
1	-5.372298	2.880859	0.299646	1.759415	
1	-5.381225	2.832031	0.294461	1.759790	
1	-5.381225	2.832031	0.294461	1.759790	
1	-5.389889	2.783203	0.289138	1.760131	
1	-5.389889	2.783203	0.289138	1.760131	
1	-5.398307	2.734375	0.283658	1.760437	
1	-5.398307	2.734375	0.283658	1.760437	
1	-5.406499	2.685547	0.278006	1.760706	
1	-5.406499	2.685547	0.278006	1.760706	
1	-5.414482	2.636719	0.272167	1.760936	
1	-5.414482	2.636719	0.272167	1.760936	
1	-5.419922	2.602634	0.267989	1.761071	
1	-5.419922	2.602634	0.267989	1.761071	
1	-5.422283	2.587891	0.266116	1.761124	
1	-5.422283	2.587891	0.266116	1.761124	
1	-5.429927	2.539062	0.259828	1.761268	
1	-5.429927	2.539062	0.259828	1.761268	
1	-5.437403	2.490234	0.253318	1.761364	
1	-5.437403	2.490234	0.253318	1.761364	
1	-5.444720	2.441406	0.246576	1.761408	
1	-5.444720	2.441406	0.246576	1.761408	
1	-5.451889	2.392578	0.239596	1.761396	
1	-5.451889	2.392578	0.239596	1.761396	
1	-5.458918	2.343750	0.232370	1.761325	
1	-5.458918	2.343750	0.232370	1.761325	
1	-5.465813	2.294922	0.224894	1.761191	
1	-5.465813	2.294922	0.224894	1.761191	
1	-5.468750	2.273745	0.221585	1.761112	
1	-5.468750	2.273745	0.221585	1.761112	
1	-5.472599	2.246094	0.217145	1.760989	
1	-5.472599	2.246094	0.217145	1.760989	
1	-5.479275	2.197266	0.209127	1.760714	
1	-5.479275	2.197266	0.209127	1.760714	
1	-5.485832	2.148438	0.200851	1.760364	
1	-5.485832	2.148438	0.200851	1.760364	
1	-5.492270	2.099609	0.192316	1.759933	
1	-5.492270	2.099609	0.192316	1.759933	
1	-5.498591	2.050781	0.183524	1.759419	
1	-5.498591	2.050781	0.183524	1.759419	
1	-5.504797	2.001953	0.174476	1.758816	
1	-5.504797	2.001953	0.174476	1.758816	
1	-5.510886	1.953125	0.165175	1.758122	
1	-5.510886	1.953125	0.165175	1.758122	
1	-5.516858	1.904297	0.155623	1.757332	
1	-5.516858	1.904297	0.155623	1.757332	
1	-5.517578	1.898290	0.154437	1.757229	
1	-5.517578	1.898290	0.154437	1.757229	
1	-5.522734	1.855469	0.145802	1.756441	
1	-5.522734	1.855469	0.145802	1.756441	
1	-5.528490	1.806641	0.135738	1.755447	
1	-5.528490	1.806641	0.135738	1.755447	
1	-5.534119	1.757812	0.125438	1.754348	
1	-5.534119	1.757812	0.125438	1.754348	
1	-5.539618	1.708984	0.114911	1.753139	
1	-5.539618	1.708984	0.114911	1.753139	
1	-5.544980	1.660156	0.104162	1.751820	
1	-5.544980	1.660156	0.104162	1.751820	
1	-5.550201	1.611328	0.093199	1.750386	
1	-5.550201	1.611328	0.093199	1.750386	
1	-5.555276	1.562500	0.082029	1.748837	
1	-5.555276	1.562500	0.082029	1.748837	
1	-5.560198	1.513672	0.070660	1.747169	
1	-5.560198	1.513672	0.070660	1.747169	
1	-5.564960	1.464844	0.059102	1.745382	
1	-5.564960	1.464844	0.059102	1.745382	
1	-5.566406	1.449487	0.055445	1.744797	
1	-5.566406	1.449487	0.055445	1.744797	
1	-5.569571	1.416016	0.047349	1.743471	
1	-5.569571	1.416016	0.047349	1.743471	
1	-5.574014	1.367188	0.035419	1.741437	
1	-5.574014	1.367188	0.035419	1.741437	
1	-5.578274	1.318359	0.023328	1.739279	
1	-5.578274	1.318359	0.023328	1.739279	
1	-5.582344	1.269531	0.011085	1.736998	
1	-5.582344	1.269531	0.011085	1.736998	
1	-5.586216	1.220703	-0.001300	1.734592	
1	-5.586216	1.220703	-0.001300	1.734592	
1	-5.589880	1.171875	-0.013816	1.732061	
1	-5.589880	1.171875	-0.013816	1.732061	
1	-5.593330	1.123047	-0.026454	1.729406	
1	-5.593330	1.123047	-0.026454	1.729406	
1	-5.596555	1.074219	-0.039204	1.726626	
1	-5.596555	1.074219	-0.039204	1.726626	
1	-5.599547	1.025391	-0.052056	1.723723	
1	-5.599547	1.025391	-0.052056	1.723723	
1	-5.602297	0.976562	-0.064998	1.720697	
1	-5.602297	0.976562	-0.064998	1.720697	
1	-5.604796	0.927734	-0.078021	1.717550	
1	-5.604796	0.927734	-0.078021	1.717550	
1	-5.607034	0.878906	-0.091115	1.714282	
1	-5.607034	0.878906	-0.091115	1.714282	
1	-5.609002	0.830078	-0.104270	1.710895	
1	-5.609002	0.830078	-0.104270	1.710895	
1	-5.610690	0.781250	-0.117474	1.707391	
1	-5.610690	0.781250	-0.117474	1.707391	
1	-5.612089	0.732422	-0.130718	1.703771	
1	-5.612089	0.732422	-0.130718	1.703771	
1	-5.613188	0.683594	-0.143992	1.700039	
1	-5.613188	0.683594	-0.143992	1.700039	
1	-5.613979	0.634766	-0.157285	1.696196	
1	-5.613979	0.634766	-0.157285	1.696196	
1	-5.614450	0.585938	-0.170587	1.692245	
1	-5.614450	0.585938	-0.170587	1.692245	
1	-5.614592	0.537109	-0.183889	1.688188	
1	-5.614592	0.537109	-0.183889	1.688188	
1	-5.614395	0.488281	-0.197181	1.684029	
1	-5.614395	0.488281	-0.197181	1.684029	
1	-5.613849	0.439453	-0.210452	1.679770	
1	-5.613849	0.439453	-0.210452	1.679770	
1	-5.612943	0.390625	-0.223693	1.675416	
1	-5.612943	0.390625	-0.223693	1.675416	
1	-5.611667	0.341797	-0.236895	1.670969	
1	-5.611667	0.341797	-0.236895	1.670969	
1	-5.610010	0.292969	-0.250048	1.666433	
1	-5.610010	0.292969	-0.250048	1.666433	
1	-5.607963	0.244141	-0.263143	1.661812	
1	-5.607963	0.244141	-0.263143	1.661812	
1	-5.605514	0.195312	-0.276170	1.657110	
1	-5.605514	0.195312	-0.276170	1.657110	
1	-5.602653	0.146484	-0.289122	1.652331	
1	-5.602653	0.146484	-0.289122	1.652331	
1	-5.599369	0.097656	-0.301988	1.647479	
1	-5.599369	0.097656	-0.301988	1.647479	
1	-5.595652	0.048828	-0.314761	1.642558	
1	-5.595652	0.048828	-0.314761	1.642558	
1	-5.591492	0.000000	-0.327431	1.637574	
1	-5.591492	0.000000	-0.327431	1.637574	
1	-5.586877	-0.048828	-0.339991	1.632530	
1	-5.586877	-0.048828	-0.339991	1.632530	
1	-5.581797	-0.097656	-0.352433	1.627431	
1	-5.581797	-0.097656	-0.352433	1.627431	
1	-5.576242	-0.146484	-0.364749	1.622282	
1	-5.576242	-0.146484	-0.364749	1.622282	
1	-5.570199	-0.195312	-0.376932	1.617087	
1	-5.570199	-0.195312	-0.376932	1.617087	
1	-5.566406	-0.223696	-0.383905	1.614068	
1	-5.566406	-0.223696	-0.383905	1.614068	
1	-5.563664	-0.244141	-0.388976	1.611851	
1	-5.563664	-0.244141	-0.388976	1.611851	
1	-5.556626	-0.292969	-0.400877	1.606578	
1	-5.556626	-0.292969	-0.400877	1.606578	
1	-5.549069	-0.341797	-0.412623	1.601274	
1	-5.549069	-0.341797	-0.412623	1.601274	
1	-5.540983	-0.390625	-0.424207	1.595945	
1	-5.540983	-0.390625	-0.424207	1.595945	
1	-5.532357	-0.439453	-0.435624	1.590596	
1	-5.532357	-0.439453	-0.435624	1.590596	
1	-5.523181	-0.488281	-0.446866	1.585231	
1	-5.523181	-0.488281	-0.446866	1.585231	
1	-5.517578	-0.516446	-0.453227	1.582153	
1	-5.517578	-0.516446	-0.453227	1.582153	
1	-5.513446	-0.537109	-0.457931	1.579856	
1	-5.513446	-0.537109	-0.457931	1.579856	
1	-5.503142	-0.585938	-0.468813	1.574474	
1	-5.503142	-0.585938	-0.468813	1.574474	
1	-5.492256	-0.634766	-0.479505	1.569093	
1	-5.492256	-0.634766	-0.479505	1.569093	
1	-5.480778	-0.683594	-0.490002	1.563717	
1	-5.480778	-0.683594	-0.490002	1.563717	
1	-5.468750	-0.732212	-0.500256	1.558374	
1	-5.468750	-0.732212	-0.500256	1.558374	
1	-5.468698	-0.732422	-0.500300	1.558350	
1	-5.468698	-0.732422	-0.500300	1.558350	
1	-5.456004	-0.781250	-0.510395	1.552999	
1	-5.456004	-0.781250	-0.510395	1.552999	
1	-5.442689	-0.830078	-0.520283	1.547668	
1	-5.442689	-0.830078	-0.520283	1.547668	
1	-5.428742	-0.878906	-0.529961	1.542361	
1	-5.428742	-0.878906	-0.529961	1.542361	
1	-5.419922	-0.908511	-0.535686	1.539180	
1	-5.419922	-0.908511	-0.535686	1.539180	
1	-5.414152	-0.927734	-0.539425	1.537085	
1	-5.414152	-0.927734	-0.539425	1.537085	
1	-5.398906	-0.976562	-0.548671	1.531843	
1	-5.398906	-0.976562	-0.548671	1.531843	
1	-5.383003	-1.025391	-0.557700	1.526638	
1	-5.383003	-1.025391	-0.557700	1.526638	
1	-5.371094	-1.060553	-0.564037	1.522934	
1	-5.371094	-1.060553	-0.564037	1.522934	
1	-5.366428	-1.074219	-0.566510	1.521477	
1	-5.366428	-1.074219	-0.566510	1.521477	
1	-5.349168	-1.123047	-0.575095	1.516364	
1	-5.349168	-1.123047	-0.575095	1.516364	
1	-5.331225	-1.171875	-0.583462	1.511300	
1	-5.331225	-1.171875	-0.583462	1.511300	
1	-5.322266	-1.195444	-0.587385	1.508896	
1	-5.322266	-1.195444	-0.587385	1.508896	
1	-5.312582	-1.220703	-0.591604	1.506291	
1	-5.312582	-1.220703	-0.591604	1.506291	
1	-5.293233	-1.269531	-0.599523	1.501340	
1	-5.293233	-1.269531	-0.599523	1.501340	
1	-5.273438	-1.317740	-0.607129	1.496508	
1	-5.273438	-1.317740	-0.607129	1.496508	
1	-5.273181	-1.318359	-0.607227	1.496445	
1	-5.273181	-1.318359	-0.607227	1.496445	
1	-5.252395	-1.367188	-0.614701	1.491620	
1	-5.252395	-1.367188	-0.614701	1.491620	
1	-5.230896	-1.416016	-0.621967	1.486854	
1	-5.230896	-1.416016	-0.621967	1.486854	
1	-5.224609	-1.429904	-0.623968	1.485528	
1	-5.224609	-1.429904	-0.623968	1.485528	
1	-5.208657	-1.464844	-0.629013	1.482158	
1	-5.208657	-1.464844	-0.629013	1.482158	
1	-5.185688	-1.513672	-0.635852	1.477527	
1	-5.185688	-1.513672	-0.635852	1.477527	
1	-5.175781	-1.534174	-0.638633	1.475623	
1	-5.175781	-1.534174	-0.638633	1.475623	
1	-5.161976	-1.562500	-0.642481	1.472966	
1	-5.161976	-1.562500	-0.642481	1.472966	
1	-5.137522	-1.611328	-0.648911	1.468471	
1	-5.137522	-1.611328	-0.648911	1.468471	
1	-5.126953	-1.631904	-0.651535	1.466617	
1	-5.126953	-1.631904	-0.651535	1.466617	
1	-5.112318	-1.660156	-0.655143	1.464046	
1	-5.112318	-1.660156	-0.655143	1.464046	
1	-5.086370	-1.708984	-0.661187	1.459684	
1	-5.086370	-1.708984	-0.661187	1.459684	
1	-5.078125	-1.724145	-0.663004	1.458360	
1	-5.078125	-1.724145	-0.663004	1.458360	
1	-5.059666	-1.757812	-0.667046	1.455389	
1	-5.059666	-1.757812	-0.667046	1.455389	
1	-5.032219	-1.806641	-0.672733	1.451153	
1	-5.032219	-1.806641	-0.672733	1.451153	
1	-5.029297	-1.811735	-0.673307	1.450722	
1	-5.029297	-1.811735	-0.673307	1.450722	
1	-5.004014	-1.855469	-0.678249	1.446979	
1	-5.004014	-1.855469	-0.678249	1.446979	
1	-4.980469	-1.895240	-0.682613	1.443629	
1	-4.980469	-1.895240	-0.682613	1.443629	
1	-4.975066	-1.904297	-0.683610	1.442857	
1	-4.975066	-1.904297	-0.683610	1.442857	
1	-4.945368	-1.953125	-0.688820	1.438786	
1	-4.945368	-1.953125	-0.688820	1.438786	
1	-4.931641	-1.975230	-0.691109	1.436977	
1	-4.931641	-1.975230	-0.691109	1.436977	
1	-4.914927	-2.001953	-0.693893	1.434759	
1	-4.914927	-2.001953	-0.693893	1.434759	
1	-4.883746	-2.050781	-0.698836	1.430771	
1	-4.883746	-2.050781	-0.698836	1.430771	
1	-4.882812	-2.052219	-0.698977	1.430657	
1	-4.882812	-2.052219	-0.698977	1.430657	
1	-4.851828	-2.099609	-0.703662	1.426815	
1	-4.851828	-2.099609	-0.703662	1.426815	
1	-4.833984	-2.126369	-0.706236	1.424678	
1	-4.833984	-2.126369	-0.706236	1.424678	
1	-4.819178	-2.148438	-0.708380	1.422884	
1	-4.819178	-2.148438	-0.708380	1.422884	
1	-4.785796	-2.197266	-0.713000	1.418972	
1	-4.785796	-2.197266	-0.713000	1.418972	
1	-4.785156	-2.198187	-0.713084	1.418900	
1	-4.785156	-2.198187	-0.713084	1.418900	
1	-4.751698	-2.246094	-0.717539	1.415065	
1	-4.751698	-2.246094	-0.717539	1.415065	
1	-4.736328	-2.267710	-0.719498	1.413359	
1	-4.736328	-2.267710	-0.719498	1.413359	
1	-4.716879	-2.294922	-0.722001	1.411161	
1	-4.716879	-2.294922	-0.722001	1.411161	
1	-4.687500	-2.335319	-0.725627	1.407941	
1	-4.687500	-2.335319	-0.725627	1.407941	
1	-4.681339	-2.343750	-0.726397	1.407252	
1	-4.681339	-2.343750	-0.726397	1.407252	
1	-4.645092	-2.392578	-0.730740	1.403324	
1	-4.645092	-2.392578	-0.730740	1.403324	
1	-4.638672	-2.401092	-0.731478	1.402650	
1	-4.638672	-2.401092	-0.731478	1.402650	
1	-4.608143	-2.441406	-0.735043	1.399367	
1	-4.608143	-2.441406	-0.735043	1.399367	
1	-4.589844	-2.465179	-0.737096	1.397457	
1	-4.589844	-2.465179	-0.737096	1.397457	
1	-4.570482	-2.490234	-0.739308	1.395380	
1	-4.570482	-2.490234	-0.739308	1.395380	
1	-4.541016	-2.527756	-0.742543	1.392310	
1	-4.541016	-2.527756	-0.742543	1.392310	
1	-4.532105	-2.539062	-0.743542	1.391354	
1	-4.532105	-2.539062	-0.743542	1.391354	
1	-4.493013	-2.587891	-0.747752	1.387281	
1	-4.493013	-2.587891	-0.747752	1.387281	
1	-4.492188	-2.588907	-0.747838	1.387198	
1	-4.492188	-2.588907	-0.747838	1.387198	
1	-4.453228	-2.636719	-0.751960	1.383141	
1	-4.453228	-2.636719	-0.751960	1.383141	
1	-4.443359	-2.648640	-0.752963	1.382143	
1	-4.443359	-2.648640	-0.752963	1.382143	
1	-4.412716	-2.685547	-0.756156	1.378940	
1	-4.412716	-2.685547	-0.756156	1.378940	
1	-4.394531	-2.707106	-0.757974	1.377097	
1	-4.394531	-2.707106	-0.757974	1.377097	
1	-4.371464	-2.734375	-0.760342	1.374675	
1	-4.371464	-2.734375	-0.760342	1.374675	
1	-4.345703	-2.764353	-0.762878	1.372054	
1	-4.345703	-2.764353	-0.762878	1.372054	
1	-4.329460	-2.783203	-0.764522	1.370341	
1	-4.329460	-2.783203	-0.764522	1.370341	
1	-4.296875	-2.820423	-0.767679	1.367014	
1	-4.296875	-2.820423	-0.767679	1.367014	
1	-4.286684	-2.832031	-0.768694	1.365935	
1	-4.286684	-2.832031	-0.768694	1.365935	
1	-4.248047	-2.875345	-0.772376	1.361982	
1	-4.248047	-2.875345	-0.772376	1.361982	
1	-4.243114	-2.880859	-0.772860	1.361458	
1	-4.243114	-2.880859	-0.772860	1.361458	
1	-4.199219	-2.929142	-0.776967	1.356962	
1	-4.199219	-2.929142	-0.776967	1.356962	
1	-4.198722	-2.929688	-0.777015	1.356909	
1	-4.198722	-2.929688	-0.777015	1.356909	
1	-4.153489	-2.978516	-0.781162	1.352284	
1	-4.153489	-2.978516	-0.781162	1.352284	
1	-4.150391	-2.981806	-0.781433	1.351979	
1	-4.150391	-2.981806	-0.781433	1.351979	
1	-4.107358	-3.027344	-0.785288	1.347596	
1	-4.107358	-3.027344	-0.785288	1.347596	
1	-4.101562	-3.033375	-0.785781	1.347029	
1	-4.101562	-3.033375	-0.785781	1.347029	
1	-4.060277	-3.076172	-0.789381	1.342855	
1	-4.060277	-3.076172	-0.789381	1.342855	
1	-4.052734	-3.083859	-0.790004	1.342124	
1	-4.052734	-3.083859	-0.790004	1.342124	
1	-4.012188	-3.125000	-0.793430	1.338072	
1	-4.012188	-3.125000	-0.793430	1.338072	
1	-4.003906	-3.133259	-0.794092	1.337281	
1	-4.003906	-3.133259	-0.794092	1.337281	
1	-3.963023	-3.173828	-0.797423	1.333262	
1	-3.963023	-3.173828	-0.797423	1.333262	
1	-3.955078	-3.181575	-0.798033	1.332518	
1	-3.955078	-3.181575	-0.798033	1.332518	
1	-3.912704	-3.222656	-0.801343	1.328443	
1	-3.912704	-3.222656	-0.801343	1.328443	
1	-3.906250	-3.228802	-0.801817	1.327854	
1	-3.906250	-3.228802	-0.801817	1.327854	
1	-3.861138	-3.271484	-0.805172	1.323639	
1	-3.861138	-3.271484	-0.805172	1.323639	
1	-3.857422	-3.274937	-0.805431	1.323310	
1	-3.857422	-3.274937	-0.805431	1.323310	
1	-3.808594	-3.319972	-0.808864	1.318908	
1	-3.808594	-3.319972	-0.808864	1.318908	
1	-3.808222	-3.320312	-0.808890	1.318874	
1	-3.808222	-3.320312	-0.808890	1.318874	
1	-3.759766	-3.363873	-0.812090	1.314689	
1	-3.759766	-3.363873	-0.812090	1.314689	
1	-3.753853	-3.369141	-0.812481	1.314172	
1	-3.753853	-3.369141	-0.812481	1.314172	
1	-3.710938	-3.406659	-0.815113	1.310657	
1	-3.710938	-3.406659	-0.815113	1.310657	
1	-3.697867	-3.417969	-0.815909	1.309582	
1	-3.697867	-3.417969	-0.815909	1.309582	
1	-3.662109	-3.448327	-0.817924	1.306834	
1	-3.662109	-3.448327	-0.817924	1.306834	
1	-3.640098	-3.466797	-0.819145	1.305149	
1	-3.640098	-3.466797	-0.819145	1.305149	
1	-3.613281	-3.488873	-0.820515	1.303241	
1	-3.613281	-3.488873	-0.820515	1.303241	
1	-3.580350	-3.515625	-0.822155	1.300929	
1	-3.580350	-3.515625	-0.822155	1.300929	
1	-3.564453	-3.528294	-0.822879	1.299897	
1	-3.564453	-3.528294	-0.822879	1.299897	
