#REFERENCE 3 87.3042530 -62.0775650
   #ID       X         Y         R       EPS       TAU       AMP       E_AMP      DMAG  TIME[days]  DTIME    PARITY
   7.2     2.033     1.694     2.646     0.916     2.279    16.358     6.547      3.03    -124.0       0.0    +-
   7.2    -4.194     7.164     8.301     0.898     2.041     1.811     0.283      0.64   -1073.9    -949.9    ++
   7.2     0.713    -0.617     0.942     0.815     1.405   398.737  3111.100      6.50    -114.8       9.2    +-
   7.2     0.584    -0.090     0.591     0.408     0.447   348.977  13626.047      6.36    -113.9      10.2    --
   7.2     2.151     0.878     2.323     0.001     0.001   185.314  2268.843      5.67    -124.8      -0.8    ++
   7.1    -4.269     7.143     8.321     0.994     9.237     1.804     0.281      0.64   -1086.2    -962.2    ++
   7.1     0.678    -0.119     0.688     0.949     3.016   202.555  3073.333      5.77    -107.0      17.0    --
   7.1     0.792    -0.471     0.921     0.930     2.539  2815.814  140099.543      8.62    -107.3      16.7    +-
   6.4    -3.081     8.523     9.063     0.998    16.385     2.006     0.389      0.76   -1058.7       0.0    ++
   6.4    -1.026    -1.988     2.237     0.996    10.792    27.853   168.184      3.61    -289.6     769.2    +-
   6.4     4.947     0.859     5.021     0.988     6.331     6.989     2.283      2.11    -468.5     590.2    ++
   6.4     5.076     1.254     5.228     0.936     2.657     8.480     7.483      2.32    -468.5     590.3    +-
   6.4     0.229     1.701     1.717     0.000     0.000     8.482     3.954      2.32    -217.3     841.4    --
   6.3     7.107    -0.795     7.152     1.000    58.945     2.259     0.311      0.89   -1266.2    -207.5    ++
   6.2    -0.097     9.286     9.286     0.923     2.407     2.209     0.460      0.86    -977.8      81.0    ++
   6.2    -0.709     0.220     0.743     0.535     0.633   116.574   984.806      5.17    -161.6     897.2    --
   6.2    -1.375    -0.584     1.494     0.000     0.000     3.414     1.603      1.33    -165.5     893.2    +-
   6.1    -0.325    -2.659     2.679     0.975     4.383   104.356  1696.490      5.05    -398.6     660.2    +-
   6.1     4.745     2.790     5.505     0.954     3.193   162.145  1295.930      5.52    -350.1     708.6    +-
   6.1     0.767     2.608     2.718     0.860     1.687    71.578   852.887      4.64    -213.0     845.8    --
   6.1    -4.419     7.552     8.750     0.448     0.501     2.010     0.392      0.76   -1064.2      -5.4    ++
   6.1     2.976    -1.637     3.396     0.000     0.000     4.224     1.069      1.56    -426.4     632.3    ++
   1.6     0.188    -2.579     2.586     0.980     4.987    44.268   452.800      4.12    -341.2       0.0    +-
   1.6     4.700     2.265     5.218     0.953     3.134   245.985  2343.116      5.98    -317.7      23.5    +-
   1.6     0.830     2.352     2.494     0.906     2.137    15.043    17.303      2.94    -193.2     147.9    --
   1.6    -4.576     7.980     9.199     0.594     0.739     1.947     0.372      0.72   -1182.8    -841.6    ++
   1.6     3.054    -1.375     3.350     0.000     0.000     5.086     1.619      1.77    -359.2     -18.0    ++
   1.5    -0.271     9.645     9.649     0.947     2.937     2.137     0.440      0.82   -1077.9    -736.7    ++
   1.5    -0.679    -0.012     0.679     0.290     0.303    42.142   227.644      4.06    -132.8     208.4    --
   1.5    -1.202    -0.667     1.375     0.000     0.000     2.781     1.359      1.11    -135.0     206.2    +-
   1.4     7.203    -1.872     7.442     0.999    18.622     2.010     0.261      0.76   -1453.8   -1112.6    ++
   1.3    -7.046     3.118     7.705     0.998    16.573     2.258     0.502      0.88   -1133.2    -792.0    ++
   1.3     2.519     3.738     4.508     0.389     0.422    10.109     4.881      2.51     -76.2     265.0    +-
   1.3     2.178     3.598     4.206     0.000     0.000   134.963  1452.426      5.33     -76.0     265.2    --
   1.2    -3.384     8.622     9.263     0.990     6.911     1.992     0.390      0.75   -1115.5    -774.3    ++
   1.2    -0.941    -2.208     2.400     0.984     5.527   172.780  5945.020      5.59    -304.7      36.5    +-
   1.2     4.860     0.530     4.889     0.943     2.831     6.867     2.476      2.09    -456.1    -114.9    ++
   1.2     5.139     1.331     5.308     0.575     0.703    11.144    27.645      2.62    -455.6    -114.4    +-
   1.2     0.327     1.843     1.872     0.000     0.000     8.617     4.485      2.34    -213.2     128.0    --
   1.1     2.761     6.028     6.630     0.625     0.801    34.969   827.035      3.86    -271.9      69.3    +-
   1.1     2.619    -4.007     4.787     0.616     0.782     2.357     0.335      0.93    -985.7    -644.5    ++
   1.1     0.532     3.538     3.578     0.000     0.000  2755.613  24195.710      8.60    -167.6     173.6    --
   5.2     5.293     3.733     6.477     0.985     5.776    78.284   363.426      4.73    -486.0       0.0    +-
   5.2    -1.647    -2.621     3.095     0.973     4.178    47.485   214.880      4.19    -477.5       8.5    +-
   5.2     0.456     2.746     2.783     0.763     1.180   206.778  2023.902      5.79    -237.0     249.0    --
   5.2    -3.908     7.733     8.664     0.341     0.363     2.135     0.452      0.82    -964.9    -478.9    ++
   5.2     3.856    -1.719     4.221     0.000     0.000     3.534     0.830      1.37    -588.8    -102.9    ++
   5.1    -6.384    -0.341     6.393     1.000    40.207     2.844     0.713      1.13   -1047.4    -561.5    ++
   5.1     2.117     4.262     4.759     0.296     0.310    11.261     4.916      2.63     -62.6     423.4    +-
   5.1     1.815     4.045     4.434     0.000     0.000    16.375     8.495      3.04     -62.4     423.6    --
   4.2     5.298     3.709     6.467     0.985     5.699    76.060   380.399      4.70    -485.7       0.0    +-
   4.2    -1.637    -2.620     3.090     0.972     4.167    47.448   229.304      4.19    -476.1       9.6    +-
   4.2     0.456     2.742     2.779     0.763     1.182   256.255  2667.587      6.02    -236.9     248.8    --
   4.2    -3.906     7.741     8.670     0.350     0.373     2.133     0.451      0.82    -966.5    -480.8    ++
   4.2     3.859    -1.708     4.220     0.000     0.000     3.544     0.835      1.37    -587.2    -101.5    ++
   4.1    -3.504    -3.827     5.189     1.000   101.320     4.021     1.276      1.51   -1037.9    -552.2    ++
   4.1     2.042     4.497     4.939     0.291     0.304    13.786     6.791      2.85     -58.7     427.1    +-
   4.1     1.588     4.117     4.413     0.000     0.000    19.605    10.653      3.23     -58.0     427.7    --
   2.3     5.297     3.697     6.460     0.985     5.656    85.963   683.236      4.84    -484.8       0.0    +-
   2.3    -1.628    -2.624     3.088     0.972     4.167    47.185   248.778      4.18    -475.8       9.0    +-
   2.3     0.459     2.741     2.779     0.764     1.186   206.898  1623.044      5.79    -236.8     248.0    --
   2.3    -3.911     7.740     8.672     0.347     0.370     2.132     0.451      0.82    -967.6    -482.8    ++
   2.3     3.854    -1.709     4.215     0.000     0.000     3.548     0.837      1.37    -586.1    -101.2    ++
   2.2     4.103    -5.182     6.610     0.912     2.221     1.778     0.201      0.63   -1567.4   -1082.5    ++
   2.2     0.166     5.365     5.367     0.393     0.427    12.471     5.946      2.74      93.3     578.2    +-
   2.2     0.098     4.481     4.482     0.000     0.000    95.631   784.818      4.95      96.1     580.9    --
   2.1     0.682    -5.112     5.157     0.964     3.640     2.294     0.320      0.90   -1151.9    -667.0    ++
   2.1     1.850     5.004     5.335     0.332     0.352   177.327  2943.099      5.62     -50.4     434.5    +-
   2.1     1.122     4.179     4.327     0.000     0.000    34.961    21.616      3.86     -46.2     438.7    --
   3.2     7.431     3.071     8.040     0.994     9.270     3.872     0.822      1.47   -1030.8       0.0    ++
   3.2    -1.126     1.544     1.911     0.865     1.721   447.517  3062.988      6.63    -135.3     895.4    --
   3.2    -2.076     0.465     2.128     0.000     0.000   193.151  3143.061      5.71    -139.9     890.8    +-
   3.1     7.518     1.763     7.722     0.990     7.057     3.337     0.622      1.31   -1078.4     -47.6    ++
   3.1    -1.218     1.704     2.095     0.812     1.391   221.246  1153.780      5.86    -122.1     908.6    --
   3.1    -2.131     0.788     2.272     0.000     0.000   304.695  2302.680      6.21    -125.7     905.1    +-
