#REFERENCE 3 87.3042530 -62.0775650
7.2 -0.908 3.483 0.028 0.008 171.34 1.382 4.04 2.033 1.694 5.05 -1.01
7.2 -0.908 3.483 0.028 0.008 171.34 1.382 4.04 -4.194 7.164 0.89 3.14
7.2 -0.908 3.483 0.028 0.008 171.34 1.382 4.04 0.713 -0.617 2.47 1.56
7.2 -0.908 3.483 0.028 0.008 171.34 1.382 4.04 0.584 -0.090 1.98 2.06
7.2 -0.908 3.483 0.028 0.008 171.34 1.382 4.04 2.151 0.878 4.04 0.00
7.1 -0.957 3.492 0.014 0.002 25.90 1.382 6.45 -4.269 7.143 0.89 5.57
7.1 -0.957 3.492 0.014 0.002 25.90 1.382 6.45 0.678 -0.119 2.66 3.80
7.1 -0.957 3.492 0.014 0.002 25.90 1.382 6.45 0.792 -0.471 3.02 3.43
6.4 -0.057 3.426 0.096 0.006 169.76 3.248 2.30 -3.081 8.523 1.02 1.28
6.4 -0.057 3.426 0.096 0.006 169.76 3.248 2.30 -1.026 -1.988 0.70 1.60
6.4 -0.057 3.426 0.096 0.006 169.76 3.248 2.30 4.947 0.859 3.59 -1.29
6.4 -0.057 3.426 0.096 0.006 169.76 3.248 2.30 5.076 1.254 3.52 -1.22
6.4 -0.057 3.426 0.096 0.006 169.76 3.248 2.30 0.229 1.701 2.30 -0.00
6.3 2.305 2.211 0.074 0.001 112.53 3.248 4.69 7.107 -0.795 0.96 3.74
6.2 0.951 3.540 0.061 0.030 138.13 3.248 1.34 -0.097 9.286 1.35 -0.01
6.2 0.951 3.540 0.061 0.030 138.13 3.248 1.34 -0.709 0.220 1.10 0.24
6.2 0.951 3.540 0.061 0.030 138.13 3.248 1.34 -1.375 -0.584 1.34 0.00
6.1 -0.541 3.097 0.064 0.013 130.61 3.248 1.89 -0.325 -2.659 1.36 0.53
6.1 -0.541 3.097 0.064 0.013 130.61 3.248 1.89 4.745 2.790 1.16 0.73
6.1 -0.541 3.097 0.064 0.013 130.61 3.248 1.89 0.767 2.608 -0.13 2.02
6.1 -0.541 3.097 0.064 0.013 130.61 3.248 1.89 -4.419 7.552 1.06 0.83
6.1 -0.541 3.097 0.064 0.013 130.61 3.248 1.89 2.976 -1.637 1.89 0.00
1.6 -0.700 3.353 0.071 0.012 133.29 4.204 2.14 0.188 -2.579 1.53 0.62
1.6 -0.700 3.353 0.071 0.012 133.29 4.204 2.14 4.700 2.265 1.17 0.97
1.6 -0.700 3.353 0.071 0.012 133.29 4.204 2.14 0.830 2.352 0.26 1.88
1.6 -0.700 3.353 0.071 0.012 133.29 4.204 2.14 -4.576 7.980 0.97 1.18
1.6 -0.700 3.353 0.071 0.012 133.29 4.204 2.14 3.054 -1.375 2.14 0.00
1.5 0.903 3.778 0.078 0.027 140.81 4.204 1.22 -0.271 9.645 1.23 -0.00
1.5 0.903 3.778 0.078 0.027 140.81 4.204 1.22 -0.679 -0.012 0.80 0.42
1.5 0.903 3.778 0.078 0.027 140.81 4.204 1.22 -1.202 -0.667 1.22 -0.00
1.4 2.573 1.638 0.089 0.004 98.25 4.204 3.21 7.203 -1.872 0.76 2.45
1.3 -1.447 1.942 0.143 0.016 110.84 4.204 2.02 -7.046 3.118 1.53 0.49
1.3 -1.447 1.942 0.143 0.016 110.84 4.204 2.02 2.519 3.738 2.27 -0.25
1.3 -1.447 1.942 0.143 0.016 110.84 4.204 2.02 2.178 3.598 2.02 -0.00
1.2 -0.171 3.471 0.131 0.017 168.76 4.204 1.39 -3.384 8.622 0.99 0.40
1.2 -0.171 3.471 0.131 0.017 168.76 4.204 1.39 -0.941 -2.208 0.74 0.65
1.2 -0.171 3.471 0.131 0.017 168.76 4.204 1.39 4.860 0.530 2.92 -1.53
1.2 -0.171 3.471 0.131 0.017 168.76 4.204 1.39 5.139 1.331 2.77 -1.38
1.2 -0.171 3.471 0.131 0.017 168.76 4.204 1.39 0.327 1.843 1.39 -0.00
1.1 0.011 1.451 0.225 0.127 124.93 4.204 -1.28 2.761 6.028 0.76 -2.03
1.1 0.011 1.451 0.225 0.127 124.93 4.204 -1.28 2.619 -4.007 1.13 -2.41
1.1 0.011 1.451 0.225 0.127 124.93 4.204 -1.28 0.532 3.538 -1.28 0.00
5.2 -0.141 2.882 0.060 0.015 135.15 4.500 1.50 5.293 3.733 1.78 -0.28
5.2 -0.141 2.882 0.060 0.015 135.15 4.500 1.50 -1.647 -2.621 1.11 0.39
5.2 -0.141 2.882 0.060 0.015 135.15 4.500 1.50 0.456 2.746 -0.69 2.19
5.2 -0.141 2.882 0.060 0.015 135.15 4.500 1.50 -3.908 7.733 1.18 0.32
5.2 -0.141 2.882 0.060 0.015 135.15 4.500 1.50 3.856 -1.719 1.50 0.00
5.1 -1.126 1.320 0.076 0.008 124.63 4.500 1.84 -6.384 -0.341 2.31 -0.48
5.1 -1.126 1.320 0.076 0.008 124.63 4.500 1.84 2.117 4.262 2.07 -0.23
5.1 -1.126 1.320 0.076 0.008 124.63 4.500 1.84 1.815 4.045 1.83 0.00
4.2 -0.143 2.887 0.060 0.015 135.25 4.500 1.50 5.298 3.709 1.77 -0.27
4.2 -0.143 2.887 0.060 0.015 135.25 4.500 1.50 -1.637 -2.620 1.11 0.39
4.2 -0.143 2.887 0.060 0.015 135.25 4.500 1.50 0.456 2.742 -0.68 2.19
4.2 -0.143 2.887 0.060 0.015 135.25 4.500 1.50 -3.906 7.741 1.18 0.32
4.2 -0.143 2.887 0.060 0.015 135.25 4.500 1.50 3.859 -1.708 1.50 -0.00
4.1 -0.943 1.116 0.093 0.014 128.30 4.500 1.17 -3.504 -3.827 3.76 -2.59
4.1 -0.943 1.116 0.093 0.014 128.30 4.500 1.17 2.042 4.497 1.54 -0.37
4.1 -0.943 1.116 0.093 0.014 128.30 4.500 1.17 1.588 4.117 1.17 0.00
2.3 -0.146 2.889 0.060 0.015 135.21 4.500 1.50 5.297 3.697 1.76 -0.26
2.3 -0.146 2.889 0.060 0.015 135.21 4.500 1.50 -1.628 -2.624 1.11 0.40
2.3 -0.146 2.889 0.060 0.015 135.21 4.500 1.50 0.459 2.741 -0.68 2.19
2.3 -0.146 2.889 0.060 0.015 135.21 4.500 1.50 -3.911 7.740 1.18 0.32
2.3 -0.146 2.889 0.060 0.015 135.21 4.500 1.50 3.854 -1.709 1.50 0.00
2.2 1.160 -0.068 0.123 0.042 169.83 4.500 0.48 4.103 -5.182 0.65 -0.17
2.2 1.160 -0.068 0.123 0.042 169.83 4.500 0.48 0.166 5.365 1.37 -0.88
2.2 1.160 -0.068 0.123 0.042 169.83 4.500 0.48 0.098 4.481 0.48 0.00
2.1 -0.468 0.742 0.150 0.037 135.40 4.500 0.17 0.682 -5.112 1.31 -1.13
2.1 -0.468 0.742 0.150 0.037 135.40 4.500 0.17 1.850 5.004 0.91 -0.74
2.1 -0.468 0.742 0.150 0.037 135.40 4.500 0.17 1.122 4.179 0.17 -0.00
3.2 1.695 3.187 0.046 0.022 129.03 5.609 1.83 7.431 3.071 2.65 -0.82
3.2 1.695 3.187 0.046 0.022 129.03 5.609 1.83 -1.126 1.544 1.52 0.30
3.2 1.695 3.187 0.046 0.022 129.03 5.609 1.83 -2.076 0.465 1.83 0.00
3.1 1.845 3.068 0.054 0.021 127.34 5.609 1.85 7.518 1.763 2.38 -0.53
3.1 1.845 3.068 0.054 0.021 127.34 5.609 1.85 -1.218 1.704 1.39 0.46
3.1 1.845 3.068 0.054 0.021 127.34 5.609 1.85 -2.131 0.788 1.85 -0.00
