#REFERENCE 0 180.3007651 23.0992145
O1 180.3007651 23.0992145 0.0000 0.0000 -2.04 0.00
O1 180.300765 23.099215 0.0000 0.0000 -2.04 0.00
O1 180.3007651 23.0992145 0.0000 0.0000 -2.04 0.00
O1 180.3007651 23.0992145 6.3631 2.2787 -2.04 25.77
O2 180.3010949 23.0993118 0.0000 0.0000 -17.59 0.00
O2 180.301095 23.099312 0.0000 0.0000 -17.59 0.00
O2 180.3010949 23.0993118 0.0000 0.0000 -17.59 0.00
O2 180.3010949 23.0993118 1.2723 1.0511 -17.59 3.68
O3 180.3001264 23.0973556 0.0000 0.0000 78.95 0.00
O3 180.300126 23.097356 0.0000 0.0000 78.95 0.00
O3 180.3001264 23.0973556 0.0000 0.0000 78.95 0.00
O3 180.3001264 23.0973556 1.7459 1.5432 78.95 7.49
O4 180.3007651 23.0992145 0.0000 0.0000 19.39 0.00
O4 180.300765 23.099215 0.0000 0.0000 19.39 0.00
O4 180.3007651 23.0992145 0.0000 0.0000 19.39 0.00
O4 180.3007651 23.0992145 0.0000 0.0000 19.39 0.00
