#REFERENCE 3 180.3007650 23.0992140
1	0.000000	-3.861223	0.852631	-0.976303	
1	-0.001162	-3.857422	0.851345	-0.974880	
1	-0.001162	-3.857422	0.851345	-0.974880	
1	0.000000	-3.861223	0.852631	-0.976303	
1	0.013171	-3.906250	0.867778	-0.993090	
1	0.013171	-3.906250	0.867778	-0.993090	
1	0.027315	-3.955078	0.884288	-1.011426	
1	0.027315	-3.955078	0.884288	-1.011426	
1	0.041341	-4.003906	0.900890	-1.029894	
1	0.041341	-4.003906	0.900890	-1.029894	
1	0.048828	-4.029779	0.909750	-1.039757	
1	0.048828	-4.029779	0.909750	-1.039757	
1	0.055174	-4.052734	0.917568	-1.048463	
1	0.055174	-4.052734	0.917568	-1.048463	
1	0.068813	-4.101562	0.934321	-1.067120	
1	0.068813	-4.101562	0.934321	-1.067120	
1	0.082439	-4.150391	0.951194	-1.085905	
1	0.082439	-4.150391	0.951194	-1.085905	
1	0.096095	-4.199219	0.968199	-1.104817	
1	0.096095	-4.199219	0.968199	-1.104817	
1	0.097656	-4.204658	0.970112	-1.106942	
1	0.097656	-4.204658	0.970112	-1.106942	
1	0.109533	-4.248047	0.985274	-1.123777	
1	0.109533	-4.248047	0.985274	-1.123777	
1	0.123009	-4.296875	1.002483	-1.142843	
1	0.123009	-4.296875	1.002483	-1.142843	
1	0.136599	-4.345703	1.019845	-1.162026	
1	0.136599	-4.345703	1.019845	-1.162026	
1	0.146484	-4.380621	1.032381	-1.175837	
1	0.146484	-4.380621	1.032381	-1.175837	
1	0.150236	-4.394531	1.037344	-1.181295	
1	0.150236	-4.394531	1.037344	-1.181295	
1	0.163768	-4.443359	1.054940	-1.200593	
1	0.163768	-4.443359	1.054940	-1.200593	
1	0.177488	-4.492188	1.072710	-1.219994	
1	0.177488	-4.492188	1.072710	-1.219994	
1	0.191433	-4.541016	1.090663	-1.239495	
1	0.191433	-4.541016	1.090663	-1.239495	
1	0.195312	-4.554180	1.095557	-1.244792	
1	0.195312	-4.554180	1.095557	-1.244792	
1	0.205313	-4.589844	1.108722	-1.259000	
1	0.205313	-4.589844	1.108722	-1.259000	
1	0.219331	-4.638672	1.126940	-1.278554	
1	0.219331	-4.638672	1.126940	-1.278554	
1	0.233644	-4.687500	1.145361	-1.298191	
1	0.233644	-4.687500	1.145361	-1.298191	
1	0.244141	-4.722344	1.158658	-1.312278	
1	0.244141	-4.722344	1.158658	-1.312278	
1	0.248146	-4.736328	1.163954	-1.317866	
1	0.248146	-4.736328	1.163954	-1.317866	
1	0.262616	-4.785156	1.182657	-1.337500	
1	0.262616	-4.785156	1.182657	-1.337500	
1	0.277451	-4.833984	1.201581	-1.357195	
1	0.277451	-4.833984	1.201581	-1.357195	
1	0.292692	-4.882812	1.220739	-1.376951	
1	0.292692	-4.882812	1.220739	-1.376951	
1	0.292969	-4.883665	1.221078	-1.377299	
1	0.292969	-4.883665	1.221078	-1.377299	
1	0.307773	-4.931641	1.239962	-1.396582	
1	0.307773	-4.931641	1.239962	-1.396582	
1	0.323282	-4.980469	1.259422	-1.416250	
1	0.323282	-4.980469	1.259422	-1.416250	
1	0.339276	-5.029297	1.279136	-1.435955	
1	0.339276	-5.029297	1.279136	-1.435955	
1	0.341797	-5.036697	1.282162	-1.438961	
1	0.341797	-5.036697	1.282162	-1.438961	
1	0.355204	-5.078125	1.298933	-1.455515	
1	0.355204	-5.078125	1.298933	-1.455515	
1	0.371551	-5.126953	1.318959	-1.475058	
1	0.371551	-5.126953	1.318959	-1.475058	
1	0.388471	-5.175781	1.339262	-1.494615	
1	0.388471	-5.175781	1.339262	-1.494615	
1	0.390625	-5.181752	1.341778	-1.497020	
1	0.390625	-5.181752	1.341778	-1.497020	
1	0.405315	-5.224609	1.359631	-1.513968	
1	0.405315	-5.224609	1.359631	-1.513968	
1	0.422683	-5.273438	1.380254	-1.533280	
1	0.422683	-5.273438	1.380254	-1.533280	
1	0.439453	-5.318805	1.399696	-1.551221	
1	0.439453	-5.318805	1.399696	-1.551221	
1	0.440669	-5.322266	1.401160	-1.552562	
1	0.440669	-5.322266	1.401160	-1.552562	
1	0.458542	-5.371094	1.422100	-1.571567	
1	0.458542	-5.371094	1.422100	-1.571567	
1	0.477153	-5.419922	1.443353	-1.590533	
1	0.477153	-5.419922	1.443353	-1.590533	
1	0.488281	-5.447939	1.455728	-1.601425	
1	0.488281	-5.447939	1.455728	-1.601425	
1	0.496149	-5.468750	1.464793	-1.609330	
1	0.496149	-5.468750	1.464793	-1.609330	
1	0.515398	-5.517578	1.486366	-1.627892	
1	0.515398	-5.517578	1.486366	-1.627892	
1	0.535524	-5.566406	1.508284	-1.646382	
1	0.535524	-5.566406	1.508284	-1.646382	
1	0.537109	-5.570102	1.509967	-1.647786	
1	0.537109	-5.570102	1.509967	-1.647786	
1	0.555580	-5.615234	1.530198	-1.664489	
1	0.555580	-5.615234	1.530198	-1.664489	
1	0.576518	-5.664062	1.552440	-1.682467	
1	0.576518	-5.664062	1.552440	-1.682467	
1	0.585938	-5.685107	1.562172	-1.690205	
1	0.585938	-5.685107	1.562172	-1.690205	
1	0.597825	-5.712891	1.574811	-1.700135	
1	0.597825	-5.712891	1.574811	-1.700135	
1	0.619694	-5.761719	1.597364	-1.717516	
1	0.619694	-5.761719	1.597364	-1.717516	
1	0.634766	-5.793838	1.612439	-1.728886	
1	0.634766	-5.793838	1.612439	-1.728886	
1	0.642280	-5.810547	1.620145	-1.734621	
1	0.642280	-5.810547	1.620145	-1.734621	
1	0.665224	-5.859375	1.642994	-1.751310	
1	0.665224	-5.859375	1.642994	-1.751310	
1	0.683594	-5.896569	1.660687	-1.763904	
1	0.683594	-5.896569	1.660687	-1.763904	
1	0.689120	-5.908203	1.666121	-1.767713	
1	0.689120	-5.908203	1.666121	-1.767713	
1	0.713316	-5.957031	1.689243	-1.783606	
1	0.713316	-5.957031	1.689243	-1.783606	
1	0.732422	-5.993664	1.706872	-1.795373	
1	0.732422	-5.993664	1.706872	-1.795373	
1	0.738568	-6.005859	1.712631	-1.799151	
1	0.738568	-6.005859	1.712631	-1.799151	
1	0.764229	-6.054688	1.735991	-1.814128	
1	0.764229	-6.054688	1.735991	-1.814128	
1	0.781250	-6.085524	1.750961	-1.823427	
1	0.781250	-6.085524	1.750961	-1.823427	
1	0.790904	-6.103516	1.759531	-1.828644	
1	0.790904	-6.103516	1.759531	-1.828644	
1	0.818278	-6.152344	1.783076	-1.842562	
1	0.818278	-6.152344	1.783076	-1.842562	
1	0.830078	-6.172528	1.792916	-1.848195	
1	0.830078	-6.172528	1.792916	-1.848195	
1	0.846481	-6.201172	1.806626	-1.855858	
1	0.846481	-6.201172	1.806626	-1.855858	
1	0.875838	-6.250000	1.830259	-1.868542	
1	0.875838	-6.250000	1.830259	-1.868542	
1	0.878906	-6.254962	1.832671	-1.869798	
1	0.878906	-6.254962	1.832671	-1.869798	
1	0.905722	-6.298828	1.853636	-1.880406	
1	0.905722	-6.298828	1.853636	-1.880406	
1	0.927734	-6.333245	1.870185	-1.888372	
1	0.927734	-6.333245	1.870185	-1.888372	
1	0.936918	-6.347656	1.877009	-1.891548	
1	0.936918	-6.347656	1.877009	-1.891548	
1	0.969060	-6.396484	1.900124	-1.901811	
1	0.969060	-6.396484	1.900124	-1.901811	
1	0.976562	-6.407629	1.905366	-1.904029	
1	0.976562	-6.407629	1.905366	-1.904029	
1	1.002168	-6.445312	1.922874	-1.911122	
1	1.002168	-6.445312	1.922874	-1.911122	
1	1.025391	-6.478551	1.938141	-1.916894	
1	1.025391	-6.478551	1.938141	-1.916894	
1	1.036519	-6.494141	1.945244	-1.919441	
1	1.036519	-6.494141	1.945244	-1.919441	
1	1.071923	-6.542969	1.966992	-1.926649	
1	1.071923	-6.542969	1.966992	-1.926649	
1	1.074219	-6.546158	1.968364	-1.927072	
1	1.074219	-6.546158	1.968364	-1.927072	
1	1.108322	-6.591797	1.987911	-1.932655	
1	1.108322	-6.591797	1.987911	-1.932655	
1	1.123047	-6.611667	1.995987	-1.934701	
1	1.123047	-6.611667	1.995987	-1.934701	
1	1.145710	-6.640625	2.007785	-1.937385	
1	1.145710	-6.640625	2.007785	-1.937385	
1	1.171875	-6.675080	2.020732	-1.939865	
1	1.171875	-6.675080	2.020732	-1.939865	
1	1.183647	-6.689453	2.026200	-1.940748	
1	1.183647	-6.689453	2.026200	-1.940748	
1	1.220703	-6.737560	2.042353	-1.942684	
1	1.220703	-6.737560	2.042353	-1.942684	
1	1.221318	-6.738281	2.042602	-1.942705	
1	1.221318	-6.738281	2.042602	-1.942705	
1	1.258597	-6.787109	2.056719	-1.943345	
1	1.258597	-6.787109	2.056719	-1.943345	
1	1.269531	-6.803567	2.060401	-1.943302	
1	1.269531	-6.803567	2.060401	-1.943302	
1	1.293251	-6.835938	2.067617	-1.942876	
1	1.293251	-6.835938	2.067617	-1.942876	
1	1.318359	-6.879096	2.073557	-1.942052	
1	1.318359	-6.879096	2.073557	-1.942052	
1	1.322034	-6.884766	2.074320	-1.941900	
1	1.322034	-6.884766	2.074320	-1.941900	
1	1.345107	-6.933594	2.077187	-1.941152	
1	1.345107	-6.933594	2.077187	-1.941152	
1	1.359726	-6.982422	2.075898	-1.941685	
1	1.359726	-6.982422	2.075898	-1.941685	
1	1.367188	-7.023389	2.072431	-1.943513	
1	1.367188	-7.023389	2.072431	-1.943513	
1	1.368601	-7.031250	2.071655	-1.943970	
1	1.368601	-7.031250	2.071655	-1.943970	
1	1.373786	-7.080078	2.065313	-1.948200	
1	1.373786	-7.080078	2.065313	-1.948200	
1	1.376452	-7.128906	2.057407	-1.954452	
1	1.376452	-7.128906	2.057407	-1.954452	
1	1.377919	-7.177734	2.048434	-1.962616	
1	1.377919	-7.177734	2.048434	-1.962616	
1	1.378971	-7.226562	2.038716	-1.972574	
1	1.378971	-7.226562	2.038716	-1.972574	
1	1.380084	-7.275391	2.028478	-1.984210	
1	1.380084	-7.275391	2.028478	-1.984210	
1	1.381552	-7.324219	2.017882	-1.997419	
1	1.381552	-7.324219	2.017882	-1.997419	
1	1.383561	-7.373047	2.007051	-2.012106	
1	1.383561	-7.373047	2.007051	-2.012106	
1	1.386238	-7.421875	1.996085	-2.028184	
1	1.386238	-7.421875	1.996085	-2.028184	
1	1.389668	-7.470703	1.985062	-2.045576	
1	1.389668	-7.470703	1.985062	-2.045576	
1	1.393916	-7.519531	1.974048	-2.064210	
1	1.393916	-7.519531	1.974048	-2.064210	
1	1.399030	-7.568359	1.963099	-2.084019	
1	1.399030	-7.568359	1.963099	-2.084019	
1	1.405052	-7.617188	1.952260	-2.104943	
1	1.405052	-7.617188	1.952260	-2.104943	
1	1.412017	-7.666016	1.941571	-2.126927	
1	1.412017	-7.666016	1.941571	-2.126927	
1	1.416016	-7.690602	1.936271	-2.138352	
1	1.416016	-7.690602	1.936271	-2.138352	
1	1.419692	-7.714844	1.931040	-2.149981	
1	1.419692	-7.714844	1.931040	-2.149981	
1	1.428047	-7.763672	1.920696	-2.174068	
1	1.428047	-7.763672	1.920696	-2.174068	
1	1.437387	-7.812500	1.910595	-2.199082	
1	1.437387	-7.812500	1.910595	-2.199082	
1	1.447746	-7.861328	1.900760	-2.224979	
1	1.447746	-7.861328	1.900760	-2.224979	
1	1.459156	-7.910156	1.891210	-2.251724	
1	1.459156	-7.910156	1.891210	-2.251724	
1	1.464844	-7.932568	1.886932	-2.264256	
1	1.464844	-7.932568	1.886932	-2.264256	
1	1.471226	-7.958984	1.881933	-2.279369	
1	1.471226	-7.958984	1.881933	-2.279369	
1	1.484019	-8.007812	1.872954	-2.307871	
1	1.484019	-8.007812	1.872954	-2.307871	
1	1.497930	-8.056641	1.864311	-2.337126	
1	1.497930	-8.056641	1.864311	-2.337126	
1	1.512991	-8.105469	1.856016	-2.367110	
1	1.512991	-8.105469	1.856016	-2.367110	
1	1.513672	-8.107562	1.855669	-2.368410	
1	1.513672	-8.107562	1.855669	-2.368410	
1	1.528372	-8.154297	1.848039	-2.397953	
1	1.528372	-8.154297	1.848039	-2.397953	
1	1.544915	-8.203125	1.840435	-2.429483	
1	1.544915	-8.203125	1.840435	-2.429483	
1	1.562500	-8.251443	1.833283	-2.461338	
1	1.562500	-8.251443	1.833283	-2.461338	
1	1.562681	-8.251953	1.833210	-2.461679	
1	1.562681	-8.251953	1.833210	-2.461679	
1	1.580777	-8.300781	1.826344	-2.494668	
1	1.580777	-8.300781	1.826344	-2.494668	
1	1.600165	-8.349609	1.819878	-2.528284	
1	1.600165	-8.349609	1.819878	-2.528284	
1	1.611328	-8.376287	1.816517	-2.546913	
1	1.611328	-8.376287	1.816517	-2.546913	
1	1.620446	-8.398438	1.813809	-2.562580	
1	1.620446	-8.398438	1.813809	-2.562580	
1	1.641564	-8.447266	1.808145	-2.597549	
1	1.641564	-8.447266	1.808145	-2.597549	
1	1.660156	-8.487825	1.803761	-2.627053	
1	1.660156	-8.487825	1.803761	-2.627053	
1	1.663912	-8.496094	1.802900	-2.633136	
1	1.663912	-8.496094	1.802900	-2.633136	
1	1.686913	-8.544922	1.798075	-2.669400	
1	1.686913	-8.544922	1.798075	-2.669400	
1	1.708984	-8.589134	1.794085	-2.702744	
1	1.708984	-8.589134	1.794085	-2.702744	
1	1.711284	-8.593750	1.793688	-2.706260	
1	1.711284	-8.593750	1.793688	-2.706260	
1	1.736351	-8.642578	1.789740	-2.743777	
1	1.736351	-8.642578	1.789740	-2.743777	
1	1.757812	-8.682249	1.786867	-2.774691	
1	1.757812	-8.682249	1.786867	-2.774691	
1	1.762788	-8.691406	1.786246	-2.781891	
1	1.762788	-8.691406	1.786246	-2.781891	
1	1.790133	-8.740234	1.783213	-2.820639	
1	1.790133	-8.740234	1.783213	-2.820639	
1	1.806641	-8.768509	1.781673	-2.843349	
1	1.806641	-8.768509	1.781673	-2.843349	
1	1.818770	-8.789062	1.780653	-2.859995	
1	1.818770	-8.789062	1.780653	-2.859995	
1	1.848631	-8.837891	1.778577	-2.899970	
1	1.848631	-8.837891	1.778577	-2.899970	
1	1.855469	-8.848780	1.778181	-2.908969	
1	1.855469	-8.848780	1.778181	-2.908969	
1	1.879697	-8.886719	1.776997	-2.940570	
1	1.879697	-8.886719	1.776997	-2.940570	
1	1.904297	-8.923842	1.776135	-2.971857	
1	1.904297	-8.923842	1.776135	-2.971857	
1	1.912229	-8.935547	1.775926	-2.981797	
1	1.912229	-8.935547	1.775926	-2.981797	
1	1.946165	-8.984375	1.775380	-3.023666	
1	1.946165	-8.984375	1.775380	-3.023666	
1	1.953125	-8.994169	1.775335	-3.032142	
1	1.953125	-8.994169	1.775335	-3.032142	
1	1.981661	-9.033203	1.775376	-3.066190	
1	1.981661	-9.033203	1.775376	-3.066190	
1	2.001953	-9.060232	1.775614	-3.090018	
1	2.001953	-9.060232	1.775614	-3.090018	
1	2.018887	-9.082031	1.775933	-3.109390	
1	2.018887	-9.082031	1.775933	-3.109390	
1	2.050781	-9.122180	1.776828	-3.145435	
1	2.050781	-9.122180	1.776828	-3.145435	
1	2.057959	-9.130859	1.777075	-3.153294	
1	2.057959	-9.130859	1.777075	-3.153294	
1	2.099062	-9.179688	1.778827	-3.197937	
1	2.099062	-9.179688	1.778827	-3.197937	
1	2.099609	-9.180331	1.778855	-3.198530	
1	2.099609	-9.180331	1.778855	-3.198530	
1	2.142548	-9.228516	1.781224	-3.243373	
1	2.142548	-9.228516	1.781224	-3.243373	
1	2.148438	-9.235037	1.781594	-3.249498	
1	2.148438	-9.235037	1.781594	-3.249498	
1	2.188694	-9.277344	1.784304	-3.289666	
1	2.188694	-9.277344	1.784304	-3.289666	
1	2.197266	-9.286266	1.784943	-3.298213	
1	2.197266	-9.286266	1.784943	-3.298213	
1	2.237927	-9.326172	1.788118	-3.336909	
1	2.237927	-9.326172	1.788118	-3.336909	
1	2.246094	-9.334141	1.788813	-3.344701	
1	2.246094	-9.334141	1.788813	-3.344701	
1	2.290821	-9.375000	1.792732	-3.385228	
1	2.290821	-9.375000	1.792732	-3.385228	
1	2.294922	-9.378738	1.793120	-3.388965	
1	2.294922	-9.378738	1.793120	-3.388965	
1	2.343750	-9.420192	1.797793	-3.431067	
1	2.343750	-9.420192	1.797793	-3.431067	
1	2.348396	-9.423828	1.798239	-3.434829	
1	2.348396	-9.423828	1.798239	-3.434829	
1	2.392578	-9.458582	1.802767	-3.471034	
1	2.392578	-9.458582	1.802767	-3.471034	
1	2.412203	-9.472656	1.804773	-3.486044	
1	2.412203	-9.472656	1.804773	-3.486044	
1	2.441406	-9.493774	1.807951	-3.508706	
1	2.441406	-9.493774	1.807951	-3.508706	
1	2.483850	-9.521484	1.812534	-3.539312	
1	2.483850	-9.521484	1.812534	-3.539312	
1	2.490234	-9.525701	1.813265	-3.543993	
1	2.490234	-9.525701	1.813265	-3.543993	
1	2.539062	-9.554657	1.818683	-3.577137	
1	2.539062	-9.554657	1.818683	-3.577137	
1	2.569092	-9.570312	1.821932	-3.595842	
1	2.569092	-9.570312	1.821932	-3.595842	
1	2.587891	-9.580291	1.824086	-3.607806	
1	2.587891	-9.580291	1.824086	-3.607806	
1	2.636719	-9.602735	1.829433	-3.636109	
1	2.636719	-9.602735	1.829433	-3.636109	
1	2.679080	-9.619141	1.833889	-3.658313	
1	2.679080	-9.619141	1.833889	-3.658313	
1	2.685547	-9.621706	1.834609	-3.661788	
1	2.685547	-9.621706	1.834609	-3.661788	
1	2.734375	-9.637434	1.839595	-3.685053	
1	2.734375	-9.637434	1.839595	-3.685053	
1	2.783203	-9.649494	1.844247	-3.705534	
1	2.783203	-9.649494	1.844247	-3.705534	
1	2.832031	-9.657799	1.848481	-3.723174	
1	2.832031	-9.657799	1.848481	-3.723174	
1	2.880859	-9.662208	1.852203	-3.737872	
1	2.880859	-9.662208	1.852203	-3.737872	
1	2.929688	-9.662515	1.855297	-3.749483	
1	2.929688	-9.662515	1.855297	-3.749483	
1	2.978516	-9.658444	1.857630	-3.757811	
1	2.978516	-9.658444	1.857630	-3.757811	
1	3.027344	-9.649645	1.859041	-3.762612	
1	3.027344	-9.649645	1.859041	-3.762612	
1	3.076172	-9.635684	1.859338	-3.763588	
1	3.076172	-9.635684	1.859338	-3.763588	
1	3.117546	-9.619141	1.858471	-3.760921	
1	3.117546	-9.619141	1.858471	-3.760921	
1	3.125000	-9.616063	1.858302	-3.760410	
1	3.125000	-9.616063	1.858302	-3.760410	
1	3.173828	-9.590244	1.855685	-3.752747	
1	3.173828	-9.590244	1.855685	-3.752747	
1	3.203953	-9.570312	1.852970	-3.745094	
1	3.203953	-9.570312	1.852970	-3.745094	
1	3.222656	-9.557321	1.851119	-3.740000	
1	3.222656	-9.557321	1.851119	-3.740000	
1	3.265606	-9.521484	1.845088	-3.723924	
1	3.265606	-9.521484	1.845088	-3.723924	
1	3.271484	-9.516281	1.844173	-3.721544	
1	3.271484	-9.516281	1.844173	-3.721544	
1	3.313962	-9.472656	1.835668	-3.699991	
1	3.313962	-9.472656	1.835668	-3.699991	
1	3.320312	-9.465663	1.834244	-3.696472	
1	3.320312	-9.465663	1.834244	-3.696472	
1	3.353965	-9.423828	1.825128	-3.674449	
1	3.353965	-9.423828	1.825128	-3.674449	
1	3.369141	-9.403372	1.820475	-3.663509	
1	3.369141	-9.403372	1.820475	-3.663509	
1	3.388216	-9.375000	1.813714	-3.647926	
1	3.388216	-9.375000	1.813714	-3.647926	
1	3.417969	-9.326463	1.801645	-3.620922	
1	3.417969	-9.326463	1.801645	-3.620922	
1	3.418133	-9.326172	1.801570	-3.620758	
1	3.418133	-9.326172	1.801570	-3.620758	
1	3.444070	-9.277344	1.788704	-3.592966	
1	3.444070	-9.277344	1.788704	-3.592966	
1	3.466797	-9.229569	1.775578	-3.565521	
1	3.466797	-9.229569	1.775578	-3.565521	
1	3.467270	-9.228516	1.775283	-3.564913	
1	3.467270	-9.228516	1.775283	-3.564913	
1	3.487735	-9.179688	1.761284	-3.536550	
1	3.487735	-9.179688	1.761284	-3.536550	
1	3.506064	-9.130859	1.746794	-3.508049	
1	3.506064	-9.130859	1.746794	-3.508049	
1	3.515625	-9.102744	1.738217	-3.491556	
1	3.515625	-9.102744	1.738217	-3.491556	
1	3.522428	-9.082031	1.731831	-3.479446	
1	3.522428	-9.082031	1.731831	-3.479446	
1	3.537048	-9.033203	1.716425	-3.450795	
1	3.537048	-9.033203	1.716425	-3.450795	
1	3.550066	-8.984375	1.700594	-3.422133	
1	3.550066	-8.984375	1.700594	-3.422133	
1	3.561595	-8.935547	1.684353	-3.393487	
1	3.561595	-8.935547	1.684353	-3.393487	
1	3.564453	-8.922060	1.679780	-3.385551	
1	3.564453	-8.922060	1.679780	-3.385551	
1	3.571865	-8.886719	1.667747	-3.364933	
1	3.571865	-8.886719	1.667747	-3.364933	
1	3.580915	-8.837891	1.650778	-3.336480	
1	3.580915	-8.837891	1.650778	-3.336480	
1	3.588781	-8.789062	1.633451	-3.308134	
1	3.588781	-8.789062	1.633451	-3.308134	
1	3.595531	-8.740234	1.615777	-3.279919	
1	3.595531	-8.740234	1.615777	-3.279919	
1	3.601228	-8.691406	1.597770	-3.251857	
1	3.601228	-8.691406	1.597770	-3.251857	
1	3.605930	-8.642578	1.579439	-3.223969	
1	3.605930	-8.642578	1.579439	-3.223969	
1	3.609686	-8.593750	1.560797	-3.196277	
1	3.609686	-8.593750	1.560797	-3.196277	
1	3.612539	-8.544922	1.541854	-3.168801	
1	3.612539	-8.544922	1.541854	-3.168801	
1	3.613281	-8.526882	1.534756	-3.158670	
1	3.613281	-8.526882	1.534756	-3.158670	
1	3.614580	-8.496094	1.522636	-3.141579	
1	3.614580	-8.496094	1.522636	-3.141579	
1	3.615792	-8.447266	1.503138	-3.114610	
1	3.615792	-8.447266	1.503138	-3.114610	
1	3.616171	-8.398438	1.483361	-3.087898	
1	3.616171	-8.398438	1.483361	-3.087898	
1	3.615736	-8.349609	1.463311	-3.061457	
1	3.615736	-8.349609	1.463311	-3.061457	
1	3.614501	-8.300781	1.442993	-3.035300	
1	3.614501	-8.300781	1.442993	-3.035300	
1	3.613281	-8.271419	1.430618	-3.019674	
1	3.613281	-8.271419	1.430618	-3.019674	
1	3.612513	-8.251953	1.422426	-3.009455	
1	3.612513	-8.251953	1.422426	-3.009455	
1	3.609837	-8.203125	1.401633	-2.983958	
1	3.609837	-8.203125	1.401633	-2.983958	
1	3.606420	-8.154297	1.380604	-2.958799	
1	3.606420	-8.154297	1.380604	-2.958799	
1	3.602260	-8.105469	1.359341	-2.933987	
1	3.602260	-8.105469	1.359341	-2.933987	
1	3.597349	-8.056641	1.337847	-2.909532	
1	3.597349	-8.056641	1.337847	-2.909532	
1	3.591676	-8.007812	1.316124	-2.885443	
1	3.591676	-8.007812	1.316124	-2.885443	
1	3.585222	-7.958984	1.294170	-2.861726	
1	3.585222	-7.958984	1.294170	-2.861726	
1	3.577965	-7.910156	1.271986	-2.838390	
1	3.577965	-7.910156	1.271986	-2.838390	
1	3.569878	-7.861328	1.249567	-2.815442	
1	3.569878	-7.861328	1.249567	-2.815442	
1	3.564453	-7.831592	1.235767	-2.801627	
1	3.564453	-7.831592	1.235767	-2.801627	
1	3.561128	-7.812500	1.226989	-2.792964	
1	3.561128	-7.812500	1.226989	-2.792964	
1	3.551841	-7.763672	1.204317	-2.771025	
1	3.551841	-7.763672	1.204317	-2.771025	
1	3.541672	-7.714844	1.181425	-2.749509	
1	3.541672	-7.714844	1.181425	-2.749509	
1	3.530575	-7.666016	1.158308	-2.728424	
1	3.530575	-7.666016	1.158308	-2.728424	
1	3.518497	-7.617188	1.134955	-2.707775	
1	3.518497	-7.617188	1.134955	-2.707775	
1	3.515625	-7.606319	1.129705	-2.703223	
1	3.515625	-7.606319	1.129705	-2.703223	
1	3.505977	-7.568359	1.111615	-2.687788	
1	3.505977	-7.568359	1.111615	-2.687788	
1	3.492583	-7.519531	1.088125	-2.668326	
1	3.492583	-7.519531	1.088125	-2.668326	
1	3.478078	-7.470703	1.064404	-2.649337	
1	3.478078	-7.470703	1.064404	-2.649337	
1	3.466797	-7.435316	1.047045	-2.635865	
1	3.466797	-7.435316	1.047045	-2.635865	
1	3.462647	-7.421875	1.040554	-2.630920	
1	3.462647	-7.421875	1.040554	-2.630920	
1	3.446667	-7.373047	1.016778	-2.613235	
1	3.446667	-7.373047	1.016778	-2.613235	
1	3.429394	-7.324219	0.992771	-2.596066	
1	3.429394	-7.324219	0.992771	-2.596066	
1	3.417969	-7.293900	0.977738	-2.585670	
1	3.417969	-7.293900	0.977738	-2.585670	
1	3.411149	-7.275391	0.968714	-2.579561	
1	3.411149	-7.275391	0.968714	-2.579561	
1	3.392123	-7.226562	0.944739	-2.563819	
1	3.392123	-7.226562	0.944739	-2.563819	
1	3.371582	-7.177734	0.920549	-2.548663	
1	3.371582	-7.177734	0.920549	-2.548663	
1	3.369141	-7.172144	0.917771	-2.546969	
1	3.369141	-7.172144	0.917771	-2.546969	
1	3.350440	-7.128906	0.896630	-2.534408	
1	3.350440	-7.128906	0.896630	-2.534408	
1	3.327755	-7.080078	0.872598	-2.520839	
1	3.327755	-7.080078	0.872598	-2.520839	
1	3.320312	-7.064701	0.865027	-2.516725	
1	3.320312	-7.064701	0.865027	-2.516725	
1	3.304096	-7.031250	0.848794	-2.508167	
1	3.304096	-7.031250	0.848794	-2.508167	
1	3.278972	-6.982422	0.825068	-2.496327	
1	3.278972	-6.982422	0.825068	-2.496327	
1	3.271484	-6.968339	0.818267	-2.493083	
1	3.271484	-6.968339	0.818267	-2.493083	
1	3.252722	-6.933594	0.801676	-2.485462	
1	3.252722	-6.933594	0.801676	-2.485462	
1	3.224882	-6.884766	0.778509	-2.475540	
1	3.224882	-6.884766	0.778509	-2.475540	
1	3.222656	-6.880904	0.776711	-2.474806	
1	3.222656	-6.880904	0.776711	-2.474806	
1	3.195903	-6.835938	0.755909	-2.466721	
1	3.195903	-6.835938	0.755909	-2.466721	
1	3.173828	-6.800210	0.739746	-2.460975	
1	3.173828	-6.800210	0.739746	-2.460975	
1	3.165346	-6.787109	0.733819	-2.458993	
1	3.165346	-6.787109	0.733819	-2.458993	
1	3.133480	-6.738281	0.712537	-2.452471	
1	3.133480	-6.738281	0.712537	-2.452471	
1	3.125000	-6.725206	0.707122	-2.450970	
1	3.125000	-6.725206	0.707122	-2.450970	
1	3.100241	-6.689453	0.692228	-2.447205	
1	3.100241	-6.689453	0.692228	-2.447205	
1	3.076172	-6.654252	0.678632	-2.444279	
1	3.076172	-6.654252	0.678632	-2.444279	
1	3.066015	-6.640625	0.673279	-2.443276	
1	3.066015	-6.640625	0.673279	-2.443276	
1	3.031315	-6.591797	0.656123	-2.440714	
1	3.031315	-6.591797	0.656123	-2.440714	
1	3.027344	-6.585771	0.654276	-2.440505	
1	3.027344	-6.585771	0.654276	-2.440505	
1	2.996309	-6.542969	0.641036	-2.439462	
1	2.996309	-6.542969	0.641036	-2.439462	
1	2.978516	-6.515540	0.634265	-2.439296	
1	2.978516	-6.515540	0.634265	-2.439296	
1	2.963005	-6.494141	0.628917	-2.439388	
1	2.963005	-6.494141	0.628917	-2.439388	
1	2.933547	-6.445312	0.620461	-2.440080	
1	2.933547	-6.445312	0.620461	-2.440080	
1	2.929688	-6.437385	0.619594	-2.440202	
1	2.929688	-6.437385	0.619594	-2.440202	
1	2.908212	-6.396484	0.615505	-2.440985	
1	2.908212	-6.396484	0.615505	-2.440985	
1	2.890096	-6.347656	0.614531	-2.441263	
1	2.890096	-6.347656	0.614531	-2.441263	
1	2.880859	-6.311246	0.615928	-2.440687	
1	2.880859	-6.311246	0.615928	-2.440687	
1	2.877683	-6.298828	0.616564	-2.440391	
1	2.877683	-6.298828	0.616564	-2.440391	
1	2.869488	-6.250000	0.620793	-2.438091	
1	2.869488	-6.250000	0.620793	-2.438091	
1	2.864559	-6.201172	0.626655	-2.434218	
1	2.864559	-6.201172	0.626655	-2.434218	
1	2.861505	-6.152344	0.633595	-2.428834	
1	2.861505	-6.152344	0.633595	-2.428834	
1	2.859441	-6.103516	0.641252	-2.422037	
1	2.859441	-6.103516	0.641252	-2.422037	
1	2.857801	-6.054688	0.649379	-2.413929	
1	2.857801	-6.054688	0.649379	-2.413929	
1	2.856226	-6.005859	0.657804	-2.404608	
1	2.856226	-6.005859	0.657804	-2.404608	
1	2.854481	-5.957031	0.666399	-2.394167	
1	2.854481	-5.957031	0.666399	-2.394167	
1	2.852411	-5.908203	0.675067	-2.382689	
1	2.852411	-5.908203	0.675067	-2.382689	
1	2.849913	-5.859375	0.683734	-2.370251	
1	2.849913	-5.859375	0.683734	-2.370251	
1	2.846918	-5.810547	0.692340	-2.356925	
1	2.846918	-5.810547	0.692340	-2.356925	
1	2.843377	-5.761719	0.700835	-2.342775	
1	2.843377	-5.761719	0.700835	-2.342775	
1	2.839257	-5.712891	0.709181	-2.327860	
1	2.839257	-5.712891	0.709181	-2.327860	
1	2.834534	-5.664062	0.717345	-2.312236	
1	2.834534	-5.664062	0.717345	-2.312236	
1	2.832031	-5.641122	0.721104	-2.304678	
1	2.832031	-5.641122	0.721104	-2.304678	
1	2.829390	-5.615234	0.725315	-2.295921	
1	2.829390	-5.615234	0.725315	-2.295921	
1	2.823829	-5.566406	0.733067	-2.278961	
1	2.823829	-5.566406	0.733067	-2.278961	
1	2.817660	-5.517578	0.740565	-2.261435	
1	2.817660	-5.517578	0.740565	-2.261435	
1	2.810872	-5.468750	0.747794	-2.243384	
1	2.810872	-5.468750	0.747794	-2.243384	
1	2.803457	-5.419922	0.754741	-2.224849	
1	2.803457	-5.419922	0.754741	-2.224849	
1	2.795407	-5.371094	0.761395	-2.205865	
1	2.795407	-5.371094	0.761395	-2.205865	
1	2.786718	-5.322266	0.767748	-2.186468	
1	2.786718	-5.322266	0.767748	-2.186468	
1	2.783203	-5.303595	0.770096	-2.178952	
1	2.783203	-5.303595	0.770096	-2.178952	
1	2.777759	-5.273438	0.773808	-2.166641	
1	2.777759	-5.273438	0.773808	-2.166641	
1	2.768399	-5.224609	0.779561	-2.146438	
1	2.768399	-5.224609	0.779561	-2.146438	
1	2.758405	-5.175781	0.784992	-2.125916	
1	2.758405	-5.175781	0.784992	-2.125916	
1	2.747774	-5.126953	0.790099	-2.105103	
1	2.747774	-5.126953	0.790099	-2.105103	
1	2.736505	-5.078125	0.794882	-2.084024	
1	2.736505	-5.078125	0.794882	-2.084024	
1	2.734375	-5.069162	0.795725	-2.080126	
1	2.734375	-5.069162	0.795725	-2.080126	
1	2.725153	-5.029297	0.799349	-2.062648	
1	2.725153	-5.029297	0.799349	-2.062648	
1	2.713292	-4.980469	0.803488	-2.041047	
1	2.713292	-4.980469	0.803488	-2.041047	
1	2.700798	-4.931641	0.807297	-2.019253	
1	2.700798	-4.931641	0.807297	-2.019253	
1	2.687675	-4.882812	0.810779	-1.997284	
1	2.687675	-4.882812	0.810779	-1.997284	
1	2.685547	-4.875026	0.811304	-1.993764	
1	2.685547	-4.875026	0.811304	-1.993764	
1	2.674513	-4.833984	0.813938	-1.975122	
1	2.674513	-4.833984	0.813938	-1.975122	
1	2.660836	-4.785156	0.816770	-1.952821	
1	2.660836	-4.785156	0.816770	-1.952821	
1	2.646540	-4.736328	0.819276	-1.930406	
1	2.646540	-4.736328	0.819276	-1.930406	
1	2.636719	-4.703750	0.820769	-1.915392	
1	2.636719	-4.703750	0.820769	-1.915392	
1	2.631863	-4.687500	0.821460	-1.907881	
1	2.631863	-4.687500	0.821460	-1.907881	
1	2.617033	-4.638672	0.823323	-1.885259	
1	2.617033	-4.638672	0.823323	-1.885259	
1	2.601601	-4.589844	0.824867	-1.862574	
1	2.601601	-4.589844	0.824867	-1.862574	
1	2.587891	-4.547831	0.825941	-1.843015	
1	2.587891	-4.547831	0.825941	-1.843015	
1	2.585671	-4.541016	0.826093	-1.839838	
1	2.585671	-4.541016	0.826093	-1.839838	
1	2.569722	-4.492188	0.827006	-1.817058	
1	2.569722	-4.492188	0.827006	-1.817058	
1	2.553195	-4.443359	0.827606	-1.794262	
1	2.553195	-4.443359	0.827606	-1.794262	
1	2.539062	-4.402701	0.827870	-1.775276	
1	2.539062	-4.402701	0.827870	-1.775276	
1	2.536211	-4.394531	0.827898	-1.771461	
1	2.536211	-4.394531	0.827898	-1.771461	
1	2.519189	-4.345703	0.827883	-1.748671	
1	2.519189	-4.345703	0.827883	-1.748671	
1	2.501625	-4.296875	0.827566	-1.725906	
1	2.501625	-4.296875	0.827566	-1.725906	
1	2.490234	-4.265659	0.827206	-1.711373	
1	2.490234	-4.265659	0.827206	-1.711373	
1	2.483747	-4.248047	0.826949	-1.703181	
1	2.483747	-4.248047	0.826949	-1.703181	
1	2.465721	-4.199219	0.826036	-1.680515	
1	2.465721	-4.199219	0.826036	-1.680515	
1	2.447202	-4.150391	0.824831	-1.657914	
1	2.447202	-4.150391	0.824831	-1.657914	
1	2.441406	-4.135054	0.824392	-1.650834	
1	2.441406	-4.135054	0.824392	-1.650834	
1	2.428569	-4.101562	0.823336	-1.635401	
1	2.428569	-4.101562	0.823336	-1.635401	
1	2.409641	-4.052734	0.821556	-1.612985	
1	2.409641	-4.052734	0.821556	-1.612985	
1	2.392578	-4.009486	0.819745	-1.593220	
1	2.392578	-4.009486	0.819745	-1.593220	
1	2.390336	-4.003906	0.819495	-1.590675	
1	2.390336	-4.003906	0.819495	-1.590675	
1	2.371031	-3.955078	0.817157	-1.568501	
1	2.371031	-3.955078	0.817157	-1.568501	
1	2.351343	-3.906250	0.814545	-1.546459	
1	2.351343	-3.906250	0.814545	-1.546459	
1	2.343750	-3.887263	0.813457	-1.537935	
1	2.343750	-3.887263	0.813457	-1.537935	
1	2.331550	-3.857422	0.811664	-1.524574	
1	2.331550	-3.857422	0.811664	-1.524574	
1	2.311585	-3.808594	0.808519	-1.502856	
1	2.311585	-3.808594	0.808519	-1.502856	
1	2.294922	-3.768131	0.805716	-1.484996	
1	2.294922	-3.768131	0.805716	-1.484996	
1	2.291388	-3.759766	0.805114	-1.481314	
1	2.291388	-3.759766	0.805114	-1.481314	
1	2.271214	-3.710938	0.801455	-1.459977	
1	2.271214	-3.710938	0.801455	-1.459977	
1	2.250819	-3.662109	0.797544	-1.438840	
1	2.250819	-3.662109	0.797544	-1.438840	
1	2.246094	-3.650526	0.796583	-1.433868	
1	2.246094	-3.650526	0.796583	-1.433868	
1	2.230458	-3.613281	0.793391	-1.417935	
1	2.230458	-3.613281	0.793391	-1.417935	
1	2.210025	-3.564453	0.788998	-1.397266	
1	2.210025	-3.564453	0.788998	-1.397266	
1	2.197266	-3.533621	0.786107	-1.384357	
1	2.197266	-3.533621	0.786107	-1.384357	
1	2.189581	-3.515625	0.784373	-1.376849	
1	2.189581	-3.515625	0.784373	-1.376849	
1	2.169230	-3.466797	0.779522	-1.356707	
1	2.169230	-3.466797	0.779522	-1.356707	
1	2.148888	-3.417969	0.774450	-1.336843	
1	2.148888	-3.417969	0.774450	-1.336843	
1	2.148438	-3.416838	0.774330	-1.336388	
1	2.148438	-3.416838	0.774330	-1.336388	
1	2.128768	-3.369141	0.769168	-1.317290	
1	2.128768	-3.369141	0.769168	-1.317290	
1	2.108776	-3.320312	0.763681	-1.298052	
1	2.108776	-3.320312	0.763681	-1.298052	
1	2.099609	-3.297209	0.761022	-1.289087	
1	2.099609	-3.297209	0.761022	-1.289087	
1	2.089027	-3.271484	0.757999	-1.279150	
1	2.089027	-3.271484	0.757999	-1.279150	
1	2.069584	-3.222656	0.752131	-1.260606	
1	2.069584	-3.222656	0.752131	-1.260606	
1	2.050781	-3.174604	0.746184	-1.242718	
1	2.050781	-3.174604	0.746184	-1.242718	
1	2.050466	-3.173828	0.746086	-1.242431	
1	2.050466	-3.173828	0.746086	-1.242431	
1	2.031809	-3.125000	0.739878	-1.224653	
1	2.031809	-3.125000	0.739878	-1.224653	
1	2.013636	-3.076172	0.733517	-1.207287	
1	2.013636	-3.076172	0.733517	-1.207287	
1	2.001953	-3.043337	0.729170	-1.195878	
1	2.001953	-3.043337	0.729170	-1.195878	
1	1.996032	-3.027344	0.727016	-1.190355	
1	1.996032	-3.027344	0.727016	-1.190355	
1	1.979105	-2.978516	0.720391	-1.173879	
1	1.979105	-2.978516	0.720391	-1.173879	
1	1.962928	-2.929688	0.713656	-1.157881	
1	1.962928	-2.929688	0.713656	-1.157881	
1	1.953125	-2.898005	0.709248	-1.147797	
1	1.953125	-2.898005	0.709248	-1.147797	
1	1.947599	-2.880859	0.706828	-1.142383	
1	1.947599	-2.880859	0.706828	-1.142383	
1	1.933235	-2.832031	0.699927	-1.127410	
1	1.933235	-2.832031	0.699927	-1.127410	
1	1.919941	-2.783203	0.692974	-1.112985	
1	1.919941	-2.783203	0.692974	-1.112985	
1	1.907832	-2.734375	0.685991	-1.099134	
1	1.907832	-2.734375	0.685991	-1.099134	
1	1.904297	-2.717945	0.683655	-1.094639	
1	1.904297	-2.717945	0.683655	-1.094639	
1	1.897036	-2.685547	0.679001	-1.085881	
1	1.897036	-2.685547	0.679001	-1.085881	
1	1.887696	-2.636719	0.672034	-1.073253	
1	1.887696	-2.636719	0.672034	-1.073253	
1	1.879951	-2.587891	0.665117	-1.061275	
1	1.879951	-2.587891	0.665117	-1.061275	
1	1.873950	-2.539062	0.658285	-1.049974	
1	1.873950	-2.539062	0.658285	-1.049974	
1	1.869856	-2.490234	0.651571	-1.039376	
1	1.869856	-2.490234	0.651571	-1.039376	
1	1.867847	-2.441406	0.645017	-1.029509	
1	1.867847	-2.441406	0.645017	-1.029509	
1	1.868115	-2.392578	0.638667	-1.020400	
1	1.868115	-2.392578	0.638667	-1.020400	
1	1.870869	-2.343750	0.632570	-1.012078	
1	1.870869	-2.343750	0.632570	-1.012078	
1	1.876338	-2.294922	0.626783	-1.004571	
1	1.876338	-2.294922	0.626783	-1.004571	
1	1.884770	-2.246094	0.621370	-0.997907	
1	1.884770	-2.246094	0.621370	-0.997907	
1	1.896434	-2.197266	0.616402	-0.992116	
1	1.896434	-2.197266	0.616402	-0.992116	
1	1.904297	-2.171428	0.614013	-0.989450	
1	1.904297	-2.171428	0.614013	-0.989450	
1	1.911716	-2.148438	0.611972	-0.987236	
1	1.911716	-2.148438	0.611972	-0.987236	
1	1.931020	-2.099609	0.608186	-0.983305	
1	1.931020	-2.099609	0.608186	-0.983305	
1	1.953125	-2.053744	0.605315	-0.980498	
1	1.953125	-2.053744	0.605315	-0.980498	
1	1.954649	-2.050781	0.605150	-0.980341	
1	1.954649	-2.050781	0.605150	-0.980341	
1	1.983460	-2.001953	0.603056	-0.978426	
1	1.983460	-2.001953	0.603056	-0.978426	
1	2.001953	-1.974864	0.602376	-0.977837	
1	2.001953	-1.974864	0.602376	-0.977837	
1	2.017893	-1.953125	0.602068	-0.977579	
1	2.017893	-1.953125	0.602068	-0.977579	
1	2.050781	-1.913369	0.602266	-0.977731	
1	2.050781	-1.913369	0.602266	-0.977731	
1	2.058878	-1.904297	0.602444	-0.977867	
1	2.058878	-1.904297	0.602444	-0.977867	
1	2.099609	-1.862986	0.604088	-0.979063	
1	2.099609	-1.862986	0.604088	-0.979063	
1	2.107641	-1.855469	0.604531	-0.979373	
1	2.107641	-1.855469	0.604531	-0.979373	
1	2.148438	-1.820324	0.607353	-0.981269	
1	2.148438	-1.820324	0.607353	-0.981269	
1	2.165719	-1.806641	0.608792	-0.982193	
1	2.165719	-1.806641	0.608792	-0.982193	
1	2.197266	-1.783339	0.611765	-0.984033	
1	2.197266	-1.783339	0.611765	-0.984033	
1	2.235014	-1.757812	0.615842	-0.986428	
1	2.235014	-1.757812	0.615842	-0.986428	
1	2.246094	-1.750743	0.617137	-0.987163	
1	2.246094	-1.750743	0.617137	-0.987163	
1	2.294922	-1.721859	0.623360	-0.990548	
1	2.294922	-1.721859	0.623360	-0.990548	
1	2.318622	-1.708984	0.626657	-0.992255	
1	2.318622	-1.708984	0.626657	-0.992255	
1	2.343750	-1.695929	0.630325	-0.994093	
1	2.343750	-1.695929	0.630325	-0.994093	
1	2.392578	-1.672524	0.637965	-0.997741	
1	2.392578	-1.672524	0.637965	-0.997741	
1	2.420582	-1.660156	0.642636	-0.999864	
1	2.420582	-1.660156	0.642636	-0.999864	
1	2.441406	-1.651259	0.646224	-1.001447	
1	2.441406	-1.651259	0.646224	-1.001447	
1	2.490234	-1.631864	0.655060	-1.005179	
1	2.490234	-1.631864	0.655060	-1.005179	
1	2.539062	-1.614070	0.664434	-1.008913	
1	2.539062	-1.614070	0.664434	-1.008913	
1	2.547089	-1.611328	0.666028	-1.009527	
1	2.547089	-1.611328	0.666028	-1.009527	
1	2.587891	-1.597678	0.674316	-1.012630	
1	2.587891	-1.597678	0.674316	-1.012630	
1	2.636719	-1.582522	0.684681	-1.016317	
1	2.636719	-1.582522	0.684681	-1.016317	
1	2.685547	-1.568473	0.695511	-1.019962	
1	2.685547	-1.568473	0.695511	-1.019962	
1	2.707658	-1.562500	0.700567	-1.021599	
1	2.707658	-1.562500	0.700567	-1.021599	
1	2.734375	-1.555358	0.706782	-1.023558	
1	2.734375	-1.555358	0.706782	-1.023558	
1	2.783203	-1.543064	0.718479	-1.027098	
1	2.783203	-1.543064	0.718479	-1.027098	
1	2.832031	-1.531537	0.730591	-1.030579	
1	2.832031	-1.531537	0.730591	-1.030579	
1	2.880859	-1.520689	0.743107	-1.033998	
1	2.880859	-1.520689	0.743107	-1.033998	
1	2.914153	-1.513672	0.751869	-1.036293	
1	2.914153	-1.513672	0.751869	-1.036293	
1	2.929688	-1.510396	0.756013	-1.037352	
1	2.929688	-1.510396	0.756013	-1.037352	
1	2.978516	-1.500529	0.769294	-1.040638	
1	2.978516	-1.500529	0.769294	-1.040638	
1	3.027344	-1.491110	0.782950	-1.043857	
1	3.027344	-1.491110	0.782950	-1.043857	
1	3.076172	-1.482079	0.796971	-1.047010	
1	3.076172	-1.482079	0.796971	-1.047010	
1	3.125000	-1.473376	0.811351	-1.050097	
1	3.125000	-1.473376	0.811351	-1.050097	
1	3.173828	-1.464948	0.826083	-1.053117	
1	3.173828	-1.464948	0.826083	-1.053117	
1	3.174445	-1.464844	0.826271	-1.053154	
1	3.174445	-1.464844	0.826271	-1.053154	
1	3.222656	-1.456573	0.841150	-1.056069	
1	3.222656	-1.456573	0.841150	-1.056069	
1	3.271484	-1.448363	0.856558	-1.058957	
1	3.271484	-1.448363	0.856558	-1.058957	
1	3.320312	-1.440273	0.872300	-1.061781	
1	3.320312	-1.440273	0.872300	-1.061781	
1	3.369141	-1.432261	0.888373	-1.064542	
1	3.369141	-1.432261	0.888373	-1.064542	
1	3.417969	-1.424285	0.904771	-1.067243	
1	3.417969	-1.424285	0.904771	-1.067243	
1	3.466797	-1.416305	0.921490	-1.069883	
1	3.466797	-1.416305	0.921490	-1.069883	
1	3.468551	-1.416016	0.922096	-1.069977	
1	3.468551	-1.416016	0.922096	-1.069977	
1	3.515625	-1.408065	0.938515	-1.072462	
1	3.515625	-1.408065	0.938515	-1.072462	
1	3.564453	-1.399724	0.955851	-1.074984	
1	3.564453	-1.399724	0.955851	-1.074984	
1	3.613281	-1.391251	0.973498	-1.077450	
1	3.613281	-1.391251	0.973498	-1.077450	
1	3.662109	-1.382612	0.991449	-1.079860	
1	3.662109	-1.382612	0.991449	-1.079860	
1	3.710938	-1.373770	1.009703	-1.082216	
1	3.710938	-1.373770	1.009703	-1.082216	
1	3.746337	-1.367188	1.023122	-1.083891	
1	3.746337	-1.367188	1.023122	-1.083891	
1	3.759766	-1.364606	1.028251	-1.084518	
1	3.759766	-1.364606	1.028251	-1.084518	
1	3.808594	-1.354926	1.047084	-1.086767	
1	3.808594	-1.354926	1.047084	-1.086767	
1	3.857422	-1.344916	1.066208	-1.088964	
1	3.857422	-1.344916	1.066208	-1.088964	
1	3.906250	-1.334541	1.085622	-1.091111	
1	3.906250	-1.334541	1.085622	-1.091111	
1	3.955078	-1.323766	1.105322	-1.093207	
1	3.955078	-1.323766	1.105322	-1.093207	
1	3.978658	-1.318359	1.114934	-1.094202	
1	3.978658	-1.318359	1.114934	-1.094202	
1	4.003906	-1.312317	1.125295	-1.095253	
1	4.003906	-1.312317	1.125295	-1.095253	
1	4.052734	-1.300141	1.145538	-1.097249	
1	4.052734	-1.300141	1.145538	-1.097249	
1	4.101562	-1.287420	1.166059	-1.099195	
1	4.101562	-1.287420	1.166059	-1.099195	
1	4.150391	-1.274115	1.186854	-1.101091	
1	4.150391	-1.274115	1.186854	-1.101091	
1	4.166512	-1.269531	1.193778	-1.101706	
1	4.166512	-1.269531	1.193778	-1.101706	
1	4.199219	-1.259738	1.207905	-1.102937	
1	4.199219	-1.259738	1.207905	-1.102937	
1	4.248047	-1.244426	1.229218	-1.104731	
1	4.248047	-1.244426	1.229218	-1.104731	
1	4.296875	-1.228352	1.250798	-1.106475	
1	4.296875	-1.228352	1.250798	-1.106475	
1	4.319082	-1.220703	1.260698	-1.107250	
1	4.319082	-1.220703	1.260698	-1.107250	
1	4.345703	-1.210963	1.272626	-1.108165	
1	4.345703	-1.210963	1.272626	-1.108165	
1	4.394531	-1.192227	1.294704	-1.109800	
1	4.394531	-1.192227	1.294704	-1.109800	
1	4.443359	-1.172507	1.317044	-1.111381	
1	4.443359	-1.172507	1.317044	-1.111381	
1	4.444858	-1.171875	1.317733	-1.111428	
1	4.444858	-1.171875	1.317733	-1.111428	
1	4.492188	-1.150472	1.339606	-1.112901	
1	4.492188	-1.150472	1.339606	-1.112901	
1	4.541016	-1.127188	1.362429	-1.114360	
1	4.541016	-1.127188	1.362429	-1.114360	
1	4.549320	-1.123047	1.366334	-1.114602	
1	4.549320	-1.123047	1.366334	-1.114602	
1	4.589844	-1.101157	1.385471	-1.115754	
1	4.589844	-1.101157	1.385471	-1.115754	
1	4.637125	-1.074219	1.408026	-1.117038	
1	4.637125	-1.074219	1.408026	-1.117038	
1	4.638672	-1.073255	1.408767	-1.117079	
1	4.638672	-1.073255	1.408767	-1.117079	
1	4.687500	-1.041408	1.432268	-1.118327	
1	4.687500	-1.041408	1.432268	-1.118327	
1	4.710842	-1.025391	1.443596	-1.118896	
1	4.710842	-1.025391	1.443596	-1.118896	
1	4.736328	-1.005994	1.456003	-1.119493	
1	4.736328	-1.005994	1.456003	-1.119493	
1	4.773116	-0.976562	1.474042	-1.120312	
1	4.773116	-0.976562	1.474042	-1.120312	
1	4.785156	-0.965720	1.479961	-1.120568	
1	4.785156	-0.965720	1.479961	-1.120568	
1	4.825347	-0.927734	1.499846	-1.121375	
1	4.825347	-0.927734	1.499846	-1.121375	
1	4.833984	-0.918374	1.504129	-1.121537	
1	4.833984	-0.918374	1.504129	-1.121537	
1	4.868736	-0.878906	1.521459	-1.122154	
1	4.868736	-0.878906	1.521459	-1.122154	
1	4.882812	-0.860124	1.528493	-1.122383	
1	4.882812	-0.860124	1.528493	-1.122383	
1	4.904336	-0.830078	1.539306	-1.122710	
1	4.904336	-0.830078	1.539306	-1.122710	
1	4.931641	-0.783767	1.553058	-1.123075	
1	4.931641	-0.783767	1.553058	-1.123075	
1	4.933062	-0.781250	1.553777	-1.123092	
1	4.933062	-0.781250	1.553777	-1.123092	
1	4.955103	-0.732422	1.564908	-1.123335	
1	4.955103	-0.732422	1.564908	-1.123335	
1	4.971421	-0.683594	1.573158	-1.123477	
1	4.971421	-0.683594	1.573158	-1.123477	
1	4.980469	-0.643042	1.577713	-1.123538	
1	4.980469	-0.643042	1.577713	-1.123538	
1	4.982243	-0.634766	1.578615	-1.123548	
1	4.982243	-0.634766	1.578615	-1.123548	
1	4.987782	-0.585938	1.581369	-1.123571	
1	4.987782	-0.585938	1.581369	-1.123571	
1	4.988484	-0.537109	1.581643	-1.123573	
1	4.988484	-0.537109	1.581643	-1.123573	
1	4.984573	-0.488281	1.579550	-1.123575	
1	4.984573	-0.488281	1.579550	-1.123575	
1	4.980469	-0.464355	1.577389	-1.123583	
1	4.980469	-0.464355	1.577389	-1.123583	
1	4.976170	-0.439453	1.575154	-1.123596	
1	4.976170	-0.439453	1.575154	-1.123596	
1	4.963395	-0.390625	1.568521	-1.123656	
1	4.963395	-0.390625	1.568521	-1.123656	
1	4.946536	-0.341797	1.559815	-1.123770	
1	4.946536	-0.341797	1.559815	-1.123770	
1	4.931641	-0.306893	1.552144	-1.123897	
1	4.931641	-0.306893	1.552144	-1.123897	
1	4.925660	-0.292969	1.549082	-1.123954	
1	4.925660	-0.292969	1.549082	-1.123954	
1	4.900688	-0.244141	1.536297	-1.124225	
1	4.900688	-0.244141	1.536297	-1.124225	
1	4.882812	-0.213756	1.527171	-1.124448	
1	4.882812	-0.213756	1.527171	-1.124448	
1	4.871890	-0.195312	1.521622	-1.124595	
1	4.871890	-0.195312	1.521622	-1.124595	
1	4.839227	-0.146484	1.505060	-1.125078	
1	4.839227	-0.146484	1.505060	-1.125078	
1	4.833984	-0.139453	1.502404	-1.125161	
1	4.833984	-0.139453	1.502404	-1.125161	
1	4.802613	-0.097656	1.486589	-1.125688	
1	4.802613	-0.097656	1.486589	-1.125688	
1	4.785156	-0.076473	1.477810	-1.126003	
1	4.785156	-0.076473	1.477810	-1.126003	
1	4.762218	-0.048828	1.466331	-1.126436	
1	4.762218	-0.048828	1.466331	-1.126436	
1	4.736328	-0.020159	1.453401	-1.126951	
1	4.736328	-0.020159	1.453401	-1.126951	
1	4.717998	0.000000	1.444292	-1.127332	
1	4.717998	0.000000	1.444292	-1.127332	
1	4.687500	0.031046	1.429167	-1.127992	
1	4.687500	0.031046	1.429167	-1.127992	
1	4.669909	0.048828	1.420488	-1.128387	
1	4.669909	0.048828	1.420488	-1.128387	
1	4.638672	0.078245	1.405106	-1.129113	
1	4.638672	0.078245	1.405106	-1.129113	
1	4.617914	0.097656	1.394938	-1.129611	
1	4.617914	0.097656	1.394938	-1.129611	
1	4.589844	0.122245	1.381216	-1.130304	
1	4.589844	0.122245	1.381216	-1.130304	
1	4.561977	0.146484	1.367667	-1.131012	
1	4.561977	0.146484	1.367667	-1.131012	
1	4.541016	0.163646	1.357498	-1.131558	
1	4.541016	0.163646	1.357498	-1.131558	
1	4.502066	0.195312	1.338708	-1.132598	
1	4.502066	0.195312	1.338708	-1.132598	
1	4.492188	0.202905	1.333953	-1.132867	
1	4.492188	0.202905	1.333953	-1.132867	
1	4.443359	0.240131	1.310575	-1.134225	
1	4.443359	0.240131	1.310575	-1.134225	
1	4.438053	0.244141	1.308046	-1.134375	
1	4.438053	0.244141	1.308046	-1.134375	
1	4.394531	0.275328	1.287356	-1.135627	
1	4.394531	0.275328	1.287356	-1.135627	
1	4.369744	0.292969	1.275644	-1.136352	
1	4.369744	0.292969	1.275644	-1.136352	
1	4.345703	0.309252	1.264312	-1.137066	
1	4.345703	0.309252	1.264312	-1.137066	
1	4.297325	0.341797	1.241656	-1.138524	
1	4.297325	0.341797	1.241656	-1.138524	
1	4.296875	0.342086	1.241445	-1.138537	
1	4.296875	0.342086	1.241445	-1.138537	
1	4.248047	0.373090	1.218727	-1.140039	
1	4.248047	0.373090	1.218727	-1.140039	
1	4.220247	0.390625	1.205880	-1.140904	
1	4.220247	0.390625	1.205880	-1.140904	
1	4.199219	0.403320	1.196187	-1.141564	
1	4.199219	0.403320	1.196187	-1.141564	
1	4.150391	0.432550	1.173815	-1.143109	
1	4.150391	0.432550	1.173815	-1.143109	
1	4.138746	0.439453	1.168507	-1.143480	
1	4.138746	0.439453	1.168507	-1.143480	
1	4.101562	0.460597	1.151602	-1.144671	
1	4.101562	0.460597	1.151602	-1.144671	
1	4.052734	0.488192	1.129570	-1.146244	
1	4.052734	0.488192	1.129570	-1.146244	
1	4.052575	0.488281	1.129498	-1.146249	
1	4.052575	0.488281	1.129498	-1.146249	
1	4.003906	0.514406	1.107684	-1.147828	
1	4.003906	0.514406	1.107684	-1.147828	
1	3.961368	0.537109	1.088770	-1.149212	
1	3.961368	0.537109	1.088770	-1.149212	
1	3.955078	0.540344	1.085982	-1.149417	
1	3.955078	0.540344	1.085982	-1.149417	
1	3.906250	0.565164	1.064431	-1.151009	
1	3.906250	0.565164	1.064431	-1.151009	
1	3.865130	0.585938	1.046424	-1.152348	
1	3.865130	0.585938	1.046424	-1.152348	
1	3.857422	0.589696	1.043058	-1.152599	
1	3.857422	0.589696	1.043058	-1.152599	
1	3.808594	0.613234	1.021838	-1.154187	
1	3.808594	0.613234	1.021838	-1.154187	
1	3.763669	0.634766	1.002474	-1.155640	
1	3.763669	0.634766	1.002474	-1.155640	
1	3.759766	0.636574	1.000797	-1.155766	
1	3.759766	0.636574	1.000797	-1.155766	
1	3.710938	0.658930	0.979906	-1.157337	
1	3.710938	0.658930	0.979906	-1.157337	
1	3.662109	0.681167	0.959192	-1.158893	
1	3.662109	0.681167	0.959192	-1.158893	
1	3.656718	0.683594	0.956915	-1.159064	
1	3.656718	0.683594	0.956915	-1.159064	
1	3.613281	0.702527	0.938630	-1.160435	
1	3.613281	0.702527	0.938630	-1.160435	
1	3.564453	0.723679	0.918240	-1.161958	
1	3.564453	0.723679	0.918240	-1.161958	
1	3.544087	0.732422	0.909785	-1.162588	
1	3.544087	0.732422	0.909785	-1.162588	
1	3.515625	0.744268	0.898010	-1.163461	
1	3.515625	0.744268	0.898010	-1.163461	
1	3.466797	0.764425	0.877942	-1.164939	
1	3.466797	0.764425	0.877942	-1.164939	
1	3.425794	0.781250	0.861221	-1.166160	
1	3.425794	0.781250	0.861221	-1.166160	
1	3.417969	0.784368	0.858041	-1.166391	
1	3.417969	0.784368	0.858041	-1.166391	
1	3.369141	0.803613	0.838293	-1.167814	
1	3.369141	0.803613	0.838293	-1.167814	
1	3.320312	0.822767	0.818714	-1.169205	
1	3.320312	0.822767	0.818714	-1.169205	
1	3.301516	0.830078	0.811220	-1.169732	
1	3.301516	0.830078	0.811220	-1.169732	
1	3.271484	0.841431	0.799290	-1.170563	
1	3.271484	0.841431	0.799290	-1.170563	
1	3.222656	0.859761	0.780027	-1.171884	
1	3.222656	0.859761	0.780027	-1.171884	
1	3.173828	0.878019	0.760928	-1.173165	
1	3.173828	0.878019	0.760928	-1.173165	
1	3.171431	0.878906	0.759994	-1.173227	
1	3.171431	0.878906	0.759994	-1.173227	
1	3.125000	0.895629	0.741978	-1.174406	
1	3.125000	0.895629	0.741978	-1.174406	
1	3.076172	0.913146	0.723189	-1.175603	
1	3.076172	0.913146	0.723189	-1.175603	
1	3.035344	0.927734	0.707602	-1.176569	
1	3.035344	0.927734	0.707602	-1.176569	
1	3.027344	0.930519	0.704560	-1.176754	
1	3.027344	0.930519	0.704560	-1.176754	
1	2.978516	0.947369	0.686078	-1.177857	
1	2.978516	0.947369	0.686078	-1.177857	
1	2.929688	0.964177	0.667755	-1.178910	
1	2.929688	0.964177	0.667755	-1.178910	
1	2.893583	0.976562	0.654307	-1.179654	
1	2.893583	0.976562	0.654307	-1.179654	
1	2.880859	0.980817	0.649586	-1.179909	
1	2.880859	0.980817	0.649586	-1.179909	
1	2.832031	0.997038	0.631564	-1.180854	
1	2.832031	0.997038	0.631564	-1.180854	
1	2.783203	1.013240	0.613695	-1.181741	
1	2.783203	1.013240	0.613695	-1.181741	
1	2.746508	1.025391	0.600365	-1.182370	
1	2.746508	1.025391	0.600365	-1.182370	
1	2.734375	1.029310	0.595974	-1.182570	
1	2.734375	1.029310	0.595974	-1.182570	
1	2.685547	1.045001	0.578398	-1.183337	
1	2.685547	1.045001	0.578398	-1.183337	
1	2.636719	1.060697	0.560968	-1.184041	
1	2.636719	1.060697	0.560968	-1.184041	
1	2.594661	1.074219	0.546072	-1.184595	
1	2.594661	1.074219	0.546072	-1.184595	
1	2.587891	1.076344	0.543683	-1.184680	
1	2.587891	1.076344	0.543683	-1.184680	
1	2.539062	1.091603	0.526537	-1.185251	
1	2.539062	1.091603	0.526537	-1.185251	
1	2.490234	1.106892	0.509531	-1.185753	
1	2.490234	1.106892	0.509531	-1.185753	
1	2.441406	1.122221	0.492664	-1.186184	
1	2.441406	1.122221	0.492664	-1.186184	
1	2.438769	1.123047	0.491757	-1.186205	
1	2.438769	1.123047	0.491757	-1.186205	
1	2.392578	1.137169	0.475929	-1.186542	
1	2.392578	1.137169	0.475929	-1.186542	
1	2.343750	1.152146	0.459328	-1.186825	
1	2.343750	1.152146	0.459328	-1.186825	
1	2.294922	1.167187	0.442857	-1.187032	
1	2.294922	1.167187	0.442857	-1.187032	
1	2.279716	1.171875	0.437754	-1.187080	
1	2.279716	1.171875	0.437754	-1.187080	
1	2.246094	1.182001	0.426513	-1.187160	
1	2.246094	1.182001	0.426513	-1.187160	
1	2.197266	1.196757	0.410294	-1.187208	
1	2.197266	1.196757	0.410294	-1.187208	
1	2.148438	1.211600	0.394196	-1.187173	
1	2.148438	1.211600	0.394196	-1.187173	
1	2.118625	1.220703	0.384426	-1.187112	
1	2.118625	1.220703	0.384426	-1.187112	
1	2.099609	1.226377	0.378218	-1.187056	
1	2.099609	1.226377	0.378218	-1.187056	
1	2.050781	1.240998	0.362355	-1.186853	
1	2.050781	1.240998	0.362355	-1.186853	
1	2.001953	1.255727	0.346604	-1.186563	
1	2.001953	1.255727	0.346604	-1.186563	
1	1.956544	1.269531	0.332053	-1.186215	
1	1.956544	1.269531	0.332053	-1.186215	
1	1.953125	1.270547	0.330961	-1.186185	
1	1.953125	1.270547	0.330961	-1.186185	
1	1.904297	1.285110	0.315427	-1.185717	
1	1.904297	1.285110	0.315427	-1.185717	
1	1.855469	1.299801	0.299993	-1.185158	
1	1.855469	1.299801	0.299993	-1.185158	
1	1.806641	1.314631	0.284655	-1.184505	
1	1.806641	1.314631	0.284655	-1.184505	
1	1.794442	1.318359	0.280838	-1.184328	
1	1.794442	1.318359	0.280838	-1.184328	
1	1.757812	1.329304	0.269415	-1.183759	
1	1.757812	1.329304	0.269415	-1.183759	
1	1.708984	1.344022	0.254265	-1.182916	
1	1.708984	1.344022	0.254265	-1.182916	
1	1.660156	1.358894	0.239199	-1.181976	
1	1.660156	1.358894	0.239199	-1.181976	
1	1.633168	1.367188	0.230907	-1.181414	
1	1.633168	1.367188	0.230907	-1.181414	
1	1.611328	1.373750	0.224217	-1.180937	
1	1.611328	1.373750	0.224217	-1.180937	
1	1.562500	1.388549	0.209315	-1.179799	
1	1.562500	1.388549	0.209315	-1.179799	
1	1.513672	1.403512	0.194485	-1.178559	
1	1.513672	1.403512	0.194485	-1.178559	
1	1.473304	1.416016	0.182275	-1.177456	
1	1.473304	1.416016	0.182275	-1.177456	
1	1.464844	1.418579	0.179723	-1.177216	
1	1.464844	1.418579	0.179723	-1.177216	
1	1.416016	1.433497	0.165032	-1.175771	
1	1.416016	1.433497	0.165032	-1.175771	
1	1.367188	1.448586	0.150399	-1.174219	
1	1.367188	1.448586	0.150399	-1.174219	
1	1.318359	1.463851	0.135819	-1.172562	
1	1.318359	1.463851	0.135819	-1.172562	
1	1.315212	1.464844	0.134880	-1.172451	
1	1.315212	1.464844	0.134880	-1.172451	
1	1.269531	1.478937	0.121298	-1.170797	
1	1.269531	1.478937	0.121298	-1.170797	
1	1.220703	1.494172	0.106822	-1.168924	
1	1.220703	1.494172	0.106822	-1.168924	
1	1.171875	1.509582	0.092385	-1.166941	
1	1.171875	1.509582	0.092385	-1.166941	
1	1.159043	1.513672	0.088596	-1.166402	
1	1.159043	1.513672	0.088596	-1.166402	
1	1.123047	1.524894	0.077992	-1.164848	
1	1.123047	1.524894	0.077992	-1.164848	
1	1.074219	1.540279	0.063633	-1.162644	
1	1.074219	1.540279	0.063633	-1.162644	
1	1.025391	1.555833	0.049299	-1.160326	
1	1.025391	1.555833	0.049299	-1.160326	
1	1.004667	1.562500	0.043220	-1.159308	
1	1.004667	1.562500	0.043220	-1.159308	
1	0.976562	1.571348	0.034993	-1.157896	
1	0.976562	1.571348	0.034993	-1.157896	
1	0.927734	1.586870	0.020711	-1.155351	
1	0.927734	1.586870	0.020711	-1.155351	
1	0.878906	1.602552	0.006439	-1.152691	
1	0.878906	1.602552	0.006439	-1.152691	
1	0.851838	1.611328	-0.001471	-1.151165	
1	0.851838	1.611328	-0.001471	-1.151165	
1	0.830078	1.618233	-0.007819	-1.149915	
1	0.830078	1.618233	-0.007819	-1.149915	
1	0.781250	1.633869	-0.022064	-1.147023	
1	0.781250	1.633869	-0.022064	-1.147023	
1	0.732422	1.649648	-0.036312	-1.144014	
1	0.732422	1.649648	-0.036312	-1.144014	
1	0.700185	1.660156	-0.045724	-1.141961	
1	0.700185	1.660156	-0.045724	-1.141961	
1	0.683594	1.665451	-0.050561	-1.140886	
1	0.683594	1.665451	-0.050561	-1.140886	
1	0.634766	1.681162	-0.064807	-1.137642	
1	0.634766	1.681162	-0.064807	-1.137642	
1	0.585938	1.696997	-0.079069	-1.134277	
1	0.585938	1.696997	-0.079069	-1.134277	
1	0.549251	1.708984	-0.089798	-1.131670	
1	0.549251	1.708984	-0.089798	-1.131670	
1	0.537109	1.712870	-0.093345	-1.130793	
1	0.537109	1.712870	-0.093345	-1.130793	
1	0.488281	1.728609	-0.107628	-1.127192	
1	0.488281	1.728609	-0.107628	-1.127192	
1	0.439453	1.744449	-0.121939	-1.123470	
1	0.439453	1.744449	-0.121939	-1.123470	
1	0.398510	1.757812	-0.133963	-1.120255	
1	0.398510	1.757812	-0.133963	-1.120255	
1	0.390625	1.760334	-0.136277	-1.119627	
1	0.390625	1.760334	-0.136277	-1.119627	
1	0.341797	1.776046	-0.150632	-1.115667	
1	0.341797	1.776046	-0.150632	-1.115667	
1	0.292969	1.791835	-0.165024	-1.111586	
1	0.292969	1.791835	-0.165024	-1.111586	
1	0.247383	1.806641	-0.178498	-1.107665	
1	0.247383	1.806641	-0.178498	-1.107665	
1	0.244141	1.807673	-0.179457	-1.107383	
1	0.244141	1.807673	-0.179457	-1.107383	
1	0.195312	1.823299	-0.193913	-1.103064	
1	0.195312	1.823299	-0.193913	-1.103064	
1	0.146484	1.838976	-0.208416	-1.098624	
1	0.146484	1.838976	-0.208416	-1.098624	
1	0.097656	1.854695	-0.222972	-1.094062	
1	0.097656	1.854695	-0.222972	-1.094062	
1	0.095262	1.855469	-0.223687	-1.093835	
1	0.095262	1.855469	-0.223687	-1.093835	
1	0.048828	1.870187	-0.237559	-1.089386	
1	0.048828	1.870187	-0.237559	-1.089386	
1	0.000000	1.885691	-0.252202	-1.084590	
1	0.000000	1.885691	-0.252202	-1.084590	
1	-0.048828	1.901210	-0.266905	-1.079674	
1	-0.048828	1.901210	-0.266905	-1.079674	
1	-0.058517	1.904297	-0.269831	-1.078684	
1	-0.058517	1.904297	-0.269831	-1.078684	
1	-0.097656	1.916532	-0.281652	-1.074644	
1	-0.097656	1.916532	-0.281652	-1.074644	
1	-0.146484	1.931803	-0.296459	-1.069496	
1	-0.146484	1.931803	-0.296459	-1.069496	
1	-0.195312	1.947063	-0.311333	-1.064230	
1	-0.195312	1.947063	-0.311333	-1.064230	
1	-0.214697	1.953125	-0.317259	-1.062107	
1	-0.214697	1.953125	-0.317259	-1.062107	
1	-0.244141	1.962164	-0.326264	-1.058851	
1	-0.244141	1.962164	-0.326264	-1.058851	
1	-0.292969	1.977145	-0.341256	-1.053359	
1	-0.292969	1.977145	-0.341256	-1.053359	
1	-0.341797	1.992092	-0.356323	-1.047751	
1	-0.341797	1.992092	-0.356323	-1.047751	
1	-0.374068	2.001953	-0.366324	-1.043980	
1	-0.374068	2.001953	-0.366324	-1.043980	
1	-0.390625	2.006923	-0.371459	-1.042030	
1	-0.390625	2.006923	-0.371459	-1.042030	
1	-0.439453	2.021563	-0.386657	-1.036201	
1	-0.439453	2.021563	-0.386657	-1.036201	
1	-0.488281	2.036146	-0.401936	-1.030259	
1	-0.488281	2.036146	-0.401936	-1.030259	
1	-0.537109	2.050666	-0.417296	-1.024205	
1	-0.537109	2.050666	-0.417296	-1.024205	
1	-0.537496	2.050781	-0.417418	-1.024156	
1	-0.537496	2.050781	-0.417418	-1.024156	
1	-0.585938	2.064920	-0.432718	-1.018048	
1	-0.585938	2.064920	-0.432718	-1.018048	
1	-0.634766	2.079096	-0.448225	-1.011783	
1	-0.634766	2.079096	-0.448225	-1.011783	
1	-0.683594	2.093190	-0.463819	-1.005409	
1	-0.683594	2.093190	-0.463819	-1.005409	
1	-0.705933	2.099609	-0.470983	-1.002456	
1	-0.705933	2.099609	-0.470983	-1.002456	
1	-0.732422	2.107097	-0.479489	-0.998932	
1	-0.732422	2.107097	-0.479489	-0.998932	
1	-0.781250	2.120828	-0.495240	-0.992354	
1	-0.781250	2.120828	-0.495240	-0.992354	
1	-0.830078	2.134460	-0.511081	-0.985671	
1	-0.830078	2.134460	-0.511081	-0.985671	
1	-0.878906	2.147986	-0.527015	-0.978885	
1	-0.878906	2.147986	-0.527015	-0.978885	
1	-0.880545	2.148438	-0.527551	-0.978655	
1	-0.880545	2.148438	-0.527551	-0.978655	
1	-0.927734	2.161246	-0.543023	-0.972006	
1	-0.927734	2.161246	-0.543023	-0.972006	
1	-0.976562	2.174387	-0.559125	-0.965026	
1	-0.976562	2.174387	-0.559125	-0.965026	
1	-1.025391	2.187409	-0.575323	-0.957948	
1	-1.025391	2.187409	-0.575323	-0.957948	
1	-1.062673	2.197266	-0.587756	-0.952478	
1	-1.062673	2.197266	-0.587756	-0.952478	
1	-1.074219	2.200273	-0.591614	-0.950775	
1	-1.074219	2.200273	-0.591614	-0.950775	
1	-1.123047	2.212900	-0.607988	-0.943512	
1	-1.123047	2.212900	-0.607988	-0.943512	
1	-1.171875	2.225397	-0.624461	-0.936154	
1	-1.171875	2.225397	-0.624461	-0.936154	
1	-1.220703	2.237758	-0.641034	-0.928704	
1	-1.220703	2.237758	-0.641034	-0.928704	
1	-1.253960	2.246094	-0.652380	-0.923577	
1	-1.253960	2.246094	-0.652380	-0.923577	
1	-1.269531	2.249941	-0.657703	-0.921164	
1	-1.269531	2.249941	-0.657703	-0.921164	
1	-1.318359	2.261897	-0.674461	-0.913540	
1	-1.318359	2.261897	-0.674461	-0.913540	
1	-1.367188	2.273709	-0.691322	-0.905828	
1	-1.367188	2.273709	-0.691322	-0.905828	
1	-1.416016	2.285374	-0.708287	-0.898029	
1	-1.416016	2.285374	-0.708287	-0.898029	
1	-1.456473	2.294922	-0.722421	-0.891502	
1	-1.456473	2.294922	-0.722421	-0.891502	
1	-1.464844	2.296871	-0.725353	-0.890145	
1	-1.464844	2.296871	-0.725353	-0.890145	
1	-1.513672	2.308124	-0.742510	-0.882184	
1	-1.513672	2.308124	-0.742510	-0.882184	
1	-1.562500	2.319224	-0.759773	-0.874141	
1	-1.562500	2.319224	-0.759773	-0.874141	
1	-1.611328	2.330167	-0.777142	-0.866017	
1	-1.611328	2.330167	-0.777142	-0.866017	
1	-1.660156	2.340953	-0.794618	-0.857813	
1	-1.660156	2.340953	-0.794618	-0.857813	
1	-1.672976	2.343750	-0.799223	-0.855647	
1	-1.672976	2.343750	-0.799223	-0.855647	
1	-1.708984	2.351508	-0.812190	-0.849537	
1	-1.708984	2.351508	-0.812190	-0.849537	
1	-1.757812	2.361877	-0.829867	-0.841186	
1	-1.757812	2.361877	-0.829867	-0.841186	
1	-1.806641	2.372083	-0.847652	-0.832760	
1	-1.806641	2.372083	-0.847652	-0.832760	
1	-1.855469	2.382125	-0.865546	-0.824261	
1	-1.855469	2.382125	-0.865546	-0.824261	
1	-1.904297	2.392000	-0.883550	-0.815690	
1	-1.904297	2.392000	-0.883550	-0.815690	
1	-1.907193	2.392578	-0.884620	-0.815179	
1	-1.907193	2.392578	-0.884620	-0.815179	
1	-1.953125	2.401633	-0.901651	-0.807054	
1	-1.953125	2.401633	-0.901651	-0.807054	
1	-2.001953	2.411092	-0.919862	-0.798350	
1	-2.001953	2.411092	-0.919862	-0.798350	
1	-2.050781	2.420383	-0.938183	-0.789578	
1	-2.050781	2.420383	-0.938183	-0.789578	
1	-2.099609	2.429504	-0.956616	-0.780740	
1	-2.099609	2.429504	-0.956616	-0.780740	
1	-2.148438	2.438454	-0.975160	-0.771837	
1	-2.148438	2.438454	-0.975160	-0.771837	
1	-2.164828	2.441406	-0.981408	-0.768836	
1	-2.164828	2.441406	-0.981408	-0.768836	
1	-2.197266	2.447186	-0.993808	-0.762875	
1	-2.197266	2.447186	-0.993808	-0.762875	
1	-2.246094	2.455722	-1.012564	-0.753853	
1	-2.246094	2.455722	-1.012564	-0.753853	
1	-2.294922	2.464086	-1.031433	-0.744770	
1	-2.294922	2.464086	-1.031433	-0.744770	
1	-2.343750	2.472275	-1.050414	-0.735628	
1	-2.343750	2.472275	-1.050414	-0.735628	
1	-2.392578	2.480290	-1.069509	-0.726429	
1	-2.392578	2.480290	-1.069509	-0.726429	
1	-2.441406	2.488130	-1.088716	-0.717173	
1	-2.441406	2.488130	-1.088716	-0.717173	
1	-2.454787	2.490234	-1.093996	-0.714628	
1	-2.454787	2.490234	-1.093996	-0.714628	
1	-2.490234	2.495752	-1.108029	-0.707865	
1	-2.490234	2.495752	-1.108029	-0.707865	
1	-2.539062	2.503182	-1.127452	-0.698506	
1	-2.539062	2.503182	-1.127452	-0.698506	
1	-2.587891	2.510435	-1.146990	-0.689094	
1	-2.587891	2.510435	-1.146990	-0.689094	
1	-2.636719	2.517511	-1.166640	-0.679632	
1	-2.636719	2.517511	-1.166640	-0.679632	
1	-2.685547	2.524408	-1.186405	-0.670119	
1	-2.685547	2.524408	-1.186405	-0.670119	
1	-2.734375	2.531127	-1.206283	-0.660559	
1	-2.734375	2.531127	-1.206283	-0.660559	
1	-2.783203	2.537665	-1.226275	-0.650951	
1	-2.783203	2.537665	-1.226275	-0.650951	
1	-2.793912	2.539062	-1.230673	-0.648839	
1	-2.793912	2.539062	-1.230673	-0.648839	
1	-2.832031	2.543988	-1.246375	-0.641302	
1	-2.832031	2.543988	-1.246375	-0.641302	
1	-2.880859	2.550120	-1.266586	-0.631608	
1	-2.880859	2.550120	-1.266586	-0.631608	
1	-2.929688	2.556071	-1.286911	-0.621872	
1	-2.929688	2.556071	-1.286911	-0.621872	
1	-2.978516	2.561839	-1.307350	-0.612094	
1	-2.978516	2.561839	-1.307350	-0.612094	
1	-3.027344	2.567425	-1.327902	-0.602276	
1	-3.027344	2.567425	-1.327902	-0.602276	
1	-3.076172	2.572828	-1.348568	-0.592419	
1	-3.076172	2.572828	-1.348568	-0.592419	
1	-3.125000	2.578046	-1.369348	-0.582524	
1	-3.125000	2.578046	-1.369348	-0.582524	
1	-3.173828	2.583079	-1.390241	-0.572592	
1	-3.173828	2.583079	-1.390241	-0.572592	
1	-3.222296	2.587891	-1.411093	-0.562699	
1	-3.222296	2.587891	-1.411093	-0.562699	
1	-3.222656	2.587926	-1.411248	-0.562625	
1	-3.222656	2.587926	-1.411248	-0.562625	
1	-3.271484	2.592551	-1.432361	-0.552627	
1	-3.271484	2.592551	-1.432361	-0.552627	
1	-3.320312	2.596989	-1.453586	-0.542597	
1	-3.320312	2.596989	-1.453586	-0.542597	
1	-3.369141	2.601238	-1.474925	-0.532535	
1	-3.369141	2.601238	-1.474925	-0.532535	
1	-3.417969	2.605298	-1.496375	-0.522443	
1	-3.417969	2.605298	-1.496375	-0.522443	
1	-3.466797	2.609166	-1.517938	-0.512322	
1	-3.466797	2.609166	-1.517938	-0.512322	
1	-3.515625	2.612843	-1.539613	-0.502174	
1	-3.515625	2.612843	-1.539613	-0.502174	
1	-3.564453	2.616326	-1.561400	-0.491999	
1	-3.564453	2.616326	-1.561400	-0.491999	
1	-3.613281	2.619614	-1.583298	-0.481800	
1	-3.613281	2.619614	-1.583298	-0.481800	
1	-3.662109	2.622707	-1.605307	-0.471576	
1	-3.662109	2.622707	-1.605307	-0.471576	
1	-3.710938	2.625601	-1.627426	-0.461330	
1	-3.710938	2.625601	-1.627426	-0.461330	
1	-3.759766	2.628296	-1.649655	-0.451063	
1	-3.759766	2.628296	-1.649655	-0.451063	
1	-3.808594	2.630791	-1.671995	-0.440776	
1	-3.808594	2.630791	-1.671995	-0.440776	
1	-3.857422	2.633082	-1.694443	-0.430470	
1	-3.857422	2.633082	-1.694443	-0.430470	
1	-3.906250	2.635170	-1.717001	-0.420147	
1	-3.906250	2.635170	-1.717001	-0.420147	
1	-3.946471	2.636719	-1.735660	-0.411633	
1	-3.946471	2.636719	-1.735660	-0.411633	
1	-3.955078	2.637048	-1.739666	-0.409809	
1	-3.955078	2.637048	-1.739666	-0.409809	
1	-4.003906	2.638705	-1.762437	-0.399456	
1	-4.003906	2.638705	-1.762437	-0.399456	
1	-4.052734	2.640154	-1.785315	-0.389091	
1	-4.052734	2.640154	-1.785315	-0.389091	
1	-4.101562	2.641391	-1.808300	-0.378712	
1	-4.101562	2.641391	-1.808300	-0.378712	
1	-4.150391	2.642414	-1.831391	-0.368324	
1	-4.150391	2.642414	-1.831391	-0.368324	
1	-4.199219	2.643221	-1.854589	-0.357925	
1	-4.199219	2.643221	-1.854589	-0.357925	
1	-4.248047	2.643810	-1.877892	-0.347518	
1	-4.248047	2.643810	-1.877892	-0.347518	
1	-4.296875	2.644178	-1.901299	-0.337104	
1	-4.296875	2.644178	-1.901299	-0.337104	
1	-4.345703	2.644323	-1.924811	-0.326685	
1	-4.345703	2.644323	-1.924811	-0.326685	
1	-4.394531	2.644241	-1.948426	-0.316261	
1	-4.394531	2.644241	-1.948426	-0.316261	
1	-4.443359	2.643930	-1.972143	-0.305834	
1	-4.443359	2.643930	-1.972143	-0.305834	
1	-4.492188	2.643387	-1.995963	-0.295406	
1	-4.492188	2.643387	-1.995963	-0.295406	
1	-4.541016	2.642608	-2.019884	-0.284977	
1	-4.541016	2.642608	-2.019884	-0.284977	
1	-4.589844	2.641591	-2.043905	-0.274550	
1	-4.589844	2.641591	-2.043905	-0.274550	
1	-4.638672	2.640333	-2.068026	-0.264125	
1	-4.638672	2.640333	-2.068026	-0.264125	
1	-4.687500	2.638829	-2.092246	-0.253704	
1	-4.687500	2.638829	-2.092246	-0.253704	
1	-4.736328	2.637076	-2.116564	-0.243288	
1	-4.736328	2.637076	-2.116564	-0.243288	
1	-4.745045	2.636719	-2.120912	-0.241431	
1	-4.745045	2.636719	-2.120912	-0.241431	
1	-4.785156	2.635052	-2.140976	-0.232880	
1	-4.785156	2.635052	-2.140976	-0.232880	
1	-4.833984	2.632763	-2.165482	-0.222482	
1	-4.833984	2.632763	-2.165482	-0.222482	
1	-4.882812	2.630209	-2.190083	-0.212093	
1	-4.882812	2.630209	-2.190083	-0.212093	
1	-4.931641	2.627387	-2.214777	-0.201715	
1	-4.931641	2.627387	-2.214777	-0.201715	
1	-4.980469	2.624292	-2.239565	-0.191350	
1	-4.980469	2.624292	-2.239565	-0.191350	
1	-5.029297	2.620918	-2.264444	-0.180999	
1	-5.029297	2.620918	-2.264444	-0.180999	
1	-5.078125	2.617262	-2.289414	-0.170664	
1	-5.078125	2.617262	-2.289414	-0.170664	
1	-5.126953	2.613318	-2.314475	-0.160346	
1	-5.126953	2.613318	-2.314475	-0.160346	
1	-5.175781	2.609082	-2.339624	-0.150047	
1	-5.175781	2.609082	-2.339624	-0.150047	
1	-5.224609	2.604547	-2.364861	-0.139768	
1	-5.224609	2.604547	-2.364861	-0.139768	
1	-5.273438	2.599708	-2.390185	-0.129510	
1	-5.273438	2.599708	-2.390185	-0.129510	
1	-5.322266	2.594561	-2.415595	-0.119276	
1	-5.322266	2.594561	-2.415595	-0.119276	
1	-5.371094	2.589098	-2.441090	-0.109066	
1	-5.371094	2.589098	-2.441090	-0.109066	
1	-5.381319	2.587891	-2.446434	-0.106933	
1	-5.381319	2.587891	-2.446434	-0.106933	
1	-5.419922	2.583242	-2.466652	-0.098889	
1	-5.419922	2.583242	-2.466652	-0.098889	
1	-5.468750	2.577031	-2.492291	-0.088742	
1	-5.468750	2.577031	-2.492291	-0.088742	
1	-5.517578	2.570478	-2.518010	-0.078625	
1	-5.517578	2.570478	-2.518010	-0.078625	
1	-5.566406	2.563576	-2.543807	-0.068540	
1	-5.566406	2.563576	-2.543807	-0.068540	
1	-5.615234	2.556318	-2.569682	-0.058489	
1	-5.615234	2.556318	-2.569682	-0.058489	
1	-5.664062	2.548696	-2.595634	-0.048472	
1	-5.664062	2.548696	-2.595634	-0.048472	
1	-5.712891	2.540703	-2.621660	-0.038492	
1	-5.712891	2.540703	-2.621660	-0.038492	
1	-5.722501	2.539062	-2.626786	-0.036535	
1	-5.722501	2.539062	-2.626786	-0.036535	
1	-5.761719	2.532202	-2.647732	-0.028562	
1	-5.761719	2.532202	-2.647732	-0.028562	
1	-5.810547	2.523271	-2.673867	-0.018674	
1	-5.810547	2.523271	-2.673867	-0.018674	
1	-5.859375	2.513932	-2.700072	-0.008830	
1	-5.859375	2.513932	-2.700072	-0.008830	
1	-5.908203	2.504176	-2.726344	0.000970	
1	-5.908203	2.504176	-2.726344	0.000970	
1	-5.957031	2.493994	-2.752683	0.010723	
1	-5.957031	2.493994	-2.752683	0.010723	
1	-5.974386	2.490234	-2.762052	0.014175	
1	-5.974386	2.490234	-2.762052	0.014175	
1	-6.005859	2.483223	-2.779054	0.020416	
1	-6.005859	2.483223	-2.779054	0.020416	
1	-6.054688	2.471907	-2.805468	0.030052	
1	-6.054688	2.471907	-2.805468	0.030052	
1	-6.103516	2.460117	-2.831942	0.039634	
1	-6.103516	2.460117	-2.831942	0.039634	
1	-6.152344	2.447844	-2.858474	0.049162	
1	-6.152344	2.447844	-2.858474	0.049162	
1	-6.177044	2.441406	-2.871909	0.053956	
1	-6.177044	2.441406	-2.871909	0.053956	
1	-6.201172	2.434914	-2.885029	0.058620	
1	-6.201172	2.434914	-2.885029	0.058620	
1	-6.250000	2.421295	-2.911602	0.068005	
1	-6.250000	2.421295	-2.911602	0.068005	
1	-6.298828	2.407133	-2.938225	0.077328	
1	-6.298828	2.407133	-2.938225	0.077328	
1	-6.347120	2.392578	-2.964605	0.086486	
1	-6.347120	2.392578	-2.964605	0.086486	
1	-6.347656	2.392411	-2.964897	0.086587	
1	-6.347656	2.392411	-2.964897	0.086587	
1	-6.396484	2.376685	-2.991526	0.095747	
1	-6.396484	2.376685	-2.991526	0.095747	
1	-6.445312	2.360348	-3.018197	0.104836	
1	-6.445312	2.360348	-3.018197	0.104836	
1	-6.493094	2.343750	-3.044335	0.113660	
1	-6.493094	2.343750	-3.044335	0.113660	
1	-6.494141	2.343372	-3.044907	0.113852	
1	-6.494141	2.343372	-3.044907	0.113852	
1	-6.542969	2.325199	-3.071542	0.122755	
1	-6.542969	2.325199	-3.071542	0.122755	
1	-6.591797	2.306331	-3.098211	0.131578	
1	-6.591797	2.306331	-3.098211	0.131578	
1	-6.620353	2.294922	-3.113813	0.136697	
1	-6.620353	2.294922	-3.113813	0.136697	
1	-6.640625	2.286460	-3.124853	0.140300	
1	-6.640625	2.286460	-3.124853	0.140300	
1	-6.689453	2.265415	-3.151437	0.148908	
1	-6.689453	2.265415	-3.151437	0.148908	
1	-6.732690	2.246094	-3.174993	0.156455	
1	-6.732690	2.246094	-3.174993	0.156455	
1	-6.738281	2.243473	-3.178026	0.157421	
1	-6.738281	2.243473	-3.178026	0.157421	
1	-6.787109	2.219916	-3.204478	0.165791	
1	-6.787109	2.219916	-3.204478	0.165791	
1	-6.832366	2.197266	-3.229006	0.173461	
1	-6.832366	2.197266	-3.229006	0.173461	
1	-6.835938	2.195382	-3.230929	0.174058	
1	-6.835938	2.195382	-3.230929	0.174058	
1	-6.884766	2.168900	-3.257193	0.182162	
1	-6.884766	2.168900	-3.257193	0.182162	
1	-6.921198	2.148438	-3.276784	0.188137	
1	-6.921198	2.148438	-3.276784	0.188137	
1	-6.933594	2.141064	-3.283396	0.190140	
1	-6.933594	2.141064	-3.283396	0.190140	
1	-6.982422	2.111140	-3.309404	0.197947	
1	-6.982422	2.111140	-3.309404	0.197947	
1	-7.000666	2.099609	-3.319110	0.200831	
1	-7.000666	2.099609	-3.319110	0.200831	
1	-7.031250	2.079024	-3.335210	0.205578	
1	-7.031250	2.079024	-3.335210	0.205578	
1	-7.071871	2.050781	-3.356563	0.211802	
1	-7.071871	2.050781	-3.356563	0.211802	
1	-7.080078	2.044670	-3.360820	0.213033	
1	-7.080078	2.044670	-3.360820	0.213033	
1	-7.128906	2.007238	-3.386093	0.220266	
1	-7.128906	2.007238	-3.386093	0.220266	
1	-7.135608	2.001953	-3.389554	0.221246	
1	-7.135608	2.001953	-3.389554	0.221246	
1	-7.177734	1.966123	-3.410941	0.227248	
1	-7.177734	1.966123	-3.410941	0.227248	
1	-7.192577	1.953125	-3.418456	0.229333	
1	-7.192577	1.953125	-3.418456	0.229333	
1	-7.226562	1.920790	-3.435296	0.233958	
1	-7.226562	1.920790	-3.435296	0.233958	
1	-7.243421	1.904297	-3.443623	0.236219	
1	-7.243421	1.904297	-3.443623	0.236219	
1	-7.275391	1.870030	-3.458981	0.240343	
1	-7.275391	1.870030	-3.458981	0.240343	
1	-7.288618	1.855469	-3.465312	0.242024	
1	-7.288618	1.855469	-3.465312	0.242024	
1	-7.324219	1.812106	-3.481748	0.246332	
1	-7.324219	1.812106	-3.481748	0.246332	
1	-7.328593	1.806641	-3.483759	0.246853	
1	-7.328593	1.806641	-3.483759	0.246853	
1	-7.363632	1.757812	-3.499113	0.250786	
1	-7.363632	1.757812	-3.499113	0.250786	
1	-7.373047	1.742961	-3.502983	0.251763	
1	-7.373047	1.742961	-3.502983	0.251763	
1	-7.394088	1.708984	-3.511577	0.253910	
1	-7.394088	1.708984	-3.511577	0.253910	
1	-7.420297	1.660156	-3.521352	0.256308	
1	-7.420297	1.660156	-3.521352	0.256308	
1	-7.421875	1.656729	-3.521866	0.256432	
1	-7.421875	1.656729	-3.521866	0.256432	
1	-7.442330	1.611328	-3.528458	0.258014	
1	-7.442330	1.611328	-3.528458	0.258014	
1	-7.460549	1.562500	-3.533122	0.259111	
1	-7.460549	1.562500	-3.533122	0.259111	
1	-7.470703	1.528564	-3.534734	0.259483	
1	-7.470703	1.528564	-3.534734	0.259483	
1	-7.475072	1.513672	-3.535408	0.259637	
1	-7.475072	1.513672	-3.535408	0.259637	
1	-7.486016	1.464844	-3.535380	0.259632	
1	-7.486016	1.464844	-3.535380	0.259632	
1	-7.493587	1.416016	-3.533168	0.259146	
1	-7.493587	1.416016	-3.533168	0.259146	
1	-7.497900	1.367188	-3.528842	0.258215	
1	-7.497900	1.367188	-3.528842	0.258215	
1	-7.499060	1.318359	-3.522467	0.256871	
1	-7.499060	1.318359	-3.522467	0.256871	
1	-7.497170	1.269531	-3.514108	0.255147	
1	-7.497170	1.269531	-3.514108	0.255147	
1	-7.492323	1.220703	-3.503824	0.253072	
1	-7.492323	1.220703	-3.503824	0.253072	
1	-7.484607	1.171875	-3.491674	0.250672	
1	-7.484607	1.171875	-3.491674	0.250672	
1	-7.474103	1.123047	-3.477713	0.247974	
1	-7.474103	1.123047	-3.477713	0.247974	
1	-7.470703	1.110547	-3.473664	0.247203	
1	-7.470703	1.110547	-3.473664	0.247203	
1	-7.460825	1.074219	-3.461950	0.244995	
1	-7.460825	1.074219	-3.461950	0.244995	
1	-7.444873	1.025391	-3.444455	0.241760	
1	-7.444873	1.025391	-3.444455	0.241760	
1	-7.426335	0.976562	-3.425293	0.238294	
1	-7.426335	0.976562	-3.425293	0.238294	
1	-7.421875	0.966266	-3.420885	0.237508	
1	-7.421875	0.966266	-3.420885	0.237508	
1	-7.405173	0.927734	-3.404439	0.234606	
1	-7.405173	0.927734	-3.404439	0.234606	
1	-7.381509	0.878906	-3.381983	0.230722	
1	-7.381509	0.878906	-3.381983	0.230722	
1	-7.373047	0.863115	-3.374187	0.229394	
1	-7.373047	0.863115	-3.374187	0.229394	
1	-7.355320	0.830078	-3.357913	0.226652	
1	-7.355320	0.830078	-3.357913	0.226652	
1	-7.326704	0.781250	-3.332305	0.222419	
1	-7.326704	0.781250	-3.332305	0.222419	
1	-7.324219	0.777342	-3.330126	0.222063	
1	-7.324219	0.777342	-3.330126	0.222063	
1	-7.295592	0.732422	-3.305116	0.218026	
1	-7.295592	0.732422	-3.305116	0.218026	
1	-7.275391	0.702944	-3.287794	0.215278	
1	-7.275391	0.702944	-3.287794	0.215278	
1	-7.262098	0.683594	-3.276435	0.213497	
1	-7.262098	0.683594	-3.276435	0.213497	
1	-7.226562	0.635221	-3.246554	0.208884	
1	-7.226562	0.635221	-3.246554	0.208884	
1	-7.226227	0.634766	-3.246273	0.208842	
1	-7.226227	0.634766	-3.246273	0.208842	
1	-7.187923	0.585938	-3.214602	0.204065	
1	-7.187923	0.585938	-3.214602	0.204065	
1	-7.177734	0.573673	-3.206283	0.202828	
1	-7.177734	0.573673	-3.206283	0.202828	
1	-7.147260	0.537109	-3.181483	0.199184	
1	-7.147260	0.537109	-3.181483	0.199184	
1	-7.128906	0.516234	-3.166713	0.197044	
1	-7.128906	0.516234	-3.166713	0.197044	
1	-7.104241	0.488281	-3.146931	0.194210	
1	-7.104241	0.488281	-3.146931	0.194210	
1	-7.080078	0.462231	-3.127744	0.191496	
1	-7.080078	0.462231	-3.127744	0.191496	
1	-7.058866	0.439453	-3.110957	0.189149	
1	-7.058866	0.439453	-3.110957	0.189149	
1	-7.031250	0.411152	-3.089298	0.186158	
1	-7.031250	0.411152	-3.089298	0.186158	
1	-7.011133	0.390625	-3.073574	0.184012	
1	-7.011133	0.390625	-3.073574	0.184012	
1	-6.982422	0.362585	-3.051315	0.181008	
1	-6.982422	0.362585	-3.051315	0.181008	
1	-6.961038	0.341797	-3.034794	0.178805	
1	-6.961038	0.341797	-3.034794	0.178805	
1	-6.933594	0.316193	-3.013747	0.176028	
1	-6.933594	0.316193	-3.013747	0.176028	
1	-6.908576	0.292969	-2.994629	0.173535	
1	-6.908576	0.292969	-2.994629	0.173535	
1	-6.884766	0.271703	-2.976556	0.171203	
1	-6.884766	0.271703	-2.976556	0.171203	
1	-6.853742	0.244141	-2.953092	0.168211	
1	-6.853742	0.244141	-2.953092	0.168211	
1	-6.835938	0.228887	-2.939709	0.166521	
1	-6.835938	0.228887	-2.939709	0.166521	
1	-6.796529	0.195312	-2.910195	0.162837	
1	-6.796529	0.195312	-2.910195	0.162837	
1	-6.787109	0.187557	-2.903182	0.161969	
1	-6.787109	0.187557	-2.903182	0.161969	
1	-6.738281	0.147592	-2.866955	0.157540	
1	-6.738281	0.147592	-2.866955	0.157540	
1	-6.736920	0.146484	-2.865947	0.157418	
1	-6.736920	0.146484	-2.865947	0.157418	
1	-6.689453	0.109097	-2.831029	0.153226	
1	-6.689453	0.109097	-2.831029	0.153226	
1	-6.674838	0.097656	-2.820317	0.151954	
1	-6.674838	0.097656	-2.820317	0.151954	
1	-6.640625	0.071680	-2.795367	0.149017	
1	-6.640625	0.071680	-2.795367	0.149017	
1	-6.610334	0.048828	-2.773359	0.146455	
1	-6.610334	0.048828	-2.773359	0.146455	
1	-6.591797	0.035240	-2.759955	0.144907	
1	-6.591797	0.035240	-2.759955	0.144907	
1	-6.543399	0.000000	-2.725090	0.140923	
1	-6.543399	0.000000	-2.725090	0.140923	
1	-6.542969	-0.000305	-2.724782	0.140888	
1	-6.542969	-0.000305	-2.724782	0.140888	
1	-6.494141	-0.034671	-2.689865	0.136959	
1	-6.494141	-0.034671	-2.689865	0.136959	
1	-6.473886	-0.048828	-2.675437	0.135352	
1	-6.473886	-0.048828	-2.675437	0.135352	
1	-6.445312	-0.068294	-2.655168	0.133110	
1	-6.445312	-0.068294	-2.655168	0.133110	
1	-6.401900	-0.097656	-2.624495	0.129752	
1	-6.401900	-0.097656	-2.624495	0.129752	
1	-6.396484	-0.101232	-2.620684	0.129338	
1	-6.396484	-0.101232	-2.620684	0.129338	
1	-6.347656	-0.133237	-2.586426	0.125638	
1	-6.347656	-0.133237	-2.586426	0.125638	
1	-6.327294	-0.146484	-2.572194	0.124115	
1	-6.327294	-0.146484	-2.572194	0.124115	
1	-6.298828	-0.164587	-2.552373	0.122006	
1	-6.298828	-0.164587	-2.552373	0.122006	
1	-6.250142	-0.195312	-2.518612	0.118446	
1	-6.250142	-0.195312	-2.518612	0.118446	
1	-6.250000	-0.195400	-2.518514	0.118436	
1	-6.250000	-0.195400	-2.518514	0.118436	
1	-6.201172	-0.225334	-2.484869	0.114928	
1	-6.201172	-0.225334	-2.484869	0.114928	
1	-6.170252	-0.244141	-2.463654	0.112734	
1	-6.170252	-0.244141	-2.463654	0.112734	
1	-6.152344	-0.254815	-2.451409	0.111474	
1	-6.152344	-0.254815	-2.451409	0.111474	
1	-6.103516	-0.283690	-2.418141	0.108073	
1	-6.103516	-0.283690	-2.418141	0.108073	
1	-6.087701	-0.292969	-2.407404	0.106982	
1	-6.087701	-0.292969	-2.407404	0.106982	
1	-6.054688	-0.311973	-2.385063	0.104721	
1	-6.054688	-0.311973	-2.385063	0.104721	
1	-6.005859	-0.339851	-2.352161	0.101414	
1	-6.005859	-0.339851	-2.352161	0.101414	
1	-6.002424	-0.341797	-2.349853	0.101183	
1	-6.002424	-0.341797	-2.349853	0.101183	
1	-5.957031	-0.367052	-2.319451	0.098151	
1	-5.957031	-0.367052	-2.319451	0.098151	
1	-5.914304	-0.390625	-2.290964	0.095327	
1	-5.914304	-0.390625	-2.290964	0.095327	
1	-5.908203	-0.393935	-2.286909	0.094926	
1	-5.908203	-0.393935	-2.286909	0.094926	
1	-5.859375	-0.420211	-2.254552	0.091738	
1	-5.859375	-0.420211	-2.254552	0.091738	
1	-5.823313	-0.439453	-2.230758	0.089405	
1	-5.823313	-0.439453	-2.230758	0.089405	
1	-5.810547	-0.446159	-2.222361	0.088583	
1	-5.810547	-0.446159	-2.222361	0.088583	
1	-5.761719	-0.471594	-2.190347	0.085459	
1	-5.761719	-0.471594	-2.190347	0.085459	
1	-5.729410	-0.488281	-2.169252	0.083408	
1	-5.729410	-0.488281	-2.169252	0.083408	
1	-5.712891	-0.496689	-2.158498	0.082363	
1	-5.712891	-0.496689	-2.158498	0.082363	
1	-5.664062	-0.521331	-2.126820	0.079293	
1	-5.664062	-0.521331	-2.126820	0.079293	
1	-5.632529	-0.537109	-2.106447	0.077322	
1	-5.632529	-0.537109	-2.106447	0.077322	
1	-5.615234	-0.545645	-2.095306	0.076245	
1	-5.615234	-0.545645	-2.095306	0.076245	
1	-5.566406	-0.569540	-2.063959	0.073218	
1	-5.566406	-0.569540	-2.063959	0.073218	
1	-5.532608	-0.585938	-2.042353	0.071133	
1	-5.532608	-0.585938	-2.042353	0.071133	
1	-5.517578	-0.593137	-2.032772	0.070208	
1	-5.517578	-0.593137	-2.032772	0.070208	
1	-5.468750	-0.616326	-2.001751	0.067214	
1	-5.468750	-0.616326	-2.001751	0.067214	
1	-5.429588	-0.634766	-1.976982	0.064822	
1	-5.429588	-0.634766	-1.976982	0.064822	
1	-5.419922	-0.639263	-1.970885	0.064233	
1	-5.419922	-0.639263	-1.970885	0.064233	
1	-5.371094	-0.661788	-1.940185	0.061262	
1	-5.371094	-0.661788	-1.940185	0.061262	
1	-5.323417	-0.683594	-1.910354	0.058369	
1	-5.323417	-0.683594	-1.910354	0.058369	
1	-5.322266	-0.684115	-1.909636	0.058300	
1	-5.322266	-0.684115	-1.909636	0.058300	
1	-5.273438	-0.706013	-1.879252	0.055344	
1	-5.273438	-0.706013	-1.879252	0.055344	
1	-5.224609	-0.727726	-1.849019	0.052391	
1	-5.224609	-0.727726	-1.849019	0.052391	
1	-5.213957	-0.732422	-1.842444	0.051747	
1	-5.213957	-0.732422	-1.842444	0.051747	
1	-5.175781	-0.749082	-1.818945	0.049440	
1	-5.175781	-0.749082	-1.818945	0.049440	
1	-5.126953	-0.770212	-1.789024	0.046488	
1	-5.126953	-0.770212	-1.789024	0.046488	
1	-5.101228	-0.781250	-1.773321	0.044932	
1	-5.101228	-0.781250	-1.773321	0.044932	
1	-5.078125	-0.791072	-1.759256	0.043533	
1	-5.078125	-0.791072	-1.759256	0.043533	
1	-5.029297	-0.811653	-1.729643	0.040574	
1	-5.029297	-0.811653	-1.729643	0.040574	
1	-4.985224	-0.830078	-1.703042	0.037896	
1	-4.985224	-0.830078	-1.703042	0.037896	
1	-4.980469	-0.832049	-1.700179	0.037606	
1	-4.980469	-0.832049	-1.700179	0.037606	
1	-4.931641	-0.852116	-1.670872	0.034631	
1	-4.931641	-0.852116	-1.670872	0.034631	
1	-4.882812	-0.872022	-1.641712	0.031643	
1	-4.882812	-0.872022	-1.641712	0.031643	
1	-4.865784	-0.878906	-1.631578	0.030598	
1	-4.865784	-0.878906	-1.631578	0.030598	
1	-4.833984	-0.891663	-1.612705	0.028642	
1	-4.833984	-0.891663	-1.612705	0.028642	
1	-4.785156	-0.911094	-1.583847	0.025626	
1	-4.785156	-0.911094	-1.583847	0.025626	
1	-4.743011	-0.927734	-1.559057	0.023008	
1	-4.743011	-0.927734	-1.559057	0.023008	
1	-4.736328	-0.930355	-1.555136	0.022592	
1	-4.736328	-0.930355	-1.555136	0.022592	
1	-4.687500	-0.949340	-1.526579	0.019538	
1	-4.687500	-0.949340	-1.526579	0.019538	
1	-4.638672	-0.968184	-1.498167	0.016463	
1	-4.638672	-0.968184	-1.498167	0.016463	
1	-4.616789	-0.976562	-1.485481	0.015077	
1	-4.616789	-0.976562	-1.485481	0.015077	
1	-4.589844	-0.986815	-1.469903	0.013364	
1	-4.589844	-0.986815	-1.469903	0.013364	
1	-4.541016	-1.005251	-1.441788	0.010240	
1	-4.541016	-1.005251	-1.441788	0.010240	
1	-4.492188	-1.023559	-1.413817	0.007087	
1	-4.492188	-1.023559	-1.413817	0.007087	
1	-4.487262	-1.025391	-1.411004	0.006768	
1	-4.487262	-1.025391	-1.411004	0.006768	
1	-4.443359	-1.041628	-1.385997	0.003906	
1	-4.443359	-1.041628	-1.385997	0.003906	
1	-4.394531	-1.059564	-1.358321	0.000693	
1	-4.394531	-1.059564	-1.358321	0.000693	
1	-4.354366	-1.074219	-1.335663	-0.001976	
1	-4.354366	-1.074219	-1.335663	-0.001976	
1	-4.345703	-1.077364	-1.330789	-0.002555	
1	-4.345703	-1.077364	-1.330789	-0.002555	
1	-4.296875	-1.094956	-1.303407	-0.005837	
1	-4.296875	-1.094956	-1.303407	-0.005837	
1	-4.248047	-1.112442	-1.276166	-0.009157	
1	-4.248047	-1.112442	-1.276166	-0.009157	
1	-4.218234	-1.123047	-1.259606	-0.011204	
1	-4.218234	-1.123047	-1.259606	-0.011204	
1	-4.199219	-1.129783	-1.249071	-0.012517	
1	-4.199219	-1.129783	-1.249071	-0.012517	
1	-4.150391	-1.146960	-1.222122	-0.015918	
1	-4.150391	-1.146960	-1.222122	-0.015918	
1	-4.101562	-1.164044	-1.195314	-0.019363	
1	-4.101562	-1.164044	-1.195314	-0.019363	
1	-4.079037	-1.171875	-1.182996	-0.020967	
1	-4.079037	-1.171875	-1.182996	-0.020967	
1	-4.052734	-1.180986	-1.168652	-0.022853	
1	-4.052734	-1.180986	-1.168652	-0.022853	
1	-4.003906	-1.197798	-1.142133	-0.026390	
1	-4.003906	-1.197798	-1.142133	-0.026390	
1	-3.955078	-1.214531	-1.115755	-0.029977	
1	-3.955078	-1.214531	-1.115755	-0.029977	
1	-3.936957	-1.220703	-1.106003	-0.031321	
1	-3.936957	-1.220703	-1.106003	-0.031321	
1	-3.906250	-1.231132	-1.089522	-0.033615	
1	-3.906250	-1.231132	-1.089522	-0.033615	
1	-3.857422	-1.247629	-1.063431	-0.037306	
1	-3.857422	-1.247629	-1.063431	-0.037306	
1	-3.808594	-1.264062	-1.037480	-0.041053	
1	-3.808594	-1.264062	-1.037480	-0.041053	
1	-3.792252	-1.269531	-1.028827	-0.042319	
1	-3.792252	-1.269531	-1.028827	-0.042319	
1	-3.759766	-1.280379	-1.011673	-0.044856	
1	-3.759766	-1.280379	-1.011673	-0.044856	
1	-3.710938	-1.296612	-0.986006	-0.048719	
1	-3.710938	-1.296612	-0.986006	-0.048719	
1	-3.662109	-1.312799	-0.960479	-0.052644	
1	-3.662109	-1.312799	-0.960479	-0.052644	
1	-3.645254	-1.318359	-0.951700	-0.054013	
1	-3.645254	-1.318359	-0.951700	-0.054013	
1	-3.613281	-1.328889	-0.935094	-0.056631	
1	-3.613281	-1.328889	-0.935094	-0.056631	
1	-3.564453	-1.344914	-0.909849	-0.060683	
1	-3.564453	-1.344914	-0.909849	-0.060683	
1	-3.515625	-1.360908	-0.884742	-0.064803	
1	-3.515625	-1.360908	-0.884742	-0.064803	
1	-3.496381	-1.367188	-0.874885	-0.066446	
1	-3.496381	-1.367188	-0.874885	-0.066446	
1	-3.466797	-1.376830	-0.859775	-0.068992	
1	-3.466797	-1.376830	-0.859775	-0.068992	
1	-3.417969	-1.392702	-0.834948	-0.073252	
1	-3.417969	-1.392702	-0.834948	-0.073252	
1	-3.369141	-1.408561	-0.810257	-0.077586	
1	-3.369141	-1.408561	-0.810257	-0.077586	
1	-3.346130	-1.416016	-0.798670	-0.079654	
1	-3.346130	-1.416016	-0.798670	-0.079654	
1	-3.320312	-1.424375	-0.785706	-0.081995	
1	-3.320312	-1.424375	-0.785706	-0.081995	
1	-3.271484	-1.440153	-0.761293	-0.086481	
1	-3.271484	-1.440153	-0.761293	-0.086481	
1	-3.222656	-1.455938	-0.737014	-0.091048	
1	-3.222656	-1.455938	-0.737014	-0.091048	
1	-3.195079	-1.464844	-0.723363	-0.093662	
1	-3.195079	-1.464844	-0.723363	-0.093662	
1	-3.173828	-1.471707	-0.712873	-0.095695	
1	-3.173828	-1.471707	-0.712873	-0.095695	
1	-3.125000	-1.487454	-0.688869	-0.100427	
1	-3.125000	-1.487454	-0.688869	-0.100427	
1	-3.076172	-1.503230	-0.664998	-0.105245	
1	-3.076172	-1.503230	-0.664998	-0.105245	
1	-3.043874	-1.513672	-0.649282	-0.108480	
1	-3.043874	-1.513672	-0.649282	-0.108480	
1	-3.027344	-1.519019	-0.641261	-0.110151	
1	-3.027344	-1.519019	-0.641261	-0.110151	
1	-2.978516	-1.534803	-0.617661	-0.115147	
1	-2.978516	-1.534803	-0.617661	-0.115147	
1	-2.929688	-1.550640	-0.594192	-0.120237	
1	-2.929688	-1.550640	-0.594192	-0.120237	
1	-2.893211	-1.562500	-0.576746	-0.124101	
1	-2.893211	-1.562500	-0.576746	-0.124101	
1	-2.880859	-1.566521	-0.570855	-0.125422	
1	-2.880859	-1.566521	-0.570855	-0.125422	
1	-2.832031	-1.582415	-0.547652	-0.130703	
1	-2.832031	-1.582415	-0.547652	-0.130703	
1	-2.783203	-1.598389	-0.524578	-0.136085	
1	-2.783203	-1.598389	-0.524578	-0.136085	
1	-2.743826	-1.611328	-0.506063	-0.140500	
1	-2.743826	-1.611328	-0.506063	-0.140500	
1	-2.734375	-1.614439	-0.501632	-0.141570	
1	-2.734375	-1.614439	-0.501632	-0.141570	
1	-2.685547	-1.630525	-0.478819	-0.147159	
1	-2.685547	-1.630525	-0.478819	-0.147159	
1	-2.636719	-1.646720	-0.456132	-0.152856	
1	-2.636719	-1.646720	-0.456132	-0.152856	
1	-2.596461	-1.660156	-0.437520	-0.157636	
1	-2.596461	-1.660156	-0.437520	-0.157636	
1	-2.587891	-1.663024	-0.433569	-0.158663	
1	-2.587891	-1.663024	-0.433569	-0.158663	
1	-2.539062	-1.679392	-0.411137	-0.164582	
1	-2.539062	-1.679392	-0.411137	-0.164582	
1	-2.490234	-1.695903	-0.388825	-0.170618	
1	-2.490234	-1.695903	-0.388825	-0.170618	
1	-2.451846	-1.708984	-0.371370	-0.175447	
1	-2.451846	-1.708984	-0.371370	-0.175447	
1	-2.441406	-1.712553	-0.366636	-0.176773	
1	-2.441406	-1.712553	-0.366636	-0.176773	
1	-2.392578	-1.729305	-0.344572	-0.183049	
1	-2.392578	-1.729305	-0.344572	-0.183049	
1	-2.343750	-1.746239	-0.322624	-0.189450	
1	-2.343750	-1.746239	-0.322624	-0.189450	
1	-2.310671	-1.757812	-0.307822	-0.193860	
1	-2.310671	-1.757812	-0.307822	-0.193860	
1	-2.294922	-1.763343	-0.300794	-0.195980	
1	-2.294922	-1.763343	-0.300794	-0.195980	
1	-2.246094	-1.780597	-0.279084	-0.202640	
1	-2.246094	-1.780597	-0.279084	-0.202640	
1	-2.197266	-1.798079	-0.257484	-0.209436	
1	-2.197266	-1.798079	-0.257484	-0.209436	
1	-2.173562	-1.806641	-0.247039	-0.212786	
1	-2.173562	-1.806641	-0.247039	-0.212786	
1	-2.148438	-1.815757	-0.235998	-0.216371	
1	-2.148438	-1.815757	-0.235998	-0.216371	
1	-2.099609	-1.833650	-0.214623	-0.223449	
1	-2.099609	-1.833650	-0.214623	-0.223449	
1	-2.050781	-1.851825	-0.193350	-0.230675	
1	-2.050781	-1.851825	-0.193350	-0.230675	
1	-2.041067	-1.855469	-0.189130	-0.232130	
1	-2.041067	-1.855469	-0.189130	-0.232130	
1	-2.001953	-1.870220	-0.172186	-0.238050	
1	-2.001953	-1.870220	-0.172186	-0.238050	
1	-1.953125	-1.888915	-0.151122	-0.245583	
1	-1.953125	-1.888915	-0.151122	-0.245583	
1	-1.913595	-1.904297	-0.134137	-0.251800	
1	-1.913595	-1.904297	-0.134137	-0.251800	
1	-1.904297	-1.907937	-0.130152	-0.253278	
1	-1.904297	-1.907937	-0.130152	-0.253278	
1	-1.855469	-1.927238	-0.109283	-0.261137	
1	-1.855469	-1.927238	-0.109283	-0.261137	
1	-1.806641	-1.946935	-0.088497	-0.269171	
1	-1.806641	-1.946935	-0.088497	-0.269171	
1	-1.791482	-1.953125	-0.082062	-0.271701	
1	-1.791482	-1.953125	-0.082062	-0.271701	
1	-1.757812	-1.966974	-0.067801	-0.277382	
1	-1.757812	-1.966974	-0.067801	-0.277382	
1	-1.708984	-1.987430	-0.047185	-0.285778	
1	-1.708984	-1.987430	-0.047185	-0.285778	
1	-1.674978	-2.001953	-0.032867	-0.291740	
1	-1.674978	-2.001953	-0.032867	-0.291740	
1	-1.660156	-2.008335	-0.026641	-0.294367	
1	-1.660156	-2.008335	-0.026641	-0.294367	
1	-1.611328	-2.029670	-0.006171	-0.303154	
1	-1.611328	-2.029670	-0.006171	-0.303154	
1	-1.564227	-2.050781	0.013523	-0.311832	
1	-1.564227	-2.050781	0.013523	-0.311832	
1	-1.562500	-2.051563	0.014244	-0.312154	
1	-1.562500	-2.051563	0.014244	-0.312154	
1	-1.513672	-2.073920	0.034593	-0.321366	
1	-1.513672	-2.073920	0.034593	-0.321366	
1	-1.464844	-2.096928	0.054906	-0.330812	
1	-1.464844	-2.096928	0.054906	-0.330812	
1	-1.459235	-2.099609	0.057237	-0.331912	
1	-1.459235	-2.099609	0.057237	-0.331912	
1	-1.416016	-2.120497	0.075171	-0.340492	
1	-1.416016	-2.120497	0.075171	-0.340492	
1	-1.367188	-2.144803	0.095418	-0.350429	
1	-1.367188	-2.144803	0.095418	-0.350429	
1	-1.360009	-2.148438	0.098393	-0.351912	
1	-1.360009	-2.148438	0.098393	-0.351912	
1	-1.318359	-2.169779	0.115639	-0.360628	
1	-1.318359	-2.169779	0.115639	-0.360628	
1	-1.269531	-2.195615	0.135868	-0.371113	
1	-1.269531	-2.195615	0.135868	-0.371113	
1	-1.266465	-2.197266	0.137138	-0.371781	
1	-1.266465	-2.197266	0.137138	-0.371781	
1	-1.220703	-2.222233	0.156095	-0.381891	
1	-1.220703	-2.222233	0.156095	-0.381891	
1	-1.178444	-2.246094	0.173636	-0.391482	
1	-1.178444	-2.246094	0.173636	-0.391482	
1	-1.171875	-2.249856	0.176363	-0.392994	
1	-1.171875	-2.249856	0.176363	-0.392994	
1	-1.123047	-2.278435	0.196667	-0.404432	
1	-1.123047	-2.278435	0.196667	-0.404432	
1	-1.095770	-2.294922	0.208045	-0.410984	
1	-1.095770	-2.294922	0.208045	-0.410984	
1	-1.074219	-2.308160	0.217045	-0.416239	
1	-1.074219	-2.308160	0.217045	-0.416239	
1	-1.025391	-2.339122	0.237519	-0.428445	
1	-1.025391	-2.339122	0.237519	-0.428445	
1	-1.018271	-2.343750	0.240515	-0.430260	
1	-1.018271	-2.343750	0.240515	-0.430260	
1	-0.976562	-2.371368	0.258105	-0.441073	
1	-0.976562	-2.371368	0.258105	-0.441073	
1	-0.945671	-2.392578	0.271216	-0.449308	
1	-0.945671	-2.392578	0.271216	-0.449308	
1	-0.927734	-2.405136	0.278853	-0.454174	
1	-0.927734	-2.405136	0.278853	-0.454174	
1	-0.878906	-2.440569	0.299800	-0.467792	
1	-0.878906	-2.440569	0.299800	-0.467792	
1	-0.877782	-2.441406	0.300285	-0.468112	
1	-0.877782	-2.441406	0.300285	-0.468112	
1	-0.830078	-2.477744	0.320970	-0.481967	
1	-0.830078	-2.477744	0.320970	-0.481967	
1	-0.814277	-2.490234	0.327887	-0.486690	
1	-0.814277	-2.490234	0.327887	-0.486690	
1	-0.781250	-2.516975	0.342434	-0.496773	
1	-0.781250	-2.516975	0.342434	-0.496773	
1	-0.754967	-2.539062	0.354139	-0.505035	
1	-0.754967	-2.539062	0.354139	-0.505035	
1	-0.732422	-2.558499	0.364255	-0.512284	
1	-0.732422	-2.558499	0.364255	-0.512284	
1	-0.699583	-2.587891	0.379174	-0.523161	
1	-0.699583	-2.587891	0.379174	-0.523161	
1	-0.683594	-2.602598	0.386505	-0.528588	
1	-0.683594	-2.602598	0.386505	-0.528588	
1	-0.647869	-2.636719	0.403112	-0.541085	
1	-0.647869	-2.636719	0.403112	-0.541085	
1	-0.634766	-2.649607	0.409271	-0.545791	
1	-0.634766	-2.649607	0.409271	-0.545791	
1	-0.599579	-2.685547	0.426064	-0.558823	
1	-0.599579	-2.685547	0.426064	-0.558823	
1	-0.585938	-2.699928	0.432661	-0.564022	
1	-0.585938	-2.699928	0.432661	-0.564022	
1	-0.554478	-2.734375	0.448131	-0.576394	
1	-0.554478	-2.734375	0.448131	-0.576394	
1	-0.537109	-2.754051	0.456805	-0.583441	
1	-0.537109	-2.754051	0.456805	-0.583441	
1	-0.512339	-2.783203	0.469405	-0.593818	
1	-0.512339	-2.783203	0.469405	-0.593818	
1	-0.488281	-2.812579	0.481868	-0.604247	
1	-0.488281	-2.812579	0.481868	-0.604247	
1	-0.472949	-2.832031	0.489970	-0.611114	
1	-0.472949	-2.832031	0.489970	-0.611114	
1	-0.439453	-2.876262	0.508056	-0.626691	
1	-0.439453	-2.876262	0.508056	-0.626691	
1	-0.436103	-2.880859	0.509905	-0.628302	
1	-0.436103	-2.880859	0.509905	-0.628302	
1	-0.401581	-2.929688	0.529285	-0.645409	
1	-0.401581	-2.929688	0.529285	-0.645409	
1	-0.390625	-2.945794	0.535579	-0.651047	
1	-0.390625	-2.945794	0.535579	-0.651047	
1	-0.369212	-2.978516	0.548172	-0.662450	
1	-0.369212	-2.978516	0.548172	-0.662450	
1	-0.341797	-3.022406	0.564781	-0.677731	
1	-0.341797	-3.022406	0.564781	-0.677731	
1	-0.338830	-3.027344	0.566624	-0.679443	
1	-0.338830	-3.027344	0.566624	-0.679443	
1	-0.310254	-3.076172	0.584697	-0.696411	
1	-0.310254	-3.076172	0.584697	-0.696411	
1	-0.292969	-3.107084	0.595979	-0.707162	
1	-0.292969	-3.107084	0.595979	-0.707162	
1	-0.283336	-3.125000	0.602439	-0.713370	
1	-0.283336	-3.125000	0.602439	-0.713370	
1	-0.257938	-3.173828	0.619893	-0.730334	
1	-0.257938	-3.173828	0.619893	-0.730334	
1	-0.244141	-3.201396	0.629654	-0.739938	
1	-0.244141	-3.201396	0.629654	-0.739938	
1	-0.233914	-3.222656	0.637103	-0.747322	
1	-0.233914	-3.222656	0.637103	-0.747322	
1	-0.211154	-3.271484	0.654100	-0.764343	
1	-0.211154	-3.271484	0.654100	-0.764343	
1	-0.195312	-3.306847	0.666316	-0.776719	
1	-0.195312	-3.306847	0.666316	-0.776719	
1	-0.189518	-3.320312	0.670925	-0.781418	
1	-0.189518	-3.320312	0.670925	-0.781418	
1	-0.168940	-3.369141	0.687597	-0.798546	
1	-0.168940	-3.369141	0.687597	-0.798546	
1	-0.149257	-3.417969	0.704160	-0.815754	
1	-0.149257	-3.417969	0.704160	-0.815754	
1	-0.146484	-3.424922	0.706520	-0.818220	
1	-0.146484	-3.424922	0.706520	-0.818220	
1	-0.130460	-3.466797	0.720618	-0.833030	
1	-0.130460	-3.466797	0.720618	-0.833030	
1	-0.112399	-3.515625	0.737011	-0.850398	
1	-0.112399	-3.515625	0.737011	-0.850398	
1	-0.097656	-3.556683	0.750775	-0.865096	
1	-0.097656	-3.556683	0.750775	-0.865096	
1	-0.094980	-3.564453	0.753362	-0.867869	
1	-0.094980	-3.564453	0.753362	-0.867869	
1	-0.078240	-3.613281	0.769665	-0.885422	
1	-0.078240	-3.613281	0.769665	-0.885422	
1	-0.061989	-3.662109	0.785965	-0.903091	
1	-0.061989	-3.662109	0.785965	-0.903091	
1	-0.048828	-3.702463	0.799460	-0.917798	
1	-0.048828	-3.702463	0.799460	-0.917798	
1	-0.046180	-3.710938	0.802277	-0.920876	
1	-0.046180	-3.710938	0.802277	-0.920876	
1	-0.030884	-3.759766	0.818584	-0.938749	
1	-0.030884	-3.759766	0.818584	-0.938749	
1	-0.015899	-3.808594	0.834934	-0.956748	
1	-0.015899	-3.808594	0.834934	-0.956748	
