#REFERENCE 0 180.3007650 23.0992140
1.3 180.3004937 23.0983130 0.281029 0.019913 49.86895 4.5000 2.05 
1.3 180.2998467 23.0998226 0.199217 0.021299 138.07233 4.5000 2.35 
1.3 180.3009660 23.0979481 0.133099 0.022297 10.00656 4.5000 2.74 
1.3 180.2998407 23.0988688 0.300316 0.122567 51.41904 4.5000 0.00 
1.3 180.2998755 23.0987320 0.192113 0.191980 91.87348 4.5000 -0.00 
1.2 180.3005529 23.0982451 0.411634 0.025402 46.68732 4.5000 1.65 
1.2 180.3009180 23.0979567 0.251991 0.028467 24.96277 4.5000 2.06 
1.2 180.2997946 23.0997775 0.241948 0.039381 143.45156 4.5000 1.75 
1.2 180.2998157 23.0987067 0.316471 0.142599 32.38698 4.5000 0.07 
1.2 180.2997714 23.0989217 0.219072 0.218989 76.53464 4.5000 -0.00 
1.4 180.2997786 23.0990854 0.718961 0.075634 78.35421 4.5000 -1.02 
1.4 180.2998100 23.0997288 0.457078 0.054011 107.74244 4.5000 -0.16 
1.4 180.2998872 23.0985793 0.392255 0.119002 88.37811 4.5000 -0.85 
1.4 180.3009647 23.0979064 0.171745 0.066939 83.75518 4.5000 0.67 
1.4 180.3004701 23.0982823 0.146002 0.145997 89.59909 4.5000 0.00 
1.1 180.3005691 23.0982517 0.696457 0.084274 37.13357 4.5000 -0.29 
1.1 180.3009135 23.0979777 0.524756 0.077755 41.78244 4.5000 0.10 
1.1 180.2998076 23.0998134 0.212001 0.211986 2.90191 4.5000 0.00 
1.5 180.2998425 23.0998535 0.364700 0.063876 122.74520 4.5000 -0.10 
1.5 180.3005448 23.0982945 0.292722 0.118188 61.16850 4.5000 -0.53 
1.5 180.3009401 23.0979820 0.146000 0.145994 127.67912 4.5000 0.00 
