#REFERENCE 3 262.9316810 22.8692980
1	-1.562500	-1.978541	-0.039806	-0.103104	
1	-1.586908	-1.953125	-0.038940	-0.101935	
1	-1.586908	-1.953125	-0.038940	-0.101935	
1	-1.562500	-1.978541	-0.039806	-0.103104	
1	-1.539274	-2.001953	-0.040585	-0.104182	
1	-1.539274	-2.001953	-0.040585	-0.104182	
1	-1.513672	-2.026608	-0.041358	-0.105278	
1	-1.513672	-2.026608	-0.041358	-0.105278	
1	-1.487748	-2.050781	-0.042098	-0.106356	
1	-1.487748	-2.050781	-0.042098	-0.106356	
1	-1.464844	-2.071164	-0.042679	-0.107222	
1	-1.464844	-2.071164	-0.042679	-0.107222	
1	-1.431833	-2.099609	-0.043473	-0.108437	
1	-1.431833	-2.099609	-0.043473	-0.108437	
1	-1.416016	-2.112607	-0.043806	-0.108959	
1	-1.416016	-2.112607	-0.043806	-0.108959	
1	-1.370975	-2.148438	-0.044705	-0.110412	
1	-1.370975	-2.148438	-0.044705	-0.110412	
1	-1.367188	-2.151308	-0.044770	-0.110520	
1	-1.367188	-2.151308	-0.044770	-0.110520	
1	-1.318359	-2.186829	-0.045519	-0.111790	
1	-1.318359	-2.186829	-0.045519	-0.111790	
1	-1.303489	-2.197266	-0.045731	-0.112161	
1	-1.303489	-2.197266	-0.045731	-0.112161	
1	-1.269531	-2.219911	-0.046132	-0.112876	
1	-1.269531	-2.219911	-0.046132	-0.112876	
1	-1.228893	-2.246094	-0.046590	-0.113724	
1	-1.228893	-2.246094	-0.046590	-0.113724	
1	-1.220703	-2.251106	-0.046664	-0.113865	
1	-1.220703	-2.251106	-0.046664	-0.113865	
1	-1.171875	-2.279573	-0.047025	-0.114568	
1	-1.171875	-2.279573	-0.047025	-0.114568	
1	-1.144440	-2.294922	-0.047210	-0.114942	
1	-1.144440	-2.294922	-0.047210	-0.114942	
1	-1.123047	-2.306263	-0.047315	-0.115157	
1	-1.123047	-2.306263	-0.047315	-0.115157	
1	-1.074219	-2.330880	-0.047502	-0.115557	
1	-1.074219	-2.330880	-0.047502	-0.115557	
1	-1.047355	-2.343750	-0.047583	-0.115734	
1	-1.047355	-2.343750	-0.047583	-0.115734	
1	-1.025391	-2.353700	-0.047616	-0.115809	
1	-1.025391	-2.353700	-0.047616	-0.115809	
1	-0.976562	-2.374525	-0.047639	-0.115859	
1	-0.976562	-2.374525	-0.047639	-0.115859	
1	-0.931797	-2.392578	-0.047646	-0.115873	
1	-0.931797	-2.392578	-0.047646	-0.115873	
1	-0.927734	-2.394125	-0.047642	-0.115863	
1	-0.927734	-2.394125	-0.047642	-0.115863	
1	-0.878906	-2.411287	-0.047522	-0.115544	
1	-0.878906	-2.411287	-0.047522	-0.115544	
1	-0.830078	-2.427271	-0.047390	-0.115173	
1	-0.830078	-2.427271	-0.047390	-0.115173	
1	-0.783296	-2.441406	-0.047246	-0.114747	
1	-0.783296	-2.441406	-0.047246	-0.114747	
1	-0.781250	-2.441988	-0.047238	-0.114724	
1	-0.781250	-2.441988	-0.047238	-0.114724	
1	-0.732422	-2.454463	-0.046995	-0.113968	
1	-0.732422	-2.454463	-0.046995	-0.113968	
1	-0.683594	-2.465687	-0.046741	-0.113124	
1	-0.683594	-2.465687	-0.046741	-0.113124	
1	-0.634766	-2.475624	-0.046474	-0.112183	
1	-0.634766	-2.475624	-0.046474	-0.112183	
1	-0.585938	-2.484242	-0.046194	-0.111132	
1	-0.585938	-2.484242	-0.046194	-0.111132	
1	-0.545606	-2.490234	-0.045947	-0.110148	
1	-0.545606	-2.490234	-0.045947	-0.110148	
1	-0.537109	-2.491414	-0.045897	-0.109938	
1	-0.537109	-2.491414	-0.045897	-0.109938	
1	-0.488281	-2.496853	-0.045571	-0.108531	
1	-0.488281	-2.496853	-0.045571	-0.108531	
1	-0.439453	-2.500988	-0.045245	-0.107010	
1	-0.439453	-2.500988	-0.045245	-0.107010	
1	-0.390625	-2.503808	-0.044923	-0.105372	
1	-0.390625	-2.503808	-0.044923	-0.105372	
1	-0.341797	-2.505304	-0.044608	-0.103615	
1	-0.341797	-2.505304	-0.044608	-0.103615	
1	-0.292969	-2.505475	-0.044304	-0.101737	
1	-0.292969	-2.505475	-0.044304	-0.101737	
1	-0.244141	-2.504324	-0.044013	-0.099742	
1	-0.244141	-2.504324	-0.044013	-0.099742	
1	-0.195312	-2.501861	-0.043742	-0.097633	
1	-0.195312	-2.501861	-0.043742	-0.097633	
1	-0.146484	-2.498101	-0.043494	-0.095415	
1	-0.146484	-2.498101	-0.043494	-0.095415	
1	-0.097656	-2.493065	-0.043274	-0.093097	
1	-0.097656	-2.493065	-0.043274	-0.093097	
1	-0.075676	-2.490234	-0.043181	-0.091986	
1	-0.075676	-2.490234	-0.043181	-0.091986	
1	-0.048828	-2.486480	-0.043079	-0.090616	
1	-0.048828	-2.486480	-0.043079	-0.090616	
1	0.000000	-2.478328	-0.042918	-0.087974	
1	0.000000	-2.478328	-0.042918	-0.087974	
1	0.048828	-2.468904	-0.042798	-0.085244	
1	0.048828	-2.468904	-0.042798	-0.085244	
1	0.097656	-2.458256	-0.042724	-0.082444	
1	0.097656	-2.458256	-0.042724	-0.082444	
1	0.146484	-2.446441	-0.042696	-0.079592	
1	0.146484	-2.446441	-0.042696	-0.079592	
1	0.165420	-2.441406	-0.042699	-0.078441	
1	0.165420	-2.441406	-0.042699	-0.078441	
1	0.195312	-2.432794	-0.042720	-0.076542	
1	0.195312	-2.432794	-0.042720	-0.076542	
1	0.244141	-2.417567	-0.042802	-0.073360	
1	0.244141	-2.417567	-0.042802	-0.073360	
1	0.292969	-2.401305	-0.042941	-0.070180	
1	0.292969	-2.401305	-0.042941	-0.070180	
1	0.317566	-2.392578	-0.043034	-0.068548	
1	0.317566	-2.392578	-0.043034	-0.068548	
1	0.341797	-2.383274	-0.043146	-0.066844	
1	0.341797	-2.383274	-0.043146	-0.066844	
1	0.390625	-2.363491	-0.043425	-0.063370	
1	0.390625	-2.363491	-0.043425	-0.063370	
1	0.437398	-2.343750	-0.043746	-0.060108	
1	0.437398	-2.343750	-0.043746	-0.060108	
1	0.439453	-2.342811	-0.043763	-0.059955	
1	0.439453	-2.342811	-0.043763	-0.059955	
1	0.488281	-2.319409	-0.044204	-0.056220	
1	0.488281	-2.319409	-0.044204	-0.056220	
1	0.537109	-2.295405	-0.044698	-0.052628	
1	0.537109	-2.295405	-0.044698	-0.052628	
1	0.538051	-2.294922	-0.044709	-0.052557	
1	0.538051	-2.294922	-0.044709	-0.052557	
1	0.585938	-2.268459	-0.045317	-0.048711	
1	0.585938	-2.268459	-0.045317	-0.048711	
1	0.625716	-2.246094	-0.045858	-0.045650	
1	0.625716	-2.246094	-0.045858	-0.045650	
1	0.634766	-2.240601	-0.045998	-0.044901	
1	0.634766	-2.240601	-0.045998	-0.044901	
1	0.683594	-2.210189	-0.046801	-0.040889	
1	0.683594	-2.210189	-0.046801	-0.040889	
1	0.703982	-2.197266	-0.047152	-0.039262	
1	0.703982	-2.197266	-0.047152	-0.039262	
1	0.732422	-2.177863	-0.047706	-0.036825	
1	0.732422	-2.177863	-0.047706	-0.036825	
1	0.775155	-2.148438	-0.048560	-0.033321	
1	0.775155	-2.148438	-0.048560	-0.033321	
1	0.781250	-2.143918	-0.048698	-0.032783	
1	0.781250	-2.143918	-0.048698	-0.032783	
1	0.830078	-2.107167	-0.049831	-0.028575	
1	0.830078	-2.107167	-0.049831	-0.028575	
1	0.840002	-2.099609	-0.050067	-0.027747	
1	0.840002	-2.099609	-0.050067	-0.027747	
1	0.878906	-2.067864	-0.051097	-0.024280	
1	0.878906	-2.067864	-0.051097	-0.024280	
1	0.899731	-2.050781	-0.051653	-0.022507	
1	0.899731	-2.050781	-0.051653	-0.022507	
1	0.927734	-2.026187	-0.052484	-0.019964	
1	0.927734	-2.026187	-0.052484	-0.019964	
1	0.955219	-2.001953	-0.053302	-0.017580	
1	0.955219	-2.001953	-0.053302	-0.017580	
1	0.976562	-1.981833	-0.054005	-0.015612	
1	0.976562	-1.981833	-0.054005	-0.015612	
1	1.006924	-1.953125	-0.055003	-0.012939	
1	1.006924	-1.953125	-0.055003	-0.012939	
1	1.025391	-1.934495	-0.055671	-0.011219	
1	1.025391	-1.934495	-0.055671	-0.011219	
1	1.055247	-1.904297	-0.056746	-0.008563	
1	1.055247	-1.904297	-0.056746	-0.008563	
1	1.074219	-1.883879	-0.057493	-0.006788	
1	1.074219	-1.883879	-0.057493	-0.006788	
1	1.100547	-1.855469	-0.058522	-0.004436	
1	1.100547	-1.855469	-0.058522	-0.004436	
1	1.123047	-1.829727	-0.059476	-0.002340	
1	1.123047	-1.829727	-0.059476	-0.002340	
1	1.143161	-1.806641	-0.060321	-0.000549	
1	1.143161	-1.806641	-0.060321	-0.000549	
1	1.171875	-1.771845	-0.061617	0.002089	
1	1.171875	-1.771845	-0.061617	0.002089	
1	1.183406	-1.757812	-0.062133	0.003103	
1	1.183406	-1.757812	-0.062133	0.003103	
1	1.220703	-1.710129	-0.063903	0.006446	
1	1.220703	-1.710129	-0.063903	0.006446	
1	1.221593	-1.708984	-0.063945	0.006523	
1	1.221593	-1.708984	-0.063945	0.006523	
1	1.257095	-1.660156	-0.065779	0.009770	
1	1.257095	-1.660156	-0.065779	0.009770	
1	1.269531	-1.642263	-0.066453	0.010913	
1	1.269531	-1.642263	-0.066453	0.010913	
1	1.290879	-1.611328	-0.067600	0.012799	
1	1.290879	-1.611328	-0.067600	0.012799	
1	1.318359	-1.570050	-0.069117	0.015184	
1	1.318359	-1.570050	-0.069117	0.015184	
1	1.323335	-1.562500	-0.069390	0.015600	
1	1.323335	-1.562500	-0.069390	0.015600	
1	1.353611	-1.513672	-0.071182	0.018241	
1	1.353611	-1.513672	-0.071182	0.018241	
1	1.367188	-1.490944	-0.072007	0.019404	
1	1.367188	-1.490944	-0.072007	0.019404	
1	1.382560	-1.464844	-0.072938	0.020679	
1	1.382560	-1.464844	-0.072938	0.020679	
1	1.410444	-1.416016	-0.074644	0.022911	
1	1.410444	-1.416016	-0.074644	0.022911	
1	1.416016	-1.405696	-0.075006	0.023369	
1	1.416016	-1.405696	-0.075006	0.023369	
1	1.436392	-1.367188	-0.076339	0.025000	
1	1.436392	-1.367188	-0.076339	0.025000	
1	1.462052	-1.318359	-0.077938	0.026856	
1	1.462052	-1.318359	-0.077938	0.026856	
1	1.464844	-1.312710	-0.078125	0.027066	
1	1.464844	-1.312710	-0.078125	0.027066	
1	1.485583	-1.269531	-0.079535	0.028599	
1	1.485583	-1.269531	-0.079535	0.028599	
1	1.509195	-1.220703	-0.081008	0.030110	
1	1.509195	-1.220703	-0.081008	0.030110	
1	1.513672	-1.210982	-0.081299	0.030397	
1	1.513672	-1.210982	-0.081299	0.030397	
1	1.530997	-1.171875	-0.082459	0.031504	
1	1.530997	-1.171875	-0.082459	0.031504	
1	1.552778	-1.123047	-0.083782	0.032693	
1	1.552778	-1.123047	-0.083782	0.032693	
1	1.562500	-1.100916	-0.084346	0.033176	
1	1.562500	-1.100916	-0.084346	0.033176	
1	1.573638	-1.074219	-0.085025	0.033737	
1	1.573638	-1.074219	-0.085025	0.033737	
1	1.593874	-1.025391	-0.086168	0.034628	
1	1.593874	-1.025391	-0.086168	0.034628	
1	1.611328	-0.984730	-0.086969	0.035212	
1	1.611328	-0.984730	-0.086969	0.035212	
1	1.614609	-0.976562	-0.087133	0.035326	
1	1.614609	-0.976562	-0.087133	0.035326	
1	1.633659	-0.927734	-0.088058	0.035943	
1	1.633659	-0.927734	-0.088058	0.035943	
1	1.653968	-0.878906	-0.088740	0.036360	
1	1.653968	-0.878906	-0.088740	0.036360	
1	1.660156	-0.864214	-0.088907	0.036457	
1	1.660156	-0.864214	-0.088907	0.036457	
1	1.673246	-0.830078	-0.089330	0.036690	
1	1.673246	-0.830078	-0.089330	0.036690	
1	1.692881	-0.781250	-0.089725	0.036889	
1	1.692881	-0.781250	-0.089725	0.036889	
1	1.708984	-0.743955	-0.089823	0.036933	
1	1.708984	-0.743955	-0.089823	0.036933	
1	1.713444	-0.732422	-0.089872	0.036954	
1	1.713444	-0.732422	-0.089872	0.036954	
1	1.732665	-0.683594	-0.089939	0.036979	
1	1.732665	-0.683594	-0.089939	0.036979	
1	1.753804	-0.634766	-0.089660	0.036875	
1	1.753804	-0.634766	-0.089660	0.036875	
1	1.757812	-0.625854	-0.089574	0.036847	
1	1.757812	-0.625854	-0.089574	0.036847	
1	1.773429	-0.585938	-0.089308	0.036762	
1	1.773429	-0.585938	-0.089308	0.036762	
1	1.794021	-0.537109	-0.088670	0.036584	
1	1.794021	-0.537109	-0.088670	0.036584	
1	1.806641	-0.509082	-0.088135	0.036454	
1	1.806641	-0.509082	-0.088135	0.036454	
1	1.814717	-0.488281	-0.087810	0.036383	
1	1.814717	-0.488281	-0.087810	0.036383	
1	1.834469	-0.439453	-0.086824	0.036191	
1	1.834469	-0.439453	-0.086824	0.036191	
1	1.855469	-0.391325	-0.085488	0.035986	
1	1.855469	-0.391325	-0.085488	0.035986	
1	1.855731	-0.390625	-0.085471	0.035983	
1	1.855731	-0.390625	-0.085471	0.035983	
1	1.874255	-0.341797	-0.084167	0.035831	
1	1.874255	-0.341797	-0.084167	0.035831	
1	1.893801	-0.292969	-0.082537	0.035697	
1	1.893801	-0.292969	-0.082537	0.035697	
1	1.904297	-0.267579	-0.081563	0.035643	
1	1.904297	-0.267579	-0.081563	0.035643	
1	1.912547	-0.244141	-0.080765	0.035612	
1	1.912547	-0.244141	-0.080765	0.035612	
1	1.930002	-0.195312	-0.078910	0.035583	
1	1.930002	-0.195312	-0.078910	0.035583	
1	1.947887	-0.146484	-0.076783	0.035616	
1	1.947887	-0.146484	-0.076783	0.035616	
1	1.953125	-0.132217	-0.076116	0.035640	
1	1.953125	-0.132217	-0.076116	0.035640	
1	1.963924	-0.097656	-0.074644	0.035714	
1	1.963924	-0.097656	-0.074644	0.035714	
1	1.979117	-0.048828	-0.072388	0.035881	
1	1.979117	-0.048828	-0.072388	0.035881	
1	1.994173	0.000000	-0.069929	0.036132	
1	1.994173	0.000000	-0.069929	0.036132	
1	2.001953	0.025806	-0.068563	0.036300	
1	2.001953	0.025806	-0.068563	0.036300	
1	2.007898	0.048828	-0.067419	0.036457	
1	2.007898	0.048828	-0.067419	0.036457	
1	2.020064	0.097656	-0.064895	0.036849	
1	2.020064	0.097656	-0.064895	0.036849	
1	2.031692	0.146484	-0.062233	0.037331	
1	2.031692	0.146484	-0.062233	0.037331	
1	2.042653	0.195312	-0.059453	0.037904	
1	2.042653	0.195312	-0.059453	0.037904	
1	2.050781	0.234284	-0.057170	0.038427	
1	2.050781	0.234284	-0.057170	0.038427	
1	2.052557	0.244141	-0.056610	0.038562	
1	2.052557	0.244141	-0.056610	0.038562	
1	2.060632	0.292969	-0.053817	0.039276	
1	2.060632	0.292969	-0.053817	0.039276	
1	2.067853	0.341797	-0.050947	0.040077	
1	2.067853	0.341797	-0.050947	0.040077	
1	2.074143	0.390625	-0.048015	0.040964	
1	2.074143	0.390625	-0.048015	0.040964	
1	2.079435	0.439453	-0.045035	0.041936	
1	2.079435	0.439453	-0.045035	0.041936	
1	2.083673	0.488281	-0.042019	0.042991	
1	2.083673	0.488281	-0.042019	0.042991	
1	2.086811	0.537109	-0.038978	0.044125	
1	2.086811	0.537109	-0.038978	0.044125	
1	2.088814	0.585938	-0.035921	0.045336	
1	2.088814	0.585938	-0.035921	0.045336	
1	2.089659	0.634766	-0.032855	0.046622	
1	2.089659	0.634766	-0.032855	0.046622	
1	2.089330	0.683594	-0.029786	0.047981	
1	2.089330	0.683594	-0.029786	0.047981	
1	2.087821	0.732422	-0.026717	0.049411	
1	2.087821	0.732422	-0.026717	0.049411	
1	2.085134	0.781250	-0.023652	0.050912	
1	2.085134	0.781250	-0.023652	0.050912	
1	2.081273	0.830078	-0.020592	0.052483	
1	2.081273	0.830078	-0.020592	0.052483	
1	2.076250	0.878906	-0.017537	0.054124	
1	2.076250	0.878906	-0.017537	0.054124	
1	2.070078	0.927734	-0.014488	0.055837	
1	2.070078	0.927734	-0.014488	0.055837	
1	2.062773	0.976562	-0.011442	0.057622	
1	2.062773	0.976562	-0.011442	0.057622	
1	2.054351	1.025391	-0.008400	0.059483	
1	2.054351	1.025391	-0.008400	0.059483	
1	2.050781	1.043389	-0.007306	0.060172	
1	2.050781	1.043389	-0.007306	0.060172	
1	2.044288	1.074219	-0.005436	0.061373	
1	2.044288	1.074219	-0.005436	0.061373	
1	2.032775	1.123047	-0.002521	0.063306	
1	2.032775	1.123047	-0.002521	0.063306	
1	2.020174	1.171875	0.000394	0.065317	
1	2.020174	1.171875	0.000394	0.065317	
1	2.006505	1.220703	0.003313	0.067412	
1	2.006505	1.220703	0.003313	0.067412	
1	2.001953	1.235501	0.004171	0.068043	
1	2.001953	1.235501	0.004171	0.068043	
1	1.990939	1.269531	0.006124	0.069508	
1	1.990939	1.269531	0.006124	0.069508	
1	1.973959	1.318359	0.008895	0.071654	
1	1.973959	1.318359	0.008895	0.071654	
1	1.955974	1.367188	0.011681	0.073897	
1	1.955974	1.367188	0.011681	0.073897	
1	1.953125	1.374332	0.012073	0.074219	
1	1.953125	1.374332	0.012073	0.074219	
1	1.935731	1.416016	0.014323	0.076106	
1	1.935731	1.416016	0.014323	0.076106	
1	1.914314	1.464844	0.016965	0.078399	
1	1.914314	1.464844	0.016965	0.078399	
1	1.904297	1.486342	0.018101	0.079413	
1	1.904297	1.486342	0.018101	0.079413	
1	1.891014	1.513672	0.019520	0.080703	
1	1.891014	1.513672	0.019520	0.080703	
1	1.866046	1.562500	0.022022	0.083047	
1	1.866046	1.562500	0.022022	0.083047	
1	1.855469	1.582101	0.023003	0.083991	
1	1.855469	1.582101	0.023003	0.083991	
1	1.839063	1.611328	0.024435	0.085397	
1	1.839063	1.611328	0.024435	0.085397	
1	1.810460	1.660156	0.026813	0.087803	
1	1.810460	1.660156	0.026813	0.087803	
1	1.806641	1.666316	0.027099	0.088100	
1	1.806641	1.666316	0.027099	0.088100	
1	1.779188	1.708984	0.029044	0.090154	
1	1.779188	1.708984	0.029044	0.090154	
1	1.757812	1.740919	0.030488	0.091725	
1	1.757812	1.740919	0.030488	0.091725	
1	1.746091	1.757812	0.031234	0.092555	
1	1.746091	1.757812	0.031234	0.092555	
1	1.710725	1.806641	0.033345	0.094968	
1	1.710725	1.806641	0.033345	0.094968	
1	1.708984	1.808923	0.033438	0.095077	
1	1.708984	1.808923	0.033438	0.095077	
1	1.672244	1.855469	0.035304	0.097304	
1	1.672244	1.855469	0.035304	0.097304	
1	1.660156	1.870153	0.035876	0.098006	
1	1.660156	1.870153	0.035876	0.098006	
1	1.631095	1.904297	0.037175	0.099635	
1	1.631095	1.904297	0.037175	0.099635	
1	1.611328	1.926538	0.037989	0.100683	
1	1.611328	1.926538	0.037989	0.100683	
1	1.586908	1.953125	0.038940	0.101935	
1	1.586908	1.953125	0.038940	0.101935	
1	1.562500	1.978541	0.039806	0.103104	
1	1.562500	1.978541	0.039806	0.103104	
1	1.539274	2.001953	0.040585	0.104182	
1	1.539274	2.001953	0.040585	0.104182	
1	1.513672	2.026608	0.041358	0.105278	
1	1.513672	2.026608	0.041358	0.105278	
1	1.487748	2.050781	0.042098	0.106356	
1	1.487748	2.050781	0.042098	0.106356	
1	1.464844	2.071164	0.042679	0.107222	
1	1.464844	2.071164	0.042679	0.107222	
1	1.431833	2.099609	0.043473	0.108437	
1	1.431833	2.099609	0.043473	0.108437	
1	1.416016	2.112607	0.043806	0.108959	
1	1.416016	2.112607	0.043806	0.108959	
1	1.370975	2.148438	0.044705	0.110412	
1	1.370975	2.148438	0.044705	0.110412	
1	1.367188	2.151308	0.044770	0.110520	
1	1.367188	2.151308	0.044770	0.110520	
1	1.318359	2.186829	0.045519	0.111790	
1	1.318359	2.186829	0.045519	0.111790	
1	1.303489	2.197266	0.045731	0.112161	
1	1.303489	2.197266	0.045731	0.112161	
1	1.269531	2.219911	0.046132	0.112876	
1	1.269531	2.219911	0.046132	0.112876	
1	1.228893	2.246094	0.046590	0.113724	
1	1.228893	2.246094	0.046590	0.113724	
1	1.220703	2.251106	0.046664	0.113865	
1	1.220703	2.251106	0.046664	0.113865	
1	1.171875	2.279573	0.047025	0.114568	
1	1.171875	2.279573	0.047025	0.114568	
1	1.144440	2.294922	0.047210	0.114942	
1	1.144440	2.294922	0.047210	0.114942	
1	1.123047	2.306263	0.047315	0.115157	
1	1.123047	2.306263	0.047315	0.115157	
1	1.074219	2.330880	0.047502	0.115557	
1	1.074219	2.330880	0.047502	0.115557	
1	1.047355	2.343750	0.047583	0.115734	
1	1.047355	2.343750	0.047583	0.115734	
1	1.025391	2.353700	0.047616	0.115809	
1	1.025391	2.353700	0.047616	0.115809	
1	0.976562	2.374525	0.047639	0.115859	
1	0.976562	2.374525	0.047639	0.115859	
1	0.931797	2.392578	0.047646	0.115873	
1	0.931797	2.392578	0.047646	0.115873	
1	0.927734	2.394125	0.047642	0.115863	
1	0.927734	2.394125	0.047642	0.115863	
1	0.878906	2.411287	0.047522	0.115544	
1	0.878906	2.411287	0.047522	0.115544	
1	0.830078	2.427271	0.047390	0.115173	
1	0.830078	2.427271	0.047390	0.115173	
1	0.783296	2.441406	0.047246	0.114747	
1	0.783296	2.441406	0.047246	0.114747	
1	0.781250	2.441988	0.047238	0.114724	
1	0.781250	2.441988	0.047238	0.114724	
1	0.732422	2.454463	0.046995	0.113968	
1	0.732422	2.454463	0.046995	0.113968	
1	0.683594	2.465687	0.046741	0.113124	
1	0.683594	2.465687	0.046741	0.113124	
1	0.634766	2.475624	0.046474	0.112183	
1	0.634766	2.475624	0.046474	0.112183	
1	0.585938	2.484242	0.046194	0.111132	
1	0.585938	2.484242	0.046194	0.111132	
1	0.545606	2.490234	0.045947	0.110148	
1	0.545606	2.490234	0.045947	0.110148	
1	0.537109	2.491414	0.045897	0.109938	
1	0.537109	2.491414	0.045897	0.109938	
1	0.488281	2.496853	0.045571	0.108531	
1	0.488281	2.496853	0.045571	0.108531	
1	0.439453	2.500988	0.045245	0.107010	
1	0.439453	2.500988	0.045245	0.107010	
1	0.390625	2.503808	0.044923	0.105372	
1	0.390625	2.503808	0.044923	0.105372	
1	0.341797	2.505304	0.044608	0.103615	
1	0.341797	2.505304	0.044608	0.103615	
1	0.292969	2.505475	0.044304	0.101737	
1	0.292969	2.505475	0.044304	0.101737	
1	0.244141	2.504324	0.044013	0.099742	
1	0.244141	2.504324	0.044013	0.099742	
1	0.195312	2.501861	0.043742	0.097633	
1	0.195312	2.501861	0.043742	0.097633	
1	0.146484	2.498101	0.043494	0.095415	
1	0.146484	2.498101	0.043494	0.095415	
1	0.097656	2.493065	0.043274	0.093097	
1	0.097656	2.493065	0.043274	0.093097	
1	0.075676	2.490234	0.043181	0.091986	
1	0.075676	2.490234	0.043181	0.091986	
1	0.048828	2.486480	0.043079	0.090616	
1	0.048828	2.486480	0.043079	0.090616	
1	0.000000	2.478328	0.042918	0.087974	
1	0.000000	2.478328	0.042918	0.087974	
1	-0.048828	2.468904	0.042798	0.085244	
1	-0.048828	2.468904	0.042798	0.085244	
1	-0.097656	2.458256	0.042724	0.082444	
1	-0.097656	2.458256	0.042724	0.082444	
1	-0.146484	2.446441	0.042696	0.079592	
1	-0.146484	2.446441	0.042696	0.079592	
1	-0.165420	2.441406	0.042699	0.078441	
1	-0.165420	2.441406	0.042699	0.078441	
1	-0.195312	2.432794	0.042720	0.076542	
1	-0.195312	2.432794	0.042720	0.076542	
1	-0.244141	2.417567	0.042802	0.073360	
1	-0.244141	2.417567	0.042802	0.073360	
1	-0.292969	2.401305	0.042941	0.070180	
1	-0.292969	2.401305	0.042941	0.070180	
1	-0.317566	2.392578	0.043034	0.068548	
1	-0.317566	2.392578	0.043034	0.068548	
1	-0.341797	2.383274	0.043146	0.066844	
1	-0.341797	2.383274	0.043146	0.066844	
1	-0.390625	2.363491	0.043425	0.063370	
1	-0.390625	2.363491	0.043425	0.063370	
1	-0.437398	2.343750	0.043746	0.060108	
1	-0.437398	2.343750	0.043746	0.060108	
1	-0.439453	2.342811	0.043763	0.059955	
1	-0.439453	2.342811	0.043763	0.059955	
1	-0.488281	2.319409	0.044204	0.056220	
1	-0.488281	2.319409	0.044204	0.056220	
1	-0.537109	2.295405	0.044698	0.052628	
1	-0.537109	2.295405	0.044698	0.052628	
1	-0.538051	2.294922	0.044709	0.052557	
1	-0.538051	2.294922	0.044709	0.052557	
1	-0.585938	2.268459	0.045317	0.048711	
1	-0.585938	2.268459	0.045317	0.048711	
1	-0.625716	2.246094	0.045858	0.045650	
1	-0.625716	2.246094	0.045858	0.045650	
1	-0.634766	2.240601	0.045998	0.044901	
1	-0.634766	2.240601	0.045998	0.044901	
1	-0.683594	2.210189	0.046801	0.040889	
1	-0.683594	2.210189	0.046801	0.040889	
1	-0.703982	2.197266	0.047152	0.039262	
1	-0.703982	2.197266	0.047152	0.039262	
1	-0.732422	2.177863	0.047706	0.036825	
1	-0.732422	2.177863	0.047706	0.036825	
1	-0.775155	2.148438	0.048560	0.033321	
1	-0.775155	2.148438	0.048560	0.033321	
1	-0.781250	2.143918	0.048698	0.032783	
1	-0.781250	2.143918	0.048698	0.032783	
1	-0.830078	2.107167	0.049831	0.028575	
1	-0.830078	2.107167	0.049831	0.028575	
1	-0.840002	2.099609	0.050067	0.027747	
1	-0.840002	2.099609	0.050067	0.027747	
1	-0.878906	2.067864	0.051097	0.024280	
1	-0.878906	2.067864	0.051097	0.024280	
1	-0.899731	2.050781	0.051653	0.022507	
1	-0.899731	2.050781	0.051653	0.022507	
1	-0.927734	2.026187	0.052484	0.019964	
1	-0.927734	2.026187	0.052484	0.019964	
1	-0.955219	2.001953	0.053302	0.017580	
1	-0.955219	2.001953	0.053302	0.017580	
1	-0.976562	1.981833	0.054005	0.015612	
1	-0.976562	1.981833	0.054005	0.015612	
1	-1.006924	1.953125	0.055003	0.012939	
1	-1.006924	1.953125	0.055003	0.012939	
1	-1.025391	1.934495	0.055671	0.011219	
1	-1.025391	1.934495	0.055671	0.011219	
1	-1.055247	1.904297	0.056746	0.008563	
1	-1.055247	1.904297	0.056746	0.008563	
1	-1.074219	1.883879	0.057493	0.006788	
1	-1.074219	1.883879	0.057493	0.006788	
1	-1.100547	1.855469	0.058522	0.004436	
1	-1.100547	1.855469	0.058522	0.004436	
1	-1.123047	1.829727	0.059476	0.002340	
1	-1.123047	1.829727	0.059476	0.002340	
1	-1.143161	1.806641	0.060321	0.000549	
1	-1.143161	1.806641	0.060321	0.000549	
1	-1.171875	1.771845	0.061617	-0.002089	
1	-1.171875	1.771845	0.061617	-0.002089	
1	-1.183406	1.757812	0.062133	-0.003103	
1	-1.183406	1.757812	0.062133	-0.003103	
1	-1.220703	1.710129	0.063903	-0.006446	
1	-1.220703	1.710129	0.063903	-0.006446	
1	-1.221593	1.708984	0.063945	-0.006523	
1	-1.221593	1.708984	0.063945	-0.006523	
1	-1.257095	1.660156	0.065779	-0.009770	
1	-1.257095	1.660156	0.065779	-0.009770	
1	-1.269531	1.642263	0.066453	-0.010913	
1	-1.269531	1.642263	0.066453	-0.010913	
1	-1.290879	1.611328	0.067600	-0.012799	
1	-1.290879	1.611328	0.067600	-0.012799	
1	-1.318359	1.570050	0.069117	-0.015184	
1	-1.318359	1.570050	0.069117	-0.015184	
1	-1.323335	1.562500	0.069390	-0.015600	
1	-1.323335	1.562500	0.069390	-0.015600	
1	-1.353611	1.513672	0.071182	-0.018241	
1	-1.353611	1.513672	0.071182	-0.018241	
1	-1.367188	1.490944	0.072007	-0.019404	
1	-1.367188	1.490944	0.072007	-0.019404	
1	-1.382560	1.464844	0.072938	-0.020679	
1	-1.382560	1.464844	0.072938	-0.020679	
1	-1.410444	1.416016	0.074644	-0.022911	
1	-1.410444	1.416016	0.074644	-0.022911	
1	-1.416016	1.405696	0.075006	-0.023369	
1	-1.416016	1.405696	0.075006	-0.023369	
1	-1.436392	1.367188	0.076339	-0.025000	
1	-1.436392	1.367188	0.076339	-0.025000	
1	-1.462052	1.318359	0.077938	-0.026856	
1	-1.462052	1.318359	0.077938	-0.026856	
1	-1.464844	1.312710	0.078125	-0.027066	
1	-1.464844	1.312710	0.078125	-0.027066	
1	-1.485583	1.269531	0.079535	-0.028599	
1	-1.485583	1.269531	0.079535	-0.028599	
1	-1.509195	1.220703	0.081008	-0.030110	
1	-1.509195	1.220703	0.081008	-0.030110	
1	-1.513672	1.210982	0.081299	-0.030397	
1	-1.513672	1.210982	0.081299	-0.030397	
1	-1.530997	1.171875	0.082459	-0.031504	
1	-1.530997	1.171875	0.082459	-0.031504	
1	-1.552778	1.123047	0.083782	-0.032693	
1	-1.552778	1.123047	0.083782	-0.032693	
1	-1.562500	1.100916	0.084346	-0.033176	
1	-1.562500	1.100916	0.084346	-0.033176	
1	-1.573638	1.074219	0.085025	-0.033737	
1	-1.573638	1.074219	0.085025	-0.033737	
1	-1.593874	1.025391	0.086168	-0.034628	
1	-1.593874	1.025391	0.086168	-0.034628	
1	-1.611328	0.984730	0.086969	-0.035212	
1	-1.611328	0.984730	0.086969	-0.035212	
1	-1.614609	0.976562	0.087133	-0.035326	
1	-1.614609	0.976562	0.087133	-0.035326	
1	-1.633659	0.927734	0.088058	-0.035943	
1	-1.633659	0.927734	0.088058	-0.035943	
1	-1.653968	0.878906	0.088740	-0.036360	
1	-1.653968	0.878906	0.088740	-0.036360	
1	-1.660156	0.864214	0.088907	-0.036457	
1	-1.660156	0.864214	0.088907	-0.036457	
1	-1.673246	0.830078	0.089330	-0.036690	
1	-1.673246	0.830078	0.089330	-0.036690	
1	-1.692881	0.781250	0.089725	-0.036889	
1	-1.692881	0.781250	0.089725	-0.036889	
1	-1.708984	0.743955	0.089823	-0.036933	
1	-1.708984	0.743955	0.089823	-0.036933	
1	-1.713444	0.732422	0.089872	-0.036954	
1	-1.713444	0.732422	0.089872	-0.036954	
1	-1.732665	0.683594	0.089939	-0.036979	
1	-1.732665	0.683594	0.089939	-0.036979	
1	-1.753804	0.634766	0.089660	-0.036875	
1	-1.753804	0.634766	0.089660	-0.036875	
1	-1.757812	0.625854	0.089574	-0.036847	
1	-1.757812	0.625854	0.089574	-0.036847	
1	-1.773429	0.585938	0.089308	-0.036762	
1	-1.773429	0.585938	0.089308	-0.036762	
1	-1.794021	0.537109	0.088670	-0.036584	
1	-1.794021	0.537109	0.088670	-0.036584	
1	-1.806641	0.509082	0.088135	-0.036454	
1	-1.806641	0.509082	0.088135	-0.036454	
1	-1.814717	0.488281	0.087810	-0.036383	
1	-1.814717	0.488281	0.087810	-0.036383	
1	-1.834469	0.439453	0.086824	-0.036191	
1	-1.834469	0.439453	0.086824	-0.036191	
1	-1.855469	0.391325	0.085488	-0.035986	
1	-1.855469	0.391325	0.085488	-0.035986	
1	-1.855731	0.390625	0.085471	-0.035983	
1	-1.855731	0.390625	0.085471	-0.035983	
1	-1.874255	0.341797	0.084167	-0.035831	
1	-1.874255	0.341797	0.084167	-0.035831	
1	-1.893801	0.292969	0.082537	-0.035697	
1	-1.893801	0.292969	0.082537	-0.035697	
1	-1.904297	0.267579	0.081563	-0.035643	
1	-1.904297	0.267579	0.081563	-0.035643	
1	-1.912547	0.244141	0.080765	-0.035612	
1	-1.912547	0.244141	0.080765	-0.035612	
1	-1.930002	0.195312	0.078910	-0.035583	
1	-1.930002	0.195312	0.078910	-0.035583	
1	-1.947887	0.146484	0.076783	-0.035616	
1	-1.947887	0.146484	0.076783	-0.035616	
1	-1.953125	0.132217	0.076116	-0.035640	
1	-1.953125	0.132217	0.076116	-0.035640	
1	-1.963924	0.097656	0.074644	-0.035714	
1	-1.963924	0.097656	0.074644	-0.035714	
1	-1.979117	0.048828	0.072388	-0.035881	
1	-1.979117	0.048828	0.072388	-0.035881	
1	-1.994173	0.000000	0.069929	-0.036132	
1	-1.994173	0.000000	0.069929	-0.036132	
1	-2.001953	-0.025806	0.068563	-0.036300	
1	-2.001953	-0.025806	0.068563	-0.036300	
1	-2.007898	-0.048828	0.067419	-0.036457	
1	-2.007898	-0.048828	0.067419	-0.036457	
1	-2.020064	-0.097656	0.064895	-0.036849	
1	-2.020064	-0.097656	0.064895	-0.036849	
1	-2.031692	-0.146484	0.062233	-0.037331	
1	-2.031692	-0.146484	0.062233	-0.037331	
1	-2.042653	-0.195312	0.059453	-0.037904	
1	-2.042653	-0.195312	0.059453	-0.037904	
1	-2.050781	-0.234284	0.057170	-0.038427	
1	-2.050781	-0.234284	0.057170	-0.038427	
1	-2.052557	-0.244141	0.056610	-0.038562	
1	-2.052557	-0.244141	0.056610	-0.038562	
1	-2.060632	-0.292969	0.053817	-0.039276	
1	-2.060632	-0.292969	0.053817	-0.039276	
1	-2.067853	-0.341797	0.050947	-0.040077	
1	-2.067853	-0.341797	0.050947	-0.040077	
1	-2.074143	-0.390625	0.048015	-0.040964	
1	-2.074143	-0.390625	0.048015	-0.040964	
1	-2.079435	-0.439453	0.045035	-0.041936	
1	-2.079435	-0.439453	0.045035	-0.041936	
1	-2.083673	-0.488281	0.042019	-0.042991	
1	-2.083673	-0.488281	0.042019	-0.042991	
1	-2.086811	-0.537109	0.038978	-0.044125	
1	-2.086811	-0.537109	0.038978	-0.044125	
1	-2.088814	-0.585938	0.035921	-0.045336	
1	-2.088814	-0.585938	0.035921	-0.045336	
1	-2.089659	-0.634766	0.032855	-0.046622	
1	-2.089659	-0.634766	0.032855	-0.046622	
1	-2.089330	-0.683594	0.029786	-0.047981	
1	-2.089330	-0.683594	0.029786	-0.047981	
1	-2.087821	-0.732422	0.026717	-0.049411	
1	-2.087821	-0.732422	0.026717	-0.049411	
1	-2.085134	-0.781250	0.023652	-0.050912	
1	-2.085134	-0.781250	0.023652	-0.050912	
1	-2.081273	-0.830078	0.020592	-0.052483	
1	-2.081273	-0.830078	0.020592	-0.052483	
1	-2.076250	-0.878906	0.017537	-0.054124	
1	-2.076250	-0.878906	0.017537	-0.054124	
1	-2.070078	-0.927734	0.014488	-0.055837	
1	-2.070078	-0.927734	0.014488	-0.055837	
1	-2.062773	-0.976562	0.011442	-0.057622	
1	-2.062773	-0.976562	0.011442	-0.057622	
1	-2.054351	-1.025391	0.008400	-0.059483	
1	-2.054351	-1.025391	0.008400	-0.059483	
1	-2.050781	-1.043389	0.007306	-0.060172	
1	-2.050781	-1.043389	0.007306	-0.060172	
1	-2.044288	-1.074219	0.005436	-0.061373	
1	-2.044288	-1.074219	0.005436	-0.061373	
1	-2.032775	-1.123047	0.002521	-0.063306	
1	-2.032775	-1.123047	0.002521	-0.063306	
1	-2.020174	-1.171875	-0.000394	-0.065317	
1	-2.020174	-1.171875	-0.000394	-0.065317	
1	-2.006505	-1.220703	-0.003313	-0.067412	
1	-2.006505	-1.220703	-0.003313	-0.067412	
1	-2.001953	-1.235501	-0.004171	-0.068043	
1	-2.001953	-1.235501	-0.004171	-0.068043	
1	-1.990939	-1.269531	-0.006124	-0.069508	
1	-1.990939	-1.269531	-0.006124	-0.069508	
1	-1.973959	-1.318359	-0.008895	-0.071654	
1	-1.973959	-1.318359	-0.008895	-0.071654	
1	-1.955974	-1.367188	-0.011681	-0.073897	
1	-1.955974	-1.367188	-0.011681	-0.073897	
1	-1.953125	-1.374332	-0.012073	-0.074219	
1	-1.953125	-1.374332	-0.012073	-0.074219	
1	-1.935731	-1.416016	-0.014323	-0.076106	
1	-1.935731	-1.416016	-0.014323	-0.076106	
1	-1.914314	-1.464844	-0.016965	-0.078399	
1	-1.914314	-1.464844	-0.016965	-0.078399	
1	-1.904297	-1.486342	-0.018101	-0.079413	
1	-1.904297	-1.486342	-0.018101	-0.079413	
1	-1.891014	-1.513672	-0.019520	-0.080703	
1	-1.891014	-1.513672	-0.019520	-0.080703	
1	-1.866046	-1.562500	-0.022022	-0.083047	
1	-1.866046	-1.562500	-0.022022	-0.083047	
1	-1.855469	-1.582101	-0.023003	-0.083991	
1	-1.855469	-1.582101	-0.023003	-0.083991	
1	-1.839063	-1.611328	-0.024435	-0.085397	
1	-1.839063	-1.611328	-0.024435	-0.085397	
1	-1.810460	-1.660156	-0.026813	-0.087803	
1	-1.810460	-1.660156	-0.026813	-0.087803	
1	-1.806641	-1.666316	-0.027099	-0.088100	
1	-1.806641	-1.666316	-0.027099	-0.088100	
1	-1.779188	-1.708984	-0.029044	-0.090154	
1	-1.779188	-1.708984	-0.029044	-0.090154	
1	-1.757812	-1.740919	-0.030488	-0.091725	
1	-1.757812	-1.740919	-0.030488	-0.091725	
1	-1.746091	-1.757812	-0.031234	-0.092555	
1	-1.746091	-1.757812	-0.031234	-0.092555	
1	-1.710725	-1.806641	-0.033345	-0.094968	
1	-1.710725	-1.806641	-0.033345	-0.094968	
1	-1.708984	-1.808923	-0.033438	-0.095077	
1	-1.708984	-1.808923	-0.033438	-0.095077	
1	-1.672244	-1.855469	-0.035304	-0.097304	
1	-1.672244	-1.855469	-0.035304	-0.097304	
1	-1.660156	-1.870153	-0.035876	-0.098006	
1	-1.660156	-1.870153	-0.035876	-0.098006	
1	-1.631095	-1.904297	-0.037175	-0.099635	
1	-1.631095	-1.904297	-0.037175	-0.099635	
1	-1.611328	-1.926538	-0.037989	-0.100683	
1	-1.611328	-1.926538	-0.037989	-0.100683	
