chi multiples
 N    ID    z   Narcs    chip    chix    chiy    chia   rmss     rmsi    dx      dy    nwarn
 0    7.3 4.500   1      0.00    0.00    0.00    0.00  0.00  0.00    0
 0    6.3 4.500   1     30.28   29.64    0.64    0.00  0.00  2.75    0
 0    6.3 4.500   1      0.00    0.00    0.00    0.00  0.00  0.02    0
 0    6.3 4.500   1      3.32    1.62    1.69    0.00  0.00  0.91    0
 0    6.3 4.500   3     33.60    0.00    0.00    0.00  0.00  1.67    0
 0    8.1 4.500   1      0.20    0.00    0.00    0.00   0.034    0.22    0.08    0.21  0
 0    8.2 4.500   1      4.83    0.00    0.00    0.00   0.055    1.10   -0.30   -1.06  0
 0    8.3 4.500   1      2.13    0.00    0.00    0.00   0.051    0.73   -0.33   -0.65  0
 0    8.1 4.500   3      7.16    0.00    0.00    0.00   0.047    0.77    N/A     N/A   0
 3    7.2 4.500   1      0.07    0.00    0.00    0.00   0.005    0.14   -0.11    0.08  0
 3    7.1 4.500   1      1.20    0.00    0.00    0.00   0.005    0.55   -0.29    0.47  0
 3    7.2 4.500   2   3601.27    0.00    0.00    0.00   0.005    0.40    N/A     N/A   0
 4    6.2 4.500   1     85.25    0.00    0.00    0.00   0.017    4.62    4.35    1.54  0
 4    6.1 4.500   1      9.56    0.00    0.00    0.00   0.017    1.55    0.49    1.47  0
 4    6.2 4.500   2     94.81    0.00    0.00    0.00   0.017    3.44    N/A     N/A   0
chimul                3736.84    0.00    0.00    0.00   0.032    1.92    N/A     N/A   0
log(Likelihood)       -1871.58
chipenalty 3600.00 136.84

chitot           3736.84
log(Likelihood)    -1871.58
