#REFERENCE 3 262.9316810 22.8692980
1	-0.787819	-0.781250	0.060630	0.028993	
1	-0.781250	-0.786427	0.059942	0.029460	
1	-0.781250	-0.786427	0.059942	0.029460	
1	-0.787819	-0.781250	0.060630	0.028993	
1	-0.830078	-0.746192	0.065053	0.025890	
1	-0.830078	-0.746192	0.065053	0.025890	
1	-0.846061	-0.732422	0.066709	0.024680	
1	-0.846061	-0.732422	0.066709	0.024680	
1	-0.878906	-0.702409	0.070115	0.022106	
1	-0.878906	-0.702409	0.070115	0.022106	
1	-0.898909	-0.683594	0.072162	0.020499	
1	-0.898909	-0.683594	0.072162	0.020499	
1	-0.927734	-0.654622	0.075119	0.018093	
1	-0.927734	-0.654622	0.075119	0.018093	
1	-0.947102	-0.634766	0.077070	0.016448	
1	-0.947102	-0.634766	0.077070	0.016448	
1	-0.976562	-0.602247	0.080052	0.013835	
1	-0.976562	-0.602247	0.080052	0.013835	
1	-0.991186	-0.585938	0.081496	0.012524	
1	-0.991186	-0.585938	0.081496	0.012524	
1	-1.025391	-0.544554	0.084896	0.009309	
1	-1.025391	-0.544554	0.084896	0.009309	
1	-1.031542	-0.537109	0.085488	0.008729	
1	-1.031542	-0.537109	0.085488	0.008729	
1	-1.068624	-0.488281	0.089093	0.005056	
1	-1.068624	-0.488281	0.089093	0.005056	
1	-1.074219	-0.480211	0.089645	0.004471	
1	-1.074219	-0.480211	0.089645	0.004471	
1	-1.102835	-0.439453	0.092349	0.001500	
1	-1.102835	-0.439453	0.092349	0.001500	
1	-1.123047	-0.407508	0.094280	-0.000735	
1	-1.123047	-0.407508	0.094280	-0.000735	
1	-1.133995	-0.390625	0.095271	-0.001923	
1	-1.133995	-0.390625	0.095271	-0.001923	
1	-1.162518	-0.341797	0.097892	-0.005225	
1	-1.162518	-0.341797	0.097892	-0.005225	
1	-1.171875	-0.323872	0.098772	-0.006390	
1	-1.171875	-0.323872	0.098772	-0.006390	
1	-1.188675	-0.292969	0.100239	-0.008410	
1	-1.188675	-0.292969	0.100239	-0.008410	
1	-1.212159	-0.244141	0.102320	-0.011465	
1	-1.212159	-0.244141	0.102320	-0.011465	
1	-1.220703	-0.223939	0.103100	-0.012679	
1	-1.220703	-0.223939	0.103100	-0.012679	
1	-1.233550	-0.195312	0.104164	-0.014407	
1	-1.233550	-0.195312	0.104164	-0.014407	
1	-1.252623	-0.146484	0.105780	-0.017227	
1	-1.252623	-0.146484	0.105780	-0.017227	
1	-1.268980	-0.097656	0.107177	-0.019918	
1	-1.268980	-0.097656	0.107177	-0.019918	
1	-1.269531	-0.095704	0.107228	-0.020022	
1	-1.269531	-0.095704	0.107228	-0.020022	
1	-1.283973	-0.048828	0.108385	-0.022511	
1	-1.283973	-0.048828	0.108385	-0.022511	
1	-1.296420	0.000000	0.109402	-0.024982	
1	-1.296420	0.000000	0.109402	-0.024982	
1	-1.306392	0.048828	0.110240	-0.027337	
1	-1.306392	0.048828	0.110240	-0.027337	
1	-1.313969	0.097656	0.110912	-0.029584	
1	-1.313969	0.097656	0.110912	-0.029584	
1	-1.318359	0.138883	0.111357	-0.031398	
1	-1.318359	0.138883	0.111357	-0.031398	
1	-1.319285	0.146484	0.111428	-0.031728	
1	-1.319285	0.146484	0.111428	-0.031728	
1	-1.322485	0.195312	0.111794	-0.033776	
1	-1.322485	0.195312	0.111794	-0.033776	
1	-1.322983	0.244141	0.112016	-0.035729	
1	-1.322983	0.244141	0.112016	-0.035729	
1	-1.320609	0.292969	0.112101	-0.037597	
1	-1.320609	0.292969	0.112101	-0.037597	
1	-1.318359	0.313501	0.112096	-0.038359	
1	-1.318359	0.313501	0.112096	-0.038359	
1	-1.315486	0.341797	0.112050	-0.039388	
1	-1.315486	0.341797	0.112050	-0.039388	
1	-1.307586	0.390625	0.111865	-0.041112	
1	-1.307586	0.390625	0.111865	-0.041112	
1	-1.296195	0.439453	0.111542	-0.042780	
1	-1.296195	0.439453	0.111542	-0.042780	
1	-1.280637	0.488281	0.111072	-0.044413	
1	-1.280637	0.488281	0.111072	-0.044413	
1	-1.269531	0.515508	0.110739	-0.045320	
1	-1.269531	0.515508	0.110739	-0.045320	
1	-1.261143	0.537109	0.110442	-0.046021	
1	-1.261143	0.537109	0.110442	-0.046021	
1	-1.237655	0.585938	0.109632	-0.047615	
1	-1.237655	0.585938	0.109632	-0.047615	
1	-1.220703	0.614364	0.109054	-0.048563	
1	-1.220703	0.614364	0.109054	-0.048563	
1	-1.208860	0.634766	0.108604	-0.049225	
1	-1.208860	0.634766	0.108604	-0.049225	
1	-1.174487	0.683594	0.107313	-0.050865	
1	-1.174487	0.683594	0.107313	-0.050865	
1	-1.171875	0.686801	0.107215	-0.050977	
1	-1.171875	0.686801	0.107215	-0.050977	
1	-1.134898	0.732422	0.105712	-0.052533	
1	-1.134898	0.732422	0.105712	-0.052533	
1	-1.123047	0.744951	0.105227	-0.052981	
1	-1.123047	0.744951	0.105227	-0.052981	
1	-1.088228	0.781250	0.103703	-0.054261	
1	-1.088228	0.781250	0.103703	-0.054261	
1	-1.074219	0.794077	0.103081	-0.054735	
1	-1.074219	0.794077	0.103081	-0.054735	
1	-1.033618	0.830078	0.101171	-0.056057	
1	-1.033618	0.830078	0.101171	-0.056057	
1	-1.025391	0.836616	0.100776	-0.056308	
1	-1.025391	0.836616	0.100776	-0.056308	
1	-0.976562	0.874022	0.098314	-0.057734	
1	-0.976562	0.874022	0.098314	-0.057734	
1	-0.969905	0.878906	0.097963	-0.057920	
1	-0.969905	0.878906	0.097963	-0.057920	
1	-0.927734	0.907326	0.095692	-0.059036	
1	-0.927734	0.907326	0.095692	-0.059036	
1	-0.894978	0.927734	0.093846	-0.059846	
1	-0.894978	0.927734	0.093846	-0.059846	
1	-0.878906	0.937060	0.092918	-0.060223	
1	-0.878906	0.937060	0.092918	-0.060223	
1	-0.830078	0.963743	0.089993	-0.061303	
1	-0.830078	0.963743	0.089993	-0.061303	
1	-0.804610	0.976562	0.088409	-0.061824	
1	-0.804610	0.976562	0.088409	-0.061824	
1	-0.781250	0.987706	0.086922	-0.062278	
1	-0.781250	0.987706	0.086922	-0.062278	
1	-0.732422	1.009197	0.083708	-0.063149	
1	-0.732422	1.009197	0.083708	-0.063149	
1	-0.691350	1.025391	0.080900	-0.063803	
1	-0.691350	1.025391	0.080900	-0.063803	
1	-0.683594	1.028333	0.080358	-0.063918	
1	-0.683594	1.028333	0.080358	-0.063918	
1	-0.634766	1.045513	0.076873	-0.064584	
1	-0.634766	1.045513	0.076873	-0.064584	
1	-0.585938	1.060575	0.073262	-0.065146	
1	-0.585938	1.060575	0.073262	-0.065146	
1	-0.537109	1.073672	0.069528	-0.065602	
1	-0.537109	1.073672	0.069528	-0.065602	
1	-0.534826	1.074219	0.069350	-0.065620	
1	-0.534826	1.074219	0.069350	-0.065620	
1	-0.488281	1.085147	0.065673	-0.065950	
1	-0.488281	1.085147	0.065673	-0.065950	
1	-0.439453	1.094812	0.061706	-0.066190	
1	-0.439453	1.094812	0.061706	-0.066190	
1	-0.390625	1.102738	0.057630	-0.066317	
1	-0.390625	1.102738	0.057630	-0.066317	
1	-0.341797	1.108990	0.053451	-0.066332	
1	-0.341797	1.108990	0.053451	-0.066332	
1	-0.292969	1.113614	0.049171	-0.066231	
1	-0.292969	1.113614	0.049171	-0.066231	
1	-0.244141	1.116647	0.044797	-0.066012	
1	-0.244141	1.116647	0.044797	-0.066012	
1	-0.195312	1.118110	0.040334	-0.065672	
1	-0.195312	1.118110	0.040334	-0.065672	
1	-0.146484	1.118017	0.035785	-0.065211	
1	-0.146484	1.118017	0.035785	-0.065211	
1	-0.097656	1.116372	0.031156	-0.064624	
1	-0.097656	1.116372	0.031156	-0.064624	
1	-0.048828	1.113171	0.026453	-0.063910	
1	-0.048828	1.113171	0.026453	-0.063910	
1	0.000000	1.108401	0.021679	-0.063066	
1	0.000000	1.108401	0.021679	-0.063066	
1	0.048828	1.102044	0.016839	-0.062090	
1	0.048828	1.102044	0.016839	-0.062090	
1	0.097656	1.094071	0.011938	-0.060978	
1	0.097656	1.094071	0.011938	-0.060978	
1	0.146484	1.084447	0.006981	-0.059729	
1	0.146484	1.084447	0.006981	-0.059729	
1	0.190625	1.074219	0.002454	-0.058478	
1	0.190625	1.074219	0.002454	-0.058478	
1	0.195312	1.073143	0.001973	-0.058339	
1	0.195312	1.073143	0.001973	-0.058339	
1	0.244141	1.060266	-0.003077	-0.056807	
1	0.244141	1.060266	-0.003077	-0.056807	
1	0.292969	1.045614	-0.008168	-0.055128	
1	0.292969	1.045614	-0.008168	-0.055128	
1	0.341797	1.029124	-0.013295	-0.053298	
1	0.341797	1.029124	-0.013295	-0.053298	
1	0.351816	1.025391	-0.014355	-0.052903	
1	0.351816	1.025391	-0.014355	-0.052903	
1	0.390625	1.010852	-0.018449	-0.051317	
1	0.390625	1.010852	-0.018449	-0.051317	
1	0.439453	0.990651	-0.023626	-0.049179	
1	0.439453	0.990651	-0.023626	-0.049179	
1	0.470587	0.976562	-0.026942	-0.047730	
1	0.470587	0.976562	-0.026942	-0.047730	
1	0.488281	0.968430	-0.028820	-0.046881	
1	0.488281	0.968430	-0.028820	-0.046881	
1	0.537109	0.944142	-0.034023	-0.044418	
1	0.537109	0.944142	-0.034023	-0.044418	
1	0.567611	0.927734	-0.037280	-0.042792	
1	0.567611	0.927734	-0.037280	-0.042792	
1	0.585938	0.917624	-0.039230	-0.041787	
1	0.585938	0.917624	-0.039230	-0.041787	
1	0.634766	0.888783	-0.044433	-0.038981	
1	0.634766	0.888783	-0.044433	-0.038981	
1	0.650502	0.878906	-0.046110	-0.038038	
1	0.650502	0.878906	-0.046110	-0.038038	
1	0.683594	0.857403	-0.049626	-0.035996	
1	0.683594	0.857403	-0.049626	-0.035996	
1	0.723132	0.830078	-0.053815	-0.033443	
1	0.723132	0.830078	-0.053815	-0.033443	
1	0.732422	0.823381	-0.054798	-0.032825	
1	0.732422	0.823381	-0.054798	-0.032825	
1	0.781250	0.786427	-0.059942	-0.029460	
1	0.781250	0.786427	-0.059942	-0.029460	
1	0.787819	0.781250	-0.060630	-0.028993	
1	0.787819	0.781250	-0.060630	-0.028993	
1	0.830078	0.746192	-0.065053	-0.025890	
1	0.830078	0.746192	-0.065053	-0.025890	
1	0.846061	0.732422	-0.066709	-0.024680	
1	0.846061	0.732422	-0.066709	-0.024680	
1	0.878906	0.702409	-0.070115	-0.022106	
1	0.878906	0.702409	-0.070115	-0.022106	
1	0.898909	0.683594	-0.072162	-0.020499	
1	0.898909	0.683594	-0.072162	-0.020499	
1	0.927734	0.654622	-0.075119	-0.018093	
1	0.927734	0.654622	-0.075119	-0.018093	
1	0.947102	0.634766	-0.077070	-0.016448	
1	0.947102	0.634766	-0.077070	-0.016448	
1	0.976562	0.602247	-0.080052	-0.013835	
1	0.976562	0.602247	-0.080052	-0.013835	
1	0.991186	0.585938	-0.081496	-0.012524	
1	0.991186	0.585938	-0.081496	-0.012524	
1	1.025391	0.544554	-0.084896	-0.009309	
1	1.025391	0.544554	-0.084896	-0.009309	
1	1.031542	0.537109	-0.085488	-0.008729	
1	1.031542	0.537109	-0.085488	-0.008729	
1	1.068624	0.488281	-0.089093	-0.005056	
1	1.068624	0.488281	-0.089093	-0.005056	
1	1.074219	0.480211	-0.089645	-0.004471	
1	1.074219	0.480211	-0.089645	-0.004471	
1	1.102835	0.439453	-0.092349	-0.001500	
1	1.102835	0.439453	-0.092349	-0.001500	
1	1.123047	0.407508	-0.094280	0.000735	
1	1.123047	0.407508	-0.094280	0.000735	
1	1.133995	0.390625	-0.095271	0.001923	
1	1.133995	0.390625	-0.095271	0.001923	
1	1.162518	0.341797	-0.097892	0.005225	
1	1.162518	0.341797	-0.097892	0.005225	
1	1.171875	0.323872	-0.098772	0.006390	
1	1.171875	0.323872	-0.098772	0.006390	
1	1.188675	0.292969	-0.100239	0.008410	
1	1.188675	0.292969	-0.100239	0.008410	
1	1.212159	0.244141	-0.102320	0.011465	
1	1.212159	0.244141	-0.102320	0.011465	
1	1.220703	0.223939	-0.103100	0.012679	
1	1.220703	0.223939	-0.103100	0.012679	
1	1.233550	0.195312	-0.104164	0.014407	
1	1.233550	0.195312	-0.104164	0.014407	
1	1.252623	0.146484	-0.105780	0.017227	
1	1.252623	0.146484	-0.105780	0.017227	
1	1.268980	0.097656	-0.107177	0.019918	
1	1.268980	0.097656	-0.107177	0.019918	
1	1.269531	0.095704	-0.107228	0.020022	
1	1.269531	0.095704	-0.107228	0.020022	
1	1.283973	0.048828	-0.108385	0.022511	
1	1.283973	0.048828	-0.108385	0.022511	
1	1.296420	0.000000	-0.109402	0.024982	
1	1.296420	0.000000	-0.109402	0.024982	
1	1.306392	-0.048828	-0.110240	0.027337	
1	1.306392	-0.048828	-0.110240	0.027337	
1	1.313969	-0.097656	-0.110912	0.029584	
1	1.313969	-0.097656	-0.110912	0.029584	
1	1.318359	-0.138883	-0.111357	0.031398	
1	1.318359	-0.138883	-0.111357	0.031398	
1	1.319285	-0.146484	-0.111428	0.031728	
1	1.319285	-0.146484	-0.111428	0.031728	
1	1.322485	-0.195312	-0.111794	0.033776	
1	1.322485	-0.195312	-0.111794	0.033776	
1	1.322983	-0.244141	-0.112016	0.035729	
1	1.322983	-0.244141	-0.112016	0.035729	
1	1.320609	-0.292969	-0.112101	0.037597	
1	1.320609	-0.292969	-0.112101	0.037597	
1	1.318359	-0.313501	-0.112096	0.038359	
1	1.318359	-0.313501	-0.112096	0.038359	
1	1.315486	-0.341797	-0.112050	0.039388	
1	1.315486	-0.341797	-0.112050	0.039388	
1	1.307586	-0.390625	-0.111865	0.041112	
1	1.307586	-0.390625	-0.111865	0.041112	
1	1.296195	-0.439453	-0.111542	0.042780	
1	1.296195	-0.439453	-0.111542	0.042780	
1	1.280637	-0.488281	-0.111072	0.044413	
1	1.280637	-0.488281	-0.111072	0.044413	
1	1.269531	-0.515508	-0.110739	0.045320	
1	1.269531	-0.515508	-0.110739	0.045320	
1	1.261143	-0.537109	-0.110442	0.046021	
1	1.261143	-0.537109	-0.110442	0.046021	
1	1.237655	-0.585938	-0.109632	0.047615	
1	1.237655	-0.585938	-0.109632	0.047615	
1	1.220703	-0.614364	-0.109054	0.048563	
1	1.220703	-0.614364	-0.109054	0.048563	
1	1.208860	-0.634766	-0.108604	0.049225	
1	1.208860	-0.634766	-0.108604	0.049225	
1	1.174487	-0.683594	-0.107313	0.050865	
1	1.174487	-0.683594	-0.107313	0.050865	
1	1.171875	-0.686801	-0.107215	0.050977	
1	1.171875	-0.686801	-0.107215	0.050977	
1	1.134898	-0.732422	-0.105712	0.052533	
1	1.134898	-0.732422	-0.105712	0.052533	
1	1.123047	-0.744951	-0.105227	0.052981	
1	1.123047	-0.744951	-0.105227	0.052981	
1	1.088228	-0.781250	-0.103703	0.054261	
1	1.088228	-0.781250	-0.103703	0.054261	
1	1.074219	-0.794077	-0.103081	0.054735	
1	1.074219	-0.794077	-0.103081	0.054735	
1	1.033618	-0.830078	-0.101171	0.056057	
1	1.033618	-0.830078	-0.101171	0.056057	
1	1.025391	-0.836616	-0.100776	0.056308	
1	1.025391	-0.836616	-0.100776	0.056308	
1	0.976562	-0.874022	-0.098314	0.057734	
1	0.976562	-0.874022	-0.098314	0.057734	
1	0.969905	-0.878906	-0.097963	0.057920	
1	0.969905	-0.878906	-0.097963	0.057920	
1	0.927734	-0.907326	-0.095692	0.059036	
1	0.927734	-0.907326	-0.095692	0.059036	
1	0.894978	-0.927734	-0.093846	0.059846	
1	0.894978	-0.927734	-0.093846	0.059846	
1	0.878906	-0.937060	-0.092918	0.060223	
1	0.878906	-0.937060	-0.092918	0.060223	
1	0.830078	-0.963743	-0.089993	0.061303	
1	0.830078	-0.963743	-0.089993	0.061303	
1	0.804610	-0.976562	-0.088409	0.061824	
1	0.804610	-0.976562	-0.088409	0.061824	
1	0.781250	-0.987706	-0.086922	0.062278	
1	0.781250	-0.987706	-0.086922	0.062278	
1	0.732422	-1.009197	-0.083708	0.063149	
1	0.732422	-1.009197	-0.083708	0.063149	
1	0.691350	-1.025391	-0.080900	0.063803	
1	0.691350	-1.025391	-0.080900	0.063803	
1	0.683594	-1.028333	-0.080358	0.063918	
1	0.683594	-1.028333	-0.080358	0.063918	
1	0.634766	-1.045513	-0.076873	0.064584	
1	0.634766	-1.045513	-0.076873	0.064584	
1	0.585938	-1.060575	-0.073262	0.065146	
1	0.585938	-1.060575	-0.073262	0.065146	
1	0.537109	-1.073672	-0.069528	0.065602	
1	0.537109	-1.073672	-0.069528	0.065602	
1	0.534826	-1.074219	-0.069350	0.065620	
1	0.534826	-1.074219	-0.069350	0.065620	
1	0.488281	-1.085147	-0.065673	0.065950	
1	0.488281	-1.085147	-0.065673	0.065950	
1	0.439453	-1.094812	-0.061706	0.066190	
1	0.439453	-1.094812	-0.061706	0.066190	
1	0.390625	-1.102738	-0.057630	0.066317	
1	0.390625	-1.102738	-0.057630	0.066317	
1	0.341797	-1.108990	-0.053451	0.066332	
1	0.341797	-1.108990	-0.053451	0.066332	
1	0.292969	-1.113614	-0.049171	0.066231	
1	0.292969	-1.113614	-0.049171	0.066231	
1	0.244141	-1.116647	-0.044797	0.066012	
1	0.244141	-1.116647	-0.044797	0.066012	
1	0.195312	-1.118110	-0.040334	0.065672	
1	0.195312	-1.118110	-0.040334	0.065672	
1	0.146484	-1.118017	-0.035785	0.065211	
1	0.146484	-1.118017	-0.035785	0.065211	
1	0.097656	-1.116372	-0.031156	0.064624	
1	0.097656	-1.116372	-0.031156	0.064624	
1	0.048828	-1.113171	-0.026453	0.063910	
1	0.048828	-1.113171	-0.026453	0.063910	
1	0.000000	-1.108401	-0.021679	0.063066	
1	0.000000	-1.108401	-0.021679	0.063066	
1	-0.048828	-1.102044	-0.016839	0.062090	
1	-0.048828	-1.102044	-0.016839	0.062090	
1	-0.097656	-1.094071	-0.011938	0.060978	
1	-0.097656	-1.094071	-0.011938	0.060978	
1	-0.146484	-1.084447	-0.006981	0.059729	
1	-0.146484	-1.084447	-0.006981	0.059729	
1	-0.190625	-1.074219	-0.002454	0.058478	
1	-0.190625	-1.074219	-0.002454	0.058478	
1	-0.195312	-1.073143	-0.001973	0.058339	
1	-0.195312	-1.073143	-0.001973	0.058339	
1	-0.244141	-1.060266	0.003077	0.056807	
1	-0.244141	-1.060266	0.003077	0.056807	
1	-0.292969	-1.045614	0.008168	0.055128	
1	-0.292969	-1.045614	0.008168	0.055128	
1	-0.341797	-1.029124	0.013295	0.053298	
1	-0.341797	-1.029124	0.013295	0.053298	
1	-0.351816	-1.025391	0.014355	0.052903	
1	-0.351816	-1.025391	0.014355	0.052903	
1	-0.390625	-1.010852	0.018449	0.051317	
1	-0.390625	-1.010852	0.018449	0.051317	
1	-0.439453	-0.990651	0.023626	0.049179	
1	-0.439453	-0.990651	0.023626	0.049179	
1	-0.470587	-0.976562	0.026942	0.047730	
1	-0.470587	-0.976562	0.026942	0.047730	
1	-0.488281	-0.968430	0.028820	0.046881	
1	-0.488281	-0.968430	0.028820	0.046881	
1	-0.537109	-0.944142	0.034023	0.044418	
1	-0.537109	-0.944142	0.034023	0.044418	
1	-0.567611	-0.927734	0.037280	0.042792	
1	-0.567611	-0.927734	0.037280	0.042792	
1	-0.585938	-0.917624	0.039230	0.041787	
1	-0.585938	-0.917624	0.039230	0.041787	
1	-0.634766	-0.888783	0.044433	0.038981	
1	-0.634766	-0.888783	0.044433	0.038981	
1	-0.650502	-0.878906	0.046110	0.038038	
1	-0.650502	-0.878906	0.046110	0.038038	
1	-0.683594	-0.857403	0.049626	0.035996	
1	-0.683594	-0.857403	0.049626	0.035996	
1	-0.723132	-0.830078	0.053815	0.033443	
1	-0.723132	-0.830078	0.053815	0.033443	
1	-0.732422	-0.823381	0.054798	0.032825	
1	-0.732422	-0.823381	0.054798	0.032825	
