#REFERENCE 3 87.3042530 -62.0775650
1	-0.402184	-0.439453	0.215964	2.366053	
1	-0.390625	-0.446789	0.190513	2.389814	
1	-0.390625	-0.446789	0.190513	2.389814	
1	-0.402184	-0.439453	0.215964	2.366053	
1	-0.439453	-0.417046	0.296147	2.286477	
1	-0.439453	-0.417046	0.296147	2.286477	
1	-0.474033	-0.390625	0.376537	2.199079	
1	-0.474033	-0.390625	0.376537	2.199079	
1	-0.488281	-0.378732	0.410122	2.160128	
1	-0.488281	-0.378732	0.410122	2.160128	
1	-0.527297	-0.341797	0.503341	2.043613	
1	-0.527297	-0.341797	0.503341	2.043613	
1	-0.537109	-0.330211	0.528357	2.010019	
1	-0.537109	-0.330211	0.528357	2.010019	
1	-0.569058	-0.292969	0.603278	1.902486	
1	-0.569058	-0.292969	0.603278	1.902486	
1	-0.585938	-0.266344	0.646597	1.834786	
1	-0.585938	-0.266344	0.646597	1.834786	
1	-0.602116	-0.244141	0.680794	1.777853	
1	-0.602116	-0.244141	0.680794	1.777853	
1	-0.628376	-0.195312	0.740380	1.669331	
1	-0.628376	-0.195312	0.740380	1.669331	
1	-0.634766	-0.178693	0.756788	1.636814	
1	-0.634766	-0.178693	0.756788	1.636814	
1	-0.651166	-0.146484	0.786513	1.574061	
1	-0.651166	-0.146484	0.786513	1.574061	
1	-0.669385	-0.097656	0.821242	1.492276	
1	-0.669385	-0.097656	0.821242	1.492276	
1	-0.682958	-0.048828	0.846982	1.422482	
1	-0.682958	-0.048828	0.846982	1.422482	
1	-0.683594	-0.045474	0.848456	1.418136	
1	-0.683594	-0.045474	0.848456	1.418136	
1	-0.696246	0.000000	0.866108	1.361654	
1	-0.696246	0.000000	0.866108	1.361654	
1	-0.706121	0.048828	0.879517	1.310095	
1	-0.706121	0.048828	0.879517	1.310095	
1	-0.713019	0.097656	0.888449	1.266466	
1	-0.713019	0.097656	0.888449	1.266466	
1	-0.717258	0.146484	0.893832	1.229714	
1	-0.717258	0.146484	0.893832	1.229714	
1	-0.718857	0.195312	0.896374	1.198999	
1	-0.718857	0.195312	0.896374	1.198999	
1	-0.717486	0.244141	0.896627	1.173597	
1	-0.717486	0.244141	0.896627	1.173597	
1	-0.712248	0.292969	0.895014	1.152821	
1	-0.712248	0.292969	0.895014	1.152821	
1	-0.701043	0.341797	0.891787	1.135903	
1	-0.701043	0.341797	0.891787	1.135903	
1	-0.683594	0.382543	0.887777	1.123957	
1	-0.683594	0.382543	0.887777	1.123957	
1	-0.679687	0.390625	0.886834	1.121823	
1	-0.679687	0.390625	0.886834	1.121823	
1	-0.642074	0.439453	0.879127	1.109263	
1	-0.642074	0.439453	0.879127	1.109263	
1	-0.634766	0.445733	0.877721	1.107578	
1	-0.634766	0.445733	0.877721	1.107578	
1	-0.585938	0.478893	0.867540	1.098217	
1	-0.585938	0.478893	0.867540	1.098217	
1	-0.566899	0.488281	0.863165	1.095184	
1	-0.566899	0.488281	0.863165	1.095184	
1	-0.537109	0.500794	0.855661	1.090820	
1	-0.537109	0.500794	0.855661	1.090820	
1	-0.488281	0.517105	0.841404	1.084453	
1	-0.488281	0.517105	0.841404	1.084453	
1	-0.439453	0.529064	0.824498	1.078978	
1	-0.439453	0.529064	0.824498	1.078978	
1	-0.397591	0.537109	0.807630	1.075006	
1	-0.397591	0.537109	0.807630	1.075006	
1	-0.390625	0.538445	0.804586	1.074414	
1	-0.390625	0.538445	0.804586	1.074414	
1	-0.341797	0.547427	0.781350	1.070910	
1	-0.341797	0.547427	0.781350	1.070910	
1	-0.292969	0.554517	0.754772	1.068719	
1	-0.292969	0.554517	0.754772	1.068719	
1	-0.244141	0.560055	0.724665	1.068093	
1	-0.244141	0.560055	0.724665	1.068093	
1	-0.195312	0.564257	0.690864	1.069336	
1	-0.195312	0.564257	0.690864	1.069336	
1	-0.146484	0.567256	0.653222	1.072789	
1	-0.146484	0.567256	0.653222	1.072789	
1	-0.097656	0.569130	0.611614	1.078836	
1	-0.097656	0.569130	0.611614	1.078836	
1	-0.048828	0.569907	0.565932	1.087902	
1	-0.048828	0.569907	0.565932	1.087902	
1	0.000000	0.569572	0.516090	1.100451	
1	0.000000	0.569572	0.516090	1.100451	
1	0.048828	0.568058	0.462011	1.116991	
1	0.048828	0.568058	0.462011	1.116991	
1	0.097656	0.565242	0.403617	1.138086	
1	0.097656	0.565242	0.403617	1.138086	
1	0.146484	0.560926	0.340808	1.164376	
1	0.146484	0.560926	0.340808	1.164376	
1	0.195312	0.554815	0.273425	1.196611	
1	0.195312	0.554815	0.273425	1.196611	
1	0.244141	0.546493	0.201201	1.235723	
1	0.244141	0.546493	0.201201	1.235723	
1	0.285487	0.537109	0.135778	1.275212	
1	0.285487	0.537109	0.135778	1.275212	
1	0.292969	0.535824	0.124103	1.282666	
1	0.292969	0.535824	0.124103	1.282666	
1	0.341797	0.524755	0.044407	1.336890	
1	0.341797	0.524755	0.044407	1.336890	
1	0.390625	0.509872	-0.040446	1.401156	
1	0.390625	0.509872	-0.040446	1.401156	
1	0.439453	0.489967	-0.131235	1.477726	
1	0.439453	0.489967	-0.131235	1.477726	
1	0.442971	0.488281	-0.138050	1.483815	
1	0.442971	0.488281	-0.138050	1.483815	
1	0.488281	0.467662	-0.223415	1.564337	
1	0.488281	0.467662	-0.223415	1.564337	
1	0.534903	0.439453	-0.316361	1.661687	
1	0.534903	0.439453	-0.316361	1.661687	
1	0.537109	0.437998	-0.320772	1.666580	
1	0.537109	0.437998	-0.320772	1.666580	
1	0.585938	0.401319	-0.419248	1.783122	
1	0.585938	0.401319	-0.419248	1.783122	
1	0.598828	0.390625	-0.444601	1.815621	
1	0.598828	0.390625	-0.444601	1.815621	
1	0.634766	0.352693	-0.519054	1.918178	
1	0.634766	0.352693	-0.519054	1.918178	
1	0.645249	0.341797	-0.538662	1.947226	
1	0.645249	0.341797	-0.538662	1.947226	
1	0.679695	0.292969	-0.608645	2.059801	
1	0.679695	0.292969	-0.608645	2.059801	
1	0.683594	0.284868	-0.617968	2.076066	
1	0.683594	0.284868	-0.617968	2.076066	
1	0.707274	0.244141	-0.661842	2.157982	
1	0.707274	0.244141	-0.661842	2.157982	
1	0.725964	0.195312	-0.700931	2.241165	
1	0.725964	0.195312	-0.700931	2.241165	
1	0.732422	0.168600	-0.717640	2.281191	
1	0.732422	0.168600	-0.717640	2.281191	
1	0.739726	0.146484	-0.730120	2.313665	
1	0.739726	0.146484	-0.730120	2.313665	
1	0.749053	0.097656	-0.751384	2.376812	
1	0.749053	0.097656	-0.751384	2.376812	
1	0.753006	0.048828	-0.766191	2.431511	
1	0.753006	0.048828	-0.766191	2.431511	
1	0.752104	0.000000	-0.775873	2.479222	
1	0.752104	0.000000	-0.775873	2.479222	
1	0.746241	-0.048828	-0.781365	2.521034	
1	0.746241	-0.048828	-0.781365	2.521034	
1	0.734661	-0.097656	-0.783344	2.557902	
1	0.734661	-0.097656	-0.783344	2.557902	
1	0.732422	-0.104551	-0.783369	2.562766	
1	0.732422	-0.104551	-0.783369	2.562766	
1	0.719995	-0.146484	-0.782258	2.590621	
1	0.719995	-0.146484	-0.782258	2.590621	
1	0.698327	-0.195312	-0.778356	2.619913	
1	0.698327	-0.195312	-0.778356	2.619913	
1	0.683594	-0.220251	-0.775254	2.633920	
1	0.683594	-0.220251	-0.775254	2.633920	
1	0.669698	-0.244141	-0.771629	2.646520	
1	0.669698	-0.244141	-0.771629	2.646520	
1	0.634766	-0.289166	-0.762522	2.669492	
1	0.634766	-0.289166	-0.762522	2.669492	
1	0.631713	-0.292969	-0.761628	2.671330	
1	0.631713	-0.292969	-0.761628	2.671330	
1	0.585938	-0.340021	-0.748075	2.693947	
1	0.585938	-0.340021	-0.748075	2.693947	
1	0.584050	-0.341797	-0.747476	2.694773	
1	0.584050	-0.341797	-0.747476	2.694773	
1	0.537109	-0.380865	-0.731978	2.712883	
1	0.537109	-0.380865	-0.731978	2.712883	
1	0.523460	-0.390625	-0.727238	2.717428	
1	0.523460	-0.390625	-0.727238	2.717428	
1	0.488281	-0.414167	-0.714256	2.728160	
1	0.488281	-0.414167	-0.714256	2.728160	
1	0.440485	-0.439453	-0.695459	2.740338	
1	0.440485	-0.439453	-0.695459	2.740338	
1	0.439453	-0.439991	-0.695024	2.740582	
1	0.439453	-0.439991	-0.695024	2.740582	
1	0.390625	-0.464270	-0.673159	2.751103	
1	0.390625	-0.464270	-0.673159	2.751103	
1	0.341797	-0.482476	-0.649353	2.759404	
1	0.341797	-0.482476	-0.649353	2.759404	
1	0.323566	-0.488281	-0.639822	2.761989	
1	0.323566	-0.488281	-0.639822	2.761989	
1	0.292969	-0.498729	-0.622788	2.765717	
1	0.292969	-0.498729	-0.622788	2.765717	
1	0.244141	-0.512398	-0.593426	2.769846	
1	0.244141	-0.512398	-0.593426	2.769846	
1	0.195312	-0.522584	-0.561085	2.771590	
1	0.195312	-0.522584	-0.561085	2.771590	
1	0.146484	-0.529917	-0.525398	2.770669	
1	0.146484	-0.529917	-0.525398	2.770669	
1	0.097656	-0.534820	-0.486041	2.766701	
1	0.097656	-0.534820	-0.486041	2.766701	
1	0.057856	-0.537109	-0.451025	2.760887	
1	0.057856	-0.537109	-0.451025	2.760887	
1	0.048828	-0.537742	-0.442758	2.759226	
1	0.048828	-0.537742	-0.442758	2.759226	
1	0.000000	-0.538769	-0.395308	2.747714	
1	0.000000	-0.538769	-0.395308	2.747714	
1	-0.046704	-0.537109	-0.345467	2.732251	
1	-0.046704	-0.537109	-0.345467	2.732251	
1	-0.048828	-0.537059	-0.343123	2.731444	
1	-0.048828	-0.537059	-0.343123	2.731444	
1	-0.097656	-0.533713	-0.286234	2.709767	
1	-0.097656	-0.533713	-0.286234	2.709767	
1	-0.146484	-0.527986	-0.224071	2.681715	
1	-0.146484	-0.527986	-0.224071	2.681715	
1	-0.195312	-0.519375	-0.155965	2.646049	
1	-0.195312	-0.519375	-0.155965	2.646049	
1	-0.244141	-0.507086	-0.080852	2.600999	
1	-0.244141	-0.507086	-0.080852	2.600999	
1	-0.292969	-0.489935	0.002945	2.543868	
1	-0.292969	-0.489935	0.002945	2.543868	
1	-0.296603	-0.488281	0.009736	2.538922	
1	-0.296603	-0.488281	0.009736	2.538922	
1	-0.341797	-0.471733	0.091566	2.475626	
1	-0.341797	-0.471733	0.091566	2.475626	
2	2.119436	2.978516	0.230955	2.095816	
2	2.119436	2.978516	0.230955	2.095816	
2	2.127985	2.929688	0.223278	2.170570	
2	2.127985	2.929688	0.223278	2.170570	
2	2.135931	2.880859	0.223925	2.226429	
2	2.135931	2.880859	0.223925	2.226429	
2	2.143810	2.832031	0.227962	2.267868	
2	2.143810	2.832031	0.227962	2.267868	
2	2.148438	2.799502	0.231214	2.289468	
2	2.148438	2.799502	0.231214	2.289468	
2	2.153019	2.783203	0.232799	2.298589	
2	2.153019	2.783203	0.232799	2.298589	
2	2.162555	2.734375	0.237247	2.321599	
2	2.162555	2.734375	0.237247	2.321599	
2	2.170762	2.685547	0.240840	2.339083	
2	2.170762	2.685547	0.240840	2.339083	
2	2.177634	2.636719	0.243379	2.352378	
2	2.177634	2.636719	0.243379	2.352378	
2	2.182306	2.587891	0.244794	2.362413	
2	2.182306	2.587891	0.244794	2.362413	
2	2.181833	2.539062	0.245063	2.369753	
2	2.181833	2.539062	0.245063	2.369753	
2	2.165741	2.490234	0.244306	2.374275	
2	2.165741	2.490234	0.244306	2.374275	
2	2.148438	2.472215	0.244095	2.374779	
2	2.148438	2.472215	0.244095	2.374779	
2	2.099609	2.473588	0.247269	2.372387	
2	2.099609	2.473588	0.247269	2.372387	
2	2.068965	2.490234	0.251665	2.370232	
2	2.068965	2.490234	0.251665	2.370232	
2	2.050781	2.496190	0.254707	2.369017	
2	2.050781	2.496190	0.254707	2.369017	
2	2.001953	2.525435	0.266461	2.365067	
2	2.001953	2.525435	0.266461	2.365067	
2	1.986506	2.539062	0.271504	2.363512	
2	1.986506	2.539062	0.271504	2.363512	
2	1.953125	2.556930	0.283304	2.359880	
2	1.953125	2.556930	0.283304	2.359880	
2	1.911906	2.587891	0.302933	2.353396	
2	1.911906	2.587891	0.302933	2.353396	
2	1.904297	2.591231	0.306776	2.352026	
2	1.904297	2.591231	0.306776	2.352026	
2	1.855469	2.622407	0.337539	2.339606	
2	1.855469	2.622407	0.337539	2.339606	
2	1.839250	2.636719	0.350833	2.333375	
2	1.839250	2.636719	0.350833	2.333375	
2	1.806641	2.654947	0.377706	2.319039	
2	1.806641	2.654947	0.377706	2.319039	
2	1.769954	2.685547	0.417514	2.293293	
2	1.769954	2.685547	0.417514	2.293293	
2	1.757812	2.692731	0.430515	2.283628	
2	1.757812	2.692731	0.430515	2.283628	
2	1.713235	2.734375	0.492331	2.228105	
2	1.713235	2.734375	0.492331	2.228105	
2	1.708984	2.738551	0.498689	2.221383	
2	1.708984	2.738551	0.498689	2.221383	
2	1.674072	2.783203	0.558548	2.145968	
2	1.674072	2.783203	0.558548	2.145968	
2	1.660156	2.831036	0.602886	2.069042	
2	1.660156	2.831036	0.602886	2.069042	
2	1.659751	2.832031	0.603744	2.067266	
2	1.659751	2.832031	0.603744	2.067266	
2	1.654486	2.880859	0.635043	1.988517	
2	1.654486	2.880859	0.635043	1.988517	
2	1.659036	2.929688	0.653249	1.914391	
2	1.659036	2.929688	0.653249	1.914391	
2	1.660156	2.938984	0.655487	1.900635	
2	1.660156	2.938984	0.655487	1.900635	
2	1.662467	2.978516	0.661054	1.844100	
2	1.662467	2.978516	0.661054	1.844100	
2	1.663938	3.027344	0.660707	1.781417	
2	1.663938	3.027344	0.660707	1.781417	
2	1.662406	3.076172	0.655551	1.727326	
2	1.662406	3.076172	0.655551	1.727326	
2	1.660156	3.101467	0.651997	1.702407	
2	1.660156	3.101467	0.651997	1.702407	
2	1.656218	3.125000	0.648538	1.680971	
2	1.656218	3.125000	0.648538	1.680971	
2	1.646798	3.173828	0.641491	1.640103	
2	1.646798	3.173828	0.641491	1.640103	
2	1.638067	3.222656	0.635250	1.602182	
2	1.638067	3.222656	0.635250	1.602182	
2	1.632063	3.271484	0.630296	1.565716	
2	1.632063	3.271484	0.630296	1.565716	
2	1.631170	3.320312	0.626968	1.530013	
2	1.631170	3.320312	0.626968	1.530013	
2	1.638834	3.369141	0.625561	1.495181	
2	1.638834	3.369141	0.625561	1.495181	
2	1.660156	3.417261	0.626290	1.462822	
2	1.660156	3.417261	0.626290	1.462822	
2	1.660564	3.417969	0.626317	1.462370	
2	1.660564	3.417969	0.626317	1.462370	
2	1.708984	3.465811	0.629123	1.435433	
2	1.708984	3.465811	0.629123	1.435433	
2	1.710744	3.466797	0.629192	1.435012	
2	1.710744	3.466797	0.629192	1.435012	
2	1.757812	3.487290	0.630411	1.428709	
2	1.757812	3.487290	0.630411	1.428709	
2	1.806641	3.494571	0.629313	1.432334	
2	1.806641	3.494571	0.629313	1.432334	
2	1.855469	3.490470	0.625086	1.443568	
2	1.855469	3.490470	0.625086	1.443568	
2	1.904297	3.474893	0.616585	1.461838	
2	1.904297	3.474893	0.616585	1.461838	
2	1.917488	3.466797	0.612900	1.468850	
2	1.917488	3.466797	0.612900	1.468850	
2	1.953125	3.446713	0.602046	1.487606	
2	1.953125	3.446713	0.602046	1.487606	
2	1.982324	3.417969	0.587683	1.509615	
2	1.982324	3.417969	0.587683	1.509615	
2	2.001953	3.398792	0.576639	1.525113	
2	2.001953	3.398792	0.576639	1.525113	
2	2.020003	3.369141	0.560716	1.546000	
2	2.020003	3.369141	0.560716	1.546000	
2	2.045304	3.320312	0.531024	1.582020	
2	2.045304	3.320312	0.531024	1.582020	
2	2.050781	3.308987	0.523303	1.590997	
2	2.050781	3.308987	0.523303	1.590997	
2	2.061576	3.271484	0.498309	1.619502	
2	2.061576	3.271484	0.498309	1.619502	
2	2.073107	3.222656	0.460455	1.662442	
2	2.073107	3.222656	0.460455	1.662442	
2	2.082764	3.173828	0.414505	1.717069	
2	2.082764	3.173828	0.414505	1.717069	
2	2.091665	3.125000	0.359197	1.791463	
2	2.091665	3.125000	0.359197	1.791463	
2	2.098971	3.076172	0.301383	1.888523	
2	2.098971	3.076172	0.301383	1.888523	
2	2.099609	3.070676	0.295405	1.900417	
2	2.099609	3.070676	0.295405	1.900417	
2	2.109530	3.027344	0.254900	1.999193	
2	2.109530	3.027344	0.254900	1.999193	
3	0.585938	3.862512	0.692775	0.905902	
3	0.585938	3.862512	0.692775	0.905902	
3	0.592815	3.857422	0.690507	0.910146	
3	0.592815	3.857422	0.690507	0.910146	
3	0.634766	3.829542	0.677505	0.936282	
3	0.634766	3.829542	0.677505	0.936282	
3	0.660551	3.808594	0.668529	0.956228	
3	0.660551	3.808594	0.668529	0.956228	
3	0.683594	3.790570	0.660782	0.974821	
3	0.683594	3.790570	0.660782	0.974821	
3	0.717125	3.759766	0.648462	1.007326	
3	0.717125	3.759766	0.648462	1.007326	
3	0.732422	3.745176	0.642831	1.023533	
3	0.732422	3.745176	0.642831	1.023533	
3	0.764416	3.710938	0.630441	1.062716	
3	0.764416	3.710938	0.630441	1.062716	
3	0.781250	3.690573	0.623602	1.086787	
3	0.781250	3.690573	0.623602	1.086787	
3	0.803327	3.662109	0.614650	1.121564	
3	0.803327	3.662109	0.614650	1.121564	
3	0.830078	3.619124	0.602761	1.175313	
3	0.830078	3.619124	0.602761	1.175313	
3	0.833687	3.613281	0.601270	1.182842	
3	0.833687	3.613281	0.601270	1.182842	
3	0.857754	3.564453	0.590306	1.246127	
3	0.857754	3.564453	0.590306	1.246127	
3	0.873594	3.515625	0.581873	1.310133	
3	0.873594	3.515625	0.581873	1.310133	
3	0.878906	3.488042	0.578204	1.346353	
3	0.878906	3.488042	0.578204	1.346353	
3	0.883519	3.466797	0.575887	1.374425	
3	0.883519	3.466797	0.575887	1.374425	
3	0.888219	3.417969	0.572277	1.438178	
3	0.888219	3.417969	0.572277	1.438178	
3	0.888173	3.369141	0.570905	1.500562	
3	0.888173	3.369141	0.570905	1.500562	
3	0.884751	3.320312	0.571570	1.560780	
3	0.884751	3.320312	0.571570	1.560780	
3	0.879355	3.271484	0.574006	1.618007	
3	0.879355	3.271484	0.574006	1.618007	
3	0.878906	3.267425	0.574278	1.622602	
3	0.878906	3.267425	0.574278	1.622602	
3	0.874056	3.222656	0.577878	1.671405	
3	0.874056	3.222656	0.577878	1.671405	
3	0.869619	3.173828	0.582804	1.720357	
3	0.869619	3.173828	0.582804	1.720357	
3	0.867580	3.125000	0.588369	1.764405	
3	0.867580	3.125000	0.588369	1.764405	
3	0.869822	3.076172	0.594142	1.803285	
3	0.869822	3.076172	0.594142	1.803285	
3	0.878733	3.027344	0.599698	1.836954	
3	0.878733	3.027344	0.599698	1.836954	
3	0.878906	3.026783	0.599759	1.837309	
3	0.878906	3.026783	0.599759	1.837309	
3	0.897778	2.978516	0.604632	1.865619	
3	0.897778	2.978516	0.604632	1.865619	
3	0.927734	2.933192	0.608361	1.888379	
3	0.927734	2.933192	0.608361	1.888379	
3	0.930586	2.929688	0.608610	1.890019	
3	0.930586	2.929688	0.608610	1.890019	
3	0.976562	2.883582	0.611253	1.910604	
3	0.976562	2.883582	0.611253	1.910604	
3	0.979747	2.880859	0.611370	1.911792	
3	0.979747	2.880859	0.611370	1.911792	
3	1.025391	2.842761	0.612453	1.928784	
3	1.025391	2.842761	0.612453	1.928784	
3	1.039358	2.832031	0.612533	1.933767	
3	1.039358	2.832031	0.612533	1.933767	
3	1.074219	2.800372	0.612025	1.949157	
3	1.074219	2.800372	0.612025	1.949157	
3	1.092642	2.783203	0.611207	1.957941	
3	1.092642	2.783203	0.611207	1.957941	
3	1.122673	2.734375	0.606816	1.982533	
3	1.122673	2.734375	0.606816	1.982533	
3	1.119343	2.685547	0.600698	2.002593	
3	1.119343	2.685547	0.600698	2.002593	
3	1.082347	2.636719	0.595687	2.014165	
3	1.082347	2.636719	0.595687	2.014165	
3	1.074219	2.630590	0.595392	2.014732	
3	1.074219	2.630590	0.595392	2.014732	
3	1.025391	2.599816	0.595233	2.015190	
3	1.025391	2.599816	0.595233	2.015190	
3	1.001741	2.587891	0.595986	2.014163	
3	1.001741	2.587891	0.595986	2.014163	
3	0.976562	2.578573	0.597523	2.012203	
3	0.976562	2.578573	0.597523	2.012203	
3	0.927734	2.565629	0.601760	2.007469	
3	0.927734	2.565629	0.601760	2.007469	
3	0.878906	2.557821	0.607213	2.002339	
3	0.878906	2.557821	0.607213	2.002339	
3	0.830078	2.555485	0.613689	1.997272	
3	0.830078	2.555485	0.613689	1.997272	
3	0.781250	2.558590	0.620945	1.992676	
3	0.781250	2.558590	0.620945	1.992676	
3	0.732422	2.566739	0.628720	1.988855	
3	0.732422	2.566739	0.628720	1.988855	
3	0.683594	2.579241	0.636782	1.985984	
3	0.683594	2.579241	0.636782	1.985984	
3	0.657022	2.587891	0.641240	1.984839	
3	0.657022	2.587891	0.641240	1.984839	
3	0.634766	2.596412	0.645000	1.984103	
3	0.634766	2.596412	0.645000	1.984103	
3	0.585938	2.616779	0.653228	1.983168	
3	0.585938	2.616779	0.653228	1.983168	
3	0.538849	2.636719	0.661159	1.983023	
3	0.538849	2.636719	0.661159	1.983023	
3	0.537109	2.637460	0.661453	1.983029	
3	0.537109	2.637460	0.661453	1.983029	
3	0.488281	2.657613	0.669798	1.983492	
3	0.488281	2.657613	0.669798	1.983492	
3	0.439453	2.675441	0.678426	1.984372	
3	0.439453	2.675441	0.678426	1.984372	
3	0.408594	2.685547	0.684083	1.985065	
3	0.408594	2.685547	0.684083	1.985065	
3	0.390625	2.690528	0.687473	1.985501	
3	0.390625	2.690528	0.687473	1.985501	
3	0.341797	2.702424	0.697024	1.986729	
3	0.341797	2.702424	0.697024	1.986729	
3	0.292969	2.712383	0.707060	1.987916	
3	0.292969	2.712383	0.707060	1.987916	
3	0.244141	2.720785	0.717550	1.988936	
3	0.244141	2.720785	0.717550	1.988936	
3	0.195312	2.727945	0.728433	1.989679	
3	0.195312	2.727945	0.728433	1.989679	
3	0.146484	2.734136	0.739635	1.990049	
3	0.146484	2.734136	0.739635	1.990049	
3	0.144384	2.734375	0.740123	1.990055	
3	0.144384	2.734375	0.740123	1.990055	
3	0.097656	2.738567	0.751063	1.989962	
3	0.097656	2.738567	0.751063	1.989962	
3	0.048828	2.742506	0.762607	1.989352	
3	0.048828	2.742506	0.762607	1.989352	
3	0.000000	2.746212	0.774173	1.988161	
3	0.000000	2.746212	0.774173	1.988161	
3	-0.048828	2.749904	0.785668	1.986346	
3	-0.048828	2.749904	0.785668	1.986346	
3	-0.097656	2.753829	0.797006	1.983866	
3	-0.097656	2.753829	0.797006	1.983866	
3	-0.146484	2.758283	0.808117	1.980685	
3	-0.146484	2.758283	0.808117	1.980685	
3	-0.195312	2.763657	0.818952	1.976758	
3	-0.195312	2.763657	0.818952	1.976758	
3	-0.244141	2.770496	0.829501	1.972017	
3	-0.244141	2.770496	0.829501	1.972017	
3	-0.292969	2.779624	0.839811	1.966330	
3	-0.292969	2.779624	0.839811	1.966330	
3	-0.307931	2.783203	0.842960	1.964352	
3	-0.307931	2.783203	0.842960	1.964352	
3	-0.341797	2.790135	0.849760	1.959634	
3	-0.341797	2.790135	0.849760	1.959634	
3	-0.390625	2.804057	0.859580	1.951578	
3	-0.390625	2.804057	0.859580	1.951578	
3	-0.439453	2.825306	0.869907	1.941167	
3	-0.439453	2.825306	0.869907	1.941167	
3	-0.450773	2.832031	0.872513	1.938169	
3	-0.450773	2.832031	0.872513	1.938169	
3	-0.488281	2.852933	0.880763	1.927539	
3	-0.488281	2.852933	0.880763	1.927539	
3	-0.521193	2.880859	0.889470	1.914225	
3	-0.521193	2.880859	0.889470	1.914225	
3	-0.537109	2.894338	0.893634	1.907007	
3	-0.537109	2.894338	0.893634	1.907007	
3	-0.566731	2.929688	0.903269	1.887978	
3	-0.566731	2.929688	0.903269	1.887978	
3	-0.585938	2.954788	0.909924	1.872757	
3	-0.585938	2.954788	0.909924	1.872757	
3	-0.599638	2.978516	0.915833	1.857679	
3	-0.599638	2.978516	0.915833	1.857679	
3	-0.624516	3.027344	0.927683	1.822423	
3	-0.624516	3.027344	0.927683	1.822423	
3	-0.634766	3.051206	0.933264	1.803150	
3	-0.634766	3.051206	0.933264	1.803150	
3	-0.643581	3.076172	0.938897	1.781650	
3	-0.643581	3.076172	0.938897	1.781650	
3	-0.657921	3.125000	0.949344	1.735075	
3	-0.657921	3.125000	0.949344	1.735075	
3	-0.667777	3.173828	0.958764	1.682742	
3	-0.667777	3.173828	0.958764	1.682742	
3	-0.673388	3.222656	0.966843	1.624924	
3	-0.673388	3.222656	0.966843	1.624924	
3	-0.674856	3.271484	0.973229	1.562225	
3	-0.674856	3.271484	0.973229	1.562225	
3	-0.672155	3.320312	0.977575	1.495605	
3	-0.672155	3.320312	0.977575	1.495605	
3	-0.665107	3.369141	0.979583	1.426339	
3	-0.665107	3.369141	0.979583	1.426339	
3	-0.653368	3.417969	0.979045	1.355893	
3	-0.653368	3.417969	0.979045	1.355893	
3	-0.636432	3.466797	0.975864	1.285751	
3	-0.636432	3.466797	0.975864	1.285751	
3	-0.634766	3.470684	0.975496	1.280213	
3	-0.634766	3.470684	0.975496	1.280213	
3	-0.615681	3.515625	0.970077	1.217514	
3	-0.615681	3.515625	0.970077	1.217514	
3	-0.589121	3.564453	0.961803	1.152267	
3	-0.589121	3.564453	0.961803	1.152267	
3	-0.585938	3.569816	0.960753	1.145343	
3	-0.585938	3.569816	0.960753	1.145343	
3	-0.558189	3.613281	0.951297	1.091281	
3	-0.558189	3.613281	0.951297	1.091281	
3	-0.537109	3.642696	0.944006	1.056898	
3	-0.537109	3.642696	0.944006	1.056898	
3	-0.521469	3.662109	0.938800	1.035100	
3	-0.521469	3.662109	0.938800	1.035100	
3	-0.488281	3.701523	0.927511	0.993811	
3	-0.488281	3.701523	0.927511	0.993811	
3	-0.479003	3.710938	0.924614	0.984308	
3	-0.479003	3.710938	0.924614	0.984308	
3	-0.439453	3.751925	0.911695	0.946291	
3	-0.439453	3.751925	0.911695	0.946291	
3	-0.430271	3.759766	0.909031	0.939234	
3	-0.430271	3.759766	0.909031	0.939234	
3	-0.390625	3.796447	0.896725	0.909610	
3	-0.390625	3.796447	0.896725	0.909610	
3	-0.374161	3.808594	0.892284	0.900009	
3	-0.374161	3.808594	0.892284	0.900009	
3	-0.341797	3.835919	0.882791	0.881242	
3	-0.341797	3.835919	0.882791	0.881242	
3	-0.308868	3.857422	0.874519	0.866689	
3	-0.308868	3.857422	0.874519	0.866689	
3	-0.292969	3.869962	0.870126	0.859611	
3	-0.292969	3.869962	0.870126	0.859611	
3	-0.244141	3.899905	0.858481	0.842903	
3	-0.244141	3.899905	0.858481	0.842903	
3	-0.230787	3.906250	0.855657	0.839291	
3	-0.230787	3.906250	0.855657	0.839291	
3	-0.195312	3.927971	0.847488	0.829799	
3	-0.195312	3.927971	0.847488	0.829799	
3	-0.146484	3.949731	0.837763	0.820311	
3	-0.146484	3.949731	0.837763	0.820311	
3	-0.130619	3.955078	0.834868	0.817872	
3	-0.130619	3.955078	0.834868	0.817872	
3	-0.097656	3.970453	0.828480	0.813128	
3	-0.097656	3.970453	0.828480	0.813128	
3	-0.048828	3.986657	0.819962	0.808167	
3	-0.048828	3.986657	0.819962	0.808167	
3	0.000000	3.997570	0.812025	0.804980	
3	0.000000	3.997570	0.812025	0.804980	
3	0.044883	4.003906	0.804969	0.803339	
3	0.044883	4.003906	0.804969	0.803339	
3	0.048828	4.004759	0.804344	0.803248	
3	0.048828	4.004759	0.804344	0.803248	
3	0.097656	4.010330	0.796747	0.802849	
3	0.097656	4.010330	0.796747	0.802849	
3	0.146484	4.011159	0.789121	0.803738	
3	0.146484	4.011159	0.789121	0.803738	
3	0.195312	4.007495	0.781212	0.805976	
3	0.195312	4.007495	0.781212	0.805976	
3	0.216613	4.003906	0.777569	0.807439	
3	0.216613	4.003906	0.777569	0.807439	
3	0.244141	4.000846	0.772901	0.809697	
3	0.244141	4.000846	0.772901	0.809697	
3	0.292969	3.992080	0.764162	0.815030	
3	0.292969	3.992080	0.764162	0.815030	
3	0.341797	3.979234	0.754678	0.822358	
3	0.341797	3.979234	0.754678	0.822358	
3	0.390625	3.961245	0.744084	0.832324	
3	0.390625	3.961245	0.744084	0.832324	
3	0.403740	3.955078	0.740937	0.835636	
3	0.403740	3.955078	0.740937	0.835636	
3	0.439453	3.942318	0.732934	0.844770	
3	0.439453	3.942318	0.732934	0.844770	
3	0.488281	3.919309	0.720653	0.860737	
3	0.488281	3.919309	0.720653	0.860737	
3	0.510314	3.906250	0.714410	0.869757	
3	0.510314	3.906250	0.714410	0.869757	
3	0.537109	3.893098	0.707356	0.880700	
3	0.537109	3.893098	0.707356	0.880700	
