# from ggsl_1_2_3.reg; absolute RA/Dec; use mult_wcs 1; GL.* lens markers excluded
1.1 328.4082359 17.6980825 0.182 0.182 0.000 1.0360 0.0
1.2 328.4076561 17.6971995 0.182 0.182 0.000 1.0360 0.0
2.1 328.4081137 17.6981322 0.188 0.188 0.000 1.0360 0.0
2.2 328.4077673 17.6972130 0.182 0.182 0.000 1.0360 0.0
# from ggsl_4_5_6_7.reg; absolute RA/Dec; use mult_wcs 1; GL.* lens markers excluded
4.1 328.3899396 17.6994703 0.145 0.145 0.000 4.0500 0.0
4.2 328.3892838 17.6996851 0.132 0.132 0.000 4.0500 0.0
5.1 328.3899362 17.6993758 0.112 0.112 0.000 4.0500 0.0
5.2 328.3892154 17.6996395 0.125 0.125 0.000 4.0500 0.0
6.1 328.3899379 17.6992293 0.130 0.130 0.000 4.0500 0.0
6.2 328.3891608 17.6995240 0.126 0.126 0.000 4.0500 0.0
7.1 328.3899123 17.6991268 0.141 0.141 0.000 4.0500 0.0
7.2 328.3891454 17.6994523 0.118 0.118 0.000 4.0500 0.0
# from ggsl_8.reg; absolute RA/Dec; use mult_wcs 1; GL.* lens markers excluded
8.1 328.3942645 17.7040708 0.103 0.103 0.000 4.500 0.0
8.2 328.3939944 17.7040534 0.140 0.076 336.521 4.500 0.0
