chi multiples
 N    ID    z   Narcs    chip    chix    chiy    chia   rmss     rmsi    dx      dy    nwarn
 0    2.2 1.036   1      0.03    0.00    0.00    0.00   0.022    0.08   -0.08   -0.02  0
 0    2.1 1.036   1      0.01    0.00    0.00    0.00   0.022    0.05    0.05   -0.02  0
 0    2.2 1.036   2      0.04    0.00    0.00    0.00   0.022    0.07    N/A     N/A   0
 1    1.2 1.036   1      0.70    0.00    0.00    0.00   0.131    0.42    0.42   -0.03  0
 1    1.1 1.036   1      0.37    0.00    0.00    0.00   0.131    0.30   -0.28    0.11  0
 1    1.2 1.036   2      1.07    0.00    0.00    0.00   0.131    0.37    N/A     N/A   0
 2    8.2 4.500   1      0.43    0.00    0.00    0.00   0.195    0.33    0.25   -0.21  0
 2    8.1 4.500   1      0.52    0.00    0.00    0.00   0.195    0.36   -0.35    0.10  0
 2    8.2 4.500   2      0.95    0.00    0.00    0.00   0.195    0.34    N/A     N/A   0
 3    7.2 4.500   1      0.03    0.00    0.00    0.00   0.075    0.09    0.00    0.09  0
 3    7.1 4.500   1      0.06    0.00    0.00    0.00   0.075    0.12   -0.05   -0.11  0
 3    7.2 4.500   2      0.09    0.00    0.00    0.00   0.075    0.11    N/A     N/A   0
 4    6.2 4.500   1      0.05    0.00    0.00    0.00   0.088    0.11    0.01    0.11  0
 4    6.1 4.500   1      0.07    0.00    0.00    0.00   0.088    0.14   -0.01   -0.14  0
 4    6.2 4.500   2      0.12    0.00    0.00    0.00   0.088    0.12    N/A     N/A   0
 5    5.2 4.500   1      0.03    0.00    0.00    0.00   0.068    0.09    0.05    0.08  0
 5    5.1 4.500   1      0.05    0.00    0.00    0.00   0.068    0.11    0.03   -0.11  0
 5    5.2 4.500   2      0.08    0.00    0.00    0.00   0.068    0.10    N/A     N/A   0
 6    4.2 4.500   1      0.03    0.00    0.00    0.00   0.055    0.09    0.08    0.03  0
 6    4.1 4.500   1      0.05    0.00    0.00    0.00   0.055    0.11    0.01   -0.11  0
 6    4.2 4.500   2      0.08    0.00    0.00    0.00   0.055    0.10    N/A     N/A   0
chimul                   2.44    0.00    0.00    0.00   0.105    0.21    N/A     N/A   0
log(Likelihood)         -7.54

chitot           2.44
log(Likelihood)    -7.54
