#REFERENCE 3 328.4033970 17.6954390
1.1 5.8707647 0.7215887 0.086064 0.033301 179.04334 1.0360 2.66 
1.2 6.1302909 0.7578623 0.060821 0.014331 4.90489 1.0360 3.95 
2.1 6.0582865 0.7527829 0.079784 0.035284 179.19002 1.0360 2.75 
2.2 6.0153750 0.7474799 0.052998 0.010116 13.79266 1.0360 4.48 
4.1 31.5438782 16.2803773 0.071646 0.070126 7.70093 4.5000 1.55 
4.2 31.4988273 16.3810922 0.090293 0.061725 133.44319 4.5000 1.24 
5.1 31.4857613 16.4559544 0.067078 0.062081 102.93865 4.5000 1.20 
5.2 31.3975887 16.5588247 0.095080 0.066544 126.77255 4.5000 0.98 
6.1 31.2964431 16.7311263 0.085128 0.080909 112.02176 4.5000 0.97 
6.2 31.1780314 16.8606098 0.107951 0.069141 115.71522 4.5000 0.82 
7.1 31.1497544 16.9286045 0.089342 0.088919 118.27181 4.5000 1.00 
7.2 31.0697020 17.0552014 0.099268 0.061829 108.82531 4.5000 0.89 
8.1 29.0033306 15.1442472 0.061495 0.000886 41.36692 4.5000 5.72 
8.2 29.2978193 15.4010835 0.054621 0.000306 41.30797 4.5000 7.01 
