#REFERENCE 3 180.3007650 23.0992140
   #ID       X         Y         R       EPS       TAU       AMP       E_AMP      DMAG  TIME[days]  DTIME    PARITY
   1.3     1.474    -3.537     3.832     0.999    18.835   184.772  2967.971      5.67    -292.8       0.0    +-
   1.3     2.464    -2.592     3.576     0.992     7.679   151.465  1553.390      5.45    -293.3      -0.5    ++
   1.3    -0.146    -4.690     4.692     0.990     7.146    79.035   738.086      4.74    -295.3      -2.5    ++
   1.3     3.069     3.185     4.424     0.985     5.707     6.029    13.009      1.95    -347.3     -54.5    ++
   1.3     2.945    -1.735     3.419     0.000     0.000  1606.317  77865.308      8.01    -293.1      -0.2    +-
   1.2    -0.156    -4.925     4.928     0.950     3.038    87.185  2889.503      4.85    -308.6     -15.7    ++
   1.2     3.181     2.898     4.304     0.829     1.482     6.706    14.085      2.07    -334.4     -41.6    ++
   1.2     3.290    -1.052     3.454     0.000     0.000    68.659   775.800      4.59    -298.2      -5.4    +-
   1.4     2.769     3.742     4.655     0.985     5.786    11.482   382.379      2.65    -373.5     -80.7    ++
   1.4    -0.396    -4.303     4.321     0.633     0.817    94.199   692.564      4.94    -270.3      22.6    ++
   1.4     0.977    -3.354     3.493     0.000     0.000    77.275  1244.639      4.72    -268.1      24.7    +-
   1.1    -0.671    -5.638     5.677     0.894     1.990     7.959     8.886      2.25    -352.5     -59.7    ++
   1.1     3.344     0.024     3.344     0.589     0.729    11.417     6.234      2.64    -282.8      10.0    +-
   1.1     3.170     2.158     3.835     0.000     0.000    20.075   298.516      3.26    -290.4       2.4    ++
   1.5     2.731     3.697     4.596     0.904     2.120     5.970    15.875      1.94    -366.7     -73.8    ++
   1.5     1.391    -3.017     3.322     0.845     1.580    89.449   951.924      4.88    -270.1      22.7    +-
   1.5    -0.580    -4.435     4.473     0.000     0.000    42.192   667.293      4.06    -275.5      17.4    ++
