1 -1809.416693 0.262040 34.430543 2.639876 64.750770 0.562550 -42.144147 9.663437 296.732560 0.716769 -1.854026 4.998361 85.096041 0.000000
1 -1809.418489 0.402014 51.623542 4.699741 208.411759 0.644476 -49.468693 5.795181 125.302634 0.582065 54.363458 7.878144 386.267141 0.000000
1 -3383.545015 0.405909 58.960446 4.978684 323.159756 0.558181 33.806130 6.519242 490.296896 0.122992 -65.330630 5.421777 390.737595 0.000000
1 -3343.579775 0.440580 70.101421 4.481197 102.377746 0.220185 9.477381 1.375366 474.966352 0.548251 -17.783077 6.427876 483.563602 0.000000
1 -1809.417269 0.243831 5.611142 6.573889 177.592832 0.608749 56.253129 4.716294 252.023712 0.261524 -49.221267 3.823629 149.711734 0.000000
1 -1809.427207 0.546428 20.833071 6.426079 394.561868 0.440733 -37.136284 4.003987 199.485978 0.448412 77.950682 9.625171 139.690687 0.000000
1 -1809.418304 0.592716 -47.927933 2.714400 71.546577 0.613604 -39.976276 9.148498 218.689089 0.653537 72.642704 4.348233 192.540055 0.000000
1 -2108.376370 0.509012 -85.688753 9.036984 443.165620 0.734024 34.825527 3.819922 409.968834 0.210688 -55.679695 2.996559 76.838632 0.000000
1 -1809.618773 0.638500 8.493177 7.000404 27.715508 0.497838 42.878832 9.281508 381.086509 0.631277 -77.338770 1.716252 179.822712 0.000000
1 -1809.848183 0.079702 58.964375 5.817974 47.212598 0.059749 -84.578855 1.318609 74.653449 0.002370 30.750575 1.169680 233.757478 0.000000
1 -1956.466075 0.673616 68.986283 8.787983 359.207989 0.730524 61.091374 4.256536 379.164620 0.641880 80.487672 9.646049 126.250676 -0.691240
1 -3124.739553 0.666162 -42.069324 6.208099 211.990910 0.003672 -63.332289 1.180497 435.947980 0.695185 -62.313229 5.904499 453.714022 -0.691240
1 -1809.684753 0.726113 19.170185 7.609369 35.592682 0.597982 38.968499 9.401309 422.217363 0.634641 -77.334414 1.711117 182.440671 -0.691240
1 -1809.424532 0.201247 11.420778 5.504725 316.737900 0.190594 82.174086 3.610624 157.406023 0.623745 80.464189 9.673736 112.135847 -0.691240
1 -6.111241 0.171556 15.297722 6.123055 465.560189 0.563923 -6.557202 0.573541 109.470778 0.117978 72.677974 0.356835 118.208863 -0.691240
1 -1036.451638 0.536420 -85.033505 1.664741 351.033962 0.197033 78.566330 5.848446 298.089815 0.293039 50.025234 4.983853 328.464428 -0.691240
1 -1377.410612 0.549505 44.104630 8.834683 492.252442 0.624145 44.404036 1.692409 445.240010 0.573508 -7.193350 6.032660 13.966342 -0.691240
1 -2108.376370 0.509012 -85.688753 9.036984 443.165620 0.734024 34.825527 3.819922 409.968834 0.210688 -55.679695 2.996559 76.838632 -0.691240
1 -1809.504057 0.515171 -19.685195 1.693744 265.299203 0.677606 -7.736912 9.281380 54.631029 0.786677 -65.529373 1.748760 14.314969 -0.691240
1 -387.803180 0.208168 28.050247 6.693899 110.326262 0.036117 82.236979 0.970068 369.271590 0.110391 -75.288217 2.184860 19.946493 -0.691240
1 -1811.231689 0.043496 39.262865 0.455442 130.209256 0.751980 -45.737571 9.652192 62.733041 0.127924 -75.793844 0.772974 213.046934 -1.149204
1 -1044.443707 0.208267 71.239602 2.402614 317.078741 0.598495 18.577390 2.520494 73.706458 0.560694 87.367261 4.322967 488.301494 -1.149204
1 -3372.364160 0.355334 -18.303860 3.422399 277.862944 0.739706 38.061974 3.261932 365.652280 0.349891 42.111085 4.531708 458.704880 -1.149204
1 -644.760149 0.234365 -23.228485 0.833683 343.628603 0.528052 69.187292 5.429166 244.296889 0.513889 9.253453 7.432629 262.778633 -1.149204
1 -374.715272 0.499626 -44.559891 4.473708 377.414730 0.134344 53.943207 8.624154 253.109362 0.731811 -67.016988 7.664619 409.139420 -1.149204
1 -606.927272 0.650393 -34.437575 3.223499 273.342099 0.666863 42.404140 5.678633 375.108841 0.122170 -72.287937 5.939287 414.207908 -1.149204
1 -1810.902048 0.768311 -55.706985 9.624435 77.693714 0.417246 -62.960330 8.979574 416.711254 0.539895 -10.303546 2.457369 275.558941 -1.149204
1 -2108.376370 0.509012 -85.688753 9.036984 443.165620 0.734024 34.825527 3.819922 409.968834 0.210688 -55.679695 2.996559 76.838632 -1.149204
1 -695.355883 0.445970 57.418035 2.209267 384.732776 0.199515 21.809935 0.503637 104.520116 0.180880 -34.729174 3.377562 275.258875 -1.149204
1 -40.480531 0.738807 11.806464 6.254953 77.474240 0.489366 -86.013889 2.551281 300.564519 0.715762 -24.200270 6.338877 377.406812 -1.149204
1 -148.188111 0.120727 2.246345 1.439196 175.459446 0.661864 77.628919 1.123308 265.938216 0.597752 27.578440 3.955023 217.734309 -1.311267
1 -301.617462 0.027375 -82.219306 5.733769 368.819914 0.533771 -39.230179 5.156914 25.694750 0.714038 28.684112 1.800829 348.658755 -1.311267
1 -70.641634 0.661080 31.949699 7.665562 367.522349 0.398560 57.938210 5.455746 309.175490 0.664567 58.999380 1.647903 209.921946 -1.311267
1 -285.062134 0.265106 13.087739 7.616299 110.044483 0.251322 24.488564 3.857807 176.679185 0.313954 82.153247 1.345407 410.610426 -1.311267
1 -1120.562237 0.743567 46.266504 3.943090 404.730559 0.363162 -47.958399 7.708961 479.616221 0.323602 51.580137 0.111141 432.784740 -1.311267
1 -720.431757 0.420482 -14.639754 7.114750 152.603213 0.256311 -13.703585 1.813063 487.306463 0.657847 16.825244 3.956438 79.812679 -1.311267
1 -24.083642 0.106242 -49.612516 4.166101 214.759053 0.676022 87.860219 1.665379 209.314132 0.150927 27.571439 8.810862 468.829133 -1.311267
1 -1809.423685 0.142043 28.065564 5.938007 250.350475 0.602077 24.010661 3.659979 268.936385 0.745761 6.593898 9.519002 242.458929 -1.311267
1 -44.381005 0.136747 -3.941297 7.742463 269.282238 0.371602 3.439497 7.203067 429.612751 0.189955 6.144243 3.001303 244.683936 -1.311267
1 -381.105543 0.435212 -15.653541 0.415019 23.958584 0.156430 83.139606 1.506581 360.429558 0.320420 1.648971 5.629481 289.728751 -1.311267
1 -102.509080 0.732640 -8.170689 2.959516 293.439350 0.655184 19.758864 2.036332 254.623255 0.407767 70.325334 2.209904 186.563581 -1.482895
1 -1809.543259 0.727873 -22.518016 0.729742 41.075745 0.645330 -71.400941 1.554750 17.383726 0.475020 -70.250402 3.350197 317.330933 -1.482895
1 -516.765235 0.160658 -68.001674 4.340714 45.862529 0.429347 68.040591 2.741008 299.612787 0.633254 67.376163 0.874785 347.253775 -1.482895
1 -258.029049 0.274659 -1.816178 7.441909 101.987349 0.084361 52.306602 5.798475 214.761748 0.324862 -69.675177 1.910065 364.614244 -1.482895
1 -75.441251 0.077429 -3.337318 7.650298 349.077563 0.393468 50.730771 8.936481 484.789755 0.049031 48.391199 2.084486 191.310304 -1.482895
1 -96.250290 0.579450 -56.347231 3.485954 70.587246 0.570928 -39.131287 3.740002 234.192420 0.081166 -75.623750 2.421884 358.856288 -1.482895
1 -421.921742 0.529946 -20.502736 0.422217 307.326454 0.718288 86.394458 7.338582 201.491209 0.004804 70.713770 0.291080 139.240710 -1.482895
1 -668.147222 0.410677 -43.717923 7.074432 214.175129 0.524681 -25.699467 2.984148 418.199748 0.462360 -24.770482 5.033508 336.098848 -1.482895
1 -145.912746 0.176337 -81.170169 6.786359 171.091439 0.404305 79.837353 3.902679 345.070898 0.127911 -62.402132 0.919790 277.843744 -1.482895
1 -730.203527 0.445320 -23.896138 9.040565 464.557431 0.193774 63.566717 0.916244 316.272722 0.291736 -17.910393 5.887089 305.982949 -1.482895
1 -102.509080 0.732640 -8.170689 2.959516 293.439350 0.655184 19.758864 2.036332 254.623255 0.407767 70.325334 2.209904 186.563581 -1.593301
1 -1809.481533 0.732239 16.309377 6.108352 414.411098 0.721241 72.773274 6.737840 300.762722 0.375726 45.037646 1.330626 54.689854 -1.593301
1 -59.794931 0.229197 -32.372955 9.022296 124.418969 0.778652 -27.720547 1.318348 297.624000 0.116310 36.890569 3.010175 129.567988 -1.593301
1 -126.053660 0.129570 24.786222 3.601130 365.123881 0.160840 5.519761 5.534372 223.811701 0.321470 89.317623 3.050259 265.808144 -1.593301
1 -75.954183 0.212027 0.963849 4.627836 446.114768 0.405611 3.647207 4.125661 126.733767 0.733592 -59.849326 6.134345 318.618660 -1.593301
1 -42.944858 0.511860 -35.869338 4.372915 373.028238 0.038503 -46.414238 3.790366 349.904595 0.752946 -10.224414 3.571109 76.607781 -1.593301
1 -203.012010 0.324822 -56.472095 0.672397 217.542982 0.601341 89.001060 6.292425 217.840656 0.713361 31.069146 0.139484 221.583137 -1.593301
1 -175.321623 0.523268 -85.533321 6.998088 296.046025 0.246339 -8.955368 2.566399 310.210328 0.719553 -0.546585 0.011029 140.701712 -1.593301
1 -105.893076 0.053213 -72.681011 8.423764 367.951060 0.460617 -30.090142 1.423833 218.230794 0.292031 62.552195 3.648639 321.200146 -1.593301
1 -128.608989 0.074198 -30.872102 7.756399 249.945753 0.568680 28.945173 5.785187 42.375561 0.704204 73.671783 4.334883 450.996617 -1.593301
1 -134.788243 0.178955 18.017911 1.396425 102.014020 0.797555 -82.157097 7.523805 415.938210 0.741964 -47.671540 1.601672 282.177543 -1.666794
1 -14.641045 0.413696 5.864991 6.167260 265.612781 0.477213 -70.210945 3.243496 318.612420 0.649084 -84.924390 3.471727 228.695303 -1.666794
1 -160.640991 0.271705 -45.728614 9.379697 96.685507 0.755989 -31.531024 1.195926 322.144092 0.111618 43.541087 1.779158 99.345352 -1.666794
1 -210.638055 0.186686 57.606769 4.698395 273.340637 0.132994 9.161980 7.460533 152.638733 0.351188 -72.290050 2.403294 355.522686 -1.666794
1 -133.828944 0.599391 67.655540 5.073018 100.397129 0.240047 83.645788 6.670974 489.644105 0.385204 1.892574 1.279912 193.713705 -1.666794
1 -568.100643 0.060061 67.564939 1.517272 342.478852 0.121576 48.426924 0.527013 72.935287 0.532744 46.458052 1.148955 304.465107 -1.666794
1 -98.610912 0.195652 -18.982504 8.480735 420.214729 0.157226 74.827170 6.981210 332.673727 0.778810 6.272413 3.095140 267.663671 -1.666794
1 -247.680182 0.456835 -50.001957 3.980111 235.443646 0.027773 -71.129472 3.326372 420.108468 0.666550 -59.127563 7.065101 79.919498 -1.666794
1 -109.701498 0.021464 34.000431 2.889625 286.780981 0.396920 89.645016 9.228243 61.506212 0.712028 -78.026241 0.474833 214.222801 -1.666794
1 -542.756765 0.221867 -43.707949 1.955856 260.113502 0.575135 4.589418 0.171651 318.590703 0.638407 -45.242215 3.082611 370.178445 -1.666794
1 -41.963024 0.373172 62.999539 4.909560 403.808064 0.252886 -73.979638 5.483090 47.431565 0.113907 -45.402965 1.471615 220.547684 -1.837093
1 -359.803641 0.465840 -41.150235 7.539363 298.731712 0.585376 -56.124544 0.499987 304.311670 0.549340 22.227118 5.898534 207.031908 -1.837093
1 -191.880292 0.292304 -43.381574 9.198038 83.727348 0.782725 -42.628667 0.899100 322.736179 0.098922 36.353318 1.792350 95.238824 -1.837093
1 -483.873251 0.186371 47.130670 9.324334 245.213176 0.662977 -62.583109 6.695064 153.091862 0.300630 -48.241081 0.441089 337.138331 -1.837093
1 -1809.437043 0.587976 4.932150 7.521133 413.125543 0.094756 -49.676570 5.118474 66.269999 0.363550 -66.969730 3.232847 70.740609 -1.837093
1 -191.869797 0.774727 64.520242 3.144418 123.412366 0.217999 -73.265149 7.087897 330.948195 0.284397 -74.146341 1.086021 300.872686 -1.837093
1 -465.647013 0.774595 -61.430011 9.148205 321.932668 0.365774 -18.767498 8.455973 122.633139 0.464111 82.278484 1.194053 366.825687 -1.837093
1 -546.072188 0.763289 35.223451 8.060966 165.275164 0.499330 15.535887 1.251740 384.334773 0.646740 -3.558160 1.665308 104.370126 -1.837093
1 -51.413814 0.034906 3.220913 4.842460 221.246880 0.003878 19.275918 6.825562 201.896915 0.792179 -2.660668 4.075742 365.572820 -1.837093
1 -516.431194 0.260835 -53.993884 1.485097 259.445291 0.613442 10.006846 9.221205 351.383902 0.670236 -39.880095 3.669929 348.665514 -1.837093
