1 -3612.080940 0.362063 20.485802 5.536886 238.881964 0.882811 76.189218 0.000000
1 -3612.070322 0.380071 6.360969 8.382930 164.072704 0.849870 75.796850 0.000000
1 -3612.074776 0.527700 60.118788 8.244826 485.391162 0.453021 60.845667 0.000000
1 -3612.070294 0.793901 -77.280797 8.377277 43.527327 0.739504 -65.684254 0.000000
1 -3612.072541 0.645815 -64.334136 2.955880 308.242467 1.075099 16.176230 0.000000
1 -3612.091037 0.730163 -40.550112 7.131715 295.251434 0.823629 76.507521 0.000000
1 -3612.070336 0.697387 72.879201 8.407464 157.980877 0.151888 74.000154 0.000000
1 -3612.175574 0.108334 -25.530595 6.464057 498.710308 0.466030 -86.235200 0.000000
1 -3612.070883 0.675330 -50.089947 5.215610 299.437456 1.142584 20.590327 0.000000
1 -3612.082342 0.160867 -49.906568 3.804942 389.953528 1.185090 -70.593928 0.000000
1 -3612.156635 0.305007 -0.541900 6.532417 293.991846 0.882353 69.784878 -2.765407
1 -3612.102213 0.268423 -44.076335 3.020306 213.716341 1.174451 -48.319445 -2.765407
1 -3612.070528 0.511992 -46.622087 7.205088 446.243806 0.327345 10.885434 -2.765407
1 -3612.179835 0.516151 50.454021 3.649649 244.054904 0.490998 -34.757055 -2.765407
1 -1849.313776 0.754716 74.599970 0.581324 353.723063 0.625032 -20.147507 -2.765407
1 -3612.070320 0.126508 64.727940 5.732612 140.163382 0.105571 86.562120 -2.765407
1 -3612.070925 0.220711 -76.290450 5.936525 71.077754 1.154044 -33.669671 -2.765407
1 -1811.710515 0.246061 -16.798711 0.753376 422.714292 0.476336 35.814080 -2.765407
1 -3612.071210 0.321305 -71.289273 5.751648 353.231008 0.173190 57.543909 -2.765407
1 -3612.104297 0.077867 -25.719905 4.711262 488.034344 0.662189 -48.400924 -2.765407
1 -1831.810585 0.283009 2.163642 6.635263 356.322450 0.780423 72.167482 -3.987588
1 -1845.740348 0.748611 74.274850 0.656956 349.079823 0.634568 -21.449559 -3.987588
1 -3612.083211 0.172867 28.177469 4.156232 433.042027 0.914935 58.257326 -3.987588
1 -3616.835823 0.616595 -30.727830 1.397077 441.860507 0.540975 67.496001 -3.987588
1 -1894.369302 0.781820 63.018114 0.891030 432.737749 0.677193 -29.291520 -3.987588
1 -3612.070755 0.573931 -27.403105 3.218039 26.542795 1.199148 51.421424 -3.987588
1 -1805.953794 0.222352 -51.723118 6.281194 142.014522 1.156756 -16.586514 -3.987588
1 -3612.070309 0.316135 -55.156714 5.222444 77.311565 0.876683 -18.529567 -3.987588
1 -67.215680 0.188869 19.478510 0.834553 236.936737 0.649834 49.477292 -3.987588
1 -3612.070295 0.191400 -8.393245 3.218128 21.269294 0.625519 -64.587987 -3.987588
1 -26.992594 0.720317 63.099811 0.983931 499.446031 0.756381 -59.262840 -4.556746
1 -1830.950845 0.137481 5.796358 5.215308 288.563462 0.916372 36.274411 -4.556746
1 -3612.074734 0.242588 30.428488 1.813048 124.009791 0.029143 10.874534 -4.556746
1 -5.234054 0.584179 -26.835660 1.168800 458.063177 0.593835 67.260938 -4.556746
1 -716.315579 0.619910 41.834022 0.931968 471.032108 0.827723 -24.291890 -4.556746
1 -1809.171298 0.612157 -29.842376 3.452361 52.236615 1.197039 49.757011 -4.556746
1 -3612.070448 0.246732 -23.528430 9.555040 422.709635 0.993054 54.602779 -4.556746
1 -3612.109624 0.693154 -16.543956 2.045135 213.226927 0.762269 -19.011566 -4.556746
1 -1809.317447 0.298939 16.947157 7.632754 457.462904 0.589053 -58.803696 -4.556746
1 -3612.260698 0.776401 64.622854 5.694538 376.067051 0.182044 12.645571 -4.556746
1 -21.049862 0.736036 64.536844 1.064578 473.811715 0.715817 -69.740148 -4.824112
1 -1851.940906 0.595936 -72.173055 2.868988 440.816587 0.120910 53.578470 -4.824112
1 -356.526905 0.620873 -35.460348 0.534917 416.880331 0.592068 67.960005 -4.824112
1 -9.646302 0.654848 -32.886334 0.875655 481.379515 0.697740 63.747527 -4.824112
1 -1871.988935 0.769031 27.803334 0.380560 307.649206 0.997180 -32.971944 -4.824112
1 -60.936311 0.452176 -53.960342 1.499489 283.360483 0.455498 53.468712 -4.824112
1 -3.967070 0.355526 -82.537686 1.793719 401.478218 0.433029 84.009561 -4.824112
1 -1803.733004 0.045421 -70.894059 2.236115 256.179751 0.731209 -33.245941 -4.824112
1 -3612.070504 0.255591 53.021669 6.579455 174.982915 0.562176 -22.571615 -4.824112
1 -2070.413732 0.386147 28.131644 0.605539 409.852110 0.171040 -65.031655 -4.824112
1 -111.227653 0.620936 80.772405 0.844702 459.837346 0.429029 -57.160268 -5.073986
1 -692.475236 0.667187 -28.072133 0.128300 464.763112 0.624899 62.508016 -5.073986
1 -128.234966 0.220591 -21.451470 1.445154 376.021783 0.416682 -84.166943 -5.073986
1 -65.545299 0.564509 -42.508362 0.279490 431.764222 0.784855 73.731757 -5.073986
1 -1803.967613 0.006506 33.297376 10.273418 326.735525 0.997353 -36.484718 -5.073986
1 -2.889054 0.250205 -22.491226 1.420829 396.473394 0.397643 72.351763 -5.073986
1 -1955.003869 0.197335 -17.277822 0.683431 481.347358 0.227246 13.174394 -5.073986
1 -255.165147 0.742350 -56.688638 0.182180 345.930856 0.697599 54.924010 -5.073986
1 -3612.070295 0.024022 -47.954649 9.115187 71.006922 0.737806 3.589377 -5.073986
1 -1810.145753 0.371754 27.216645 2.409102 397.523551 0.060735 -64.788240 -5.073986
1 -71.048626 0.665815 80.201517 1.131676 486.447078 0.316673 -31.724648 -5.241427
1 -7.367021 0.589015 48.274970 0.468789 334.077625 0.728506 63.678083 -5.241427
1 -1807.486076 0.194547 44.274656 0.155278 127.239923 0.892080 -61.781755 -5.241427
1 -25.077720 0.671125 73.497865 1.321895 450.582134 0.516898 -77.939928 -5.241427
1 -1865.324903 0.421249 42.084811 0.684579 419.564073 0.350685 6.212884 -5.241427
1 -265.867082 0.366356 -58.227991 0.661822 448.524553 0.332642 88.675848 -5.241427
1 -1804.711889 0.448383 61.486895 0.196605 307.890917 0.885766 72.641352 -5.241427
1 -7.259112 0.749613 -37.300030 0.820735 430.560649 0.554887 51.995989 -5.241427
1 -35.924731 0.728804 -45.714425 0.101426 417.366479 0.668602 64.149865 -5.241427
1 -1810.363056 0.192387 54.070300 1.242462 353.978011 0.357331 -34.848730 -5.241427
1 -1860.317656 0.699366 -76.283488 1.841789 476.473613 0.319261 -20.351293 -5.299939
1 -2.288924 0.661208 74.889632 0.960217 108.740492 1.056290 1.286537 -5.299939
1 -19.964391 0.518110 23.198570 0.428614 386.483798 0.594666 50.904550 -5.299939
1 -10.463573 0.565047 -71.230034 3.290891 368.469394 0.289211 35.999482 -5.299939
1 -5.251518 0.292211 -9.219391 0.679232 435.614631 0.836114 -87.291014 -5.299939
1 -33.783137 0.186231 68.599752 2.059422 135.035676 1.074243 68.100659 -5.299939
1 -102.554493 0.657814 58.128758 1.181971 421.290492 0.579404 12.744069 -5.299939
1 -8.310409 0.700567 -58.845615 1.549492 469.238443 0.625760 81.082934 -5.299939
1 -478.827845 0.090139 77.930606 0.356890 421.406611 0.614432 45.139460 -5.299939
1 -177.681384 0.745396 72.688027 0.518104 434.954205 0.207004 -13.499283 -5.299939
1 -5.839447 0.571386 -74.855171 3.225526 368.549340 0.212620 31.861345 -5.307799
1 -6.029563 0.479892 -44.927455 1.095853 474.055148 1.196832 58.378787 -5.307799
1 -188.865624 0.452116 57.208168 0.474126 365.310545 0.471793 56.484813 -5.307799
1 -54.703580 0.560110 -42.056535 2.699671 362.613618 0.211554 32.134270 -5.307799
1 -2.585233 0.072410 29.590400 0.632880 386.068831 0.903053 85.258450 -5.307799
1 -38.759688 0.190862 68.680240 2.018314 123.786921 1.097914 71.379973 -5.307799
1 -57.582584 0.431810 -1.186715 0.740116 390.337911 0.394441 1.666246 -5.307799
1 -19.626588 0.427988 -52.463341 1.078395 488.350263 0.812117 -73.833848 -5.307799
1 -14.752165 0.724008 81.395430 0.638046 454.962537 0.866203 86.525014 -5.307799
1 -3.332354 0.751874 86.050075 1.059280 309.547694 0.023431 -50.080173 -5.307799
1 -4.903778 0.631106 -82.883291 2.960742 384.625628 0.086793 36.435135 -5.321223
1 -17.530601 0.545883 -31.084846 0.690920 413.523187 0.153802 87.814696 -5.321223
1 -140.132739 0.570274 68.205342 0.711291 396.349160 0.490612 68.651866 -5.321223
1 -54.674957 0.560619 -42.210313 2.701887 362.613503 0.211493 32.065194 -5.321223
1 -71.954895 0.057362 5.197948 0.803307 372.608271 0.040478 67.418070 -5.321223
1 -40.928311 0.188491 68.617991 2.024252 124.419224 1.098746 71.172065 -5.321223
1 -54.988165 0.437376 5.321683 0.685486 387.127717 0.353573 2.683556 -5.321223
1 -200.979944 0.418866 -34.792933 0.725605 476.319384 0.735659 -53.219932 -5.321223
1 -87.017675 0.125765 60.292088 0.614853 456.492175 0.185135 -18.348629 -5.321223
1 -3.511091 0.753922 87.227508 1.046450 309.938343 0.027285 -49.165351 -5.321223
1 -3.042105 0.603221 -82.946833 2.728924 376.096358 0.010793 34.110635 -5.371832
1 -75.543374 0.407451 86.188899 0.784524 420.746673 0.103742 88.511053 -5.371832
1 -22.809945 0.352429 89.107413 0.296317 304.158754 0.602888 47.792035 -5.371832
1 -53.258828 0.561781 12.571487 1.329826 356.812025 0.097236 62.288085 -5.371832
1 -1806.147243 0.145840 -37.558402 1.053183 441.857746 0.914911 52.810120 -5.371832
1 -28.467758 0.233604 68.553657 1.907687 124.306851 1.097585 64.871815 -5.371832
1 -65.667738 0.422317 -16.038572 1.082914 331.283473 0.344175 13.065138 -5.371832
1 -223.463522 0.400244 -31.966656 0.784124 493.126795 0.738090 -59.404886 -5.371832
1 -129.862643 0.104139 76.724134 0.778462 358.087781 0.357866 18.881195 -5.371832
1 -3.763380 0.774501 -82.804697 0.494027 278.603027 0.100771 -46.173980 -5.371832
1 -5.875278 0.588139 -80.042174 2.650303 376.120282 0.066720 34.262107 -5.415151
1 -116.731700 0.426251 -88.191520 0.652995 444.243928 0.119303 77.281317 -5.415151
1 -4.985435 0.230884 77.099285 0.684425 381.021331 0.811798 76.637444 -5.415151
1 -23.470292 0.546123 9.878920 1.661824 308.074958 0.043728 52.193832 -5.415151
1 -1812.987640 0.166260 -25.272454 1.024055 465.600203 1.079236 9.349946 -5.415151
1 -28.272987 0.254214 65.029124 1.960970 124.453116 1.099787 65.685935 -5.415151
1 -9.624576 0.360733 -5.709656 1.435375 324.902355 0.310332 5.238703 -5.415151
1 -24.298511 0.564229 69.208862 0.953168 436.350676 0.603828 -57.658465 -5.415151
1 -3.136615 0.147716 51.425924 0.592477 364.188375 0.996306 72.803174 -5.415151
1 -4.423352 0.787291 -81.503226 0.486010 281.561655 0.090923 -42.078354 -5.415151
1 -5.252590 0.504620 -75.012173 2.876882 380.442085 0.068733 39.542197 -5.462515
1 -226.808431 0.388503 -74.795165 0.677735 461.959067 0.211992 70.950898 -5.462515
1 -20.223742 0.172129 68.414011 1.705641 471.426266 0.724272 -41.381786 -5.462515
1 -24.769258 0.547035 8.919804 1.685280 310.650818 0.055716 52.456330 -5.462515
1 -1841.847282 0.550764 48.871323 0.392973 403.245164 0.484168 -38.324251 -5.462515
1 -21.526714 0.281658 58.565438 1.448732 116.217771 1.103362 45.927961 -5.462515
1 -11.313161 0.734959 -46.706053 0.301899 322.847135 0.189768 60.486829 -5.462515
1 -4.970570 0.529186 39.194702 0.502385 459.052359 1.188024 89.807861 -5.462515
1 -17.208777 0.591196 47.189234 0.608005 466.129926 0.774970 -66.885219 -5.462515
1 -5.392369 0.757693 -68.634536 0.093517 259.843944 0.154990 -40.141601 -5.462515
1 -7.589526 0.501256 -62.631830 3.861209 408.238296 0.194779 15.859674 -5.515123
1 -240.009617 0.522337 -77.563211 0.614048 470.060094 0.240724 60.079950 -5.515123
1 -19.967824 0.180641 65.427433 1.639630 476.096245 0.761194 -43.856460 -5.515123
1 -27.163514 0.545986 8.561817 1.553307 304.099602 0.088983 53.034695 -5.515123
1 -1992.111358 0.423580 34.806777 0.456794 395.433773 0.103955 34.867249 -5.515123
1 -55.967470 0.245714 -40.392772 1.960261 387.439148 0.089221 81.021258 -5.515123
1 -51.948260 0.756333 -50.318198 0.524273 322.814793 0.180681 -86.536426 -5.515123
1 -9.246999 0.723381 59.794927 1.227337 444.502243 0.708830 -86.817196 -5.515123
1 -13.600781 0.592662 54.904764 1.360172 499.520606 0.834979 -64.865601 -5.515123
1 -5.052811 0.742985 -76.164110 0.194791 259.947790 0.102289 -29.826352 -5.515123
1 -4.085340 0.493509 -74.313970 2.941398 390.346339 0.007928 -5.153807 -5.522764
1 -50.991175 0.556191 -46.263536 0.623217 479.361392 0.350284 40.778456 -5.522764
1 -19.895381 0.380507 70.204722 0.987913 464.806962 0.855961 -61.063917 -5.522764
1 -27.331799 0.537627 8.211872 1.548431 302.215921 0.098342 54.622957 -5.522764
1 -191.228704 0.189850 39.360242 0.583055 406.149501 0.368486 73.643566 -5.522764
1 -2.079843 0.228570 -33.947938 2.569398 433.078114 0.138129 -66.031843 -5.522764
1 -10.716368 0.688822 -28.036847 0.808506 382.199791 0.100436 -76.038387 -5.522764
1 -25.248476 0.606125 76.388678 0.723302 492.654159 1.043258 -67.171095 -5.522764
1 -23.418836 0.582353 58.715684 0.827368 496.406937 0.836656 -69.162906 -5.522764
1 -4.223632 0.757882 -77.678446 0.268058 246.599349 0.053521 -23.275068 -5.522764
1 -11.537295 0.653417 -64.460176 0.816838 459.282857 0.937352 74.265938 -5.535364
1 -336.448182 0.502474 -54.087020 0.681957 467.363845 0.473317 24.809978 -5.535364
1 -95.879622 0.340500 29.002287 0.513021 482.280002 0.690280 -62.082404 -5.535364
1 -22.863742 0.521394 11.517083 1.555335 303.570285 0.022024 83.497421 -5.535364
1 -60.753450 0.072281 54.081927 0.402232 415.821624 0.489697 66.110029 -5.535364
1 -4.355829 0.695915 -0.347239 1.382730 489.059457 0.478655 -61.866421 -5.535364
1 -8.369410 0.200330 -67.833320 1.534876 369.777567 0.204373 84.872769 -5.535364
1 -10.385717 0.278386 84.822606 1.546671 482.975649 1.107889 -62.904302 -5.535364
1 -22.695659 0.557768 48.973069 0.458047 496.230238 0.858775 -72.119482 -5.535364
1 -2.188675 0.716860 -81.349081 0.081657 195.410163 0.451618 -42.050931 -5.535364
1 -4.312481 0.486719 -20.204725 0.674380 467.078731 1.191343 75.729025 -5.550228
1 -40.082687 0.657550 -50.633555 0.893081 408.584782 0.444801 33.060956 -5.550228
1 -417.839093 0.142895 -42.527922 0.731705 478.426983 0.563986 -38.831785 -5.550228
1 -20.156547 0.496518 13.131153 1.747264 313.138415 0.002718 -89.192537 -5.550228
1 -25.601220 0.766895 86.489787 1.257284 348.255079 0.421685 69.521953 -5.550228
1 -4.720553 0.702378 -8.974714 1.323063 494.767878 0.583633 -65.066052 -5.550228
1 -50.977133 0.536641 60.493454 0.696057 455.866240 0.205198 -29.941195 -5.550228
1 -12.345298 0.276701 72.753921 1.457951 494.112358 1.129514 -60.489124 -5.550228
1 -18.548320 0.037570 37.601301 0.757827 400.215666 0.391683 -65.957089 -5.550228
1 -1.934620 0.795555 82.765855 0.152173 202.978943 0.414252 -29.485283 -5.550228
1 -5.819296 0.267707 -13.145812 0.581568 457.633231 1.121475 -89.157171 -5.561065
1 -51.744748 0.687498 -38.639510 1.402779 297.180016 0.376394 65.984848 -5.561065
1 -198.544055 0.318135 -84.874400 0.845236 439.162689 0.472369 -22.923194 -5.561065
1 -17.385258 0.475001 18.634109 1.767053 313.182436 0.002826 -89.843729 -5.561065
1 -4.269347 0.108408 79.731156 1.356671 367.629441 0.431971 68.119346 -5.561065
1 -5.669902 0.713791 -17.452154 1.423660 498.955455 0.565813 -66.752269 -5.561065
1 -79.208969 0.551068 57.462890 0.618325 478.856135 0.297816 -22.253189 -5.561065
1 -16.952801 0.302329 77.455561 1.420051 496.825701 1.137014 -53.183088 -5.561065
1 -11.451243 0.059453 37.176195 0.801420 410.809355 0.493011 -68.466284 -5.561065
1 -2.018840 0.781709 87.787523 0.569379 223.422094 0.401805 -39.039893 -5.561065
1 -3.469686 0.286723 -11.247239 0.687432 449.194254 1.169534 -87.313434 -5.581491
1 -56.219632 0.656889 -49.458729 1.360198 315.034212 0.369709 75.465161 -5.581491
1 -324.929430 0.107289 43.390969 0.450698 496.608677 0.863721 -54.865355 -5.581491
1 -23.831630 0.624455 2.955534 1.661655 296.085297 0.100880 -75.152485 -5.581491
1 -10.803811 0.269497 -43.404259 4.481612 374.645962 0.518092 31.611196 -5.581491
1 -5.879991 0.000729 -31.219061 2.000522 457.926729 0.590242 -65.505194 -5.581491
1 -205.168255 0.542465 53.848516 0.679264 482.674062 0.310163 -21.464043 -5.581491
1 -75.115453 0.544675 -60.400569 0.978198 400.204076 0.037063 -65.735794 -5.581491
1 -50.398964 0.249667 -8.581586 1.667883 360.623775 0.125958 36.534953 -5.581491
1 -2.236016 0.758357 86.085831 1.065855 238.916120 0.443934 -36.471329 -5.581491
1 -13.597145 0.116934 34.777450 0.680769 460.779807 0.922414 -70.133546 -5.601096
1 -55.883142 0.659560 -50.056951 1.364458 315.108635 0.370727 75.453868 -5.601096
1 -310.104324 0.087324 42.463642 0.674726 493.274213 0.829112 -50.543374 -5.601096
1 -23.850650 0.652186 5.352166 1.562894 296.583225 0.077706 -67.214084 -5.601096
1 -9.311496 0.235109 -43.268228 4.487895 368.029523 0.556587 27.695181 -5.601096
1 -3.273266 0.072156 -31.893567 2.322745 489.445087 0.605873 -78.195308 -5.601096
1 -68.326601 0.538483 68.978088 0.843056 463.799056 0.313333 -25.299109 -5.601096
1 -7.308841 0.618939 -77.824883 1.510163 477.288309 1.144673 -75.509274 -5.601096
1 -59.598275 0.241393 -7.464841 1.726961 370.790527 0.176003 37.662086 -5.601096
1 -2.336409 0.657497 71.112686 0.645791 167.929923 0.691639 -26.426471 -5.601096
1 -5.397305 0.102925 2.800725 0.511953 407.786222 1.010217 74.837093 -5.610680
1 -67.778010 0.723957 -39.488687 0.797200 321.921894 0.307802 81.129515 -5.610680
1 -29.286717 0.108783 64.369578 0.676706 491.074122 0.684598 -77.498238 -5.610680
1 -33.960959 0.566254 3.237973 0.824173 274.132481 0.118604 -67.826114 -5.610680
1 -9.700008 0.233993 -42.977372 4.479459 368.989554 0.556153 27.316395 -5.610680
1 -3.343230 0.070799 -32.123649 2.294814 485.077418 0.632141 -73.978293 -5.610680
1 -101.808746 0.542065 87.777490 0.918931 441.709793 0.215694 -43.462525 -5.610680
1 -10.713949 0.602935 82.896347 1.144152 447.402103 1.005062 -73.317952 -5.610680
1 -4.000569 0.195126 -7.943952 1.453877 366.036812 0.172145 63.803290 -5.610680
1 -3.523812 0.620969 81.105709 0.566214 189.582229 0.691795 -13.614859 -5.610680
1 -1.742932 0.124413 -3.114051 1.054550 421.935094 0.938480 -86.685175 -5.615391
1 -6.323068 0.011477 -28.489927 0.906186 329.664016 0.381907 62.758876 -5.615391
1 -3.728176 0.383452 -77.419329 0.437609 120.963888 0.946529 -34.508046 -5.615391
1 -34.068537 0.593384 4.827786 0.800490 274.078614 0.112307 -68.140387 -5.615391
1 -9.104421 0.238146 -42.552218 4.480941 368.737741 0.553804 27.066031 -5.615391
1 -2.065015 0.049823 -42.461792 2.291638 471.611866 0.560502 -80.757176 -5.615391
1 -65.407421 0.445799 75.916503 1.117388 414.988699 0.233941 -68.981255 -5.615391
1 -3.065629 0.634531 -89.565739 1.665656 443.323675 1.050929 79.174636 -5.615391
1 -5.166391 0.371246 -7.547657 0.400303 407.181257 1.025499 70.613039 -5.615391
1 -2.683652 0.577286 88.455258 0.520498 176.639439 0.719711 -18.907367 -5.615391
1 -1.468786 0.041867 0.553825 1.032592 402.090191 0.887535 88.640532 -5.629648
1 -173.821215 0.601853 -51.273682 1.210761 442.564660 0.825675 -53.358360 -5.629648
1 -15.341275 0.615921 6.521964 0.880942 138.027268 0.906712 -54.640865 -5.629648
1 -32.652724 0.582124 -4.631560 0.629504 258.300647 0.170852 -56.450557 -5.629648
1 -10.015083 0.214666 -42.324735 4.451410 371.036563 0.540044 31.185924 -5.629648
1 -1.750769 0.106785 -26.244868 1.556820 413.688447 0.536616 -81.478187 -5.629648
1 -25.901159 0.649937 -80.092619 3.404500 433.245277 0.402999 81.922354 -5.629648
1 -6.283907 0.327031 86.934148 0.636050 416.960188 0.980089 87.897298 -5.629648
1 -8.811670 0.054614 -55.462684 0.827003 469.573420 1.049093 -88.663045 -5.629648
1 -12.944104 0.594575 -86.739271 0.468599 196.040767 0.797848 -6.028500 -5.629648
1 -29.063407 0.177734 -19.322127 1.083600 395.253280 0.355299 -22.257686 -5.644771
1 -4.376490 0.335904 -84.467059 0.953294 426.371483 1.005684 -88.663778 -5.644771
1 -13.129371 0.603321 6.693476 1.103162 147.195830 0.887032 -51.521811 -5.644771
1 -30.931989 0.585167 -4.884576 0.627027 255.204962 0.169374 -53.235889 -5.644771
1 -11.900045 0.289520 -49.015455 4.373587 337.671475 0.623357 37.530939 -5.644771
1 -9.472990 0.312149 77.095350 1.051821 219.315555 0.680313 25.881255 -5.644771
1 -24.635686 0.651807 -80.169319 3.578366 436.810426 0.403386 80.214361 -5.644771
1 -4.102053 0.465979 74.358543 0.830940 403.990451 0.898160 83.742258 -5.644771
1 -2.012569 0.780071 81.099232 1.052748 279.139383 0.171489 -26.463116 -5.644771
1 -9.117811 0.523178 -59.188902 0.445292 164.376402 0.913186 -13.782704 -5.644771
1 -57.873454 0.264517 -32.169592 1.452164 403.322787 0.369601 -29.405982 -5.659808
1 -3.165810 0.322790 -38.452430 2.121440 450.355404 0.330666 82.590972 -5.659808
1 -12.767763 0.604099 15.646657 1.035749 137.730183 0.888729 -56.127831 -5.659808
1 -11.045804 0.512173 34.212202 1.095054 233.101501 0.299081 -57.588139 -5.659808
1 -12.700214 0.289338 -48.554484 4.379735 338.615196 0.623555 38.219421 -5.659808
1 -6.796689 0.347674 88.260840 1.646191 208.816433 0.767653 27.893739 -5.659808
1 -10.001019 0.581748 -81.808757 4.238112 347.495359 0.577711 41.733816 -5.659808
1 -2.296020 0.292613 -86.617644 1.070539 374.696113 0.839659 79.682011 -5.659808
1 -10.189837 0.749285 -52.241706 0.159711 264.838895 0.199622 -26.131071 -5.659808
1 -3.591486 0.502627 -77.562597 0.069768 137.231739 0.880552 -23.932803 -5.659808
1 -36.624352 0.202755 80.247936 0.459888 343.832465 0.738560 74.881694 -5.685049
1 -3.007709 0.315357 -38.747211 2.236803 435.230702 0.211525 86.198048 -5.685049
1 -12.238707 0.577942 21.878058 0.908402 134.987470 0.877804 -56.325310 -5.685049
1 -10.816677 0.513728 33.940940 1.112782 233.995892 0.288006 -57.802387 -5.685049
1 -12.263107 0.283935 -45.583252 4.423814 332.720516 0.650162 37.369399 -5.685049
1 -17.965746 0.314840 70.526210 1.878463 252.536370 0.713436 51.851926 -5.685049
1 -7.738661 0.624686 -79.605943 4.699110 338.627376 0.613675 31.639527 -5.685049
1 -2.283532 0.290003 -83.888534 1.098357 376.553383 0.834623 80.361090 -5.685049
1 -2.306113 0.543293 -86.312848 2.187581 243.660461 0.674871 -28.315460 -5.685049
1 -4.227145 0.524168 -87.609334 0.219594 144.658361 0.873412 0.103460 -5.685049
1 -4.889454 0.205873 -87.688724 0.753006 348.315314 0.738213 68.835325 -5.735860
1 -3.060612 0.283944 -37.954596 2.251474 441.508803 0.235827 86.335675 -5.735860
1 -11.773645 0.538094 28.042916 0.830095 134.825498 0.856678 -58.326706 -5.735860
1 -14.141590 0.526301 27.406620 0.613053 209.010085 0.261147 -67.513223 -5.735860
1 -12.020986 0.248744 -37.791129 4.420192 333.858157 0.658193 36.612811 -5.735860
1 -112.214865 0.349628 -88.815327 0.448616 291.034369 0.595051 52.485480 -5.735860
1 -12.419422 0.644650 -60.058076 3.206899 345.110847 0.348284 38.508316 -5.735860
1 -2.179495 0.353577 -76.728303 1.237507 396.394101 0.763911 -86.951602 -5.735860
1 -1.904126 0.543351 -86.820695 2.265622 248.927371 0.648913 -21.118542 -5.735860
1 -4.069121 0.512549 -85.704018 0.083999 98.526985 1.034976 -28.673391 -5.735860
1 -3.492702 0.142383 -85.291190 0.867499 386.503782 0.681452 89.850325 -5.780304
1 -3.434383 0.248460 -46.053954 1.882978 417.067426 0.294928 86.687767 -5.780304
1 -14.035005 0.552727 23.609091 0.657875 134.332717 0.834377 -63.025032 -5.780304
1 -31.723131 0.533474 21.942019 0.489711 248.932464 0.188575 -78.570316 -5.780304
1 -12.208607 0.244434 -36.804486 4.433113 334.274518 0.663122 35.802183 -5.780304
1 -1.541841 0.488539 85.940987 0.570389 177.562711 0.639375 -3.778917 -5.780304
1 -11.863703 0.642298 -61.452346 3.275757 348.097537 0.339735 41.311816 -5.780304
1 -2.194906 0.205516 -46.631353 1.162476 401.640162 0.751591 82.402971 -5.780304
1 -1.734486 0.563193 -85.838294 2.485405 252.594425 0.661529 -18.284382 -5.780304
1 -4.446018 0.242903 -87.989891 0.934147 394.233548 0.662642 -85.860260 -5.780304
1 -3.867891 0.095289 -77.914107 0.885894 377.693524 0.721728 74.265571 -5.849058
1 -2.799232 0.268510 -39.941109 1.921691 415.463667 0.271621 84.143421 -5.849058
1 -23.428642 0.598957 7.879883 0.214053 148.930453 0.799403 -64.646976 -5.849058
1 -26.227496 0.536574 21.668928 0.663925 248.687043 0.174365 -80.679703 -5.849058
1 -10.639049 0.226962 -41.822132 4.080280 347.495052 0.582810 29.793737 -5.849058
1 -23.235969 0.770000 -28.227458 0.252530 451.250000 0.383780 72.533182 -5.849058
1 -10.773685 0.603514 -68.183624 2.898363 343.457638 0.334223 27.453764 -5.849058
1 -3.330838 0.216957 -29.417869 0.918631 411.824091 0.767429 -83.247366 -5.849058
1 -2.087420 0.572006 -84.373923 2.420848 263.593992 0.612881 -17.440244 -5.849058
1 -6.372767 0.225712 -75.475806 0.914753 404.122856 0.731979 76.891852 -5.849058
1 -1.660662 0.108113 -85.378544 1.268511 395.745116 0.702686 84.687621 -5.929740
1 -3.414396 0.237185 -43.213622 1.959815 414.634986 0.242113 84.116182 -5.929740
1 -22.788519 0.615925 13.686568 0.125641 139.842698 0.791904 -72.044098 -5.929740
1 -31.727144 0.675454 23.889465 0.630887 267.650346 0.103613 -80.240956 -5.929740
1 -5.850263 0.699957 -68.716313 5.169444 374.065021 0.477615 18.141896 -5.929740
1 -13.651543 0.123318 -77.297563 1.014956 410.455241 0.634984 -57.630279 -5.929740
1 -21.555797 0.567533 -54.700054 0.937153 401.541361 0.132484 27.300563 -5.929740
1 -2.185951 0.253258 -71.887929 1.927598 456.270689 0.750175 85.553401 -5.929740
1 -20.563834 0.458107 -86.732486 0.785673 392.815341 0.478200 59.660710 -5.929740
1 -6.011131 0.285613 -63.199844 0.873251 387.528826 0.665416 74.249281 -5.929740
1 -4.000025 0.058030 -76.524217 1.070679 394.168908 0.626644 -75.156233 -6.043968
1 -45.485958 0.208074 58.629856 0.808535 446.822402 0.463030 -65.284453 -6.043968
1 -17.400224 0.745047 15.108036 1.215998 156.904219 0.822438 -68.931173 -6.043968
1 -32.224586 0.693438 24.927203 0.604824 269.375762 0.093315 -80.652835 -6.043968
1 -3.417382 0.649366 -67.564650 4.176026 357.107311 0.482049 -4.051160 -6.043968
1 -8.652613 0.124346 -49.884173 0.285178 244.815417 0.299193 8.649118 -6.043968
1 -21.104483 0.566110 -52.166202 1.012794 398.986060 0.146338 16.147540 -6.043968
1 -8.191692 0.281719 -86.863811 1.942890 467.246335 0.737902 -69.813609 -6.043968
1 -10.984259 0.275960 -64.757384 2.343451 298.212520 0.479977 34.330316 -6.043968
1 -33.707769 0.323507 -88.503116 0.559262 356.320164 0.617537 63.378234 -6.043968
1 -8.632985 0.087227 -66.647011 1.228879 432.280644 0.661785 -69.332201 -6.179089
1 -6.764487 0.311773 -87.042289 2.089326 471.851251 0.738060 -72.958516 -6.179089
1 -6.697061 0.466737 37.679258 1.044968 408.283469 0.429113 -74.049207 -6.179089
1 -34.861431 0.678377 24.720910 0.494941 265.462743 0.091743 -79.861804 -6.179089
1 -4.539296 0.649625 -57.338131 4.182942 365.659989 0.507089 -4.333779 -6.179089
1 -14.341868 0.114815 -48.706941 0.085930 249.995393 0.285715 11.363416 -6.179089
1 -23.448324 0.587855 -46.387413 0.851982 368.280291 0.312078 27.549773 -6.179089
1 -19.880172 0.280542 -87.603535 1.577765 466.739345 0.736142 -54.903592 -6.179089
1 -15.102631 0.194931 -85.220198 2.481625 318.129328 0.472326 48.755772 -6.179089
1 -14.567422 0.333402 -60.136620 0.803469 399.109142 0.464773 60.329259 -6.179089
1 -16.331738 0.760627 -60.805095 1.386755 480.214146 0.763360 -75.896215 -6.332402
1 -16.155103 0.331664 80.707658 1.711182 461.174097 0.656912 -58.988175 -6.332402
1 -6.063309 0.513316 43.035113 1.247278 423.987395 0.454276 -83.375845 -6.332402
1 -36.584024 0.678844 24.018339 0.575384 281.170098 0.089097 -82.973825 -6.332402
1 -4.314163 0.626949 -60.624497 4.484087 417.072278 0.508003 -28.289395 -6.332402
1 -14.440570 0.122331 -49.298497 0.115883 251.826450 0.289161 11.320255 -6.332402
1 -22.675466 0.571628 -50.962208 0.834790 367.351013 0.337071 25.168261 -6.332402
1 -10.105122 0.225090 89.060171 1.398305 454.515191 0.795550 -69.808865 -6.332402
1 -17.455044 0.223586 -74.778506 2.438621 312.887092 0.483222 49.763584 -6.332402
1 -10.052109 0.381193 -38.666647 0.836834 311.442895 0.106341 60.576048 -6.332402
1 -4.763752 0.036100 -40.292355 1.378838 457.980932 0.870433 -78.201855 -6.419683
1 -1.830116 0.784499 3.095766 0.766778 438.136481 0.320711 82.398766 -6.419683
1 -6.897239 0.578926 54.116164 0.593796 390.381718 0.479707 -89.282280 -6.419683
1 -1.964154 0.749436 20.481061 0.844880 409.969864 0.239290 71.138222 -6.419683
1 -5.118395 0.600483 -57.401064 4.596758 394.969209 0.551812 -16.757094 -6.419683
1 -9.436478 0.117368 -54.863159 0.223492 241.585159 0.321131 9.847545 -6.419683
1 -14.334265 0.601592 -57.786551 1.002027 357.112829 0.221115 79.890786 -6.419683
1 -13.423590 0.315628 -63.216811 0.983654 449.278365 0.677433 -89.023424 -6.419683
1 -18.398263 0.214297 -74.616308 2.336139 307.431590 0.486529 53.049930 -6.419683
1 -7.311405 0.568625 -48.924508 1.147215 363.748550 0.178901 81.863385 -6.419683
1 -2.688199 0.030910 -46.177794 1.582050 458.710430 0.891143 -80.109070 -6.513382
1 -2.525859 0.763727 1.413690 0.850844 453.928691 0.315353 85.240804 -6.513382
1 -5.587315 0.559859 58.701548 1.042251 381.340190 0.506002 -87.959614 -6.513382
1 -11.025363 0.790660 39.600749 0.702899 410.136725 0.232608 85.707151 -6.513382
1 -5.909836 0.792760 -57.904161 4.188568 406.278615 0.453104 -18.623298 -6.513382
1 -9.640654 0.054314 -53.879184 0.151647 236.178770 0.353908 10.179145 -6.513382
1 -12.531383 0.536561 -44.888654 0.435583 326.785742 0.234790 66.787035 -6.513382
1 -4.733830 0.249938 -67.619701 0.940166 405.915342 0.743064 88.217261 -6.513382
1 -16.905618 0.237985 -75.925514 2.562083 309.959522 0.522760 47.734237 -6.513382
1 -16.332965 0.562398 -45.657430 0.943949 368.874618 0.174719 83.688145 -6.513382
1 -2.865604 0.033560 -44.581421 1.626555 462.341265 0.897587 -78.397201 -6.593524
1 -6.705701 0.689952 -32.323077 1.021401 430.107152 0.284097 77.443382 -6.593524
1 -6.310212 0.541045 61.865555 1.097591 386.584073 0.436295 88.877278 -6.593524
1 -8.690524 0.768727 44.476329 0.608163 407.540904 0.244120 74.299236 -6.593524
1 -8.316511 0.791204 -59.874014 4.079225 408.136685 0.443684 -18.184697 -6.593524
1 -12.271565 0.053170 -37.505117 0.422610 253.278805 0.360976 16.093459 -6.593524
1 -12.765078 0.539606 -43.146270 0.428955 331.410745 0.248081 65.795886 -6.593524
1 -2.477250 0.207623 -77.791553 1.282846 393.365232 0.746128 77.708993 -6.593524
1 -7.048926 0.333164 -78.058364 2.326830 291.032339 0.503748 23.899794 -6.593524
1 -7.687076 0.545804 -53.207603 1.341450 386.381717 0.236208 80.651737 -6.593524
1 -4.171775 0.790071 73.645671 1.931960 463.676434 0.925669 87.117145 -6.661164
1 -6.125526 0.696291 -31.037004 1.210878 450.147021 0.308769 73.167772 -6.661164
1 -10.499126 0.553820 -76.475697 0.870081 351.186832 0.484197 66.794719 -6.661164
1 -3.522142 0.011238 34.801691 1.134362 379.898467 0.373322 89.724647 -6.661164
1 -2.506662 0.165346 -65.664514 4.172400 370.472806 0.513420 4.685252 -6.661164
1 -3.592575 0.043871 -31.451626 0.669731 234.251962 0.432876 4.860922 -6.661164
1 -6.835040 0.465914 -54.441281 1.982655 429.718112 0.232158 73.334806 -6.661164
1 -7.755164 0.340708 -76.125835 1.079975 420.138963 0.794721 -71.601643 -6.661164
1 -9.601995 0.323907 -78.825738 2.267414 292.092892 0.507303 31.429622 -6.661164
1 -9.755989 0.582584 -54.554746 1.164620 384.723475 0.223385 70.758757 -6.661164
1 -4.748624 0.799605 73.032618 1.996987 470.061068 0.924519 87.403767 -6.733376
1 -1.417384 0.015498 6.970505 2.417055 433.405119 0.218466 89.164590 -6.733376
1 -8.569613 0.568298 -63.246536 0.833722 363.806050 0.477592 68.544354 -6.733376
1 -9.022048 0.215583 57.200947 0.700369 399.374968 0.478628 -85.891785 -6.733376
1 -2.922475 0.180988 -62.521618 4.259315 374.661054 0.512922 4.983399 -6.733376
1 -5.681627 0.053582 -34.607466 0.161844 207.873310 0.495453 7.534036 -6.733376
1 -6.502822 0.434475 -52.873451 1.950368 413.603981 0.183319 81.080009 -6.733376
1 -14.655726 0.419794 -70.197781 1.000178 444.559034 0.868373 -64.479479 -6.733376
1 -8.435223 0.332101 -84.513255 1.222321 267.828769 0.413061 21.884332 -6.733376
1 -7.242797 0.334877 -45.874658 1.027815 350.137041 0.253994 64.486462 -6.733376
1 -5.164772 0.610779 42.335513 0.567346 425.219579 0.765455 -88.590995 -6.785969
1 -1.540620 0.034400 -1.291718 2.424814 440.986058 0.244499 -87.778596 -6.785969
1 -2.854045 0.631746 46.780826 0.565263 377.796088 0.619980 84.381864 -6.785969
1 -3.008582 0.272231 36.560641 0.850318 392.127280 0.601061 -88.147561 -6.785969
1 -1.967572 0.169675 -62.288337 4.108082 372.465863 0.498607 1.538713 -6.785969
1 -3.611667 0.037488 -31.133614 0.403792 210.907917 0.519147 3.012109 -6.785969
1 -6.038437 0.600764 -44.444432 1.838447 437.301151 0.195068 87.420426 -6.785969
1 -6.432995 0.360922 -75.329205 1.133218 430.592790 0.908126 -74.503350 -6.785969
1 -11.166164 0.289634 -63.559011 2.051705 280.139445 0.521152 30.447179 -6.785969
1 -8.625117 0.432492 -50.880636 1.182476 408.148959 0.381592 76.557985 -6.785969
1 -2.308890 0.432580 -4.312406 1.052461 406.661907 0.620127 71.325249 -6.831178
1 -11.553949 0.506961 -70.046701 0.418421 208.692979 0.699606 0.972312 -6.831178
1 -2.933373 0.430224 -8.542256 0.757013 410.924175 0.716630 78.948689 -6.831178
1 -1.934628 0.213569 44.232022 0.703578 353.669001 0.642728 83.374268 -6.831178
1 -1.702277 0.183470 -63.696552 4.223120 380.706326 0.484160 -1.841212 -6.831178
1 -4.517600 0.121232 -17.160953 1.051929 217.268833 0.669585 9.787027 -6.831178
1 -4.521436 0.569530 -36.294499 1.958014 441.904389 0.141856 85.402408 -6.831178
1 -4.121979 0.311301 -80.034913 1.041212 400.913604 0.731287 87.876484 -6.831178
1 -4.453773 0.503571 -7.320718 1.761596 434.355133 0.277856 -49.197422 -6.831178
1 -5.892837 0.553007 -48.619823 1.653946 478.436219 0.819617 -78.762413 -6.831178
1 -7.919968 0.568251 -83.546087 2.522924 481.114136 0.720972 -74.042949 -6.866123
1 -1.451046 0.495582 -69.958908 0.092599 175.008554 0.542196 -14.396147 -6.866123
1 -1.557286 0.507541 -10.215657 2.253780 467.512239 0.127241 -80.251994 -6.866123
1 -4.748981 0.130045 58.721593 0.678070 375.185236 0.738345 74.716030 -6.866123
1 -4.856130 0.212049 -72.977517 2.903605 358.643600 0.284882 21.012838 -6.866123
1 -2.384925 0.161206 -32.702194 1.239647 240.509932 0.575550 -2.007413 -6.866123
1 -3.231148 0.510849 -27.581478 2.677173 480.886664 0.081565 -74.899629 -6.866123
1 -2.891083 0.250355 -87.349482 0.966870 375.871141 0.835175 76.880273 -6.866123
1 -3.136713 0.511668 -12.614451 1.833295 441.055644 0.302218 -56.814814 -6.866123
1 -1.887346 0.411439 -73.240606 3.707343 402.671160 0.247264 -16.392048 -6.866123
1 -8.039807 0.651465 -50.031492 1.949176 488.433451 0.851249 -66.600903 -6.902720
1 -1.975864 0.521179 -66.551493 0.017714 168.022224 0.642197 -24.028293 -6.902720
1 -1.436484 0.341500 -20.445459 2.953553 498.285068 0.215027 -80.111893 -6.902720
1 -1.463886 0.066435 60.389478 1.025897 379.381924 0.735935 86.435953 -6.902720
1 -3.051760 0.173682 -79.315549 2.810466 348.861209 0.329558 10.923930 -6.902720
1 -2.235039 0.132226 -30.654970 1.354033 229.725209 0.654009 -0.947159 -6.902720
1 -3.832443 0.524301 -30.257843 2.651861 480.462807 0.082346 -74.941372 -6.902720
1 -9.612949 0.296835 -86.349598 0.702610 357.046124 0.747736 55.706261 -6.902720
1 -2.424344 0.399116 16.352310 1.366674 372.291034 0.001041 -51.272573 -6.902720
1 -1.988747 0.413180 -74.185300 3.712921 402.915189 0.248689 -16.858960 -6.902720
1 -6.861589 0.593618 -25.151462 1.240764 486.042559 0.862551 -69.653274 -6.986034
1 -1.482600 0.547653 -74.587689 0.334766 185.546943 0.552482 -20.953950 -6.986034
1 -1.898121 0.321843 -19.367298 2.870114 484.786059 0.185074 -72.860489 -6.986034
1 -7.413706 0.319805 32.572747 1.094086 435.659512 0.629992 -70.295527 -6.986034
1 -4.012183 0.166507 -80.306598 2.822037 348.639924 0.353999 12.253108 -6.986034
1 -4.404001 0.106705 -33.204025 0.861362 206.519214 0.699817 3.018932 -6.986034
1 -1.897070 0.403602 -2.968589 1.198202 394.675061 0.298288 85.594005 -6.986034
1 -3.177015 0.279854 -81.417145 0.889655 382.160597 0.730483 -89.375086 -6.986034
1 -2.487959 0.366640 -5.127837 1.243782 368.147455 0.124663 80.276948 -6.986034
1 -10.399021 0.709393 -84.160393 2.248597 309.789198 0.441361 37.435737 -6.986034
1 -4.043757 0.569092 -14.603792 1.198215 462.399723 0.641705 -72.781733 -7.142614
1 -4.636530 0.470214 -49.634649 0.753591 248.429322 0.455545 -10.228517 -7.142614
1 -2.044313 0.318660 -9.034332 2.938409 493.625134 0.169004 -71.319057 -7.142614
1 -2.949149 0.334655 24.784900 1.081432 422.236344 0.648797 -82.343069 -7.142614
1 -4.298053 0.185708 -78.106767 2.874918 347.000271 0.357304 17.133927 -7.142614
1 -2.920579 0.152929 -16.960894 0.892783 225.112280 0.589661 0.960405 -7.142614
1 -2.018883 0.435009 11.562146 1.144566 402.927961 0.339899 84.427804 -7.142614
1 -3.115128 0.250427 84.032957 1.061351 399.619982 0.764581 84.950564 -7.142614
1 -3.192151 0.435345 -12.098954 1.579722 391.410675 0.079448 56.939858 -7.142614
1 -9.895062 0.724757 -86.610443 2.288052 312.162120 0.461159 46.249541 -7.142614
1 -2.994753 0.510277 -6.708150 0.955080 454.072105 0.726013 -85.597784 -7.329255
1 -5.573332 0.492078 -66.098941 0.386666 212.014910 0.599065 -10.328962 -7.329255
1 -1.523580 0.279310 -12.139887 2.907189 474.946103 0.145212 -67.366303 -7.329255
1 -1.806546 0.273082 8.310000 0.929625 388.816736 0.594468 83.838879 -7.329255
1 -2.519677 0.740511 49.241855 0.719661 419.963300 0.968807 83.265993 -7.329255
1 -5.195157 0.133361 -39.659243 0.531707 233.949714 0.393934 6.729443 -7.329255
1 -2.919461 0.351177 15.184558 0.920558 384.737421 0.348189 -83.019193 -7.329255
1 -1.966459 0.310182 84.626605 1.532681 409.548753 0.667951 87.354866 -7.329255
1 -3.606152 0.438691 -16.136065 1.734969 401.387425 0.058734 52.067579 -7.329255
1 -2.462702 0.789810 -83.635218 4.475264 351.985662 0.430810 11.419344 -7.329255
1 -5.958939 0.552135 -10.174408 0.840552 486.446723 0.802517 -88.114308 -7.593434
1 -1.890695 0.541437 -85.054826 1.264358 213.637169 0.621980 -6.154605 -7.593434
1 -2.379810 0.208498 -20.844561 2.840232 451.131607 0.150965 -52.968368 -7.593434
1 -2.254785 0.268286 8.979128 0.945151 397.196659 0.589100 83.972158 -7.593434
1 -1.473593 0.763980 46.951984 0.646120 390.098835 0.958424 73.508796 -7.593434
1 -3.279786 0.083435 -60.116851 1.210882 242.116686 0.522508 7.546068 -7.593434
1 -1.878029 0.358697 15.876419 1.166566 389.814114 0.317699 86.631544 -7.593434
1 -2.216362 0.312276 83.806038 1.283824 401.208905 0.766661 -85.807153 -7.593434
1 -3.465436 0.489551 -14.822152 1.553190 387.002688 0.075884 44.415991 -7.593434
1 -4.618047 0.730975 -72.569008 6.140383 488.817588 0.160021 -7.180284 -7.593434
1 -2.180743 0.333045 17.103520 1.195724 391.797198 0.307791 87.943765 -7.941187
1 -7.761968 0.477628 -72.050971 0.683575 193.944565 0.757709 1.553988 -7.941187
1 -1.571877 0.197449 -17.904914 2.473156 427.847830 0.102864 -64.184150 -7.941187
1 -1.953748 0.475331 15.121807 1.352195 386.094870 0.083901 68.896413 -7.941187
1 -5.745847 0.442653 -31.089372 0.753157 440.992582 0.824311 81.148899 -7.941187
1 -5.545345 0.120410 -61.799870 1.373575 260.575220 0.504176 9.963951 -7.941187
1 -6.916997 0.700450 65.500174 0.580152 424.109721 0.912850 -89.568170 -7.941187
1 -3.733945 0.523995 -74.058881 1.341207 440.418872 1.081331 -79.156616 -7.941187
1 -1.706064 0.605146 49.359807 0.617898 362.166484 0.836675 75.499836 -7.941187
1 -3.571479 0.750480 -76.294845 5.978062 466.529404 0.176811 4.272519 -7.941187
1 -2.642437 0.379153 5.588955 1.202254 376.597822 0.217028 69.254492 -8.244196
1 -3.535498 0.648314 -89.085760 5.540537 472.374694 0.186345 32.570457 -8.244196
1 -1.557399 0.146243 -5.880894 2.861422 450.612726 0.069232 -70.578807 -8.244196
1 -1.649886 0.512376 15.474122 0.776517 442.533657 1.162635 77.097224 -8.244196
1 -2.740501 0.395090 -68.035081 1.257081 399.578783 0.714143 -83.737993 -8.244196
1 -2.820705 0.114852 -69.179361 1.441951 264.634903 0.451208 4.079480 -8.244196
1 -2.883260 0.688333 39.760961 0.561751 442.204031 1.073979 83.184443 -8.244196
1 -12.940450 0.482188 -85.048038 1.130208 484.623111 1.058818 -78.051959 -8.244196
1 -2.368474 0.661761 55.735032 0.474168 368.026748 0.888634 78.337332 -8.244196
1 -3.367101 0.675250 -79.859474 5.058223 434.281064 0.195226 18.857826 -8.244196
1 -1.915035 0.073762 25.201843 1.363432 384.426367 0.358643 -89.869782 -8.438548
1 -3.374901 0.652707 -87.826135 5.557401 473.967251 0.187928 38.041603 -8.438548
1 -2.617875 0.156862 -4.315773 2.605453 444.296009 0.127948 -64.024788 -8.438548
1 -2.883780 0.534391 11.712362 0.508326 451.303447 1.162976 81.150671 -8.438548
1 -2.515030 0.385988 -71.186894 1.455293 405.587243 0.671258 -89.863518 -8.438548
1 -2.379730 0.104636 -71.417823 1.499392 264.215032 0.470089 1.312855 -8.438548
1 -2.864961 0.577629 26.335590 0.505588 435.208154 0.954402 88.810938 -8.438548
1 -2.080812 0.570184 54.471298 0.717757 414.214869 1.168477 85.428435 -8.438548
1 -2.772773 0.667437 65.811554 0.585964 360.614704 0.811678 78.629424 -8.438548
1 -2.501264 0.698051 -81.185017 4.884425 429.031815 0.166193 10.519573 -8.438548
1 -2.295608 0.043485 15.887033 1.060373 350.483452 0.377297 81.178252 -8.760198
1 -4.271405 0.682775 -87.794534 5.694674 478.680889 0.217773 42.584874 -8.760198
1 -2.215661 0.127670 -18.517370 1.201585 451.246192 1.081063 79.539691 -8.760198
1 -1.836883 0.473091 12.952022 0.621255 436.738542 1.108223 88.654251 -8.760198
1 -3.013250 0.337304 -61.124869 1.138381 405.512161 0.758951 -86.358445 -8.760198
1 -2.319941 0.126238 -75.539402 1.067944 241.290131 0.462950 1.437558 -8.760198
1 -1.476711 0.604750 27.333328 0.771360 437.921446 1.006018 81.835934 -8.760198
1 -1.967021 0.501379 57.180620 0.487659 382.794334 1.169572 83.636710 -8.760198
1 -2.953388 0.663928 56.991163 0.672120 373.671392 0.890513 72.111208 -8.760198
1 -3.035799 0.661638 -83.122682 5.020989 452.883741 0.114746 20.968982 -8.760198
1 -1.732208 0.042258 -3.685482 1.418958 392.681646 0.440438 85.527269 -9.050071
1 -3.504375 0.694818 -87.396746 5.710350 478.349068 0.195953 42.645571 -9.050071
1 -1.693850 0.145786 2.471989 1.491021 462.983572 0.998076 77.755713 -9.050071
1 -3.034156 0.441485 8.709379 0.514757 445.480925 1.125472 -89.436968 -9.050071
1 -2.602351 0.317466 -73.400508 1.936430 447.239389 0.705672 -82.665629 -9.050071
1 -1.507015 0.090823 -75.352565 1.148373 246.074795 0.452449 -7.603294 -9.050071
1 -1.742844 0.590425 29.389129 0.638334 430.824573 1.024628 85.050248 -9.050071
1 -1.523539 0.469183 55.994250 0.596614 374.256676 1.197700 80.107949 -9.050071
1 -3.727726 0.659210 55.039865 0.491367 377.066496 0.927698 73.367525 -9.050071
1 -2.435026 0.577464 -81.432510 5.537305 459.110352 0.197314 8.996693 -9.050071
