#REFERENCE 3 25.7310620 44.6195140
   #ID       X         Y         R       EPS       TAU       AMP       E_AMP      DMAG  TIME[days]  DTIME    PARITY
   1.1     1.045     0.705     1.261     0.955     3.228    63.188   134.402      4.50      19.1       0.0    ++
   1.1     0.713     0.761     1.043     0.949     3.011    28.086    51.828      3.62      19.1       0.0    +-
   1.1    -1.903     1.137     2.217     0.000     0.000     8.441    42.495      2.32      14.7      -4.5    ++
   1.2    -1.867     1.210     2.225     0.984     5.453    53.930  2861.323      4.33      18.6      -0.5    ++
   1.2     0.778     0.829     1.137     0.000     0.000   163.458  1605.746      5.53      22.8       3.7    +-
   1.3    -1.908     1.137     2.221     0.968     3.831     8.101    29.795      2.27      14.6      -4.5    ++
   1.3     0.740     0.756     1.058     0.378     0.408    32.910    61.977      3.79      19.1       0.0    +-
   1.3     1.019     0.709     1.241     0.001     0.001   363.282  5936.285      6.40      19.1      -0.0    ++
