chi multiples
 N    ID    z   Narcs    chip    chix    chiy    chia   rmss     rmsi    dx      dy    nwarn
 0    1.2 4.500   1      0.01    0.00    0.00    0.00   0.029    0.05    0.05    0.01  0
 0    1.1 4.500   1      0.00    0.00    0.00    0.00   0.029    0.03   -0.03   -0.01  0
 0    1.2 4.500   2      0.01    0.00    0.00    0.00   0.029    0.04    N/A     N/A   0
 1    3.2 4.500   1      0.73    0.00    0.00    0.00   0.386    0.43    0.16    0.40  0
 1    3.1 4.500   1      0.72    0.00    0.00    0.00   0.386    0.42   -0.24   -0.35  0
 1    3.2 4.500   2      1.45    0.00    0.00    0.00   0.386    0.43    N/A     N/A   0
 2    2.2 4.500   1      0.67    0.00    0.00    0.00   0.181    0.41   -0.41    0.02  0
 2    2.1 4.500   1      0.42    0.00    0.00    0.00   0.181    0.32    0.31   -0.09  0
 2    2.2 4.500   2      1.09    0.00    0.00    0.00   0.181    0.37    N/A     N/A   0
chimul                   2.55    0.00    0.00    0.00   0.247    0.33    N/A     N/A   0
log(Likelihood)         -3.99

chitot           2.55
log(Likelihood)    -3.99
