#REFERENCE 3 328.4078120 17.6977430
2.1 0.019 -0.175 0.189 0.072 126.13 4.500 1.03 -1.316 -0.585 0.11 0.92
2.1 0.019 -0.175 0.189 0.072 126.13 4.500 1.03 1.040 0.759 -0.11 1.14
2.1 0.019 -0.175 0.189 0.072 126.13 4.500 1.03 0.907 -1.847 0.78 0.25
2.1 0.019 -0.175 0.189 0.072 126.13 4.500 1.03 0.007 0.017 -4.59 5.62
2.1 0.019 -0.175 0.189 0.072 126.13 4.500 1.03 -1.035 1.401 1.03 0.00
2.2 -0.337 -0.119 0.183 0.071 95.78 4.500 1.01 -1.611 1.242 0.88 0.14
2.2 -0.337 -0.119 0.183 0.071 95.78 4.500 1.01 -1.449 -0.964 0.48 0.53
2.2 -0.337 -0.119 0.183 0.071 95.78 4.500 1.01 0.070 0.035 -4.23 5.25
2.2 -0.337 -0.119 0.183 0.071 95.78 4.500 1.01 0.865 0.466 -0.54 1.55
2.2 -0.337 -0.119 0.183 0.071 95.78 4.500 1.01 0.153 -1.908 1.01 0.00
3.1 0.294 -0.339 0.155 0.095 51.33 4.500 0.66 -0.464 1.390 1.46 -0.80
3.1 0.294 -0.339 0.155 0.095 51.33 4.500 0.66 -0.032 0.019 -4.34 5.00
3.1 0.294 -0.339 0.155 0.095 51.33 4.500 0.66 1.308 -1.931 0.64 0.02
3.1 0.294 -0.339 0.155 0.095 51.33 4.500 0.66 -1.185 -0.272 0.19 0.47
3.1 0.294 -0.339 0.155 0.095 51.33 4.500 0.66 0.869 1.076 0.66 0.00
3.2 -0.298 0.157 0.189 0.132 43.65 4.500 0.50 0.043 0.001 -4.43 4.92
3.2 -0.298 0.157 0.189 0.132 43.65 4.500 0.50 0.340 -1.608 1.23 -0.73
3.2 -0.298 0.157 0.189 0.132 43.65 4.500 0.50 -1.395 1.691 0.72 -0.22
3.2 -0.298 0.157 0.189 0.132 43.65 4.500 0.50 1.081 0.403 -0.18 0.68
3.2 -0.298 0.157 0.189 0.132 43.65 4.500 0.50 -1.109 -1.051 0.50 -0.00
1.1 -0.210 -0.178 0.184 0.074 138.96 4.500 0.96 -1.462 -0.783 0.35 0.62
1.1 -0.210 -0.178 0.184 0.074 138.96 4.500 0.96 0.440 -1.939 0.88 0.09
1.1 -0.210 -0.178 0.184 0.074 138.96 4.500 0.96 0.048 0.032 -4.41 5.37
1.1 -0.210 -0.178 0.184 0.074 138.96 4.500 0.96 0.913 0.567 -0.43 1.39
1.1 -0.210 -0.178 0.184 0.074 138.96 4.500 0.96 -1.454 1.222 0.96 -0.00
1.2 -0.162 -0.209 0.185 0.083 106.13 4.500 0.84 -1.465 -0.711 0.34 0.50
1.2 -0.162 -0.209 0.185 0.083 106.13 4.500 0.84 -1.397 1.202 1.01 -0.17
1.2 -0.162 -0.209 0.185 0.083 106.13 4.500 0.84 0.041 0.032 -4.44 5.28
1.2 -0.162 -0.209 0.185 0.083 106.13 4.500 0.84 0.919 0.609 -0.38 1.22
1.2 -0.162 -0.209 0.185 0.083 106.13 4.500 0.84 0.535 -1.957 0.84 -0.00
