#REFERENCE 0 328.4078120 17.6977430
2.1 328.4081958 17.6975806 0.197991 0.076691 101.43640 4.5000 0.92 
2.1 328.4075087 17.6979538 0.158122 0.078351 126.18467 4.5000 1.14 
2.1 328.4075475 17.6972299 0.202636 0.138536 152.41380 4.5000 0.25 
2.1 328.4078100 17.6977477 0.015943 0.012497 2.85294 4.5000 5.62 
2.1 328.4081137 17.6981322 0.188001 0.187998 157.06869 4.5000 0.00 
2.2 328.4082819 17.6980880 0.335221 0.087257 70.10881 4.5000 0.14 
2.2 328.4082346 17.6974753 0.260599 0.077675 141.86712 4.5000 0.53 
2.2 328.4077916 17.6977527 0.027502 0.009595 49.25517 4.5000 5.25 
2.2 328.4075599 17.6978723 0.129891 0.060977 173.69380 4.5000 1.55 
2.2 328.4077673 17.6972130 0.182000 0.181995 106.77614 4.5000 0.00 
3.1 328.4079472 17.6981292 0.532319 0.106451 24.46460 4.5000 -0.80 
3.1 328.4078213 17.6977483 0.032154 0.008442 34.35160 4.5000 5.00 
3.1 328.4074307 17.6972067 0.281995 0.094888 40.25000 4.5000 0.02 
3.1 328.4081574 17.6976676 0.169725 0.104064 154.20183 4.5000 0.47 
3.1 328.4075585 17.6980419 0.165000 0.164997 55.47056 4.5000 0.00 
3.2 328.4077995 17.6977433 0.041029 0.010266 30.91956 4.5000 4.92 
3.2 328.4077130 17.6972962 0.544372 0.141689 17.95093 4.5000 -0.73 
3.2 328.4082188 17.6982127 0.373318 0.128870 40.29357 4.5000 -0.22 
3.2 328.4074969 17.6978551 0.203569 0.103064 9.79142 4.5000 0.68 
3.2 328.4081354 17.6974510 0.198001 0.197999 160.55406 4.5000 -0.00 
1.1 328.4082383 17.6975254 0.237300 0.079006 102.65645 4.5000 0.62 
1.1 328.4076838 17.6972045 0.300981 0.101755 169.66499 4.5000 0.09 
1.1 328.4077979 17.6977520 0.022787 0.010331 8.78575 4.5000 5.37 
1.1 328.4075458 17.6979005 0.126387 0.072563 78.86953 4.5000 1.39 
1.1 328.4082359 17.6980825 0.182002 0.182000 62.56537 4.5000 -0.00 
1.2 328.4082390 17.6975454 0.240659 0.086892 122.95098 4.5000 0.50 
1.2 328.4082192 17.6980768 0.327468 0.118682 69.38918 4.5000 -0.17 
1.2 328.4078000 17.6977520 0.022472 0.011430 50.49251 4.5000 5.28 
1.2 328.4075441 17.6979120 0.132475 0.081307 167.10073 4.5000 1.22 
1.2 328.4076561 17.6971995 0.182003 0.182000 2.38750 4.5000 -0.00 
