#REFERENCE 3 87.3333130 -62.0870760
   #ID       X         Y         R       EPS       TAU       AMP       E_AMP      DMAG  TIME[days]  DTIME    PARITY
   7.2    47.246    38.227    60.774     1.000    52.806    16.463   141.036      3.04  -74901.4       0.0    ++
   7.1    47.167    38.031    60.589     0.979     4.772    15.689   152.432      2.99  -74863.1      38.4    ++
   9.2    51.383    32.499    60.798     0.787     1.276     4.843     0.993      1.71  -73074.8       0.0    ++
   9.2    47.791    33.192    58.187     0.754     1.149     3.763     1.491      1.44  -73006.0      68.8    +-
   9.2    46.647    36.400    59.169     0.000     0.000     9.108     3.560      2.40  -73051.7      23.2    ++
   9.1    47.728    33.252    58.170     0.849     1.610     3.877     1.525      1.47  -73003.1      71.8    +-
   9.1    46.689    36.293    59.135     0.790     1.288     9.467     3.874      2.44  -73042.0      32.8    ++
   9.1    51.420    32.454    60.805     0.000     0.000     4.687     0.925      1.68  -73077.9      -3.1    ++
   6.4    52.342    32.461    61.590     0.379     0.409     3.999     0.648      1.50  -72895.3       0.0    ++
   6.4    47.280    36.418    59.679     0.376     0.406    23.854    49.129      3.44  -72747.0     148.3    ++
   6.4    48.865    34.287    59.694     0.143     0.145     0.561     0.808     -0.63  -72704.6     190.7    --
   6.4    49.219    35.930    60.938     0.000     0.000     4.969     1.719      1.74  -72730.5     164.9    +-
   6.3    52.269    32.534    61.567     0.594     0.739     4.159     0.703      1.55  -72876.1      19.2    ++
   6.3    48.882    34.271    59.699     0.549     0.657     0.536     0.800     -0.68  -72699.0     196.3    --
   6.3    47.695    33.704    58.402     0.513     0.598     3.429     1.330      1.34  -72719.5     175.8    +-
   6.3    49.357    35.939    61.055     0.418     0.459     4.613     1.617      1.66  -72728.1     167.2    +-
   6.3    47.166    36.609    59.706     0.000     0.000    20.670    30.494      3.29  -72751.7     143.6    ++
   6.2    52.121    32.430    61.386     0.745     1.118     4.158     0.705      1.55  -72774.0     121.3    ++
   6.2    47.015    36.456    59.493     0.582     0.717    17.011    41.374      3.08  -72660.2     235.2    ++
   6.2    48.907    34.286    59.727     0.567     0.689     0.526     0.792     -0.70  -72605.4     289.9    --
   6.2    49.382    35.787    60.985     0.545     0.650     3.964     1.486      1.50  -72629.7     265.6    +-
   6.2    47.614    33.646    58.302     0.000     0.000     3.631     1.321      1.40  -72631.5     263.8    +-
   6.1    47.756    33.397    58.275     0.735     1.083     3.142     1.187      1.24  -72625.1     270.2    +-
   6.1    46.815    36.869    59.590     0.695     0.967    13.401    20.155      2.82  -72675.8     219.5    ++
   6.1    49.627    35.784    61.182     0.320     0.338     3.733     1.411      1.43  -72625.9     269.4    +-
   6.1    48.935    34.255    59.733     0.237     0.244     0.499     0.783     -0.76  -72596.3     299.0    --
   6.1    51.964    32.591    61.339     0.000     0.000     4.579     0.862      1.65  -72737.6     157.8    ++
   5.2    49.473    38.849    62.903     0.974     4.321   139.304  4756.254      5.36  -72417.9       0.0    ++
   5.2    50.361    38.612    63.460     0.967     3.824    22.303    59.617      3.37  -72417.4       0.5    +-
   5.2    48.794    34.277    59.631     0.538     0.639     0.570     0.697     -0.61  -72378.2      39.7    --
   5.2    47.627    36.867    60.228     0.433     0.480   425.162  9202.344      6.57  -72417.7       0.2    ++
   5.2    49.057    36.399    61.086     0.319     0.336     9.702     3.925      2.47  -72411.6       6.3    +-
   5.2    52.844    32.508    62.042     0.000     0.000     3.971     0.656      1.50  -72613.8    -195.9    ++
   5.1    48.453    38.740    62.036     0.973     4.255   280.036  5164.861      6.12  -72349.7      68.2    ++
   5.1    48.129    38.484    61.623     0.964     3.602   358.327  2595.441      6.39  -72349.6      68.3    +-
   5.1    47.353    36.916    60.043     0.718     1.032    97.332  1112.432      4.97  -72354.8      63.1    ++
   5.1    52.687    32.497    61.902     0.686     0.943     4.072     0.687      1.52  -72522.8    -104.9    ++
   5.1    49.870    37.297    62.274     0.680     0.928    39.563   559.308      3.99  -72336.1      81.8    --
   5.1    49.245    36.250    61.149     0.580     0.712     6.757     2.503      2.07  -72340.4      77.4    +-
   5.1    48.836    34.273    59.663     0.412     0.452     0.509     0.677     -0.73  -72307.1     110.8    --
   4.2    49.480    38.861    62.916     0.974     4.315    61.990  1524.962      4.48  -72424.2       0.0    ++
   4.2    50.380    38.617    63.478     0.967     3.820    20.688    16.787      3.29  -72423.6       0.6    +-
   4.2    48.794    34.275    59.629     0.540     0.642     0.570     0.697     -0.61  -72383.2      41.0    --
   4.2    47.631    36.895    60.249     0.434     0.482  3284.370  136524.197      8.79  -72423.4       0.8    ++
   4.2    49.066    36.416    61.103     0.305     0.320     9.907     4.111      2.49  -72417.2       7.0    +-
   4.2    52.848    32.519    62.051     0.000     0.000     3.982     0.660      1.50  -72618.5    -194.3    ++
   4.1    52.723    32.425    61.896     0.777     1.236     3.954     0.647      1.49  -72525.4    -101.2    ++
   4.1    47.430    36.714    59.979     0.752     1.141    82.791   384.427      4.79  -72339.4      84.8    ++
   4.1    49.767    37.394    62.250     0.660     0.878   749.799  45269.490      7.19  -72323.4     100.8    --
   4.1    49.117    36.208    61.021     0.643     0.840     6.973     2.470      2.11  -72329.2      95.0    +-
   4.1    48.823    34.288    59.661     0.502     0.581     0.532     0.682     -0.68  -72299.5     124.7    --
   2.3    49.430    38.865    62.880     0.969     3.948    44.499   998.326      4.12  -72421.6       0.0    ++
   2.3    50.413    38.601    63.494     0.960     3.451    19.481    10.894      3.22  -72420.9       0.8    +-
   2.3    48.796    34.275    59.630     0.536     0.635     0.567     0.697     -0.62  -72380.6      41.0    --
   2.3    47.619    36.897    60.241     0.439     0.489   305.342  6464.116      6.21  -72421.1       0.6    ++
   2.3    49.075    36.410    61.107     0.301     0.316     9.741     4.014      2.47  -72414.6       7.0    +-
   2.3    52.842    32.518    62.046     0.000     0.000     3.985     0.661      1.50  -72615.2    -193.5    ++
   2.2    47.531    36.610    59.996     0.965     3.694   835.300  45585.820      7.30  -72346.0      75.6    ++
   2.2    48.377    38.298    61.702     0.945     2.895   279.469  1620.061      6.12  -72337.9      83.7    +-
   2.2    52.775    32.393    61.924     0.943     2.832     3.881     0.623      1.47  -72546.5    -124.9    ++
   2.2    49.009    36.213    60.937     0.940     2.766     7.748     2.722      2.22  -72339.1      82.5    +-
   2.2    48.808    34.297    59.653     0.902     2.091     0.561     0.689     -0.63  -72311.3     110.3    --
   2.2    49.621    37.451    62.167     0.840     1.546    56.301   735.931      4.38  -72333.0      88.7    --
   2.2    49.089    38.710    62.516     0.000     0.000    47.097   169.960      4.18  -72338.6      83.1    ++
   2.1    52.757    32.307    61.863     0.908     2.162     3.795     0.593      1.45  -72513.9     -92.3    ++
   2.1    47.526    36.410    59.870     0.884     1.892    89.583   756.600      4.88  -72303.9     117.8    ++
   2.1    48.934    36.108    60.814     0.813     1.397     7.448     2.572      2.18  -72297.8     123.8    +-
   2.1    48.934    36.108    60.814     0.813     1.397     7.448     2.572      2.18  -72297.8     123.8    +-
   2.1    48.807    34.315    59.663     0.742     1.107     0.575     0.689     -0.60  -72274.2     147.4    --
   8.2    49.210    39.037    62.814     0.969     3.889    19.762     9.598      3.24  -72212.6       0.0    ++
   8.2    50.710    38.614    63.739     0.954     3.193    11.987     6.276      2.70  -72210.0       2.6    +-
   8.2    48.807    34.272    59.638     0.680     0.926     0.516     0.639     -0.72  -72162.0      50.6    --
   8.2    47.509    37.170    60.322     0.490     0.562   215.588  1562.424      5.83  -72208.7       3.9    ++
   8.2    52.891    32.504    62.081     0.265     0.275     4.057     0.691      1.52  -72397.5    -184.9    ++
   8.2    49.207    36.489    61.260     0.172     0.174    11.096    16.862      2.61  -72198.5      14.1    +-
   8.2    47.836    38.007    61.096     0.000     0.000   221.952  1644.295      5.87  -72207.6       5.0    +-
   8.1    47.414    36.567    59.876     0.975     4.415    85.774   390.028      4.83  -72087.5     125.1    ++
   8.1    49.020    36.152    60.909     0.953     3.145     6.991     2.518      2.11  -72078.7     133.9    +-
   8.1    49.020    36.152    60.909     0.953     3.145     6.992     2.518      2.11  -72078.7     133.9    +-
   8.1    52.809    32.279    61.893     0.938     2.707     3.842     0.613      1.46  -72295.5     -82.9    ++
   8.1    48.817    34.313    59.669     0.934     2.616     0.528     0.633     -0.69  -72053.6     159.0    --
   8.1    49.657    37.441    62.190     0.877     1.824    38.725   707.542      3.97  -72071.8     140.8    --
   8.1    48.878    38.738    62.367     0.000     0.000    70.985   623.907      4.63  -72078.6     134.0    ++
   1.6    46.678    38.653    60.605     0.881     1.858    19.957   120.204      3.25  -72041.5       0.0    ++
   1.6    48.004    33.086    58.301     0.718     1.033     2.597     0.939      1.04  -71920.9     120.6    +-
   1.6    48.965    34.208    59.731     0.252     0.260     0.394     0.598     -1.01  -71891.4     150.1    --
   1.6    50.133    35.973    61.704     0.098     0.099     4.828     2.324      1.71  -71934.7     106.8    +-
   1.6    52.043    32.852    61.544     0.000     0.000     5.713     1.395      1.89  -72010.0      31.5    ++
   1.5    47.991    39.119    61.914     0.897     2.033   257.929  4184.137      6.03  -72162.4    -120.9    ++
   1.5    50.077    36.911    62.210     0.863     1.707    74.050   409.031      4.67  -72119.5     -78.0    --
   1.5    49.729    36.417    61.637     0.826     1.464    13.745   136.985      2.85  -72120.1     -78.6    +-
   1.5    52.604    32.695    61.937     0.573     0.699     4.596     0.888      1.66  -72260.4    -218.9    ++
   1.5    48.879    34.234    59.675     0.397     0.433     0.429     0.612     -0.92  -72074.8     -33.3    --
   1.5    47.787    33.562    58.395     0.000     0.000     2.703     1.064      1.08  -72093.8     -52.3    +-
   1.4    48.385    38.938    62.107     0.972     4.170   190.486  1471.853      5.70  -72114.5     -73.0    ++
   1.4    49.883    37.170    62.208     0.841     1.555   175.171  6962.239      5.61  -72093.8     -52.3    --
   1.4    48.848    34.271    59.671     0.768     1.199     0.465     0.619     -0.83  -72061.4     -19.9    --
   1.4    52.728    32.472    61.925     0.667     0.896     4.148     0.720      1.54  -72277.4    -235.9    ++
   1.4    49.350    36.295    61.260     0.496     0.571     6.817     2.882      2.08  -72096.5     -55.0    +-
   1.4    47.235    37.168    60.105     0.000     0.000   178.663  3954.346      5.63  -72116.5     -75.0    ++
   1.3    46.863    37.312    59.903     0.817     1.418    30.589   160.365      3.71  -72016.9      24.6    ++
   1.3    47.650    33.525    58.261     0.772     1.215     2.973     1.034      1.18  -71965.9      75.6    +-
   1.3    49.581    36.068    61.312     0.442     0.493     4.636     1.865      1.67  -71973.9      67.6    +-
   1.3    48.904    34.263    59.712     0.441     0.491     0.420     0.603     -0.94  -71939.8     101.7    --
   1.3    52.430    32.476    61.673     0.214     0.219     4.416     0.817      1.61  -72120.2     -78.7    ++
   1.2    47.074    36.850    59.782     0.478     0.544    47.911   263.827      4.20  -72015.0      26.5    ++
   1.2    48.870    34.291    59.700     0.326     0.345     0.454     0.612     -0.86  -71962.4      79.1    --
   1.2    52.596    32.335    61.741     0.304     0.319     4.072     0.690      1.52  -72172.5    -131.0    ++
   1.2    49.317    36.071    61.101     0.000     0.000     5.075     1.896      1.76  -71990.9      50.6    +-
   1.2    49.317    36.071    61.101     0.000     0.000     5.075     1.896      1.76  -71990.9      50.6    +-
   1.1    47.461    36.090    59.624     0.703     0.988   154.987  5968.330      5.48  -71989.9      51.6    ++
   1.1    52.815    32.089    61.799     0.646     0.846     3.646     0.547      1.40  -72226.7    -185.2    ++
   1.1    48.822    35.940    60.624     0.446     0.498     7.229     2.722      2.15  -71984.2      57.3    +-
   1.1    48.822    35.940    60.624     0.446     0.498     7.230     2.722      2.15  -71984.2      57.3    +-
   1.1    48.802    34.360    59.685     0.335     0.356     0.595     0.635     -0.56  -71967.9      73.6    --
   3.2    52.334    31.669    61.170     0.997    12.616     3.612     0.533      1.39  -71644.1       0.0    ++
   3.1    52.333    31.671    61.170     0.995     9.823     3.614     0.534      1.40  -71644.2      -0.1    ++
