#REFERENCE 0 87.3333130 -62.0870760
9.2 87.3056428 -62.0769621 0.072000 0.072000 122.65473 2.5024 -0.00 
9.1 87.3050008 -62.0778363 0.108607 0.030985 134.46611 2.5024 0.44 
9.1 87.3056182 -62.0769920 0.150224 0.051464 103.97028 2.5024 -0.46 
9.1 87.3028107 -62.0780577 0.071000 0.070999 99.40267 2.5024 0.00 
6.4 87.3022639 -62.0780556 0.071458 0.047971 41.12101 3.2722 0.29 
6.4 87.3052677 -62.0769571 0.120216 0.080918 91.06462 3.2722 -0.84 
6.4 87.3043265 -62.0775488 0.012631 0.010935 4.83192 3.2722 3.78 
6.4 87.3041170 -62.0770924 0.067000 0.066999 75.25687 3.2722 0.00 
6.3 87.3023068 -62.0780352 0.060628 0.030583 21.35900 3.2722 1.02 
6.3 87.3043163 -62.0775532 0.010681 0.005762 5.72349 3.2722 4.72 
6.3 87.3050206 -62.0777109 0.047010 0.026662 84.35058 3.2722 1.45 
6.3 87.3040355 -62.0770900 0.057768 0.037030 128.66127 3.2722 0.87 
6.3 87.3053349 -62.0769041 0.069000 0.068998 86.38837 3.2722 0.00 
6.2 87.3023949 -62.0780642 0.149591 0.057140 38.85178 3.2722 -0.34 
6.2 87.3054248 -62.0769465 0.196014 0.100689 67.48532 3.2722 -1.25 
6.2 87.3043020 -62.0775492 0.022592 0.011868 38.32776 3.2722 3.42 
6.2 87.3040206 -62.0771322 0.121512 0.065924 89.91134 3.2722 -0.27 
6.2 87.3050686 -62.0777271 0.079000 0.078999 50.45852 3.2722 0.00 
6.1 87.3049841 -62.0777962 0.082899 0.032415 126.15859 3.2722 0.62 
6.1 87.3055436 -62.0768318 0.148528 0.062965 103.26892 3.2722 -0.73 
6.1 87.3038752 -62.0771329 0.072957 0.052336 3.57522 3.2722 0.24 
6.1 87.3042851 -62.0775577 0.011773 0.009251 131.01058 3.2722 4.10 
6.1 87.3024878 -62.0780196 0.069001 0.069000 58.99578 3.2722 -0.00 
5.2 87.3039672 -62.0762816 0.592039 0.067619 172.06471 4.5000 -2.58 
5.2 87.3034403 -62.0763472 0.498123 0.064059 158.60751 4.5000 -2.33 
5.2 87.3043686 -62.0775515 0.019680 0.010781 159.73756 4.5000 3.11 
5.2 87.3050619 -62.0768323 0.178152 0.112055 114.34550 4.5000 -1.82 
5.2 87.3042135 -62.0769621 0.130245 0.093631 5.57844 4.5000 -1.29 
5.2 87.3019659 -62.0780425 0.061000 0.060999 165.43831 4.5000 0.00 
5.1 87.3045723 -62.0763118 0.328218 0.038050 31.03327 4.5000 -1.46 
5.1 87.3047642 -62.0763830 0.292473 0.039842 45.09903 4.5000 -1.39 
5.1 87.3052240 -62.0768186 0.094693 0.038348 74.76249 4.5000 -0.12 
5.1 87.3020592 -62.0780456 0.046214 0.019940 53.20353 4.5000 1.37 
5.1 87.3037316 -62.0767124 0.078676 0.034323 33.95307 4.5000 0.20 
5.1 87.3041015 -62.0770036 0.059630 0.030733 72.92923 4.5000 0.62 
5.1 87.3043439 -62.0775526 0.007696 0.004968 42.13758 4.5000 4.82 
4.2 87.3039632 -62.0762783 0.581975 0.066549 171.88513 4.5000 -2.54 
4.2 87.3034294 -62.0763457 0.490485 0.063136 158.34263 4.5000 -2.30 
4.2 87.3043688 -62.0775521 0.019658 0.010743 160.33316 4.5000 3.11 
4.2 87.3050594 -62.0768246 0.180087 0.113108 113.12358 4.5000 -1.85 
4.2 87.3042077 -62.0769574 0.130830 0.095495 6.39550 4.5000 -1.32 
4.2 87.3019637 -62.0780395 0.061000 0.061000 168.27306 4.5000 0.00 
4.1 87.3020373 -62.0780656 0.047199 0.016705 55.18630 4.5000 1.72 
4.1 87.3051786 -62.0768747 0.091951 0.034581 72.75578 4.5000 0.21 
4.1 87.3037923 -62.0766855 0.076958 0.034830 36.68476 4.5000 0.39 
4.1 87.3041774 -62.0770153 0.059945 0.027940 76.01406 4.5000 0.90 
4.1 87.3043514 -62.0775484 0.008167 0.004701 49.98240 4.5000 5.00 
2.3 87.3039926 -62.0762770 0.538635 0.067163 172.69631 4.5000 -2.47 
2.3 87.3034096 -62.0763504 0.446163 0.063343 157.75609 4.5000 -2.20 
2.3 87.3043678 -62.0775521 0.019468 0.010702 160.15420 4.5000 3.13 
2.3 87.3050662 -62.0768240 0.179317 0.111920 112.45885 4.5000 -1.83 
2.3 87.3042027 -62.0769591 0.129065 0.094562 6.81929 4.5000 -1.29 
2.3 87.3019671 -62.0780396 0.061000 0.061000 73.69005 4.5000 -0.00 
2.2 87.3051185 -62.0769036 0.142004 0.018882 93.54482 4.5000 1.20 
2.2 87.3046169 -62.0764347 0.178804 0.030015 17.05534 4.5000 0.45 
2.2 87.3020065 -62.0780743 0.059449 0.010189 83.52458 4.5000 2.82 
2.2 87.3042416 -62.0770137 0.092560 0.016217 46.55448 4.5000 1.83 
2.2 87.3043607 -62.0775460 0.012314 0.002793 99.66425 4.5000 5.93 
2.2 87.3038791 -62.0766699 0.090000 0.026572 101.87899 4.5000 1.32 
2.2 87.3041949 -62.0763202 0.090006 0.089994 145.38243 4.5000 -0.00 
2.1 87.3020174 -62.0780983 0.050325 0.011075 60.42044 4.5000 2.68 
2.1 87.3051213 -62.0769592 0.099119 0.024584 72.70616 4.5000 1.08 
2.1 87.3042862 -62.0770428 0.064236 0.020617 77.47748 4.5000 1.74 
2.1 87.3042862 -62.0770428 0.064237 0.020618 77.47789 4.5000 1.74 
2.1 87.3043610 -62.0775409 0.009507 0.003659 65.49719 4.5000 5.69 
8.2 87.3041230 -62.0762293 0.238454 0.030164 175.53082 5.3316 0.00 
8.2 87.3032332 -62.0763466 0.183442 0.028050 151.98823 5.3316 0.37 
8.2 87.3043609 -62.0775531 0.011396 0.004977 162.65534 5.3316 5.26 
8.2 87.3051317 -62.0767481 0.113776 0.066542 103.30689 5.3316 -0.05 
8.2 87.3019378 -62.0780435 0.039157 0.029846 168.11766 5.3316 1.98 
8.2 87.3041241 -62.0769370 0.070041 0.058879 2.94182 5.3316 0.61 
8.2 87.3049382 -62.0765157 0.085000 0.084993 140.50522 5.3316 0.00 
8.1 87.3051882 -62.0769157 0.143559 0.016054 97.17462 5.3316 1.34 
8.1 87.3042354 -62.0770306 0.087318 0.013547 42.61483 5.3316 2.06 
8.1 87.3042354 -62.0770306 0.087321 0.013547 42.61482 5.3316 2.06 
8.1 87.3019864 -62.0781060 0.055012 0.009835 90.48725 5.3316 2.91 
8.1 87.3043554 -62.0775417 0.012745 0.002353 107.88404 5.3316 6.05 
8.1 87.3038579 -62.0766725 0.084948 0.021763 110.62556 5.3316 1.58 
8.1 87.3043203 -62.0763123 0.089048 0.089007 37.00938 5.3316 -0.00 
1.6 87.3056250 -62.0763362 0.336787 0.084885 64.19831 5.4200 -1.65 
1.6 87.3048372 -62.0778826 0.078058 0.031595 139.14830 5.4200 1.01 
1.6 87.3042672 -62.0775709 0.010835 0.008375 148.52119 5.4200 4.59 
1.6 87.3035747 -62.0770803 0.081512 0.073874 24.49740 5.4200 0.04 
1.6 87.3024412 -62.0779470 0.078999 0.078996 173.61434 5.4200 0.00 
1.5 87.3048465 -62.0762068 0.474573 0.110398 30.53930 5.4200 -2.26 
1.5 87.3036084 -62.0768198 0.372673 0.101120 43.46901 5.4200 -1.90 
1.5 87.3038146 -62.0769571 0.327913 0.101297 62.06043 5.4200 -1.76 
1.5 87.3021084 -62.0779904 0.160414 0.083599 50.98361 5.4200 -0.78 
1.5 87.3043183 -62.0775634 0.022515 0.014790 35.48728 5.4200 3.24 
1.5 87.3049658 -62.0777504 0.081000 0.080999 114.46616 5.4200 0.00 
1.4 87.3046126 -62.0762570 0.286174 0.033831 18.08509 5.4200 -0.48 
1.4 87.3037237 -62.0767479 0.109416 0.032143 10.59553 5.4200 0.62 
1.4 87.3043370 -62.0775532 0.011902 0.004310 176.36041 5.4200 5.21 
1.4 87.3020344 -62.0780524 0.056299 0.025156 10.60322 5.4200 1.61 
1.4 87.3040395 -62.0769908 0.069649 0.040426 123.63167 5.4200 0.86 
1.4 87.3052940 -62.0767488 0.079005 0.079003 2.74893 5.4200 -0.00 
1.3 87.3055147 -62.0767087 0.232908 0.073885 96.28383 5.4200 -0.18 
1.3 87.3050474 -62.0777607 0.094526 0.033907 120.16026 5.4200 1.65 
1.3 87.3039026 -62.0770539 0.101203 0.062965 19.35897 5.4200 0.90 
1.3 87.3043037 -62.0775555 0.014740 0.009180 131.63031 5.4200 5.09 
1.3 87.3022115 -62.0780513 0.082976 0.066771 116.77768 5.4200 1.06 
1.2 87.3053899 -62.0768370 0.177522 0.105478 97.50752 5.4200 -0.93 
1.2 87.3043237 -62.0775477 0.016765 0.011949 164.96543 5.4200 3.99 
1.2 87.3021129 -62.0780905 0.088731 0.064841 22.99069 5.4200 0.35 
1.2 87.3040591 -62.0770531 0.089004 0.089002 169.44844 5.4200 -0.00 
1.2 87.3040591 -62.0770531 0.089001 0.088999 167.31359 5.4200 -0.00 
1.1 87.3051602 -62.0770482 0.107846 0.045060 78.57376 5.4200 0.65 
1.1 87.3019827 -62.0781589 0.046939 0.021766 59.46347 5.4200 2.34 
1.1 87.3043527 -62.0770897 0.061445 0.038043 76.61110 5.4200 1.44 
1.1 87.3043528 -62.0770897 0.061446 0.038044 76.61183 5.4200 1.44 
1.1 87.3043638 -62.0775286 0.010667 0.007524 90.45033 5.4200 5.10 
3.2 87.3022682 -62.0782755 0.102988 0.004075 19.63950 6.4657 2.79 
3.1 87.3022688 -62.0782750 0.101188 0.005137 17.15908 6.4657 2.70 
