#REFERENCE 3 87.3333130 -62.0870760
7.2 33.189 21.040 0.045 0.001 30.86 1.682 5.58 47.246 38.227 2.86 2.72
7.1 33.181 21.010 0.043 0.012 40.46 1.682 3.12 47.167 38.031 2.61 0.52
9.2 31.744 19.116 0.042 0.021 0.44 2.502 1.93 51.383 32.499 1.52 0.41
9.2 31.744 19.116 0.042 0.021 0.44 2.502 1.93 47.791 33.192 1.02 0.91
9.2 31.744 19.116 0.042 0.021 0.44 2.502 1.93 46.647 36.400 1.93 -0.00
9.1 31.768 19.086 0.048 0.027 126.06 2.502 1.49 47.728 33.252 1.06 0.44
9.1 31.768 19.086 0.048 0.027 126.06 2.502 1.49 46.689 36.293 1.96 -0.46
9.1 31.768 19.086 0.048 0.027 126.06 2.502 1.49 51.420 32.454 1.49 0.00
6.4 31.469 18.436 0.034 0.030 159.18 3.272 1.63 52.342 32.461 1.34 0.29
6.4 31.469 18.436 0.034 0.030 159.18 3.272 1.63 47.280 36.418 2.47 -0.84
6.4 31.469 18.436 0.034 0.030 159.18 3.272 1.63 48.865 34.287 -2.15 3.78
6.4 31.469 18.436 0.034 0.030 159.18 3.272 1.63 49.219 35.930 1.63 0.00
6.3 31.418 18.485 0.030 0.017 176.17 3.272 2.40 52.269 32.534 1.38 1.02
6.3 31.418 18.485 0.030 0.017 176.17 3.272 2.40 48.882 34.271 -2.32 4.72
6.3 31.418 18.485 0.030 0.017 176.17 3.272 2.40 47.695 33.704 0.95 1.45
6.3 31.418 18.485 0.030 0.017 176.17 3.272 2.40 49.357 35.939 1.53 0.87
6.3 31.418 18.485 0.030 0.017 176.17 3.272 2.40 47.166 36.609 2.40 0.00
6.2 31.350 18.449 0.062 0.038 31.69 3.272 1.04 52.121 32.430 1.38 -0.34
6.2 31.350 18.449 0.062 0.038 31.69 3.272 1.04 47.015 36.456 2.29 -1.25
6.2 31.350 18.449 0.062 0.038 31.69 3.272 1.04 48.907 34.286 -2.38 3.42
6.2 31.350 18.449 0.062 0.038 31.69 3.272 1.04 49.382 35.787 1.31 -0.27
6.2 31.350 18.449 0.062 0.038 31.69 3.272 1.04 47.614 33.646 1.04 0.00
6.1 31.244 18.556 0.046 0.027 135.83 3.272 1.47 47.756 33.397 0.85 0.62
6.1 31.244 18.556 0.046 0.027 135.83 3.272 1.47 46.815 36.869 2.20 -0.73
6.1 31.244 18.556 0.046 0.027 135.83 3.272 1.47 49.627 35.784 1.23 0.24
6.1 31.244 18.556 0.046 0.027 135.83 3.272 1.47 48.935 34.255 -2.63 4.10
6.1 31.244 18.556 0.046 0.027 135.83 3.272 1.47 51.964 32.591 1.47 -0.00
5.2 31.046 17.920 0.043 0.026 143.32 4.500 1.32 49.473 38.849 3.90 -2.58
5.2 31.046 17.920 0.043 0.026 143.32 4.500 1.32 50.361 38.612 3.65 -2.33
5.2 31.046 17.920 0.043 0.026 143.32 4.500 1.32 48.794 34.277 -1.79 3.11
5.2 31.046 17.920 0.043 0.026 143.32 4.500 1.32 47.627 36.867 3.14 -1.82
5.2 31.046 17.920 0.043 0.026 143.32 4.500 1.32 49.057 36.399 2.61 -1.29
5.2 31.046 17.920 0.043 0.026 143.32 4.500 1.32 52.844 32.508 1.32 0.00
5.1 30.954 17.935 0.019 0.014 55.82 4.500 2.71 48.453 38.740 4.18 -1.46
5.1 30.954 17.935 0.019 0.014 55.82 4.500 2.71 48.129 38.484 4.10 -1.39
5.1 30.954 17.935 0.019 0.014 55.82 4.500 2.71 47.353 36.916 2.84 -0.12
5.1 30.954 17.935 0.019 0.014 55.82 4.500 2.71 52.687 32.497 1.35 1.37
5.1 30.954 17.935 0.019 0.014 55.82 4.500 2.71 49.870 37.297 2.51 0.20
5.1 30.954 17.935 0.019 0.014 55.82 4.500 2.71 49.245 36.250 2.09 0.62
5.1 30.954 17.935 0.019 0.014 55.82 4.500 2.71 48.836 34.273 -2.11 4.82
4.2 31.047 17.925 0.042 0.026 143.52 4.500 1.32 49.480 38.861 3.87 -2.54
4.2 31.047 17.925 0.042 0.026 143.52 4.500 1.32 50.380 38.617 3.62 -2.30
4.2 31.047 17.925 0.042 0.026 143.52 4.500 1.32 48.794 34.275 -1.79 3.11
4.2 31.047 17.925 0.042 0.026 143.52 4.500 1.32 47.631 36.895 3.17 -1.85
4.2 31.047 17.925 0.042 0.026 143.52 4.500 1.32 49.066 36.416 2.64 -1.32
4.2 31.047 17.925 0.042 0.026 143.52 4.500 1.32 52.848 32.519 1.32 0.00
4.1 30.985 17.892 0.020 0.012 59.99 4.500 3.04 52.723 32.425 1.32 1.72
4.1 30.985 17.892 0.020 0.012 59.99 4.500 3.04 47.430 36.714 2.83 0.21
4.1 30.985 17.892 0.020 0.012 59.99 4.500 3.04 49.767 37.394 2.65 0.39
4.1 30.985 17.892 0.020 0.012 59.99 4.500 3.04 49.117 36.208 2.14 0.90
4.1 30.985 17.892 0.020 0.012 59.99 4.500 3.04 48.823 34.288 -1.96 5.00
2.3 31.043 17.926 0.042 0.026 143.46 4.500 1.32 49.430 38.865 3.79 -2.47
2.3 31.043 17.926 0.042 0.026 143.46 4.500 1.32 50.413 38.601 3.53 -2.20
2.3 31.043 17.926 0.042 0.026 143.46 4.500 1.32 48.796 34.275 -1.81 3.13
2.3 31.043 17.926 0.042 0.026 143.46 4.500 1.32 47.619 36.897 3.15 -1.83
2.3 31.043 17.926 0.042 0.026 143.46 4.500 1.32 49.075 36.410 2.61 -1.29
2.3 31.043 17.926 0.042 0.026 143.46 4.500 1.32 52.842 32.518 1.32 -0.00
2.2 31.020 17.868 0.031 0.006 97.87 4.500 4.12 47.531 36.610 2.92 1.20
2.2 31.020 17.868 0.031 0.006 97.87 4.500 4.12 48.377 38.298 3.67 0.45
2.2 31.020 17.868 0.031 0.006 97.87 4.500 4.12 52.775 32.393 1.30 2.82
2.2 31.020 17.868 0.031 0.006 97.87 4.500 4.12 49.009 36.213 2.29 1.83
2.2 31.020 17.868 0.031 0.006 97.87 4.500 4.12 48.808 34.297 -1.81 5.93
2.2 31.020 17.868 0.031 0.006 97.87 4.500 4.12 49.621 37.451 2.79 1.32
2.2 31.020 17.868 0.031 0.006 97.87 4.500 4.12 49.089 38.710 4.12 -0.00
2.1 31.021 17.824 0.023 0.008 68.09 4.500 3.96 52.757 32.307 1.28 2.68
2.1 31.021 17.824 0.023 0.008 68.09 4.500 3.96 47.526 36.410 2.88 1.08
2.1 31.021 17.824 0.023 0.008 68.09 4.500 3.96 48.934 36.108 2.22 1.74
2.1 31.021 17.824 0.023 0.008 68.09 4.500 3.96 48.934 36.108 2.22 1.74
2.1 31.021 17.824 0.023 0.008 68.09 4.500 3.96 48.807 34.315 -1.73 5.69
8.2 30.774 17.711 0.026 0.013 151.41 5.332 3.32 49.210 39.037 3.31 0.00
8.2 30.774 17.711 0.026 0.013 151.41 5.332 3.32 50.710 38.614 2.95 0.37
8.2 30.774 17.711 0.026 0.013 151.41 5.332 3.32 48.807 34.272 -1.95 5.26
8.2 30.774 17.711 0.026 0.013 151.41 5.332 3.32 47.509 37.170 3.37 -0.05
8.2 30.774 17.711 0.026 0.013 151.41 5.332 3.32 52.891 32.504 1.34 1.98
8.2 30.774 17.711 0.026 0.013 151.41 5.332 3.32 49.207 36.489 2.71 0.61
8.2 30.774 17.711 0.026 0.013 151.41 5.332 3.32 47.836 38.007 3.32 0.00
8.1 30.755 17.602 0.031 0.005 104.84 5.332 4.20 47.414 36.567 2.86 1.34
8.1 30.755 17.602 0.031 0.005 104.84 5.332 4.20 49.020 36.152 2.14 2.06
8.1 30.755 17.602 0.031 0.005 104.84 5.332 4.20 49.020 36.152 2.14 2.06
8.1 30.755 17.602 0.031 0.005 104.84 5.332 4.20 52.809 32.279 1.29 2.91
8.1 30.755 17.602 0.031 0.005 104.84 5.332 4.20 48.817 34.313 -1.85 6.05
8.1 30.755 17.602 0.031 0.005 104.84 5.332 4.20 49.657 37.441 2.62 1.58
8.1 30.755 17.602 0.031 0.005 104.84 5.332 4.20 48.878 38.738 4.20 -0.00
1.6 30.225 17.976 0.050 0.027 142.16 5.420 1.67 46.678 38.653 3.32 -1.65
1.6 30.225 17.976 0.050 0.027 142.16 5.420 1.67 48.004 33.086 0.66 1.01
1.6 30.225 17.976 0.050 0.027 142.16 5.420 1.67 48.965 34.208 -2.92 4.59
1.6 30.225 17.976 0.050 0.027 142.16 5.420 1.67 50.133 35.973 1.63 0.04
1.6 30.225 17.976 0.050 0.027 142.16 5.420 1.67 52.043 32.852 1.67 0.00
1.5 30.553 17.827 0.063 0.055 35.69 5.420 0.68 47.991 39.119 2.94 -2.26
1.5 30.553 17.827 0.063 0.055 35.69 5.420 0.68 50.077 36.911 2.58 -1.90
1.5 30.553 17.827 0.063 0.055 35.69 5.420 0.68 49.729 36.417 2.44 -1.76
1.5 30.553 17.827 0.063 0.055 35.69 5.420 0.68 52.604 32.695 1.46 -0.78
1.5 30.553 17.827 0.063 0.055 35.69 5.420 0.68 48.879 34.234 -2.55 3.24
1.5 30.553 17.827 0.063 0.055 35.69 5.420 0.68 47.787 33.562 0.68 0.00
1.4 30.655 17.698 0.032 0.013 170.27 5.420 2.97 48.385 38.938 3.45 -0.48
1.4 30.655 17.698 0.032 0.013 170.27 5.420 2.97 49.883 37.170 2.35 0.62
1.4 30.655 17.698 0.032 0.013 170.27 5.420 2.97 48.848 34.271 -2.24 5.21
1.4 30.655 17.698 0.032 0.013 170.27 5.420 2.97 52.728 32.472 1.36 1.61
1.4 30.655 17.698 0.032 0.013 170.27 5.420 2.97 49.350 36.295 2.11 0.86
1.4 30.655 17.698 0.032 0.013 170.27 5.420 2.97 47.235 37.168 2.97 -0.00
1.3 30.485 17.740 0.055 0.027 132.94 5.420 2.48 46.863 37.312 2.65 -0.18
1.3 30.485 17.740 0.055 0.027 132.94 5.420 2.48 47.650 33.525 0.83 1.65
1.3 30.485 17.740 0.055 0.027 132.94 5.420 2.48 49.581 36.068 1.58 0.90
1.3 30.485 17.740 0.055 0.027 132.94 5.420 2.48 48.904 34.263 -2.61 5.09
1.3 30.485 17.740 0.055 0.027 132.94 5.420 2.48 52.430 32.476 1.42 1.06
1.2 30.597 17.643 0.050 0.034 157.08 5.420 1.69 47.074 36.850 2.63 -0.93
1.2 30.597 17.643 0.050 0.034 157.08 5.420 1.69 48.870 34.291 -2.30 3.99
1.2 30.597 17.643 0.050 0.034 157.08 5.420 1.69 52.596 32.335 1.35 0.35
1.2 30.597 17.643 0.050 0.034 157.08 5.420 1.69 49.317 36.071 1.69 -0.00
1.2 30.597 17.643 0.050 0.034 157.08 5.420 1.69 49.317 36.071 1.69 -0.00
1.1 30.757 17.477 0.022 0.015 76.00 5.420 3.58 47.461 36.090 2.93 0.65
1.1 30.757 17.477 0.022 0.015 76.00 5.420 3.58 52.815 32.089 1.24 2.34
1.1 30.757 17.477 0.022 0.015 76.00 5.420 3.58 48.822 35.940 2.14 1.44
1.1 30.757 17.477 0.022 0.015 76.00 5.420 3.58 48.822 35.940 2.14 1.44
1.1 30.757 17.477 0.022 0.015 76.00 5.420 3.58 48.802 34.360 -1.52 5.10
3.2 30.280 17.114 0.048 0.003 11.28 6.466 4.03 52.334 31.669 1.24 2.79
3.1 30.279 17.116 0.048 0.003 7.68 6.466 3.94 52.333 31.671 1.24 2.70
