#REFERENCE 3 87.3333130 -62.0870760
1.1 30.7567450 17.4765190 0.022234 0.014660 75.99670 5.4200 3.58 
1.2 30.5972231 17.6427690 0.049564 0.033604 157.07575 5.4200 1.69 
1.3 30.4847416 17.7400615 0.054795 0.027236 132.94392 5.4200 2.48 
1.4 30.6551772 17.6977200 0.031851 0.012694 170.27264 5.4200 2.97 
1.5 30.5532671 17.8266784 0.063094 0.055451 35.68991 5.4200 0.68 
1.6 30.2249519 17.9760206 0.049514 0.027029 142.16449 5.4200 1.67 
2.1 31.0205309 17.8236100 0.022721 0.007547 68.09067 4.5000 3.96 
2.2 31.0200904 17.8682356 0.031263 0.005850 97.86760 4.5000 4.12 
2.3 31.0434546 17.9257546 0.042468 0.025890 143.45749 4.5000 1.32 
3.1 30.2791720 17.1156996 0.048214 0.003446 7.68423 6.4657 3.94 
3.2 30.2799455 17.1144084 0.048281 0.002780 11.28448 6.4657 4.03 
4.1 30.9853862 17.8918085 0.020278 0.011544 59.98604 4.5000 3.04 
4.2 31.0468478 17.9251956 0.042483 0.025902 143.51544 4.5000 1.32 
5.1 30.9542611 17.9348027 0.019400 0.013744 55.82078 4.5000 2.71 
5.2 31.0460225 17.9200472 0.042503 0.025949 143.31520 4.5000 1.32 
6.1 31.2440509 18.5560142 0.045666 0.026895 135.82743 3.2722 1.47 
6.2 31.3497558 18.4487588 0.062494 0.038453 31.69162 3.2722 1.04 
6.3 31.4180445 18.4854196 0.030494 0.017101 176.16892 3.2722 2.40 
6.4 31.4685061 18.4364169 0.033751 0.029590 159.17965 3.2722 1.63 
7.1 33.1811341 21.0095515 0.042767 0.011887 40.46075 1.6823 3.12 
7.2 33.1894111 21.0403390 0.044689 0.001261 30.86243 1.6823 5.58 
8.1 30.7548251 17.6018642 0.031220 0.005288 104.84296 5.3316 4.20 
8.2 30.7738392 17.7107508 0.026403 0.012913 151.41120 5.3316 3.32 
9.1 31.7675207 19.0857251 0.047551 0.026777 126.06424 2.5024 1.49 
9.2 31.7437533 19.1164545 0.041970 0.020807 0.43996 2.5024 1.93 
