1 -3614.277653 0.199049 -15.672433 2.655109 356.410186 0.458691 74.693629 2.000285 245.690477 0.017710 -46.448827 6.584602 64.150895 0.000000
1 -5641.577728 0.169259 8.655322 6.265649 108.486344 0.797588 56.741138 1.009593 151.317287 0.304881 -50.342243 0.279874 381.174181 0.000000
1 -4011.349795 0.704759 -9.221784 7.133762 147.617588 0.294737 50.501195 0.403921 379.956973 0.474030 57.583911 8.767488 474.089617 0.000000
1 -1919.090861 0.622207 70.092581 6.243195 295.065383 0.019995 -56.994248 2.704550 228.215630 0.312557 53.548976 0.711949 299.360529 0.000000
1 -5418.964266 0.728085 58.272761 7.503692 403.563024 0.233732 4.974661 6.413191 90.467458 0.519657 -77.099832 5.445353 434.595664 0.000000
1 -5419.278227 0.508479 -11.720953 2.639212 483.781815 0.564010 12.639243 6.254672 334.233300 0.005006 -56.348295 1.357586 395.243913 0.000000
1 -5679.422044 0.223976 74.677692 9.140201 384.433323 0.145590 70.997104 0.583523 290.408838 0.488873 68.746880 1.785856 160.942717 0.000000
1 -5418.698456 0.221794 10.549705 8.863316 391.475959 0.648545 -37.554395 6.325436 151.400138 0.069591 -73.387657 5.999780 320.334843 0.000000
1 -5715.652803 0.299462 69.834703 5.682872 79.509301 0.440293 -38.688481 6.357264 303.504809 0.034512 -30.795171 1.080704 404.452683 0.000000
1 -1833.450511 0.283692 74.597245 4.561442 40.969182 0.267561 60.544336 2.510077 463.091420 0.065716 -33.220902 1.978268 152.334682 0.000000
1 -5430.031952 0.133171 -39.082782 0.234262 464.835331 0.278965 -79.227416 2.104955 328.295338 0.417746 40.504924 5.773191 259.747270 -1.179383
1 -5418.684053 0.074681 69.811044 0.306352 18.205100 0.094803 -38.253165 8.839109 225.830640 0.500538 69.492538 1.571090 111.344853 -1.179383
1 -5418.682277 0.093934 48.225485 4.744942 130.432615 0.742162 26.710591 8.640469 299.177080 0.381526 -77.828430 9.355490 427.956879 -1.179383
1 -5445.781843 0.174569 16.133279 0.319222 289.195492 0.603028 4.166896 5.507736 201.783946 0.340590 15.341632 1.099030 105.305201 -1.179383
1 -5421.535231 0.663949 1.449211 8.128827 443.892959 0.147417 15.449352 6.791375 291.549263 0.086589 59.757688 4.431115 365.610143 -1.179383
1 -5418.688429 0.008271 7.746445 2.827248 91.216392 0.077741 -72.078731 4.626599 470.569329 0.021428 -16.488588 2.686839 331.104075 -1.179383
1 -3609.443608 0.644181 42.900054 8.134019 277.915927 0.314198 -71.623697 3.923735 381.240954 0.667390 60.486837 4.709574 399.888296 -1.179383
1 -3809.449447 0.123574 51.351244 7.785211 401.456765 0.643537 32.444984 0.277949 378.830604 0.699713 6.818319 7.448573 136.415795 -1.179383
1 -5446.240156 0.278662 -55.427242 3.590205 380.618867 0.277674 84.109747 6.223320 288.575935 0.517518 44.659288 7.167196 277.871667 -1.179383
1 -3688.587484 0.492323 53.896177 6.603821 487.937823 0.706636 -23.244870 2.777329 245.641211 0.310203 52.932234 8.095648 311.852540 -1.179383
1 -3639.795382 0.126702 -64.427009 0.757498 476.714105 0.297287 58.042032 3.806924 363.458599 0.614660 47.125075 5.988107 465.356219 -2.560168
1 -1982.592405 0.387773 49.845263 1.114271 127.579421 0.005927 6.125212 2.529404 488.376843 0.482005 52.649507 6.710175 236.432774 -2.560168
1 -5419.564762 0.536581 -51.425274 5.022785 384.179859 0.618384 30.808911 5.214345 291.763019 0.777733 -12.088062 8.667661 159.063014 -2.560168
1 -5418.713553 0.610623 69.776686 5.103185 352.767023 0.035994 -78.717255 8.108716 353.913234 0.031522 -1.539618 6.932554 196.002285 -2.560168
1 -3614.925117 0.331094 53.353871 3.168613 328.554479 0.725122 -0.400815 7.216728 267.347940 0.053343 18.048466 4.216053 410.775163 -2.560168
1 -1822.993851 0.109189 -60.629168 4.608144 399.057498 0.402946 22.252337 2.529889 199.113452 0.317480 7.948488 8.762611 486.898157 -2.560168
1 -5427.788818 0.284957 -65.557626 1.406897 319.550299 0.703406 -58.058565 5.865662 259.989044 0.483011 -14.887721 9.624964 87.407107 -2.560168
1 -3664.507751 0.650905 -45.728622 1.663060 293.947402 0.333405 -58.480801 8.270490 155.072458 0.777371 10.071264 6.187774 459.135821 -2.560168
1 -5418.677607 0.106315 -29.899197 5.883183 84.230045 0.228874 -76.541914 4.222481 152.699662 0.490231 -62.120454 2.080593 41.848799 -2.560168
1 -5418.678212 0.304372 71.190288 6.771791 480.189384 0.666342 -16.708022 3.876451 332.566125 0.226279 -30.365266 6.881274 407.813464 -2.560168
1 -1931.071068 0.689248 67.822312 8.863549 138.875421 0.717152 33.441638 0.495560 90.443883 0.466639 44.133694 0.533270 353.310050 -3.477569
1 -1883.046590 0.023110 -12.607765 2.761358 147.744124 0.007299 -86.442697 1.867585 369.045888 0.152578 -84.890456 6.627211 91.952845 -3.477569
1 -2213.141165 0.020436 63.508570 0.824317 460.773490 0.653620 49.919714 1.547740 380.238233 0.430185 -24.261962 5.570090 72.158349 -3.477569
1 -5418.772922 0.639166 75.573711 5.385624 353.598799 0.075721 -74.856862 8.359903 356.370272 0.037691 1.647048 6.711731 214.735208 -3.477569
1 -3609.416944 0.052925 27.606031 2.372455 368.222651 0.370122 -45.370189 8.752673 152.396196 0.618152 -40.799759 7.978742 402.646981 -3.477569
1 -2279.956836 0.770856 -39.776272 4.001736 443.509286 0.228954 57.113687 1.064323 169.335590 0.665473 -7.280907 0.685955 331.939979 -3.477569
1 -5418.684051 0.168231 66.314373 5.813246 178.458374 0.535737 -62.848495 1.408740 67.924953 0.458350 66.436828 0.678601 75.580022 -3.477569
1 -3609.418959 0.160817 -28.140080 7.906466 56.508645 0.657703 5.859990 4.810570 411.274089 0.032009 77.113610 4.753443 424.788805 -3.477569
1 -5418.735304 0.518632 -87.831653 7.463531 132.925332 0.787265 -35.490378 6.190498 423.813051 0.223482 -12.237979 2.780452 480.389322 -3.477569
1 -5418.720117 0.073386 -68.552351 8.142758 214.197543 0.041602 82.021436 4.248272 337.417826 0.211277 -27.557432 5.501922 21.163492 -3.477569
1 -1912.672568 0.578414 21.764160 4.900127 217.965506 0.041211 26.230738 6.892271 357.702054 0.344286 2.319224 1.820711 362.278067 -4.142063
1 -1885.353160 0.698606 5.327186 8.924713 437.937112 0.281567 76.072628 0.411430 264.334978 0.789412 -23.179024 5.097391 496.164088 -4.142063
1 -1875.629813 0.494230 -78.889880 1.459391 300.133329 0.522605 48.043767 9.429520 285.432992 0.638754 42.652109 1.865813 295.111517 -4.142063
1 -3943.560823 0.304278 63.658892 5.894336 63.726604 0.291190 -35.958614 1.055798 437.016387 0.606288 72.991903 0.880073 266.098501 -4.142063
1 -1980.193612 0.464138 -2.035223 5.852035 282.196812 0.285302 42.967944 8.781835 141.778253 0.505876 72.956572 1.972205 443.551801 -4.142063
1 -3614.433934 0.390680 73.972725 6.760029 310.584025 0.710734 75.285198 6.836613 470.572083 0.375216 23.128956 3.164567 98.372369 -4.142063
1 -1920.841594 0.598709 -60.214601 2.677319 496.212248 0.014879 21.830295 4.069743 363.859463 0.123681 -47.990949 7.096406 61.698180 -4.142063
1 -1911.920948 0.169883 -23.533583 7.834994 54.692805 0.641026 8.081587 4.825747 411.130407 0.041143 73.263737 4.655419 437.447272 -4.142063
1 -5418.890967 0.513392 -74.446917 8.228538 129.801571 0.745937 -36.374365 6.077699 398.794648 0.200341 -6.960261 2.798981 16.241159 -4.142063
1 -5418.677654 0.389065 -80.488398 6.564444 247.037152 0.423720 -25.841325 6.402281 376.710579 0.131487 79.056371 3.952261 67.114306 -4.142063
1 -1855.169247 0.620826 60.296343 7.671244 495.513257 0.451906 -35.405044 4.337541 333.799421 0.654587 10.360102 7.117392 105.871155 -4.718610
1 -2007.290524 0.079395 88.572051 4.169516 424.627520 0.705121 55.522532 0.751669 335.586381 0.679430 25.195102 4.597747 181.907793 -4.718610
1 -5418.689895 0.773963 64.365896 3.953689 350.637378 0.152871 -86.562049 3.004098 22.794240 0.536820 60.740741 8.263400 141.705583 -4.718610
1 -172.788277 0.263276 -87.019004 8.016766 70.157523 0.280393 31.353311 5.133778 262.696720 0.642270 -73.681630 1.667385 425.590163 -4.718610
1 -1837.466203 0.319155 59.575847 8.438140 461.515016 0.761267 -3.682751 5.563726 198.417549 0.456462 60.802895 2.567947 261.831207 -4.718610
1 -1892.413574 0.743836 30.071988 8.895529 116.071942 0.459574 -16.860925 3.135040 424.700677 0.060338 16.835358 1.470702 199.236661 -4.718610
1 -3703.084776 0.323975 -59.567296 9.168106 256.387911 0.352101 -9.410309 4.309766 118.352529 0.639560 -52.109653 3.500157 470.520132 -4.718610
1 -1830.532196 0.215293 -11.951968 8.790557 68.848645 0.002705 74.320581 7.549654 103.568009 0.596712 -46.611273 0.032310 290.470696 -4.718610
1 -5439.376405 0.470368 -42.886355 6.518098 385.499595 0.679596 80.728835 5.424729 273.874707 0.431140 67.539645 3.202625 263.251832 -4.718610
1 -1899.255533 0.357299 56.668233 7.071944 114.169844 0.562310 -55.236162 6.596191 484.227896 0.541051 26.844258 6.407422 426.145020 -4.718610
1 -1985.177681 0.473304 -0.151709 6.951780 372.697737 0.448939 -54.933840 3.135458 466.394136 0.132238 -42.624427 0.897864 66.694211 -5.154002
1 -146.486692 0.787315 -83.964213 3.391007 332.217082 0.555268 -44.257907 3.845865 166.166342 0.673957 52.271826 0.812255 363.985106 -5.154002
1 -5418.691639 0.714503 -38.641745 2.741988 139.089909 0.587772 5.029799 2.175041 213.078973 0.061992 54.477420 6.933475 260.475685 -5.154002
1 -1863.974177 0.633838 84.940093 8.842860 28.795580 0.577441 -4.299748 1.594251 295.293191 0.452328 73.111716 4.877583 410.703323 -5.154002
1 -1842.818898 0.347452 77.704666 6.340707 161.650073 0.680153 55.371292 5.753642 301.188383 0.154867 2.145235 1.385077 322.001698 -5.154002
1 -1805.467918 0.327277 16.800062 7.817930 359.323907 0.404604 58.694840 0.531517 66.522145 0.671304 -76.512775 1.625607 266.346535 -5.154002
1 -1920.114568 0.028490 11.519350 2.389267 249.277013 0.654600 37.571314 9.506399 395.709066 0.302542 -12.251279 1.388509 349.864236 -5.154002
1 -1980.690860 0.073535 -11.256504 8.436375 491.515215 0.091132 61.788576 7.693156 139.665223 0.599020 -86.721110 1.517581 384.364377 -5.154002
1 -3615.515742 0.297956 79.395756 2.979188 280.341893 0.531919 84.533884 6.643069 294.314063 0.724773 60.058959 1.421526 182.474592 -5.154002
1 -1830.516117 0.365630 82.930039 0.296547 206.422317 0.063826 13.355212 5.633236 485.545466 0.473093 15.501513 0.690017 115.846952 -5.154002
1 -1972.869556 0.488347 -20.992893 7.118393 387.975714 0.447027 -71.279759 2.200217 422.658953 0.200742 -32.065789 0.825870 72.974996 -5.467271
1 -146.177637 0.786987 -83.845907 3.390290 332.011666 0.555443 -44.284637 3.842820 166.253557 0.673999 52.163635 0.814475 363.823680 -5.467271
1 -3615.613510 0.726332 60.003635 1.180469 485.507438 0.782167 18.337505 5.126056 305.732666 0.267216 -53.412767 8.725433 445.747640 -5.467271
1 -1855.156981 0.720291 -54.401759 1.770960 383.839333 0.573471 -35.543892 6.252589 393.155218 0.596631 15.556834 1.602835 177.106950 -5.467271
1 -1856.598417 0.562953 18.260164 8.430481 425.074103 0.275624 11.823937 8.748319 274.196817 0.239385 -15.506034 0.059652 276.882816 -5.467271
1 -3629.246419 0.323745 -60.755881 2.515641 355.831906 0.343298 57.117678 9.267734 239.226929 0.440639 -22.224937 4.321687 396.978177 -5.467271
1 -2071.977001 0.728374 28.060994 3.133036 268.945189 0.576807 71.158518 0.351153 360.132936 0.339975 -18.003941 2.324667 400.317783 -5.467271
1 -167.665778 0.240044 -56.581671 8.542416 446.398237 0.061914 48.685081 0.358941 100.356235 0.566231 87.216460 1.513200 352.462650 -5.467271
1 -634.553281 0.205704 0.658227 2.355022 362.219893 0.622433 19.995383 2.848570 215.414236 0.620181 15.297965 0.341589 463.172875 -5.467271
1 -1958.910779 0.722324 -5.745899 1.648593 194.910617 0.659469 55.022224 0.743167 386.391927 0.215718 32.122735 4.288969 159.133358 -5.467271
1 -1932.268567 0.422370 87.224165 6.377838 459.501912 0.748257 -72.288708 0.393677 274.386076 0.678150 -84.191867 2.641098 173.964410 -5.635598
1 -130.021764 0.776004 86.104226 3.249803 290.998024 0.500355 -33.393743 4.521048 182.812993 0.704924 44.157367 0.916222 387.384159 -5.635598
1 -165.657897 0.207941 -59.324723 8.640796 454.372675 0.076382 49.648589 0.533394 103.173069 0.572717 -85.899698 1.490021 344.532914 -5.635598
1 -2169.046132 0.010040 -63.685481 0.699773 483.092379 0.324711 -9.176626 8.025622 378.605482 0.524120 86.389328 4.144936 204.143040 -5.635598
1 -84.693788 0.593763 15.725621 8.012135 403.494814 0.294315 9.310511 8.816776 274.242631 0.224409 -12.902667 0.076012 281.705906 -5.635598
1 -3616.445076 0.629233 -53.506411 2.848663 392.430877 0.521513 -51.471684 5.951533 403.807540 0.794553 77.909425 6.804192 99.726314 -5.635598
1 -1814.566770 0.471811 -79.814161 9.328821 363.218060 0.256432 59.222167 4.297780 203.675908 0.182857 87.487192 7.820166 491.353637 -5.635598
1 -140.705635 0.121813 -53.917501 8.788319 480.958508 0.006876 41.286594 0.728750 86.024504 0.786494 85.737986 1.559984 377.463794 -5.635598
1 -95.040230 0.542310 -89.146674 1.989990 19.867314 0.166317 49.635935 0.277207 84.921342 0.155259 0.082229 2.618864 435.092815 -5.635598
1 -31.770824 0.345319 -5.359151 1.770285 226.461589 0.672900 22.170450 2.146517 451.704203 0.180718 -75.706654 2.226703 104.241117 -5.635598
1 -1864.384796 0.139312 -80.627220 8.781351 476.389824 0.667653 -32.088648 9.524615 436.688797 0.645510 82.290958 7.188228 294.840122 -5.727311
1 -130.064334 0.750701 74.422460 4.215961 247.731573 0.487580 -32.001887 5.172131 218.208103 0.755104 51.961189 1.288285 393.435386 -5.727311
1 -135.760252 0.233166 -52.986865 7.764724 453.390485 0.058812 65.521680 0.548742 111.666817 0.414619 -83.066247 1.497116 320.772718 -5.727311
1 -1850.280214 0.196849 -89.571250 4.316848 323.755127 0.766609 -37.215238 5.195913 74.376880 0.564858 -51.158552 3.031729 444.348068 -5.727311
1 -91.370983 0.596270 15.538624 7.997811 399.404366 0.303746 11.330455 8.921491 278.504192 0.230659 -12.234976 0.042444 287.011818 -5.727311
1 -50.456112 0.103966 -44.007410 8.828417 479.440944 0.005654 44.652636 0.336689 80.301680 0.787703 89.934956 2.071417 406.539153 -5.727311
1 -1847.579963 0.415566 -87.891590 9.526825 399.189838 0.216081 57.273937 4.514736 191.558566 0.217314 -74.640227 8.031924 496.485673 -5.727311
1 -168.388502 0.235005 39.077123 5.060019 160.545840 0.772328 51.054462 8.854709 413.075335 0.091381 -50.342895 1.292504 369.535966 -5.727311
1 -95.358482 0.543247 -88.843923 1.973291 19.448718 0.167508 49.367243 0.291774 85.388640 0.155923 0.403789 2.616690 434.972669 -5.727311
1 -117.144054 0.388225 -11.701150 1.672539 218.622522 0.661018 15.448856 2.219887 455.039389 0.272211 -74.872653 1.878237 96.378788 -5.727311
1 -1844.988828 0.267555 -67.074134 4.928774 345.041809 0.058846 -10.334074 8.301135 371.044248 0.658462 -51.362585 3.261890 383.638216 -5.809404
1 -130.583970 0.773822 73.358246 4.510267 196.284505 0.413807 -15.676894 4.837250 255.074984 0.597083 -49.980522 2.278053 410.783032 -5.809404
1 -149.896333 0.244155 -53.979646 7.851022 459.777443 0.045613 64.045437 0.533783 107.244873 0.416151 -81.630455 1.493890 318.813143 -5.809404
1 -728.837399 0.649360 24.746732 1.724079 405.596249 0.372298 -30.065648 4.263539 402.710143 0.696010 26.167879 0.341369 342.452762 -5.809404
1 -133.321441 0.592780 23.210250 7.854596 417.378507 0.286635 7.931112 8.645050 273.415465 0.221278 -8.470540 0.145932 310.079545 -5.809404
1 -1961.204890 0.649719 -7.878945 1.881067 195.515893 0.606173 -63.714232 1.507606 328.265862 0.266871 76.078283 5.982577 436.636329 -5.809404
1 -92.411009 0.595937 14.444727 7.929499 400.368958 0.302474 10.607810 8.914894 281.225879 0.229525 -12.042417 0.070927 287.333508 -5.809404
1 -168.495918 0.283276 40.863441 6.972889 133.144567 0.742665 61.149384 7.067217 399.313520 0.044982 -31.907505 1.371805 353.860874 -5.809404
1 -95.950836 0.548761 -88.041112 1.972198 21.187394 0.160539 48.981633 0.282764 84.022378 0.153682 1.326104 2.601434 434.292809 -5.809404
1 -65.310346 0.375256 -11.764728 1.859532 223.429774 0.666688 13.177234 2.260066 456.032770 0.283541 -77.470431 1.867125 93.602344 -5.809404
1 -61.543762 0.708446 17.040993 9.125722 292.883353 0.411171 -37.492822 2.557562 265.288865 0.006336 43.104876 3.366688 346.373324 -5.973106
1 -170.800355 0.661905 77.045420 3.834889 244.974359 0.459690 -25.454736 5.871117 264.037380 0.636069 -35.741564 2.623659 394.120711 -5.973106
1 -1900.705573 0.687534 22.983435 1.821052 50.591211 0.053067 -86.959603 5.058163 467.910103 0.417088 3.510981 5.365983 404.243049 -5.973106
1 -2060.963609 0.336740 -18.865325 8.419231 471.416959 0.209083 -23.307668 1.960119 299.668644 0.524819 46.726461 0.697377 322.009393 -5.973106
1 -3611.780707 0.460767 -20.697543 1.271136 17.448386 0.615560 -5.885220 3.942206 294.255806 0.101291 70.007265 1.577453 285.514852 -5.973106
1 -1860.821733 0.227596 55.272180 9.420733 438.098739 0.085319 -24.743942 5.751480 372.867466 0.048642 34.643365 4.029845 306.288682 -5.973106
1 -95.496323 0.594248 13.013395 7.773560 403.697027 0.291047 8.915894 8.926038 272.560378 0.216597 -8.200908 0.075324 289.122535 -5.973106
1 -170.375248 0.281953 41.098287 7.000853 134.587291 0.741467 61.164581 7.046564 400.055699 0.043035 -32.332247 1.359171 353.778826 -5.973106
1 -78.900850 0.519926 -86.898308 2.207521 29.454197 0.139311 48.192850 0.305145 102.256473 0.136161 5.322353 2.685936 441.934673 -5.973106
1 -170.361863 0.266148 -11.083502 0.491401 178.043001 0.640508 47.250496 2.471556 490.211110 0.291810 -53.956270 2.469221 70.012588 -5.973106
1 -94.743498 0.499743 17.074712 6.566030 227.381433 0.470728 -50.838541 2.489108 362.461433 0.026608 2.253897 4.314497 286.015527 -6.057096
1 -89.584870 0.656550 52.560282 6.292364 397.185848 0.551122 -52.200924 3.202409 226.905891 0.703066 -28.393258 2.997859 336.400783 -6.057096
1 -1902.088823 0.226491 9.742214 4.238650 189.333517 0.416626 -38.148240 6.918671 474.264158 0.734663 -61.642989 4.547978 280.021916 -6.057096
1 -413.931709 0.219961 -26.027901 6.802760 210.458089 0.788001 17.262008 0.762413 461.152607 0.523896 17.863176 5.462303 396.555990 -6.057096
1 -1848.656658 0.082203 -47.802466 3.608557 88.027746 0.640199 -87.522597 3.295590 113.305605 0.327037 87.726823 3.547753 439.430561 -6.057096
1 -101.316091 0.691266 16.461786 9.037699 333.184490 0.342514 -27.312261 4.540709 250.418229 0.073888 29.595868 2.217768 343.800089 -6.057096
1 -91.019165 0.572412 12.216778 7.662992 403.055156 0.318227 6.643983 8.930495 268.692007 0.214954 -7.178610 0.060802 285.246869 -6.057096
1 -105.768683 0.477787 28.748607 7.327718 177.461767 0.650761 73.225998 7.073288 412.892640 0.086324 -40.679413 2.983465 368.042080 -6.057096
1 -47.234843 0.553774 -78.131194 2.224543 25.349095 0.133252 43.668724 9.675196 110.338965 0.140870 7.874779 2.743467 447.361647 -6.057096
1 -26.728176 0.280488 -5.021320 0.561941 185.912330 0.665047 47.212242 2.295793 482.573256 0.329397 -53.242663 2.638398 73.466442 -6.057096
1 -91.751639 0.510877 16.708782 6.525122 232.708271 0.465626 -51.025887 2.451602 355.329210 0.024321 5.270018 4.276366 288.764263 -6.107017
1 -43.175395 0.639422 49.327868 6.167582 393.201531 0.568322 -50.663289 3.091535 235.690304 0.724881 -28.440731 3.137353 339.525634 -6.107017
1 -1847.374348 0.316032 -27.909055 3.967597 178.672188 0.566470 70.882788 7.304155 448.448367 0.639239 -54.400282 3.108682 285.459929 -6.107017
1 -325.409011 0.221870 -26.562716 6.886419 208.159480 0.783580 17.308308 0.786242 449.117364 0.514864 18.522737 5.323836 388.358600 -6.107017
1 -24.737889 0.283258 -6.129219 0.768680 187.235450 0.657153 48.635261 2.334243 478.421592 0.341623 -49.058644 2.763737 82.177571 -6.107017
1 -64.688417 0.635107 45.431379 9.544578 295.660010 0.346720 -12.275230 4.307335 235.492726 0.001845 18.605814 1.896287 326.262518 -6.107017
1 -86.986961 0.568028 11.529887 7.653799 401.158715 0.311440 7.188827 9.239240 263.565844 0.224738 -8.847235 0.053014 284.859683 -6.107017
1 -153.647460 0.450583 22.724661 6.926756 170.206374 0.663965 -89.576622 7.814129 427.397174 0.170832 -49.805335 2.799783 364.525483 -6.107017
1 -91.938866 0.543297 -77.194016 3.225586 60.777513 0.137123 30.809815 0.416640 91.236988 0.124241 11.679521 3.193586 464.194302 -6.107017
1 -25.254587 0.275404 -5.620508 0.560320 181.853312 0.664164 48.844648 2.323311 484.101055 0.332669 -54.175216 2.686234 73.700001 -6.107017
1 -105.874466 0.492881 20.017955 6.743091 235.382692 0.447026 -51.214051 2.479000 353.967750 0.040680 3.946257 4.205322 286.901390 -6.124886
1 -51.814820 0.610285 45.951053 5.761403 398.047106 0.579032 -46.915220 3.349316 249.100341 0.732815 -33.748573 3.057081 334.765369 -6.124886
1 -24.804574 0.276225 -5.269433 0.579788 181.848012 0.664502 48.923517 2.339236 484.283365 0.329691 -54.135951 2.681906 73.427869 -6.124886
1 -281.267671 0.184614 -19.957001 7.216829 226.169609 0.777243 4.256536 1.009602 428.490857 0.498460 23.402440 5.572103 386.423815 -6.124886
1 -24.028886 0.727937 -49.655400 4.245921 144.858956 0.700322 38.829919 4.671767 53.437329 0.090804 -24.049838 3.421853 458.250557 -6.124886
1 -79.514771 0.670037 47.970858 9.397420 292.964202 0.349496 -10.295868 4.405256 199.402813 0.018762 18.296151 1.691666 337.203995 -6.124886
1 -55.205265 0.553819 8.931925 8.080137 399.670594 0.299053 10.104909 9.460517 257.759156 0.235403 -3.592568 0.022984 257.288522 -6.124886
1 -68.441249 0.452992 25.214956 6.976457 282.524534 0.575174 85.904472 8.569267 447.422141 0.178818 -86.151467 3.044792 359.308583 -6.124886
1 -103.802194 0.762821 19.463342 1.185037 82.143655 0.238004 49.669855 2.239456 132.490912 0.242151 -78.272250 2.894712 430.593815 -6.124886
1 -171.390155 0.261305 -6.872620 0.262295 180.301937 0.678738 56.167931 2.425901 492.443402 0.350168 -59.264240 2.573147 63.184416 -6.124886
1 -110.373657 0.495673 13.426028 6.908369 236.892377 0.435185 -51.958213 2.554454 367.955156 0.073739 6.552688 4.716459 280.976607 -6.146600
1 -154.127316 0.602023 40.726124 3.826360 396.782759 0.525787 -25.847700 3.550349 246.896865 0.791981 -1.877848 2.775080 359.577151 -6.146600
1 -154.583512 0.155554 42.043647 1.620685 127.086279 0.418722 -77.787857 3.818202 498.892171 0.370701 -23.687200 5.162628 197.980949 -6.146600
1 -199.961807 0.174768 -21.280358 6.978379 227.490424 0.777914 10.609364 0.958008 433.305576 0.499071 22.353464 5.369373 379.175503 -6.146600
1 -58.202347 0.731405 -50.156980 4.545855 138.735310 0.690728 39.917906 4.741706 44.973478 0.048489 -22.271697 3.313179 454.669369 -6.146600
1 -49.803795 0.679964 47.203555 9.629245 303.233938 0.367059 -13.719501 4.685947 164.796191 0.032614 23.024690 1.723020 339.694857 -6.146600
1 -67.833431 0.564084 8.448498 8.177967 402.026979 0.307136 14.937589 9.412671 246.960153 0.228580 -3.334650 0.028482 272.678795 -6.146600
1 -29.631430 0.357193 62.363979 6.277894 314.759229 0.434284 78.289335 7.711664 64.901613 0.251966 -9.490655 2.794257 393.824849 -6.146600
1 -94.539624 0.774855 14.142258 1.216933 70.066381 0.240524 51.545517 2.338621 127.064649 0.199016 -80.720244 2.903707 431.198529 -6.146600
1 -84.704799 0.259391 -7.447975 0.290038 179.467309 0.678784 56.505999 2.446644 493.174342 0.346135 -59.462939 2.564418 61.233379 -6.146600
1 -94.778967 0.495974 14.617958 6.823867 232.817640 0.432075 -51.135732 2.520653 367.510942 0.079954 4.066568 4.680244 282.583567 -6.170258
1 -59.398496 0.523753 76.064646 4.409059 358.934200 0.579264 -14.909259 6.143170 472.388341 0.418524 -18.540367 3.092868 118.397122 -6.170258
1 -179.390176 0.164144 42.069653 1.580057 120.863116 0.420915 -75.894033 3.825469 499.157550 0.363657 -23.593497 5.144472 198.701404 -6.170258
1 -292.183135 0.155589 -16.634917 7.087518 228.633075 0.780730 7.693617 0.979386 442.998591 0.494794 25.571356 5.276301 366.749339 -6.170258
1 -64.961008 0.739783 -48.510118 4.803927 147.652048 0.652013 34.492347 4.837196 58.703357 0.048821 -21.043726 3.465091 460.213415 -6.170258
1 -50.889155 0.686094 48.086898 9.566873 299.365475 0.371833 -13.081969 4.651383 164.624761 0.031573 21.477175 1.711116 338.400827 -6.170258
1 -66.134019 0.561160 9.515497 8.122297 402.896215 0.307857 14.827354 9.451497 250.131946 0.234257 -3.658541 0.020297 269.688792 -6.170258
1 -75.300904 0.358109 68.259397 6.179574 346.172360 0.446153 -87.896610 7.665779 63.833675 0.285752 -4.819135 2.507252 370.367345 -6.170258
1 -41.335414 0.155572 -48.041850 7.958861 136.048680 0.340984 24.414602 3.139358 146.826802 0.213990 -3.564262 2.787859 435.543024 -6.170258
1 -170.571615 0.259973 -7.671552 0.307426 179.135053 0.678417 56.835913 2.438111 493.624461 0.344579 -59.355231 2.562691 61.205566 -6.170258
1 -96.758212 0.451445 41.308107 6.113109 216.663044 0.489342 -55.017569 1.798767 377.273081 0.799512 -9.621071 5.873661 210.154859 -6.193855
1 -87.351909 0.532768 74.629620 4.277134 346.378773 0.569341 -16.952783 6.073573 483.370800 0.445893 -20.125484 2.860889 112.438174 -6.193855
1 -154.439555 0.166693 42.022257 1.689935 118.902782 0.425571 -76.344637 3.793471 498.829073 0.358203 -23.538161 5.187792 201.732787 -6.193855
1 -179.320458 0.135069 -12.978726 6.702533 228.753332 0.758701 5.377286 0.974804 434.096983 0.518234 19.867338 5.056157 356.221942 -6.193855
1 -86.325192 0.765799 -51.478392 5.312474 157.281256 0.612521 27.580953 4.743625 63.745498 0.094966 -19.449513 3.271688 449.723670 -6.193855
1 -80.094535 0.750203 81.225410 2.416814 300.569890 0.711556 -6.377714 3.471521 263.007228 0.775546 -43.610931 5.865532 368.725820 -6.193855
1 -70.542634 0.532029 5.784655 8.067924 411.987912 0.337287 24.850031 8.958371 249.774466 0.206728 0.946586 0.054446 269.083144 -6.193855
1 -75.922846 0.361701 66.380665 6.263629 345.189058 0.443450 -87.952559 7.714497 60.082324 0.272716 -3.896111 2.471053 371.980506 -6.193855
1 -59.295690 0.168614 -54.072317 7.920970 121.051356 0.320610 23.016224 2.946249 128.170194 0.204892 0.427372 2.980478 450.925438 -6.193855
1 -23.527544 0.309064 -8.907243 0.475499 192.017884 0.669356 52.225077 2.225772 481.508018 0.298304 -51.786473 2.946975 63.085561 -6.193855
1 -98.514541 0.445722 43.582971 5.943554 205.641989 0.485698 -53.346267 1.700220 378.115958 0.795247 -9.959739 6.303735 206.647621 -6.227544
1 -86.464780 0.526732 73.238507 4.299569 354.357217 0.575871 -15.107718 6.367119 482.973710 0.425478 -19.990464 2.643617 117.456125 -6.227544
1 -152.781458 0.208115 40.053513 1.442746 112.736068 0.446007 -69.372943 3.293086 460.336747 0.394229 -26.100325 5.561671 237.245888 -6.227544
1 -163.587648 0.142042 -16.941103 6.737100 221.643487 0.760604 7.511815 0.962452 419.914985 0.507106 19.859198 5.044239 369.338361 -6.227544
1 -24.687263 0.750715 -36.282719 5.397606 168.286898 0.634359 28.019519 5.368943 83.905993 0.137405 -16.545010 3.157196 440.506541 -6.227544
1 -438.529252 0.669157 85.236701 0.538391 180.981511 0.768448 70.723672 7.229778 498.590593 0.693142 -73.944654 1.050718 452.300597 -6.227544
1 -68.602813 0.534604 6.791877 7.969106 409.805241 0.332663 23.309524 8.978056 247.690403 0.207186 0.034605 0.093277 269.252821 -6.227544
1 -69.956027 0.354354 67.292859 6.300217 352.142352 0.454177 -87.592409 7.718313 69.915541 0.278113 -2.792268 2.459302 370.071095 -6.227544
1 -57.903582 0.164744 -57.387123 7.428335 76.157551 0.306505 14.823017 2.538530 125.632395 0.164817 4.444623 3.281821 469.172386 -6.227544
1 -176.352156 0.295920 -6.255895 0.623471 193.763374 0.667095 59.658537 2.498278 488.364059 0.268180 -50.923194 2.759522 47.726811 -6.227544
1 -121.235836 0.479123 47.465748 5.861900 210.821731 0.510085 -43.421600 1.992133 381.795979 0.017725 -13.329786 5.966497 222.502071 -6.267140
1 -117.095312 0.332235 -87.491531 4.220464 237.844028 0.593494 2.845037 1.091257 418.263979 0.356326 -13.155186 2.224119 68.317361 -6.267140
1 -105.572687 0.205867 37.711385 1.414194 114.918748 0.453406 -67.355399 3.818741 488.356591 0.412771 -20.893798 5.568285 245.784459 -6.267140
1 -124.665334 0.600240 -47.330979 8.808164 240.380932 0.275802 85.338593 8.870651 16.006231 0.308996 -67.488079 3.210544 478.524505 -6.267140
1 -58.793260 0.750755 -36.769575 5.393089 166.722547 0.634252 28.645642 5.383568 80.968946 0.139752 -17.254312 3.176176 442.925853 -6.267140
1 -231.077557 0.677795 -84.156435 0.842676 178.371374 0.745070 65.990585 7.419258 16.810397 0.729907 -66.647509 1.446795 492.862595 -6.267140
1 -70.787886 0.538785 6.712513 7.981979 412.037899 0.334851 23.610879 9.030519 243.614296 0.208335 -0.144142 0.057766 270.505475 -6.267140
1 -120.237004 0.329000 54.452378 6.203687 349.608299 0.454407 -66.040247 8.193486 89.185640 0.362888 -6.399915 1.802237 368.019477 -6.267140
1 -49.910763 0.173720 -63.097111 7.307803 58.166491 0.310859 23.635393 2.437443 137.241698 0.185102 -0.371484 3.386876 476.901350 -6.267140
1 -165.880080 0.299043 -7.224478 0.625710 192.209861 0.668030 60.653876 2.477715 487.966417 0.266404 -50.968221 2.765917 48.347979 -6.267140
1 -53.150436 0.271242 -3.154230 7.220730 95.519245 0.500286 32.295490 1.103991 252.510293 0.304084 -81.326031 1.179877 230.035457 -6.310700
1 -199.641896 0.341975 -88.746535 4.340409 238.569178 0.585309 2.618553 1.044304 416.799322 0.353476 -12.437111 2.252520 72.129282 -6.310700
1 -174.404385 0.200950 39.132666 1.345982 114.126772 0.458442 -70.128866 3.790107 485.118454 0.417555 -20.905466 5.607860 247.005110 -6.310700
1 -46.261843 0.783813 -86.633596 8.474959 168.465224 0.352973 -52.496255 7.526149 23.229703 0.191617 -73.650538 3.792997 499.842945 -6.310700
1 -21.535292 0.771633 -53.367326 4.666415 135.305572 0.650558 45.069619 5.260458 121.045488 0.120430 -19.134915 3.365371 448.483352 -6.310700
1 -186.704454 0.596711 -64.929486 0.420889 186.999385 0.598663 83.245036 8.938563 465.086700 0.246291 -35.055302 1.661062 325.878445 -6.310700
1 -69.203914 0.548133 5.799509 7.786784 408.714787 0.345235 23.799296 9.188370 253.602574 0.209381 -2.022079 0.038404 266.933087 -6.310700
1 -101.747219 0.329343 54.902138 6.220040 349.989534 0.446538 -66.710636 8.144076 85.868403 0.362983 -5.518890 1.853722 368.962506 -6.310700
1 -89.081437 0.120750 -60.609232 7.226773 46.151971 0.329851 27.290944 2.459159 150.634497 0.163856 5.030050 3.415648 475.780173 -6.310700
1 -95.767463 0.300666 -13.549214 0.526502 195.978841 0.688948 63.034919 2.350615 488.395694 0.296172 -50.792859 2.695448 43.953216 -6.310700
1 -11.542843 0.281354 -1.153075 7.825507 102.511268 0.545625 32.443667 0.911938 228.977217 0.330210 -85.740930 0.851124 239.085812 -6.375982
1 -100.661700 0.290976 82.136284 3.418081 274.497368 0.649851 0.276705 1.265043 389.447668 0.425324 17.639046 1.329327 42.670822 -6.375982
1 -152.246347 0.203894 47.053590 1.733822 100.623860 0.440703 -76.409957 3.795701 477.909017 0.411617 -13.613086 5.407245 253.370546 -6.375982
1 -123.905887 0.708021 -89.271854 8.689198 165.650688 0.335257 -59.097686 8.391908 47.572896 0.196103 -88.029426 3.554959 486.967966 -6.375982
1 -25.530867 0.789317 -54.890551 4.717934 139.226658 0.652208 43.530640 5.369247 117.274622 0.120759 -21.050942 3.350728 447.806022 -6.375982
1 -125.692524 0.576802 -71.498910 0.960423 176.624677 0.579803 76.421442 8.897195 470.662787 0.291211 -40.134815 2.026483 309.554907 -6.375982
1 -63.249793 0.566017 -25.980220 0.781304 122.843337 0.164051 -9.815985 2.277994 396.304880 0.005163 -48.965152 7.556329 111.428089 -6.375982
1 -49.555783 0.315450 44.142151 5.792887 374.266685 0.453510 -78.152006 8.153742 117.682166 0.392207 -10.903196 2.044661 349.198938 -6.375982
1 -105.956249 0.116799 -64.122132 7.117275 46.644937 0.331138 38.596823 2.236539 164.896275 0.153443 2.140601 3.331286 463.218540 -6.375982
1 -94.596620 0.298160 -14.287132 0.534928 194.597846 0.689460 62.761874 2.359393 489.046976 0.293717 -50.753851 2.691732 44.360450 -6.375982
1 -28.448227 0.285732 2.230478 8.216657 128.378731 0.510173 24.198178 1.241678 212.334359 0.332584 -83.038950 0.873142 254.169489 -6.439427
1 -134.896700 0.309040 81.230234 3.668714 265.863662 0.572633 -11.869982 1.333719 368.452667 0.392907 19.436536 1.902457 61.771290 -6.439427
1 -115.311729 0.015474 53.158035 1.015270 26.598802 0.463563 -76.856847 4.701988 492.373158 0.359641 6.369090 3.491057 252.688738 -6.439427
1 -57.336159 0.705588 -85.716793 8.688197 173.044653 0.350020 -55.265196 8.327442 38.605253 0.193205 89.561621 3.679613 494.170301 -6.439427
1 -67.856974 0.779896 -56.430077 4.324937 187.206384 0.719093 49.294532 5.178216 124.225085 0.120263 -15.011329 3.128529 426.686447 -6.439427
1 -119.793802 0.557547 -75.543268 1.011799 149.519074 0.560853 73.776361 9.367449 479.314810 0.301751 -44.935604 1.972416 325.521767 -6.439427
1 -84.480289 0.590273 -22.185758 1.085273 104.730618 0.200135 -7.536606 2.140082 396.044764 0.015442 -57.290573 7.604781 86.307472 -6.439427
1 -37.652187 0.342455 54.020228 5.616057 371.197561 0.357756 -80.078970 8.014991 112.676549 0.442137 -11.303897 2.053096 339.083305 -6.439427
1 -92.316097 0.156550 -57.096064 7.146142 49.261138 0.326905 33.167510 2.164152 160.668528 0.166076 0.499870 3.599960 478.562044 -6.439427
1 -95.103340 0.297746 -13.685546 0.511442 194.579244 0.690263 62.385130 2.374818 490.884316 0.294621 -50.984962 2.698114 43.830642 -6.439427
1 -36.589306 0.242336 3.268205 7.961697 102.335718 0.505981 15.386278 1.751065 228.233368 0.316174 -85.743364 1.026681 275.065465 -6.520660
1 -164.266616 0.280896 -87.148542 3.652642 289.792963 0.571830 -7.383033 1.214889 361.796565 0.424129 9.060960 1.758375 51.214331 -6.520660
1 -206.062809 0.564110 -71.773067 9.044382 139.245192 0.651497 -76.633138 4.331542 313.813275 0.691749 -79.170594 1.908301 450.336742 -6.520660
1 -124.761612 0.695588 -87.593165 8.278013 163.049692 0.370084 -45.398677 8.078605 41.326175 0.194479 -86.764931 3.599116 498.374868 -6.520660
1 -22.460220 0.752832 -43.493000 3.764674 212.547421 0.733472 48.235645 5.420321 122.325966 0.154203 -7.009076 2.993542 410.388386 -6.520660
1 -92.991053 0.350714 50.560537 4.544809 351.042619 0.428752 -55.812541 7.096175 116.769870 0.430889 -6.555568 2.065864 343.861487 -6.520660
1 -91.904987 0.606969 -16.594540 0.949993 96.414664 0.228028 -11.997294 1.873031 386.155072 0.033432 -57.849788 7.468926 73.758973 -6.520660
1 -39.872379 0.343239 53.872879 5.620007 371.130914 0.357717 -80.015313 8.015160 112.624438 0.441641 -11.270257 2.056279 339.077373 -6.520660
1 -115.425505 0.120858 -15.512046 6.326217 60.052342 0.317710 28.319763 1.377440 156.506992 0.212495 -5.546493 3.326006 457.570413 -6.520660
1 -173.479687 0.313585 -13.869593 0.172251 164.451842 0.604675 31.898710 3.060147 41.619403 0.435921 -52.726361 2.677227 473.589745 -6.520660
1 -33.351107 0.522640 -9.790895 8.055108 54.127150 0.473543 27.009142 0.923540 231.200293 0.301880 60.575123 0.735323 266.297829 -6.646504
1 -157.563170 0.278575 -88.430753 3.497463 294.269983 0.577937 -7.118972 1.255376 356.617620 0.432104 10.474636 1.730978 55.664404 -6.646504
1 -92.836119 0.327853 51.507890 5.734483 376.404067 0.372070 -78.951170 7.967949 113.448548 0.454819 -9.921182 1.922369 337.886605 -6.646504
1 -82.442890 0.682595 85.573823 8.038712 112.812791 0.436365 -16.215523 6.575881 64.471931 0.167634 86.664221 3.416472 488.065137 -6.646504
1 -51.038305 0.621775 -30.342250 3.690332 182.959509 0.696771 57.113279 5.671617 58.013362 0.076529 -18.887150 3.428297 443.551906 -6.646504
1 -90.236751 0.337134 53.724955 4.479055 348.504321 0.430983 -52.672696 6.832244 120.443354 0.432786 -6.520370 2.023600 340.387412 -6.646504
1 -85.798981 0.645550 -15.454588 1.328797 156.220137 0.226429 -18.985752 2.338059 405.249563 0.768363 -38.625609 7.698281 54.317828 -6.646504
1 -58.672534 0.340197 53.951661 5.523684 362.283874 0.358482 -79.819694 7.741879 119.497665 0.439449 -9.758052 2.000552 347.650376 -6.646504
1 -105.248227 0.195905 -23.076764 6.693312 40.216497 0.347101 47.731782 1.613574 150.731631 0.095513 -2.328602 3.763427 477.640277 -6.646504
1 -70.367067 0.380417 -6.764684 0.053037 176.243995 0.694983 19.635748 3.965861 10.099535 0.514067 -52.915133 2.220705 436.418445 -6.646504
1 -124.756031 0.502387 3.663249 8.653200 43.645222 0.509694 23.459701 0.069766 232.292971 0.311799 53.736214 0.747757 321.486740 -6.833598
1 -129.182213 0.302899 -85.576809 3.249084 307.107983 0.570802 9.126032 1.431519 356.995390 0.398215 13.815941 1.802126 82.127854 -6.833598
1 -71.683865 0.354243 78.801031 5.768617 416.907786 0.406283 85.440400 7.262498 199.010236 0.498049 -0.535651 2.080655 309.007546 -6.833598
1 -42.656696 0.718410 -88.855855 8.219290 101.348003 0.458336 -13.466063 6.698144 64.529562 0.185182 89.670246 3.436565 482.221173 -6.833598
1 -34.387334 0.540774 83.616299 3.854052 26.105149 0.461679 -68.049065 4.487946 61.950353 0.670635 75.150071 1.762245 469.701045 -6.833598
1 -103.724464 0.337270 50.282077 4.502307 356.048929 0.425136 -43.109178 7.142498 111.471277 0.429403 -9.025625 1.871099 339.040243 -6.833598
1 -87.088983 0.645850 -21.785964 1.567329 144.845933 0.243600 -20.846276 2.110096 397.051126 0.778070 -42.554454 7.671178 67.669774 -6.833598
1 -72.193998 0.374651 67.860255 6.572579 367.670980 0.385505 87.978818 7.610648 157.401413 0.381333 6.872379 1.421229 317.507964 -6.833598
1 -30.762737 0.171026 -12.687972 6.540658 69.179541 0.337416 48.826969 1.557698 172.550391 0.159253 -4.683039 3.892921 466.548526 -6.833598
1 -83.132098 0.489032 -38.633934 9.414834 87.594447 0.691475 24.222403 3.099944 56.616687 0.596868 -47.481965 1.985339 457.859740 -6.833598
1 -103.270333 0.148129 -18.002210 0.070695 179.712765 0.351890 -31.279412 2.281733 378.852960 0.106432 -66.002621 6.603393 158.454104 -7.225009
1 -137.002611 0.306731 -85.072627 3.273554 306.156599 0.572023 9.053871 1.425135 356.847909 0.397513 13.808492 1.768097 82.750358 -7.225009
1 -53.760786 0.340337 76.604720 5.966479 415.079125 0.457263 82.899446 7.430468 176.926291 0.506291 8.645242 1.932252 320.419553 -7.225009
1 -115.897579 0.711753 87.831536 8.849230 105.478297 0.447619 -3.006263 6.297612 62.075750 0.190726 -86.650133 3.580830 492.499184 -7.225009
1 -25.424506 0.516938 38.100108 1.097330 117.877056 0.480913 -6.158508 0.017458 92.554561 0.343711 64.553263 5.756314 498.585072 -7.225009
1 -89.979327 0.337787 50.353447 4.528635 358.322449 0.427103 -42.514099 7.138682 110.697922 0.426487 -8.831968 1.843149 339.843131 -7.225009
1 -48.400406 0.655969 -17.929802 1.847540 161.483821 0.261179 -23.446718 2.285590 412.743457 0.765186 -42.859816 7.675563 55.636546 -7.225009
1 -76.236204 0.368757 69.070276 6.480214 374.946031 0.380292 86.685654 7.810623 157.648296 0.387961 4.401358 1.458570 317.465817 -7.225009
1 -23.907570 0.114762 -24.915948 7.274766 73.563348 0.466877 53.902172 2.139309 77.878687 0.107272 -23.493728 3.756578 484.220475 -7.225009
1 -153.534947 0.498612 -56.089804 9.129225 49.327412 0.694949 8.322426 2.711813 45.553719 0.625741 -40.717071 2.018044 473.825730 -7.225009
1 -99.012015 0.148653 -19.068106 0.052241 177.068942 0.354531 -26.999897 2.171930 368.429904 0.108787 -62.814331 6.645302 177.527312 -7.560552
1 -67.096361 0.260632 -75.732572 3.088299 276.868035 0.505331 -2.400313 1.492717 352.064354 0.478130 29.860147 1.303236 52.010648 -7.560552
1 -59.666694 0.296182 68.661117 5.932884 410.989980 0.471460 83.045430 7.429565 167.362771 0.526157 9.338833 1.876244 331.866381 -7.560552
1 -84.780205 0.133893 -32.746762 7.460255 59.536561 0.463256 51.224492 1.860286 67.806022 0.115483 -17.557230 3.613605 481.198180 -7.560552
1 -33.162822 0.525499 -80.452730 5.345949 45.421433 0.554154 -54.641538 4.365426 144.114298 0.710928 69.660531 1.656629 463.791486 -7.560552
1 -55.744187 0.347830 48.853878 4.425997 359.197625 0.425430 -45.816727 7.178694 117.157007 0.435738 -8.603223 1.971267 336.607691 -7.560552
1 -57.292912 0.644549 -16.289654 1.919296 175.789750 0.263265 -22.869710 2.447382 415.435251 0.773622 -44.946784 7.614942 51.051488 -7.560552
1 -61.350178 0.365130 73.013314 6.842249 379.724006 0.358350 84.450382 7.632447 161.703474 0.380780 1.714564 1.467055 305.852141 -7.560552
1 -54.215037 0.090222 -28.286600 7.360884 87.742378 0.485173 46.380487 2.119417 62.392766 0.113152 -15.684488 3.511887 476.123924 -7.560552
1 -130.440667 0.479382 -60.811262 9.396653 24.553741 0.680622 9.191844 2.243614 40.558466 0.558212 -47.297211 2.229185 480.587601 -7.560552
1 -33.935049 0.527825 -81.062180 5.318386 43.846111 0.552713 -55.401411 4.333711 145.893400 0.712571 69.344116 1.694588 461.904736 -7.955863
1 -116.784747 0.257847 -74.768802 3.102060 280.802561 0.503522 -0.635794 1.472104 351.305166 0.468105 30.157411 1.333063 51.428776 -7.955863
1 -63.479906 0.279510 70.277902 6.046828 405.198997 0.479569 87.617460 7.083409 150.394510 0.518911 -0.132111 1.936839 330.138906 -7.955863
1 -54.904392 0.104277 -36.859081 6.349507 23.137168 0.399253 50.252079 2.041289 75.787942 0.146675 -1.519409 3.538884 489.092742 -7.955863
1 -32.284493 0.514154 -72.554299 5.054515 72.722152 0.541489 -49.852604 4.714600 156.284940 0.713527 72.767492 1.623683 450.664640 -7.955863
1 -55.211524 0.359521 49.285208 4.377324 357.143392 0.422777 -45.632633 7.124197 113.814701 0.432173 -9.216230 2.002016 337.659319 -7.955863
1 -92.479373 0.637268 -27.397552 1.949764 153.230570 0.269284 -32.285579 2.187774 413.713295 0.769508 -45.711740 7.595600 54.562816 -7.955863
1 -63.663679 0.374197 71.991172 6.763989 377.867137 0.358102 77.620570 7.692639 159.702474 0.386751 2.395348 1.432098 307.448057 -7.955863
1 -67.484039 0.057566 8.316879 0.511802 137.143130 0.445384 13.104433 0.419900 113.447954 0.108297 -26.826689 3.369301 438.100598 -7.955863
1 -106.642188 0.435021 -57.310569 9.332963 38.427388 0.674195 9.533677 1.562070 26.831190 0.522733 -36.969020 2.188072 445.845133 -7.955863
1 -33.350606 0.615492 -72.253578 5.718131 52.948243 0.551444 -55.936779 3.953031 142.404047 0.711699 64.929471 1.653651 459.845232 -8.295673
1 -70.587541 0.266325 -73.597468 2.856084 272.835997 0.512966 1.032814 1.453671 348.029297 0.460178 34.307206 1.320726 56.155510 -8.295673
1 -62.435002 0.280638 70.207001 6.027304 405.219435 0.477996 87.479356 7.089005 151.553010 0.519768 -0.111460 1.956756 329.290733 -8.295673
1 -37.293529 0.105823 -42.164905 6.303431 11.344704 0.412043 48.029664 2.412648 80.572079 0.151113 -4.304608 3.580808 490.555710 -8.295673
1 -32.192677 0.513841 -72.668130 5.052047 73.565072 0.541932 -49.678431 4.723740 156.585000 0.712970 72.706412 1.627412 450.471547 -8.295673
1 -114.250994 0.363839 51.534210 4.871080 361.003329 0.437968 -43.908942 6.990106 113.925433 0.380514 -8.078368 1.791565 342.118750 -8.295673
1 -79.968541 0.665832 -61.116365 1.830377 138.462107 0.185288 -33.043206 2.718877 433.867649 0.704564 -33.325830 7.777055 71.560936 -8.295673
1 -57.114760 0.418245 70.765531 7.134170 369.540229 0.343084 82.616454 8.141120 163.930942 0.428882 7.963976 1.197625 313.037646 -8.295673
1 -17.627164 0.095006 6.258114 0.835930 147.050891 0.388613 13.995082 0.618767 110.339225 0.140340 -23.831065 3.683247 438.366083 -8.295673
1 -67.141201 0.430853 -61.316536 9.080327 35.994210 0.668180 5.115689 1.320691 28.258069 0.514988 -39.613277 2.111363 449.308863 -8.295673
1 -32.310015 0.593874 -70.354893 5.554931 62.763597 0.543081 -55.261071 3.917328 142.264589 0.698621 61.671691 1.681756 456.086089 -8.657086
1 -116.921832 0.262981 -69.938484 2.953212 273.611588 0.511286 2.551143 1.481074 354.950568 0.459736 35.044313 1.438963 58.038780 -8.657086
1 -47.170038 0.268778 72.700790 5.852674 406.937028 0.469151 -89.417460 7.068003 154.868163 0.506462 -2.084085 2.105158 325.317250 -8.657086
1 -77.167584 0.079693 -54.331680 5.645973 10.800916 0.392257 50.273737 1.865180 79.366952 0.121921 -7.961187 3.780023 499.964342 -8.657086
1 -32.270459 0.513993 -72.628356 5.050512 73.174127 0.541564 -49.742714 4.726963 156.187178 0.712223 72.842725 1.630974 450.704496 -8.657086
1 -33.694886 0.587615 -72.920076 5.698217 44.621182 0.543506 -54.747939 4.052767 146.385399 0.696997 65.851278 1.730913 460.235344 -8.657086
1 -77.499223 0.665578 -61.453177 1.694196 128.071773 0.159607 -32.026860 3.033784 449.725268 0.711582 -29.880488 7.925061 75.794196 -8.657086
1 -57.412615 0.441474 67.693744 7.141614 364.469471 0.331603 -88.752332 7.577239 170.319427 0.379641 -0.813908 1.213320 291.639833 -8.657086
1 -50.168180 0.112485 9.809517 0.734429 154.093964 0.355131 4.959548 0.387324 87.543367 0.127104 -21.382940 3.745191 445.042555 -8.657086
1 -112.975310 0.471695 83.102635 8.978432 31.588154 0.752163 -6.449455 4.947735 87.945495 0.556305 67.236475 1.659089 439.759379 -8.657086
1 -30.403012 0.647332 -55.543623 5.668122 80.952036 0.511731 -64.613374 4.495598 137.377835 0.697183 63.085252 1.592434 449.426758 -8.935118
1 -59.922004 0.265600 -70.396279 2.976973 274.866081 0.513008 1.821793 1.516155 355.003512 0.462714 35.481010 1.412690 57.589613 -8.935118
1 -40.091851 0.303718 82.803362 5.722369 408.277284 0.420990 -82.851822 7.767162 165.390645 0.504536 -0.552988 2.148116 312.173295 -8.935118
1 -34.010230 0.075184 -48.024971 5.785952 22.330598 0.388513 46.052448 2.007475 70.185029 0.101792 -7.093765 3.763975 496.119182 -8.935118
1 -32.336428 0.514019 -72.595620 5.052109 72.423602 0.541976 -49.782106 4.713693 155.508835 0.711700 72.899570 1.630631 450.861533 -8.935118
1 -33.125814 0.425876 -89.082683 4.709593 68.623528 0.393953 -39.425607 3.863870 469.441875 0.035123 39.581088 2.568285 212.014207 -8.935118
1 -93.385285 0.734495 -57.697796 1.515666 145.496337 0.148525 -32.334050 2.634340 424.513107 0.702993 -19.060213 8.456993 71.780639 -8.935118
1 -50.967206 0.490693 82.833807 7.539789 365.440767 0.369240 84.902297 7.912592 171.031051 0.425531 6.465408 1.030583 287.438456 -8.935118
1 -36.623476 0.115154 13.231296 0.775543 144.799069 0.365167 3.218151 0.441185 91.650014 0.139477 -18.182062 3.593344 442.263852 -8.935118
1 -113.969493 0.453948 -89.382806 9.404794 52.264684 0.756555 -7.656025 5.313967 85.378854 0.568573 65.470118 1.539846 436.395271 -8.935118
1 -32.520518 0.634397 -57.878457 5.444393 57.908763 0.509980 -65.164492 4.055731 147.266692 0.661199 63.431442 1.723306 450.181822 -9.132430
1 -62.366380 0.261114 -71.277168 2.966807 272.241313 0.512704 1.685893 1.465768 353.686826 0.458687 35.241261 1.434163 59.303032 -9.132430
1 -32.799923 0.372215 -76.126308 5.694667 421.764716 0.426573 85.650212 8.116481 234.466715 0.491006 9.993365 1.816109 267.707611 -9.132430
1 -50.442559 0.053874 -47.925812 5.760225 20.541611 0.367839 40.355989 1.940886 44.602004 0.088349 -4.929858 3.587684 488.172821 -9.132430
1 -36.257520 0.439701 -82.312657 3.815280 30.101296 0.535791 -62.687413 3.448231 139.842325 0.659895 69.016615 2.075023 478.025553 -9.132430
1 -30.067677 0.403473 -89.727246 4.775641 58.026684 0.395587 -36.284007 3.864929 454.454498 0.008116 38.020171 2.512220 230.022073 -9.132430
1 -77.378561 0.732526 -52.810799 1.726739 127.748232 0.149232 -35.636793 2.756304 436.608725 0.726106 -23.732785 8.477127 71.174268 -9.132430
1 -43.688865 0.481449 80.646118 7.393597 362.939469 0.375538 83.440979 7.968213 173.118001 0.428266 6.124132 1.000849 286.091366 -9.132430
1 -39.552205 0.073205 11.778689 0.530164 166.165376 0.365150 12.016841 0.214657 128.567640 0.121986 -25.360101 3.587994 388.124458 -9.132430
1 -8.977760 0.120473 12.486780 0.320253 160.718897 0.383120 0.797608 0.103331 94.673662 0.144372 -16.345547 3.730545 417.786571 -9.132430
1 -33.043731 0.563238 -68.483859 5.212904 25.674636 0.495494 -86.348189 3.961456 138.977431 0.638838 64.027328 1.627373 445.970832 -9.328716
1 -62.911366 0.261624 -71.093042 2.946294 271.903789 0.512673 1.210370 1.451595 353.984763 0.458442 35.296269 1.435164 59.175177 -9.328716
1 -28.154636 0.337195 -74.643149 5.806676 414.882794 0.473942 88.221894 7.618198 249.182984 0.468525 8.216440 1.915592 271.133667 -9.328716
1 -50.449107 0.030277 -52.159291 5.548888 26.635129 0.377863 47.102253 1.965823 47.438441 0.097767 -3.538981 3.648322 491.996446 -9.328716
1 -34.879975 0.434037 -82.487746 3.864822 35.809038 0.534342 -60.190108 3.556488 144.981117 0.655894 68.233633 2.030889 471.460781 -9.328716
1 -30.329765 0.401590 -89.532218 4.742453 57.805673 0.396109 -35.832005 3.838185 454.680362 0.010093 37.774500 2.510063 228.548349 -9.328716
1 -44.734993 0.233698 69.821632 2.352340 10.763154 0.558777 -56.048165 3.074329 148.102252 0.653677 73.949355 2.317861 490.909198 -9.328716
1 -49.781402 0.497938 82.257116 7.380288 356.402331 0.379226 78.961035 7.995797 165.513506 0.434982 8.920676 1.026138 297.956410 -9.328716
1 -37.308271 0.080457 7.320845 0.753117 168.196369 0.369442 12.054816 0.413406 130.083785 0.144310 -23.129488 3.491434 388.181386 -9.328716
1 -40.395690 0.119668 12.227480 0.334866 161.512069 0.382465 1.193682 0.104739 94.674198 0.142118 -16.556041 3.715206 417.328454 -9.328716
1 -34.012431 0.514182 -37.729987 4.494057 32.493433 0.494572 84.591412 3.633671 124.619902 0.676108 66.187630 1.589373 454.341724 -9.496381
1 -58.940474 0.264578 -84.597053 3.086667 278.429292 0.495722 2.258514 1.472838 350.022027 0.471040 34.238660 1.325205 59.164257 -9.496381
1 -21.619431 0.343427 -62.484993 5.644397 444.461534 0.497947 -83.014489 7.344239 249.968124 0.454371 4.149896 2.665969 268.714684 -9.496381
1 -32.359934 0.012600 -47.894139 5.412530 35.262061 0.382121 56.479581 1.963289 38.924728 0.104343 -7.071010 3.665187 492.773038 -9.496381
1 -34.809475 0.445209 -86.104684 3.981810 29.049661 0.535047 -63.151318 3.613618 158.422754 0.648737 70.727086 1.994377 463.903623 -9.496381
1 -30.491156 0.407350 -88.917609 4.674983 57.850883 0.398959 -37.364243 3.809988 454.440326 0.021749 36.406286 2.577743 229.285646 -9.496381
1 -37.882658 0.240753 74.429323 2.546906 24.277918 0.539481 -61.512197 3.392395 139.458492 0.692253 72.609370 1.984002 481.794895 -9.496381
1 -65.990664 0.423307 81.331539 7.482934 348.682947 0.413493 72.500741 7.847814 187.533745 0.412564 7.533620 0.902060 296.327086 -9.496381
1 -8.378696 0.086113 5.043418 0.788983 171.132047 0.384675 13.326606 0.184599 110.142498 0.124186 -25.162311 3.446633 392.191868 -9.496381
1 -9.754106 0.118346 13.516130 0.341494 159.855047 0.381882 0.893679 0.114390 93.270848 0.140904 -16.609644 3.723097 420.086383 -9.496381
1 -37.118158 0.517967 -33.683136 4.275875 32.049190 0.510207 79.306641 3.694207 122.536128 0.710739 72.424817 1.662535 468.639347 -9.673957
1 -70.095151 0.220301 88.977857 2.642636 288.461915 0.480242 1.903228 1.609885 340.715736 0.474061 38.592704 1.330974 55.185906 -9.673957
1 -21.698212 0.358241 -63.243400 5.855542 448.725138 0.498970 -84.023533 7.403035 251.507583 0.452389 3.178985 2.766327 274.447863 -9.673957
1 -52.054927 0.028603 -45.775124 5.630800 33.934390 0.369242 72.948767 1.845926 33.879472 0.100991 -9.370088 3.546873 485.051663 -9.673957
1 -31.739445 0.460009 -84.899605 4.444621 58.163755 0.524601 -51.466336 4.105041 162.374421 0.618709 65.569258 1.925126 450.274690 -9.673957
1 -58.333578 0.075349 83.366741 0.404770 235.784267 0.640854 -24.636081 0.564501 19.675790 0.363165 71.688473 0.811425 322.429951 -9.673957
1 -35.949594 0.253917 80.057232 2.159184 46.852429 0.516791 -59.775792 3.235270 145.209156 0.703409 69.252246 2.014080 479.484946 -9.673957
1 -60.894331 0.440856 85.814050 7.692580 338.610644 0.410740 62.700999 8.139830 199.895418 0.459766 14.347092 0.847454 307.819261 -9.673957
1 -10.188805 0.087206 5.550550 0.728405 165.085873 0.388292 11.912795 0.130326 108.616325 0.126361 -24.951134 3.391676 394.334232 -9.673957
1 -10.495828 0.121463 13.783342 0.374254 157.380418 0.372622 0.368859 0.082255 95.575204 0.147538 -22.061775 3.906078 428.109303 -9.673957
1 -26.412278 0.535114 -30.486834 4.917745 37.746784 0.491315 65.934236 4.471752 113.968185 0.791893 73.055082 0.969543 431.177913 -9.859047
1 -65.071654 0.225263 85.252819 2.998534 293.390382 0.479295 1.600316 1.613492 337.378827 0.465896 34.520728 1.186230 50.845978 -9.859047
1 -23.549471 0.367159 -71.030106 6.042144 440.805260 0.497535 -86.094606 7.459039 258.873033 0.465041 2.785490 2.737290 275.891395 -9.859047
1 -30.268549 0.060120 -44.668834 5.759126 18.046934 0.379765 64.526554 2.207836 21.211138 0.106329 -10.813028 3.586048 489.282713 -9.859047
1 -32.725290 0.433892 -84.260939 4.387554 53.033528 0.525253 -51.003795 3.861873 157.322274 0.612752 66.064998 2.008275 455.720886 -9.859047
1 -52.089198 0.063303 77.814133 0.351019 243.396481 0.633913 -23.639619 0.515396 37.722397 0.376672 71.522427 0.546592 297.511148 -9.859047
1 -37.420215 0.280374 79.898280 2.134364 68.025821 0.513810 -60.543458 3.593547 134.782031 0.758275 71.472531 1.710177 476.958907 -9.859047
1 -52.775640 0.459976 -88.577474 7.739725 346.970934 0.400637 61.505608 8.204591 218.484844 0.458330 12.676724 0.944447 297.349685 -9.859047
1 -30.517357 0.092396 4.114811 0.884831 171.861686 0.386284 12.344349 0.112864 112.756232 0.118824 -28.054868 3.293540 380.950496 -9.859047
1 -12.325229 0.121517 14.161194 0.363241 158.131693 0.370897 0.120112 0.076980 94.729642 0.146578 -22.325157 3.884940 427.362316 -9.859047
1 -26.544652 0.536301 -30.904461 4.926557 37.021623 0.491754 65.743493 4.478826 114.064097 0.792744 73.226349 0.965519 431.325296 -10.028078
1 -25.208426 0.232757 84.589309 3.015870 302.518419 0.481413 -0.944611 1.731899 342.503248 0.473686 34.711159 1.164776 46.036536 -10.028078
1 -24.108483 0.366893 -70.255645 6.066963 440.663024 0.495596 -84.784110 7.466549 261.009374 0.459131 2.637750 2.701331 275.551707 -10.028078
1 -29.827726 0.063650 -41.794187 5.932762 24.865538 0.371182 66.251418 2.424233 26.830923 0.100841 -13.282798 3.600502 487.026925 -10.028078
1 -33.182177 0.433160 -86.743186 4.294422 51.101244 0.521239 -49.683768 3.839269 155.269996 0.601528 64.247938 2.098463 459.643894 -10.028078
1 -23.097845 0.096608 40.698030 0.883849 242.631422 0.635792 -21.959845 0.639548 41.530827 0.342413 69.524660 0.633607 294.887113 -10.028078
1 -41.890843 0.218716 67.814941 3.725306 65.924421 0.527197 -57.241906 4.040866 158.008263 0.718170 73.017046 2.243276 496.641837 -10.028078
1 -51.610945 0.446626 86.930503 7.822946 341.383235 0.384386 63.479387 8.178973 219.692506 0.464602 10.137173 0.945336 301.766273 -10.028078
1 -7.743443 0.095557 3.229281 0.872538 172.086285 0.391594 10.971728 0.062950 108.968071 0.117466 -28.194957 3.321603 383.078602 -10.028078
1 -31.128058 0.126268 11.640289 0.337260 153.700905 0.375857 -0.726200 0.099648 95.936604 0.148565 -20.328782 3.822980 428.560047 -10.028078
1 -26.557048 0.537110 -30.894479 4.951051 37.550317 0.491376 65.729400 4.471913 115.084985 0.794364 73.091856 0.967288 431.936303 -10.189436
1 -25.152594 0.217912 84.307997 3.011666 302.701639 0.478583 -0.559816 1.744039 343.346862 0.472179 32.597016 1.258831 50.227541 -10.189436
1 -24.123889 0.368513 -70.860584 6.129743 443.264373 0.478375 -85.091245 7.217816 262.189674 0.454314 1.803630 2.799579 277.535091 -10.189436
1 -25.988530 0.049073 -40.023918 5.876073 23.269364 0.369350 64.776428 2.463824 30.632236 0.091858 -13.527010 3.609160 485.653127 -10.189436
1 -34.229892 0.431148 -84.313694 4.194391 49.361594 0.507775 -51.181647 3.882557 158.117185 0.599971 62.308720 2.176945 464.111867 -10.189436
1 -20.760390 0.096257 45.337975 1.049681 245.516402 0.631409 -20.501308 0.640369 55.243522 0.329089 70.716283 0.635788 282.640060 -10.189436
1 -32.300082 0.348211 56.681488 5.355906 22.904949 0.406381 -36.786005 4.786541 133.837289 0.693223 69.575059 1.654611 456.879464 -10.189436
1 -50.926603 0.429444 83.766920 7.399348 341.622524 0.381971 49.358357 7.842089 223.953643 0.432155 7.126310 1.134000 306.722226 -10.189436
1 -27.653567 0.083301 -3.364772 0.972423 165.029444 0.392245 12.481043 0.043996 103.104970 0.109943 -29.940073 3.405449 396.719474 -10.189436
1 -28.682291 0.117385 9.275907 0.483899 157.264272 0.359693 -0.802825 0.104897 93.829931 0.128632 -17.544644 3.819341 427.058723 -10.189436
1 -26.369287 0.537069 -30.487419 4.968906 39.303231 0.491200 66.353654 4.492234 114.847169 0.792617 72.832639 0.957491 430.784377 -10.458739
1 -49.793769 0.237206 74.163664 3.617599 358.724725 0.528446 -10.012684 2.899585 343.664472 0.436372 50.553902 0.841762 42.011065 -10.458739
1 -24.791995 0.364589 -70.126589 6.092960 442.462401 0.473453 -84.337157 7.154071 263.120760 0.453386 1.838623 2.877779 280.703439 -10.458739
1 -20.659348 0.042519 -31.423738 5.994913 12.863230 0.386701 65.036731 2.504418 34.201496 0.086089 -11.960239 3.655873 478.150378 -10.458739
1 -32.323741 0.442079 -84.496063 4.281187 43.718709 0.500478 -46.352455 3.833702 154.526459 0.622034 66.817723 1.989752 456.661179 -10.458739
1 -24.020841 0.196130 46.009677 8.188508 233.947411 0.617954 -41.358378 9.346722 26.934465 0.377665 32.118743 0.558760 236.941428 -10.458739
1 -34.745204 0.270249 65.264593 5.428681 62.213266 0.404223 -55.034118 3.975351 122.702581 0.721787 69.306926 1.815345 475.118309 -10.458739
1 -52.038089 0.428950 81.722266 7.405342 345.329193 0.382788 48.668807 7.893122 220.909021 0.424434 6.815439 1.156131 307.530621 -10.458739
1 -7.697347 0.086655 2.252646 1.048416 176.555807 0.390560 17.269504 0.158264 107.466306 0.108773 -31.182029 3.333446 386.360060 -10.458739
1 -29.746825 0.116023 9.795779 0.473616 159.459339 0.359157 -1.021609 0.082964 95.368677 0.128014 -17.674570 3.826660 425.709753 -10.458739
1 -26.240277 0.536493 -30.308923 4.959201 39.406692 0.490777 66.329487 4.485827 114.822245 0.791985 72.667447 0.961500 430.703990 -10.680920
1 -6.985549 0.086050 0.804945 1.066053 174.410933 0.389867 15.947180 0.154157 109.337202 0.106814 -32.532292 3.430462 389.524867 -10.680920
1 -20.990551 0.383165 -66.825891 6.131424 447.326031 0.473990 -82.792180 7.070728 262.132416 0.472288 3.066336 2.926461 279.675502 -10.680920
1 -20.748037 0.043345 -31.116873 5.944336 12.299029 0.388258 64.339337 2.458908 34.244806 0.088551 -12.035507 3.650356 477.991241 -10.680920
1 -33.226358 0.420928 89.779085 3.980375 24.565379 0.478258 -43.971993 3.584465 130.641576 0.580661 68.601435 2.240689 470.562849 -10.680920
1 -22.280114 0.180820 61.698864 8.351976 142.065767 0.506313 -31.123583 8.542280 18.647779 0.433474 37.452975 0.259860 229.283817 -10.680920
1 -39.392713 0.279252 61.217459 5.364668 42.896699 0.414132 -59.290154 3.638307 114.816164 0.726461 74.859014 1.995465 493.476302 -10.680920
1 -50.765739 0.433907 82.171184 7.432795 332.289187 0.368862 48.180960 7.933899 200.600229 0.435147 8.218958 0.899305 302.877262 -10.680920
1 -27.911181 0.075890 12.325872 1.077896 188.565739 0.362002 24.267358 0.371415 111.937784 0.074541 -39.286875 3.462234 380.848263 -10.680920
1 -10.805291 0.120842 9.140162 0.435679 155.817048 0.360873 -2.952135 0.094865 96.631326 0.131904 -16.035655 3.816294 425.561854 -10.680920
1 -26.233459 0.536481 -30.675453 4.946474 40.075326 0.490979 66.415839 4.488748 114.243100 0.790798 72.754892 0.965439 430.503639 -11.004149
1 -7.547320 0.075566 2.423619 1.086998 176.220996 0.393174 13.448245 0.116459 108.059991 0.106527 -33.789512 3.410050 387.453970 -11.004149
1 -23.021749 0.384766 -64.295784 6.120073 445.654616 0.473034 -82.194822 7.026869 263.453657 0.479792 3.637311 2.926676 282.145018 -11.004149
1 -20.345228 0.040774 -31.222596 5.909924 10.434721 0.382485 64.103590 2.407953 36.760117 0.087931 -12.333819 3.683977 479.365797 -11.004149
1 -33.021318 0.389281 -80.981681 4.324477 44.713321 0.453022 -57.292446 3.544487 118.943596 0.526557 68.762680 2.335159 469.777613 -11.004149
1 -22.117235 0.154965 60.245186 8.343956 141.244048 0.524691 -26.058840 8.616240 19.103891 0.401665 36.095331 0.422046 232.759223 -11.004149
1 -37.599476 0.283449 70.489974 5.415391 27.401658 0.394495 -49.657969 3.407328 128.136258 0.715570 72.459616 1.913409 480.674981 -11.004149
1 -6.197433 0.096694 8.513601 0.525388 155.619298 0.359008 -1.018453 0.002803 94.117105 0.099933 -21.093466 3.892365 424.507302 -11.004149
1 -29.207648 0.078283 7.851503 1.073143 189.682445 0.359822 23.345378 0.365356 112.543653 0.068333 -38.695972 3.504622 380.651472 -11.004149
1 -10.979449 0.120823 9.232983 0.435637 156.156196 0.360553 -3.109890 0.081217 96.413396 0.132504 -15.830986 3.825093 425.998683 -11.004149
1 -26.217775 0.533140 -30.499683 4.933780 40.402720 0.492279 66.303148 4.478025 113.907355 0.792047 72.621678 0.960409 430.777531 -11.333253
1 -9.399133 0.075675 3.243961 1.010273 169.010908 0.395112 10.873036 0.078566 104.669997 0.110348 -31.816292 3.438221 395.141436 -11.333253
1 -23.077363 0.427373 -64.670425 6.005145 442.764714 0.467508 -88.675377 7.168716 260.400003 0.475223 1.234933 3.006880 289.859962 -11.333253
1 -20.450092 0.037816 -30.946160 5.845451 10.559153 0.379630 64.348648 2.347379 37.383721 0.086107 -12.120868 3.704512 480.484149 -11.333253
1 -28.267216 0.080910 3.294501 1.185657 181.661800 0.395692 16.876493 0.200264 111.588617 0.110000 -34.809236 3.303627 381.445134 -11.333253
1 -22.122122 0.219417 46.600063 8.559981 146.445125 0.571561 -19.165134 9.136209 21.671407 0.412910 35.824765 0.271899 226.448546 -11.333253
1 -35.825312 0.312747 70.054221 5.725363 27.539913 0.393811 -53.406286 3.462198 123.611531 0.722480 68.776505 1.819330 477.759791 -11.333253
1 -7.232399 0.100287 9.908185 0.608247 156.695261 0.357206 -2.499737 0.031560 95.284185 0.108751 -21.111932 3.917585 426.221691 -11.333253
1 -30.499003 0.078075 6.873329 1.064048 193.235791 0.362602 23.224375 0.294276 115.594210 0.070876 -38.324361 3.600000 376.834690 -11.333253
1 -9.723911 0.118200 9.856593 0.417806 154.162378 0.356959 -3.278610 0.065996 97.923077 0.127022 -17.276959 3.792591 422.707334 -11.333253
1 -26.117980 0.532590 -30.439542 4.929910 41.090609 0.492674 66.435613 4.490388 113.111387 0.791279 72.487890 0.956083 430.383846 -11.643130
1 -10.297556 0.074985 3.243996 0.991471 165.886806 0.406222 11.758672 0.125710 104.178458 0.109471 -31.361442 3.356239 396.195747 -11.643130
1 -23.757759 0.430349 -65.273193 5.512719 450.596458 0.447934 -87.562681 6.896951 280.077356 0.450598 -1.346225 3.069161 273.133494 -11.643130
1 -20.626807 0.037766 -31.482055 5.765990 11.021802 0.377548 64.157446 2.264250 38.576322 0.084305 -12.529775 3.741410 482.575793 -11.643130
1 -7.661713 0.077222 1.921535 1.249683 180.713357 0.404328 21.554378 0.196199 111.093216 0.108365 -36.714710 3.159031 375.453189 -11.643130
1 -22.051878 0.224158 44.548769 8.483169 147.734781 0.573449 -17.009622 9.127601 21.236982 0.413537 35.827135 0.263892 225.524381 -11.643130
1 -38.095962 0.324736 69.533535 5.820043 22.064814 0.399994 -59.839056 3.464134 133.575343 0.725921 71.235901 1.874775 481.836021 -11.643130
1 -10.868489 0.100946 8.078794 0.610926 162.730833 0.362515 -4.220369 0.049795 96.668184 0.110587 -19.573253 4.028797 428.480178 -11.643130
1 -28.569610 0.073239 4.199591 1.231839 199.920665 0.346856 26.156180 0.073997 112.809669 0.074617 -35.616654 3.691666 384.499196 -11.643130
1 -8.225210 0.080209 4.107036 0.884937 169.874080 0.387373 -5.096761 0.078544 96.353836 0.102990 -22.889403 4.113118 430.179847 -11.643130
1 -26.220234 0.532880 -30.452174 4.939014 40.603724 0.492757 66.541234 4.497615 113.112207 0.791955 72.595867 0.950688 430.439061 -11.982645
1 -7.935629 0.116944 10.372874 0.547763 160.983350 0.349251 -11.751789 0.073230 94.650560 0.121584 -16.330799 4.223048 439.250836 -11.982645
1 -12.039483 0.106052 7.693559 0.831135 161.993439 0.407145 14.726983 0.121285 105.142304 0.103327 -30.011270 3.030091 382.439788 -11.982645
1 -20.225325 0.041917 -30.341991 5.781187 11.250759 0.379058 62.472931 2.329113 37.881356 0.083345 -12.196166 3.759740 483.277767 -11.982645
1 -6.350963 0.097809 -0.713711 1.050356 177.945136 0.395607 21.651626 0.328030 116.674868 0.114878 -33.451667 3.267419 378.405088 -11.982645
1 -21.354771 0.345903 -41.480966 8.646582 52.851695 0.092263 60.165452 9.473238 471.964733 0.354716 -22.836623 1.236139 261.160306 -11.982645
1 -40.256640 0.328590 65.911479 5.893459 13.648477 0.420778 -65.534435 3.586162 129.451463 0.757198 74.016387 1.844789 493.147352 -11.982645
1 -5.781729 0.052772 -2.590632 1.320902 188.230092 0.408716 7.087427 0.171186 102.760244 0.079571 -31.830394 3.982942 412.621866 -11.982645
1 -32.197917 0.077061 3.200702 1.191864 204.196644 0.339327 26.521546 0.126687 112.417811 0.069355 -31.621049 3.724207 387.136651 -11.982645
1 -6.794432 0.081070 2.883431 0.891439 172.695966 0.386913 -2.457919 0.091782 99.149336 0.096302 -25.686691 4.137470 426.157050 -11.982645
1 -26.328194 0.534092 -30.409042 4.897051 39.658844 0.491222 66.497543 4.513438 114.587266 0.792863 72.675599 0.939499 430.071354 -12.187386
1 -7.028525 0.091661 7.153214 0.815263 172.426616 0.377431 -9.369431 0.039010 94.281404 0.112314 -21.815883 4.262616 433.928321 -12.187386
1 -9.646852 0.107744 7.849198 0.862516 158.602560 0.399667 13.634272 0.066113 105.197953 0.102900 -29.743716 3.092956 384.584147 -12.187386
1 -20.287003 0.039561 -30.256479 5.691624 13.534788 0.382050 62.132011 2.260243 39.555396 0.083270 -12.229346 3.790765 484.884830 -12.187386
1 -4.664789 0.090234 -2.437090 0.957597 179.703272 0.391594 18.500578 0.199748 117.112715 0.110422 -32.653408 3.507921 382.536023 -12.187386
1 -20.859402 0.351619 -41.956803 8.652473 62.860925 0.096563 60.368078 9.436314 472.402933 0.355794 -22.143158 1.193737 257.093764 -12.187386
1 -4.633357 0.050433 -2.885460 1.268739 182.924778 0.416764 4.296442 0.172582 106.516935 0.064553 -36.143781 3.963872 409.955803 -12.187386
1 -4.448455 0.061074 1.779222 1.219491 186.454821 0.400589 0.391364 0.002734 95.270887 0.084246 -31.501598 4.185539 421.347516 -12.187386
1 -2.976568 0.070388 1.588044 1.621769 199.480354 0.318539 32.124650 0.475980 122.796885 0.054173 -33.443789 3.654612 380.128800 -12.187386
1 -5.876969 0.068250 0.145328 0.964886 176.366344 0.393823 -0.695967 0.165397 105.519568 0.088497 -29.132087 4.148082 420.657506 -12.187386
1 -25.487250 0.529731 -31.168397 4.968405 42.196403 0.494186 67.764432 4.509175 114.745344 0.788773 71.265436 0.937783 428.521541 -12.403208
1 -6.768161 0.086576 6.835227 0.869669 174.814886 0.376200 -9.093896 0.068990 97.223492 0.104598 -23.380866 4.272304 431.481934 -12.403208
1 -7.764144 0.111569 8.634746 0.826411 158.372792 0.399896 13.831235 0.040627 103.449938 0.098882 -30.247793 3.068538 382.667283 -12.403208
1 -21.020660 0.039938 -30.026755 5.710756 16.787578 0.383948 63.825762 2.214212 39.117154 0.085261 -12.428018 3.748664 483.204350 -12.403208
1 -5.647196 0.086863 -3.932575 1.033564 181.138157 0.399452 18.108452 0.195579 117.738733 0.111243 -33.437073 3.482730 381.436705 -12.403208
1 -20.951270 0.352278 -41.852414 8.597296 68.793527 0.100546 60.114068 9.494151 474.928795 0.355152 -21.627221 1.162786 254.799450 -12.403208
1 -4.568908 0.049520 -2.767347 1.234502 179.835965 0.422347 3.515766 0.144505 104.451906 0.057670 -36.241113 3.872766 408.421392 -12.403208
1 -7.112496 0.061010 2.830416 1.330961 189.648210 0.412581 -2.578301 0.030222 95.896309 0.086780 -31.130688 4.203513 423.794969 -12.403208
1 -3.750763 0.066062 3.383536 1.584945 200.442773 0.318729 34.757745 0.467974 121.205621 0.059557 -34.149193 3.646654 379.344022 -12.403208
1 -6.910658 0.060913 -3.423739 1.003780 170.763918 0.398126 -0.874075 0.191595 107.390172 0.081063 -32.553384 4.166319 424.271040 -12.403208
1 -25.612649 0.528200 -30.429212 4.976483 44.777064 0.494108 69.314699 4.521287 115.254750 0.791054 71.383814 0.931486 428.834182 -12.581747
1 -7.019763 0.081671 10.480034 0.806911 179.030711 0.367933 -13.352316 0.044492 93.116154 0.128630 -21.572464 4.517281 439.924302 -12.581747
1 -8.320202 0.112481 9.075843 0.814740 158.135639 0.403323 11.759932 0.006399 100.522876 0.101824 -29.963612 3.105545 386.254588 -12.581747
1 -7.785736 0.083087 -4.694267 0.905567 176.496157 0.410815 12.627941 0.207701 113.770300 0.118507 -32.762012 3.555751 391.020289 -12.581747
1 -3.625570 0.050304 0.626501 1.789912 202.176123 0.359901 40.250685 0.371776 121.283566 0.039310 -41.350487 3.392118 368.735463 -12.581747
1 -21.481498 0.345702 -41.981120 8.546614 68.982815 0.100489 57.351841 9.463608 473.615122 0.354191 -21.257871 1.248215 260.692608 -12.581747
1 -5.848488 0.053858 -5.452520 1.105314 173.402129 0.435671 2.857974 0.188245 110.133333 0.057492 -38.814233 3.740898 403.081463 -12.581747
1 -6.342157 0.054679 1.746282 1.446492 194.320023 0.407876 0.710575 0.054331 96.971563 0.081557 -32.131091 4.242391 423.189950 -12.581747
1 -2.374463 0.069256 7.316490 1.855620 213.666345 0.351308 41.697564 0.248594 108.595467 0.063336 -35.464229 3.319550 365.721523 -12.581747
1 -4.381549 0.051325 0.095587 1.853645 207.888790 0.376437 42.292567 0.425671 122.692106 0.034010 -43.345042 3.137417 352.800861 -12.581747
1 -25.746860 0.529733 -30.231221 4.972383 43.415137 0.495770 68.591434 4.523359 113.977692 0.792788 71.419830 0.911719 428.932125 -12.721859
1 -5.558389 0.084766 10.170864 0.747788 177.484338 0.373083 -13.689529 0.007463 93.435902 0.127325 -21.179145 4.543357 439.517359 -12.721859
1 -9.309475 0.119789 6.465807 0.574863 154.617074 0.426023 5.500334 0.032086 105.711070 0.112347 -29.445609 2.921758 375.772083 -12.721859
1 -6.969294 0.100302 -4.628404 0.666753 171.441959 0.426578 9.132014 0.175655 112.734199 0.128687 -34.226107 3.486486 386.941930 -12.721859
1 -3.017439 0.058425 2.601700 1.933200 206.792396 0.344992 47.604909 0.404837 120.134517 0.048034 -39.404214 3.311908 364.915809 -12.721859
1 -1.825883 0.053260 -1.026649 1.655921 193.083360 0.375245 33.938563 0.450432 123.257439 0.044958 -40.227368 3.429092 375.393994 -12.721859
1 -6.339035 0.064808 -7.420823 1.181947 170.529465 0.458902 4.639978 0.146174 110.495666 0.040878 -40.801908 3.527854 395.315182 -12.721859
1 -6.015932 0.064683 4.221087 1.513607 200.816680 0.404250 1.828818 0.002051 91.329827 0.088384 -30.821103 4.187588 420.827292 -12.721859
1 -2.124826 0.077803 3.790140 2.042564 219.480628 0.354528 45.066466 0.244127 112.409041 0.055878 -40.766617 3.161427 355.152305 -12.721859
1 -3.541098 0.048643 -2.330035 1.906628 208.918992 0.352274 47.450957 0.555133 131.016924 0.044012 -42.910314 3.054531 345.356556 -12.721859
1 -1.999474 0.060000 -0.856086 1.640277 198.098429 0.340243 40.749756 0.492419 128.036841 0.070765 -37.692215 3.357167 364.764266 -12.835747
1 -5.188664 0.085220 10.139426 0.742059 177.206662 0.373229 -13.643279 0.004362 93.514848 0.125939 -21.437183 4.516797 437.984516 -12.835747
1 -8.070058 0.120764 8.887485 0.912725 166.973357 0.416262 10.619262 0.025701 102.926995 0.097644 -26.368899 3.041145 379.191172 -12.835747
1 -7.829049 0.100006 -3.343241 0.586552 169.867981 0.427590 4.554690 0.114532 112.663155 0.131433 -33.714948 3.557758 389.695929 -12.835747
1 -5.897448 0.078187 11.907017 0.687919 170.546122 0.397835 14.381086 0.006785 110.617092 0.108182 -24.739486 2.677617 350.025025 -12.835747
1 -3.798361 0.050631 1.537307 2.101439 212.612675 0.373901 43.302957 0.442864 121.819772 0.025161 -42.002869 3.168695 356.315266 -12.835747
1 -6.744564 0.068512 -7.577310 1.202553 172.270618 0.464408 3.892982 0.097201 107.056145 0.041376 -40.505236 3.558843 398.292358 -12.835747
1 -7.673751 0.073976 0.921815 1.368773 197.228132 0.407890 1.818785 0.042723 93.673713 0.092587 -26.246199 4.066403 417.554024 -12.835747
1 -1.993478 0.097542 5.077575 1.914128 216.998134 0.370428 34.866717 0.095265 100.865036 0.063178 -38.172265 3.391815 373.459433 -12.835747
1 -3.062662 0.021506 6.737935 1.817090 220.023812 0.360332 44.922125 0.178047 114.814472 0.045473 -37.653003 2.987999 340.765663 -12.835747
1 -2.332950 0.080628 -2.864713 1.721611 190.550823 0.362012 39.404594 0.607622 135.136702 0.036637 -42.298834 3.221758 361.828897 -12.931555
1 -5.513455 0.082666 9.544186 0.741958 176.741250 0.376295 -13.798710 0.004835 93.145749 0.125357 -21.469378 4.496490 437.915492 -12.931555
1 -3.886344 0.014644 -4.747107 0.990104 175.048699 0.440156 9.478546 0.102509 116.819474 0.056508 -39.739298 3.214048 367.556127 -12.931555
1 -8.129599 0.120707 2.559377 0.323096 165.795716 0.393032 2.482042 0.133014 113.872572 0.166457 -26.718031 3.608578 391.370193 -12.931555
1 -6.104624 0.071011 11.025537 0.686161 167.915338 0.394016 14.963591 0.017014 112.713277 0.113130 -26.629743 2.678094 348.827922 -12.931555
1 -2.750939 0.051670 4.514862 2.119072 214.501725 0.383178 45.300905 0.342958 120.883100 0.010192 -44.513062 2.858180 341.541681 -12.931555
1 -2.128019 0.086920 14.141643 2.096720 244.970967 0.298487 39.095901 0.116927 94.643929 0.114460 -23.326255 3.751584 380.399360 -12.931555
1 -6.572602 0.064541 1.310170 1.283504 195.226951 0.398691 4.332584 0.114971 100.307817 0.097236 -25.502743 3.943060 408.203101 -12.931555
1 -2.046096 0.083455 7.578970 2.229920 226.268367 0.363616 40.244433 0.108958 99.762719 0.040089 -39.215381 3.470747 376.251320 -12.931555
1 -1.915139 0.018724 2.746309 1.596797 206.896506 0.380235 34.362771 0.175486 114.696890 0.046341 -36.707570 3.150080 354.024060 -12.931555
1 -1.913578 0.088876 -1.208042 1.602004 186.991758 0.363441 40.936964 0.601282 136.343039 0.041283 -42.939761 3.121121 357.936681 -13.037556
1 -5.343052 0.082572 8.415777 0.789419 175.742817 0.380118 -11.325901 0.052896 96.621268 0.113608 -24.090630 4.412899 433.324615 -13.037556
1 -3.499748 0.016042 -5.252252 0.996936 177.077785 0.435884 8.786369 0.109641 116.283839 0.055401 -39.156749 3.262011 368.835527 -13.037556
1 -6.499146 0.124747 5.731255 0.293086 162.265679 0.387965 13.133585 0.159862 121.521115 0.162121 -29.255433 3.029980 361.587720 -13.037556
1 -6.388352 0.053002 7.817481 0.818146 167.886758 0.406488 12.978766 0.027135 112.561095 0.094607 -29.058858 2.737445 352.611044 -13.037556
1 -2.285951 0.057089 2.509786 1.773086 200.493431 0.396566 41.199615 0.392010 127.556123 0.013116 -46.519726 2.756966 337.091380 -13.037556
1 -1.982789 0.083658 15.562687 2.292829 254.931079 0.293064 42.047781 0.035885 89.952305 0.103097 -22.939564 3.809642 380.893205 -13.037556
1 -5.536443 0.043589 -2.344467 1.047201 179.237990 0.424420 0.753672 0.143056 105.378109 0.078270 -29.754350 3.794564 403.560609 -13.037556
1 -2.194771 0.090013 10.375261 2.492277 245.263629 0.378341 44.621942 0.013110 92.502408 0.042572 -32.564399 3.669075 382.787764 -13.037556
1 -2.500070 0.014486 -0.044650 1.451610 198.222202 0.393624 32.965926 0.232546 121.703004 0.029893 -39.563634 3.102776 351.384256 -13.037556
1 -1.856492 0.091001 2.846766 1.651822 189.403662 0.347382 42.088283 0.574565 133.894550 0.046411 -40.462298 3.109732 357.524458 -13.140825
1 -4.715359 0.077810 8.959990 0.951640 182.062552 0.376388 -8.979384 0.042724 94.433477 0.106107 -23.905654 4.465774 434.905129 -13.140825
1 -5.370408 0.059748 -4.503920 0.588047 161.259562 0.423042 4.683985 0.185887 121.725916 0.090080 -38.841621 3.059536 362.681422 -13.140825
1 -6.571163 0.126980 4.736551 0.195187 156.929489 0.392170 10.168342 0.242946 126.176274 0.157182 -29.912530 3.016878 361.498621 -13.140825
1 -5.812825 0.058654 8.100458 1.035975 175.990765 0.401234 15.678512 0.037333 109.403482 0.091498 -29.303744 2.727646 352.354633 -13.140825
1 -2.147398 0.036765 -1.521699 0.877369 177.440805 0.348645 16.998233 0.359049 127.848010 0.042017 -40.808404 3.409181 366.307882 -13.140825
1 -2.035820 0.081432 11.478409 2.013820 234.887343 0.287266 38.803169 0.229467 103.385292 0.102265 -25.806644 3.668733 375.757916 -13.140825
1 -5.748703 0.048243 2.313386 1.090827 185.094924 0.404759 -2.945093 0.076868 97.250661 0.093262 -24.159167 4.106462 419.487718 -13.140825
1 -2.215118 0.104800 2.449995 2.221734 214.957127 0.391316 46.916880 0.418734 117.584417 0.026205 -42.246023 3.250209 366.912032 -13.140825
1 -1.898657 0.015761 0.879898 1.515990 203.828616 0.409983 26.086602 0.095623 111.143639 0.041146 -34.895553 3.502576 373.863631 -13.140825
1 -2.477561 0.107960 2.938007 1.406495 185.801866 0.344109 40.811212 0.491253 133.659330 0.058929 -41.053198 3.130395 354.763627 -13.257658
1 -4.427134 0.076718 9.116907 0.980605 183.848719 0.375902 -8.489033 0.021570 93.038360 0.105180 -23.472863 4.482755 435.457403 -13.257658
1 -9.619831 0.033907 0.933736 0.846744 170.061543 0.408111 -0.386439 0.454363 127.305453 0.104301 -34.315168 3.389550 381.035976 -13.257658
1 -7.976838 0.141243 3.917125 0.280457 158.795856 0.385531 9.049678 0.359749 126.398700 0.155689 -33.322678 3.373220 380.448503 -13.257658
1 -6.160422 0.050225 7.805757 1.020394 175.358060 0.401368 12.903584 0.054741 108.874799 0.087665 -29.298996 2.737012 354.054720 -13.257658
1 -2.521117 0.039561 -2.178856 0.947746 178.848179 0.344098 21.156906 0.420126 131.671504 0.037891 -42.544464 3.318172 360.405357 -13.257658
1 -2.054712 0.078187 8.804844 1.895480 235.449490 0.295445 34.237569 0.052919 95.193120 0.107842 -23.366950 3.566825 373.403932 -13.257658
1 -4.655800 0.041946 2.410412 1.012233 181.932231 0.411796 -3.123416 0.102822 100.895811 0.085227 -25.072411 4.106422 416.917793 -13.257658
1 -2.164474 0.111333 1.298861 2.017495 207.631844 0.389313 43.916713 0.486570 122.752131 0.032313 -43.621076 3.278807 367.710990 -13.257658
1 -1.966602 0.019741 1.880958 1.713803 212.012918 0.406222 27.969069 0.080702 107.098298 0.042365 -33.501032 3.624571 379.764056 -13.257658
1 -2.088274 0.092295 1.715141 1.443593 184.038508 0.360645 37.476154 0.504533 133.566158 0.046991 -44.322739 3.213149 361.439478 -13.445504
1 -4.533713 0.078157 9.896291 0.936740 176.996956 0.391785 -2.038368 0.110085 101.337312 0.091791 -28.733784 4.209735 422.795841 -13.445504
1 -9.434503 0.011349 -1.180315 0.770966 169.202645 0.423610 -6.571514 0.422193 122.139243 0.096410 -34.144579 3.576295 391.951813 -13.445504
1 -7.735416 0.143136 4.278354 0.237440 153.546020 0.398276 8.070668 0.351880 125.796725 0.145071 -34.513801 3.243224 377.310577 -13.445504
1 -5.889180 0.080862 8.889298 1.163777 179.863848 0.400769 16.586643 0.080053 104.641262 0.077185 -30.274400 2.785814 359.486744 -13.445504
1 -1.881377 0.036175 -3.415126 0.803953 170.059340 0.363543 14.749958 0.440370 134.299878 0.037104 -43.699822 3.422938 367.989595 -13.445504
1 -2.227890 0.070451 10.200593 1.742002 234.694045 0.278200 36.616702 0.025283 97.259125 0.116323 -22.177573 3.462963 363.930947 -13.445504
1 -4.823479 0.038099 -0.429698 1.014303 174.809542 0.379532 4.565607 0.092474 109.391554 0.089661 -27.156108 4.040180 411.910507 -13.445504
1 -2.889263 0.133877 1.630019 2.055775 207.679604 0.398455 52.509484 0.436350 121.739313 0.010573 -47.296146 2.730597 339.895494 -13.445504
1 -2.602760 0.039486 2.333013 1.145265 180.263071 0.376940 39.728031 0.386270 135.789512 0.024566 -44.490422 2.705493 331.709716 -13.445504
1 -2.338448 0.094523 -4.485595 1.565713 189.361460 0.362560 36.296721 0.630683 138.932909 0.028526 -45.470749 3.164220 357.264158 -13.633735
1 -4.733296 0.056867 9.835655 1.076339 177.744395 0.407988 -2.882237 0.068041 97.196381 0.078185 -28.461045 4.248392 428.309457 -13.633735
1 -9.727955 0.006305 1.100316 0.631794 161.816025 0.438243 -8.233223 0.514497 129.674768 0.090376 -33.817420 3.708779 397.712572 -13.633735
1 -7.045773 0.146564 3.553949 0.242717 155.967411 0.399460 6.682432 0.394240 127.606575 0.141592 -35.878748 3.300609 376.627123 -13.633735
1 -5.694143 0.073747 6.952781 1.109357 178.950746 0.390922 16.640983 0.109758 108.082284 0.074048 -31.367669 2.743629 354.961789 -13.633735
1 -2.165090 0.059671 -6.432235 0.585657 156.545524 0.368969 12.732179 0.565569 144.826030 0.049629 -47.824554 3.354463 365.923165 -13.633735
1 -2.275754 0.082477 12.848341 1.985391 241.759525 0.285180 51.197946 0.081856 98.178669 0.095188 -25.464674 2.860862 333.839878 -13.633735
1 -3.915562 0.036624 1.420186 0.973034 178.498308 0.390555 9.667416 0.095049 112.108295 0.084114 -26.294102 3.824427 397.782199 -13.633735
1 -4.193857 0.123879 1.153567 1.675320 187.331225 0.437986 40.293809 0.485853 126.993429 0.021826 -47.531874 3.189209 365.907249 -13.633735
1 -2.556074 0.045565 -2.652010 1.105679 180.842619 0.392144 36.995188 0.469644 138.988030 0.025616 -44.205772 2.793154 334.832074 -13.633735
1 -2.098600 0.169398 5.230473 2.010971 197.508995 0.440038 45.907293 0.437181 115.684374 0.032698 -43.767277 3.273164 377.351367 -13.810783
1 -5.529328 0.064887 9.177366 1.064269 171.367118 0.423354 -5.008334 0.083287 98.277757 0.069406 -29.749086 4.202571 430.137373 -13.810783
1 -5.932862 0.002508 -8.913102 0.777424 170.934430 0.451935 3.133423 0.617025 143.112825 0.074221 -37.657525 3.595757 378.444689 -13.810783
1 -7.120328 0.145262 3.635809 0.247529 156.251712 0.398104 6.288180 0.390107 127.210667 0.141750 -35.611335 3.307675 377.073196 -13.810783
1 -4.894467 0.073125 4.130314 0.976885 170.510908 0.389574 17.353523 0.187230 115.243502 0.061369 -35.645962 2.688332 350.970109 -13.810783
1 -2.600900 0.078368 -7.821065 0.873176 163.401296 0.331994 23.085358 0.723370 152.443764 0.026317 -53.501980 3.268098 358.231022 -13.810783
1 -1.907138 0.098302 14.736417 1.830928 237.076028 0.291668 49.232893 0.025779 97.665225 0.114572 -24.207077 2.876078 336.516463 -13.810783
1 -3.879071 0.045244 0.951117 0.920404 177.305919 0.391039 9.939370 0.134919 114.650837 0.087763 -27.187980 3.849818 397.911875 -13.810783
1 -2.118697 0.157654 2.864000 1.486493 179.463306 0.435410 37.823042 0.508446 126.306744 0.037631 -50.087963 3.241441 372.997790 -13.810783
1 -3.756613 0.062710 -0.642716 1.265832 188.327285 0.414626 43.479745 0.420513 132.955069 0.029307 -44.106410 2.728265 331.415611 -13.810783
1 -2.046370 0.180692 7.796853 2.135621 209.619616 0.399772 60.307816 0.387771 113.795881 0.047494 -41.066934 2.985029 357.318514 -14.036258
1 -4.357271 0.040536 8.006720 1.277350 177.998975 0.425955 -2.708894 0.061643 97.977900 0.056635 -28.648316 4.331241 433.170812 -14.036258
1 -6.153507 0.023706 -7.508653 0.994149 177.339402 0.454093 10.927839 0.610517 144.040552 0.073853 -37.986435 3.692721 381.632699 -14.036258
1 -7.802455 0.139927 5.054441 0.123168 153.420765 0.388951 0.771673 0.315104 122.175652 0.146069 -32.895399 3.357853 381.784059 -14.036258
1 -4.652869 0.042559 -1.701629 0.475948 147.606876 0.383346 8.514269 0.370861 133.524923 0.029696 -45.682574 2.478736 337.045051 -14.036258
1 -1.909886 0.192723 15.881982 2.778620 222.746125 0.473451 66.166321 0.199844 86.603912 0.032294 -38.137807 3.228200 383.991004 -14.036258
1 -3.247329 0.023827 10.314501 2.089262 248.154913 0.307958 43.589003 0.069945 100.479821 0.098295 -21.106434 3.427426 355.669264 -14.036258
1 -4.910965 0.056433 -1.392045 0.912049 175.117374 0.401691 6.795984 0.208056 116.805054 0.087746 -28.668489 3.987292 405.921724 -14.036258
1 -3.290852 0.083395 -8.162823 1.123408 172.966007 0.392693 35.995909 0.732464 150.330603 0.027679 -51.376369 2.887147 340.738824 -14.036258
1 -2.558315 0.070986 -6.411116 1.123525 174.737356 0.433216 43.913509 0.519801 140.673932 0.014404 -51.202285 2.361235 316.505823 -14.036258
1 -3.832678 0.147803 2.846789 1.716871 188.131598 0.388199 49.608252 0.552828 122.723480 0.025171 -49.106223 2.906743 353.973487 -14.250335
1 -3.753446 0.040710 10.054531 1.221300 180.862779 0.424331 -4.491015 0.010215 93.816002 0.061401 -27.315278 4.330824 432.384060 -14.250335
1 -1.920160 0.000876 -13.118150 0.751943 168.490472 0.457561 18.747594 0.838117 167.788852 0.043894 -50.834410 2.942157 332.736047 -14.250335
1 -8.791881 0.139381 9.421136 0.082795 154.017367 0.383029 -8.035005 0.073346 105.559444 0.163334 -24.787437 3.661862 403.365580 -14.250335
1 -6.128943 0.059122 -1.469097 0.253502 134.934984 0.384428 2.358040 0.388212 135.769806 0.034841 -47.207263 2.534988 343.769613 -14.250335
1 -2.069459 0.185724 10.249825 2.834570 219.433140 0.493493 68.438969 0.254930 90.871733 0.019019 -38.442813 3.297581 388.044223 -14.250335
1 -2.977683 0.014594 11.997255 2.279095 248.733442 0.330268 47.126816 0.123577 102.347270 0.071381 -24.051335 3.264857 349.754641 -14.250335
1 -5.254316 0.071162 -3.136789 0.867281 167.225330 0.400737 9.061073 0.290587 121.647610 0.075838 -32.123654 3.728444 397.302854 -14.250335
1 -1.862549 0.000765 -26.833860 0.134806 143.318509 0.428143 14.627233 1.175854 196.530026 0.041258 -58.437377 2.838196 321.885663 -14.250335
1 -1.977719 0.030233 -19.826581 0.399272 151.308612 0.414332 27.265601 0.669221 164.073386 0.017209 -55.651610 2.326456 306.572293 -14.250335
1 -2.081062 0.230661 5.634674 2.228682 184.175310 0.427974 69.654766 0.400403 100.661206 0.003976 -50.895366 2.829425 369.943196 -14.468063
1 -3.343203 0.027776 8.279564 1.225966 183.418117 0.426264 -2.669479 0.086642 102.112298 0.055057 -30.313739 4.196958 419.258626 -14.468063
1 -5.451510 0.024068 -10.084400 1.027862 176.731384 0.469265 25.253660 0.818765 161.298387 0.037502 -50.928069 2.986622 336.918797 -14.468063
1 -8.241772 0.125203 6.869464 0.125870 156.921669 0.402536 -4.548689 0.177961 118.013113 0.150107 -30.243492 3.373104 380.730282 -14.468063
1 -6.511566 0.048039 3.487507 0.380657 140.260216 0.365591 -4.384236 0.292153 123.194576 0.041319 -40.684260 2.620141 353.219387 -14.468063
1 -2.390293 0.136799 0.833413 2.100582 195.103995 0.514197 53.279738 0.411331 115.999238 0.018753 -47.897585 3.081061 369.903283 -14.468063
1 -2.025794 0.035989 11.566725 2.010805 240.547560 0.335226 45.048438 0.196700 111.141790 0.081879 -23.872494 3.077165 339.504179 -14.468063
1 -5.031973 0.081573 -0.387917 0.786388 160.324242 0.389956 12.681130 0.418217 117.870115 0.077154 -33.720903 3.661152 403.085400 -14.468063
1 -2.455012 0.002159 -25.294844 0.036587 138.064974 0.426863 8.034319 1.130800 192.907266 0.045124 -57.392818 2.950589 329.904309 -14.468063
1 -2.069724 0.073958 -2.142644 1.490837 184.055180 0.452251 45.877273 0.300992 121.663420 0.003248 -46.173949 2.403984 327.772426 -14.468063
1 -3.955705 0.208421 -1.092202 1.662961 169.128226 0.448130 57.123352 0.694834 130.611929 0.010750 -57.221176 2.724591 351.427740 -14.711253
1 -3.572638 0.030671 6.866927 1.156714 177.642448 0.436564 -4.451825 0.117672 103.613785 0.045804 -32.691654 4.101474 417.024665 -14.711253
1 -2.034051 0.011587 -11.599337 0.833955 171.955334 0.455242 18.116641 0.871495 163.755498 0.039421 -50.009609 3.092724 341.781168 -14.711253
1 -6.467186 0.093229 4.970791 0.458803 168.802030 0.440562 -2.390652 0.315781 133.382023 0.113934 -38.158792 3.192276 357.458078 -14.711253
1 -1.931784 0.214893 0.039346 1.795901 165.406368 0.399214 55.645113 0.592721 121.277947 0.035983 -49.862876 3.056143 375.828852 -14.711253
1 -3.791932 0.117483 8.338551 2.559420 231.793724 0.493239 61.549228 0.258429 104.475041 0.018870 -41.450891 3.100038 360.468014 -14.711253
1 -2.360733 0.042903 14.574744 2.208714 250.969068 0.355195 47.574214 0.158132 104.732342 0.093721 -20.594831 3.208157 346.077257 -14.711253
1 -5.644183 0.078923 -0.428227 0.757126 159.602285 0.384573 10.783896 0.418990 119.902803 0.082234 -33.661924 3.695905 403.461838 -14.711253
1 -2.787473 0.014578 -11.834591 0.446684 154.396971 0.426437 6.507863 0.677197 155.400844 0.042298 -49.678175 3.291001 358.968447 -14.711253
1 -2.449230 0.057652 -3.283602 1.253989 190.302272 0.438650 41.564549 0.340331 135.664759 0.025723 -45.765239 2.356376 309.041796 -14.711253
1 -2.538859 0.172241 1.800864 1.810718 193.531803 0.446861 72.231833 0.410330 125.066645 0.002245 -54.051126 2.067076 305.157386 -14.957433
1 -3.109355 0.041458 6.223157 1.143089 173.110317 0.451477 -4.160126 0.058291 100.432229 0.034415 -35.324249 4.145900 422.806245 -14.957433
1 -2.392815 0.004736 -12.442831 0.839293 172.398639 0.462696 12.848596 0.805019 161.055013 0.043481 -50.019554 3.357024 355.819302 -14.957433
1 -2.562781 0.064093 15.063293 2.245911 252.211467 0.354177 55.977201 0.180699 105.072222 0.092712 -22.945170 2.921141 331.691559 -14.957433
1 -2.185909 0.186670 -7.832321 1.441671 147.625607 0.420436 40.599411 0.952777 142.502864 0.037148 -55.939162 3.492689 396.396855 -14.957433
1 -2.374570 0.118976 6.416748 1.983168 203.594336 0.478777 43.473293 0.076555 97.950430 0.010698 -42.849284 3.374060 385.506204 -14.957433
1 -2.642350 0.042507 8.681167 1.969052 232.936621 0.417373 41.082382 0.219304 113.473093 0.064663 -29.733696 3.125449 344.852245 -14.957433
1 -5.254176 0.075881 -1.819380 0.663216 157.165392 0.373684 9.543810 0.383273 121.472522 0.084895 -34.319389 3.681457 400.274676 -14.957433
1 -2.933997 0.013508 -11.876828 0.430556 153.535271 0.426864 5.481148 0.676899 155.275889 0.042465 -49.611984 3.316529 360.603146 -14.957433
1 -1.925665 0.027406 -4.570707 1.151180 194.107123 0.452366 36.465081 0.174850 133.158690 0.022260 -44.763366 2.337633 306.317332 -14.957433
