#REFERENCE 3 99.7096370 -53.9831290
   #ID       X         Y         R       EPS       TAU       AMP       E_AMP      DMAG  TIME[days]  DTIME    PARITY
   2.3     0.541     0.609     0.814     0.984     5.479    95.857  1585.856      4.95      -8.2       0.0    +-
   2.3    -1.408     0.401     1.464     0.983     5.330    26.046   278.251      3.54     -28.8     -20.7    ++
   2.3     0.694    -0.771     1.038     0.975     4.366    71.018   918.464      4.63     -11.5      -3.3    ++
   2.3     0.006     0.000     0.006     0.971     4.091    20.673   145.855      3.29       1.1       9.2    --
   2.3     0.364    -0.969     1.035     0.000     0.000    59.743   410.407      4.44     -11.4      -3.2    +-
   2.1     0.180    -1.067     1.082     0.966     3.739   111.081  1385.842      5.11     -13.5      -5.3    +-
   2.1     0.788    -0.788     1.114     0.934     2.619    46.091   294.788      4.16     -14.1      -6.0    ++
   2.1     0.428     0.708     0.828     0.888     1.931    75.141   531.782      4.69      -8.6      -0.4    +-
   2.1     0.004     0.002     0.005     0.327     0.346    20.669   145.647      3.29       0.7       8.8    --
   2.1    -1.354     0.303     1.387     0.000     0.000    41.291   554.212      4.04     -26.4     -18.2    ++
   2.2    -1.418     0.265     1.443     0.856     1.653    39.987   565.701      4.00     -28.5     -20.3    ++
   2.2     0.006     0.003     0.006     0.784     1.262    20.673   145.895      3.29       1.2       9.4    --
   2.2     0.462     0.620     0.774     0.000     0.000   547.867  30653.592      6.85      -6.9       1.3    +-
