#REFERENCE 3 99.7096370 -53.9831290
2.3 -0.268 -0.005 0.075 0.015 108.34 4.500 2.01 0.541 0.609 0.85 1.17
2.3 -0.268 -0.005 0.075 0.015 108.34 4.500 2.01 -1.408 0.401 0.87 1.14
2.3 -0.268 -0.005 0.075 0.015 108.34 4.500 2.01 0.694 -0.771 2.33 -0.32
2.3 -0.268 -0.005 0.075 0.015 108.34 4.500 2.01 0.006 0.000 -7.54 9.55
2.3 -0.268 -0.005 0.075 0.015 108.34 4.500 2.01 0.364 -0.969 2.01 0.00
2.1 -0.208 -0.047 0.132 0.050 178.43 4.500 0.96 0.180 -1.067 1.34 -0.38
2.1 -0.208 -0.047 0.132 0.050 178.43 4.500 0.96 0.788 -0.788 1.75 -0.79
2.1 -0.208 -0.047 0.132 0.050 178.43 4.500 0.96 0.428 0.708 0.57 0.39
2.1 -0.208 -0.047 0.132 0.050 178.43 4.500 0.96 0.004 0.002 -7.62 8.58
2.1 -0.208 -0.047 0.132 0.050 178.43 4.500 0.96 -1.354 0.303 0.96 -0.00
2.2 -0.276 -0.062 0.123 0.063 50.27 4.500 0.54 -1.418 0.265 0.90 -0.36
2.2 -0.276 -0.062 0.123 0.063 50.27 4.500 0.54 0.006 0.003 -7.50 8.04
2.2 -0.276 -0.062 0.123 0.063 50.27 4.500 0.54 0.462 0.620 0.54 -0.00
