#REFERENCE 3 43.5419130 -58.9498140
1	-0.146484	-3.236671	0.213143	-0.634626	
1	-0.097656	-3.261496	0.213279	-0.649313	
1	-0.097656	-3.261496	0.213279	-0.649313	
1	-0.076669	-3.271484	0.213388	-0.655365	
1	-0.076669	-3.271484	0.213388	-0.655365	
1	-0.048828	-3.284433	0.213582	-0.663342	
1	-0.048828	-3.284433	0.213582	-0.663342	
1	0.000000	-3.305566	0.214036	-0.676741	
1	0.000000	-3.305566	0.214036	-0.676741	
1	0.036856	-3.320312	0.214469	-0.686421	
1	0.036856	-3.320312	0.214469	-0.686421	
1	0.048828	-3.325001	0.214628	-0.689555	
1	0.048828	-3.325001	0.214628	-0.689555	
1	0.097656	-3.342544	0.215334	-0.701652	
1	0.097656	-3.342544	0.215334	-0.701652	
1	0.146484	-3.358488	0.216146	-0.713192	
1	0.146484	-3.358488	0.216146	-0.713192	
1	0.182781	-3.369141	0.216803	-0.721305	
1	0.182781	-3.369141	0.216803	-0.721305	
1	0.195312	-3.372747	0.217048	-0.724112	
1	0.195312	-3.372747	0.217048	-0.724112	
1	0.244141	-3.385199	0.218014	-0.734327	
1	0.244141	-3.385199	0.218014	-0.734327	
1	0.292969	-3.396041	0.219039	-0.743947	
1	0.292969	-3.396041	0.219039	-0.743947	
1	0.341797	-3.405260	0.220108	-0.752957	
1	0.341797	-3.405260	0.220108	-0.752957	
1	0.390625	-3.412840	0.221204	-0.761341	
1	0.390625	-3.412840	0.221204	-0.761341	
1	0.432887	-3.417969	0.222153	-0.768024	
1	0.432887	-3.417969	0.222153	-0.768024	
1	0.439453	-3.418752	0.222310	-0.769078	
1	0.439453	-3.418752	0.222310	-0.769078	
1	0.488281	-3.422931	0.223402	-0.776126	
1	0.488281	-3.422931	0.223402	-0.776126	
1	0.537109	-3.425455	0.224473	-0.782532	
1	0.537109	-3.425455	0.224473	-0.782532	
1	0.585938	-3.426310	0.225505	-0.788286	
1	0.585938	-3.426310	0.225505	-0.788286	
1	0.634766	-3.425477	0.226481	-0.793379	
1	0.634766	-3.425477	0.226481	-0.793379	
1	0.683594	-3.422937	0.227385	-0.797805	
1	0.683594	-3.422937	0.227385	-0.797805	
1	0.732422	-3.418670	0.228198	-0.801555	
1	0.732422	-3.418670	0.228198	-0.801555	
1	0.738134	-3.417969	0.228274	-0.801898	
1	0.738134	-3.417969	0.228274	-0.801898	
1	0.781250	-3.412554	0.228888	-0.804566	
1	0.781250	-3.412554	0.228888	-0.804566	
1	0.830078	-3.404621	0.229444	-0.806863	
1	0.830078	-3.404621	0.229444	-0.806863	
1	0.878906	-3.394860	0.229849	-0.808453	
1	0.878906	-3.394860	0.229849	-0.808453	
1	0.927734	-3.383245	0.230084	-0.809332	
1	0.927734	-3.383245	0.230084	-0.809332	
1	0.976562	-3.369750	0.230129	-0.809499	
1	0.976562	-3.369750	0.230129	-0.809499	
1	0.978504	-3.369141	0.230122	-0.809471	
1	0.978504	-3.369141	0.230122	-0.809471	
1	1.025391	-3.354042	0.229915	-0.808780	
1	1.025391	-3.354042	0.229915	-0.808780	
1	1.074219	-3.336343	0.229462	-0.807323	
1	1.074219	-3.336343	0.229462	-0.807323	
1	1.113975	-3.320312	0.228880	-0.805524	
1	1.113975	-3.320312	0.228880	-0.805524	
1	1.123047	-3.316552	0.228738	-0.805094	
1	1.123047	-3.316552	0.228738	-0.805094	
1	1.171875	-3.294322	0.227662	-0.801924	
1	1.171875	-3.294322	0.227662	-0.801924	
1	1.217683	-3.271484	0.226363	-0.798252	
1	1.217683	-3.271484	0.226363	-0.798252	
1	1.220703	-3.269933	0.226272	-0.797998	
1	1.220703	-3.269933	0.226272	-0.797998	
1	1.269531	-3.242801	0.224437	-0.793032	
1	1.269531	-3.242801	0.224437	-0.793032	
1	1.303085	-3.222656	0.222927	-0.789086	
1	1.303085	-3.222656	0.222927	-0.789086	
1	1.318359	-3.213191	0.222194	-0.787210	
1	1.318359	-3.213191	0.222194	-0.787210	
1	1.367188	-3.180739	0.219452	-0.780380	
1	1.367188	-3.180739	0.219452	-0.780380	
1	1.376933	-3.173828	0.218823	-0.778852	
1	1.376933	-3.173828	0.218823	-0.778852	
1	1.416016	-3.145168	0.216135	-0.772452	
1	1.416016	-3.145168	0.216135	-0.772452	
1	1.441864	-3.125000	0.214124	-0.767793	
1	1.441864	-3.125000	0.214124	-0.767793	
1	1.464844	-3.106425	0.212215	-0.763461	
1	1.464844	-3.106425	0.212215	-0.763461	
1	1.500177	-3.076172	0.208939	-0.756209	
1	1.500177	-3.076172	0.208939	-0.756209	
1	1.513672	-3.064180	0.207603	-0.753309	
1	1.513672	-3.064180	0.207603	-0.753309	
1	1.552964	-3.027344	0.203310	-0.744203	
1	1.552964	-3.027344	0.203310	-0.744203	
1	1.562500	-3.018049	0.202195	-0.741887	
1	1.562500	-3.018049	0.202195	-0.741887	
1	1.601084	-2.978516	0.197273	-0.731868	
1	1.601084	-2.978516	0.197273	-0.731868	
1	1.611328	-2.967583	0.195874	-0.729079	
1	1.611328	-2.967583	0.195874	-0.729079	
1	1.645223	-2.929688	0.190865	-0.719285	
1	1.645223	-2.929688	0.190865	-0.719285	
1	1.660156	-2.912266	0.188500	-0.714759	
1	1.660156	-2.912266	0.188500	-0.714759	
1	1.685932	-2.880859	0.184120	-0.706524	
1	1.685932	-2.880859	0.184120	-0.706524	
1	1.708984	-2.851495	0.179919	-0.698798	
1	1.708984	-2.851495	0.179919	-0.698798	
1	1.723657	-2.832031	0.177070	-0.693645	
1	1.723657	-2.832031	0.177070	-0.693645	
1	1.757812	-2.784574	0.169954	-0.681062	
1	1.757812	-2.784574	0.169954	-0.681062	
1	1.758763	-2.783203	0.169744	-0.680697	
1	1.758763	-2.783203	0.169744	-0.680697	
1	1.791085	-2.734375	0.162099	-0.667605	
1	1.791085	-2.734375	0.162099	-0.667605	
1	1.806641	-2.709668	0.158142	-0.660983	
1	1.806641	-2.709668	0.158142	-0.660983	
1	1.821306	-2.685547	0.154219	-0.654514	
1	1.821306	-2.685547	0.154219	-0.654514	
1	1.849504	-2.636719	0.146106	-0.641421	
1	1.849504	-2.636719	0.146106	-0.641421	
1	1.855469	-2.625834	0.144258	-0.638488	
1	1.855469	-2.625834	0.144258	-0.638488	
1	1.875602	-2.587891	0.137737	-0.628286	
1	1.875602	-2.587891	0.137737	-0.628286	
1	1.900095	-2.539062	0.129183	-0.615221	
1	1.900095	-2.539062	0.129183	-0.615221	
1	1.904297	-2.530195	0.127597	-0.612836	
1	1.904297	-2.530195	0.127597	-0.612836	
1	1.922680	-2.490234	0.120387	-0.602133	
1	1.922680	-2.490234	0.120387	-0.602133	
1	1.943819	-2.441406	0.111423	-0.589130	
1	1.943819	-2.441406	0.111423	-0.589130	
1	1.953125	-2.418516	0.107142	-0.583033	
1	1.953125	-2.418516	0.107142	-0.583033	
1	1.963386	-2.392578	0.102263	-0.576169	
1	1.963386	-2.392578	0.102263	-0.576169	
1	1.981468	-2.343750	0.092919	-0.563264	
1	1.981468	-2.343750	0.092919	-0.563264	
1	1.998332	-2.294922	0.083439	-0.550477	
1	1.998332	-2.294922	0.083439	-0.550477	
1	2.001953	-2.283636	0.081208	-0.547510	
1	2.001953	-2.283636	0.081208	-0.547510	
1	2.013702	-2.246094	0.073767	-0.537729	
1	2.013702	-2.246094	0.073767	-0.537729	
1	2.027833	-2.197266	0.063951	-0.525084	
1	2.027833	-2.197266	0.063951	-0.525084	
1	2.040837	-2.148438	0.054014	-0.512564	
1	2.040837	-2.148438	0.054014	-0.512564	
1	2.050781	-2.107612	0.045600	-0.502174	
1	2.050781	-2.107612	0.045600	-0.502174	
1	2.052686	-2.099609	0.043950	-0.500159	
1	2.052686	-2.099609	0.043950	-0.500159	
1	2.063224	-2.050781	0.033726	-0.487827	
1	2.063224	-2.050781	0.033726	-0.487827	
1	2.072709	-2.001953	0.023397	-0.475631	
1	2.072709	-2.001953	0.023397	-0.475631	
1	2.081155	-1.953125	0.012968	-0.463573	
1	2.081155	-1.953125	0.012968	-0.463573	
1	2.088578	-1.904297	0.002445	-0.451656	
1	2.088578	-1.904297	0.002445	-0.451656	
1	2.094991	-1.855469	-0.008167	-0.439883	
1	2.094991	-1.855469	-0.008167	-0.439883	
1	2.099609	-1.813777	-0.017309	-0.429930	
1	2.099609	-1.813777	-0.017309	-0.429930	
1	2.100383	-1.806641	-0.018868	-0.428250	
1	2.100383	-1.806641	-0.018868	-0.428250	
1	2.104690	-1.757812	-0.029668	-0.416744	
1	2.104690	-1.757812	-0.029668	-0.416744	
1	2.108040	-1.708984	-0.040535	-0.405395	
1	2.108040	-1.708984	-0.040535	-0.405395	
1	2.110441	-1.660156	-0.051463	-0.394207	
1	2.110441	-1.660156	-0.051463	-0.394207	
1	2.111905	-1.611328	-0.062443	-0.383184	
1	2.111905	-1.611328	-0.062443	-0.383184	
1	2.112440	-1.562500	-0.073469	-0.372330	
1	2.112440	-1.562500	-0.073469	-0.372330	
1	2.112055	-1.513672	-0.084533	-0.361648	
1	2.112055	-1.513672	-0.084533	-0.361648	
1	2.110759	-1.464844	-0.095625	-0.351143	
1	2.110759	-1.464844	-0.095625	-0.351143	
1	2.108561	-1.416016	-0.106738	-0.340820	
1	2.108561	-1.416016	-0.106738	-0.340820	
1	2.105472	-1.367188	-0.117861	-0.330683	
1	2.105472	-1.367188	-0.117861	-0.330683	
1	2.101502	-1.318359	-0.128983	-0.320738	
1	2.101502	-1.318359	-0.128983	-0.320738	
1	2.099609	-1.299158	-0.133376	-0.316861	
1	2.099609	-1.299158	-0.133376	-0.316861	
1	2.096556	-1.269531	-0.140118	-0.310968	
1	2.096556	-1.269531	-0.140118	-0.310968	
1	2.090645	-1.220703	-0.151255	-0.301380	
1	2.090645	-1.220703	-0.151255	-0.301380	
1	2.083850	-1.171875	-0.162364	-0.291994	
1	2.083850	-1.171875	-0.162364	-0.291994	
1	2.076184	-1.123047	-0.173432	-0.282817	
1	2.076184	-1.123047	-0.173432	-0.282817	
1	2.067667	-1.074219	-0.184443	-0.273856	
1	2.067667	-1.074219	-0.184443	-0.273856	
1	2.058319	-1.025391	-0.195381	-0.265118	
1	2.058319	-1.025391	-0.195381	-0.265118	
1	2.050781	-0.989039	-0.203479	-0.258753	
1	2.050781	-0.989039	-0.203479	-0.258753	
1	2.048043	-0.976562	-0.206256	-0.256590	
1	2.048043	-0.976562	-0.206256	-0.256590	
1	2.036583	-0.927734	-0.217111	-0.248233	
1	2.036583	-0.927734	-0.217111	-0.248233	
1	2.024316	-0.878906	-0.227846	-0.240117	
1	2.024316	-0.878906	-0.227846	-0.240117	
1	2.011282	-0.830078	-0.238439	-0.232252	
1	2.011282	-0.830078	-0.238439	-0.232252	
1	2.001953	-0.796844	-0.245565	-0.227041	
1	2.001953	-0.796844	-0.245565	-0.227041	
1	1.997271	-0.781250	-0.248921	-0.224609	
1	1.997271	-0.781250	-0.248921	-0.224609	
1	1.981989	-0.732422	-0.259333	-0.217149	
1	1.981989	-0.732422	-0.259333	-0.217149	
1	1.966020	-0.683594	-0.269536	-0.209966	
1	1.966020	-0.683594	-0.269536	-0.209966	
1	1.953125	-0.645534	-0.277328	-0.204562	
1	1.953125	-0.645534	-0.277328	-0.204562	
1	1.949183	-0.634766	-0.279550	-0.203035	
1	1.949183	-0.634766	-0.279550	-0.203035	
1	1.930860	-0.585938	-0.289473	-0.196280	
1	1.930860	-0.585938	-0.289473	-0.196280	
1	1.912011	-0.537109	-0.299100	-0.189832	
1	1.912011	-0.537109	-0.299100	-0.189832	
1	1.904297	-0.517447	-0.302884	-0.187325	
1	1.904297	-0.517447	-0.302884	-0.187325	
1	1.891804	-0.488281	-0.308562	-0.183592	
1	1.891804	-0.488281	-0.308562	-0.183592	
1	1.870601	-0.439453	-0.317767	-0.177609	
1	1.870601	-0.439453	-0.317767	-0.177609	
1	1.855469	-0.404905	-0.324033	-0.173584	
1	1.855469	-0.404905	-0.324033	-0.173584	
1	1.848565	-0.390625	-0.326663	-0.171905	
1	1.848565	-0.390625	-0.326663	-0.171905	
1	1.824972	-0.341797	-0.335340	-0.166410	
1	1.824972	-0.341797	-0.335340	-0.166410	
1	1.806641	-0.303739	-0.341756	-0.162385	
1	1.806641	-0.303739	-0.341756	-0.162385	
1	1.800846	-0.292969	-0.343607	-0.161229	
1	1.800846	-0.292969	-0.343607	-0.161229	
1	1.774937	-0.244141	-0.351619	-0.156251	
1	1.774937	-0.244141	-0.351619	-0.156251	
1	1.757812	-0.211260	-0.356671	-0.153127	
1	1.757812	-0.211260	-0.356671	-0.153127	
1	1.748416	-0.195312	-0.359176	-0.151582	
1	1.748416	-0.195312	-0.359176	-0.151582	
1	1.720474	-0.146484	-0.366354	-0.147157	
1	1.720474	-0.146484	-0.366354	-0.147157	
1	1.708984	-0.125655	-0.369191	-0.145406	
1	1.708984	-0.125655	-0.369191	-0.145406	
1	1.691276	-0.097656	-0.373090	-0.142994	
1	1.691276	-0.097656	-0.373090	-0.142994	
1	1.661934	-0.048828	-0.379236	-0.139162	
1	1.661934	-0.048828	-0.379236	-0.139162	
1	1.660156	-0.045701	-0.379599	-0.138934	
1	1.660156	-0.045701	-0.379599	-0.138934	
1	1.629968	0.000000	-0.385002	-0.135506	
1	1.629968	0.000000	-0.385002	-0.135506	
1	1.611328	0.030556	-0.388165	-0.133457	
1	1.611328	0.030556	-0.388165	-0.133457	
1	1.598087	0.048828	-0.390097	-0.132182	
1	1.598087	0.048828	-0.390097	-0.132182	
1	1.566084	0.097656	-0.394538	-0.129157	
1	1.566084	0.097656	-0.394538	-0.129157	
1	1.562500	0.103735	-0.395021	-0.128817	
1	1.562500	0.103735	-0.395021	-0.128817	
1	1.532140	0.146484	-0.398417	-0.126337	
1	1.532140	0.146484	-0.398417	-0.126337	
1	1.513672	0.176825	-0.400363	-0.124814	
1	1.513672	0.176825	-0.400363	-0.124814	
1	1.499695	0.195312	-0.401539	-0.123838	
1	1.499695	0.195312	-0.401539	-0.123838	
1	1.469378	0.244141	-0.403947	-0.121624	
1	1.469378	0.244141	-0.403947	-0.121624	
1	1.464844	0.253126	-0.404299	-0.121264	
1	1.464844	0.253126	-0.404299	-0.121264	
1	1.439661	0.292969	-0.405745	-0.119598	
1	1.439661	0.292969	-0.405745	-0.119598	
1	1.417737	0.341797	-0.406911	-0.117836	
1	1.417737	0.341797	-0.406911	-0.117836	
1	1.416016	0.347031	-0.407005	-0.117658	
1	1.416016	0.347031	-0.407005	-0.117658	
1	1.398140	0.390625	-0.407641	-0.116122	
1	1.398140	0.390625	-0.407641	-0.116122	
1	1.386461	0.439453	-0.407997	-0.114416	
1	1.386461	0.439453	-0.407997	-0.114416	
1	1.380414	0.488281	-0.408046	-0.112558	
1	1.380414	0.488281	-0.408046	-0.112558	
1	1.377964	0.537109	-0.407799	-0.110440	
1	1.377964	0.537109	-0.407799	-0.110440	
1	1.377737	0.585938	-0.407250	-0.107996	
1	1.377737	0.585938	-0.407250	-0.107996	
1	1.378801	0.634766	-0.406395	-0.105187	
1	1.378801	0.634766	-0.406395	-0.105187	
1	1.380514	0.683594	-0.405232	-0.101987	
1	1.380514	0.683594	-0.405232	-0.101987	
1	1.382433	0.732422	-0.403767	-0.098384	
1	1.382433	0.732422	-0.403767	-0.098384	
1	1.384253	0.781250	-0.402008	-0.094371	
1	1.384253	0.781250	-0.402008	-0.094371	
1	1.385760	0.830078	-0.399967	-0.089946	
1	1.385760	0.830078	-0.399967	-0.089946	
1	1.386803	0.878906	-0.397656	-0.085106	
1	1.386803	0.878906	-0.397656	-0.085106	
1	1.387279	0.927734	-0.395091	-0.079855	
1	1.387279	0.927734	-0.395091	-0.079855	
1	1.387116	0.976562	-0.392284	-0.074192	
1	1.387116	0.976562	-0.392284	-0.074192	
1	1.386263	1.025391	-0.389251	-0.068120	
1	1.386263	1.025391	-0.389251	-0.068120	
1	1.384684	1.074219	-0.386006	-0.061641	
1	1.384684	1.074219	-0.386006	-0.061641	
1	1.382355	1.123047	-0.382562	-0.054756	
1	1.382355	1.123047	-0.382562	-0.054756	
1	1.379259	1.171875	-0.378933	-0.047469	
1	1.379259	1.171875	-0.378933	-0.047469	
1	1.375385	1.220703	-0.375132	-0.039779	
1	1.375385	1.220703	-0.375132	-0.039779	
1	1.370722	1.269531	-0.371172	-0.031690	
1	1.370722	1.269531	-0.371172	-0.031690	
1	1.367188	1.300692	-0.368573	-0.026332	
1	1.367188	1.300692	-0.368573	-0.026332	
1	1.365164	1.318359	-0.367069	-0.023211	
1	1.365164	1.318359	-0.367069	-0.023211	
1	1.358608	1.367188	-0.362841	-0.014354	
1	1.358608	1.367188	-0.362841	-0.014354	
1	1.351254	1.416016	-0.358489	-0.005102	
1	1.351254	1.416016	-0.358489	-0.005102	
1	1.343096	1.464844	-0.354027	0.004545	
1	1.343096	1.464844	-0.354027	0.004545	
1	1.334131	1.513672	-0.349464	0.014587	
1	1.334131	1.513672	-0.349464	0.014587	
1	1.324353	1.562500	-0.344811	0.025022	
1	1.324353	1.562500	-0.344811	0.025022	
1	1.318359	1.589751	-0.342188	0.030997	
1	1.318359	1.589751	-0.342188	0.030997	
1	1.313589	1.611328	-0.340087	0.035833	
1	1.313589	1.611328	-0.340087	0.035833	
1	1.301787	1.660156	-0.335305	0.047013	
1	1.301787	1.660156	-0.335305	0.047013	
1	1.289169	1.708984	-0.330464	0.058589	
1	1.289169	1.708984	-0.330464	0.058589	
1	1.275723	1.757812	-0.325574	0.070559	
1	1.275723	1.757812	-0.325574	0.070559	
1	1.269531	1.778688	-0.323479	0.075776	
1	1.269531	1.778688	-0.323479	0.075776	
1	1.261198	1.806641	-0.320656	0.082898	
1	1.261198	1.806641	-0.320656	0.082898	
1	1.245648	1.855469	-0.315718	0.095612	
1	1.245648	1.855469	-0.315718	0.095612	
1	1.229251	1.904297	-0.310759	0.108726	
1	1.229251	1.904297	-0.310759	0.108726	
1	1.220703	1.928234	-0.308333	0.115278	
1	1.220703	1.928234	-0.308333	0.115278	
1	1.211761	1.953125	-0.305801	0.122214	
1	1.211761	1.953125	-0.305801	0.122214	
1	1.193172	2.001953	-0.300851	0.136078	
1	1.193172	2.001953	-0.300851	0.136078	
1	1.173702	2.050781	-0.295911	0.150348	
1	1.173702	2.050781	-0.295911	0.150348	
1	1.171875	2.055096	-0.295477	0.151621	
1	1.171875	2.055096	-0.295477	0.151621	
1	1.152881	2.099609	-0.291007	0.164974	
1	1.152881	2.099609	-0.291007	0.164974	
1	1.131106	2.148438	-0.286132	0.180009	
1	1.131106	2.148438	-0.286132	0.180009	
1	1.123047	2.165609	-0.284432	0.185375	
1	1.123047	2.165609	-0.284432	0.185375	
1	1.108056	2.197266	-0.281307	0.195422	
1	1.108056	2.197266	-0.281307	0.195422	
1	1.083866	2.246094	-0.276536	0.211236	
1	1.083866	2.246094	-0.276536	0.211236	
1	1.074219	2.264676	-0.274741	0.217345	
1	1.074219	2.264676	-0.274741	0.217345	
1	1.058348	2.294922	-0.271833	0.227438	
1	1.058348	2.294922	-0.271833	0.227438	
1	1.031614	2.343750	-0.267205	0.244051	
1	1.031614	2.343750	-0.267205	0.244051	
1	1.025391	2.354613	-0.266190	0.247792	
1	1.025391	2.354613	-0.266190	0.247792	
1	1.003368	2.392578	-0.262669	0.261054	
1	1.003368	2.392578	-0.262669	0.261054	
1	0.976562	2.437009	-0.258624	0.276897	
1	0.976562	2.437009	-0.258624	0.276897	
1	0.973873	2.441406	-0.258227	0.278487	
1	0.973873	2.441406	-0.258227	0.278487	
1	0.942661	2.490234	-0.253901	0.296315	
1	0.942661	2.490234	-0.253901	0.296315	
1	0.927734	2.512696	-0.251952	0.304655	
1	0.927734	2.512696	-0.251952	0.304655	
1	0.909930	2.539062	-0.249694	0.314577	
1	0.909930	2.539062	-0.249694	0.314577	
1	0.878906	2.583285	-0.245999	0.331499	
1	0.878906	2.583285	-0.245999	0.331499	
1	0.875618	2.587891	-0.245621	0.333284	
1	0.875618	2.587891	-0.245621	0.333284	
1	0.839343	2.636719	-0.241698	0.352421	
1	0.839343	2.636719	-0.241698	0.352421	
1	0.830078	2.648740	-0.240757	0.357199	
1	0.830078	2.648740	-0.240757	0.357199	
1	0.801131	2.685547	-0.237937	0.372016	
1	0.801131	2.685547	-0.237937	0.372016	
1	0.781250	2.709936	-0.236124	0.381978	
1	0.781250	2.709936	-0.236124	0.381978	
1	0.760883	2.734375	-0.234353	0.392090	
1	0.760883	2.734375	-0.234353	0.392090	
1	0.732422	2.767345	-0.232041	0.405920	
1	0.732422	2.767345	-0.232041	0.405920	
1	0.718397	2.783203	-0.230961	0.412658	
1	0.718397	2.783203	-0.230961	0.412658	
1	0.683594	2.821224	-0.228465	0.429026	
1	0.683594	2.821224	-0.228465	0.429026	
1	0.673437	2.832031	-0.227780	0.433740	
1	0.673437	2.832031	-0.227780	0.433740	
1	0.634766	2.871818	-0.225359	0.451315	
1	0.634766	2.871818	-0.225359	0.451315	
1	0.625723	2.880859	-0.224831	0.455362	
1	0.625723	2.880859	-0.224831	0.455362	
1	0.585938	2.919360	-0.222683	0.472813	
1	0.585938	2.919360	-0.222683	0.472813	
1	0.574928	2.929688	-0.222135	0.477558	
1	0.574928	2.929688	-0.222135	0.477558	
1	0.537109	2.964062	-0.220403	0.493551	
1	0.537109	2.964062	-0.220403	0.493551	
1	0.520663	2.978516	-0.219719	0.500372	
1	0.520663	2.978516	-0.219719	0.500372	
1	0.488281	3.006120	-0.218487	0.513564	
1	0.488281	3.006120	-0.218487	0.513564	
1	0.462462	3.027344	-0.217611	0.523861	
1	0.462462	3.027344	-0.217611	0.523861	
1	0.439453	3.045712	-0.216904	0.532887	
1	0.439453	3.045712	-0.216904	0.532887	
1	0.399768	3.076172	-0.215847	0.548101	
1	0.399768	3.076172	-0.215847	0.548101	
1	0.390625	3.082995	-0.215630	0.551555	
1	0.390625	3.082995	-0.215630	0.551555	
1	0.341797	3.117925	-0.214646	0.569494	
1	0.341797	3.117925	-0.214646	0.569494	
1	0.331449	3.125000	-0.214473	0.573184	
1	0.331449	3.125000	-0.214473	0.573184	
1	0.292969	3.150608	-0.213927	0.586722	
1	0.292969	3.150608	-0.213927	0.586722	
1	0.256329	3.173828	-0.213547	0.599255	
1	0.256329	3.173828	-0.213547	0.599255	
1	0.244141	3.181357	-0.213448	0.603377	
1	0.244141	3.181357	-0.213448	0.603377	
1	0.195312	3.209974	-0.213194	0.619314	
1	0.195312	3.209974	-0.213194	0.619314	
1	0.172413	3.222656	-0.213146	0.626531	
1	0.172413	3.222656	-0.213146	0.626531	
1	0.146484	3.236671	-0.213143	0.634626	
1	0.146484	3.236671	-0.213143	0.634626	
1	0.097656	3.261496	-0.213279	0.649313	
1	0.097656	3.261496	-0.213279	0.649313	
1	0.076669	3.271484	-0.213388	0.655365	
1	0.076669	3.271484	-0.213388	0.655365	
1	0.048828	3.284433	-0.213582	0.663342	
1	0.048828	3.284433	-0.213582	0.663342	
1	0.000000	3.305566	-0.214036	0.676741	
1	0.000000	3.305566	-0.214036	0.676741	
1	-0.036856	3.320312	-0.214469	0.686421	
1	-0.036856	3.320312	-0.214469	0.686421	
1	-0.048828	3.325001	-0.214628	0.689555	
1	-0.048828	3.325001	-0.214628	0.689555	
1	-0.097656	3.342544	-0.215334	0.701652	
1	-0.097656	3.342544	-0.215334	0.701652	
1	-0.146484	3.358488	-0.216146	0.713192	
1	-0.146484	3.358488	-0.216146	0.713192	
1	-0.182781	3.369141	-0.216803	0.721305	
1	-0.182781	3.369141	-0.216803	0.721305	
1	-0.195312	3.372747	-0.217048	0.724112	
1	-0.195312	3.372747	-0.217048	0.724112	
1	-0.244141	3.385199	-0.218014	0.734327	
1	-0.244141	3.385199	-0.218014	0.734327	
1	-0.292969	3.396041	-0.219039	0.743947	
1	-0.292969	3.396041	-0.219039	0.743947	
1	-0.341797	3.405260	-0.220108	0.752957	
1	-0.341797	3.405260	-0.220108	0.752957	
1	-0.390625	3.412840	-0.221204	0.761341	
1	-0.390625	3.412840	-0.221204	0.761341	
1	-0.432887	3.417969	-0.222153	0.768024	
1	-0.432887	3.417969	-0.222153	0.768024	
1	-0.439453	3.418752	-0.222310	0.769078	
1	-0.439453	3.418752	-0.222310	0.769078	
1	-0.488281	3.422931	-0.223402	0.776126	
1	-0.488281	3.422931	-0.223402	0.776126	
1	-0.537109	3.425455	-0.224473	0.782532	
1	-0.537109	3.425455	-0.224473	0.782532	
1	-0.585938	3.426310	-0.225505	0.788286	
1	-0.585938	3.426310	-0.225505	0.788286	
1	-0.634766	3.425477	-0.226481	0.793379	
1	-0.634766	3.425477	-0.226481	0.793379	
1	-0.683594	3.422937	-0.227385	0.797805	
1	-0.683594	3.422937	-0.227385	0.797805	
1	-0.732422	3.418670	-0.228198	0.801555	
1	-0.732422	3.418670	-0.228198	0.801555	
1	-0.738134	3.417969	-0.228274	0.801898	
1	-0.738134	3.417969	-0.228274	0.801898	
1	-0.781250	3.412554	-0.228888	0.804566	
1	-0.781250	3.412554	-0.228888	0.804566	
1	-0.830078	3.404621	-0.229444	0.806863	
1	-0.830078	3.404621	-0.229444	0.806863	
1	-0.878906	3.394860	-0.229849	0.808453	
1	-0.878906	3.394860	-0.229849	0.808453	
1	-0.927734	3.383245	-0.230084	0.809332	
1	-0.927734	3.383245	-0.230084	0.809332	
1	-0.976562	3.369750	-0.230129	0.809499	
1	-0.976562	3.369750	-0.230129	0.809499	
1	-0.978504	3.369141	-0.230122	0.809471	
1	-0.978504	3.369141	-0.230122	0.809471	
1	-1.025391	3.354042	-0.229915	0.808780	
1	-1.025391	3.354042	-0.229915	0.808780	
1	-1.074219	3.336343	-0.229462	0.807323	
1	-1.074219	3.336343	-0.229462	0.807323	
1	-1.113975	3.320312	-0.228880	0.805524	
1	-1.113975	3.320312	-0.228880	0.805524	
1	-1.123047	3.316552	-0.228738	0.805094	
1	-1.123047	3.316552	-0.228738	0.805094	
1	-1.171875	3.294322	-0.227662	0.801924	
1	-1.171875	3.294322	-0.227662	0.801924	
1	-1.217683	3.271484	-0.226363	0.798252	
1	-1.217683	3.271484	-0.226363	0.798252	
1	-1.220703	3.269933	-0.226272	0.797998	
1	-1.220703	3.269933	-0.226272	0.797998	
1	-1.269531	3.242801	-0.224437	0.793032	
1	-1.269531	3.242801	-0.224437	0.793032	
1	-1.303085	3.222656	-0.222927	0.789086	
1	-1.303085	3.222656	-0.222927	0.789086	
1	-1.318359	3.213191	-0.222194	0.787210	
1	-1.318359	3.213191	-0.222194	0.787210	
1	-1.367188	3.180739	-0.219452	0.780380	
1	-1.367188	3.180739	-0.219452	0.780380	
1	-1.376933	3.173828	-0.218823	0.778852	
1	-1.376933	3.173828	-0.218823	0.778852	
1	-1.416016	3.145168	-0.216135	0.772452	
1	-1.416016	3.145168	-0.216135	0.772452	
1	-1.441864	3.125000	-0.214124	0.767793	
1	-1.441864	3.125000	-0.214124	0.767793	
1	-1.464844	3.106425	-0.212215	0.763461	
1	-1.464844	3.106425	-0.212215	0.763461	
1	-1.500177	3.076172	-0.208939	0.756209	
1	-1.500177	3.076172	-0.208939	0.756209	
1	-1.513672	3.064180	-0.207603	0.753309	
1	-1.513672	3.064180	-0.207603	0.753309	
1	-1.552964	3.027344	-0.203310	0.744203	
1	-1.552964	3.027344	-0.203310	0.744203	
1	-1.562500	3.018049	-0.202195	0.741887	
1	-1.562500	3.018049	-0.202195	0.741887	
1	-1.601084	2.978516	-0.197273	0.731868	
1	-1.601084	2.978516	-0.197273	0.731868	
1	-1.611328	2.967583	-0.195874	0.729079	
1	-1.611328	2.967583	-0.195874	0.729079	
1	-1.645223	2.929688	-0.190865	0.719285	
1	-1.645223	2.929688	-0.190865	0.719285	
1	-1.660156	2.912266	-0.188500	0.714759	
1	-1.660156	2.912266	-0.188500	0.714759	
1	-1.685932	2.880859	-0.184120	0.706524	
1	-1.685932	2.880859	-0.184120	0.706524	
1	-1.708984	2.851495	-0.179919	0.698798	
1	-1.708984	2.851495	-0.179919	0.698798	
1	-1.723657	2.832031	-0.177070	0.693645	
1	-1.723657	2.832031	-0.177070	0.693645	
1	-1.757812	2.784574	-0.169954	0.681062	
1	-1.757812	2.784574	-0.169954	0.681062	
1	-1.758763	2.783203	-0.169744	0.680697	
1	-1.758763	2.783203	-0.169744	0.680697	
1	-1.791085	2.734375	-0.162099	0.667605	
1	-1.791085	2.734375	-0.162099	0.667605	
1	-1.806641	2.709668	-0.158142	0.660983	
1	-1.806641	2.709668	-0.158142	0.660983	
1	-1.821306	2.685547	-0.154219	0.654514	
1	-1.821306	2.685547	-0.154219	0.654514	
1	-1.849504	2.636719	-0.146106	0.641421	
1	-1.849504	2.636719	-0.146106	0.641421	
1	-1.855469	2.625834	-0.144258	0.638488	
1	-1.855469	2.625834	-0.144258	0.638488	
1	-1.875602	2.587891	-0.137737	0.628286	
1	-1.875602	2.587891	-0.137737	0.628286	
1	-1.900095	2.539062	-0.129183	0.615221	
1	-1.900095	2.539062	-0.129183	0.615221	
1	-1.904297	2.530195	-0.127597	0.612836	
1	-1.904297	2.530195	-0.127597	0.612836	
1	-1.922680	2.490234	-0.120387	0.602133	
1	-1.922680	2.490234	-0.120387	0.602133	
1	-1.943819	2.441406	-0.111423	0.589130	
1	-1.943819	2.441406	-0.111423	0.589130	
1	-1.953125	2.418516	-0.107142	0.583033	
1	-1.953125	2.418516	-0.107142	0.583033	
1	-1.963386	2.392578	-0.102263	0.576169	
1	-1.963386	2.392578	-0.102263	0.576169	
1	-1.981468	2.343750	-0.092919	0.563264	
1	-1.981468	2.343750	-0.092919	0.563264	
1	-1.998332	2.294922	-0.083439	0.550477	
1	-1.998332	2.294922	-0.083439	0.550477	
1	-2.001953	2.283636	-0.081208	0.547510	
1	-2.001953	2.283636	-0.081208	0.547510	
1	-2.013702	2.246094	-0.073767	0.537729	
1	-2.013702	2.246094	-0.073767	0.537729	
1	-2.027833	2.197266	-0.063951	0.525084	
1	-2.027833	2.197266	-0.063951	0.525084	
1	-2.040837	2.148438	-0.054014	0.512564	
1	-2.040837	2.148438	-0.054014	0.512564	
1	-2.050781	2.107612	-0.045600	0.502174	
1	-2.050781	2.107612	-0.045600	0.502174	
1	-2.052686	2.099609	-0.043950	0.500159	
1	-2.052686	2.099609	-0.043950	0.500159	
1	-2.063224	2.050781	-0.033726	0.487827	
1	-2.063224	2.050781	-0.033726	0.487827	
1	-2.072709	2.001953	-0.023397	0.475631	
1	-2.072709	2.001953	-0.023397	0.475631	
1	-2.081155	1.953125	-0.012968	0.463573	
1	-2.081155	1.953125	-0.012968	0.463573	
1	-2.088578	1.904297	-0.002445	0.451656	
1	-2.088578	1.904297	-0.002445	0.451656	
1	-2.094991	1.855469	0.008167	0.439883	
1	-2.094991	1.855469	0.008167	0.439883	
1	-2.099609	1.813777	0.017309	0.429930	
1	-2.099609	1.813777	0.017309	0.429930	
1	-2.100383	1.806641	0.018868	0.428250	
1	-2.100383	1.806641	0.018868	0.428250	
1	-2.104690	1.757812	0.029668	0.416744	
1	-2.104690	1.757812	0.029668	0.416744	
1	-2.108040	1.708984	0.040535	0.405395	
1	-2.108040	1.708984	0.040535	0.405395	
1	-2.110441	1.660156	0.051463	0.394207	
1	-2.110441	1.660156	0.051463	0.394207	
1	-2.111905	1.611328	0.062443	0.383184	
1	-2.111905	1.611328	0.062443	0.383184	
1	-2.112440	1.562500	0.073469	0.372330	
1	-2.112440	1.562500	0.073469	0.372330	
1	-2.112055	1.513672	0.084533	0.361648	
1	-2.112055	1.513672	0.084533	0.361648	
1	-2.110759	1.464844	0.095625	0.351143	
1	-2.110759	1.464844	0.095625	0.351143	
1	-2.108561	1.416016	0.106738	0.340820	
1	-2.108561	1.416016	0.106738	0.340820	
1	-2.105472	1.367188	0.117861	0.330683	
1	-2.105472	1.367188	0.117861	0.330683	
1	-2.101502	1.318359	0.128983	0.320738	
1	-2.101502	1.318359	0.128983	0.320738	
1	-2.099609	1.299158	0.133376	0.316861	
1	-2.099609	1.299158	0.133376	0.316861	
1	-2.096556	1.269531	0.140118	0.310968	
1	-2.096556	1.269531	0.140118	0.310968	
1	-2.090645	1.220703	0.151255	0.301380	
1	-2.090645	1.220703	0.151255	0.301380	
1	-2.083850	1.171875	0.162364	0.291994	
1	-2.083850	1.171875	0.162364	0.291994	
1	-2.076184	1.123047	0.173432	0.282817	
1	-2.076184	1.123047	0.173432	0.282817	
1	-2.067667	1.074219	0.184443	0.273856	
1	-2.067667	1.074219	0.184443	0.273856	
1	-2.058319	1.025391	0.195381	0.265118	
1	-2.058319	1.025391	0.195381	0.265118	
1	-2.050781	0.989039	0.203479	0.258753	
1	-2.050781	0.989039	0.203479	0.258753	
1	-2.048043	0.976562	0.206256	0.256590	
1	-2.048043	0.976562	0.206256	0.256590	
1	-2.036583	0.927734	0.217111	0.248233	
1	-2.036583	0.927734	0.217111	0.248233	
1	-2.024316	0.878906	0.227846	0.240117	
1	-2.024316	0.878906	0.227846	0.240117	
1	-2.011282	0.830078	0.238439	0.232252	
1	-2.011282	0.830078	0.238439	0.232252	
1	-2.001953	0.796844	0.245565	0.227041	
1	-2.001953	0.796844	0.245565	0.227041	
1	-1.997271	0.781250	0.248921	0.224609	
1	-1.997271	0.781250	0.248921	0.224609	
1	-1.981989	0.732422	0.259333	0.217149	
1	-1.981989	0.732422	0.259333	0.217149	
1	-1.966020	0.683594	0.269536	0.209966	
1	-1.966020	0.683594	0.269536	0.209966	
1	-1.953125	0.645534	0.277328	0.204562	
1	-1.953125	0.645534	0.277328	0.204562	
1	-1.949183	0.634766	0.279550	0.203035	
1	-1.949183	0.634766	0.279550	0.203035	
1	-1.930860	0.585938	0.289473	0.196280	
1	-1.930860	0.585938	0.289473	0.196280	
1	-1.912011	0.537109	0.299100	0.189832	
1	-1.912011	0.537109	0.299100	0.189832	
1	-1.904297	0.517447	0.302884	0.187325	
1	-1.904297	0.517447	0.302884	0.187325	
1	-1.891804	0.488281	0.308562	0.183592	
1	-1.891804	0.488281	0.308562	0.183592	
1	-1.870601	0.439453	0.317767	0.177609	
1	-1.870601	0.439453	0.317767	0.177609	
1	-1.855469	0.404905	0.324033	0.173584	
1	-1.855469	0.404905	0.324033	0.173584	
1	-1.848565	0.390625	0.326663	0.171905	
1	-1.848565	0.390625	0.326663	0.171905	
1	-1.824972	0.341797	0.335340	0.166410	
1	-1.824972	0.341797	0.335340	0.166410	
1	-1.806641	0.303739	0.341756	0.162385	
1	-1.806641	0.303739	0.341756	0.162385	
1	-1.800846	0.292969	0.343607	0.161229	
1	-1.800846	0.292969	0.343607	0.161229	
1	-1.774937	0.244141	0.351619	0.156251	
1	-1.774937	0.244141	0.351619	0.156251	
1	-1.757812	0.211260	0.356671	0.153127	
1	-1.757812	0.211260	0.356671	0.153127	
1	-1.748416	0.195312	0.359176	0.151582	
1	-1.748416	0.195312	0.359176	0.151582	
1	-1.720474	0.146484	0.366354	0.147157	
1	-1.720474	0.146484	0.366354	0.147157	
1	-1.708984	0.125655	0.369191	0.145406	
1	-1.708984	0.125655	0.369191	0.145406	
1	-1.691276	0.097656	0.373090	0.142994	
1	-1.691276	0.097656	0.373090	0.142994	
1	-1.661934	0.048828	0.379236	0.139162	
1	-1.661934	0.048828	0.379236	0.139162	
1	-1.660156	0.045701	0.379599	0.138934	
1	-1.660156	0.045701	0.379599	0.138934	
1	-1.629968	0.000000	0.385002	0.135506	
1	-1.629968	0.000000	0.385002	0.135506	
1	-1.611328	-0.030556	0.388165	0.133457	
1	-1.611328	-0.030556	0.388165	0.133457	
1	-1.598087	-0.048828	0.390097	0.132182	
1	-1.598087	-0.048828	0.390097	0.132182	
1	-1.566084	-0.097656	0.394538	0.129157	
1	-1.566084	-0.097656	0.394538	0.129157	
1	-1.562500	-0.103735	0.395021	0.128817	
1	-1.562500	-0.103735	0.395021	0.128817	
1	-1.532140	-0.146484	0.398417	0.126337	
1	-1.532140	-0.146484	0.398417	0.126337	
1	-1.513672	-0.176825	0.400363	0.124814	
1	-1.513672	-0.176825	0.400363	0.124814	
1	-1.499695	-0.195312	0.401539	0.123838	
1	-1.499695	-0.195312	0.401539	0.123838	
1	-1.469378	-0.244141	0.403947	0.121624	
1	-1.469378	-0.244141	0.403947	0.121624	
1	-1.464844	-0.253126	0.404299	0.121264	
1	-1.464844	-0.253126	0.404299	0.121264	
1	-1.439661	-0.292969	0.405745	0.119598	
1	-1.439661	-0.292969	0.405745	0.119598	
1	-1.417737	-0.341797	0.406911	0.117836	
1	-1.417737	-0.341797	0.406911	0.117836	
1	-1.416016	-0.347031	0.407005	0.117658	
1	-1.416016	-0.347031	0.407005	0.117658	
1	-1.398140	-0.390625	0.407641	0.116122	
1	-1.398140	-0.390625	0.407641	0.116122	
1	-1.386461	-0.439453	0.407997	0.114416	
1	-1.386461	-0.439453	0.407997	0.114416	
1	-1.380414	-0.488281	0.408046	0.112558	
1	-1.380414	-0.488281	0.408046	0.112558	
1	-1.377964	-0.537109	0.407799	0.110440	
1	-1.377964	-0.537109	0.407799	0.110440	
1	-1.377737	-0.585938	0.407250	0.107996	
1	-1.377737	-0.585938	0.407250	0.107996	
1	-1.378801	-0.634766	0.406395	0.105187	
1	-1.378801	-0.634766	0.406395	0.105187	
1	-1.380514	-0.683594	0.405232	0.101987	
1	-1.380514	-0.683594	0.405232	0.101987	
1	-1.382433	-0.732422	0.403767	0.098384	
1	-1.382433	-0.732422	0.403767	0.098384	
1	-1.384253	-0.781250	0.402008	0.094371	
1	-1.384253	-0.781250	0.402008	0.094371	
1	-1.385760	-0.830078	0.399967	0.089946	
1	-1.385760	-0.830078	0.399967	0.089946	
1	-1.386803	-0.878906	0.397656	0.085106	
1	-1.386803	-0.878906	0.397656	0.085106	
1	-1.387279	-0.927734	0.395091	0.079855	
1	-1.387279	-0.927734	0.395091	0.079855	
1	-1.387116	-0.976562	0.392284	0.074192	
1	-1.387116	-0.976562	0.392284	0.074192	
1	-1.386263	-1.025391	0.389251	0.068120	
1	-1.386263	-1.025391	0.389251	0.068120	
1	-1.384684	-1.074219	0.386006	0.061641	
1	-1.384684	-1.074219	0.386006	0.061641	
1	-1.382355	-1.123047	0.382562	0.054756	
1	-1.382355	-1.123047	0.382562	0.054756	
1	-1.379259	-1.171875	0.378933	0.047469	
1	-1.379259	-1.171875	0.378933	0.047469	
1	-1.375385	-1.220703	0.375132	0.039779	
1	-1.375385	-1.220703	0.375132	0.039779	
1	-1.370722	-1.269531	0.371172	0.031690	
1	-1.370722	-1.269531	0.371172	0.031690	
1	-1.367188	-1.300692	0.368573	0.026332	
1	-1.367188	-1.300692	0.368573	0.026332	
1	-1.365164	-1.318359	0.367069	0.023211	
1	-1.365164	-1.318359	0.367069	0.023211	
1	-1.358608	-1.367188	0.362841	0.014354	
1	-1.358608	-1.367188	0.362841	0.014354	
1	-1.351254	-1.416016	0.358489	0.005102	
1	-1.351254	-1.416016	0.358489	0.005102	
1	-1.343096	-1.464844	0.354027	-0.004545	
1	-1.343096	-1.464844	0.354027	-0.004545	
1	-1.334131	-1.513672	0.349464	-0.014587	
1	-1.334131	-1.513672	0.349464	-0.014587	
1	-1.324353	-1.562500	0.344811	-0.025022	
1	-1.324353	-1.562500	0.344811	-0.025022	
1	-1.318359	-1.589751	0.342188	-0.030997	
1	-1.318359	-1.589751	0.342188	-0.030997	
1	-1.313589	-1.611328	0.340087	-0.035833	
1	-1.313589	-1.611328	0.340087	-0.035833	
1	-1.301787	-1.660156	0.335305	-0.047013	
1	-1.301787	-1.660156	0.335305	-0.047013	
1	-1.289169	-1.708984	0.330464	-0.058589	
1	-1.289169	-1.708984	0.330464	-0.058589	
1	-1.275723	-1.757812	0.325574	-0.070559	
1	-1.275723	-1.757812	0.325574	-0.070559	
1	-1.269531	-1.778688	0.323479	-0.075776	
1	-1.269531	-1.778688	0.323479	-0.075776	
1	-1.261198	-1.806641	0.320656	-0.082898	
1	-1.261198	-1.806641	0.320656	-0.082898	
1	-1.245648	-1.855469	0.315718	-0.095612	
1	-1.245648	-1.855469	0.315718	-0.095612	
1	-1.229251	-1.904297	0.310759	-0.108726	
1	-1.229251	-1.904297	0.310759	-0.108726	
1	-1.220703	-1.928234	0.308333	-0.115278	
1	-1.220703	-1.928234	0.308333	-0.115278	
1	-1.211761	-1.953125	0.305801	-0.122214	
1	-1.211761	-1.953125	0.305801	-0.122214	
1	-1.193172	-2.001953	0.300851	-0.136078	
1	-1.193172	-2.001953	0.300851	-0.136078	
1	-1.173702	-2.050781	0.295911	-0.150348	
1	-1.173702	-2.050781	0.295911	-0.150348	
1	-1.171875	-2.055096	0.295477	-0.151621	
1	-1.171875	-2.055096	0.295477	-0.151621	
1	-1.152881	-2.099609	0.291007	-0.164974	
1	-1.152881	-2.099609	0.291007	-0.164974	
1	-1.131106	-2.148438	0.286132	-0.180009	
1	-1.131106	-2.148438	0.286132	-0.180009	
1	-1.123047	-2.165609	0.284432	-0.185375	
1	-1.123047	-2.165609	0.284432	-0.185375	
1	-1.108056	-2.197266	0.281307	-0.195422	
1	-1.108056	-2.197266	0.281307	-0.195422	
1	-1.083866	-2.246094	0.276536	-0.211236	
1	-1.083866	-2.246094	0.276536	-0.211236	
1	-1.074219	-2.264676	0.274741	-0.217345	
1	-1.074219	-2.264676	0.274741	-0.217345	
1	-1.058348	-2.294922	0.271833	-0.227438	
1	-1.058348	-2.294922	0.271833	-0.227438	
1	-1.031614	-2.343750	0.267205	-0.244051	
1	-1.031614	-2.343750	0.267205	-0.244051	
1	-1.025391	-2.354613	0.266190	-0.247792	
1	-1.025391	-2.354613	0.266190	-0.247792	
1	-1.003368	-2.392578	0.262669	-0.261054	
1	-1.003368	-2.392578	0.262669	-0.261054	
1	-0.976562	-2.437009	0.258624	-0.276897	
1	-0.976562	-2.437009	0.258624	-0.276897	
1	-0.973873	-2.441406	0.258227	-0.278487	
1	-0.973873	-2.441406	0.258227	-0.278487	
1	-0.942661	-2.490234	0.253901	-0.296315	
1	-0.942661	-2.490234	0.253901	-0.296315	
1	-0.927734	-2.512696	0.251952	-0.304655	
1	-0.927734	-2.512696	0.251952	-0.304655	
1	-0.909930	-2.539062	0.249694	-0.314577	
1	-0.909930	-2.539062	0.249694	-0.314577	
1	-0.878906	-2.583285	0.245999	-0.331499	
1	-0.878906	-2.583285	0.245999	-0.331499	
1	-0.875618	-2.587891	0.245621	-0.333284	
1	-0.875618	-2.587891	0.245621	-0.333284	
1	-0.839343	-2.636719	0.241698	-0.352421	
1	-0.839343	-2.636719	0.241698	-0.352421	
1	-0.830078	-2.648740	0.240757	-0.357199	
1	-0.830078	-2.648740	0.240757	-0.357199	
1	-0.801131	-2.685547	0.237937	-0.372016	
1	-0.801131	-2.685547	0.237937	-0.372016	
1	-0.781250	-2.709936	0.236124	-0.381978	
1	-0.781250	-2.709936	0.236124	-0.381978	
1	-0.760883	-2.734375	0.234353	-0.392090	
1	-0.760883	-2.734375	0.234353	-0.392090	
1	-0.732422	-2.767345	0.232041	-0.405920	
1	-0.732422	-2.767345	0.232041	-0.405920	
1	-0.718397	-2.783203	0.230961	-0.412658	
1	-0.718397	-2.783203	0.230961	-0.412658	
1	-0.683594	-2.821224	0.228465	-0.429026	
1	-0.683594	-2.821224	0.228465	-0.429026	
1	-0.673437	-2.832031	0.227780	-0.433740	
1	-0.673437	-2.832031	0.227780	-0.433740	
1	-0.634766	-2.871818	0.225359	-0.451315	
1	-0.634766	-2.871818	0.225359	-0.451315	
1	-0.625723	-2.880859	0.224831	-0.455362	
1	-0.625723	-2.880859	0.224831	-0.455362	
1	-0.585938	-2.919360	0.222683	-0.472813	
1	-0.585938	-2.919360	0.222683	-0.472813	
1	-0.574928	-2.929688	0.222135	-0.477558	
1	-0.574928	-2.929688	0.222135	-0.477558	
1	-0.537109	-2.964062	0.220403	-0.493551	
1	-0.537109	-2.964062	0.220403	-0.493551	
1	-0.520663	-2.978516	0.219719	-0.500372	
1	-0.520663	-2.978516	0.219719	-0.500372	
1	-0.488281	-3.006120	0.218487	-0.513564	
1	-0.488281	-3.006120	0.218487	-0.513564	
1	-0.462462	-3.027344	0.217611	-0.523861	
1	-0.462462	-3.027344	0.217611	-0.523861	
1	-0.439453	-3.045712	0.216904	-0.532887	
1	-0.439453	-3.045712	0.216904	-0.532887	
1	-0.399768	-3.076172	0.215847	-0.548101	
1	-0.399768	-3.076172	0.215847	-0.548101	
1	-0.390625	-3.082995	0.215630	-0.551555	
1	-0.390625	-3.082995	0.215630	-0.551555	
1	-0.341797	-3.117925	0.214646	-0.569494	
1	-0.341797	-3.117925	0.214646	-0.569494	
1	-0.331449	-3.125000	0.214473	-0.573184	
1	-0.331449	-3.125000	0.214473	-0.573184	
1	-0.292969	-3.150608	0.213927	-0.586722	
1	-0.292969	-3.150608	0.213927	-0.586722	
1	-0.256329	-3.173828	0.213547	-0.599255	
1	-0.256329	-3.173828	0.213547	-0.599255	
1	-0.244141	-3.181357	0.213448	-0.603377	
1	-0.244141	-3.181357	0.213448	-0.603377	
1	-0.195312	-3.209974	0.213194	-0.619314	
1	-0.195312	-3.209974	0.213194	-0.619314	
1	-0.172413	-3.222656	0.213146	-0.626531	
1	-0.172413	-3.222656	0.213146	-0.626531	
1	-0.146484	-3.236671	0.213143	-0.634626	
