chi multiples
 N    ID    z   Narcs    chip    chix    chiy    chia   rmss     rmsi    dx      dy    nwarn
 0    9.2 4.500   1      0.51    0.00    0.00    0.00   0.151    0.36    0.16    0.32  0
 0    9.1 4.500   1      0.19    0.00    0.00    0.00   0.151    0.22   -0.20   -0.07  0
 0    9.2 4.500   2      0.70    0.00    0.00    0.00   0.151    0.30    N/A     N/A   0
 1    8.2 4.500   1      0.09    0.00    0.00    0.00   0.062    0.15   -0.08   -0.13  0
 1    8.1 4.500   1      0.38    0.00    0.00    0.00   0.062    0.31    0.31   -0.05  0
 1    8.2 4.500   2      0.48    0.00    0.00    0.00   0.062    0.24    N/A     N/A   0
 2    7.2 4.500   1      0.09    0.00    0.00    0.00   0.021    0.15    0.01   -0.15  0
 2    7.1 4.500   1      0.02    0.00    0.00    0.00   0.021    0.07   -0.07    0.01  0
 2    7.2 4.500   2      0.11    0.00    0.00    0.00   0.021    0.12    N/A     N/A   0
 3    6.4 4.500   1      0.08    0.00    0.00    0.00   0.113    0.14   -0.06   -0.13  0
 3    6.3 4.500   1      0.23    0.00    0.00    0.00   0.080    0.24    0.08    0.23  0
 3    6.2 4.500   1      0.01    0.00    0.00    0.00   0.023    0.05    0.01   -0.05  0
 3    6.1 4.500   1      0.37    0.00    0.00    0.00   0.211    0.30   -0.30   -0.03  0
 3    6.4 4.500   4      0.69    0.00    0.00    0.00   0.127    0.21    N/A     N/A   0
 4    5.2 4.500   1      0.08    0.00    0.00    0.00   0.112    0.14    0.10    0.09  0
 4    5.1 4.500   1      0.52    0.00    0.00    0.00   0.112    0.36    0.31    0.18  0
 4    5.2 4.500   2      0.60    0.00    0.00    0.00   0.112    0.27    N/A     N/A   0
 5    4.2 4.500   1      0.03    0.00    0.00    0.00   0.072    0.09    0.08    0.03  0
 5    4.1 4.500   1      0.41    0.00    0.00    0.00   0.072    0.32    0.27    0.16  0
 5    4.2 4.500   2      0.44    0.00    0.00    0.00   0.072    0.23    N/A     N/A   0
 6    3.2 4.500   1      0.11    0.00    0.00    0.00   0.003    0.17   -0.03   -0.16  0
 6    3.1 4.500   1      0.03    0.00    0.00    0.00   0.003    0.08   -0.01   -0.08  0
 6    3.2 4.500   2      0.14    0.00    0.00    0.00   0.003    0.13    N/A     N/A   0
 7    2.3 4.500   1      0.03    0.00    0.00    0.00   0.050    0.08    0.08   -0.02  0
 7    2.2 4.500   1      0.32    0.00    0.00    0.00   0.049    0.28   -0.28   -0.05  0
 7    2.1 4.500   1      0.04    0.00    0.00    0.00   0.035    0.11   -0.03    0.10  0
 7    2.3 4.500   3      0.39    0.00    0.00    0.00   0.045    0.18    N/A     N/A   0
 8    1.6 4.500   1      0.55    0.00    0.00    0.00   0.282    0.37   -0.33   -0.16  0
 8    1.5 4.500   1      0.04    0.00    0.00    0.00   0.042    0.10    0.08    0.06  0
 8    1.4 4.500   1      0.02    0.00    0.00    0.00   0.008    0.08   -0.02    0.07  0
 8    1.3 4.500   1      0.48    0.00    0.00    0.00   0.184    0.35    0.35    0.01  0
 8    1.2 4.500   1      0.06    0.00    0.00    0.00   0.057    0.13   -0.10    0.08  0
 8    1.1 4.500   1      2.81    0.00    0.00    0.00   0.418    0.84   -0.56   -0.63  0
 8    1.6 4.500   6      3.97    0.00    0.00    0.00   0.221    0.41    N/A     N/A   0
chimul                   7.50    0.00    0.00    0.00   0.135    0.27    N/A     N/A   0
log(Likelihood)        -15.04

chitot           7.50
log(Likelihood)    -15.04
