#REFERENCE 3 328.3894840 17.6993580
   #ID       X         Y         R       EPS       TAU       AMP       E_AMP      DMAG  TIME[days]  DTIME    PARITY
   4.1    -0.134     1.839     1.844     0.999    20.954    28.051   189.125      3.62      -6.8       0.0    ++
   4.1    -1.596    -0.548     1.687     0.997    13.336   495.208  12562.355      6.74      -5.6       1.2    ++
   4.1    -1.557     0.421     1.613     0.000     0.000   112.918  1531.423      5.13      -5.4       1.4    +-
   4.2     0.041     1.823     1.823     0.996    11.363    19.317    88.753      3.21      -6.3       0.6    ++
   4.2    -1.462     0.536     1.557     0.996    10.629   117.723  2784.306      5.18      -4.6       2.2    +-
   4.2    -1.469    -0.839     1.692     0.000     0.000    71.841   621.048      4.64      -5.2       1.7    ++
   5.1     0.117     1.867     1.871     0.999    25.500    17.488   113.625      3.11      -7.2       0.0    ++
   5.1    -1.533    -0.527     1.622     0.995    10.415  11711.815  731055.671     10.17      -4.5       2.6    ++
   5.1    -1.562     0.075     1.563     0.001     0.001   136.264   894.847      5.34      -4.5       2.7    +-
   5.2     0.075     1.870     1.872     0.999    30.833    16.734    94.654      3.06      -7.2      -0.0    ++
   5.2    -1.577     0.050     1.578     0.996    10.873   333.079  5564.500      6.31      -4.7       2.5    +-
   5.2    -1.559    -0.453     1.624     0.001     0.001   856.841  27376.899      7.33      -4.7       2.5    ++
   4.3     1.097     0.482     1.199     0.987     6.162   103.638  1239.140      5.04       0.2       0.0    +-
   4.3    -0.266     1.180     1.209     0.986     5.958   130.910  1926.002      5.29       0.3       0.1    +-
   4.3     0.188     0.420     0.460     0.856     1.659    38.751   980.578      3.97       0.8       0.6    --
   4.3    -0.901    -1.791     2.005     0.671     0.905    11.984    72.378      2.70     -10.2     -10.4    ++
   4.3     0.685     1.172     1.358     0.002     0.002   153.882  4079.993      5.47       0.0      -0.1    ++
   4.4     0.712     1.218     1.411     0.983     5.378    42.973   265.430      4.08      -0.4      -0.6    ++
   4.4    -0.883    -1.772     1.980     0.959     3.402    12.281    92.814      2.72      -9.6      -9.8    ++
   4.4    -0.405     1.144     1.214     0.942     2.802   182.843  2724.529      5.66       0.0      -0.2    +-
   4.4     0.155     0.371     0.402     0.895     2.002    20.285   101.258      3.27       0.6       0.5    --
   4.4     1.162     0.335     1.209     0.000     0.000    50.339   165.034      4.25      -0.2      -0.3    +-
   5.3    -0.354     1.094     1.150     0.989     6.744   122.426  2860.819      5.22       0.4       0.0    +-
   5.3     1.131     0.566     1.264     0.987     6.152   158.170   763.653      5.50      -0.2      -0.5    +-
   5.3    -0.843    -1.811     1.998     0.952     3.121    11.228    36.422      2.63     -10.0     -10.4    ++
   5.3     0.104     0.443     0.455     0.927     2.469    23.610   106.160      3.43       0.7       0.4    --
   5.3     0.902     1.017     1.359     0.001     0.001    97.319   556.283      4.97      -0.2      -0.6    ++
   5.4    -0.848    -1.814     2.002     0.989     6.598    13.778   195.239      2.85     -10.1     -10.5    ++
   5.4     0.904     0.999     1.348     0.987     6.244   159.689  1590.577      5.51      -0.1      -0.5    ++
   5.4    -0.331     1.102     1.150     0.987     6.184   109.433  1391.275      5.10       0.4       0.0    +-
   5.4     0.112     0.452     0.465     0.966     3.735    33.818   674.512      3.82       0.8       0.4    --
   5.4     1.110     0.604     1.264     0.001     0.001   336.160  1352.898      6.32      -0.1      -0.4    +-
