#REFERENCE 0 328.3894840 17.6993580
4.1 328.3899381 17.6994749 0.091007 0.090992 119.82990 4.5000 0.00 
4.2 328.3894721 17.6998643 0.511285 0.022455 7.54912 4.5000 0.45 
4.2 328.3899103 17.6995069 0.717474 0.033675 78.11620 4.5000 -0.35 
4.2 328.3899124 17.6991248 0.132047 0.131999 86.61768 4.5000 -0.00 
5.1 328.3894500 17.6998767 0.364871 0.007152 177.91997 4.5000 1.70 
5.1 328.3899311 17.6992115 0.484493 0.023207 114.21079 4.5000 0.12 
5.1 328.3899393 17.6993790 0.112026 0.111866 3.09826 4.5000 0.00 
5.2 328.3894622 17.6998775 0.388606 0.006300 3.38370 4.5000 1.77 
5.2 328.3899438 17.6993718 0.547966 0.025146 96.00850 4.5000 -0.10 
5.2 328.3899386 17.6992321 0.112166 0.112013 116.21724 4.5000 -0.00 
4.3 328.3891640 17.6994919 0.335753 0.027066 116.67297 4.5000 0.29 
4.3 328.3895617 17.6996857 0.305157 0.025432 11.45661 4.5000 0.46 
4.3 328.3894292 17.6994745 0.119802 0.033310 55.14257 4.5000 1.18 
4.3 328.3897466 17.6988605 0.050352 0.022343 43.35382 4.5000 2.56 
4.3 328.3892842 17.6996837 0.109026 0.108789 22.60792 4.5000 0.00 
4.4 328.3892763 17.6996963 0.367543 0.033882 153.12291 4.5000 -0.22 
4.4 328.3897416 17.6988658 0.111952 0.016115 162.07749 4.5000 1.88 
4.4 328.3896022 17.6996758 0.229780 0.039781 42.38821 4.5000 0.12 
4.4 328.3894387 17.6994610 0.149908 0.035357 168.31116 4.5000 0.71 
4.4 328.3891452 17.6994512 0.101012 0.100962 115.48024 4.5000 0.00 
5.3 328.3895872 17.6996620 0.212183 0.015646 24.31170 4.5000 0.89 
5.3 328.3891544 17.6995152 0.291101 0.023504 121.59706 4.5000 0.11 
5.3 328.3897297 17.6988549 0.061906 0.009676 10.48688 4.5000 2.75 
5.3 328.3894537 17.6994812 0.102918 0.020054 30.39497 4.5000 1.41 
5.3 328.3892209 17.6996404 0.087090 0.086986 101.34740 4.5000 -0.00 
5.4 328.3897312 17.6988541 0.096613 0.007279 170.46924 4.5000 2.82 
5.4 328.3892204 17.6996356 0.360584 0.028692 142.29078 4.5000 -0.10 
5.4 328.3895804 17.6996640 0.225768 0.018137 36.99048 4.5000 0.90 
5.4 328.3894514 17.6994835 0.138094 0.018164 179.23503 4.5000 1.44 
5.4 328.3891604 17.6995259 0.097020 0.096926 8.75591 4.5000 0.00 
