#REFERENCE 3 87.3042530 -62.0775650
1	-3.125000	-3.532154	-1.538362	-0.565714	
1	-3.149991	-3.515625	-1.539997	-0.567789	
1	-3.149991	-3.515625	-1.539997	-0.567789	
1	-3.173828	-3.498322	-1.540893	-0.568914	
1	-3.173828	-3.498322	-1.540893	-0.568914	
1	-3.211393	-3.466797	-1.540376	-0.568286	
1	-3.211393	-3.466797	-1.540376	-0.568286	
1	-3.222656	-3.456255	-1.539723	-0.567495	
1	-3.222656	-3.456255	-1.539723	-0.567495	
1	-3.258863	-3.417969	-1.535564	-0.562529	
1	-3.258863	-3.417969	-1.535564	-0.562529	
1	-3.271484	-3.402805	-1.533253	-0.559809	
1	-3.271484	-3.402805	-1.533253	-0.559809	
1	-3.296766	-3.369141	-1.527050	-0.552603	
1	-3.296766	-3.369141	-1.527050	-0.552603	
1	-3.320312	-3.332727	-1.518814	-0.543201	
1	-3.320312	-3.332727	-1.518814	-0.543201	
1	-3.327675	-3.320312	-1.515741	-0.539733	
1	-3.327675	-3.320312	-1.515741	-0.539733	
1	-3.352825	-3.271484	-1.502040	-0.524490	
1	-3.352825	-3.271484	-1.502040	-0.524490	
1	-3.369141	-3.233547	-1.490019	-0.511366	
1	-3.369141	-3.233547	-1.490019	-0.511366	
1	-3.373526	-3.222656	-1.486447	-0.507506	
1	-3.373526	-3.222656	-1.486447	-0.507506	
1	-3.390275	-3.173828	-1.469113	-0.489001	
1	-3.390275	-3.173828	-1.469113	-0.489001	
1	-3.403818	-3.125000	-1.450336	-0.469338	
1	-3.403818	-3.125000	-1.450336	-0.469338	
1	-3.414517	-3.076172	-1.430246	-0.448683	
1	-3.414517	-3.076172	-1.430246	-0.448683	
1	-3.417969	-3.055968	-1.421464	-0.439768	
1	-3.417969	-3.055968	-1.421464	-0.439768	
1	-3.422678	-3.027344	-1.408954	-0.427179	
1	-3.422678	-3.027344	-1.408954	-0.427179	
1	-3.428598	-2.978516	-1.386579	-0.404968	
1	-3.428598	-2.978516	-1.386579	-0.404968	
1	-3.432505	-2.929688	-1.363210	-0.382157	
1	-3.432505	-2.929688	-1.363210	-0.382157	
1	-3.434577	-2.880859	-1.338917	-0.358833	
1	-3.434577	-2.880859	-1.338917	-0.358833	
1	-3.434968	-2.832031	-1.313764	-0.335069	
1	-3.434968	-2.832031	-1.313764	-0.335069	
1	-3.433809	-2.783203	-1.287802	-0.310929	
1	-3.433809	-2.783203	-1.287802	-0.310929	
1	-3.431212	-2.734375	-1.261078	-0.286467	
1	-3.431212	-2.734375	-1.261078	-0.286467	
1	-3.427271	-2.685547	-1.233631	-0.261731	
1	-3.427271	-2.685547	-1.233631	-0.261731	
1	-3.422064	-2.636719	-1.205494	-0.236759	
1	-3.422064	-2.636719	-1.205494	-0.236759	
1	-3.417969	-2.605655	-1.187154	-0.220687	
1	-3.417969	-2.605655	-1.187154	-0.220687	
1	-3.415698	-2.587891	-1.176716	-0.211608	
1	-3.415698	-2.587891	-1.176716	-0.211608	
1	-3.408291	-2.539062	-1.147359	-0.186338	
1	-3.408291	-2.539062	-1.147359	-0.186338	
1	-3.399827	-2.490234	-1.117406	-0.160942	
1	-3.399827	-2.490234	-1.117406	-0.160942	
1	-3.390342	-2.441406	-1.086870	-0.135440	
1	-3.390342	-2.441406	-1.086870	-0.135440	
1	-3.379862	-2.392578	-1.055760	-0.109851	
1	-3.379862	-2.392578	-1.055760	-0.109851	
1	-3.369141	-2.346891	-1.026115	-0.085823	
1	-3.369141	-2.346891	-1.026115	-0.085823	
1	-3.368425	-2.343750	-1.024092	-0.084196	
1	-3.368425	-2.343750	-1.024092	-0.084196	
1	-3.356321	-2.294922	-0.992044	-0.058624	
1	-3.356321	-2.294922	-0.992044	-0.058624	
1	-3.343316	-2.246094	-0.959466	-0.033024	
1	-3.343316	-2.246094	-0.959466	-0.033024	
1	-3.329411	-2.197266	-0.926352	-0.007400	
1	-3.329411	-2.197266	-0.926352	-0.007400	
1	-3.320312	-2.167259	-0.905666	0.008408	
1	-3.320312	-2.167259	-0.905666	0.008408	
1	-3.314763	-2.148438	-0.892801	0.018163	
1	-3.314763	-2.148438	-0.892801	0.018163	
1	-3.299504	-2.099609	-0.858897	0.043595	
1	-3.299504	-2.099609	-0.858897	0.043595	
1	-3.283377	-2.050781	-0.824469	0.069016	
1	-3.283377	-2.050781	-0.824469	0.069016	
1	-3.271484	-2.016602	-0.799998	0.086841	
1	-3.271484	-2.016602	-0.799998	0.086841	
1	-3.266521	-2.001953	-0.789607	0.094349	
1	-3.266521	-2.001953	-0.789607	0.094349	
1	-3.249172	-1.953125	-0.754469	0.119475	
1	-3.249172	-1.953125	-0.754469	0.119475	
1	-3.230949	-1.904297	-0.718800	0.144568	
1	-3.230949	-1.904297	-0.718800	0.144568	
1	-3.222656	-1.883022	-0.703036	0.155526	
1	-3.222656	-1.883022	-0.703036	0.155526	
1	-3.212183	-1.855469	-0.682821	0.169461	
1	-3.212183	-1.855469	-0.682821	0.169461	
1	-3.192812	-1.806641	-0.646494	0.194176	
1	-3.192812	-1.806641	-0.646494	0.194176	
1	-3.173828	-1.760900	-0.611948	0.217293	
1	-3.173828	-1.760900	-0.611948	0.217293	
1	-3.172577	-1.757812	-0.609640	0.218824	
1	-3.172577	-1.757812	-0.609640	0.218824	
1	-3.152098	-1.708984	-0.572692	0.243107	
1	-3.152098	-1.708984	-0.572692	0.243107	
1	-3.130693	-1.660156	-0.535175	0.267330	
1	-3.130693	-1.660156	-0.535175	0.267330	
1	-3.125000	-1.647595	-0.525405	0.273567	
1	-3.125000	-1.647595	-0.525405	0.273567	
1	-3.108924	-1.611328	-0.497490	0.291225	
1	-3.108924	-1.611328	-0.497490	0.291225	
1	-3.086403	-1.562500	-0.459363	0.314956	
1	-3.086403	-1.562500	-0.459363	0.314956	
1	-3.076172	-1.541060	-0.442407	0.325367	
1	-3.076172	-1.541060	-0.442407	0.325367	
1	-3.063375	-1.513672	-0.420976	0.338400	
1	-3.063375	-1.513672	-0.420976	0.338400	
1	-3.039729	-1.464844	-0.382251	0.361596	
1	-3.039729	-1.464844	-0.382251	0.361596	
1	-3.027344	-1.440118	-0.362385	0.373319	
1	-3.027344	-1.440118	-0.362385	0.373319	
1	-3.015507	-1.416016	-0.343226	0.384511	
1	-3.015507	-1.416016	-0.343226	0.384511	
1	-2.990708	-1.367188	-0.303906	0.407132	
1	-2.990708	-1.367188	-0.303906	0.407132	
1	-2.978516	-1.343941	-0.284947	0.417872	
1	-2.978516	-1.343941	-0.284947	0.417872	
1	-2.965343	-1.318359	-0.264307	0.429440	
1	-2.965343	-1.318359	-0.264307	0.429440	
1	-2.939344	-1.269531	-0.224384	0.451447	
1	-2.939344	-1.269531	-0.224384	0.451447	
1	-2.929688	-1.251908	-0.209808	0.459362	
1	-2.929688	-1.251908	-0.209808	0.459362	
1	-2.912874	-1.220703	-0.184270	0.473072	
1	-2.912874	-1.220703	-0.184270	0.473072	
1	-2.885608	-1.171875	-0.143728	0.494429	
1	-2.885608	-1.171875	-0.143728	0.494429	
1	-2.880859	-1.163564	-0.136763	0.498047	
1	-2.880859	-1.163564	-0.136763	0.498047	
1	-2.858055	-1.123047	-0.103157	0.515297	
1	-2.858055	-1.123047	-0.103157	0.515297	
1	-2.832031	-1.078542	-0.065654	0.534135	
1	-2.832031	-1.078542	-0.065654	0.534135	
1	-2.829540	-1.074219	-0.062048	0.535923	
1	-2.829540	-1.074219	-0.062048	0.535923	
1	-2.800804	-1.025391	-0.020991	0.556001	
1	-2.800804	-1.025391	-0.020991	0.556001	
1	-2.783203	-0.996481	0.003666	0.567806	
1	-2.783203	-0.996481	0.003666	0.567806	
1	-2.771229	-0.976562	0.020484	0.575748	
1	-2.771229	-0.976562	0.020484	0.575748	
1	-2.740998	-0.927734	0.062218	0.595071	
1	-2.740998	-0.927734	0.062218	0.595071	
1	-2.734375	-0.917273	0.071240	0.599175	
1	-2.734375	-0.917273	0.071240	0.599175	
1	-2.710342	-0.878906	0.104011	0.613864	
1	-2.710342	-0.878906	0.104011	0.613864	
1	-2.685547	-0.840649	0.137167	0.628374	
1	-2.685547	-0.840649	0.137167	0.628374	
1	-2.678762	-0.830078	0.146241	0.632283	
1	-2.678762	-0.830078	0.146241	0.632283	
1	-2.646688	-0.781250	0.188546	0.650149	
1	-2.646688	-0.781250	0.188546	0.650149	
1	-2.636719	-0.766445	0.201502	0.655503	
1	-2.636719	-0.766445	0.201502	0.655503	
1	-2.613979	-0.732422	0.231013	0.667489	
1	-2.613979	-0.732422	0.231013	0.667489	
1	-2.587891	-0.694595	0.264262	0.680641	
1	-2.587891	-0.694595	0.264262	0.680641	
1	-2.580351	-0.683594	0.273850	0.684364	
1	-2.580351	-0.683594	0.273850	0.684364	
1	-2.546105	-0.634766	0.316785	0.700647	
1	-2.546105	-0.634766	0.316785	0.700647	
1	-2.539062	-0.624931	0.325499	0.703874	
1	-2.539062	-0.624931	0.325499	0.703874	
1	-2.511245	-0.585938	0.359784	0.716309	
1	-2.511245	-0.585938	0.359784	0.716309	
1	-2.490234	-0.557310	0.385245	0.725274	
1	-2.490234	-0.557310	0.385245	0.725274	
1	-2.475446	-0.537109	0.403080	0.731413	
1	-2.475446	-0.537109	0.403080	0.731413	
1	-2.441406	-0.491874	0.443454	0.744882	
1	-2.441406	-0.491874	0.443454	0.744882	
1	-2.438706	-0.488281	0.446639	0.745918	
1	-2.438706	-0.488281	0.446639	0.745918	
1	-2.401390	-0.439453	0.490120	0.759689	
1	-2.401390	-0.439453	0.490120	0.759689	
1	-2.392578	-0.428171	0.500240	0.762791	
1	-2.392578	-0.428171	0.500240	0.762791	
1	-2.363201	-0.390625	0.533722	0.772767	
1	-2.363201	-0.390625	0.533722	0.772767	
1	-2.343750	-0.366348	0.555546	0.779031	
1	-2.343750	-0.366348	0.555546	0.779031	
1	-2.324014	-0.341797	0.577500	0.785139	
1	-2.324014	-0.341797	0.577500	0.785139	
1	-2.294922	-0.306411	0.609362	0.793650	
1	-2.294922	-0.306411	0.609362	0.793650	
1	-2.283816	-0.292969	0.621408	0.796758	
1	-2.283816	-0.292969	0.621408	0.796758	
1	-2.246094	-0.248263	0.661696	0.806697	
1	-2.246094	-0.248263	0.661696	0.806697	
1	-2.242592	-0.244141	0.665396	0.807575	
1	-2.242592	-0.244141	0.665396	0.807575	
1	-2.200455	-0.195312	0.709301	0.817516	
1	-2.200455	-0.195312	0.709301	0.817516	
1	-2.197266	-0.191665	0.712579	0.818223	
1	-2.197266	-0.191665	0.712579	0.818223	
1	-2.157360	-0.146484	0.753082	0.826541	
1	-2.157360	-0.146484	0.753082	0.826541	
1	-2.148438	-0.136541	0.761999	0.828267	
1	-2.148438	-0.136541	0.761999	0.828267	
1	-2.113140	-0.097656	0.796790	0.834622	
1	-2.113140	-0.097656	0.796790	0.834622	
1	-2.099609	-0.082954	0.809917	0.836860	
1	-2.099609	-0.082954	0.809917	0.836860	
1	-2.067780	-0.048828	0.840336	0.841698	
1	-2.067780	-0.048828	0.840336	0.841698	
1	-2.050781	-0.030810	0.856320	0.844040	
1	-2.050781	-0.030810	0.856320	0.844040	
1	-2.021273	0.000000	0.883616	0.847708	
1	-2.021273	0.000000	0.883616	0.847708	
1	-2.001953	0.019992	0.901189	0.849842	
1	-2.001953	0.019992	0.901189	0.849842	
1	-1.973620	0.048828	0.926504	0.852590	
1	-1.973620	0.048828	0.926504	0.852590	
1	-1.953125	0.069557	0.944494	0.854301	
1	-1.953125	0.069557	0.944494	0.854301	
1	-1.924840	0.097656	0.968845	0.856282	
1	-1.924840	0.097656	0.968845	0.856282	
1	-1.904297	0.118000	0.986199	0.857449	
1	-1.904297	0.118000	0.986199	0.857449	
1	-1.874980	0.146484	1.010447	0.858723	
1	-1.874980	0.146484	1.010447	0.858723	
1	-1.855469	0.165445	1.026255	0.859320	
1	-1.855469	0.165445	1.026255	0.859320	
1	-1.824123	0.195312	1.051073	0.859865	
1	-1.824123	0.195312	1.051073	0.859865	
1	-1.806641	0.212034	1.064603	0.859950	
1	-1.806641	0.212034	1.064603	0.859950	
1	-1.772404	0.244141	1.090434	0.859672	
1	-1.772404	0.244141	1.090434	0.859672	
1	-1.757812	0.257931	1.101165	0.859378	
1	-1.757812	0.257931	1.101165	0.859378	
1	-1.720027	0.292969	1.128181	0.858140	
1	-1.720027	0.292969	1.128181	0.858140	
1	-1.708984	0.303333	1.135849	0.857652	
1	-1.708984	0.303333	1.135849	0.857652	
1	-1.667279	0.341797	1.163904	0.855305	
1	-1.667279	0.341797	1.163904	0.855305	
1	-1.660156	0.348477	1.168535	0.854828	
1	-1.660156	0.348477	1.168535	0.854828	
1	-1.614544	0.390625	1.197136	0.851264	
1	-1.614544	0.390625	1.197136	0.851264	
1	-1.611328	0.393661	1.199072	0.850982	
1	-1.611328	0.393661	1.199072	0.850982	
1	-1.562500	0.439274	1.227267	0.846216	
1	-1.562500	0.439274	1.227267	0.846216	
1	-1.562307	0.439453	1.227373	0.846195	
1	-1.562307	0.439453	1.227373	0.846195	
1	-1.513672	0.485938	1.252850	0.840679	
1	-1.513672	0.485938	1.252850	0.840679	
1	-1.511210	0.488281	1.254073	0.840381	
1	-1.511210	0.488281	1.254073	0.840381	
1	-1.464844	0.534012	1.275539	0.834576	
1	-1.464844	0.534012	1.275539	0.834576	
1	-1.461714	0.537109	1.276895	0.834170	
1	-1.461714	0.537109	1.276895	0.834170	
1	-1.416016	0.584219	1.294950	0.828210	
1	-1.416016	0.584219	1.294950	0.828210	
1	-1.414368	0.585938	1.295547	0.827993	
1	-1.414368	0.585938	1.295547	0.827993	
1	-1.369737	0.634766	1.309847	0.822351	
1	-1.369737	0.634766	1.309847	0.822351	
1	-1.367188	0.637694	1.310550	0.822048	
1	-1.367188	0.637694	1.310550	0.822048	
1	-1.328234	0.683594	1.319829	0.817740	
1	-1.328234	0.683594	1.319829	0.817740	
1	-1.318359	0.695841	1.321672	0.816803	
1	-1.318359	0.695841	1.321672	0.816803	
1	-1.289867	0.732422	1.325830	0.814546	
1	-1.289867	0.732422	1.325830	0.814546	
1	-1.269531	0.759975	1.327637	0.813477	
1	-1.269531	0.759975	1.327637	0.813477	
1	-1.254485	0.781250	1.328305	0.813058	
1	-1.254485	0.781250	1.328305	0.813058	
1	-1.221809	0.830078	1.327771	0.813456	
1	-1.221809	0.830078	1.327771	0.813456	
1	-1.220703	0.831833	1.327694	0.813514	
1	-1.220703	0.831833	1.327694	0.813514	
1	-1.192539	0.878906	1.324362	0.816147	
1	-1.192539	0.878906	1.324362	0.816147	
1	-1.171875	0.915219	1.320619	0.819378	
1	-1.171875	0.915219	1.320619	0.819378	
1	-1.165140	0.927734	1.319059	0.820793	
1	-1.165140	0.927734	1.319059	0.820793	
1	-1.140272	0.976562	1.311969	0.827659	
1	-1.140272	0.976562	1.311969	0.827659	
1	-1.123047	1.011934	1.306143	0.833785	
1	-1.123047	1.011934	1.306143	0.833785	
1	-1.116861	1.025391	1.303743	0.836427	
1	-1.116861	1.025391	1.303743	0.836427	
1	-1.095485	1.074219	1.294485	0.847247	
1	-1.095485	1.074219	1.294485	0.847247	
1	-1.074794	1.123047	1.284767	0.859656	
1	-1.074794	1.123047	1.284767	0.859656	
1	-1.074219	1.124474	1.284473	0.860047	
1	-1.074219	1.124474	1.284473	0.860047	
1	-1.056116	1.171875	1.274478	0.873969	
1	-1.056116	1.171875	1.274478	0.873969	
1	-1.037951	1.220703	1.264110	0.889655	
1	-1.037951	1.220703	1.264110	0.889655	
1	-1.025391	1.255500	1.256722	0.901640	
1	-1.025391	1.255500	1.256722	0.901640	
1	-1.020574	1.269531	1.253729	0.906696	
1	-1.020574	1.269531	1.253729	0.906696	
1	-1.004443	1.318359	1.243388	0.925100	
1	-1.004443	1.318359	1.243388	0.925100	
1	-0.988629	1.367188	1.233321	0.944510	
1	-0.988629	1.367188	1.233321	0.944510	
1	-0.976562	1.405436	1.225657	0.960373	
1	-0.976562	1.405436	1.225657	0.960373	
1	-0.973363	1.416016	1.223567	0.964875	
1	-0.973363	1.416016	1.223567	0.964875	
1	-0.959220	1.464844	1.214138	0.986201	
1	-0.959220	1.464844	1.214138	0.986201	
1	-0.945377	1.513672	1.205175	1.008179	
1	-0.945377	1.513672	1.205175	1.008179	
1	-0.931859	1.562500	1.196712	1.030706	
1	-0.931859	1.562500	1.196712	1.030706	
1	-0.927734	1.578195	1.194093	1.038072	
1	-0.927734	1.578195	1.194093	1.038072	
1	-0.919297	1.611328	1.188743	1.053776	
1	-0.919297	1.611328	1.188743	1.053776	
1	-0.907380	1.660156	1.181324	1.077201	
1	-0.907380	1.660156	1.181324	1.077201	
1	-0.895891	1.708984	1.174490	1.100821	
1	-0.895891	1.708984	1.174490	1.100821	
1	-0.884887	1.757812	1.168254	1.124527	
1	-0.884887	1.757812	1.168254	1.124527	
1	-0.878906	1.786280	1.164893	1.138364	
1	-0.878906	1.786280	1.164893	1.138364	
1	-0.874712	1.806641	1.162618	1.148235	
1	-0.874712	1.806641	1.162618	1.148235	
1	-0.865498	1.855469	1.157595	1.171823	
1	-0.865498	1.855469	1.157595	1.171823	
1	-0.856952	1.904297	1.153201	1.195122	
1	-0.856952	1.904297	1.153201	1.195122	
1	-0.849162	1.953125	1.149437	1.218007	
1	-0.849162	1.953125	1.149437	1.218007	
1	-0.842227	2.001953	1.146306	1.240346	
1	-0.842227	2.001953	1.146306	1.240346	
1	-0.836259	2.050781	1.143807	1.262003	
1	-0.836259	2.050781	1.143807	1.262003	
1	-0.831387	2.099609	1.141941	1.282830	
1	-0.831387	2.099609	1.141941	1.282830	
1	-0.830078	2.118143	1.141397	1.290493	
1	-0.830078	2.118143	1.141397	1.290493	
1	-0.827925	2.148438	1.140704	1.302677	
1	-0.827925	2.148438	1.140704	1.302677	
1	-0.825935	2.197266	1.140094	1.321371	
1	-0.825935	2.197266	1.140094	1.321371	
1	-0.825604	2.246094	1.140106	1.338729	
1	-0.825604	2.246094	1.140106	1.338729	
1	-0.827325	2.294922	1.140731	1.354552	
1	-0.827325	2.294922	1.140731	1.354552	
1	-0.830078	2.326774	1.141461	1.363932	
1	-0.830078	2.326774	1.141461	1.363932	
1	-0.831885	2.343750	1.141952	1.368604	
1	-0.831885	2.343750	1.141952	1.368604	
1	-0.840975	2.392578	1.143728	1.380563	
1	-0.840975	2.392578	1.143728	1.380563	
1	-0.857190	2.441406	1.145945	1.389969	
1	-0.857190	2.441406	1.145945	1.389969	
1	-0.878906	2.478864	1.147703	1.394909	
1	-0.878906	2.478864	1.147703	1.394909	
1	-0.889248	2.490234	1.148129	1.395823	
1	-0.889248	2.490234	1.148129	1.395823	
1	-0.927734	2.517285	1.148313	1.396257	
1	-0.927734	2.517285	1.148313	1.396257	
1	-0.976562	2.533316	1.146161	1.393957	
1	-0.976562	2.533316	1.146161	1.393957	
1	-1.017845	2.539062	1.142744	1.391157	
1	-1.145021	2.539062	1.125032	1.381600	
1	-1.171875	2.537543	1.120072	1.379615	
1	-1.171875	2.537543	1.120072	1.379615	
1	-1.220703	2.533560	1.109999	1.376089	
1	-1.220703	2.533560	1.109999	1.376089	
1	-1.269531	2.528905	1.098657	1.372716	
1	-1.269531	2.528905	1.098657	1.372716	
1	-1.318359	2.523853	1.086089	1.369512	
1	-1.318359	2.523853	1.086089	1.369512	
1	-1.367188	2.518595	1.072334	1.366486	
1	-1.367188	2.518595	1.072334	1.366486	
1	-1.416016	2.513273	1.057427	1.363642	
1	-1.416016	2.513273	1.057427	1.363642	
1	-1.464844	2.507993	1.041398	1.360981	
1	-1.464844	2.507993	1.041398	1.360981	
1	-1.513672	2.502843	1.024277	1.358503	
1	-1.513672	2.502843	1.024277	1.358503	
1	-1.562500	2.497894	1.006092	1.356204	
1	-1.562500	2.497894	1.006092	1.356204	
1	-1.611328	2.493208	0.986872	1.354083	
1	-1.611328	2.493208	0.986872	1.354083	
1	-1.644417	2.490234	0.973271	1.352744	
1	-1.644417	2.490234	0.973271	1.352744	
1	-1.660156	2.488767	0.966638	1.352134	
1	-1.660156	2.488767	0.966638	1.352134	
1	-1.708984	2.484578	0.945417	1.350354	
1	-1.708984	2.484578	0.945417	1.350354	
1	-1.757812	2.480863	0.923240	1.348739	
1	-1.757812	2.480863	0.923240	1.348739	
1	-1.806641	2.477672	0.900131	1.347284	
1	-1.806641	2.477672	0.900131	1.347284	
1	-1.855469	2.475054	0.876114	1.345985	
1	-1.855469	2.475054	0.876114	1.345985	
1	-1.904297	2.473061	0.851211	1.344837	
1	-1.904297	2.473061	0.851211	1.344837	
1	-1.953125	2.471744	0.825445	1.343838	
1	-1.953125	2.471744	0.825445	1.343838	
1	-2.001953	2.471159	0.798837	1.342985	
1	-2.001953	2.471159	0.798837	1.342985	
1	-2.050781	2.471366	0.771408	1.342275	
1	-2.050781	2.471366	0.771408	1.342275	
1	-2.099609	2.472427	0.743178	1.341707	
1	-2.099609	2.472427	0.743178	1.341707	
1	-2.148438	2.474410	0.714165	1.341281	
1	-2.148438	2.474410	0.714165	1.341281	
1	-2.197266	2.477388	0.684387	1.340997	
1	-2.197266	2.477388	0.684387	1.340997	
1	-2.246094	2.481439	0.653860	1.340856	
1	-2.246094	2.481439	0.653860	1.340856	
1	-2.294922	2.486648	0.622599	1.340861	
1	-2.294922	2.486648	0.622599	1.340861	
1	-2.322303	2.490234	0.604751	1.340930	
1	-2.322303	2.490234	0.604751	1.340930	
1	-2.343750	2.493098	0.590616	1.341017	
1	-2.343750	2.493098	0.590616	1.341017	
1	-2.392578	2.500925	0.557923	1.341329	
1	-2.392578	2.500925	0.557923	1.341329	
1	-2.441406	2.510268	0.524527	1.341804	
1	-2.441406	2.510268	0.524527	1.341804	
1	-2.490234	2.521260	0.490432	1.342452	
1	-2.490234	2.521260	0.490432	1.342452	
1	-2.539062	2.534044	0.455640	1.343285	
1	-2.539062	2.534044	0.455640	1.343285	
1	-2.556060	2.539062	0.443362	1.343621	
1	-2.556060	2.539062	0.443362	1.343621	
1	-2.587891	2.549042	0.420141	1.344318	
1	-2.587891	2.549042	0.420141	1.344318	
1	-2.636719	2.566460	0.383922	1.345570	
1	-2.636719	2.566460	0.383922	1.345570	
1	-2.685547	2.586394	0.346965	1.347065	
1	-2.685547	2.586394	0.346965	1.347065	
1	-2.688891	2.587891	0.344406	1.347177	
1	-2.688891	2.587891	0.344406	1.347177	
1	-2.734375	2.610245	0.309199	1.348834	
1	-2.734375	2.610245	0.309199	1.348834	
1	-2.781739	2.636719	0.271763	1.350850	
1	-2.781739	2.636719	0.271763	1.350850	
1	-2.783203	2.637643	0.270590	1.350917	
1	-2.783203	2.637643	0.270590	1.350917	
1	-2.832031	2.671347	0.230945	1.353379	
1	-2.832031	2.671347	0.230945	1.353379	
1	-2.850619	2.685547	0.215570	1.354430	
1	-2.850619	2.685547	0.215570	1.354430	
1	-2.880859	2.712754	0.190048	1.356308	
1	-2.880859	2.712754	0.190048	1.356308	
1	-2.902874	2.734375	0.171120	1.357819	
1	-2.902874	2.734375	0.171120	1.357819	
1	-2.929688	2.766884	0.147336	1.359875	
1	-2.929688	2.766884	0.147336	1.359875	
1	-2.942192	2.783203	0.136023	1.360923	
1	-2.942192	2.783203	0.136023	1.360923	
1	-2.970884	2.832031	0.108736	1.363667	
1	-2.970884	2.832031	0.108736	1.363667	
1	-2.978516	2.850412	0.100872	1.364523	
1	-2.978516	2.850412	0.100872	1.364523	
1	-2.990504	2.880859	0.088189	1.365981	
1	-2.990504	2.880859	0.088189	1.365981	
1	-3.002178	2.929688	0.073577	1.367805	
1	-3.002178	2.929688	0.073577	1.367805	
1	-3.006709	2.978516	0.064304	1.369075	
1	-3.006709	2.978516	0.064304	1.369075	
1	-3.004680	3.027344	0.059922	1.369729	
1	-3.004680	3.027344	0.059922	1.369729	
1	-2.996543	3.076172	0.060062	1.369701	
1	-2.996543	3.076172	0.060062	1.369701	
1	-2.982632	3.125000	0.064432	1.368926	
1	-2.982632	3.125000	0.064432	1.368926	
1	-2.978516	3.135229	0.066268	1.368586	
1	-2.978516	3.135229	0.066268	1.368586	
1	-2.963233	3.173828	0.072761	1.367338	
1	-2.963233	3.173828	0.072761	1.367338	
1	-2.938517	3.222656	0.084860	1.364864	
1	-2.938517	3.222656	0.084860	1.364864	
1	-2.929688	3.236997	0.089578	1.363855	
1	-2.929688	3.236997	0.089578	1.363855	
1	-2.908653	3.271484	0.100525	1.361432	
1	-2.908653	3.271484	0.100525	1.361432	
1	-2.880859	3.310262	0.115785	1.357882	
1	-2.880859	3.310262	0.115785	1.357882	
1	-2.873698	3.320312	0.119629	1.356958	
1	-2.873698	3.320312	0.119629	1.356958	
1	-2.833735	3.369141	0.142011	1.351362	
1	-2.833735	3.369141	0.142011	1.351362	
1	-2.832031	3.370994	0.142994	1.351108	
1	-2.832031	3.370994	0.142994	1.351108	
1	-2.788794	3.417969	0.167533	1.344557	
1	-2.788794	3.417969	0.167533	1.344557	
1	-2.783203	3.423454	0.170774	1.343662	
1	-2.783203	3.423454	0.170774	1.343662	
1	-2.738822	3.466797	0.196106	1.336439	
1	-2.738822	3.466797	0.196106	1.336439	
1	-2.734375	3.470770	0.198687	1.335681	
1	-2.734375	3.470770	0.198687	1.335681	
1	-2.685547	3.514058	0.226616	1.327216	
1	-2.685547	3.514058	0.226616	1.327216	
1	-2.683766	3.515625	0.227621	1.326903	
1	-2.683766	3.515625	0.227621	1.326903	
1	-2.636719	3.553874	0.254533	1.318292	
1	-2.636719	3.553874	0.254533	1.318292	
1	-2.623546	3.564453	0.261963	1.315839	
1	-2.623546	3.564453	0.261963	1.315839	
1	-2.587891	3.591198	0.282265	1.308973	
1	-2.587891	3.591198	0.282265	1.308973	
1	-2.557982	3.613281	0.299064	1.303110	
1	-2.557982	3.613281	0.299064	1.303110	
1	-2.539062	3.626455	0.309752	1.299294	
1	-2.539062	3.626455	0.309752	1.299294	
1	-2.490234	3.659845	0.336979	1.289272	
1	-2.490234	3.659845	0.336979	1.289272	
1	-2.486876	3.662109	0.338833	1.288573	
1	-2.486876	3.662109	0.338833	1.288573	
1	-2.441406	3.691260	0.364007	1.278889	
1	-2.441406	3.691260	0.364007	1.278889	
1	-2.409992	3.710938	0.381159	1.272074	
1	-2.409992	3.710938	0.381159	1.272074	
1	-2.392578	3.721397	0.390667	1.268220	
1	-2.392578	3.721397	0.390667	1.268220	
1	-2.343750	3.750114	0.417016	1.257250	
1	-2.343750	3.750114	0.417016	1.257250	
1	-2.326976	3.759766	0.425965	1.253426	
1	-2.326976	3.759766	0.425965	1.253426	
1	-2.294922	3.777587	0.443019	1.246000	
1	-2.294922	3.777587	0.443019	1.246000	
1	-2.246094	3.804000	0.468629	1.234496	
1	-2.246094	3.804000	0.468629	1.234496	
1	-2.237417	3.808594	0.473136	1.232427	
1	-2.237417	3.808594	0.473136	1.232427	
1	-2.197266	3.829286	0.493878	1.222730	
1	-2.197266	3.829286	0.493878	1.222730	
1	-2.148438	3.853673	0.518699	1.210740	
1	-2.148438	3.853673	0.518699	1.210740	
1	-2.140756	3.857422	0.522567	1.208833	
1	-2.140756	3.857422	0.522567	1.208833	
1	-2.099609	3.877105	0.543115	1.198521	
1	-2.099609	3.877105	0.543115	1.198521	
1	-2.050781	3.899708	0.567089	1.186096	
1	-2.050781	3.899708	0.567089	1.186096	
1	-2.036262	3.906250	0.574139	1.182359	
1	-2.036262	3.906250	0.574139	1.182359	
1	-2.001953	3.921506	0.590612	1.173475	
1	-2.001953	3.921506	0.590612	1.173475	
1	-1.953125	3.942529	0.613676	1.160669	
1	-1.953125	3.942529	0.613676	1.160669	
1	-1.923026	3.955078	0.627672	1.152681	
1	-1.923026	3.955078	0.627672	1.152681	
1	-1.904297	3.962832	0.636260	1.147695	
1	-1.904297	3.962832	0.636260	1.147695	
1	-1.855469	3.982450	0.658351	1.134568	
1	-1.855469	3.982450	0.658351	1.134568	
1	-1.806641	4.001355	0.679956	1.121287	
1	-1.806641	4.001355	0.679956	1.121287	
1	-1.799849	4.003906	0.682931	1.119423	
1	-1.799849	4.003906	0.682931	1.119423	
1	-1.757812	4.019692	0.701020	1.107893	
1	-1.757812	4.019692	0.701020	1.107893	
1	-1.708984	4.037371	0.721571	1.094376	
1	-1.708984	4.037371	0.721571	1.094376	
1	-1.664940	4.052734	0.739672	1.082080	
1	-1.664940	4.052734	0.739672	1.082080	
1	-1.660156	4.054411	0.741598	1.080750	
1	-1.660156	4.054411	0.741598	1.080750	
1	-1.611328	4.070978	0.761035	1.067066	
1	-1.611328	4.070978	0.761035	1.067066	
1	-1.562500	4.086921	0.779933	1.053297	
1	-1.562500	4.086921	0.779933	1.053297	
1	-1.515910	4.101562	0.797452	1.040093	
1	-1.515910	4.101562	0.797452	1.040093	
1	-1.513672	4.102273	0.798273	1.039464	
1	-1.513672	4.102273	0.798273	1.039464	
1	-1.464844	4.117225	0.815979	1.025634	
1	-1.464844	4.117225	0.815979	1.025634	
1	-1.416016	4.131605	0.833110	1.011773	
1	-1.416016	4.131605	0.833110	1.011773	
1	-1.367188	4.145439	0.849648	0.997903	
1	-1.367188	4.145439	0.849648	0.997903	
1	-1.348999	4.150391	0.855679	0.992717	
1	-1.348999	4.150391	0.855679	0.992717	
1	-1.318359	4.158860	0.865540	0.984081	
1	-1.318359	4.158860	0.865540	0.984081	
1	-1.269531	4.171824	0.880795	0.970313	
1	-1.269531	4.171824	0.880795	0.970313	
1	-1.220703	4.184297	0.895422	0.956605	
1	-1.220703	4.184297	0.895422	0.956605	
1	-1.171875	4.196311	0.909402	0.942986	
1	-1.171875	4.196311	0.909402	0.942986	
1	-1.159534	4.199219	0.912854	0.939540	
1	-1.159534	4.199219	0.912854	0.939540	
1	-1.123047	4.207971	0.922695	0.929517	
1	-1.123047	4.207971	0.922695	0.929517	
1	-1.074219	4.219220	0.935316	0.916201	
1	-1.074219	4.219220	0.935316	0.916201	
1	-1.025391	4.230070	0.947260	0.903064	
1	-1.025391	4.230070	0.947260	0.903064	
1	-0.976562	4.240560	0.958511	0.890147	
1	-0.976562	4.240560	0.958511	0.890147	
1	-0.940481	4.248047	0.966391	0.880745	
1	-0.940481	4.248047	0.966391	0.880745	
1	-0.927734	4.250737	0.969053	0.877496	
1	-0.927734	4.250737	0.969053	0.877496	
1	-0.878906	4.260598	0.978888	0.865139	
1	-0.878906	4.260598	0.978888	0.865139	
1	-0.830078	4.270176	0.988011	0.853117	
1	-0.830078	4.270176	0.988011	0.853117	
1	-0.781250	4.279526	0.996408	0.841487	
1	-0.781250	4.279526	0.996408	0.841487	
1	-0.732422	4.288714	1.004070	0.830311	
1	-0.732422	4.288714	1.004070	0.830311	
1	-0.688508	4.296875	1.010331	0.820693	
1	-0.688508	4.296875	1.010331	0.820693	
1	-0.683594	4.297796	1.010991	0.819650	
1	-0.683594	4.297796	1.010991	0.819650	
1	-0.634766	4.306649	1.017226	0.809480	
1	-0.634766	4.306649	1.017226	0.809480	
1	-0.585938	4.315470	1.022735	0.799930	
1	-0.585938	4.315470	1.022735	0.799930	
1	-0.537109	4.324350	1.027521	0.791083	
1	-0.537109	4.324350	1.027521	0.791083	
1	-0.488281	4.333391	1.031589	0.783032	
1	-0.488281	4.333391	1.031589	0.783032	
1	-0.439453	4.342714	1.034950	0.775878	
1	-0.439453	4.342714	1.034950	0.775878	
1	-0.424080	4.345703	1.035870	0.773815	
1	-0.424080	4.345703	1.035870	0.773815	
1	-0.390625	4.352095	1.037703	0.769541	
1	-0.390625	4.352095	1.037703	0.769541	
1	-0.341797	4.361703	1.039854	0.764147	
1	-0.341797	4.361703	1.039854	0.764147	
1	-0.292969	4.371798	1.041407	0.759872	
1	-0.292969	4.371798	1.041407	0.759872	
1	-0.244141	4.382513	1.042406	0.756832	
1	-0.244141	4.382513	1.042406	0.756832	
1	-0.195312	4.393989	1.042905	0.755141	
1	-0.195312	4.393989	1.042905	0.755141	
1	-0.193103	4.394531	1.042916	0.755101	
1	-0.193103	4.394531	1.042916	0.755101	
1	-0.146484	4.405476	1.043100	0.754395	
1	-0.146484	4.405476	1.043100	0.754395	
1	-0.097656	4.417687	1.042952	0.755028	
1	-0.097656	4.417687	1.042952	0.755028	
1	-0.048828	4.430752	1.042534	0.757143	
1	-0.048828	4.430752	1.042534	0.757143	
1	-0.004770	4.443359	1.041996	0.760392	
1	-0.004770	4.443359	1.041996	0.760392	
1	0.000000	4.444657	1.041942	0.760751	
1	0.000000	4.444657	1.041942	0.760751	
1	0.048828	4.458499	1.041335	0.765304	
1	0.048828	4.458499	1.041335	0.765304	
1	0.097656	4.473151	1.040706	0.771342	
1	0.097656	4.473151	1.040706	0.771342	
1	0.146484	4.488633	1.040143	0.778881	
1	0.146484	4.488633	1.040143	0.778881	
1	0.157235	4.492188	1.040035	0.780765	
1	0.157235	4.492188	1.040035	0.780765	
1	0.195312	4.504094	1.039746	0.787372	
1	0.195312	4.504094	1.039746	0.787372	
1	0.244141	4.519991	1.039551	0.797089	
1	0.244141	4.519991	1.039551	0.797089	
1	0.292969	4.536525	1.039616	0.808152	
1	0.292969	4.536525	1.039616	0.808152	
1	0.305821	4.541016	1.039685	0.811307	
1	0.305821	4.541016	1.039685	0.811307	
1	0.341797	4.552974	1.039982	0.820064	
1	0.341797	4.552974	1.039982	0.820064	
1	0.390625	4.569665	1.040688	0.833017	
1	0.390625	4.569665	1.040688	0.833017	
1	0.439453	4.586795	1.041781	0.847119	
1	0.439453	4.586795	1.041781	0.847119	
1	0.447957	4.589844	1.042015	0.849705	
1	0.447957	4.589844	1.042015	0.849705	
1	0.488281	4.603705	1.043252	0.861900	
1	0.488281	4.603705	1.043252	0.861900	
1	0.537109	4.620801	1.045147	0.877606	
1	0.537109	4.620801	1.045147	0.877606	
1	0.585938	4.638174	1.047498	0.894273	
1	0.585938	4.638174	1.047498	0.894273	
1	0.587315	4.638672	1.047571	0.894760	
1	0.587315	4.638672	1.047571	0.894760	
1	0.634766	4.655234	1.050260	0.911469	
1	0.634766	4.655234	1.050260	0.911469	
1	0.683594	4.672466	1.053496	0.929498	
1	0.683594	4.672466	1.053496	0.929498	
1	0.725796	4.687500	1.056687	0.945736	
1	0.725796	4.687500	1.056687	0.945736	
1	0.732422	4.689798	1.057211	0.948288	
1	0.732422	4.689798	1.057211	0.948288	
1	0.781250	4.706900	1.061366	0.967580	
1	0.781250	4.706900	1.061366	0.967580	
1	0.830078	4.724095	1.066011	0.987576	
1	0.830078	4.724095	1.066011	0.987576	
1	0.864631	4.736328	1.069601	1.002144	
1	0.864631	4.736328	1.069601	1.002144	
1	0.878906	4.741278	1.071136	1.008178	
1	0.878906	4.741278	1.071136	1.008178	
1	0.927734	4.758305	1.076717	1.029260	
1	0.927734	4.758305	1.076717	1.029260	
1	0.976562	4.775357	1.082789	1.050929	
1	0.976562	4.775357	1.082789	1.050929	
1	1.004555	4.785156	1.086495	1.063616	
1	1.004555	4.785156	1.086495	1.063616	
1	1.025391	4.792336	1.089333	1.073094	
1	1.025391	4.792336	1.089333	1.073094	
1	1.074219	4.809197	1.096338	1.095701	
1	1.074219	4.809197	1.096338	1.095701	
1	1.123047	4.826028	1.103823	1.118793	
1	1.123047	4.826028	1.103823	1.118793	
1	1.146128	4.833984	1.107530	1.129880	
1	1.146128	4.833984	1.107530	1.129880	
1	1.171875	4.842758	1.111769	1.142302	
1	1.171875	4.842758	1.111769	1.142302	
1	1.220703	4.859378	1.120173	1.166203	
1	1.220703	4.859378	1.120173	1.166203	
1	1.269531	4.875922	1.129038	1.190500	
1	1.269531	4.875922	1.129038	1.190500	
1	1.289916	4.882812	1.132877	1.200763	
1	1.289916	4.882812	1.132877	1.200763	
1	1.318359	4.892352	1.138353	1.215153	
1	1.318359	4.892352	1.138353	1.215153	
1	1.367188	4.908662	1.148113	1.240139	
1	1.367188	4.908662	1.148113	1.240139	
1	1.416016	4.924853	1.158313	1.265445	
1	1.416016	4.924853	1.158313	1.265445	
1	1.436585	4.931641	1.162742	1.276198	
1	1.436585	4.931641	1.162742	1.276198	
1	1.464844	4.940922	1.168949	1.291052	
1	1.464844	4.940922	1.168949	1.291052	
1	1.513672	4.956854	1.180014	1.316935	
1	1.513672	4.956854	1.180014	1.316935	
1	1.562500	4.972629	1.191495	1.343068	
1	1.562500	4.972629	1.191495	1.343068	
1	1.586963	4.980469	1.197401	1.356247	
1	1.586963	4.980469	1.197401	1.356247	
1	1.611328	4.988265	1.203394	1.369448	
1	1.611328	4.988265	1.203394	1.369448	
1	1.660156	5.003752	1.215705	1.396057	
1	1.660156	5.003752	1.215705	1.396057	
1	1.708984	5.019046	1.228407	1.422851	
1	1.708984	5.019046	1.228407	1.422851	
1	1.742090	5.029297	1.237236	1.441110	
1	1.742090	5.029297	1.237236	1.441110	
1	1.757812	5.034170	1.241503	1.449833	
1	1.757812	5.034170	1.241503	1.449833	
1	1.806641	5.049148	1.254997	1.477009	
1	1.806641	5.049148	1.254997	1.477009	
1	1.855469	5.063904	1.268858	1.504315	
1	1.855469	5.063904	1.268858	1.504315	
1	1.903274	5.078125	1.282775	1.531157	
1	1.903274	5.078125	1.282775	1.531157	
1	1.904297	5.078430	1.283077	1.531735	
1	1.904297	5.078430	1.283077	1.531735	
1	1.953125	5.092839	1.297690	1.559335	
1	1.953125	5.092839	1.297690	1.559335	
1	2.001953	5.106998	1.312644	1.587016	
1	2.001953	5.106998	1.312644	1.587016	
1	2.050781	5.120901	1.327931	1.614763	
1	2.050781	5.120901	1.327931	1.614763	
1	2.072395	5.126953	1.334795	1.627049	
1	2.072395	5.126953	1.334795	1.627049	
1	2.099609	5.134620	1.343572	1.642614	
1	2.099609	5.134620	1.343572	1.642614	
1	2.148438	5.148128	1.359554	1.670546	
1	2.148438	5.148128	1.359554	1.670546	
1	2.197266	5.161359	1.375844	1.698501	
1	2.197266	5.161359	1.375844	1.698501	
1	2.246094	5.174304	1.392434	1.726470	
1	2.246094	5.174304	1.392434	1.726470	
1	2.251776	5.175781	1.394380	1.729717	
1	2.251776	5.175781	1.394380	1.729717	
1	2.294922	5.187090	1.409370	1.754526	
1	2.294922	5.187090	1.409370	1.754526	
1	2.343750	5.199594	1.426596	1.782581	
1	2.343750	5.199594	1.426596	1.782581	
1	2.392578	5.211793	1.444100	1.810613	
1	2.392578	5.211793	1.444100	1.810613	
1	2.441406	5.223683	1.461873	1.838612	
1	2.441406	5.223683	1.461873	1.838612	
1	2.445308	5.224609	1.463300	1.840842	
1	2.445308	5.224609	1.463300	1.840842	
1	2.490234	5.235391	1.479963	1.866656	
1	2.490234	5.235391	1.479963	1.866656	
1	2.539062	5.246785	1.498312	1.894652	
1	2.539062	5.246785	1.498312	1.894652	
1	2.587891	5.257848	1.516906	1.922584	
1	2.587891	5.257848	1.516906	1.922584	
1	2.636719	5.268577	1.535740	1.950443	
1	2.636719	5.268577	1.535740	1.950443	
1	2.659563	5.273438	1.544613	1.963423	
1	2.659563	5.273438	1.544613	1.963423	
1	2.685547	5.279035	1.554836	1.978266	
1	2.685547	5.279035	1.554836	1.978266	
1	2.734375	5.289204	1.574181	2.006036	
1	2.734375	5.289204	1.574181	2.006036	
1	2.783203	5.299013	1.593741	2.033703	
1	2.783203	5.299013	1.593741	2.033703	
1	2.832031	5.308456	1.613509	2.061260	
1	2.832031	5.308456	1.613509	2.061260	
1	2.880859	5.317527	1.633477	2.088699	
1	2.880859	5.317527	1.633477	2.088699	
1	2.907500	5.322266	1.644431	2.103587	
1	2.907500	5.322266	1.644431	2.103587	
1	2.929688	5.326269	1.653661	2.116045	
1	2.929688	5.326269	1.653661	2.116045	
1	2.978516	5.334677	1.674056	2.143289	
1	2.978516	5.334677	1.674056	2.143289	
1	3.027344	5.342682	1.694625	2.170386	
1	3.027344	5.342682	1.694625	2.170386	
1	3.076172	5.350275	1.715361	2.197329	
1	3.076172	5.350275	1.715361	2.197329	
1	3.125000	5.357447	1.736258	2.224111	
1	3.125000	5.357447	1.736258	2.224111	
1	3.173828	5.364188	1.757306	2.250722	
1	3.173828	5.364188	1.757306	2.250722	
1	3.222656	5.370486	1.778498	2.277157	
1	3.222656	5.370486	1.778498	2.277157	
1	3.227752	5.371094	1.780706	2.279891	
1	3.227752	5.371094	1.780706	2.279891	
1	3.271484	5.376391	1.799853	2.303439	
1	3.271484	5.376391	1.799853	2.303439	
1	3.320312	5.381826	1.821334	2.329525	
1	3.320312	5.381826	1.821334	2.329525	
1	3.369141	5.386772	1.842929	2.355403	
1	3.369141	5.386772	1.842929	2.355403	
1	3.417969	5.391215	1.864629	2.381063	
1	3.417969	5.391215	1.864629	2.381063	
1	3.466797	5.395137	1.886425	2.406497	
1	3.466797	5.395137	1.886425	2.406497	
1	3.515625	5.398523	1.908305	2.431695	
1	3.515625	5.398523	1.908305	2.431695	
1	3.564453	5.401354	1.930262	2.456648	
1	3.564453	5.401354	1.930262	2.456648	
1	3.613281	5.403610	1.952283	2.481346	
1	3.613281	5.403610	1.952283	2.481346	
1	3.662109	5.405271	1.974357	2.505778	
1	3.662109	5.405271	1.974357	2.505778	
1	3.710938	5.406313	1.996474	2.529935	
1	3.710938	5.406313	1.996474	2.529935	
1	3.759766	5.406712	2.018621	2.553805	
1	3.759766	5.406712	2.018621	2.553805	
1	3.808594	5.406441	2.040786	2.577377	
1	3.808594	5.406441	2.040786	2.577377	
1	3.857422	5.405474	2.062955	2.600638	
1	3.857422	5.405474	2.062955	2.600638	
1	3.906250	5.403779	2.085115	2.623578	
1	3.906250	5.403779	2.085115	2.623578	
1	3.955078	5.401325	2.107251	2.646184	
1	3.955078	5.401325	2.107251	2.646184	
1	4.003906	5.398078	2.129348	2.668443	
1	4.003906	5.398078	2.129348	2.668443	
1	4.052734	5.394002	2.151391	2.690341	
1	4.052734	5.394002	2.151391	2.690341	
1	4.101562	5.389058	2.173364	2.711867	
1	4.101562	5.389058	2.173364	2.711867	
1	4.150391	5.383204	2.195250	2.733006	
1	4.150391	5.383204	2.195250	2.733006	
1	4.199219	5.376399	2.217032	2.753745	
1	4.199219	5.376399	2.217032	2.753745	
1	4.232579	5.371094	2.231804	2.767639	
1	4.232579	5.371094	2.231804	2.767639	
1	4.248047	5.368596	2.238693	2.774071	
1	4.248047	5.368596	2.238693	2.774071	
1	4.296875	5.359744	2.260212	2.793967	
1	4.296875	5.359744	2.260212	2.793967	
1	4.345703	5.349782	2.281566	2.813417	
1	4.345703	5.349782	2.281566	2.813417	
1	4.394531	5.338653	2.302733	2.832404	
1	4.394531	5.338653	2.302733	2.832404	
1	4.443359	5.326297	2.323695	2.850915	
1	4.443359	5.326297	2.323695	2.850915	
1	4.457984	5.322266	2.329889	2.856330	
1	4.457984	5.322266	2.329889	2.856330	
1	4.492188	5.312616	2.344411	2.868920	
1	4.492188	5.312616	2.344411	2.868920	
1	4.541016	5.297542	2.364860	2.886406	
1	4.541016	5.297542	2.364860	2.886406	
1	4.589844	5.281016	2.385025	2.903364	
1	4.589844	5.281016	2.385025	2.903364	
1	4.610601	5.273438	2.393460	2.910370	
1	4.610601	5.273438	2.393460	2.910370	
1	4.638672	5.262887	2.404848	2.919749	
1	4.638672	5.262887	2.404848	2.919749	
1	4.687500	5.243063	2.424300	2.935546	
1	4.687500	5.243063	2.424300	2.935546	
1	4.729440	5.224609	2.440691	2.948635	
1	4.729440	5.224609	2.440691	2.948635	
1	4.736328	5.221476	2.443367	2.950751	
1	4.736328	5.221476	2.443367	2.950751	
1	4.785156	5.197839	2.461934	2.965281	
1	4.785156	5.197839	2.461934	2.965281	
1	4.827357	5.175781	2.477606	2.977325	
1	4.827357	5.175781	2.477606	2.977325	
1	4.833984	5.172182	2.480038	2.979176	
1	4.833984	5.172182	2.480038	2.979176	
1	4.882812	5.144105	2.497519	2.992322	
1	4.882812	5.144105	2.497519	2.992322	
1	4.910738	5.126953	2.507248	2.999518	
1	4.910738	5.126953	2.507248	2.999518	
1	4.931641	5.113552	2.514386	3.004741	
1	4.931641	5.113552	2.514386	3.004741	
1	4.980469	5.080266	2.530556	3.016387	
1	4.980469	5.080266	2.530556	3.016387	
1	4.983460	5.078125	2.531519	3.017072	
1	4.983460	5.078125	2.531519	3.017072	
1	5.029297	5.043714	2.545829	3.027134	
1	5.029297	5.043714	2.545829	3.027134	
1	5.047481	5.029297	2.551313	3.030929	
1	5.047481	5.029297	2.551313	3.030929	
1	5.078125	5.003713	2.560179	3.036988	
1	5.078125	5.003713	2.560179	3.036988	
1	5.104621	4.980469	2.567560	3.041955	
1	5.104621	4.980469	2.567560	3.041955	
1	5.126953	4.959757	2.573443	3.045862	
1	5.126953	4.959757	2.573443	3.045862	
1	5.155938	4.931641	2.580768	3.050656	
1	5.155938	4.931641	2.580768	3.050656	
1	5.175781	4.911206	2.585419	3.053655	
1	5.175781	4.911206	2.585419	3.053655	
1	5.202258	4.882812	2.591346	3.057424	
1	5.202258	4.882812	2.591346	3.057424	
1	5.224609	4.857255	2.595856	3.060248	
1	5.224609	4.857255	2.595856	3.060248	
1	5.244232	4.833984	2.599617	3.062570	
1	5.244232	4.833984	2.599617	3.062570	
1	5.273438	4.796883	2.604447	3.065503	
1	5.273438	4.796883	2.604447	3.065503	
1	5.282373	4.785156	2.605840	3.066337	
1	5.282373	4.785156	2.605840	3.066337	
1	5.317066	4.736328	2.610204	3.068908	
1	5.317066	4.736328	2.610204	3.068908	
1	5.322266	4.728469	2.610681	3.069184	
1	5.322266	4.728469	2.610681	3.069184	
1	5.348640	4.687500	2.612873	3.070439	
1	5.348640	4.687500	2.612873	3.070439	
1	5.371094	4.649585	2.613799	3.070959	
1	5.371094	4.649585	2.613799	3.070959	
1	5.377403	4.638672	2.614012	3.071077	
1	5.377403	4.638672	2.614012	3.071077	
1	5.403556	4.589844	2.613715	3.070917	
1	5.403556	4.589844	2.613715	3.070917	
1	5.419922	4.556404	2.612626	3.070339	
1	5.419922	4.556404	2.612626	3.070339	
1	5.427307	4.541016	2.612092	3.070059	
1	5.427307	4.541016	2.612092	3.070059	
1	5.448821	4.492188	2.609226	3.068582	
1	5.448821	4.492188	2.609226	3.068582	
1	5.468222	4.443359	2.605177	3.066547	
1	5.468222	4.443359	2.605177	3.066547	
1	5.468750	4.441902	2.605023	3.066471	
1	5.468750	4.441902	2.605023	3.066471	
1	5.485672	4.394531	2.600037	3.064031	
1	5.485672	4.394531	2.600037	3.064031	
1	5.501236	4.345703	2.593827	3.061068	
1	5.501236	4.345703	2.593827	3.061068	
1	5.515000	4.296875	2.586590	3.057704	
1	5.515000	4.296875	2.586590	3.057704	
1	5.517578	4.286536	2.584837	3.056902	
1	5.517578	4.286536	2.584837	3.056902	
1	5.527086	4.248047	2.578399	3.053994	
1	5.527086	4.248047	2.578399	3.053994	
1	5.537528	4.199219	2.569259	3.049963	
1	5.537528	4.199219	2.569259	3.049963	
1	5.546368	4.150391	2.559184	3.045636	
1	5.546368	4.150391	2.559184	3.045636	
1	5.553651	4.101562	2.548193	3.041040	
1	5.553651	4.101562	2.548193	3.041040	
1	5.559410	4.052734	2.536295	3.036198	
1	5.559410	4.052734	2.536295	3.036198	
1	5.563670	4.003906	2.523495	3.031129	
1	5.563670	4.003906	2.523495	3.031129	
1	5.566406	3.955762	2.509980	3.025923	
1	5.566406	3.955762	2.509980	3.025923	
1	5.566445	3.955078	2.509790	3.025851	
1	5.566445	3.955078	2.509790	3.025851	
1	5.567749	3.906250	2.495177	3.020379	
1	5.567749	3.906250	2.495177	3.020379	
1	5.567552	3.857422	2.479619	3.014716	
1	5.567552	3.857422	2.479619	3.014716	
1	5.566406	3.824890	2.468563	3.010788	
1	5.566406	3.824890	2.468563	3.010788	
1	5.565842	3.808594	2.463090	3.008872	
1	5.565842	3.808594	2.463090	3.008872	
1	5.562608	3.759766	2.445570	3.002857	
1	5.562608	3.759766	2.445570	3.002857	
1	5.557803	3.710938	2.427004	2.996670	
1	5.557803	3.710938	2.427004	2.996670	
1	5.551377	3.662109	2.407339	2.990313	
1	5.551377	3.662109	2.407339	2.990313	
1	5.543269	3.613281	2.386510	2.983785	
1	5.543269	3.613281	2.386510	2.983785	
1	5.533408	3.564453	2.364442	2.977084	
1	5.533408	3.564453	2.364442	2.977084	
1	5.521712	3.515625	2.341052	2.970205	
1	5.521712	3.515625	2.341052	2.970205	
1	5.517578	3.500842	2.333501	2.968032	
1	5.517578	3.500842	2.333501	2.968032	
1	5.508193	3.466797	2.316342	2.963173	
1	5.508193	3.466797	2.316342	2.963173	
1	5.492718	3.417969	2.290183	2.955974	
1	5.492718	3.417969	2.290183	2.955974	
1	5.475129	3.369141	2.262424	2.948590	
1	5.475129	3.369141	2.262424	2.948590	
1	5.468750	3.353424	2.252904	2.946116	
1	5.468750	3.353424	2.252904	2.946116	
1	5.455464	3.320312	2.233093	2.941056	
1	5.455464	3.320312	2.233093	2.941056	
1	5.433543	3.271484	2.202019	2.933352	
1	5.433543	3.271484	2.202019	2.933352	
1	5.419922	3.244179	2.183534	2.928898	
1	5.419922	3.244179	2.183534	2.928898	
1	5.409281	3.222656	2.169121	2.925488	
1	5.409281	3.222656	2.169121	2.925488	
1	5.382602	3.173828	2.134326	2.917473	
1	5.382602	3.173828	2.134326	2.917473	
1	5.371094	3.154646	2.119801	2.914214	
1	5.371094	3.154646	2.119801	2.914214	
1	5.353408	3.125000	2.097543	2.909314	
1	5.353408	3.125000	2.097543	2.909314	
1	5.322266	3.077338	2.059520	2.901197	
1	5.322266	3.077338	2.059520	2.901197	
1	5.321507	3.076172	2.058596	2.901004	
1	5.321507	3.076172	2.058596	2.901004	
1	5.286998	3.027344	2.017581	2.892591	
1	5.286998	3.027344	2.017581	2.892591	
1	5.273438	3.009625	2.001825	2.889447	
1	5.273438	3.009625	2.001825	2.889447	
1	5.249623	2.978516	1.974266	2.884057	
1	5.249623	2.978516	1.974266	2.884057	
1	5.224609	2.948196	1.945882	2.878648	
1	5.224609	2.948196	1.945882	2.878648	
1	5.209301	2.929688	1.928587	2.875420	
1	5.209301	2.929688	1.928587	2.875420	
1	5.175781	2.891884	1.891351	2.868636	
1	5.175781	2.891884	1.891351	2.868636	
1	5.165957	2.880859	1.880488	2.866698	
1	5.165957	2.880859	1.880488	2.866698	
1	5.126953	2.839806	1.837985	2.859288	
1	5.126953	2.839806	1.837985	2.859288	
1	5.119510	2.832031	1.829915	2.857911	
1	5.119510	2.832031	1.829915	2.857911	
1	5.078125	2.791250	1.785597	2.850510	
1	5.078125	2.791250	1.785597	2.850510	
1	5.069876	2.783203	1.776810	2.849075	
1	5.069876	2.783203	1.776810	2.849075	
1	5.029297	2.745645	1.734046	2.842230	
1	5.029297	2.745645	1.734046	2.842230	
1	5.016965	2.734375	1.721123	2.840206	
1	5.016965	2.734375	1.721123	2.840206	
1	4.980469	2.702542	1.683226	2.834388	
1	4.980469	2.702542	1.683226	2.834388	
1	4.960687	2.685547	1.662804	2.831321	
1	4.960687	2.685547	1.662804	2.831321	
1	4.931641	2.661591	1.633057	2.826937	
1	4.931641	2.661591	1.633057	2.826937	
1	4.900953	2.636719	1.601817	2.822435	
1	4.900953	2.636719	1.601817	2.822435	
1	4.882812	2.622522	1.583478	2.819838	
1	4.882812	2.622522	1.583478	2.819838	
1	4.837685	2.587891	1.538141	2.813560	
1	4.837685	2.587891	1.538141	2.813560	
1	4.833984	2.585132	1.534445	2.813057	
1	4.833984	2.585132	1.534445	2.813057	
1	4.785156	2.549311	1.485929	2.806565	
1	4.785156	2.549311	1.485929	2.806565	
1	4.770888	2.539062	1.471838	2.804718	
1	4.770888	2.539062	1.471838	2.804718	
1	4.736328	2.514809	1.437888	2.800335	
1	4.736328	2.514809	1.437888	2.800335	
1	4.700450	2.490234	1.402880	2.795910	
1	4.700450	2.490234	1.402880	2.795910	
1	4.687500	2.481521	1.390303	2.794343	
1	4.687500	2.481521	1.390303	2.794343	
1	4.638672	2.449346	1.343155	2.788568	
1	4.638672	2.449346	1.343155	2.788568	
1	4.626357	2.441406	1.331332	2.787143	
1	4.626357	2.441406	1.331332	2.787143	
1	4.589844	2.418141	1.296425	2.782989	
1	4.589844	2.418141	1.296425	2.782989	
1	4.548603	2.392578	1.257283	2.778417	
1	4.548603	2.392578	1.257283	2.778417	
1	4.541016	2.387908	1.250110	2.777588	
1	4.541016	2.387908	1.250110	2.777588	
1	4.492188	2.358437	1.204188	2.772348	
1	4.492188	2.358437	1.204188	2.772348	
1	4.467198	2.343750	1.180847	2.769723	
1	4.467198	2.343750	1.180847	2.769723	
1	4.443359	2.329757	1.158661	2.767251	
1	4.443359	2.329757	1.158661	2.767251	
1	4.394531	2.301809	1.113525	2.762282	
1	4.394531	2.301809	1.113525	2.762282	
1	4.382223	2.294922	1.102213	2.761048	
1	4.382223	2.294922	1.102213	2.761048	
1	4.345703	2.274399	1.068763	2.757423	
1	4.345703	2.274399	1.068763	2.757423	
1	4.296875	2.247727	1.024395	2.752662	
1	4.296875	2.247727	1.024395	2.752662	
1	4.293823	2.246094	1.021636	2.752367	
1	4.293823	2.246094	1.021636	2.752367	
1	4.248047	2.221351	0.980385	2.747979	
1	4.248047	2.221351	0.980385	2.747979	
1	4.202197	2.197266	0.939425	2.743644	
1	4.202197	2.197266	0.939425	2.743644	
1	4.199219	2.195681	0.936773	2.743364	
1	4.199219	2.195681	0.936773	2.743364	
1	4.150391	2.170166	0.893514	2.738796	
1	4.150391	2.170166	0.893514	2.738796	
1	4.107707	2.148438	0.856031	2.734835	
1	4.107707	2.148438	0.856031	2.734835	
1	4.101562	2.145254	0.850653	2.734266	
1	4.101562	2.145254	0.850653	2.734266	
1	4.052734	2.120408	0.808146	2.729752	
1	4.052734	2.120408	0.808146	2.729752	
1	4.010922	2.099609	0.772069	2.725894	
1	4.010922	2.099609	0.772069	2.725894	
1	4.003906	2.096043	0.766034	2.725245	
1	4.003906	2.096043	0.766034	2.725245	
1	3.955078	2.071622	0.724276	2.720723	
1	3.955078	2.071622	0.724276	2.720723	
1	3.912633	2.050781	0.688306	2.716772	
1	3.912633	2.050781	0.688306	2.716772	
1	3.906250	2.047567	0.682913	2.716175	
1	3.906250	2.047567	0.682913	2.716175	
1	3.857422	2.023303	0.641898	2.711578	
1	3.857422	2.023303	0.641898	2.711578	
1	3.813902	2.001953	0.605679	2.707433	
1	3.813902	2.001953	0.605679	2.707433	
1	3.808594	1.999273	0.601274	2.706922	
1	3.808594	1.999273	0.601274	2.706922	
1	3.759766	1.974854	0.560986	2.702183	
1	3.759766	1.974854	0.560986	2.702183	
1	3.716071	1.953125	0.525263	2.697862	
1	3.716071	1.953125	0.525263	2.697862	
1	3.710938	1.950491	0.521078	2.697348	
1	3.710938	1.950491	0.521078	2.697348	
1	3.662109	1.925538	0.481488	2.692392	
1	3.662109	1.925538	0.481488	2.692392	
1	3.620671	1.904297	0.448176	2.688082	
1	3.620671	1.904297	0.448176	2.688082	
1	3.613281	1.900381	0.442250	2.687301	
1	3.613281	1.900381	0.442250	2.687301	
1	3.564453	1.874421	0.403301	2.682050	
1	3.564453	1.874421	0.403301	2.682050	
1	3.529246	1.855469	0.375419	2.678158	
1	3.529246	1.855469	0.375419	2.678158	
1	3.515625	1.847882	0.364655	2.676623	
1	3.515625	1.847882	0.364655	2.676623	
1	3.466797	1.820312	0.326252	2.670994	
1	3.466797	1.820312	0.326252	2.670994	
1	3.443084	1.806641	0.307695	2.668183	
1	3.443084	1.806641	0.307695	2.668183	
1	3.417969	1.791657	0.288070	2.665143	
1	3.417969	1.791657	0.288070	2.665143	
1	3.369141	1.761716	0.250065	2.659047	
1	3.369141	1.761716	0.250065	2.659047	
1	3.362943	1.757812	0.245251	2.658254	
1	3.362943	1.757812	0.245251	2.658254	
1	3.320312	1.730061	0.212158	2.652680	
1	3.320312	1.730061	0.212158	2.652680	
1	3.289165	1.708984	0.188013	2.648469	
1	3.289165	1.708984	0.188013	2.648469	
1	3.271484	1.696653	0.174309	2.646023	
1	3.271484	1.696653	0.174309	2.646023	
1	3.222656	1.661152	0.136436	2.639055	
1	3.222656	1.661152	0.136436	2.639055	
1	3.221340	1.660156	0.135413	2.638863	
1	3.221340	1.660156	0.135413	2.638863	
1	3.173828	1.623216	0.098445	2.631755	
1	3.173828	1.623216	0.098445	2.631755	
1	3.159266	1.611328	0.087071	2.629510	
1	3.159266	1.611328	0.087071	2.629510	
1	3.125000	1.582711	0.060264	2.624112	
1	3.125000	1.582711	0.060264	2.624112	
1	3.101979	1.562500	0.042150	2.620383	
1	3.101979	1.562500	0.042150	2.620383	
1	3.076172	1.539421	0.021805	2.616119	
1	3.076172	1.539421	0.021805	2.616119	
1	3.048799	1.513672	0.000064	2.611480	
1	3.048799	1.513672	0.000064	2.611480	
1	3.027344	1.493207	-0.017012	2.607781	
1	3.027344	1.493207	-0.017012	2.607781	
1	2.999075	1.464844	-0.039711	2.602793	
1	2.999075	1.464844	-0.039711	2.602793	
1	2.978516	1.444023	-0.056252	2.599114	
1	2.978516	1.444023	-0.056252	2.599114	
1	2.952213	1.416016	-0.077625	2.594310	
1	2.952213	1.416016	-0.077625	2.594310	
1	2.929688	1.391918	-0.095960	2.590152	
1	2.929688	1.391918	-0.095960	2.590152	
1	2.907684	1.367188	-0.114062	2.586020	
1	2.907684	1.367188	-0.114062	2.586020	
1	2.880859	1.337033	-0.136157	2.580948	
1	2.880859	1.337033	-0.136157	2.580948	
1	2.865032	1.318359	-0.149340	2.577912	
1	2.865032	1.318359	-0.149340	2.577912	
1	2.832031	1.279587	-0.176840	2.571570	
1	2.832031	1.279587	-0.176840	2.571570	
1	2.823867	1.269531	-0.183721	2.569983	
1	2.823867	1.269531	-0.183721	2.569983	
1	2.783893	1.220703	-0.217398	2.562236	
1	2.783893	1.220703	-0.217398	2.562236	
1	2.783203	1.219868	-0.217978	2.562102	
1	2.783203	1.219868	-0.217978	2.562102	
1	2.745246	1.171875	-0.250270	2.554737	
1	2.745246	1.171875	-0.250270	2.554737	
1	2.734375	1.158292	-0.259506	2.552647	
1	2.734375	1.158292	-0.259506	2.552647	
1	2.707319	1.123047	-0.282726	2.547436	
1	2.707319	1.123047	-0.282726	2.547436	
1	2.685547	1.095105	-0.301366	2.543307	
1	2.685547	1.095105	-0.301366	2.543307	
1	2.669915	1.074219	-0.314878	2.540347	
1	2.669915	1.074219	-0.314878	2.540347	
1	2.636719	1.030637	-0.343475	2.534193	
1	2.636719	1.030637	-0.343475	2.534193	
1	2.632875	1.025391	-0.346815	2.533485	
1	2.632875	1.025391	-0.346815	2.533485	
1	2.596482	0.976562	-0.378323	2.526928	
1	2.596482	0.976562	-0.378323	2.526928	
1	2.587891	0.965235	-0.385732	2.525421	
1	2.587891	0.965235	-0.385732	2.525421	
1	2.560433	0.927734	-0.409579	2.520668	
1	2.560433	0.927734	-0.409579	2.520668	
1	2.539062	0.899134	-0.428044	2.517098	
1	2.539062	0.899134	-0.428044	2.517098	
1	2.524450	0.878906	-0.440746	2.514703	
1	2.524450	0.878906	-0.440746	2.514703	
1	2.490234	0.832559	-0.470306	2.509331	
1	2.490234	0.832559	-0.470306	2.509331	
1	2.488461	0.830078	-0.471846	2.509060	
1	2.488461	0.830078	-0.471846	2.509060	
1	2.452971	0.781250	-0.502495	2.503834	
1	2.452971	0.781250	-0.502495	2.503834	
1	2.441406	0.765653	-0.512418	2.502219	
1	2.441406	0.765653	-0.512418	2.502219	
1	2.417474	0.732422	-0.533009	2.498994	
1	2.417474	0.732422	-0.533009	2.498994	
1	2.392578	0.698587	-0.554265	2.495854	
1	2.392578	0.698587	-0.554265	2.495854	
1	2.381848	0.683594	-0.563439	2.494560	
1	2.381848	0.683594	-0.563439	2.494560	
1	2.346188	0.634766	-0.593679	2.490574	
1	2.346188	0.634766	-0.593679	2.490574	
1	2.343750	0.631471	-0.595734	2.490320	
1	2.343750	0.631471	-0.595734	2.490320	
1	2.310891	0.585938	-0.623397	2.487098	
1	2.310891	0.585938	-0.623397	2.487098	
1	2.294922	0.564242	-0.636715	2.485691	
1	2.294922	0.564242	-0.636715	2.485691	
1	2.275420	0.537109	-0.652935	2.484109	
1	2.275420	0.537109	-0.652935	2.484109	
1	2.246094	0.497099	-0.677067	2.482035	
1	2.246094	0.497099	-0.677067	2.482035	
1	2.239774	0.488281	-0.682245	2.481635	
1	2.239774	0.488281	-0.682245	2.481635	
1	2.204286	0.439453	-0.711029	2.479718	
1	2.204286	0.439453	-0.711029	2.479718	
1	2.197266	0.429913	-0.716664	2.479405	
1	2.197266	0.429913	-0.716664	2.479405	
1	2.168937	0.390625	-0.739240	2.478367	
1	2.168937	0.390625	-0.739240	2.478367	
1	2.148438	0.362653	-0.755354	2.477845	
1	2.148438	0.362653	-0.755354	2.477845	
1	2.133443	0.341797	-0.767030	2.477585	
1	2.133443	0.341797	-0.767030	2.477585	
1	2.099609	0.295452	-0.792969	2.477383	
1	2.099609	0.295452	-0.792969	2.477383	
1	2.097829	0.292969	-0.794318	2.477388	
1	2.097829	0.292969	-0.794318	2.477388	
1	2.062637	0.244141	-0.820622	2.477773	
1	2.062637	0.244141	-0.820622	2.477773	
1	2.050781	0.227870	-0.829327	2.478033	
1	2.050781	0.227870	-0.829327	2.478033	
1	2.027452	0.195312	-0.846187	2.478732	
1	2.027452	0.195312	-0.846187	2.478732	
1	2.001953	0.160121	-0.864222	2.479783	
1	2.001953	0.160121	-0.864222	2.479783	
1	1.992229	0.146484	-0.870971	2.480260	
1	1.992229	0.146484	-0.870971	2.480260	
1	1.957174	0.097656	-0.894743	2.482325	
1	1.957174	0.097656	-0.894743	2.482325	
1	1.953125	0.092021	-0.897428	2.482598	
1	1.953125	0.092021	-0.897428	2.482598	
1	1.922565	0.048828	-0.917205	2.484869	
1	1.922565	0.048828	-0.917205	2.484869	
1	1.904297	0.023185	-0.928662	2.486407	
1	1.904297	0.023185	-0.928662	2.486407	
1	1.888026	0.000000	-0.938573	2.487878	
1	1.888026	0.000000	-0.938573	2.487878	
1	1.855469	-0.046134	-0.957676	2.491104	
1	1.855469	-0.046134	-0.957676	2.491104	
1	1.853596	-0.048828	-0.958738	2.491299	
1	1.853596	-0.048828	-0.958738	2.491299	
1	1.819813	-0.097656	-0.977210	2.494990	
1	1.819813	-0.097656	-0.977210	2.494990	
1	1.806641	-0.116652	-0.984080	2.496512	
1	1.806641	-0.116652	-0.984080	2.496512	
1	1.786273	-0.146484	-0.994230	2.498921	
1	1.786273	-0.146484	-0.994230	2.498921	
1	1.757812	-0.188062	-1.007599	2.502415	
1	1.757812	-0.188062	-1.007599	2.502415	
1	1.752927	-0.195312	-1.009769	2.503019	
1	1.752927	-0.195312	-1.009769	2.503019	
1	1.720201	-0.244141	-1.023449	2.507093	
1	1.720201	-0.244141	-1.023449	2.507093	
1	1.708984	-0.260891	-1.027804	2.508493	
1	1.708984	-0.260891	-1.027804	2.508493	
1	1.687872	-0.292969	-1.035391	2.511068	
1	1.687872	-0.292969	-1.035391	2.511068	
1	1.660156	-0.334990	-1.044404	2.514378	
1	1.660156	-0.334990	-1.044404	2.514378	
1	1.655747	-0.341797	-1.045700	2.514879	
1	1.655747	-0.341797	-1.045700	2.514879	
1	1.624268	-0.390625	-1.054027	2.518275	
1	1.624268	-0.390625	-1.054027	2.518275	
1	1.611328	-0.410666	-1.057017	2.519578	
1	1.611328	-0.410666	-1.057017	2.519578	
1	1.593103	-0.439453	-1.060603	2.521213	
1	1.593103	-0.439453	-1.060603	2.521213	
1	1.562500	-0.487538	-1.065516	2.523609	
1	1.562500	-0.487538	-1.065516	2.523609	
1	1.562037	-0.488281	-1.065574	2.523638	
1	1.562037	-0.488281	-1.065574	2.523638	
1	1.531659	-0.537109	-1.068547	2.525212	
1	1.531659	-0.537109	-1.068547	2.525212	
1	1.513672	-0.565752	-1.069701	2.525863	
1	1.513672	-0.565752	-1.069701	2.525863	
1	1.501268	-0.585938	-1.070026	2.526053	
1	1.501268	-0.585938	-1.070026	2.526053	
1	1.470990	-0.634766	-1.069951	2.525996	
1	1.470990	-0.634766	-1.069951	2.525996	
1	1.464844	-0.644595	-1.069793	2.525893	
1	1.464844	-0.644595	-1.069793	2.525893	
1	1.440991	-0.683594	-1.068265	2.524855	
1	1.440991	-0.683594	-1.068265	2.524855	
1	1.416016	-0.723702	-1.066040	2.523257	
1	1.416016	-0.723702	-1.066040	2.523257	
1	1.410706	-0.732422	-1.065364	2.522756	
1	1.410706	-0.732422	-1.065364	2.522756	
1	1.380554	-0.781250	-1.061050	2.519418	
1	1.380554	-0.781250	-1.061050	2.519418	
1	1.367188	-0.802455	-1.058930	2.517699	
1	1.367188	-0.802455	-1.058930	2.517699	
1	1.350146	-0.830078	-1.055612	2.514919	
1	1.350146	-0.830078	-1.055612	2.514919	
1	1.319223	-0.878906	-1.049242	2.509297	
1	1.319223	-0.878906	-1.049242	2.509297	
1	1.318359	-0.880246	-1.049059	2.509130	
1	1.318359	-0.880246	-1.049059	2.509130	
1	1.288345	-0.927734	-1.041716	2.502213	
1	1.288345	-0.927734	-1.041716	2.502213	
1	1.269531	-0.956598	-1.037037	2.497585	
1	1.269531	-0.956598	-1.037037	2.497585	
1	1.256760	-0.976562	-1.033477	2.493951	
1	1.256760	-0.976562	-1.033477	2.493951	
1	1.224560	-1.025391	-1.024535	2.484407	
1	1.224560	-1.025391	-1.024535	2.484407	
1	1.220703	-1.031099	-1.023469	2.483230	
1	1.220703	-1.031099	-1.023469	2.483230	
1	1.192030	-1.074219	-1.014830	2.473387	
1	1.192030	-1.074219	-1.014830	2.473387	
1	1.171875	-1.103498	-1.008875	2.466284	
1	1.171875	-1.103498	-1.008875	2.466284	
1	1.158610	-1.123047	-1.004665	2.461106	
1	1.158610	-1.123047	-1.004665	2.461106	
1	1.124314	-1.171875	-0.994083	2.447511	
1	1.124314	-1.171875	-0.994083	2.447511	
1	1.123047	-1.173635	-0.993699	2.447003	
1	1.123047	-1.173635	-0.993699	2.447003	
1	1.089548	-1.220703	-0.982999	2.432363	
1	1.089548	-1.220703	-0.982999	2.432363	
1	1.074219	-1.241508	-0.978267	2.425602	
1	1.074219	-1.241508	-0.978267	2.425602	
1	1.053760	-1.269531	-0.971672	2.415882	
1	1.053760	-1.269531	-0.971672	2.415882	
1	1.025391	-1.307082	-0.962870	2.402345	
1	1.025391	-1.307082	-0.962870	2.402345	
1	1.016932	-1.318359	-0.960156	2.398037	
1	1.016932	-1.318359	-0.960156	2.398037	
1	0.979143	-1.367188	-0.948479	2.378751	
1	0.979143	-1.367188	-0.948479	2.378751	
1	0.976562	-1.370442	-0.947704	2.377426	
1	0.976562	-1.370442	-0.947704	2.377426	
1	0.940558	-1.416016	-0.936663	2.357919	
1	0.940558	-1.416016	-0.936663	2.357919	
1	0.927734	-1.431761	-0.932883	2.350958	
1	0.927734	-1.431761	-0.932883	2.350958	
1	0.900846	-1.464844	-0.924851	2.335656	
1	0.900846	-1.464844	-0.924851	2.335656	
1	0.878906	-1.491070	-0.918557	2.323155	
1	0.878906	-1.491070	-0.918557	2.323155	
1	0.860002	-1.513672	-0.913098	2.311929	
1	0.860002	-1.513672	-0.913098	2.311929	
1	0.830078	-1.548490	-0.904801	2.294141	
1	0.830078	-1.548490	-0.904801	2.294141	
1	0.818019	-1.562500	-0.901458	2.286710	
1	0.818019	-1.562500	-0.901458	2.286710	
1	0.781250	-1.604151	-0.891672	2.264019	
1	0.781250	-1.604151	-0.891672	2.264019	
1	0.774893	-1.611328	-0.889990	2.259973	
1	0.774893	-1.611328	-0.889990	2.259973	
1	0.732422	-1.658179	-0.879205	2.232872	
1	0.732422	-1.658179	-0.879205	2.232872	
1	0.730620	-1.660156	-0.878753	2.231691	
1	0.730620	-1.660156	-0.878753	2.231691	
1	0.685248	-1.708984	-0.867802	2.201829	
1	0.685248	-1.708984	-0.867802	2.201829	
1	0.683594	-1.710733	-0.867417	2.200733	
1	0.683594	-1.710733	-0.867417	2.200733	
1	0.638739	-1.757812	-0.857202	2.170382	
1	0.638739	-1.757812	-0.857202	2.170382	
1	0.634766	-1.761911	-0.856333	2.167675	
1	0.634766	-1.761911	-0.856333	2.167675	
1	0.591034	-1.806641	-0.847023	2.137352	
1	0.591034	-1.806641	-0.847023	2.137352	
1	0.585938	-1.811773	-0.845981	2.133791	
1	0.585938	-1.811773	-0.845981	2.133791	
1	0.542133	-1.855469	-0.837325	2.102725	
1	0.542133	-1.855469	-0.837325	2.102725	
1	0.537109	-1.860411	-0.836373	2.099133	
1	0.537109	-1.860411	-0.836373	2.099133	
1	0.492035	-1.904297	-0.828168	2.066492	
1	0.492035	-1.904297	-0.828168	2.066492	
1	0.488281	-1.907908	-0.827514	2.063748	
1	0.488281	-1.907908	-0.827514	2.063748	
1	0.440740	-1.953125	-0.819614	2.028644	
1	0.440740	-1.953125	-0.819614	2.028644	
1	0.439453	-1.954336	-0.819410	2.027684	
1	0.439453	-1.954336	-0.819410	2.027684	
1	0.390625	-1.999823	-0.812050	1.990921	
1	0.390625	-1.999823	-0.812050	1.990921	
1	0.388310	-2.001953	-0.811721	1.989165	
1	0.388310	-2.001953	-0.811721	1.989165	
1	0.341797	-2.044429	-0.805440	1.953498	
1	0.341797	-2.044429	-0.805440	1.953498	
1	0.334743	-2.050781	-0.804551	1.948062	
1	0.334743	-2.050781	-0.804551	1.948062	
1	0.292969	-2.088170	-0.799588	1.915493	
1	0.292969	-2.088170	-0.799588	1.915493	
1	0.279999	-2.099609	-0.798167	1.905348	
1	0.279999	-2.099609	-0.798167	1.905348	
1	0.244141	-2.131089	-0.794493	1.876951	
1	0.244141	-2.131089	-0.794493	1.876951	
1	0.224074	-2.148438	-0.792626	1.861030	
1	0.224074	-2.148438	-0.792626	1.861030	
1	0.195312	-2.173221	-0.790154	1.837919	
1	0.195312	-2.173221	-0.790154	1.837919	
1	0.166960	-2.197266	-0.787986	1.815122	
1	0.166960	-2.197266	-0.787986	1.815122	
1	0.146484	-2.214596	-0.786565	1.798441	
1	0.146484	-2.214596	-0.786565	1.798441	
1	0.108650	-2.246094	-0.784302	1.767636	
1	0.108650	-2.246094	-0.784302	1.767636	
1	0.097656	-2.255239	-0.783723	1.758564	
1	0.097656	-2.255239	-0.783723	1.758564	
1	0.049132	-2.294922	-0.781629	1.718589	
1	0.049132	-2.294922	-0.781629	1.718589	
1	0.048828	-2.295171	-0.781618	1.718335	
1	0.048828	-2.295171	-0.781618	1.718335	
1	0.000000	-2.334719	-0.780233	1.677464	
1	0.000000	-2.334719	-0.780233	1.677464	
1	-0.011355	-2.343750	-0.780017	1.667993	
1	-0.011355	-2.343750	-0.780017	1.667993	
1	-0.048828	-2.373621	-0.779577	1.636291	
1	-0.048828	-2.373621	-0.779577	1.636291	
1	-0.073063	-2.392578	-0.779519	1.615883	
1	-0.073063	-2.392578	-0.779519	1.615883	
1	-0.097656	-2.411878	-0.779640	1.594874	
1	-0.097656	-2.411878	-0.779640	1.594874	
1	-0.136020	-2.441406	-0.780182	1.562278	
1	-0.136020	-2.441406	-0.780182	1.562278	
1	-0.146484	-2.449495	-0.780407	1.553258	
1	-0.146484	-2.449495	-0.780407	1.553258	
1	-0.195312	-2.486604	-0.781870	1.511350	
1	-0.195312	-2.486604	-0.781870	1.511350	
1	-0.200157	-2.490234	-0.782052	1.507203	
1	-0.200157	-2.490234	-0.782052	1.507203	
1	-0.244141	-2.523380	-0.784031	1.469007	
1	-0.244141	-2.523380	-0.784031	1.469007	
1	-0.265395	-2.539062	-0.785173	1.450690	
1	-0.265395	-2.539062	-0.785173	1.450690	
1	-0.292969	-2.559542	-0.786864	1.426577	
1	-0.292969	-2.559542	-0.786864	1.426577	
1	-0.331973	-2.587891	-0.789590	1.392750	
1	-0.331973	-2.587891	-0.789590	1.392750	
1	-0.341797	-2.595084	-0.790351	1.384105	
1	-0.341797	-2.595084	-0.790351	1.384105	
1	-0.390625	-2.630236	-0.794500	1.341380	
1	-0.390625	-2.630236	-0.794500	1.341380	
1	-0.399787	-2.636719	-0.795343	1.333414	
1	-0.399787	-2.636719	-0.795343	1.333414	
1	-0.439453	-2.665030	-0.799304	1.298409	
1	-0.439453	-2.665030	-0.799304	1.298409	
1	-0.468881	-2.685547	-0.802474	1.272703	
1	-0.468881	-2.685547	-0.802474	1.272703	
1	-0.488281	-2.699202	-0.804717	1.255504	
1	-0.488281	-2.699202	-0.804717	1.255504	
1	-0.537109	-2.732797	-0.810728	1.212646	
1	-0.537109	-2.732797	-0.810728	1.212646	
1	-0.539436	-2.734375	-0.811027	1.210614	
1	-0.539436	-2.734375	-0.811027	1.210614	
1	-0.585938	-2.766251	-0.817389	1.169405	
1	-0.585938	-2.766251	-0.817389	1.169405	
1	-0.611305	-2.783203	-0.821041	1.147190	
1	-0.611305	-2.783203	-0.821041	1.147190	
1	-0.634766	-2.799062	-0.824609	1.126338	
1	-0.634766	-2.799062	-0.824609	1.126338	
1	-0.683594	-2.831245	-0.832367	1.083453	
1	-0.683594	-2.831245	-0.832367	1.083453	
1	-0.684805	-2.832031	-0.832565	1.082396	
1	-0.684805	-2.832031	-0.832565	1.082396	
1	-0.732422	-2.863336	-0.840755	1.040215	
1	-0.732422	-2.863336	-0.840755	1.040215	
1	-0.759818	-2.880859	-0.845641	1.016267	
1	-0.759818	-2.880859	-0.845641	1.016267	
1	-0.781250	-2.894752	-0.849642	0.997252	
1	-0.781250	-2.894752	-0.849642	0.997252	
1	-0.830078	-2.925622	-0.859038	0.954449	
1	-0.830078	-2.925622	-0.859038	0.954449	
1	-0.836634	-2.929688	-0.860328	0.948754	
1	-0.836634	-2.929688	-0.860328	0.948754	
1	-0.878906	-2.956286	-0.869005	0.911478	
1	-0.878906	-2.956286	-0.869005	0.911478	
1	-0.915293	-2.978516	-0.876679	0.879854	
1	-0.915293	-2.978516	-0.876679	0.879854	
1	-0.927734	-2.986232	-0.879409	0.868880	
1	-0.927734	-2.986232	-0.879409	0.868880	
1	-0.976562	-3.015849	-0.890330	0.826273	
1	-0.976562	-3.015849	-0.890330	0.826273	
1	-0.996016	-3.027344	-0.894766	0.809514	
1	-0.996016	-3.027344	-0.894766	0.809514	
1	-1.025391	-3.044986	-0.901717	0.783827	
1	-1.025391	-3.044986	-0.901717	0.783827	
1	-1.074219	-3.073449	-0.913500	0.741750	
1	-1.074219	-3.073449	-0.913500	0.741750	
1	-1.078994	-3.076172	-0.914666	0.737679	
1	-1.078994	-3.076172	-0.914666	0.737679	
1	-1.123047	-3.101737	-0.925806	0.699556	
1	-1.123047	-3.101737	-0.925806	0.699556	
1	-1.164495	-3.125000	-0.936475	0.664263	
1	-1.164495	-3.125000	-0.936475	0.664263	
1	-1.171875	-3.129217	-0.938439	0.657886	
1	-1.171875	-3.129217	-0.938439	0.657886	
1	-1.220703	-3.156460	-0.951555	0.616185	
1	-1.220703	-3.156460	-0.951555	0.616185	
1	-1.252872	-3.173828	-0.960313	0.589141	
1	-1.252872	-3.173828	-0.960313	0.589141	
1	-1.269531	-3.182996	-0.964996	0.574926	
1	-1.269531	-3.182996	-0.964996	0.574926	
1	-1.318359	-3.209112	-0.978840	0.533837	
1	-1.318359	-3.209112	-0.978840	0.533837	
1	-1.344516	-3.222656	-0.986327	0.512160	
1	-1.344516	-3.222656	-0.986327	0.512160	
1	-1.367188	-3.234635	-0.993018	0.493091	
1	-1.367188	-3.234635	-0.993018	0.493091	
1	-1.416016	-3.259625	-1.007537	0.452640	
1	-1.416016	-3.259625	-1.007537	0.452640	
1	-1.439975	-3.271484	-1.014710	0.433097	
1	-1.439975	-3.271484	-1.014710	0.433097	
1	-1.464844	-3.284057	-1.022376	0.412512	
1	-1.464844	-3.284057	-1.022376	0.412512	
1	-1.513672	-3.307910	-1.037515	0.372733	
1	-1.513672	-3.307910	-1.037515	0.372733	
1	-1.539991	-3.320312	-1.045718	0.351636	
1	-1.539991	-3.320312	-1.045718	0.351636	
1	-1.562500	-3.331158	-1.052933	0.333330	
1	-1.562500	-3.331158	-1.052933	0.333330	
1	-1.611328	-3.353848	-1.068636	0.294264	
1	-1.611328	-3.353848	-1.068636	0.294264	
1	-1.645567	-3.369141	-1.079704	0.267335	
1	-1.645567	-3.369141	-1.079704	0.267335	
1	-1.660156	-3.375810	-1.084549	0.255694	
1	-1.660156	-3.375810	-1.084549	0.255694	
1	-1.708984	-3.397293	-1.100755	0.217395	
1	-1.708984	-3.397293	-1.100755	0.217395	
1	-1.757812	-3.417858	-1.117074	0.179765	
1	-1.757812	-3.417858	-1.117074	0.179765	
1	-1.758087	-3.417969	-1.117165	0.179558	
1	-1.758087	-3.417969	-1.117165	0.179558	
1	-1.806641	-3.438070	-1.133717	0.142297	
1	-1.806641	-3.438070	-1.133717	0.142297	
1	-1.855469	-3.457357	-1.150447	0.105503	
1	-1.855469	-3.457357	-1.150447	0.105503	
1	-1.880548	-3.466797	-1.159025	0.086959	
1	-1.880548	-3.466797	-1.159025	0.086959	
1	-1.904297	-3.475969	-1.167353	0.069159	
1	-1.904297	-3.475969	-1.167353	0.069159	
1	-1.953125	-3.493883	-1.184418	0.033283	
1	-1.953125	-3.493883	-1.184418	0.033283	
1	-2.001953	-3.510859	-1.201531	-0.001918	
1	-2.001953	-3.510859	-1.201531	-0.001918	
1	-2.016499	-3.515625	-1.206590	-0.012180	
1	-2.016499	-3.515625	-1.206590	-0.012180	
1	-2.050781	-3.527165	-1.218797	-0.036678	
1	-2.050781	-3.527165	-1.218797	-0.036678	
1	-2.099609	-3.542601	-1.236120	-0.070830	
1	-2.099609	-3.542601	-1.236120	-0.070830	
1	-2.148438	-3.557049	-1.253443	-0.104279	
1	-2.148438	-3.557049	-1.253443	-0.104279	
1	-2.175421	-3.564453	-1.262942	-0.122336	
1	-2.175421	-3.564453	-1.262942	-0.122336	
1	-2.197266	-3.570620	-1.270803	-0.137127	
1	-2.197266	-3.570620	-1.270803	-0.137127	
1	-2.246094	-3.583281	-1.288179	-0.169350	
1	-2.246094	-3.583281	-1.288179	-0.169350	
1	-2.294922	-3.594853	-1.305484	-0.200809	
1	-2.294922	-3.594853	-1.305484	-0.200809	
1	-2.343750	-3.605306	-1.322696	-0.231489	
1	-2.343750	-3.605306	-1.322696	-0.231489	
1	-2.385739	-3.613281	-1.337361	-0.257163	
1	-2.385739	-3.613281	-1.337361	-0.257163	
1	-2.392578	-3.614620	-1.339797	-0.261386	
1	-2.392578	-3.614620	-1.339797	-0.261386	
1	-2.441406	-3.622804	-1.356787	-0.290518	
1	-2.441406	-3.622804	-1.356787	-0.290518	
1	-2.490234	-3.629672	-1.373571	-0.318749	
1	-2.490234	-3.629672	-1.373571	-0.318749	
1	-2.539062	-3.635147	-1.390109	-0.346036	
1	-2.539062	-3.635147	-1.390109	-0.346036	
1	-2.587891	-3.639141	-1.406350	-0.372328	
1	-2.587891	-3.639141	-1.406350	-0.372328	
1	-2.636719	-3.641545	-1.422240	-0.397561	
1	-2.636719	-3.641545	-1.422240	-0.397561	
1	-2.685547	-3.642230	-1.437710	-0.421660	
1	-2.685547	-3.642230	-1.437710	-0.421660	
1	-2.734375	-3.641046	-1.452683	-0.444539	
1	-2.734375	-3.641046	-1.452683	-0.444539	
1	-2.783203	-3.637812	-1.467068	-0.466093	
1	-2.783203	-3.637812	-1.467068	-0.466093	
1	-2.832031	-3.632318	-1.480756	-0.486205	
1	-2.832031	-3.632318	-1.480756	-0.486205	
1	-2.880859	-3.624317	-1.493625	-0.504737	
1	-2.880859	-3.624317	-1.493625	-0.504737	
1	-2.929688	-3.613522	-1.505529	-0.521534	
1	-2.929688	-3.613522	-1.505529	-0.521534	
1	-2.930565	-3.613281	-1.505724	-0.521806	
1	-2.930565	-3.613281	-1.505724	-0.521806	
1	-2.978516	-3.599416	-1.516210	-0.536293	
1	-2.978516	-3.599416	-1.516210	-0.536293	
1	-3.027344	-3.581641	-1.525487	-0.548841	
1	-3.027344	-3.581641	-1.525487	-0.548841	
1	-3.065992	-3.564453	-1.531576	-0.556914	
1	-3.065992	-3.564453	-1.531576	-0.556914	
1	-3.076172	-3.559585	-1.533055	-0.558852	
1	-3.076172	-3.559585	-1.533055	-0.558852	
1	-3.125000	-3.532154	-1.538362	-0.565714	
