#REFERENCE 3 87.3042530 -62.0775650
1.6 0.428 1.529 0.083 0.036 142.07 3.547 0.79 -1.633 4.821 1.47 -0.69
1.6 0.428 1.529 0.083 0.036 142.07 3.547 0.79 0.934 2.080 0.85 -0.06
1.6 0.428 1.529 0.083 0.036 142.07 3.547 0.79 -1.352 -1.236 -0.33 1.12
1.6 0.428 1.529 0.083 0.036 142.07 3.547 0.79 -0.027 0.002 -5.16 5.95
1.6 0.428 1.529 0.083 0.036 142.07 3.547 0.79 3.054 -1.375 0.79 0.00
1.5 1.080 1.389 0.117 0.067 121.96 3.547 -0.20 0.612 5.142 2.01 -2.21
1.5 1.080 1.389 0.117 0.067 121.96 3.547 -0.20 2.122 4.474 1.78 -1.98
1.5 1.080 1.389 0.117 0.067 121.96 3.547 -0.20 -0.530 2.312 3.28 -3.48
1.5 1.080 1.389 0.117 0.067 121.96 3.547 -0.20 -1.037 2.360 3.84 -4.03
1.5 1.080 1.389 0.117 0.067 121.96 3.547 -0.20 -1.200 2.765 3.13 -3.33
1.5 1.080 1.389 0.117 0.067 121.96 3.547 -0.20 3.841 -1.270 0.64 -0.84
1.5 1.080 1.389 0.117 0.067 121.96 3.547 -0.20 -0.223 3.081 1.66 -1.86
1.5 1.080 1.389 0.117 0.067 121.96 3.547 -0.20 -0.104 -0.019 -4.27 4.07
1.5 1.080 1.389 0.117 0.067 121.96 3.547 -0.20 -1.202 -0.667 -0.20 0.00
1.4 0.872 1.316 0.041 0.022 179.33 3.547 2.11 -0.409 4.986 1.76 0.35
1.4 0.872 1.316 0.041 0.022 179.33 3.547 2.11 0.339 3.215 1.16 0.95
1.4 0.872 1.316 0.041 0.022 179.33 3.547 2.11 -0.067 0.003 -4.65 6.76
1.4 0.872 1.316 0.041 0.022 179.33 3.547 2.11 0.149 2.102 1.40 0.71
1.4 0.872 1.316 0.041 0.022 179.33 3.547 2.11 3.542 -1.484 0.66 1.45
1.4 0.872 1.316 0.041 0.022 179.33 3.547 2.11 -1.389 -0.836 -0.06 2.17
1.4 0.872 1.316 0.041 0.022 179.33 3.547 2.11 2.117 4.069 1.41 0.70
1.4 0.872 1.316 0.041 0.022 179.33 3.547 2.11 -1.723 2.070 2.39 -0.28
1.4 0.872 1.316 0.041 0.022 179.33 3.547 2.11 -1.755 2.938 2.11 -0.00
1.3 0.630 1.418 0.083 0.046 127.21 3.547 1.46 1.298 3.120 1.94 -0.48
1.3 0.630 1.418 0.083 0.046 127.21 3.547 1.46 -1.187 4.867 1.60 -0.14
1.3 0.630 1.418 0.083 0.046 127.21 3.547 1.46 0.618 2.111 1.06 0.39
1.3 0.630 1.418 0.083 0.046 127.21 3.547 1.46 -0.043 0.004 -4.98 6.43
1.3 0.630 1.418 0.083 0.046 127.21 3.547 1.46 3.271 -1.445 0.72 0.74
1.3 0.630 1.418 0.083 0.046 127.21 3.547 1.46 -1.398 -1.067 -0.23 1.68
1.3 0.630 1.418 0.083 0.046 127.21 3.547 1.46 2.178 3.598 1.46 -0.00
1.2 0.734 1.182 0.063 0.060 80.45 3.547 0.80 -1.229 4.491 2.28 -1.48
1.2 0.734 1.182 0.063 0.060 80.45 3.547 0.80 0.845 3.376 1.85 -1.05
1.2 0.734 1.182 0.063 0.060 80.45 3.547 0.80 -1.872 3.508 2.15 -1.36
1.2 0.734 1.182 0.063 0.060 80.45 3.547 0.80 -0.043 0.027 -4.75 5.55
1.2 0.734 1.182 0.063 0.060 80.45 3.547 0.80 3.289 -1.763 0.65 0.15
1.2 0.734 1.182 0.063 0.060 80.45 3.547 0.80 -2.029 1.561 1.83 -1.03
1.2 0.734 1.182 0.063 0.060 80.45 3.547 0.80 1.786 3.801 1.84 -1.04
1.2 0.734 1.182 0.063 0.060 80.45 3.547 0.80 -1.583 -0.927 0.19 0.61
1.2 0.734 1.182 0.063 0.060 80.45 3.547 0.80 0.327 1.843 0.80 0.00
1.1 0.838 0.967 0.111 0.026 103.42 3.547 1.24 -1.959 0.893 1.89 -0.66
1.1 0.838 0.967 0.111 0.026 103.42 3.547 1.24 -1.765 -0.632 0.95 0.29
1.1 0.838 0.967 0.111 0.026 103.42 3.547 1.24 -0.046 0.051 -4.42 5.66
1.1 0.838 0.967 0.111 0.026 103.42 3.547 1.24 3.325 -2.026 0.60 0.64
1.1 0.838 0.967 0.111 0.026 103.42 3.547 1.24 0.105 1.599 0.69 0.55
1.1 0.838 0.967 0.111 0.026 103.42 3.547 1.24 1.356 4.004 2.03 -0.79
1.1 0.838 0.967 0.111 0.026 103.42 3.547 1.24 0.532 3.538 1.24 -0.00
2.3 1.140 1.136 0.066 0.033 141.90 4.500 0.59 -0.581 1.841 2.50 -1.91
2.3 1.140 1.136 0.066 0.033 141.90 4.500 0.59 -0.224 3.286 0.78 -0.19
2.3 1.140 1.136 0.066 0.033 141.90 4.500 0.59 -1.270 3.225 1.67 -1.08
2.3 1.140 1.136 0.066 0.033 141.90 4.500 0.59 -1.180 1.700 2.82 -2.23
2.3 1.140 1.136 0.066 0.033 141.90 4.500 0.59 -1.461 -0.534 0.43 0.15
2.3 1.140 1.136 0.066 0.033 141.90 4.500 0.59 -0.093 0.018 -4.19 4.78
2.3 1.140 1.136 0.066 0.033 141.90 4.500 0.59 3.853 -1.709 0.59 0.00
2.2 1.040 0.776 0.058 0.000 95.08 4.500 6.86 -0.669 4.210 3.97 2.89
2.2 1.040 0.776 0.058 0.000 95.08 4.500 6.86 -0.062 0.078 -3.92 10.78
2.2 1.040 0.776 0.058 0.000 95.08 4.500 6.86 3.558 -2.271 0.54 6.32
2.2 1.040 0.776 0.058 0.000 95.08 4.500 6.86 -0.171 1.378 0.77 6.09
2.2 1.040 0.776 0.058 0.000 95.08 4.500 6.86 0.085 3.575 0.76 6.10
2.1 0.914 0.808 0.033 0.028 54.78 4.500 2.14 0.382 3.593 0.97 1.17
2.1 0.914 0.808 0.033 0.028 54.78 4.500 2.14 3.401 -2.286 0.56 1.58
2.1 0.914 0.808 0.033 0.028 54.78 4.500 2.14 -0.045 0.077 -4.14 6.29
2.1 0.914 0.808 0.033 0.028 54.78 4.500 2.14 0.006 1.424 0.54 1.60
2.1 0.914 0.808 0.033 0.028 54.78 4.500 2.14 1.122 4.179 2.14 0.00
