chi multiples
 N    ID    z   Narcs    chip    chix    chiy    chia   rmss     rmsi    dx      dy    nwarn
 0    6.2 4.500   1      0.00    0.00    0.00    0.00   0.016    0.03    0.03    0.01  0
 0    6.1 4.500   1      0.00    0.00    0.00    0.00   0.016    0.03   -0.03   -0.00  0
 0    6.2 4.500   2      0.01    0.00    0.00    0.00   0.016    0.03    N/A     N/A   0
 1    5.2 4.500   1      0.01    0.00    0.00    0.00   0.025    0.04    0.04   -0.02  0
 1    5.1 4.500   1      0.01    0.00    0.00    0.00   0.025    0.06   -0.04    0.04  0
 1    5.2 4.500   2      0.02    0.00    0.00    0.00   0.025    0.05    N/A     N/A   0
chimul                   0.03    0.00    0.00    0.00   0.021    0.04    N/A     N/A   0
log(Likelihood)         -1.82

chitot           0.03
log(Likelihood)    -1.82
