#REFERENCE 3 87.3042530 -62.0775650
1.1 0.7686077 0.5963414 0.125190 0.083940 100.65623 3.0000 -0.19 
1.2 0.8233273 0.6678183 0.088632 0.049766 68.47916 3.0000 0.64 
1.3 0.6596184 0.5996581 0.179388 0.130537 148.59407 3.0000 -0.51 
1.4 0.8330024 0.6897115 0.062676 0.025221 2.19967 3.0000 1.49 
1.5 0.7780835 0.6662664 0.094523 0.060311 33.40886 3.0000 0.15 
1.6 0.6250754 0.7390851 0.061296 0.033193 155.98795 3.0000 1.22 
2.1 1.2410048 0.6198273 0.044591 0.009670 67.58968 3.3200 2.96 
2.2 1.2511973 0.6364464 0.091870 0.009792 91.29624 3.3200 2.39 
2.3 1.2289482 0.4936018 0.050289 0.030699 155.87019 3.3200 0.96 
3.1 0.5895921 0.0415625 0.067108 0.004280 4.93115 3.8164 3.34 
3.2 0.6035701 0.0432463 0.067026 0.004126 8.78623 3.8164 3.24 
4.1 1.2504535 0.6365969 0.042071 0.011337 81.04680 3.3200 2.27 
4.2 1.2333240 0.4931159 0.050306 0.030719 155.90981 3.3200 0.95 
5.1 1.1728782 0.6308907 0.046062 0.026162 76.42290 3.3200 1.08 
5.2 1.2317594 0.4875372 0.050312 0.030756 155.72982 3.3200 0.95 
6.1 0.6062858 0.6194829 0.053836 0.030139 150.28185 3.0000 1.17 
6.2 0.7324720 0.5103269 0.090023 0.048119 29.47245 3.0000 0.40 
6.3 0.7593543 0.4915636 0.048762 0.025197 7.37844 3.0000 1.47 
6.4 0.7871144 0.5006933 0.068899 0.042784 70.35586 3.0000 0.46 
9.1 0.2715160 0.6369642 0.054058 0.027555 140.65944 3.0000 1.32 
9.2 0.3658539 0.4069411 0.057442 0.026147 179.87017 3.0000 1.35 
10.1 1.2600189 0.6405545 0.055436 0.010668 67.52820 3.3200 2.23 
10.2 1.2492058 0.6461344 0.047702 0.009886 37.82737 3.3200 2.48 
11.1 1.1933594 0.6276312 0.063933 0.021733 73.15840 3.3200 1.43 
11.2 1.1554223 0.6429205 0.062612 0.019205 21.76388 3.3200 2.00 
