chi multiples
 N    ID    z   Narcs    chip    chix    chiy    chia   rmss     rmsi    dx      dy    nwarn
 0    3.2 4.500   1      0.08    0.00    0.00    0.00   0.111    0.14    0.04    0.13  0
 0    3.1 4.500   1      0.04    0.00    0.00    0.00   0.111    0.10   -0.05   -0.09  0
 0    3.2 4.500   2      0.12    0.00    0.00    0.00   0.111    0.12    N/A     N/A   0
 1    2.2 4.500   1      0.28    0.00    0.00    0.00   0.156    0.27   -0.27    0.02  0
 1    2.1 4.500   1      0.12    0.00    0.00    0.00   0.156    0.17    0.17   -0.03  0
 1    2.2 4.500   2      0.40    0.00    0.00    0.00   0.156    0.22    N/A     N/A   0
 2    1.2 4.500   1      0.21    0.00    0.00    0.00   0.152    0.23    0.23   -0.02  0
 2    1.1 4.500   1      0.08    0.00    0.00    0.00   0.152    0.15   -0.14    0.02  0
 2    1.2 4.500   2      0.29    0.00    0.00    0.00   0.152    0.19    N/A     N/A   0
chimul                   0.82    0.00    0.00    0.00   0.141    0.18    N/A     N/A   0
log(Likelihood)         -3.12

chitot           0.82
log(Likelihood)    -3.12
