#REFERENCE 3 328.4078120 17.6977430
   #ID       X         Y         R       EPS       TAU       AMP       E_AMP      DMAG  TIME[days]  DTIME    PARITY
   1.1    -1.711    -3.214     3.641     0.999    19.933     6.794    90.973      2.08     -57.0       0.0    ++
   1.1    -1.593     0.898     1.829     0.976     4.500    55.149  1558.741      4.35     -37.9      19.0    +-
   1.1    -1.454     1.222     1.899     0.000     0.000    29.301   962.513      3.67     -37.9      19.0    ++
   1.2     1.268    -0.540     1.378     0.889     1.938    39.939   413.928      4.00     -21.2      35.8    +-
   1.2     1.065     3.502     3.660     0.854     1.639     3.903    61.408      1.48     -64.7      -7.7    ++
   1.2     0.535    -1.957     2.028     0.000     0.000    15.181   639.331      2.95     -23.5      33.4    ++
   2.1    -1.296    -3.519     3.750     0.995     9.513     3.526    13.785      1.37     -66.1       0.0    ++
   2.1    -1.205     1.062     1.606     0.928     2.486    87.180  4136.649      4.85     -26.1      39.9    +-
   2.1    -1.205     1.062     1.606     0.928     2.482    86.030  4467.684      4.84     -26.1      40.0    +-
   2.1    -1.035     1.401     1.742     0.001     0.001    68.194  4811.639      4.58     -26.2      39.9    ++
   2.1    -1.035     1.401     1.742     0.000     0.000    37.812  1212.755      3.94     -26.2      39.9    ++
   2.2    -0.729    -0.659     0.983     0.898     2.045    17.961  1080.115      3.14       3.5      69.6    +-
   2.2     0.911    -0.657     1.124     0.761     1.173    65.243  1347.697      4.54      -8.7      57.4    +-
   2.2    -0.266    -0.333     0.426     0.738     1.093    17.901   312.167      3.13       4.2      70.3    --
   2.2     0.751     3.715     3.790     0.687     0.945     2.524     3.514      1.01     -76.4     -10.3    ++
   2.2     0.153    -1.908     1.914     0.000     0.000    15.503   156.395      2.98     -11.1      55.0    ++
   3.1    -0.592     0.669     0.893     0.781     1.253   261.790  17917.151      6.04       2.8       0.0    +-
   3.1    -0.523    -3.903     3.938     0.667     0.895     2.374    14.454      0.94     -88.0     -90.8    ++
   3.1     0.094     0.344     0.357     0.637     0.826    10.129    96.233      2.51       6.7       3.9    --
   3.1     0.228     1.789     1.803     0.542     0.645   115.511  8427.621      5.16       0.1      -2.7    ++
   3.1     0.869     1.076     1.383     0.000     0.000    11.298   323.950      2.63       3.6       0.8    +-
   3.2     0.004    -0.202     0.202     0.758     1.161     5.826    94.339      1.91       4.0       1.2    --
   3.2     0.384     3.610     3.631     0.744     1.113     2.490     9.633      0.99     -74.0     -76.8    ++
   3.2     0.739    -0.323     0.807     0.618     0.786    42.253  1401.038      4.06       0.5      -2.4    +-
   3.2    -0.452    -2.167     2.214     0.603     0.755    54.031  3928.032      4.33      -9.8     -12.6    ++
   3.2    -1.109    -1.051     1.528     0.000     0.000    11.605   439.305      2.66      -3.8      -6.6    +-
