#REFERENCE 3 328.4078120 17.6977430
1.1 -0.993 0.007 0.252 0.005 155.48 4.500 3.63 -1.711 -3.214 1.22 2.41
1.1 -0.993 0.007 0.252 0.005 155.48 4.500 3.63 -1.593 0.898 3.66 -0.04
1.1 -0.993 0.007 0.252 0.005 155.48 4.500 3.63 -1.454 1.222 3.63 -0.00
1.2 0.438 0.183 0.209 0.033 147.21 4.500 1.71 1.268 -0.540 1.60 0.11
1.2 0.438 0.183 0.209 0.033 147.21 4.500 1.71 1.065 3.502 0.93 0.78
1.2 0.438 0.183 0.209 0.033 147.21 4.500 1.71 0.535 -1.957 1.71 -0.00
2.1 -0.632 -0.160 0.242 0.007 151.83 4.500 3.26 -1.296 -3.519 0.96 2.29
2.1 -0.632 -0.160 0.242 0.007 151.83 4.500 3.26 -1.205 1.062 3.25 0.01
2.1 -0.632 -0.160 0.242 0.007 151.83 4.500 3.26 -1.205 1.062 3.24 0.01
2.1 -0.632 -0.160 0.242 0.007 151.83 4.500 3.26 -1.035 1.401 3.26 -0.00
2.1 -0.632 -0.160 0.242 0.007 151.83 4.500 3.26 -1.035 1.401 3.26 -0.00
2.2 0.119 0.359 0.175 0.038 143.85 4.500 1.74 -0.729 -0.659 0.89 0.85
2.2 0.119 0.359 0.175 0.038 143.85 4.500 1.74 0.911 -0.657 1.44 0.29
2.2 0.119 0.359 0.175 0.038 143.85 4.500 1.74 -0.266 -0.333 -0.10 1.84
2.2 0.119 0.359 0.175 0.038 143.85 4.500 1.74 0.751 3.715 0.84 0.90
2.2 0.119 0.359 0.175 0.038 143.85 4.500 1.74 0.153 -1.908 1.74 0.00
3.1 0.141 -0.523 0.119 0.074 123.73 4.500 1.23 -0.592 0.669 1.40 -0.17
3.1 0.141 -0.523 0.119 0.074 123.73 4.500 1.23 -0.523 -3.903 0.79 0.44
3.1 0.141 -0.523 0.119 0.074 123.73 4.500 1.23 0.094 0.344 -0.25 1.48
3.1 0.141 -0.523 0.119 0.074 123.73 4.500 1.23 0.228 1.789 1.93 -0.71
3.1 0.141 -0.523 0.119 0.074 123.73 4.500 1.23 0.869 1.076 1.23 0.00
3.2 -0.194 0.392 0.128 0.119 22.96 4.500 1.03 0.004 -0.202 -0.71 1.74
3.2 -0.194 0.392 0.128 0.119 22.96 4.500 1.03 0.384 3.610 0.84 0.19
3.2 -0.194 0.392 0.128 0.119 22.96 4.500 1.03 0.739 -0.323 0.90 0.14
3.2 -0.194 0.392 0.128 0.119 22.96 4.500 1.03 -0.452 -2.167 1.53 -0.50
3.2 -0.194 0.392 0.128 0.119 22.96 4.500 1.03 -1.109 -1.051 1.03 0.00
