#REFERENCE 3 154.2861480 39.0496310
1	-1.123047	-1.080655	-0.118911	0.053637	
1	-1.074219	-1.096518	-0.110424	0.060760	
1	-1.074219	-1.096518	-0.110424	0.060760	
1	-1.025391	-1.110610	-0.102312	0.067950	
1	-1.025391	-1.110610	-0.102312	0.067950	
1	-0.976562	-1.122994	-0.094573	0.075187	
1	-0.976562	-1.122994	-0.094573	0.075187	
1	-0.976315	-1.123047	-0.094534	0.075225	
1	-0.976315	-1.123047	-0.094534	0.075225	
1	-0.927734	-1.133137	-0.087099	0.082567	
1	-0.927734	-1.133137	-0.087099	0.082567	
1	-0.878906	-1.141655	-0.080002	0.089970	
1	-0.878906	-1.141655	-0.080002	0.089970	
1	-0.830078	-1.148588	-0.073285	0.097376	
1	-0.830078	-1.148588	-0.073285	0.097376	
1	-0.781250	-1.153965	-0.066950	0.104767	
1	-0.781250	-1.153965	-0.066950	0.104767	
1	-0.732422	-1.157812	-0.061001	0.112124	
1	-0.732422	-1.157812	-0.061001	0.112124	
1	-0.683594	-1.160152	-0.055441	0.119427	
1	-0.683594	-1.160152	-0.055441	0.119427	
1	-0.634766	-1.161009	-0.050275	0.126652	
1	-0.634766	-1.161009	-0.050275	0.126652	
1	-0.585938	-1.160410	-0.045509	0.133774	
1	-0.585938	-1.160410	-0.045509	0.133774	
1	-0.537109	-1.158395	-0.041151	0.140763	
1	-0.537109	-1.158395	-0.041151	0.140763	
1	-0.488281	-1.155021	-0.037209	0.147582	
1	-0.488281	-1.155021	-0.037209	0.147582	
1	-0.439453	-1.150373	-0.033693	0.154188	
1	-0.439453	-1.150373	-0.033693	0.154188	
1	-0.390625	-1.144573	-0.030615	0.160528	
1	-0.390625	-1.144573	-0.030615	0.160528	
1	-0.341797	-1.137787	-0.027980	0.166537	
1	-0.341797	-1.137787	-0.027980	0.166537	
1	-0.292969	-1.130234	-0.025795	0.172142	
1	-0.292969	-1.130234	-0.025795	0.172142	
1	-0.249260	-1.123047	-0.024214	0.176749	
1	-0.249260	-1.123047	-0.024214	0.176749	
1	-0.244141	-1.121989	-0.024039	0.177302	
1	-0.244141	-1.121989	-0.024039	0.177302	
1	-0.195312	-1.111808	-0.022620	0.182242	
1	-0.195312	-1.111808	-0.022620	0.182242	
1	-0.146484	-1.101637	-0.021633	0.186540	
1	-0.146484	-1.101637	-0.021633	0.186540	
1	-0.097656	-1.091965	-0.021032	0.190087	
1	-0.097656	-1.091965	-0.021032	0.190087	
1	-0.048828	-1.083250	-0.020742	0.192792	
1	-0.048828	-1.083250	-0.020742	0.192792	
1	0.000000	-1.075847	-0.020664	0.194594	
1	0.000000	-1.075847	-0.020664	0.194594	
1	0.013341	-1.074219	-0.020664	0.194900	
1	0.013341	-1.074219	-0.020664	0.194900	
1	0.048828	-1.068408	-0.020693	0.195750	
1	0.048828	-1.068408	-0.020693	0.195750	
1	0.097656	-1.062632	-0.020722	0.195953	
1	0.097656	-1.062632	-0.020722	0.195953	
1	0.146484	-1.058919	-0.020602	0.195151	
1	0.146484	-1.058919	-0.020602	0.195151	
1	0.195312	-1.056839	-0.020209	0.193436	
1	0.195312	-1.056839	-0.020209	0.193436	
1	0.244141	-1.055859	-0.019450	0.190918	
1	0.244141	-1.055859	-0.019450	0.190918	
1	0.292969	-1.055448	-0.018262	0.187708	
1	0.292969	-1.055448	-0.018262	0.187708	
1	0.341797	-1.055134	-0.016609	0.183907	
1	0.341797	-1.055134	-0.016609	0.183907	
1	0.390625	-1.054536	-0.014470	0.179606	
1	0.390625	-1.054536	-0.014470	0.179606	
1	0.439453	-1.053361	-0.011837	0.174881	
1	0.439453	-1.053361	-0.011837	0.174881	
1	0.488281	-1.051393	-0.008708	0.169796	
1	0.488281	-1.051393	-0.008708	0.169796	
1	0.537109	-1.048475	-0.005083	0.164405	
1	0.537109	-1.048475	-0.005083	0.164405	
1	0.585938	-1.044492	-0.000965	0.158753	
1	0.585938	-1.044492	-0.000965	0.158753	
1	0.634766	-1.039360	0.003644	0.152881	
1	0.634766	-1.039360	0.003644	0.152881	
1	0.683594	-1.033012	0.008741	0.146822	
1	0.683594	-1.033012	0.008741	0.146822	
1	0.732422	-1.025392	0.014324	0.140609	
1	0.732422	-1.025392	0.014324	0.140609	
1	0.732431	-1.025391	0.014325	0.140608	
1	0.732431	-1.025391	0.014325	0.140608	
1	0.781250	-1.015739	0.020272	0.134391	
1	0.781250	-1.015739	0.020272	0.134391	
1	0.830078	-1.004789	0.026704	0.128057	
1	0.830078	-1.004789	0.026704	0.128057	
1	0.878906	-0.992486	0.033620	0.121637	
1	0.878906	-0.992486	0.033620	0.121637	
1	0.927734	-0.978772	0.041017	0.115157	
1	0.927734	-0.978772	0.041017	0.115157	
1	0.934652	-0.976562	0.042077	0.114258	
1	0.934652	-0.976562	0.042077	0.114258	
1	0.976562	-0.962858	0.048762	0.108748	
1	0.976562	-0.962858	0.048762	0.108748	
1	1.025391	-0.945369	0.056976	0.102327	
1	1.025391	-0.945369	0.056976	0.102327	
1	1.070586	-0.927734	0.065001	0.096390	
1	1.070586	-0.927734	0.065001	0.096390	
1	1.074219	-0.926285	0.065669	0.095910	
1	1.074219	-0.926285	0.065669	0.095910	
1	1.123047	-0.904710	0.074692	0.089623	
1	1.123047	-0.904710	0.074692	0.089623	
1	1.171875	-0.881518	0.084227	0.083360	
1	1.171875	-0.881518	0.084227	0.083360	
1	1.176912	-0.878906	0.085217	0.082731	
1	1.176912	-0.878906	0.085217	0.082731	
1	1.220703	-0.855629	0.094098	0.077256	
1	1.220703	-0.855629	0.094098	0.077256	
1	1.265550	-0.830078	0.103599	0.071722	
1	1.265550	-0.830078	0.103599	0.071722	
1	1.269531	-0.827748	0.104467	0.071233	
1	1.269531	-0.827748	0.104467	0.071233	
1	1.318359	-0.796825	0.115180	0.065402	
1	1.318359	-0.796825	0.115180	0.065402	
1	1.341333	-0.781250	0.120359	0.062720	
1	1.341333	-0.781250	0.120359	0.062720	
1	1.367188	-0.763156	0.126342	0.059730	
1	1.367188	-0.763156	0.126342	0.059730	
1	1.408259	-0.732422	0.136070	0.055107	
1	1.408259	-0.732422	0.136070	0.055107	
1	1.416016	-0.726406	0.137952	0.054246	
1	1.416016	-0.726406	0.137952	0.054246	
1	1.464844	-0.685936	0.149979	0.048996	
1	1.464844	-0.685936	0.149979	0.048996	
1	1.467500	-0.683594	0.150641	0.048719	
1	1.467500	-0.683594	0.150641	0.048719	
1	1.513672	-0.641096	0.162418	0.044014	
1	1.513672	-0.641096	0.162418	0.044014	
1	1.520156	-0.634766	0.164101	0.043375	
1	1.520156	-0.634766	0.164101	0.043375	
1	1.562500	-0.591373	0.175325	0.039319	
1	1.562500	-0.591373	0.175325	0.039319	
1	1.567514	-0.585938	0.176675	0.038855	
1	1.567514	-0.585938	0.176675	0.038855	
1	1.610147	-0.537109	0.188388	0.035054	
1	1.610147	-0.537109	0.188388	0.035054	
1	1.611328	-0.535673	0.188717	0.034952	
1	1.611328	-0.535673	0.188717	0.034952	
1	1.648217	-0.488281	0.199128	0.031916	
1	1.648217	-0.488281	0.199128	0.031916	
1	1.660156	-0.471859	0.202567	0.030983	
1	1.660156	-0.471859	0.202567	0.030983	
1	1.682547	-0.439453	0.209121	0.029303	
1	1.682547	-0.439453	0.209121	0.029303	
1	1.708984	-0.398104	0.217052	0.027444	
1	1.708984	-0.398104	0.217052	0.027444	
1	1.713548	-0.390625	0.218448	0.027137	
1	1.713548	-0.390625	0.218448	0.027137	
1	1.740882	-0.341797	0.226852	0.025421	
1	1.740882	-0.341797	0.226852	0.025421	
1	1.757812	-0.308440	0.232196	0.024451	
1	1.757812	-0.308440	0.232196	0.024451	
1	1.765335	-0.292969	0.234632	0.024042	
1	1.765335	-0.292969	0.234632	0.024042	
1	1.786602	-0.244141	0.241575	0.022993	
1	1.786602	-0.244141	0.241575	0.022993	
1	1.805322	-0.195312	0.247944	0.022193	
1	1.805322	-0.195312	0.247944	0.022193	
1	1.806641	-0.191336	0.248389	0.022143	
1	1.806641	-0.191336	0.248389	0.022143	
1	1.820949	-0.146484	0.253421	0.021641	
1	1.820949	-0.146484	0.253421	0.021641	
1	1.834025	-0.097656	0.258244	0.021272	
1	1.834025	-0.097656	0.258244	0.021272	
1	1.844585	-0.048828	0.262405	0.021054	
1	1.844585	-0.048828	0.262405	0.021054	
1	1.852616	0.000000	0.265875	0.020955	
1	1.852616	0.000000	0.265875	0.020955	
1	1.855469	0.025406	0.267233	0.020941	
1	1.855469	0.025406	0.267233	0.020941	
1	1.858016	0.048828	0.268588	0.020942	
1	1.858016	0.048828	0.268588	0.020942	
1	1.860842	0.097656	0.270563	0.020979	
1	1.860842	0.097656	0.270563	0.020979	
1	1.861164	0.146484	0.271835	0.021032	
1	1.861164	0.146484	0.271835	0.021032	
1	1.858962	0.195312	0.272396	0.021068	
1	1.858962	0.195312	0.272396	0.021068	
1	1.855469	0.231229	0.272225	0.021051	
1	1.855469	0.231229	0.272225	0.021051	
1	1.854168	0.244141	0.272221	0.021050	
1	1.854168	0.244141	0.272221	0.021050	
1	1.846599	0.292969	0.271231	0.020933	
1	1.846599	0.292969	0.271231	0.020933	
1	1.836339	0.341797	0.269494	0.020686	
1	1.836339	0.341797	0.269494	0.020686	
1	1.823353	0.390625	0.267021	0.020273	
1	1.823353	0.390625	0.267021	0.020273	
1	1.807603	0.439453	0.263830	0.019660	
1	1.807603	0.439453	0.263830	0.019660	
1	1.806641	0.442002	0.263612	0.019615	
1	1.806641	0.442002	0.263612	0.019615	
1	1.788404	0.488281	0.259630	0.018742	
1	1.788404	0.488281	0.259630	0.018742	
1	1.766235	0.537109	0.254719	0.017534	
1	1.766235	0.537109	0.254719	0.017534	
1	1.757812	0.553545	0.252778	0.017020	
1	1.757812	0.553545	0.252778	0.017020	
1	1.740397	0.585938	0.248833	0.015918	
1	1.740397	0.585938	0.248833	0.015918	
1	1.711095	0.634766	0.242158	0.013886	
1	1.711095	0.634766	0.242158	0.013886	
1	1.708984	0.637965	0.241663	0.013728	
1	1.708984	0.637965	0.241663	0.013728	
1	1.677259	0.683594	0.234316	0.011253	
1	1.677259	0.683594	0.234316	0.011253	
1	1.660156	0.706128	0.230362	0.009829	
1	1.660156	0.706128	0.230362	0.009829	
1	1.639023	0.732422	0.225513	0.007999	
1	1.639023	0.732422	0.225513	0.007999	
1	1.611328	0.764311	0.219174	0.005470	
1	1.611328	0.764311	0.219174	0.005470	
1	1.595679	0.781250	0.215615	0.003984	
1	1.595679	0.781250	0.215615	0.003984	
1	1.562500	0.814781	0.208108	0.000694	
1	1.562500	0.814781	0.208108	0.000694	
1	1.546331	0.830078	0.204475	-0.000972	
1	1.546331	0.830078	0.204475	-0.000972	
1	1.513672	0.859149	0.197202	-0.004454	
1	1.513672	0.859149	0.197202	-0.004454	
1	1.489871	0.878906	0.191955	-0.007086	
1	1.489871	0.878906	0.191955	-0.007086	
1	1.464844	0.898586	0.186505	-0.009925	
1	1.464844	0.898586	0.186505	-0.009925	
1	1.424960	0.927734	0.177953	-0.014604	
1	1.424960	0.927734	0.177953	-0.014604	
1	1.416016	0.933963	0.176066	-0.015673	
1	1.416016	0.933963	0.176066	-0.015673	
1	1.367188	0.965455	0.165828	-0.021710	
1	1.367188	0.965455	0.165828	-0.021710	
1	1.348498	0.976562	0.161963	-0.024094	
1	1.348498	0.976562	0.161963	-0.024094	
1	1.318359	0.993744	0.155858	-0.027981	
1	1.318359	0.993744	0.155858	-0.027981	
1	1.269531	1.019314	0.146202	-0.034439	
1	1.269531	1.019314	0.146202	-0.034439	
1	1.256795	1.025391	0.143700	-0.036176	
1	1.256795	1.025391	0.143700	-0.036176	
1	1.220703	1.041998	0.136785	-0.041120	
1	1.220703	1.041998	0.136785	-0.041120	
1	1.171875	1.062417	0.127704	-0.047943	
1	1.171875	1.062417	0.127704	-0.047943	
1	1.140591	1.074219	0.122031	-0.052406	
1	1.140591	1.074219	0.122031	-0.052406	
1	1.123047	1.080625	0.118942	-0.054904	
1	1.123047	1.080625	0.118942	-0.054904	
1	1.074219	1.096489	0.110455	-0.062027	
1	1.074219	1.096489	0.110455	-0.062027	
1	1.025391	1.110582	0.102342	-0.069217	
1	1.025391	1.110582	0.102342	-0.069217	
1	0.976562	1.122966	0.094604	-0.076455	
1	0.976562	1.122966	0.094604	-0.076455	
1	0.976188	1.123047	0.094544	-0.076512	
1	0.976188	1.123047	0.094544	-0.076512	
1	0.927734	1.133112	0.087130	-0.083835	
1	0.927734	1.133112	0.087130	-0.083835	
1	0.878906	1.141631	0.080033	-0.091238	
1	0.878906	1.141631	0.080033	-0.091238	
1	0.830078	1.148563	0.073315	-0.098644	
1	0.830078	1.148563	0.073315	-0.098644	
1	0.781250	1.153941	0.066981	-0.106036	
1	0.781250	1.153941	0.066981	-0.106036	
1	0.732422	1.157788	0.061031	-0.113394	
1	0.732422	1.157788	0.061031	-0.113394	
1	0.683594	1.160129	0.055471	-0.120696	
1	0.683594	1.160129	0.055471	-0.120696	
1	0.634766	1.160985	0.050305	-0.127922	
1	0.634766	1.160985	0.050305	-0.127922	
1	0.585938	1.160387	0.045539	-0.135045	
1	0.585938	1.160387	0.045539	-0.135045	
1	0.537109	1.158372	0.041180	-0.142034	
1	0.537109	1.158372	0.041180	-0.142034	
1	0.488281	1.154998	0.037238	-0.148854	
1	0.488281	1.154998	0.037238	-0.148854	
1	0.439453	1.150350	0.033722	-0.155461	
1	0.439453	1.150350	0.033722	-0.155461	
1	0.390625	1.144550	0.030643	-0.161800	
1	0.390625	1.144550	0.030643	-0.161800	
1	0.341797	1.137765	0.028008	-0.167810	
1	0.341797	1.137765	0.028008	-0.167810	
1	0.292969	1.130211	0.025822	-0.173416	
1	0.292969	1.130211	0.025822	-0.173416	
1	0.249393	1.123047	0.024246	-0.178010	
1	0.249393	1.123047	0.024246	-0.178010	
1	0.244141	1.121961	0.024066	-0.178577	
1	0.244141	1.121961	0.024066	-0.178577	
1	0.195312	1.111781	0.022647	-0.183518	
1	0.195312	1.111781	0.022647	-0.183518	
1	0.146484	1.101609	0.021659	-0.187816	
1	0.146484	1.101609	0.021659	-0.187816	
1	0.097656	1.091938	0.021058	-0.191363	
1	0.097656	1.091938	0.021058	-0.191363	
1	0.048828	1.083222	0.020769	-0.194069	
1	0.048828	1.083222	0.020769	-0.194069	
1	0.000000	1.075818	0.020690	-0.195872	
1	0.000000	1.075818	0.020690	-0.195872	
1	-0.013101	1.074219	0.020690	-0.196173	
1	-0.013101	1.074219	0.020690	-0.196173	
1	-0.048828	1.068368	0.020720	-0.197029	
1	-0.048828	1.068368	0.020720	-0.197029	
1	-0.097656	1.062590	0.020748	-0.197234	
1	-0.097656	1.062590	0.020748	-0.197234	
1	-0.146484	1.058876	0.020629	-0.196432	
1	-0.146484	1.058876	0.020629	-0.196432	
1	-0.195312	1.056796	0.020236	-0.194717	
1	-0.195312	1.056796	0.020236	-0.194717	
1	-0.244141	1.055815	0.019477	-0.192200	
1	-0.244141	1.055815	0.019477	-0.192200	
1	-0.292969	1.055403	0.018289	-0.188989	
1	-0.292969	1.055403	0.018289	-0.188989	
1	-0.341797	1.055089	0.016636	-0.185189	
1	-0.341797	1.055089	0.016636	-0.185189	
1	-0.390625	1.054491	0.014497	-0.180887	
1	-0.390625	1.054491	0.014497	-0.180887	
1	-0.439453	1.053317	0.011864	-0.176162	
1	-0.439453	1.053317	0.011864	-0.176162	
1	-0.488281	1.051350	0.008735	-0.171078	
1	-0.488281	1.051350	0.008735	-0.171078	
1	-0.537109	1.048432	0.005110	-0.165686	
1	-0.537109	1.048432	0.005110	-0.165686	
1	-0.585938	1.044450	0.000992	-0.160035	
1	-0.585938	1.044450	0.000992	-0.160035	
1	-0.634766	1.039319	-0.003618	-0.154162	
1	-0.634766	1.039319	-0.003618	-0.154162	
1	-0.683594	1.032972	-0.008715	-0.148103	
1	-0.683594	1.032972	-0.008715	-0.148103	
1	-0.732172	1.025391	-0.014267	-0.141923	
1	-0.732172	1.025391	-0.014267	-0.141923	
1	-0.732422	1.025350	-0.014297	-0.141891	
1	-0.732422	1.025350	-0.014297	-0.141891	
1	-0.781250	1.015698	-0.020246	-0.135672	
1	-0.781250	1.015698	-0.020246	-0.135672	
1	-0.830078	1.004750	-0.026678	-0.129338	
1	-0.830078	1.004750	-0.026678	-0.129338	
1	-0.878906	0.992448	-0.033594	-0.122917	
1	-0.878906	0.992448	-0.033594	-0.122917	
1	-0.927734	0.978736	-0.040992	-0.116437	
1	-0.927734	0.978736	-0.040992	-0.116437	
1	-0.934541	0.976562	-0.042035	-0.115552	
1	-0.934541	0.976562	-0.042035	-0.115552	
1	-0.976562	0.962822	-0.048737	-0.110028	
1	-0.976562	0.962822	-0.048737	-0.110028	
1	-1.025391	0.945335	-0.056951	-0.103606	
1	-1.025391	0.945335	-0.056951	-0.103606	
1	-1.070502	0.927734	-0.064961	-0.097680	
1	-1.070502	0.927734	-0.064961	-0.097680	
1	-1.074219	0.926251	-0.065645	-0.097189	
1	-1.074219	0.926251	-0.065645	-0.097189	
1	-1.123047	0.904679	-0.074669	-0.090902	
1	-1.123047	0.904679	-0.074669	-0.090902	
1	-1.171875	0.881490	-0.084204	-0.084638	
1	-1.171875	0.881490	-0.084204	-0.084638	
1	-1.176857	0.878906	-0.085183	-0.084016	
1	-1.176857	0.878906	-0.085183	-0.084016	
1	-1.220703	0.855602	-0.094075	-0.078534	
1	-1.220703	0.855602	-0.094075	-0.078534	
1	-1.265506	0.830078	-0.103567	-0.073006	
1	-1.265506	0.830078	-0.103567	-0.073006	
1	-1.269531	0.827723	-0.104445	-0.072511	
1	-1.269531	0.827723	-0.104445	-0.072511	
1	-1.318359	0.796803	-0.115159	-0.066680	
1	-1.318359	0.796803	-0.115159	-0.066680	
1	-1.341302	0.781250	-0.120331	-0.064001	
1	-1.341302	0.781250	-0.120331	-0.064001	
1	-1.367188	0.763136	-0.126321	-0.061007	
1	-1.367188	0.763136	-0.126321	-0.061007	
1	-1.408237	0.732422	-0.136044	-0.056386	
1	-1.408237	0.732422	-0.136044	-0.056386	
1	-1.416016	0.726389	-0.137932	-0.055523	
1	-1.416016	0.726389	-0.137932	-0.055523	
1	-1.464844	0.685923	-0.149959	-0.050272	
1	-1.464844	0.685923	-0.149959	-0.050272	
1	-1.467485	0.683594	-0.150618	-0.049997	
1	-1.467485	0.683594	-0.150618	-0.049997	
1	-1.513672	0.641087	-0.162399	-0.045290	
1	-1.513672	0.641087	-0.162399	-0.045290	
1	-1.520148	0.634766	-0.164079	-0.044652	
1	-1.520148	0.634766	-0.164079	-0.044652	
1	-1.562500	0.591369	-0.175306	-0.040594	
1	-1.562500	0.591369	-0.175306	-0.040594	
1	-1.567511	0.585938	-0.176655	-0.040131	
1	-1.567511	0.585938	-0.176655	-0.040131	
1	-1.610148	0.537109	-0.188370	-0.036329	
1	-1.610148	0.537109	-0.188370	-0.036329	
1	-1.611328	0.535675	-0.188699	-0.036228	
1	-1.611328	0.535675	-0.188699	-0.036228	
1	-1.648222	0.488281	-0.199111	-0.033191	
1	-1.648222	0.488281	-0.199111	-0.033191	
1	-1.660156	0.471869	-0.202549	-0.032258	
1	-1.660156	0.471869	-0.202549	-0.032258	
1	-1.682556	0.439453	-0.209106	-0.030577	
1	-1.682556	0.439453	-0.209106	-0.030577	
1	-1.708984	0.398123	-0.217033	-0.028718	
1	-1.708984	0.398123	-0.217033	-0.028718	
1	-1.713560	0.390625	-0.218434	-0.028410	
1	-1.713560	0.390625	-0.218434	-0.028410	
1	-1.740897	0.341797	-0.226839	-0.026694	
1	-1.740897	0.341797	-0.226839	-0.026694	
1	-1.757812	0.308476	-0.232178	-0.025725	
1	-1.757812	0.308476	-0.232178	-0.025725	
1	-1.765353	0.292969	-0.234620	-0.025315	
1	-1.765353	0.292969	-0.234620	-0.025315	
1	-1.786623	0.244141	-0.241563	-0.024265	
1	-1.786623	0.244141	-0.241563	-0.024265	
1	-1.805346	0.195312	-0.247934	-0.023465	
1	-1.805346	0.195312	-0.247934	-0.023465	
1	-1.806641	0.191408	-0.248370	-0.023416	
1	-1.806641	0.191408	-0.248370	-0.023416	
1	-1.820974	0.146484	-0.253410	-0.022913	
1	-1.820974	0.146484	-0.253410	-0.022913	
1	-1.834052	0.097656	-0.258234	-0.022544	
1	-1.834052	0.097656	-0.258234	-0.022544	
1	-1.844615	0.048828	-0.262395	-0.022325	
1	-1.844615	0.048828	-0.262395	-0.022325	
1	-1.852647	0.000000	-0.265866	-0.022227	
1	-1.852647	0.000000	-0.265866	-0.022227	
1	-1.855469	-0.025115	-0.267208	-0.022212	
1	-1.855469	-0.025115	-0.267208	-0.022212	
1	-1.858049	-0.048828	-0.268578	-0.022214	
1	-1.858049	-0.048828	-0.268578	-0.022214	
1	-1.860876	-0.097656	-0.270553	-0.022251	
1	-1.860876	-0.097656	-0.270553	-0.022251	
1	-1.861200	-0.146484	-0.271825	-0.022304	
1	-1.861200	-0.146484	-0.271825	-0.022304	
1	-1.858999	-0.195312	-0.272386	-0.022339	
1	-1.858999	-0.195312	-0.272386	-0.022339	
1	-1.855469	-0.231617	-0.272215	-0.022322	
1	-1.855469	-0.231617	-0.272215	-0.022322	
1	-1.854207	-0.244141	-0.272212	-0.022321	
1	-1.854207	-0.244141	-0.272212	-0.022321	
1	-1.846640	-0.292969	-0.271222	-0.022204	
1	-1.846640	-0.292969	-0.271222	-0.022204	
1	-1.836380	-0.341797	-0.269484	-0.021957	
1	-1.836380	-0.341797	-0.269484	-0.021957	
1	-1.823395	-0.390625	-0.267010	-0.021544	
1	-1.823395	-0.390625	-0.267010	-0.021544	
1	-1.807646	-0.439453	-0.263818	-0.020931	
1	-1.807646	-0.439453	-0.263818	-0.020931	
1	-1.806641	-0.442116	-0.263591	-0.020884	
1	-1.806641	-0.442116	-0.263591	-0.020884	
1	-1.788449	-0.488281	-0.259619	-0.020014	
1	-1.788449	-0.488281	-0.259619	-0.020014	
1	-1.766280	-0.537109	-0.254707	-0.018805	
1	-1.766280	-0.537109	-0.254707	-0.018805	
1	-1.757812	-0.553634	-0.252756	-0.018289	
1	-1.757812	-0.553634	-0.252756	-0.018289	
1	-1.740445	-0.585938	-0.248821	-0.017190	
1	-1.740445	-0.585938	-0.248821	-0.017190	
1	-1.711142	-0.634766	-0.242144	-0.015158	
1	-1.711142	-0.634766	-0.242144	-0.015158	
1	-1.708984	-0.638037	-0.241639	-0.014996	
1	-1.708984	-0.638037	-0.241639	-0.014996	
1	-1.677308	-0.683594	-0.234302	-0.012525	
1	-1.677308	-0.683594	-0.234302	-0.012525	
1	-1.660156	-0.706193	-0.230337	-0.011097	
1	-1.660156	-0.706193	-0.230337	-0.011097	
1	-1.639075	-0.732422	-0.225499	-0.009272	
1	-1.639075	-0.732422	-0.225499	-0.009272	
1	-1.611328	-0.764370	-0.219148	-0.006738	
1	-1.611328	-0.764370	-0.219148	-0.006738	
1	-1.595733	-0.781250	-0.215601	-0.005256	
1	-1.595733	-0.781250	-0.215601	-0.005256	
1	-1.562500	-0.814834	-0.208080	-0.001961	
1	-1.562500	-0.814834	-0.208080	-0.001961	
1	-1.546387	-0.830078	-0.204460	-0.000301	
1	-1.546387	-0.830078	-0.204460	-0.000301	
1	-1.513672	-0.859198	-0.197174	0.003187	
1	-1.513672	-0.859198	-0.197174	0.003187	
1	-1.489929	-0.878906	-0.191939	0.005812	
1	-1.489929	-0.878906	-0.191939	0.005812	
1	-1.464844	-0.898631	-0.186477	0.008659	
1	-1.464844	-0.898631	-0.186477	0.008659	
1	-1.425019	-0.927734	-0.177936	0.013331	
1	-1.425019	-0.927734	-0.177936	0.013331	
1	-1.416016	-0.934004	-0.176037	0.014407	
1	-1.416016	-0.934004	-0.176037	0.014407	
1	-1.367188	-0.965495	-0.165798	0.020443	
1	-1.367188	-0.965495	-0.165798	0.020443	
1	-1.348563	-0.976562	-0.161947	0.022819	
1	-1.348563	-0.976562	-0.161947	0.022819	
1	-1.318359	-0.993781	-0.155828	0.026715	
1	-1.318359	-0.993781	-0.155828	0.026715	
1	-1.269531	-1.019349	-0.146171	0.033172	
1	-1.269531	-1.019349	-0.146171	0.033172	
1	-1.256868	-1.025391	-0.143684	0.034900	
1	-1.256868	-1.025391	-0.143684	0.034900	
1	-1.220703	-1.042030	-0.136755	0.039853	
1	-1.220703	-1.042030	-0.136755	0.039853	
1	-1.171875	-1.062449	-0.127673	0.046677	
1	-1.171875	-1.062449	-0.127673	0.046677	
1	-1.140673	-1.074219	-0.122014	0.051128	
1	-1.140673	-1.074219	-0.122014	0.051128	
1	-1.123047	-1.080655	-0.118911	0.053637	
