#REFERENCE 3 154.2861480 39.0496310
1	-0.048828	-0.795110	-0.015205	0.220068	
1	0.000000	-0.801272	-0.019013	0.220915	
1	0.000000	-0.801272	-0.019013	0.220915	
1	0.048828	-0.800788	-0.022587	0.221099	
1	0.048828	-0.800788	-0.022587	0.221099	
1	0.097656	-0.793194	-0.026106	0.220649	
1	0.097656	-0.793194	-0.026106	0.220649	
1	0.134333	-0.781250	-0.028860	0.219841	
1	0.134333	-0.781250	-0.028860	0.219841	
1	0.146484	-0.778266	-0.029755	0.219492	
1	0.146484	-0.778266	-0.029755	0.219492	
1	0.195312	-0.759457	-0.033567	0.217532	
1	0.195312	-0.759457	-0.033567	0.217532	
1	0.240812	-0.732422	-0.037591	0.214661	
1	0.240812	-0.732422	-0.037591	0.214661	
1	0.244141	-0.730773	-0.037874	0.214429	
1	0.244141	-0.730773	-0.037874	0.214429	
1	0.292969	-0.698559	-0.042486	0.210085	
1	0.292969	-0.698559	-0.042486	0.210085	
1	0.309974	-0.683594	-0.044340	0.208047	
1	0.309974	-0.683594	-0.044340	0.208047	
1	0.341797	-0.658430	-0.047661	0.203967	
1	0.341797	-0.658430	-0.047661	0.203967	
1	0.365359	-0.634766	-0.050472	0.200080	
1	0.365359	-0.634766	-0.050472	0.200080	
1	0.390625	-0.610661	-0.053396	0.195592	
1	0.390625	-0.610661	-0.053396	0.195592	
1	0.411963	-0.585938	-0.056171	0.190893	
1	0.411963	-0.585938	-0.056171	0.190893	
1	0.439453	-0.554155	-0.059697	0.184251	
1	0.439453	-0.554155	-0.059697	0.184251	
1	0.452063	-0.537109	-0.061475	0.180590	
1	0.452063	-0.537109	-0.061475	0.180590	
1	0.486807	-0.488281	-0.066370	0.169270	
1	0.486807	-0.488281	-0.066370	0.169270	
1	0.488281	-0.486150	-0.066576	0.168749	
1	0.488281	-0.486150	-0.066576	0.168749	
1	0.517207	-0.439453	-0.070839	0.157001	
1	0.517207	-0.439453	-0.070839	0.157001	
1	0.537109	-0.403209	-0.073860	0.147340	
1	0.537109	-0.403209	-0.073860	0.147340	
1	0.543491	-0.390625	-0.074846	0.143884	
1	0.543491	-0.390625	-0.074846	0.143884	
1	0.566313	-0.341797	-0.078364	0.129976	
1	0.566313	-0.341797	-0.078364	0.129976	
1	0.585434	-0.292969	-0.081358	0.115383	
1	0.585434	-0.292969	-0.081358	0.115383	
1	0.585938	-0.291513	-0.081439	0.114939	
1	0.585938	-0.291513	-0.081439	0.114939	
1	0.601872	-0.244141	-0.083809	0.100135	
1	0.601872	-0.244141	-0.083809	0.100135	
1	0.615033	-0.195312	-0.085683	0.084345	
1	0.615033	-0.195312	-0.085683	0.084345	
1	0.625116	-0.146484	-0.086960	0.068077	
1	0.625116	-0.146484	-0.086960	0.068077	
1	0.632284	-0.097656	-0.087621	0.051399	
1	0.632284	-0.097656	-0.087621	0.051399	
1	0.634766	-0.070178	-0.087716	0.041862	
1	0.634766	-0.070178	-0.087716	0.041862	
1	0.636761	-0.048828	-0.087650	0.034388	
1	0.636761	-0.048828	-0.087650	0.034388	
1	0.638466	0.000000	-0.087032	0.017123	
1	0.638466	0.000000	-0.087032	0.017123	
1	0.637259	0.048828	-0.085757	-0.000318	
1	0.637259	0.048828	-0.085757	-0.000318	
1	0.634766	0.078229	-0.084668	-0.010888	
1	0.634766	0.078229	-0.084668	-0.010888	
1	0.633191	0.097656	-0.083819	-0.017856	
1	0.633191	0.097656	-0.083819	-0.017856	
1	0.626368	0.146484	-0.081216	-0.035398	
1	0.626368	0.146484	-0.081216	-0.035398	
1	0.616509	0.195312	-0.077947	-0.052868	
1	0.616509	0.195312	-0.077947	-0.052868	
1	0.603418	0.244141	-0.074015	-0.070186	
1	0.603418	0.244141	-0.074015	-0.070186	
1	0.586858	0.292969	-0.069423	-0.087272	
1	0.586858	0.292969	-0.069423	-0.087272	
1	0.585938	0.295334	-0.069183	-0.088095	
1	0.585938	0.295334	-0.069183	-0.088095	
1	0.567186	0.341797	-0.064197	-0.103984	
1	0.567186	0.341797	-0.064197	-0.103984	
1	0.543585	0.390625	-0.058338	-0.120272	
1	0.543585	0.390625	-0.058338	-0.120272	
1	0.537109	0.402782	-0.056784	-0.124244	
1	0.537109	0.402782	-0.056784	-0.124244	
1	0.515973	0.439453	-0.051872	-0.136007	
1	0.515973	0.439453	-0.051872	-0.136007	
1	0.488281	0.482144	-0.045745	-0.149213	
1	0.488281	0.482144	-0.045745	-0.149213	
1	0.483835	0.488281	-0.044819	-0.151083	
1	0.483835	0.488281	-0.044819	-0.151083	
1	0.446569	0.537109	-0.037206	-0.165375	
1	0.446569	0.537109	-0.037206	-0.165375	
1	0.439453	0.546176	-0.035760	-0.167885	
1	0.439453	0.546176	-0.035760	-0.167885	
1	0.403120	0.585938	-0.029045	-0.178763	
1	0.403120	0.585938	-0.029045	-0.178763	
1	0.390625	0.599665	-0.026725	-0.182238	
1	0.390625	0.599665	-0.026725	-0.182238	
1	0.352186	0.634766	-0.020355	-0.191077	
1	0.352186	0.634766	-0.020355	-0.191077	
1	0.341797	0.644765	-0.018598	-0.193338	
1	0.341797	0.644765	-0.018598	-0.193338	
1	0.292969	0.682615	-0.011335	-0.201891	
1	0.292969	0.682615	-0.011335	-0.201891	
1	0.291386	0.683594	-0.011125	-0.202120	
1	0.291386	0.683594	-0.011125	-0.202120	
1	0.244141	0.716506	-0.004675	-0.208605	
1	0.244141	0.716506	-0.004675	-0.208605	
1	0.213469	0.732422	-0.001045	-0.211794	
1	0.213469	0.732422	-0.001045	-0.211794	
1	0.195312	0.743765	0.001175	-0.213571	
1	0.195312	0.743765	0.001175	-0.213571	
1	0.146484	0.766344	0.006412	-0.217215	
1	0.146484	0.766344	0.006412	-0.217215	
1	0.099121	0.781250	0.010863	-0.219646	
1	0.099121	0.781250	0.010863	-0.219646	
1	0.097656	0.781869	0.011003	-0.219711	
1	0.097656	0.781869	0.011003	-0.219711	
1	0.048828	0.795078	0.015230	-0.221346	
1	0.048828	0.795078	0.015230	-0.221346	
1	0.000000	0.801244	0.019038	-0.222193	
1	0.000000	0.801244	0.019038	-0.222193	
1	-0.048828	0.800762	0.022612	-0.222378	
1	-0.048828	0.800762	0.022612	-0.222378	
1	-0.097656	0.793168	0.026131	-0.221927	
1	-0.097656	0.793168	0.026131	-0.221927	
1	-0.134256	0.781250	0.028879	-0.221122	
1	-0.134256	0.781250	0.028879	-0.221122	
1	-0.146484	0.778247	0.029780	-0.220771	
1	-0.146484	0.778247	0.029780	-0.220771	
1	-0.195312	0.759437	0.033592	-0.218811	
1	-0.195312	0.759437	0.033592	-0.218811	
1	-0.240778	0.732422	0.037613	-0.215943	
1	-0.240778	0.732422	0.037613	-0.215943	
1	-0.244141	0.730756	0.037899	-0.215708	
1	-0.244141	0.730756	0.037899	-0.215708	
1	-0.292969	0.698540	0.042510	-0.211365	
1	-0.292969	0.698540	0.042510	-0.211365	
1	-0.309952	0.683594	0.044361	-0.209329	
1	-0.309952	0.683594	0.044361	-0.209329	
1	-0.341797	0.658412	0.047685	-0.205247	
1	-0.341797	0.658412	0.047685	-0.205247	
1	-0.365341	0.634766	0.050494	-0.201363	
1	-0.365341	0.634766	0.050494	-0.201363	
1	-0.390625	0.610643	0.053420	-0.196872	
1	-0.390625	0.610643	0.053420	-0.196872	
1	-0.411947	0.585938	0.056193	-0.192176	
1	-0.411947	0.585938	0.056193	-0.192176	
1	-0.439453	0.554137	0.059721	-0.185530	
1	-0.439453	0.554137	0.059721	-0.185530	
1	-0.452049	0.537109	0.061497	-0.181874	
1	-0.452049	0.537109	0.061497	-0.181874	
1	-0.486795	0.488281	0.066392	-0.170554	
1	-0.486795	0.488281	0.066392	-0.170554	
1	-0.488281	0.486133	0.066599	-0.170029	
1	-0.488281	0.486133	0.066599	-0.170029	
1	-0.517196	0.439453	0.070861	-0.158285	
1	-0.517196	0.439453	0.070861	-0.158285	
1	-0.537109	0.403191	0.073883	-0.148619	
1	-0.537109	0.403191	0.073883	-0.148619	
1	-0.543482	0.390625	0.074868	-0.145168	
1	-0.543482	0.390625	0.074868	-0.145168	
1	-0.566305	0.341797	0.078387	-0.131261	
1	-0.566305	0.341797	0.078387	-0.131261	
1	-0.585428	0.292969	0.081381	-0.116668	
1	-0.585428	0.292969	0.081381	-0.116668	
1	-0.585938	0.291496	0.081463	-0.116218	
1	-0.585938	0.291496	0.081463	-0.116218	
1	-0.601867	0.244141	0.083832	-0.101420	
1	-0.601867	0.244141	0.083832	-0.101420	
1	-0.615029	0.195312	0.085706	-0.085630	
1	-0.615029	0.195312	0.085706	-0.085630	
1	-0.625114	0.146484	0.086983	-0.069361	
1	-0.625114	0.146484	0.086983	-0.069361	
1	-0.632284	0.097656	0.087645	-0.052684	
1	-0.632284	0.097656	0.087645	-0.052684	
1	-0.634766	0.070180	0.087740	-0.043147	
1	-0.634766	0.070180	0.087740	-0.043147	
1	-0.636761	0.048828	0.087673	-0.035672	
1	-0.636761	0.048828	0.087673	-0.035672	
1	-0.638468	0.000000	0.087056	-0.018408	
1	-0.638468	0.000000	0.087056	-0.018408	
1	-0.637263	-0.048828	0.085781	-0.000966	
1	-0.637263	-0.048828	0.085781	-0.000966	
1	-0.634766	-0.078290	0.084690	0.009626	
1	-0.634766	-0.078290	0.084690	0.009626	
1	-0.633196	-0.097656	0.083844	0.016572	
1	-0.633196	-0.097656	0.083844	0.016572	
1	-0.626376	-0.146484	0.081241	0.034114	
1	-0.626376	-0.146484	0.081241	0.034114	
1	-0.616518	-0.195312	0.077972	0.051584	
1	-0.616518	-0.195312	0.077972	0.051584	
1	-0.603430	-0.244141	0.074040	0.068901	
1	-0.603430	-0.244141	0.074040	0.068901	
1	-0.586872	-0.292969	0.069449	0.085988	
1	-0.586872	-0.292969	0.069449	0.085988	
1	-0.585938	-0.295371	0.069205	0.086824	
1	-0.585938	-0.295371	0.069205	0.086824	
1	-0.567202	-0.341797	0.064223	0.102700	
1	-0.567202	-0.341797	0.064223	0.102700	
1	-0.543604	-0.390625	0.058365	0.118987	
1	-0.543604	-0.390625	0.058365	0.118987	
1	-0.537109	-0.402819	0.056806	0.122972	
1	-0.537109	-0.402819	0.056806	0.122972	
1	-0.515996	-0.439453	0.051899	0.134723	
1	-0.515996	-0.439453	0.051899	0.134723	
1	-0.488281	-0.482180	0.045767	0.147940	
1	-0.488281	-0.482180	0.045767	0.147940	
1	-0.483861	-0.488281	0.044847	0.149799	
1	-0.483861	-0.488281	0.044847	0.149799	
1	-0.446598	-0.537109	0.037234	0.164091	
1	-0.446598	-0.537109	0.037234	0.164091	
1	-0.439453	-0.546214	0.035783	0.166611	
1	-0.439453	-0.546214	0.035783	0.166611	
1	-0.403154	-0.585938	0.029074	0.177479	
1	-0.403154	-0.585938	0.029074	0.177479	
1	-0.390625	-0.599703	0.026748	0.180964	
1	-0.390625	-0.599703	0.026748	0.180964	
1	-0.352226	-0.634766	0.020385	0.189793	
1	-0.352226	-0.634766	0.020385	0.189793	
1	-0.341797	-0.644803	0.018621	0.192063	
1	-0.341797	-0.644803	0.018621	0.192063	
1	-0.292969	-0.682647	0.011359	0.200615	
1	-0.292969	-0.682647	0.011359	0.200615	
1	-0.291438	-0.683594	0.011156	0.200836	
1	-0.291438	-0.683594	0.011156	0.200836	
1	-0.244141	-0.716540	0.004698	0.207328	
1	-0.244141	-0.716540	0.004698	0.207328	
1	-0.213531	-0.732422	0.001076	0.210511	
1	-0.213531	-0.732422	0.001076	0.210511	
1	-0.195312	-0.743802	-0.001151	0.212295	
1	-0.195312	-0.743802	-0.001151	0.212295	
1	-0.146484	-0.766375	-0.006387	0.215937	
1	-0.146484	-0.766375	-0.006387	0.215937	
1	-0.099210	-0.781250	-0.010830	0.218364	
1	-0.099210	-0.781250	-0.010830	0.218364	
1	-0.097656	-0.781907	-0.010978	0.218433	
1	-0.097656	-0.781907	-0.010978	0.218433	
1	-0.048828	-0.795110	-0.015205	0.220068	
