#REFERENCE 0 154.2861480 39.0496310
5.1 154.2861639 39.0490912 0.055314 0.022334 174.00938 4.5000 1.46 
5.1 154.2860727 39.0497360 0.077580 0.039133 15.14150 4.5000 0.49 
5.1 154.2858917 39.0498090 0.069013 0.068986 34.26395 4.5000 0.00 
5.2 154.2866643 39.0495969 0.290007 0.027470 99.20976 4.5000 -0.38 
5.2 154.2863935 39.0500490 0.208227 0.028735 41.68703 4.5000 -0.07 
5.2 154.2863008 39.0491745 0.075005 0.075001 136.88856 4.5000 -0.00 
6.1 154.2866536 39.0496048 0.148938 0.022353 92.04187 4.5000 0.23 
6.1 154.2863661 39.0500548 0.081071 0.032017 40.91560 4.5000 0.50 
6.1 154.2862694 39.0491689 0.072795 0.032343 150.63849 4.5000 0.60 
6.1 154.2860118 39.0496471 0.068550 0.043706 9.00248 4.5000 0.34 
6.1 154.2858334 39.0496640 0.064009 0.063997 23.98381 4.5000 -0.00 
6.2 154.2866402 39.0496922 0.354602 0.034150 82.30700 4.5000 -0.72 
6.2 154.2863824 39.0500226 0.261669 0.042872 42.57902 4.5000 -0.64 
6.2 154.2860214 39.0496717 0.151585 0.062190 38.33238 4.5000 -0.45 
6.2 154.2858377 39.0497017 0.170617 0.076804 147.42593 4.5000 -0.81 
6.2 154.2862413 39.0491440 0.079005 0.079001 145.48178 4.5000 -0.00 
7.1 154.2864089 39.0491753 0.489957 0.017597 158.69153 4.5000 1.13 
7.1 154.2865781 39.0499338 0.593760 0.035688 39.48118 4.5000 0.15 
7.1 154.2867013 39.0497137 0.156002 0.155988 4.60987 4.5000 0.00 
7.2 154.2866827 39.0497672 1.742948 0.038822 74.22071 4.5000 -1.68 
7.2 154.2866054 39.0498982 1.677142 0.037573 57.23962 4.5000 -1.60 
7.2 154.2864001 39.0491671 0.119999 0.119998 55.97468 4.5000 0.00 
