#REFERENCE 3 328.4033970 17.6954390
2.2 5.929 0.767 0.041 0.017 12.96 1.036 4.23 2.623 -18.890 2.04 2.20
2.2 5.929 0.767 0.041 0.017 12.96 1.036 4.23 -13.263 -3.579 2.66 1.57
2.2 5.929 0.767 0.041 0.017 12.96 1.036 4.23 -16.248 9.674 2.72 1.51
2.1 5.959 0.768 0.081 0.035 170.88 1.036 2.74 -13.256 -3.485 2.66 0.09
2.1 5.959 0.768 0.081 0.035 170.88 1.036 2.74 2.710 -18.896 2.05 0.70
2.1 5.959 0.768 0.081 0.035 170.88 1.036 2.74 -16.177 9.696 2.74 0.00
1.2 6.028 0.764 0.054 0.018 176.93 1.036 3.81 2.915 -18.923 2.08 1.73
1.2 6.028 0.764 0.054 0.018 176.93 1.036 3.81 -13.258 -3.243 2.65 1.16
1.2 6.028 0.764 0.054 0.018 176.93 1.036 3.81 -16.007 9.709 2.83 0.98
1.1 5.775 0.750 0.089 0.033 173.92 1.036 2.65 -13.293 -4.055 2.69 -0.04
1.1 5.775 0.750 0.089 0.033 173.92 1.036 2.65 2.190 -18.869 2.01 0.64
1.1 5.775 0.750 0.089 0.033 173.92 1.036 2.65 -16.596 9.517 2.65 0.00
7.2 31.216 16.919 0.092 0.085 108.25 4.050 0.63 38.977 28.283 3.38 -2.75
7.2 31.216 16.919 0.092 0.085 108.25 4.050 0.63 49.875 8.445 2.49 -1.86
7.2 31.216 16.919 0.092 0.085 108.25 4.050 0.63 46.268 13.140 1.13 -0.51
7.1 31.279 16.880 0.104 0.072 28.32 4.050 1.06 39.613 27.477 3.37 -2.32
7.1 31.279 16.880 0.104 0.072 28.32 4.050 1.06 50.074 8.198 2.45 -1.39
7.1 31.279 16.880 0.104 0.072 28.32 4.050 1.06 46.247 13.278 1.06 -0.00
6.2 31.323 16.747 0.095 0.093 115.74 4.050 0.63 40.733 25.791 3.41 -2.78
6.2 31.323 16.747 0.095 0.093 115.74 4.050 0.63 50.313 7.576 2.40 -1.77
6.2 31.323 16.747 0.095 0.093 115.74 4.050 0.63 46.106 13.508 1.04 -0.41
6.1 31.416 16.724 0.096 0.072 22.03 4.050 0.97 41.432 24.946 3.42 -2.45
6.1 31.416 16.724 0.096 0.072 22.03 4.050 0.97 50.546 7.397 2.38 -1.41
6.1 31.416 16.724 0.096 0.072 22.03 4.050 0.97 46.159 13.647 0.97 0.00
5.2 31.527 16.496 0.087 0.080 37.28 4.050 0.87 43.468 21.719 3.44 -2.57
5.2 31.527 16.496 0.087 0.080 37.28 4.050 0.87 50.946 6.340 2.46 -1.60
5.2 31.527 16.496 0.087 0.080 37.28 4.050 0.87 46.065 14.101 1.12 -0.25
5.1 31.609 16.489 0.076 0.062 12.09 4.050 1.08 43.927 21.172 3.42 -2.34
5.1 31.609 16.489 0.076 0.062 12.09 4.050 1.08 51.124 6.267 2.48 -1.41
5.1 31.609 16.489 0.076 0.062 12.09 4.050 1.08 46.165 14.174 1.08 0.00
4.2 31.604 16.336 0.084 0.077 44.58 4.050 1.08 51.207 4.981 10.08 -9.01
4.2 31.604 16.336 0.084 0.077 44.58 4.050 1.08 44.704 19.571 3.42 -2.34
4.1 31.662 16.323 0.087 0.067 5.80 4.050 1.40 45.023 19.162 3.41 -2.01
4.1 31.662 16.323 0.087 0.067 5.80 4.050 1.40 52.180 3.407 2.51 -1.11
8.2 29.184 15.329 0.050 0.019 60.55 4.500 2.62 36.790 24.779 3.99 -1.36
8.2 29.184 15.329 0.050 0.019 60.55 4.500 2.62 41.684 15.772 3.29 -0.67
8.2 29.184 15.329 0.050 0.019 60.55 4.500 2.62 48.010 2.592 2.41 0.22
8.1 29.034 15.124 0.047 0.009 44.04 4.500 3.45 39.980 18.897 5.14 -1.69
8.1 29.034 15.124 0.047 0.009 44.04 4.500 3.45 48.008 1.811 2.31 1.14
