#REFERENCE 3 208.5378280 77.2659780
1	0.000000	-3.192671	1.707649	1.538995	
1	-0.014009	-3.173828	1.705480	1.548737	
1	-0.014009	-3.173828	1.705480	1.548737	
1	0.000000	-3.192671	1.707649	1.538995	
1	0.021858	-3.222656	1.711194	1.523334	
1	0.021858	-3.222656	1.711194	1.523334	
1	0.048828	-3.258634	1.715632	1.504141	
1	0.048828	-3.258634	1.715632	1.504141	
1	0.058289	-3.271484	1.717258	1.497219	
1	0.058289	-3.271484	1.717258	1.497219	
1	0.095211	-3.320312	1.723679	1.470407	
1	0.095211	-3.320312	1.723679	1.470407	
1	0.097656	-3.323472	1.724108	1.468644	
1	0.097656	-3.323472	1.724108	1.468644	
1	0.132456	-3.369141	1.730463	1.442924	
1	0.132456	-3.369141	1.730463	1.442924	
1	0.146484	-3.387099	1.733059	1.432618	
1	0.146484	-3.387099	1.733059	1.432618	
1	0.170259	-3.417969	1.737627	1.414749	
1	0.170259	-3.417969	1.737627	1.414749	
1	0.195312	-3.449724	1.742501	1.396036	
1	0.195312	-3.449724	1.742501	1.396036	
1	0.208611	-3.466797	1.745181	1.385890	
1	0.208611	-3.466797	1.745181	1.385890	
1	0.244141	-3.511359	1.752426	1.358954	
1	0.244141	-3.511359	1.752426	1.358954	
1	0.247503	-3.515625	1.753135	1.356354	
1	0.247503	-3.515625	1.753135	1.356354	
1	0.286795	-3.564453	1.761493	1.326165	
1	0.286795	-3.564453	1.761493	1.326165	
1	0.292969	-3.571973	1.762821	1.321445	
1	0.292969	-3.571973	1.762821	1.321445	
1	0.326560	-3.613281	1.770268	1.295320	
1	0.326560	-3.613281	1.770268	1.295320	
1	0.341797	-3.631639	1.773684	1.283530	
1	0.341797	-3.631639	1.773684	1.283530	
1	0.366873	-3.662109	1.779472	1.263815	
1	0.366873	-3.662109	1.779472	1.263815	
1	0.390625	-3.690409	1.785013	1.245234	
1	0.390625	-3.690409	1.785013	1.245234	
1	0.407729	-3.710938	1.789114	1.231655	
1	0.407729	-3.710938	1.789114	1.231655	
1	0.439453	-3.748302	1.796800	1.206591	
1	0.439453	-3.748302	1.796800	1.206591	
1	0.449126	-3.759766	1.799205	1.198847	
1	0.449126	-3.759766	1.799205	1.198847	
1	0.488281	-3.805342	1.809039	1.167637	
1	0.488281	-3.805342	1.809039	1.167637	
1	0.491061	-3.808594	1.809754	1.165394	
1	0.491061	-3.808594	1.809754	1.165394	
1	0.533467	-3.857422	1.820767	1.131316	
1	0.533467	-3.857422	1.820767	1.131316	
1	0.537109	-3.861553	1.821722	1.128398	
1	0.537109	-3.861553	1.821722	1.128398	
1	0.576375	-3.906250	1.832254	1.096611	
1	0.576375	-3.906250	1.832254	1.096611	
1	0.585938	-3.916968	1.834844	1.088896	
1	0.585938	-3.916968	1.834844	1.088896	
1	0.619842	-3.955078	1.844228	1.061275	
1	0.619842	-3.955078	1.844228	1.061275	
1	0.634766	-3.971608	1.848399	1.049155	
1	0.634766	-3.971608	1.848399	1.049155	
1	0.663869	-4.003906	1.856699	1.025313	
1	0.663869	-4.003906	1.856699	1.025313	
1	0.683594	-4.025493	1.862379	1.009200	
1	0.683594	-4.025493	1.862379	1.009200	
1	0.708459	-4.052734	1.869676	0.988729	
1	0.708459	-4.052734	1.869676	0.988729	
1	0.732422	-4.078643	1.876776	0.969050	
1	0.732422	-4.078643	1.876776	0.969050	
1	0.753616	-4.101562	1.883170	0.951526	
1	0.753616	-4.101562	1.883170	0.951526	
1	0.781250	-4.131076	1.891586	0.928726	
1	0.781250	-4.131076	1.891586	0.928726	
1	0.799345	-4.150391	1.897190	0.913707	
1	0.799345	-4.150391	1.897190	0.913707	
1	0.830078	-4.182812	1.906799	0.888246	
1	0.830078	-4.182812	1.906799	0.888246	
1	0.845653	-4.199219	1.911747	0.875275	
1	0.845653	-4.199219	1.911747	0.875275	
1	0.878906	-4.233866	1.922410	0.847626	
1	0.878906	-4.233866	1.922410	0.847626	
1	0.892546	-4.248047	1.926850	0.836234	
1	0.892546	-4.248047	1.926850	0.836234	
1	0.927734	-4.284257	1.938412	0.806882	
1	0.927734	-4.284257	1.938412	0.806882	
1	0.940032	-4.296875	1.942510	0.796585	
1	0.940032	-4.296875	1.942510	0.796585	
1	0.976562	-4.333998	1.954799	0.766030	
1	0.976562	-4.333998	1.954799	0.766030	
1	0.988122	-4.345703	1.958739	0.756330	
1	0.988122	-4.345703	1.958739	0.756330	
1	1.025391	-4.383106	1.971562	0.725082	
1	1.025391	-4.383106	1.971562	0.725082	
1	1.036824	-4.394531	1.975546	0.715471	
1	1.036824	-4.394531	1.975546	0.715471	
1	1.074219	-4.431592	1.988697	0.684053	
1	1.074219	-4.431592	1.988697	0.684053	
1	1.086151	-4.443359	1.992943	0.674009	
1	1.086151	-4.443359	1.992943	0.674009	
1	1.123047	-4.479470	2.006196	0.642955	
1	1.123047	-4.479470	2.006196	0.642955	
1	1.136113	-4.492188	2.010942	0.631943	
1	1.136113	-4.492188	2.010942	0.631943	
1	1.171875	-4.526752	2.024053	0.601800	
1	1.171875	-4.526752	2.024053	0.601800	
1	1.186724	-4.541016	2.029554	0.589275	
1	1.186724	-4.541016	2.029554	0.589275	
1	1.220703	-4.573448	2.042260	0.560601	
1	1.220703	-4.573448	2.042260	0.560601	
1	1.237998	-4.589844	2.048791	0.546003	
1	1.237998	-4.589844	2.048791	0.546003	
1	1.269531	-4.619567	2.060812	0.519368	
1	1.269531	-4.619567	2.060812	0.519368	
1	1.289949	-4.638672	2.068667	0.502126	
1	1.289949	-4.638672	2.068667	0.502126	
1	1.318359	-4.665119	2.079701	0.478113	
1	1.318359	-4.665119	2.079701	0.478113	
1	1.342592	-4.687500	2.089194	0.457644	
1	1.342592	-4.687500	2.089194	0.457644	
1	1.367188	-4.710112	2.098921	0.436845	
1	1.367188	-4.710112	2.098921	0.436845	
1	1.395945	-4.736328	2.110386	0.412554	
1	1.395945	-4.736328	2.110386	0.412554	
1	1.416016	-4.754552	2.118465	0.395577	
1	1.416016	-4.754552	2.118465	0.395577	
1	1.450025	-4.785156	2.132258	0.366853	
1	1.450025	-4.785156	2.132258	0.366853	
1	1.464844	-4.798445	2.138326	0.354317	
1	1.464844	-4.798445	2.138326	0.354317	
1	1.504849	-4.833984	2.154823	0.320538	
1	1.504849	-4.833984	2.154823	0.320538	
1	1.513672	-4.841799	2.158496	0.313075	
1	1.513672	-4.841799	2.158496	0.313075	
1	1.560438	-4.882812	2.178098	0.273606	
1	1.560438	-4.882812	2.178098	0.273606	
1	1.562500	-4.884617	2.178970	0.271862	
1	1.562500	-4.884617	2.178970	0.271862	
1	1.611328	-4.926958	2.199757	0.230652	
1	1.611328	-4.926958	2.199757	0.230652	
1	1.616784	-4.931641	2.202093	0.226060	
1	1.616784	-4.931641	2.202093	0.226060	
1	1.660156	-4.968801	2.220843	0.189472	
1	1.660156	-4.968801	2.220843	0.189472	
1	1.673930	-4.980469	2.226829	0.177890	
1	1.673930	-4.980469	2.226829	0.177890	
1	1.708984	-5.010128	2.242215	0.148341	
1	1.708984	-5.010128	2.242215	0.148341	
1	1.731908	-5.029297	2.252326	0.129086	
1	1.731908	-5.029297	2.252326	0.129086	
1	1.757812	-5.050942	2.263864	0.107271	
1	1.757812	-5.050942	2.263864	0.107271	
1	1.790744	-5.078125	2.278601	0.079642	
1	1.790744	-5.078125	2.278601	0.079642	
1	1.806641	-5.091244	2.285785	0.066268	
1	1.806641	-5.091244	2.285785	0.066268	
1	1.850461	-5.126953	2.305675	0.029551	
1	1.850461	-5.126953	2.305675	0.029551	
1	1.855469	-5.131035	2.307970	0.025342	
1	1.855469	-5.131035	2.307970	0.025342	
1	1.904297	-5.170384	2.330435	-0.015540	
1	1.904297	-5.170384	2.330435	-0.015540	
1	1.911077	-5.175781	2.333565	-0.021193	
1	1.911077	-5.175781	2.333565	-0.021193	
1	1.953125	-5.209282	2.353170	-0.056364	
1	1.953125	-5.209282	2.353170	-0.056364	
1	1.972631	-5.224609	2.362297	-0.072602	
1	1.972631	-5.224609	2.362297	-0.072602	
1	2.001953	-5.247679	2.376151	-0.097092	
1	2.001953	-5.247679	2.376151	-0.097092	
1	2.035161	-5.273438	2.391893	-0.124689	
1	2.035161	-5.273438	2.391893	-0.124689	
1	2.050781	-5.285575	2.399372	-0.137715	
1	2.050781	-5.285575	2.399372	-0.137715	
1	2.098695	-5.322266	2.422380	-0.177463	
1	2.098695	-5.322266	2.422380	-0.177463	
1	2.099609	-5.322967	2.422823	-0.178225	
1	2.099609	-5.322967	2.422823	-0.178225	
1	2.148438	-5.359998	2.446550	-0.218701	
1	2.148438	-5.359998	2.446550	-0.218701	
1	2.163292	-5.371094	2.453787	-0.230947	
1	2.163292	-5.371094	2.453787	-0.230947	
1	2.197266	-5.396539	2.470501	-0.259059	
1	2.197266	-5.396539	2.470501	-0.259059	
1	2.228978	-5.419922	2.486141	-0.285150	
1	2.228978	-5.419922	2.486141	-0.285150	
1	2.246094	-5.432581	2.494665	-0.299285	
1	2.246094	-5.432581	2.494665	-0.299285	
1	2.294922	-5.468127	2.519037	-0.339377	
1	2.294922	-5.468127	2.519037	-0.339377	
1	2.295789	-5.468750	2.519471	-0.340086	
1	2.295789	-5.468750	2.519471	-0.340086	
1	2.343750	-5.503335	2.543671	-0.379424	
1	2.343750	-5.503335	2.543671	-0.379424	
1	2.363837	-5.517578	2.553826	-0.395798	
1	2.363837	-5.517578	2.553826	-0.395798	
1	2.392578	-5.538041	2.568499	-0.419322	
1	2.392578	-5.538041	2.568499	-0.419322	
1	2.433105	-5.566406	2.589226	-0.452282	
1	2.433105	-5.566406	2.589226	-0.452282	
1	2.441406	-5.572242	2.593514	-0.459061	
1	2.441406	-5.572242	2.593514	-0.459061	
1	2.490234	-5.606052	2.618754	-0.498708	
1	2.490234	-5.606052	2.618754	-0.498708	
1	2.503716	-5.615234	2.625729	-0.509587	
1	2.503716	-5.615234	2.625729	-0.509587	
1	2.539062	-5.639429	2.644197	-0.538231	
1	2.539062	-5.639429	2.644197	-0.538231	
1	2.575707	-5.664062	2.663370	-0.567730	
1	2.575707	-5.664062	2.663370	-0.567730	
1	2.587891	-5.672296	2.669808	-0.577580	
1	2.587891	-5.672296	2.669808	-0.577580	
1	2.636719	-5.704750	2.695620	-0.616808	
1	2.636719	-5.704750	2.695620	-0.616808	
1	2.649177	-5.712891	2.702208	-0.626753	
1	2.649177	-5.712891	2.702208	-0.626753	
1	2.685547	-5.736794	2.721629	-0.655913	
1	2.685547	-5.736794	2.721629	-0.655913	
1	2.724202	-5.761719	2.742294	-0.686690	
1	2.724202	-5.761719	2.742294	-0.686690	
1	2.734375	-5.768319	2.747786	-0.694826	
1	2.734375	-5.768319	2.747786	-0.694826	
1	2.783203	-5.799457	2.774140	-0.733623	
1	2.783203	-5.799457	2.774140	-0.733623	
1	2.800917	-5.810547	2.783703	-0.747601	
1	2.800917	-5.810547	2.783703	-0.747601	
1	2.832031	-5.830154	2.800664	-0.772265	
1	2.832031	-5.830154	2.800664	-0.772265	
1	2.879338	-5.859375	2.826478	-0.809496	
1	2.879338	-5.859375	2.826478	-0.809496	
1	2.880859	-5.860321	2.827316	-0.810699	
1	2.880859	-5.860321	2.827316	-0.810699	
1	2.929688	-5.890173	2.854181	-0.849047	
1	2.929688	-5.890173	2.854181	-0.849047	
1	2.959792	-5.908203	2.870757	-0.872518	
1	2.959792	-5.908203	2.870757	-0.872518	
1	2.978516	-5.919500	2.881167	-0.887184	
1	2.978516	-5.919500	2.881167	-0.887184	
1	3.027344	-5.948388	2.908305	-0.925155	
1	3.027344	-5.948388	2.908305	-0.925155	
1	3.042243	-5.957031	2.916580	-0.936658	
1	3.042243	-5.957031	2.916580	-0.936658	
1	3.076172	-5.976866	2.935605	-0.962977	
1	3.076172	-5.976866	2.935605	-0.962977	
1	3.125000	-6.004807	2.963005	-1.000570	
1	3.125000	-6.004807	2.963005	-1.000570	
1	3.126875	-6.005859	2.964055	-1.002003	
1	3.126875	-6.005859	2.964055	-1.002003	
1	3.173828	-6.032425	2.990596	-1.038059	
1	3.173828	-6.032425	2.990596	-1.038059	
1	3.214061	-6.054688	3.013361	-1.068721	
1	3.214061	-6.054688	3.013361	-1.068721	
1	3.222656	-6.059484	3.018271	-1.075302	
1	3.222656	-6.059484	3.018271	-1.075302	
1	3.271484	-6.086172	3.046108	-1.112410	
1	3.271484	-6.086172	3.046108	-1.112410	
1	3.303935	-6.103516	3.064612	-1.136883	
1	3.303935	-6.103516	3.064612	-1.136883	
1	3.320312	-6.112346	3.074040	-1.149293	
1	3.320312	-6.112346	3.074040	-1.149293	
1	3.369141	-6.138100	3.102105	-1.186007	
1	3.369141	-6.138100	3.102105	-1.186007	
1	3.396772	-6.152344	3.117979	-1.206622	
1	3.396772	-6.152344	3.117979	-1.206622	
1	3.417969	-6.163371	3.130271	-1.222512	
1	3.417969	-6.163371	3.130271	-1.222512	
1	3.466797	-6.188194	3.158550	-1.258826	
1	3.466797	-6.188194	3.158550	-1.258826	
1	3.492940	-6.201172	3.173678	-1.278117	
1	3.492940	-6.201172	3.173678	-1.278117	
1	3.515625	-6.212542	3.186927	-1.294934	
1	3.515625	-6.212542	3.186927	-1.294934	
1	3.564453	-6.236431	3.215406	-1.330843	
1	3.564453	-6.236431	3.215406	-1.330843	
1	3.592883	-6.250000	3.231974	-1.351584	
1	3.592883	-6.250000	3.231974	-1.351584	
1	3.613281	-6.259833	3.243970	-1.366535	
1	3.613281	-6.259833	3.243970	-1.366535	
1	3.662109	-6.282784	3.272633	-1.402029	
1	3.662109	-6.282784	3.272633	-1.402029	
1	3.697135	-6.298828	3.293187	-1.427288	
1	3.697135	-6.298828	3.293187	-1.427288	
1	3.710938	-6.305216	3.301360	-1.437287	
1	3.710938	-6.305216	3.301360	-1.437287	
1	3.759766	-6.327219	3.330190	-1.472357	
1	3.759766	-6.327219	3.330190	-1.472357	
1	3.806346	-6.347656	3.357715	-1.505552	
1	3.806346	-6.347656	3.357715	-1.505552	
1	3.808594	-6.348653	3.359055	-1.507161	
1	3.808594	-6.348653	3.359055	-1.507161	
1	3.857422	-6.369695	3.388035	-1.541796	
1	3.857422	-6.369695	3.388035	-1.541796	
1	3.906250	-6.390159	3.417039	-1.576158	
1	3.906250	-6.390159	3.417039	-1.576158	
1	3.921804	-6.396484	3.426249	-1.587007	
1	3.921804	-6.396484	3.426249	-1.587007	
1	3.955078	-6.410167	3.446123	-1.610315	
1	3.955078	-6.410167	3.446123	-1.610315	
1	4.003906	-6.429649	3.475250	-1.644227	
1	4.003906	-6.429649	3.475250	-1.644227	
1	4.044383	-6.445312	3.499384	-1.672105	
1	4.044383	-6.445312	3.499384	-1.672105	
1	4.052734	-6.448581	3.504407	-1.677881	
1	4.052734	-6.448581	3.504407	-1.677881	
1	4.101562	-6.467057	3.533635	-1.711327	
1	4.101562	-6.467057	3.533635	-1.711327	
1	4.150391	-6.484950	3.562873	-1.744497	
1	4.150391	-6.484950	3.562873	-1.744497	
1	4.176366	-6.494141	3.578386	-1.761982	
1	4.176366	-6.494141	3.578386	-1.761982	
1	4.199219	-6.502321	3.592146	-1.777424	
1	4.199219	-6.502321	3.592146	-1.777424	
1	4.248047	-6.519169	3.621453	-1.810107	
1	4.248047	-6.519169	3.621453	-1.810107	
1	4.296875	-6.535424	3.650757	-1.842509	
1	4.296875	-6.535424	3.650757	-1.842509	
1	4.320463	-6.542969	3.664865	-1.858011	
1	4.320463	-6.542969	3.664865	-1.858011	
1	4.345703	-6.551140	3.680081	-1.874659	
1	4.345703	-6.551140	3.680081	-1.874659	
1	4.394531	-6.566299	3.709417	-1.906548	
1	4.394531	-6.566299	3.709417	-1.906548	
1	4.443359	-6.580848	3.738736	-1.938149	
1	4.443359	-6.580848	3.738736	-1.938149	
1	4.481774	-6.591797	3.761755	-1.962772	
1	4.481774	-6.591797	3.761755	-1.962772	
1	4.492188	-6.594802	3.768043	-1.969470	
1	4.492188	-6.594802	3.768043	-1.969470	
1	4.541016	-6.608191	3.797352	-2.000527	
1	4.541016	-6.608191	3.797352	-2.000527	
1	4.589844	-6.620946	3.826626	-2.031285	
1	4.589844	-6.620946	3.826626	-2.031285	
1	4.638672	-6.633059	3.855862	-2.061743	
1	4.638672	-6.633059	3.855862	-2.061743	
1	4.670987	-6.640625	3.875139	-2.081684	
1	4.670987	-6.640625	3.875139	-2.081684	
1	4.687500	-6.644541	3.885062	-2.091905	
1	4.687500	-6.644541	3.885062	-2.091905	
1	4.736328	-6.655389	3.914223	-2.121773	
1	4.736328	-6.655389	3.914223	-2.121773	
1	4.785156	-6.665557	3.943323	-2.151324	
1	4.785156	-6.665557	3.943323	-2.151324	
1	4.833984	-6.675034	3.972355	-2.180554	
1	4.833984	-6.675034	3.972355	-2.180554	
1	4.882812	-6.683807	4.001310	-2.209459	
1	4.882812	-6.683807	4.001310	-2.209459	
1	4.917151	-6.689453	4.021576	-2.229542	
1	4.917151	-6.689453	4.021576	-2.229542	
1	4.931641	-6.691867	4.030184	-2.238036	
1	4.931641	-6.691867	4.030184	-2.238036	
1	4.980469	-6.699200	4.058969	-2.266281	
1	4.980469	-6.699200	4.058969	-2.266281	
1	5.029297	-6.705772	4.087647	-2.294178	
1	5.029297	-6.705772	4.087647	-2.294178	
1	5.078125	-6.711562	4.116208	-2.321721	
1	5.078125	-6.711562	4.116208	-2.321721	
1	5.126953	-6.716550	4.144641	-2.348901	
1	5.126953	-6.716550	4.144641	-2.348901	
1	5.175781	-6.720712	4.172934	-2.375712	
1	5.175781	-6.720712	4.172934	-2.375712	
1	5.224609	-6.724022	4.201073	-2.402142	
1	5.224609	-6.724022	4.201073	-2.402142	
1	5.273438	-6.726452	4.229046	-2.428183	
1	5.273438	-6.726452	4.229046	-2.428183	
1	5.322266	-6.727971	4.256837	-2.453825	
1	5.322266	-6.727971	4.256837	-2.453825	
1	5.371094	-6.728548	4.284429	-2.479055	
1	5.371094	-6.728548	4.284429	-2.479055	
1	5.419922	-6.728145	4.311806	-2.503861	
1	5.419922	-6.728145	4.311806	-2.503861	
1	5.468750	-6.726725	4.338950	-2.528231	
1	5.468750	-6.726725	4.338950	-2.528231	
1	5.517578	-6.724245	4.365840	-2.552150	
1	5.517578	-6.724245	4.365840	-2.552150	
1	5.566406	-6.720662	4.392455	-2.575604	
1	5.566406	-6.720662	4.392455	-2.575604	
1	5.615234	-6.715927	4.418773	-2.598578	
1	5.615234	-6.715927	4.418773	-2.598578	
1	5.664062	-6.709988	4.444769	-2.621055	
1	5.664062	-6.709988	4.444769	-2.621055	
1	5.712891	-6.702790	4.470419	-2.643018	
1	5.712891	-6.702790	4.470419	-2.643018	
1	5.761719	-6.694273	4.495695	-2.664448	
1	5.761719	-6.694273	4.495695	-2.664448	
1	5.785726	-6.689453	4.507909	-2.674727	
1	5.785726	-6.689453	4.507909	-2.674727	
1	5.810547	-6.684341	4.520551	-2.685312	
1	5.810547	-6.684341	4.520551	-2.685312	
1	5.859375	-6.672907	4.544947	-2.705584	
1	5.859375	-6.672907	4.544947	-2.705584	
1	5.908203	-6.659925	4.568864	-2.725253	
1	5.908203	-6.659925	4.568864	-2.725253	
1	5.957031	-6.645313	4.592266	-2.744296	
1	5.957031	-6.645313	4.592266	-2.744296	
1	5.971264	-6.640625	4.598929	-2.749681	
1	5.971264	-6.640625	4.598929	-2.749681	
1	6.005859	-6.628870	4.615057	-2.762644	
1	6.005859	-6.628870	4.615057	-2.762644	
1	6.054688	-6.610534	4.637212	-2.780285	
1	6.054688	-6.610534	4.637212	-2.780285	
1	6.099854	-6.591797	4.657100	-2.795950	
1	6.099854	-6.591797	4.657100	-2.795950	
1	6.103516	-6.590224	4.658698	-2.797201	
1	6.103516	-6.590224	4.658698	-2.797201	
1	6.152344	-6.567587	4.679343	-2.813270	
1	6.152344	-6.567587	4.679343	-2.813270	
1	6.200657	-6.542969	4.698993	-2.828384	
1	6.200657	-6.542969	4.698993	-2.828384	
1	6.201172	-6.542696	4.699199	-2.828542	
1	6.201172	-6.542696	4.699199	-2.828542	
1	6.250000	-6.515028	4.718009	-2.842833	
1	6.250000	-6.515028	4.718009	-2.842833	
1	6.283961	-6.494141	4.730481	-2.852209	
1	6.283961	-6.494141	4.730481	-2.852209	
1	6.298828	-6.484597	4.735797	-2.856179	
1	6.298828	-6.484597	4.735797	-2.856179	
1	6.347656	-6.450975	4.752363	-2.868447	
1	6.347656	-6.450975	4.752363	-2.868447	
1	6.355378	-6.445312	4.754845	-2.870270	
1	6.355378	-6.445312	4.754845	-2.870270	
1	6.396484	-6.413714	4.767500	-2.879505	
1	6.396484	-6.413714	4.767500	-2.879505	
1	6.417486	-6.396484	4.773536	-2.883870	
1	6.417486	-6.396484	4.773536	-2.883870	
1	6.445312	-6.372477	4.781066	-2.889276	
1	6.445312	-6.372477	4.781066	-2.889276	
1	6.472417	-6.347656	4.787820	-2.894085	
1	6.472417	-6.347656	4.787820	-2.894085	
1	6.494141	-6.326663	4.792785	-2.897593	
1	6.494141	-6.326663	4.792785	-2.897593	
1	6.521410	-6.298828	4.798412	-2.901538	
1	6.521410	-6.298828	4.798412	-2.901538	
1	6.542969	-6.275520	4.802320	-2.904255	
1	6.542969	-6.275520	4.802320	-2.904255	
1	6.565415	-6.250000	4.805872	-2.906707	
1	6.565415	-6.250000	4.805872	-2.906707	
1	6.591797	-6.218105	4.809245	-2.909015	
1	6.591797	-6.218105	4.809245	-2.909015	
1	6.605170	-6.201172	4.810638	-2.909961	
1	6.605170	-6.201172	4.810638	-2.909961	
1	6.640625	-6.153230	4.813031	-2.911573	
1	6.640625	-6.153230	4.813031	-2.911573	
1	6.641253	-6.152344	4.813058	-2.911592	
1	6.641253	-6.152344	4.813058	-2.911592	
1	6.673920	-6.103516	4.813257	-2.911725	
1	6.673920	-6.103516	4.813257	-2.911725	
1	6.689453	-6.078544	4.812591	-2.911288	
1	6.689453	-6.078544	4.812591	-2.911288	
1	6.703745	-6.054688	4.811611	-2.910649	
1	6.703745	-6.054688	4.811611	-2.910649	
1	6.730959	-6.005859	4.808251	-2.908478	
1	6.730959	-6.005859	4.808251	-2.908478	
1	6.738281	-5.991768	4.806921	-2.907625	
1	6.738281	-5.991768	4.806921	-2.907625	
1	6.755746	-5.957031	4.803278	-2.905304	
1	6.755746	-5.957031	4.803278	-2.905304	
1	6.778399	-5.908203	4.796885	-2.901273	
1	6.778399	-5.908203	4.796885	-2.901273	
1	6.787109	-5.887930	4.793753	-2.899315	
1	6.787109	-5.887930	4.793753	-2.899315	
1	6.799029	-5.859375	4.789130	-2.896441	
1	6.799029	-5.859375	4.789130	-2.896441	
1	6.817811	-5.810547	4.780123	-2.890894	
1	6.817811	-5.810547	4.780123	-2.890894	
1	6.834918	-5.761719	4.769979	-2.884719	
1	6.834918	-5.761719	4.769979	-2.884719	
1	6.835938	-5.758568	4.769263	-2.884286	
1	6.835938	-5.758568	4.769263	-2.884286	
1	6.850372	-5.712891	4.758693	-2.877926	
1	6.850372	-5.712891	4.758693	-2.877926	
1	6.864352	-5.664062	4.746392	-2.870605	
1	6.864352	-5.664062	4.746392	-2.870605	
1	6.876940	-5.615234	4.733127	-2.862796	
1	6.876940	-5.615234	4.733127	-2.862796	
1	6.884766	-5.581503	4.723343	-2.857089	
1	6.884766	-5.581503	4.723343	-2.857089	
1	6.888200	-5.566406	4.718933	-2.854531	
1	6.888200	-5.566406	4.718933	-2.854531	
1	6.898197	-5.517578	4.703849	-2.845843	
1	6.898197	-5.517578	4.703849	-2.845843	
1	6.907014	-5.468750	4.687935	-2.836774	
1	6.907014	-5.468750	4.687935	-2.836774	
1	6.914708	-5.419922	4.671223	-2.827351	
1	6.914708	-5.419922	4.671223	-2.827351	
1	6.921331	-5.371094	4.653748	-2.817601	
1	6.921331	-5.371094	4.653748	-2.817601	
1	6.926928	-5.322266	4.635538	-2.807547	
1	6.926928	-5.322266	4.635538	-2.807547	
1	6.931545	-5.273438	4.616623	-2.797212	
1	6.931545	-5.273438	4.616623	-2.797212	
1	6.933594	-5.246390	4.605764	-2.791326	
1	6.933594	-5.246390	4.605764	-2.791326	
1	6.935224	-5.224609	4.597032	-2.786617	
1	6.935224	-5.224609	4.597032	-2.786617	
1	6.938006	-5.175781	4.576789	-2.775783	
1	6.938006	-5.175781	4.576789	-2.775783	
1	6.939922	-5.126953	4.555918	-2.764726	
1	6.939922	-5.126953	4.555918	-2.764726	
1	6.941004	-5.078125	4.534438	-2.753462	
1	6.941004	-5.078125	4.534438	-2.753462	
1	6.941283	-5.029297	4.512369	-2.742008	
1	6.941283	-5.029297	4.512369	-2.742008	
1	6.940784	-4.980469	4.489730	-2.730376	
1	6.940784	-4.980469	4.489730	-2.730376	
1	6.939534	-4.931641	4.466537	-2.718580	
1	6.939534	-4.931641	4.466537	-2.718580	
1	6.937555	-4.882812	4.442806	-2.706633	
1	6.937555	-4.882812	4.442806	-2.706633	
1	6.934869	-4.833984	4.418552	-2.694546	
1	6.934869	-4.833984	4.418552	-2.694546	
1	6.933594	-4.815622	4.409221	-2.689928	
1	6.933594	-4.815622	4.409221	-2.689928	
1	6.931505	-4.785156	4.393797	-2.682334	
1	6.931505	-4.785156	4.393797	-2.682334	
1	6.927484	-4.736328	4.368554	-2.670007	
1	6.927484	-4.736328	4.368554	-2.670007	
1	6.922816	-4.687500	4.342830	-2.657572	
1	6.922816	-4.687500	4.342830	-2.657572	
1	6.917517	-4.638672	4.316636	-2.645038	
1	6.917517	-4.638672	4.316636	-2.645038	
1	6.911603	-4.589844	4.289983	-2.632414	
1	6.911603	-4.589844	4.289983	-2.632414	
1	6.905086	-4.541016	4.262879	-2.619707	
1	6.905086	-4.541016	4.262879	-2.619707	
1	6.897977	-4.492188	4.235331	-2.606924	
1	6.897977	-4.492188	4.235331	-2.606924	
1	6.890288	-4.443359	4.207348	-2.594071	
1	6.890288	-4.443359	4.207348	-2.594071	
1	6.884766	-4.410769	4.188363	-2.585427	
1	6.884766	-4.410769	4.188363	-2.585427	
1	6.882047	-4.394531	4.178953	-2.581164	
1	6.882047	-4.394531	4.178953	-2.581164	
1	6.873288	-4.345703	4.150175	-2.568217	
1	6.873288	-4.345703	4.150175	-2.568217	
1	6.863984	-4.296875	4.120988	-2.555222	
1	6.863984	-4.296875	4.120988	-2.555222	
1	6.854140	-4.248047	4.091394	-2.542182	
1	6.854140	-4.248047	4.091394	-2.542182	
1	6.843763	-4.199219	4.061399	-2.529104	
1	6.843763	-4.199219	4.061399	-2.529104	
1	6.835938	-4.164213	4.039590	-2.519681	
1	6.835938	-4.164213	4.039590	-2.519681	
1	6.832883	-4.150391	4.031027	-2.516001	
1	6.832883	-4.150391	4.031027	-2.516001	
1	6.821549	-4.101562	4.000325	-2.502895	
1	6.821549	-4.101562	4.000325	-2.502895	
1	6.809704	-4.052734	3.969237	-2.489765	
1	6.809704	-4.052734	3.969237	-2.489765	
1	6.797352	-4.003906	3.937766	-2.476615	
1	6.797352	-4.003906	3.937766	-2.476615	
1	6.787109	-3.965029	3.912390	-2.466115	
1	6.787109	-3.965029	3.912390	-2.466115	
1	6.784517	-3.955078	3.905933	-2.463458	
1	6.784517	-3.955078	3.905933	-2.463458	
1	6.771275	-3.906250	3.873811	-2.450324	
1	6.771275	-3.906250	3.873811	-2.450324	
1	6.757540	-3.857422	3.841316	-2.437183	
1	6.757540	-3.857422	3.841316	-2.437183	
1	6.743312	-3.808594	3.808447	-2.424037	
1	6.743312	-3.808594	3.808447	-2.424037	
1	6.738281	-3.791919	3.797078	-2.419524	
1	6.738281	-3.791919	3.797078	-2.419524	
1	6.728683	-3.759766	3.775292	-2.410923	
1	6.728683	-3.759766	3.775292	-2.410923	
1	6.713616	-3.710938	3.741815	-2.397830	
1	6.713616	-3.710938	3.741815	-2.397830	
1	6.698064	-3.662109	3.707971	-2.384743	
1	6.698064	-3.662109	3.707971	-2.384743	
1	6.689453	-3.635899	3.689590	-2.377697	
1	6.689453	-3.635899	3.689590	-2.377697	
1	6.682098	-3.613281	3.673827	-2.371689	
1	6.682098	-3.613281	3.673827	-2.371689	
1	6.665736	-3.564453	3.639402	-2.358679	
1	6.665736	-3.564453	3.639402	-2.358679	
1	6.648893	-3.515625	3.604612	-2.345683	
1	6.648893	-3.515625	3.604612	-2.345683	
1	6.640625	-3.492322	3.587819	-2.339464	
1	6.640625	-3.492322	3.587819	-2.339464	
1	6.631657	-3.466797	3.569542	-2.332736	
1	6.631657	-3.466797	3.569542	-2.332736	
1	6.614026	-3.417969	3.534192	-2.319839	
1	6.614026	-3.417969	3.534192	-2.319839	
1	6.595912	-3.369141	3.498475	-2.306964	
1	6.595912	-3.369141	3.498475	-2.306964	
1	6.591797	-3.358329	3.490478	-2.304102	
1	6.591797	-3.358329	3.490478	-2.304102	
1	6.577463	-3.320312	3.462538	-2.294166	
1	6.577463	-3.320312	3.462538	-2.294166	
1	6.558575	-3.271484	3.426277	-2.281409	
1	6.558575	-3.271484	3.426277	-2.281409	
1	6.542969	-3.232142	3.396757	-2.271140	
1	6.542969	-3.232142	3.396757	-2.271140	
1	6.539240	-3.222656	3.389686	-2.268696	
1	6.539240	-3.222656	3.389686	-2.268696	
1	6.519588	-3.173828	3.352893	-2.256072	
1	6.519588	-3.173828	3.352893	-2.256072	
1	6.499446	-3.125000	3.315728	-2.243481	
1	6.499446	-3.125000	3.315728	-2.243481	
1	6.494141	-3.112425	3.306057	-2.240231	
1	6.494141	-3.112425	3.306057	-2.240231	
1	6.478977	-3.076172	3.278355	-2.230981	
1	6.478977	-3.076172	3.278355	-2.230981	
1	6.458074	-3.027344	3.240665	-2.218539	
1	6.458074	-3.027344	3.240665	-2.218539	
1	6.445312	-2.998198	3.217939	-2.211115	
1	6.445312	-2.998198	3.217939	-2.211115	
1	6.436767	-2.978516	3.202691	-2.206168	
1	6.436767	-2.978516	3.202691	-2.206168	
1	6.415104	-2.929688	3.164483	-2.193885	
1	6.415104	-2.929688	3.164483	-2.193885	
1	6.396484	-2.888655	3.132052	-2.183589	
1	6.396484	-2.888655	3.132052	-2.183589	
1	6.392975	-2.880859	3.125930	-2.181659	
1	6.392975	-2.880859	3.125930	-2.181659	
1	6.370552	-2.832031	3.087207	-2.169546	
1	6.370552	-2.832031	3.087207	-2.169546	
1	6.347656	-2.783289	3.048162	-2.157503	
1	6.347656	-2.783289	3.048162	-2.157503	
1	6.347616	-2.783203	3.048093	-2.157482	
1	6.347616	-2.783203	3.048093	-2.157482	
1	6.324429	-2.734375	3.008858	-2.145550	
1	6.324429	-2.734375	3.008858	-2.145550	
1	6.300721	-2.685547	2.969225	-2.133669	
1	6.300721	-2.685547	2.969225	-2.133669	
1	6.298828	-2.681719	2.966088	-2.132736	
1	6.298828	-2.681719	2.966088	-2.132736	
1	6.276741	-2.636719	2.929453	-2.121920	
1	6.276741	-2.636719	2.929453	-2.121920	
1	6.252254	-2.587891	2.889300	-2.110233	
1	6.252254	-2.587891	2.889300	-2.110233	
1	6.250000	-2.583474	2.885636	-2.109175	
1	6.250000	-2.583474	2.885636	-2.109175	
1	6.227491	-2.539062	2.849010	-2.098682	
1	6.227491	-2.539062	2.849010	-2.098682	
1	6.202214	-2.490234	2.808333	-2.087198	
1	6.202214	-2.490234	2.808333	-2.087198	
1	6.201172	-2.488255	2.806670	-2.086732	
1	6.201172	-2.488255	2.806670	-2.086732	
1	6.176675	-2.441406	2.767538	-2.075859	
1	6.176675	-2.441406	2.767538	-2.075859	
1	6.152344	-2.395835	2.729086	-2.065335	
1	6.152344	-2.395835	2.729086	-2.065335	
1	6.150615	-2.392578	2.726354	-2.064593	
1	6.150615	-2.392578	2.726354	-2.064593	
1	6.124284	-2.343750	2.685046	-2.053475	
1	6.124284	-2.343750	2.685046	-2.053475	
1	6.103516	-2.305997	2.652789	-2.044918	
1	6.103516	-2.305997	2.652789	-2.044918	
1	6.097459	-2.294922	2.643382	-2.042444	
1	6.097459	-2.294922	2.643382	-2.042444	
1	6.070306	-2.246094	2.601540	-2.031551	
1	6.070306	-2.246094	2.601540	-2.031551	
1	6.054688	-2.218518	2.577685	-2.025423	
1	6.054688	-2.218518	2.577685	-2.025423	
1	6.042715	-2.197266	2.559405	-2.020769	
1	6.042715	-2.197266	2.559405	-2.020769	
1	6.014723	-2.148438	2.517020	-2.010111	
1	6.014723	-2.148438	2.517020	-2.010111	
1	6.005859	-2.133229	2.503702	-2.006801	
1	6.005859	-2.133229	2.503702	-2.006801	
1	5.986365	-2.099609	2.474425	-1.999590	
1	5.986365	-2.099609	2.474425	-1.999590	
1	5.957509	-2.050781	2.431485	-1.989175	
1	5.957509	-2.050781	2.431485	-1.989175	
1	5.957031	-2.049984	2.430778	-1.989005	
1	5.957031	-2.049984	2.430778	-1.989005	
1	5.928380	-2.001953	2.388438	-1.978928	
1	5.928380	-2.001953	2.388438	-1.978928	
1	5.908203	-1.968750	2.358882	-1.972004	
1	5.908203	-1.968750	2.358882	-1.972004	
1	5.898750	-1.953125	2.345048	-1.968795	
1	5.898750	-1.953125	2.345048	-1.968795	
1	5.868731	-1.904297	2.301436	-1.958807	
1	5.868731	-1.904297	2.301436	-1.958807	
1	5.859375	-1.889315	2.287941	-1.955756	
1	5.859375	-1.889315	2.287941	-1.955756	
1	5.838322	-1.855469	2.257608	-1.948968	
1	5.838322	-1.855469	2.257608	-1.948968	
1	5.810547	-1.811605	2.217918	-1.940229	
1	5.810547	-1.811605	2.217918	-1.940229	
1	5.807415	-1.806641	2.213449	-1.939255	
1	5.807415	-1.806641	2.213449	-1.939255	
1	5.776180	-1.757812	2.169146	-1.929714	
1	5.776180	-1.757812	2.169146	-1.929714	
1	5.761719	-1.735575	2.148787	-1.925398	
1	5.761719	-1.735575	2.148787	-1.925398	
1	5.744482	-1.708984	2.124558	-1.920316	
1	5.744482	-1.708984	2.124558	-1.920316	
1	5.712891	-1.661077	2.080497	-1.911231	
1	5.712891	-1.661077	2.080497	-1.911231	
1	5.712285	-1.660156	2.079654	-1.911059	
1	5.712285	-1.660156	2.079654	-1.911059	
1	5.679772	-1.611328	2.034631	-1.901986	
1	5.679772	-1.611328	2.034631	-1.901986	
1	5.664062	-1.588120	2.013037	-1.897708	
1	5.664062	-1.588120	2.013037	-1.897708	
1	5.646763	-1.562500	1.989304	-1.893062	
1	5.646763	-1.562500	1.989304	-1.893062	
1	5.615234	-1.516565	1.946363	-1.884804	
1	5.615234	-1.516565	1.946363	-1.884804	
1	5.613253	-1.513672	1.943670	-1.884292	
1	5.613253	-1.513672	1.943670	-1.884292	
1	5.579388	-1.464844	1.897893	-1.875710	
1	5.579388	-1.464844	1.897893	-1.875710	
1	5.566406	-1.446410	1.880463	-1.872499	
1	5.566406	-1.446410	1.880463	-1.872499	
1	5.545037	-1.416016	1.851837	-1.867293	
1	5.545037	-1.416016	1.851837	-1.867293	
1	5.517578	-1.377565	1.815306	-1.860772	
1	5.517578	-1.377565	1.815306	-1.860772	
1	5.510177	-1.367188	1.805484	-1.859042	
1	5.510177	-1.367188	1.805484	-1.859042	
1	5.474875	-1.318359	1.758911	-1.850976	
1	5.474875	-1.318359	1.758911	-1.850976	
1	5.468750	-1.309996	1.750876	-1.849607	
1	5.468750	-1.309996	1.750876	-1.849607	
1	5.439137	-1.269531	1.712132	-1.843098	
1	5.439137	-1.269531	1.712132	-1.843098	
1	5.419922	-1.243661	1.687155	-1.838985	
1	5.419922	-1.243661	1.687155	-1.838985	
1	5.402879	-1.220703	1.665062	-1.835400	
1	5.402879	-1.220703	1.665062	-1.835400	
1	5.371094	-1.178509	1.624124	-1.828890	
1	5.371094	-1.178509	1.624124	-1.828890	
1	5.366097	-1.171875	1.617706	-1.827885	
1	5.366097	-1.171875	1.617706	-1.827885	
1	5.328859	-1.123047	1.570143	-1.820571	
1	5.328859	-1.123047	1.570143	-1.820571	
1	5.322266	-1.114509	1.561768	-1.819308	
1	5.322266	-1.114509	1.561768	-1.819308	
1	5.291138	-1.074219	1.522351	-1.813458	
1	5.291138	-1.074219	1.522351	-1.813458	
1	5.273438	-1.051623	1.500074	-1.810224	
1	5.273438	-1.051623	1.500074	-1.810224	
1	5.252874	-1.025391	1.474276	-1.806542	
1	5.252874	-1.025391	1.474276	-1.806542	
1	5.224609	-0.989820	1.439029	-1.801624	
1	5.224609	-0.989820	1.439029	-1.801624	
1	5.214064	-0.976562	1.425921	-1.799828	
1	5.214064	-0.976562	1.425921	-1.799828	
1	5.175781	-0.929073	1.378620	-1.793496	
1	5.175781	-0.929073	1.378620	-1.793496	
1	5.174701	-0.927734	1.377290	-1.793321	
1	5.174701	-0.927734	1.377290	-1.793321	
1	5.134858	-0.878906	1.328468	-1.787037	
1	5.134858	-0.878906	1.328468	-1.787037	
1	5.126953	-0.869338	1.318836	-1.785827	
1	5.126953	-0.869338	1.318836	-1.785827	
1	5.094451	-0.830078	1.279376	-1.780970	
1	5.094451	-0.830078	1.279376	-1.780970	
1	5.078125	-0.810601	1.259667	-1.778605	
1	5.078125	-0.810601	1.259667	-1.778605	
1	5.053462	-0.781250	1.230005	-1.775123	
1	5.053462	-0.781250	1.230005	-1.775123	
1	5.029297	-0.752838	1.201104	-1.771820	
1	5.029297	-0.752838	1.201104	-1.771820	
1	5.011882	-0.732422	1.180358	-1.769503	
1	5.011882	-0.732422	1.180358	-1.769503	
1	4.980469	-0.696027	1.143139	-1.765460	
1	4.980469	-0.696027	1.143139	-1.765460	
1	4.969702	-0.683594	1.130434	-1.764113	
1	4.969702	-0.683594	1.130434	-1.764113	
1	4.931641	-0.640146	1.085764	-1.759515	
1	4.931641	-0.640146	1.085764	-1.759515	
1	4.926910	-0.634766	1.080234	-1.758961	
1	4.926910	-0.634766	1.080234	-1.758961	
1	4.883500	-0.585938	1.029766	-1.754051	
1	4.883500	-0.585938	1.029766	-1.754051	
1	4.882812	-0.585171	1.028971	-1.753976	
1	4.882812	-0.585171	1.028971	-1.753976	
1	4.839488	-0.537109	0.979058	-1.749391	
1	4.839488	-0.537109	0.979058	-1.749391	
1	4.833984	-0.531068	0.972751	-1.748831	
1	4.833984	-0.531068	0.972751	-1.748831	
1	4.794818	-0.488281	0.928065	-1.744984	
1	4.794818	-0.488281	0.928065	-1.744984	
1	4.785156	-0.477834	0.917100	-1.744073	
1	4.785156	-0.477834	0.917100	-1.744073	
1	4.749473	-0.439453	0.876787	-1.740835	
1	4.749473	-0.439453	0.876787	-1.740835	
1	4.736328	-0.425453	0.862013	-1.739692	
1	4.736328	-0.425453	0.862013	-1.739692	
1	4.703438	-0.390625	0.825221	-1.736950	
1	4.703438	-0.390625	0.825221	-1.736950	
1	4.687500	-0.373908	0.807484	-1.735680	
1	4.687500	-0.373908	0.807484	-1.735680	
1	4.656695	-0.341797	0.773365	-1.733335	
1	4.656695	-0.341797	0.773365	-1.733335	
1	4.638672	-0.323183	0.753508	-1.732028	
1	4.638672	-0.323183	0.753508	-1.732028	
1	4.609222	-0.292969	0.721218	-1.729996	
1	4.609222	-0.292969	0.721218	-1.729996	
1	4.589844	-0.273263	0.700080	-1.728728	
1	4.589844	-0.273263	0.700080	-1.728728	
1	4.561001	-0.244141	0.668776	-1.726940	
1	4.561001	-0.244141	0.668776	-1.726940	
1	4.541016	-0.224133	0.647198	-1.725771	
1	4.541016	-0.224133	0.647198	-1.725771	
1	4.512006	-0.195312	0.616036	-1.724175	
1	4.512006	-0.195312	0.616036	-1.724175	
1	4.492188	-0.175782	0.594856	-1.723151	
1	4.492188	-0.175782	0.594856	-1.723151	
1	4.462215	-0.146484	0.562993	-1.721706	
1	4.462215	-0.146484	0.562993	-1.721706	
1	4.443359	-0.128196	0.543052	-1.720859	
1	4.443359	-0.128196	0.543052	-1.720859	
1	4.411600	-0.097656	0.509644	-1.719541	
1	4.411600	-0.097656	0.509644	-1.719541	
1	4.394531	-0.081363	0.491783	-1.718889	
1	4.394531	-0.081363	0.491783	-1.718889	
1	4.360133	-0.048828	0.455984	-1.717689	
1	4.360133	-0.048828	0.455984	-1.717689	
1	4.345703	-0.035274	0.441045	-1.717232	
1	4.345703	-0.035274	0.441045	-1.717232	
1	4.307783	0.000000	0.402008	-1.716157	
1	4.307783	0.000000	0.402008	-1.716157	
1	4.296875	0.010081	0.390838	-1.715881	
1	4.296875	0.010081	0.390838	-1.715881	
1	4.254518	0.048828	0.347712	-1.714953	
1	4.254518	0.048828	0.347712	-1.714953	
1	4.248047	0.054712	0.341158	-1.714830	
1	4.248047	0.054712	0.341158	-1.714830	
1	4.200303	0.097656	0.293090	-1.714086	
1	4.200303	0.097656	0.293090	-1.714086	
1	4.199219	0.098626	0.292004	-1.714072	
1	4.199219	0.098626	0.292004	-1.714072	
1	4.150391	0.141867	0.243374	-1.713600	
1	4.150391	0.141867	0.243374	-1.713600	
1	4.145116	0.146484	0.238153	-1.713566	
1	4.145116	0.146484	0.238153	-1.713566	
1	4.101562	0.184421	0.195268	-1.713407	
1	4.101562	0.184421	0.195268	-1.713407	
1	4.088903	0.195312	0.182881	-1.713401	
1	4.088903	0.195312	0.182881	-1.713401	
1	4.052734	0.226287	0.147685	-1.713486	
1	4.052734	0.226287	0.147685	-1.713486	
1	4.031616	0.244141	0.127266	-1.713603	
1	4.031616	0.244141	0.127266	-1.713603	
1	4.003906	0.267470	0.100623	-1.713831	
1	4.003906	0.267470	0.100623	-1.713831	
1	3.973208	0.292969	0.071302	-1.714182	
1	3.973208	0.292969	0.071302	-1.714182	
1	3.955078	0.307974	0.054083	-1.714436	
1	3.955078	0.307974	0.054083	-1.714436	
1	3.913633	0.341797	0.014988	-1.715148	
1	3.913633	0.341797	0.014988	-1.715148	
1	3.906250	0.347804	0.008063	-1.715294	
1	3.906250	0.347804	0.008063	-1.715294	
1	3.857422	0.386994	-0.037435	-1.716399	
1	3.857422	0.386994	-0.037435	-1.716399	
1	3.852836	0.390625	-0.041681	-1.716515	
1	3.852836	0.390625	-0.041681	-1.716515	
1	3.808594	0.425577	-0.082409	-1.717743	
1	3.808594	0.425577	-0.082409	-1.717743	
1	3.790750	0.439453	-0.098717	-1.718294	
1	3.790750	0.439453	-0.098717	-1.718294	
1	3.759766	0.463503	-0.126862	-1.719322	
1	3.759766	0.463503	-0.126862	-1.719322	
1	3.727316	0.488281	-0.156118	-1.720498	
1	3.727316	0.488281	-0.156118	-1.720498	
1	3.710938	0.500771	-0.170792	-1.721129	
1	3.710938	0.500771	-0.170792	-1.721129	
1	3.662474	0.537109	-0.213877	-1.723141	
1	3.662474	0.537109	-0.213877	-1.723141	
1	3.662109	0.537383	-0.214199	-1.723157	
1	3.662109	0.537383	-0.214199	-1.723157	
1	3.613281	0.573462	-0.257076	-1.725400	
1	3.613281	0.573462	-0.257076	-1.725400	
1	3.596088	0.585938	-0.272052	-1.726240	
1	3.596088	0.585938	-0.272052	-1.726240	
1	3.564453	0.608896	-0.299427	-1.727852	
1	3.564453	0.608896	-0.299427	-1.727852	
1	3.528134	0.634766	-0.330590	-1.729808	
1	3.528134	0.634766	-0.330590	-1.729808	
1	3.515625	0.643682	-0.341250	-1.730507	
1	3.515625	0.643682	-0.341250	-1.730507	
1	3.466797	0.677876	-0.382542	-1.733358	
1	3.466797	0.677876	-0.382542	-1.733358	
1	3.458486	0.683594	-0.389519	-1.733862	
1	3.458486	0.683594	-0.389519	-1.733862	
1	3.417969	0.711518	-0.423296	-1.736399	
1	3.417969	0.711518	-0.423296	-1.736399	
1	3.387009	0.732422	-0.448866	-1.738423	
1	3.387009	0.732422	-0.448866	-1.738423	
1	3.369141	0.744515	-0.463517	-1.739623	
1	3.369141	0.744515	-0.463517	-1.739623	
1	3.320312	0.776908	-0.503199	-1.743024	
1	3.320312	0.776908	-0.503199	-1.743024	
1	3.313643	0.781250	-0.508581	-1.743503	
1	3.313643	0.781250	-0.508581	-1.743503	
1	3.271484	0.808787	-0.542334	-1.746596	
1	3.271484	0.808787	-0.542334	-1.746596	
1	3.238154	0.830078	-0.568745	-1.749129	
1	3.238154	0.830078	-0.568745	-1.749129	
1	3.222656	0.840018	-0.580927	-1.750332	
1	3.222656	0.840018	-0.580927	-1.750332	
1	3.173828	0.870688	-0.618970	-1.754225	
1	3.173828	0.870688	-0.618970	-1.754225	
1	3.160459	0.878906	-0.629296	-1.755318	
1	3.160459	0.878906	-0.629296	-1.755318	
1	3.125000	0.900818	-0.656456	-1.758269	
1	3.125000	0.900818	-0.656456	-1.758269	
1	3.080392	0.927734	-0.690224	-1.762090	
1	3.080392	0.927734	-0.690224	-1.762090	
1	3.076172	0.930296	-0.693391	-1.762457	
1	3.076172	0.930296	-0.693391	-1.762457	
1	3.027344	0.959309	-0.729754	-1.766781	
1	3.027344	0.959309	-0.729754	-1.766781	
1	2.997583	0.976562	-0.751655	-1.769482	
1	2.997583	0.976562	-0.751655	-1.769482	
1	2.978516	0.987695	-0.765556	-1.771235	
1	2.978516	0.987695	-0.765556	-1.771235	
1	2.929688	1.015531	-0.800785	-1.775812	
1	2.929688	1.015531	-0.800785	-1.775812	
1	2.911959	1.025391	-0.813444	-1.777505	
1	2.911959	1.025391	-0.813444	-1.777505	
1	2.880859	1.042832	-0.835433	-1.780505	
1	2.880859	1.042832	-0.835433	-1.780505	
1	2.832031	1.069522	-0.869503	-1.785306	
1	2.832031	1.069522	-0.869503	-1.785306	
1	2.823213	1.074219	-0.875601	-1.786185	
1	2.823213	1.074219	-0.875601	-1.786185	
1	2.783203	1.095740	-0.902976	-1.790206	
1	2.783203	1.095740	-0.902976	-1.790206	
1	2.734375	1.121310	-0.935863	-1.795200	
1	2.734375	1.121310	-0.935863	-1.795200	
1	2.730966	1.123047	-0.938140	-1.795553	
1	2.730966	1.123047	-0.938140	-1.795553	
1	2.685547	1.146447	-0.968135	-1.800277	
1	2.685547	1.146447	-0.968135	-1.800277	
1	2.636719	1.170921	-0.999810	-1.805433	
1	2.636719	1.170921	-0.999810	-1.805433	
1	2.634758	1.171875	-1.001071	-1.805642	
1	2.634758	1.171875	-1.001071	-1.805642	
1	2.587891	1.194972	-1.030854	-1.810655	
1	2.587891	1.194972	-1.030854	-1.810655	
1	2.539062	1.218372	-1.061286	-1.815938	
1	2.539062	1.218372	-1.061286	-1.815938	
1	2.534041	1.220703	-1.064384	-1.816485	
1	2.534041	1.220703	-1.064384	-1.816485	
1	2.490234	1.241333	-1.091072	-1.821270	
1	2.490234	1.241333	-1.091072	-1.821270	
1	2.441406	1.263675	-1.120227	-1.826645	
1	2.441406	1.263675	-1.120227	-1.826645	
1	2.428176	1.269531	-1.128027	-1.828110	
1	2.428176	1.269531	-1.128027	-1.828110	
1	2.392578	1.285541	-1.148723	-1.832052	
1	2.392578	1.285541	-1.148723	-1.832052	
1	2.343750	1.306837	-1.176563	-1.837481	
1	2.343750	1.306837	-1.176563	-1.837481	
1	2.316446	1.318359	-1.191858	-1.840527	
1	2.316446	1.318359	-1.191858	-1.840527	
1	2.294922	1.327604	-1.203733	-1.842923	
1	2.294922	1.327604	-1.203733	-1.842923	
1	2.246094	1.347862	-1.230219	-1.848367	
1	2.246094	1.347862	-1.230219	-1.848367	
1	2.198104	1.367188	-1.255585	-1.853711	
1	2.198104	1.367188	-1.255585	-1.853711	
1	2.197266	1.367532	-1.256021	-1.853804	
1	2.197266	1.367532	-1.256021	-1.853804	
1	2.148438	1.386752	-1.281110	-1.859220	
1	2.148438	1.386752	-1.281110	-1.859220	
1	2.099609	1.405395	-1.305491	-1.864605	
1	2.099609	1.405395	-1.305491	-1.864605	
1	2.070728	1.416016	-1.319589	-1.867776	
1	2.070728	1.416016	-1.319589	-1.867776	
1	2.050781	1.423517	-1.329144	-1.869948	
1	2.050781	1.423517	-1.329144	-1.869948	
1	2.001953	1.441129	-1.352055	-1.875236	
1	2.001953	1.441129	-1.352055	-1.875236	
1	1.953125	1.458194	-1.374215	-1.880456	
1	1.953125	1.458194	-1.374215	-1.880456	
1	1.933205	1.464844	-1.383055	-1.882567	
1	1.933205	1.464844	-1.383055	-1.882567	
1	1.904297	1.474747	-1.395607	-1.885594	
1	1.904297	1.474747	-1.395607	-1.885594	
1	1.855469	1.490773	-1.416217	-1.890638	
1	1.855469	1.490773	-1.416217	-1.890638	
1	1.806641	1.506282	-1.436028	-1.895571	
1	1.806641	1.506282	-1.436028	-1.895571	
1	1.782202	1.513672	-1.445658	-1.898000	
1	1.782202	1.513672	-1.445658	-1.898000	
1	1.757812	1.521268	-1.455026	-1.900380	
1	1.757812	1.521268	-1.455026	-1.900380	
1	1.708984	1.535716	-1.473195	-1.905050	
1	1.708984	1.535716	-1.473195	-1.905050	
1	1.660156	1.549673	-1.490514	-1.909561	
1	1.660156	1.549673	-1.490514	-1.909561	
1	1.613653	1.562500	-1.506202	-1.913697	
1	1.613653	1.562500	-1.506202	-1.913697	
1	1.611328	1.563163	-1.506962	-1.913898	
1	1.611328	1.563163	-1.506962	-1.913898	
1	1.562500	1.576029	-1.522536	-1.918046	
1	1.562500	1.576029	-1.522536	-1.918046	
1	1.513672	1.588423	-1.537201	-1.921982	
1	1.513672	1.588423	-1.537201	-1.921982	
1	1.464844	1.600388	-1.550934	-1.925686	
1	1.464844	1.600388	-1.550934	-1.925686	
1	1.418579	1.611328	-1.563069	-1.928965	
1	1.418579	1.611328	-1.563069	-1.928965	
1	1.416016	1.611959	-1.563714	-1.929139	
1	1.416016	1.611959	-1.563714	-1.929139	
1	1.367188	1.622807	-1.575542	-1.932324	
1	1.367188	1.622807	-1.575542	-1.932324	
1	1.318359	1.633262	-1.586372	-1.935213	
1	1.318359	1.633262	-1.586372	-1.935213	
1	1.269531	1.643407	-1.596178	-1.937783	
1	1.269531	1.643407	-1.596178	-1.937783	
1	1.220703	1.653378	-1.604936	-1.940010	
1	1.220703	1.653378	-1.604936	-1.940010	
1	1.186132	1.660156	-1.610499	-1.941368	
1	1.186132	1.660156	-1.610499	-1.941368	
1	1.171875	1.663112	-1.612630	-1.941871	
1	1.171875	1.663112	-1.612630	-1.941871	
1	1.123047	1.672312	-1.619250	-1.943343	
1	1.123047	1.672312	-1.619250	-1.943343	
1	1.074219	1.681858	-1.624755	-1.944399	
1	1.074219	1.681858	-1.624755	-1.944399	
1	1.025391	1.692682	-1.629136	-1.945017	
1	1.025391	1.692682	-1.629136	-1.945017	
1	0.976562	1.707587	-1.632425	-1.945185	
1	0.976562	1.707587	-1.632425	-1.945185	
1	0.972674	1.708984	-1.632643	-1.945178	
1	0.972674	1.708984	-1.632643	-1.945178	
1	0.927734	1.726895	-1.634740	-1.944883	
1	0.927734	1.726895	-1.634740	-1.944883	
1	0.890302	1.757812	-1.636149	-1.944203	
1	0.890302	1.757812	-1.636149	-1.944203	
1	0.878906	1.768013	-1.636523	-1.943891	
1	0.878906	1.768013	-1.636523	-1.943891	
1	0.850904	1.806641	-1.637579	-1.942568	
1	0.850904	1.806641	-1.637579	-1.942568	
1	0.830078	1.836850	-1.638331	-1.941131	
1	0.830078	1.836850	-1.638331	-1.941131	
1	0.820670	1.855469	-1.638751	-1.940128	
1	0.820670	1.855469	-1.638751	-1.940128	
1	0.793239	1.904297	-1.639840	-1.936792	
1	0.793239	1.904297	-1.639840	-1.936792	
1	0.781250	1.924259	-1.640278	-1.935143	
1	0.781250	1.924259	-1.640278	-1.935143	
1	0.766906	1.953125	-1.640891	-1.932537	
1	0.766906	1.953125	-1.640891	-1.932537	
1	0.740873	2.001953	-1.641932	-1.927358	
1	0.740873	2.001953	-1.641932	-1.927358	
1	0.732422	2.016452	-1.642244	-1.925628	
1	0.732422	2.016452	-1.642244	-1.925628	
1	0.714964	2.050781	-1.642981	-1.921261	
1	0.714964	2.050781	-1.642981	-1.921261	
1	0.688760	2.099609	-1.644058	-1.914249	
1	0.688760	2.099609	-1.644058	-1.914249	
1	0.683594	2.108426	-1.644258	-1.912878	
1	0.683594	2.108426	-1.644258	-1.912878	
1	0.662508	2.148438	-1.645180	-1.906339	
1	0.662508	2.148438	-1.645180	-1.906339	
1	0.635675	2.197266	-1.646364	-1.897530	
1	0.635675	2.197266	-1.646364	-1.897530	
1	0.634766	2.198788	-1.646403	-1.897240	
1	0.634766	2.198788	-1.646403	-1.897240	
1	0.608830	2.246094	-1.647626	-1.887847	
1	0.608830	2.246094	-1.647626	-1.887847	
1	0.585938	2.286165	-1.648733	-1.879232	
1	0.585938	2.286165	-1.648733	-1.879232	
1	0.581316	2.294922	-1.648983	-1.877283	
1	0.581316	2.294922	-1.648983	-1.877283	
1	0.553633	2.343750	-1.650449	-1.865863	
1	0.553633	2.343750	-1.650449	-1.865863	
1	0.537109	2.371540	-1.651340	-1.858964	
1	0.537109	2.371540	-1.651340	-1.858964	
1	0.525408	2.392578	-1.652040	-1.853587	
1	0.525408	2.392578	-1.652040	-1.853587	
1	0.496759	2.441406	-1.653770	-1.840467	
1	0.496759	2.441406	-1.653770	-1.840467	
1	0.488281	2.455130	-1.654285	-1.836617	
1	0.488281	2.455130	-1.654285	-1.836617	
1	0.467797	2.490234	-1.655654	-1.826519	
1	0.467797	2.490234	-1.655654	-1.826519	
1	0.439453	2.536808	-1.657608	-1.812435	
1	0.439453	2.536808	-1.657608	-1.812435	
1	0.438152	2.539062	-1.657706	-1.811738	
1	0.438152	2.539062	-1.657706	-1.811738	
1	0.408396	2.587891	-1.659938	-1.796155	
1	0.408396	2.587891	-1.659938	-1.796155	
1	0.390625	2.615902	-1.661308	-1.786830	
1	0.390625	2.615902	-1.661308	-1.786830	
1	0.378010	2.636719	-1.662365	-1.779761	
1	0.378010	2.636719	-1.662365	-1.779761	
1	0.347133	2.685547	-1.665001	-1.762567	
1	0.347133	2.685547	-1.665001	-1.762567	
1	0.341797	2.693641	-1.665460	-1.759632	
1	0.341797	2.693641	-1.665460	-1.759632	
1	0.315996	2.734375	-1.667856	-1.744596	
1	0.315996	2.734375	-1.667856	-1.744596	
1	0.292969	2.769388	-1.670049	-1.731206	
1	0.292969	2.769388	-1.670049	-1.731206	
1	0.284215	2.783203	-1.670945	-1.725837	
1	0.284215	2.783203	-1.670945	-1.725837	
1	0.252044	2.832031	-1.674280	-1.706310	
1	0.252044	2.832031	-1.674280	-1.706310	
1	0.244141	2.843603	-1.675110	-1.701557	
1	0.244141	2.843603	-1.675110	-1.701557	
1	0.219510	2.880859	-1.677871	-1.686028	
1	0.219510	2.880859	-1.677871	-1.686028	
1	0.195312	2.916207	-1.680642	-1.670850	
1	0.195312	2.916207	-1.680642	-1.670850	
1	0.186360	2.929688	-1.681733	-1.664982	
1	0.186360	2.929688	-1.681733	-1.664982	
1	0.152791	2.978516	-1.685876	-1.643192	
1	0.152791	2.978516	-1.685876	-1.643192	
1	0.146484	2.987401	-1.686663	-1.639135	
1	0.146484	2.987401	-1.686663	-1.639135	
1	0.118877	3.027344	-1.690309	-1.620673	
1	0.118877	3.027344	-1.690309	-1.620673	
1	0.097656	3.057087	-1.693163	-1.606570	
1	0.097656	3.057087	-1.693163	-1.606570	
1	0.084370	3.076172	-1.695048	-1.597414	
1	0.084370	3.076172	-1.695048	-1.597414	
1	0.049299	3.125000	-1.700103	-1.573422	
1	0.049299	3.125000	-1.700103	-1.573422	
1	0.048828	3.125638	-1.700172	-1.573103	
1	0.048828	3.125638	-1.700172	-1.573103	
1	0.014009	3.173828	-1.705480	-1.548737	
1	0.014009	3.173828	-1.705480	-1.548737	
1	0.000000	3.192671	-1.707649	-1.538995	
1	0.000000	3.192671	-1.707649	-1.538995	
1	-0.021858	3.222656	-1.711194	-1.523334	
1	-0.021858	3.222656	-1.711194	-1.523334	
1	-0.048828	3.258634	-1.715632	-1.504141	
1	-0.048828	3.258634	-1.715632	-1.504141	
1	-0.058289	3.271484	-1.717258	-1.497219	
1	-0.058289	3.271484	-1.717258	-1.497219	
1	-0.095211	3.320312	-1.723679	-1.470407	
1	-0.095211	3.320312	-1.723679	-1.470407	
1	-0.097656	3.323472	-1.724108	-1.468644	
1	-0.097656	3.323472	-1.724108	-1.468644	
1	-0.132456	3.369141	-1.730463	-1.442924	
1	-0.132456	3.369141	-1.730463	-1.442924	
1	-0.146484	3.387099	-1.733059	-1.432618	
1	-0.146484	3.387099	-1.733059	-1.432618	
1	-0.170259	3.417969	-1.737627	-1.414749	
1	-0.170259	3.417969	-1.737627	-1.414749	
1	-0.195312	3.449724	-1.742501	-1.396036	
1	-0.195312	3.449724	-1.742501	-1.396036	
1	-0.208611	3.466797	-1.745181	-1.385890	
1	-0.208611	3.466797	-1.745181	-1.385890	
1	-0.244141	3.511359	-1.752426	-1.358954	
1	-0.244141	3.511359	-1.752426	-1.358954	
1	-0.247503	3.515625	-1.753135	-1.356354	
1	-0.247503	3.515625	-1.753135	-1.356354	
1	-0.286795	3.564453	-1.761493	-1.326165	
1	-0.286795	3.564453	-1.761493	-1.326165	
1	-0.292969	3.571973	-1.762821	-1.321445	
1	-0.292969	3.571973	-1.762821	-1.321445	
1	-0.326560	3.613281	-1.770268	-1.295320	
1	-0.326560	3.613281	-1.770268	-1.295320	
1	-0.341797	3.631639	-1.773684	-1.283530	
1	-0.341797	3.631639	-1.773684	-1.283530	
1	-0.366873	3.662109	-1.779472	-1.263815	
1	-0.366873	3.662109	-1.779472	-1.263815	
1	-0.390625	3.690409	-1.785013	-1.245234	
1	-0.390625	3.690409	-1.785013	-1.245234	
1	-0.407729	3.710938	-1.789114	-1.231655	
1	-0.407729	3.710938	-1.789114	-1.231655	
1	-0.439453	3.748302	-1.796800	-1.206591	
1	-0.439453	3.748302	-1.796800	-1.206591	
1	-0.449126	3.759766	-1.799205	-1.198847	
1	-0.449126	3.759766	-1.799205	-1.198847	
1	-0.488281	3.805342	-1.809039	-1.167637	
1	-0.488281	3.805342	-1.809039	-1.167637	
1	-0.491061	3.808594	-1.809754	-1.165394	
1	-0.491061	3.808594	-1.809754	-1.165394	
1	-0.533467	3.857422	-1.820767	-1.131316	
1	-0.533467	3.857422	-1.820767	-1.131316	
1	-0.537109	3.861553	-1.821722	-1.128398	
1	-0.537109	3.861553	-1.821722	-1.128398	
1	-0.576375	3.906250	-1.832254	-1.096611	
1	-0.576375	3.906250	-1.832254	-1.096611	
1	-0.585938	3.916968	-1.834844	-1.088896	
1	-0.585938	3.916968	-1.834844	-1.088896	
1	-0.619842	3.955078	-1.844228	-1.061275	
1	-0.619842	3.955078	-1.844228	-1.061275	
1	-0.634766	3.971608	-1.848399	-1.049155	
1	-0.634766	3.971608	-1.848399	-1.049155	
1	-0.663869	4.003906	-1.856699	-1.025313	
1	-0.663869	4.003906	-1.856699	-1.025313	
1	-0.683594	4.025493	-1.862379	-1.009200	
1	-0.683594	4.025493	-1.862379	-1.009200	
1	-0.708459	4.052734	-1.869676	-0.988729	
1	-0.708459	4.052734	-1.869676	-0.988729	
1	-0.732422	4.078643	-1.876776	-0.969050	
1	-0.732422	4.078643	-1.876776	-0.969050	
1	-0.753616	4.101562	-1.883170	-0.951526	
1	-0.753616	4.101562	-1.883170	-0.951526	
1	-0.781250	4.131076	-1.891586	-0.928726	
1	-0.781250	4.131076	-1.891586	-0.928726	
1	-0.799345	4.150391	-1.897190	-0.913707	
1	-0.799345	4.150391	-1.897190	-0.913707	
1	-0.830078	4.182812	-1.906799	-0.888246	
1	-0.830078	4.182812	-1.906799	-0.888246	
1	-0.845653	4.199219	-1.911747	-0.875275	
1	-0.845653	4.199219	-1.911747	-0.875275	
1	-0.878906	4.233866	-1.922410	-0.847626	
1	-0.878906	4.233866	-1.922410	-0.847626	
1	-0.892546	4.248047	-1.926850	-0.836234	
1	-0.892546	4.248047	-1.926850	-0.836234	
1	-0.927734	4.284257	-1.938412	-0.806882	
1	-0.927734	4.284257	-1.938412	-0.806882	
1	-0.940032	4.296875	-1.942510	-0.796585	
1	-0.940032	4.296875	-1.942510	-0.796585	
1	-0.976562	4.333998	-1.954799	-0.766030	
1	-0.976562	4.333998	-1.954799	-0.766030	
1	-0.988122	4.345703	-1.958739	-0.756330	
1	-0.988122	4.345703	-1.958739	-0.756330	
1	-1.025391	4.383106	-1.971562	-0.725082	
1	-1.025391	4.383106	-1.971562	-0.725082	
1	-1.036824	4.394531	-1.975546	-0.715471	
1	-1.036824	4.394531	-1.975546	-0.715471	
1	-1.074219	4.431592	-1.988697	-0.684053	
1	-1.074219	4.431592	-1.988697	-0.684053	
1	-1.086151	4.443359	-1.992943	-0.674009	
1	-1.086151	4.443359	-1.992943	-0.674009	
1	-1.123047	4.479470	-2.006196	-0.642955	
1	-1.123047	4.479470	-2.006196	-0.642955	
1	-1.136113	4.492188	-2.010942	-0.631943	
1	-1.136113	4.492188	-2.010942	-0.631943	
1	-1.171875	4.526752	-2.024053	-0.601800	
1	-1.171875	4.526752	-2.024053	-0.601800	
1	-1.186724	4.541016	-2.029554	-0.589275	
1	-1.186724	4.541016	-2.029554	-0.589275	
1	-1.220703	4.573448	-2.042260	-0.560601	
1	-1.220703	4.573448	-2.042260	-0.560601	
1	-1.237998	4.589844	-2.048791	-0.546003	
1	-1.237998	4.589844	-2.048791	-0.546003	
1	-1.269531	4.619567	-2.060812	-0.519368	
1	-1.269531	4.619567	-2.060812	-0.519368	
1	-1.289949	4.638672	-2.068667	-0.502126	
1	-1.289949	4.638672	-2.068667	-0.502126	
1	-1.318359	4.665119	-2.079701	-0.478113	
1	-1.318359	4.665119	-2.079701	-0.478113	
1	-1.342592	4.687500	-2.089194	-0.457644	
1	-1.342592	4.687500	-2.089194	-0.457644	
1	-1.367188	4.710112	-2.098921	-0.436845	
1	-1.367188	4.710112	-2.098921	-0.436845	
1	-1.395945	4.736328	-2.110386	-0.412554	
1	-1.395945	4.736328	-2.110386	-0.412554	
1	-1.416016	4.754552	-2.118465	-0.395577	
1	-1.416016	4.754552	-2.118465	-0.395577	
1	-1.450025	4.785156	-2.132258	-0.366853	
1	-1.450025	4.785156	-2.132258	-0.366853	
1	-1.464844	4.798445	-2.138326	-0.354317	
1	-1.464844	4.798445	-2.138326	-0.354317	
1	-1.504849	4.833984	-2.154823	-0.320538	
1	-1.504849	4.833984	-2.154823	-0.320538	
1	-1.513672	4.841799	-2.158496	-0.313075	
1	-1.513672	4.841799	-2.158496	-0.313075	
1	-1.560438	4.882812	-2.178098	-0.273606	
1	-1.560438	4.882812	-2.178098	-0.273606	
1	-1.562500	4.884617	-2.178970	-0.271862	
1	-1.562500	4.884617	-2.178970	-0.271862	
1	-1.611328	4.926958	-2.199757	-0.230652	
1	-1.611328	4.926958	-2.199757	-0.230652	
1	-1.616784	4.931641	-2.202093	-0.226060	
1	-1.616784	4.931641	-2.202093	-0.226060	
1	-1.660156	4.968801	-2.220843	-0.189472	
1	-1.660156	4.968801	-2.220843	-0.189472	
1	-1.673930	4.980469	-2.226829	-0.177890	
1	-1.673930	4.980469	-2.226829	-0.177890	
1	-1.708984	5.010128	-2.242215	-0.148341	
1	-1.708984	5.010128	-2.242215	-0.148341	
1	-1.731908	5.029297	-2.252326	-0.129086	
1	-1.731908	5.029297	-2.252326	-0.129086	
1	-1.757812	5.050942	-2.263864	-0.107271	
1	-1.757812	5.050942	-2.263864	-0.107271	
1	-1.790744	5.078125	-2.278601	-0.079642	
1	-1.790744	5.078125	-2.278601	-0.079642	
1	-1.806641	5.091244	-2.285785	-0.066268	
1	-1.806641	5.091244	-2.285785	-0.066268	
1	-1.850461	5.126953	-2.305675	-0.029551	
1	-1.850461	5.126953	-2.305675	-0.029551	
1	-1.855469	5.131035	-2.307970	-0.025342	
1	-1.855469	5.131035	-2.307970	-0.025342	
1	-1.904297	5.170384	-2.330435	0.015540	
1	-1.904297	5.170384	-2.330435	0.015540	
1	-1.911077	5.175781	-2.333565	0.021193	
1	-1.911077	5.175781	-2.333565	0.021193	
1	-1.953125	5.209282	-2.353170	0.056364	
1	-1.953125	5.209282	-2.353170	0.056364	
1	-1.972631	5.224609	-2.362297	0.072602	
1	-1.972631	5.224609	-2.362297	0.072602	
1	-2.001953	5.247679	-2.376151	0.097092	
1	-2.001953	5.247679	-2.376151	0.097092	
1	-2.035161	5.273438	-2.391893	0.124689	
1	-2.035161	5.273438	-2.391893	0.124689	
1	-2.050781	5.285575	-2.399372	0.137715	
1	-2.050781	5.285575	-2.399372	0.137715	
1	-2.098695	5.322266	-2.422380	0.177463	
1	-2.098695	5.322266	-2.422380	0.177463	
1	-2.099609	5.322967	-2.422823	0.178225	
1	-2.099609	5.322967	-2.422823	0.178225	
1	-2.148438	5.359998	-2.446550	0.218701	
1	-2.148438	5.359998	-2.446550	0.218701	
1	-2.163292	5.371094	-2.453787	0.230947	
1	-2.163292	5.371094	-2.453787	0.230947	
1	-2.197266	5.396539	-2.470501	0.259059	
1	-2.197266	5.396539	-2.470501	0.259059	
1	-2.228978	5.419922	-2.486141	0.285150	
1	-2.228978	5.419922	-2.486141	0.285150	
1	-2.246094	5.432581	-2.494665	0.299285	
1	-2.246094	5.432581	-2.494665	0.299285	
1	-2.294922	5.468127	-2.519037	0.339377	
1	-2.294922	5.468127	-2.519037	0.339377	
1	-2.295789	5.468750	-2.519471	0.340086	
1	-2.295789	5.468750	-2.519471	0.340086	
1	-2.343750	5.503335	-2.543671	0.379424	
1	-2.343750	5.503335	-2.543671	0.379424	
1	-2.363837	5.517578	-2.553826	0.395798	
1	-2.363837	5.517578	-2.553826	0.395798	
1	-2.392578	5.538041	-2.568499	0.419322	
1	-2.392578	5.538041	-2.568499	0.419322	
1	-2.433105	5.566406	-2.589226	0.452282	
1	-2.433105	5.566406	-2.589226	0.452282	
1	-2.441406	5.572242	-2.593514	0.459061	
1	-2.441406	5.572242	-2.593514	0.459061	
1	-2.490234	5.606052	-2.618754	0.498708	
1	-2.490234	5.606052	-2.618754	0.498708	
1	-2.503716	5.615234	-2.625729	0.509587	
1	-2.503716	5.615234	-2.625729	0.509587	
1	-2.539062	5.639429	-2.644197	0.538231	
1	-2.539062	5.639429	-2.644197	0.538231	
1	-2.575707	5.664062	-2.663370	0.567730	
1	-2.575707	5.664062	-2.663370	0.567730	
1	-2.587891	5.672296	-2.669808	0.577580	
1	-2.587891	5.672296	-2.669808	0.577580	
1	-2.636719	5.704750	-2.695620	0.616808	
1	-2.636719	5.704750	-2.695620	0.616808	
1	-2.649177	5.712891	-2.702208	0.626753	
1	-2.649177	5.712891	-2.702208	0.626753	
1	-2.685547	5.736794	-2.721629	0.655913	
1	-2.685547	5.736794	-2.721629	0.655913	
1	-2.724202	5.761719	-2.742294	0.686690	
1	-2.724202	5.761719	-2.742294	0.686690	
1	-2.734375	5.768319	-2.747786	0.694826	
1	-2.734375	5.768319	-2.747786	0.694826	
1	-2.783203	5.799457	-2.774140	0.733623	
1	-2.783203	5.799457	-2.774140	0.733623	
1	-2.800917	5.810547	-2.783703	0.747601	
1	-2.800917	5.810547	-2.783703	0.747601	
1	-2.832031	5.830154	-2.800664	0.772265	
1	-2.832031	5.830154	-2.800664	0.772265	
1	-2.879338	5.859375	-2.826478	0.809496	
1	-2.879338	5.859375	-2.826478	0.809496	
1	-2.880859	5.860321	-2.827316	0.810699	
1	-2.880859	5.860321	-2.827316	0.810699	
1	-2.929688	5.890173	-2.854181	0.849047	
1	-2.929688	5.890173	-2.854181	0.849047	
1	-2.959792	5.908203	-2.870757	0.872518	
1	-2.959792	5.908203	-2.870757	0.872518	
1	-2.978516	5.919500	-2.881167	0.887184	
1	-2.978516	5.919500	-2.881167	0.887184	
1	-3.027344	5.948388	-2.908305	0.925155	
1	-3.027344	5.948388	-2.908305	0.925155	
1	-3.042243	5.957031	-2.916580	0.936658	
1	-3.042243	5.957031	-2.916580	0.936658	
1	-3.076172	5.976866	-2.935605	0.962977	
1	-3.076172	5.976866	-2.935605	0.962977	
1	-3.125000	6.004807	-2.963005	1.000570	
1	-3.125000	6.004807	-2.963005	1.000570	
1	-3.126875	6.005859	-2.964055	1.002003	
1	-3.126875	6.005859	-2.964055	1.002003	
1	-3.173828	6.032425	-2.990596	1.038059	
1	-3.173828	6.032425	-2.990596	1.038059	
1	-3.214061	6.054688	-3.013361	1.068721	
1	-3.214061	6.054688	-3.013361	1.068721	
1	-3.222656	6.059484	-3.018271	1.075302	
1	-3.222656	6.059484	-3.018271	1.075302	
1	-3.271484	6.086172	-3.046108	1.112410	
1	-3.271484	6.086172	-3.046108	1.112410	
1	-3.303935	6.103516	-3.064612	1.136883	
1	-3.303935	6.103516	-3.064612	1.136883	
1	-3.320312	6.112346	-3.074040	1.149293	
1	-3.320312	6.112346	-3.074040	1.149293	
1	-3.369141	6.138100	-3.102105	1.186007	
1	-3.369141	6.138100	-3.102105	1.186007	
1	-3.396772	6.152344	-3.117979	1.206622	
1	-3.396772	6.152344	-3.117979	1.206622	
1	-3.417969	6.163371	-3.130271	1.222512	
1	-3.417969	6.163371	-3.130271	1.222512	
1	-3.466797	6.188194	-3.158550	1.258826	
1	-3.466797	6.188194	-3.158550	1.258826	
1	-3.492940	6.201172	-3.173678	1.278117	
1	-3.492940	6.201172	-3.173678	1.278117	
1	-3.515625	6.212542	-3.186927	1.294934	
1	-3.515625	6.212542	-3.186927	1.294934	
1	-3.564453	6.236431	-3.215406	1.330843	
1	-3.564453	6.236431	-3.215406	1.330843	
1	-3.592883	6.250000	-3.231974	1.351584	
1	-3.592883	6.250000	-3.231974	1.351584	
1	-3.613281	6.259833	-3.243970	1.366535	
1	-3.613281	6.259833	-3.243970	1.366535	
1	-3.662109	6.282784	-3.272633	1.402029	
1	-3.662109	6.282784	-3.272633	1.402029	
1	-3.697135	6.298828	-3.293187	1.427288	
1	-3.697135	6.298828	-3.293187	1.427288	
1	-3.710938	6.305216	-3.301360	1.437287	
1	-3.710938	6.305216	-3.301360	1.437287	
1	-3.759766	6.327219	-3.330190	1.472357	
1	-3.759766	6.327219	-3.330190	1.472357	
1	-3.806346	6.347656	-3.357715	1.505552	
1	-3.806346	6.347656	-3.357715	1.505552	
1	-3.808594	6.348653	-3.359055	1.507161	
1	-3.808594	6.348653	-3.359055	1.507161	
1	-3.857422	6.369695	-3.388035	1.541796	
1	-3.857422	6.369695	-3.388035	1.541796	
1	-3.906250	6.390159	-3.417039	1.576158	
1	-3.906250	6.390159	-3.417039	1.576158	
1	-3.921804	6.396484	-3.426249	1.587007	
1	-3.921804	6.396484	-3.426249	1.587007	
1	-3.955078	6.410167	-3.446123	1.610315	
1	-3.955078	6.410167	-3.446123	1.610315	
1	-4.003906	6.429649	-3.475250	1.644227	
1	-4.003906	6.429649	-3.475250	1.644227	
1	-4.044383	6.445312	-3.499384	1.672105	
1	-4.044383	6.445312	-3.499384	1.672105	
1	-4.052734	6.448581	-3.504407	1.677881	
1	-4.052734	6.448581	-3.504407	1.677881	
1	-4.101562	6.467057	-3.533635	1.711327	
1	-4.101562	6.467057	-3.533635	1.711327	
1	-4.150391	6.484950	-3.562873	1.744497	
1	-4.150391	6.484950	-3.562873	1.744497	
1	-4.176366	6.494141	-3.578386	1.761982	
1	-4.176366	6.494141	-3.578386	1.761982	
1	-4.199219	6.502321	-3.592146	1.777424	
1	-4.199219	6.502321	-3.592146	1.777424	
1	-4.248047	6.519169	-3.621453	1.810107	
1	-4.248047	6.519169	-3.621453	1.810107	
1	-4.296875	6.535424	-3.650757	1.842509	
1	-4.296875	6.535424	-3.650757	1.842509	
1	-4.320463	6.542969	-3.664865	1.858011	
1	-4.320463	6.542969	-3.664865	1.858011	
1	-4.345703	6.551140	-3.680081	1.874659	
1	-4.345703	6.551140	-3.680081	1.874659	
1	-4.394531	6.566299	-3.709417	1.906548	
1	-4.394531	6.566299	-3.709417	1.906548	
1	-4.443359	6.580848	-3.738736	1.938149	
1	-4.443359	6.580848	-3.738736	1.938149	
1	-4.481774	6.591797	-3.761755	1.962772	
1	-4.481774	6.591797	-3.761755	1.962772	
1	-4.492188	6.594802	-3.768043	1.969470	
1	-4.492188	6.594802	-3.768043	1.969470	
1	-4.541016	6.608191	-3.797352	2.000527	
1	-4.541016	6.608191	-3.797352	2.000527	
1	-4.589844	6.620946	-3.826626	2.031285	
1	-4.589844	6.620946	-3.826626	2.031285	
1	-4.638672	6.633059	-3.855862	2.061743	
1	-4.638672	6.633059	-3.855862	2.061743	
1	-4.670987	6.640625	-3.875139	2.081684	
1	-4.670987	6.640625	-3.875139	2.081684	
1	-4.687500	6.644541	-3.885062	2.091905	
1	-4.687500	6.644541	-3.885062	2.091905	
1	-4.736328	6.655389	-3.914223	2.121773	
1	-4.736328	6.655389	-3.914223	2.121773	
1	-4.785156	6.665557	-3.943323	2.151324	
1	-4.785156	6.665557	-3.943323	2.151324	
1	-4.833984	6.675034	-3.972355	2.180554	
1	-4.833984	6.675034	-3.972355	2.180554	
1	-4.882812	6.683807	-4.001310	2.209459	
1	-4.882812	6.683807	-4.001310	2.209459	
1	-4.917151	6.689453	-4.021576	2.229542	
1	-4.917151	6.689453	-4.021576	2.229542	
1	-4.931641	6.691867	-4.030184	2.238036	
1	-4.931641	6.691867	-4.030184	2.238036	
1	-4.980469	6.699200	-4.058969	2.266281	
1	-4.980469	6.699200	-4.058969	2.266281	
1	-5.029297	6.705772	-4.087647	2.294178	
1	-5.029297	6.705772	-4.087647	2.294178	
1	-5.078125	6.711562	-4.116208	2.321721	
1	-5.078125	6.711562	-4.116208	2.321721	
1	-5.126953	6.716550	-4.144641	2.348901	
1	-5.126953	6.716550	-4.144641	2.348901	
1	-5.175781	6.720712	-4.172934	2.375712	
1	-5.175781	6.720712	-4.172934	2.375712	
1	-5.224609	6.724022	-4.201073	2.402142	
1	-5.224609	6.724022	-4.201073	2.402142	
1	-5.273438	6.726452	-4.229046	2.428183	
1	-5.273438	6.726452	-4.229046	2.428183	
1	-5.322266	6.727971	-4.256837	2.453825	
1	-5.322266	6.727971	-4.256837	2.453825	
1	-5.371094	6.728548	-4.284429	2.479055	
1	-5.371094	6.728548	-4.284429	2.479055	
1	-5.419922	6.728145	-4.311806	2.503861	
1	-5.419922	6.728145	-4.311806	2.503861	
1	-5.468750	6.726725	-4.338950	2.528231	
1	-5.468750	6.726725	-4.338950	2.528231	
1	-5.517578	6.724245	-4.365840	2.552150	
1	-5.517578	6.724245	-4.365840	2.552150	
1	-5.566406	6.720662	-4.392455	2.575604	
1	-5.566406	6.720662	-4.392455	2.575604	
1	-5.615234	6.715927	-4.418773	2.598578	
1	-5.615234	6.715927	-4.418773	2.598578	
1	-5.664062	6.709988	-4.444769	2.621055	
1	-5.664062	6.709988	-4.444769	2.621055	
1	-5.712891	6.702790	-4.470419	2.643018	
1	-5.712891	6.702790	-4.470419	2.643018	
1	-5.761719	6.694273	-4.495695	2.664448	
1	-5.761719	6.694273	-4.495695	2.664448	
1	-5.785726	6.689453	-4.507909	2.674727	
1	-5.785726	6.689453	-4.507909	2.674727	
1	-5.810547	6.684341	-4.520551	2.685312	
1	-5.810547	6.684341	-4.520551	2.685312	
1	-5.859375	6.672907	-4.544947	2.705584	
1	-5.859375	6.672907	-4.544947	2.705584	
1	-5.908203	6.659925	-4.568864	2.725253	
1	-5.908203	6.659925	-4.568864	2.725253	
1	-5.957031	6.645313	-4.592266	2.744296	
1	-5.957031	6.645313	-4.592266	2.744296	
1	-5.971264	6.640625	-4.598929	2.749681	
1	-5.971264	6.640625	-4.598929	2.749681	
1	-6.005859	6.628870	-4.615057	2.762644	
1	-6.005859	6.628870	-4.615057	2.762644	
1	-6.054688	6.610534	-4.637212	2.780285	
1	-6.054688	6.610534	-4.637212	2.780285	
1	-6.099854	6.591797	-4.657100	2.795950	
1	-6.099854	6.591797	-4.657100	2.795950	
1	-6.103516	6.590224	-4.658698	2.797201	
1	-6.103516	6.590224	-4.658698	2.797201	
1	-6.152344	6.567587	-4.679343	2.813270	
1	-6.152344	6.567587	-4.679343	2.813270	
1	-6.200657	6.542969	-4.698993	2.828384	
1	-6.200657	6.542969	-4.698993	2.828384	
1	-6.201172	6.542696	-4.699199	2.828542	
1	-6.201172	6.542696	-4.699199	2.828542	
1	-6.250000	6.515028	-4.718009	2.842833	
1	-6.250000	6.515028	-4.718009	2.842833	
1	-6.283961	6.494141	-4.730481	2.852209	
1	-6.283961	6.494141	-4.730481	2.852209	
1	-6.298828	6.484597	-4.735797	2.856179	
1	-6.298828	6.484597	-4.735797	2.856179	
1	-6.347656	6.450975	-4.752363	2.868447	
1	-6.347656	6.450975	-4.752363	2.868447	
1	-6.355378	6.445312	-4.754845	2.870270	
1	-6.355378	6.445312	-4.754845	2.870270	
1	-6.396484	6.413714	-4.767500	2.879505	
1	-6.396484	6.413714	-4.767500	2.879505	
1	-6.417486	6.396484	-4.773536	2.883870	
1	-6.417486	6.396484	-4.773536	2.883870	
1	-6.445312	6.372477	-4.781066	2.889276	
1	-6.445312	6.372477	-4.781066	2.889276	
1	-6.472417	6.347656	-4.787820	2.894085	
1	-6.472417	6.347656	-4.787820	2.894085	
1	-6.494141	6.326663	-4.792785	2.897593	
1	-6.494141	6.326663	-4.792785	2.897593	
1	-6.521410	6.298828	-4.798412	2.901538	
1	-6.521410	6.298828	-4.798412	2.901538	
1	-6.542969	6.275520	-4.802320	2.904255	
1	-6.542969	6.275520	-4.802320	2.904255	
1	-6.565415	6.250000	-4.805872	2.906707	
1	-6.565415	6.250000	-4.805872	2.906707	
1	-6.591797	6.218105	-4.809245	2.909015	
1	-6.591797	6.218105	-4.809245	2.909015	
1	-6.605170	6.201172	-4.810638	2.909961	
1	-6.605170	6.201172	-4.810638	2.909961	
1	-6.640625	6.153230	-4.813031	2.911573	
1	-6.640625	6.153230	-4.813031	2.911573	
1	-6.641253	6.152344	-4.813058	2.911592	
1	-6.641253	6.152344	-4.813058	2.911592	
1	-6.673920	6.103516	-4.813257	2.911725	
1	-6.673920	6.103516	-4.813257	2.911725	
1	-6.689453	6.078544	-4.812591	2.911288	
1	-6.689453	6.078544	-4.812591	2.911288	
1	-6.703745	6.054688	-4.811611	2.910649	
1	-6.703745	6.054688	-4.811611	2.910649	
1	-6.730959	6.005859	-4.808251	2.908478	
1	-6.730959	6.005859	-4.808251	2.908478	
1	-6.738281	5.991768	-4.806921	2.907625	
1	-6.738281	5.991768	-4.806921	2.907625	
1	-6.755746	5.957031	-4.803278	2.905304	
1	-6.755746	5.957031	-4.803278	2.905304	
1	-6.778399	5.908203	-4.796885	2.901273	
1	-6.778399	5.908203	-4.796885	2.901273	
1	-6.787109	5.887930	-4.793753	2.899315	
1	-6.787109	5.887930	-4.793753	2.899315	
1	-6.799029	5.859375	-4.789130	2.896441	
1	-6.799029	5.859375	-4.789130	2.896441	
1	-6.817811	5.810547	-4.780123	2.890894	
1	-6.817811	5.810547	-4.780123	2.890894	
1	-6.834918	5.761719	-4.769979	2.884719	
1	-6.834918	5.761719	-4.769979	2.884719	
1	-6.835938	5.758568	-4.769263	2.884286	
1	-6.835938	5.758568	-4.769263	2.884286	
1	-6.850372	5.712891	-4.758693	2.877926	
1	-6.850372	5.712891	-4.758693	2.877926	
1	-6.864352	5.664062	-4.746392	2.870605	
1	-6.864352	5.664062	-4.746392	2.870605	
1	-6.876940	5.615234	-4.733127	2.862796	
1	-6.876940	5.615234	-4.733127	2.862796	
1	-6.884766	5.581503	-4.723343	2.857089	
1	-6.884766	5.581503	-4.723343	2.857089	
1	-6.888200	5.566406	-4.718933	2.854531	
1	-6.888200	5.566406	-4.718933	2.854531	
1	-6.898197	5.517578	-4.703849	2.845843	
1	-6.898197	5.517578	-4.703849	2.845843	
1	-6.907014	5.468750	-4.687935	2.836774	
1	-6.907014	5.468750	-4.687935	2.836774	
1	-6.914708	5.419922	-4.671223	2.827351	
1	-6.914708	5.419922	-4.671223	2.827351	
1	-6.921331	5.371094	-4.653748	2.817601	
1	-6.921331	5.371094	-4.653748	2.817601	
1	-6.926928	5.322266	-4.635538	2.807547	
1	-6.926928	5.322266	-4.635538	2.807547	
1	-6.931545	5.273438	-4.616623	2.797212	
1	-6.931545	5.273438	-4.616623	2.797212	
1	-6.933594	5.246390	-4.605764	2.791326	
1	-6.933594	5.246390	-4.605764	2.791326	
1	-6.935224	5.224609	-4.597032	2.786617	
1	-6.935224	5.224609	-4.597032	2.786617	
1	-6.938006	5.175781	-4.576789	2.775783	
1	-6.938006	5.175781	-4.576789	2.775783	
1	-6.939922	5.126953	-4.555918	2.764726	
1	-6.939922	5.126953	-4.555918	2.764726	
1	-6.941004	5.078125	-4.534438	2.753462	
1	-6.941004	5.078125	-4.534438	2.753462	
1	-6.941283	5.029297	-4.512369	2.742008	
1	-6.941283	5.029297	-4.512369	2.742008	
1	-6.940784	4.980469	-4.489730	2.730376	
1	-6.940784	4.980469	-4.489730	2.730376	
1	-6.939534	4.931641	-4.466537	2.718580	
1	-6.939534	4.931641	-4.466537	2.718580	
1	-6.937555	4.882812	-4.442806	2.706633	
1	-6.937555	4.882812	-4.442806	2.706633	
1	-6.934869	4.833984	-4.418552	2.694546	
1	-6.934869	4.833984	-4.418552	2.694546	
1	-6.933594	4.815622	-4.409221	2.689928	
1	-6.933594	4.815622	-4.409221	2.689928	
1	-6.931505	4.785156	-4.393797	2.682334	
1	-6.931505	4.785156	-4.393797	2.682334	
1	-6.927484	4.736328	-4.368554	2.670007	
1	-6.927484	4.736328	-4.368554	2.670007	
1	-6.922816	4.687500	-4.342830	2.657572	
1	-6.922816	4.687500	-4.342830	2.657572	
1	-6.917517	4.638672	-4.316636	2.645038	
1	-6.917517	4.638672	-4.316636	2.645038	
1	-6.911603	4.589844	-4.289983	2.632414	
1	-6.911603	4.589844	-4.289983	2.632414	
1	-6.905086	4.541016	-4.262879	2.619707	
1	-6.905086	4.541016	-4.262879	2.619707	
1	-6.897977	4.492188	-4.235331	2.606924	
1	-6.897977	4.492188	-4.235331	2.606924	
1	-6.890288	4.443359	-4.207348	2.594071	
1	-6.890288	4.443359	-4.207348	2.594071	
1	-6.884766	4.410769	-4.188363	2.585427	
1	-6.884766	4.410769	-4.188363	2.585427	
1	-6.882047	4.394531	-4.178953	2.581164	
1	-6.882047	4.394531	-4.178953	2.581164	
1	-6.873288	4.345703	-4.150175	2.568217	
1	-6.873288	4.345703	-4.150175	2.568217	
1	-6.863984	4.296875	-4.120988	2.555222	
1	-6.863984	4.296875	-4.120988	2.555222	
1	-6.854140	4.248047	-4.091394	2.542182	
1	-6.854140	4.248047	-4.091394	2.542182	
1	-6.843763	4.199219	-4.061399	2.529104	
1	-6.843763	4.199219	-4.061399	2.529104	
1	-6.835938	4.164213	-4.039590	2.519681	
1	-6.835938	4.164213	-4.039590	2.519681	
1	-6.832883	4.150391	-4.031027	2.516001	
1	-6.832883	4.150391	-4.031027	2.516001	
1	-6.821549	4.101562	-4.000325	2.502895	
1	-6.821549	4.101562	-4.000325	2.502895	
1	-6.809704	4.052734	-3.969237	2.489765	
1	-6.809704	4.052734	-3.969237	2.489765	
1	-6.797352	4.003906	-3.937766	2.476615	
1	-6.797352	4.003906	-3.937766	2.476615	
1	-6.787109	3.965029	-3.912390	2.466115	
1	-6.787109	3.965029	-3.912390	2.466115	
1	-6.784517	3.955078	-3.905933	2.463458	
1	-6.784517	3.955078	-3.905933	2.463458	
1	-6.771275	3.906250	-3.873811	2.450324	
1	-6.771275	3.906250	-3.873811	2.450324	
1	-6.757540	3.857422	-3.841316	2.437183	
1	-6.757540	3.857422	-3.841316	2.437183	
1	-6.743312	3.808594	-3.808447	2.424037	
1	-6.743312	3.808594	-3.808447	2.424037	
1	-6.738281	3.791919	-3.797078	2.419524	
1	-6.738281	3.791919	-3.797078	2.419524	
1	-6.728683	3.759766	-3.775292	2.410923	
1	-6.728683	3.759766	-3.775292	2.410923	
1	-6.713616	3.710938	-3.741815	2.397830	
1	-6.713616	3.710938	-3.741815	2.397830	
1	-6.698064	3.662109	-3.707971	2.384743	
1	-6.698064	3.662109	-3.707971	2.384743	
1	-6.689453	3.635899	-3.689590	2.377697	
1	-6.689453	3.635899	-3.689590	2.377697	
1	-6.682098	3.613281	-3.673827	2.371689	
1	-6.682098	3.613281	-3.673827	2.371689	
1	-6.665736	3.564453	-3.639402	2.358679	
1	-6.665736	3.564453	-3.639402	2.358679	
1	-6.648893	3.515625	-3.604612	2.345683	
1	-6.648893	3.515625	-3.604612	2.345683	
1	-6.640625	3.492322	-3.587819	2.339464	
1	-6.640625	3.492322	-3.587819	2.339464	
1	-6.631657	3.466797	-3.569542	2.332736	
1	-6.631657	3.466797	-3.569542	2.332736	
1	-6.614026	3.417969	-3.534192	2.319839	
1	-6.614026	3.417969	-3.534192	2.319839	
1	-6.595912	3.369141	-3.498475	2.306964	
1	-6.595912	3.369141	-3.498475	2.306964	
1	-6.591797	3.358329	-3.490478	2.304102	
1	-6.591797	3.358329	-3.490478	2.304102	
1	-6.577463	3.320312	-3.462538	2.294166	
1	-6.577463	3.320312	-3.462538	2.294166	
1	-6.558575	3.271484	-3.426277	2.281409	
1	-6.558575	3.271484	-3.426277	2.281409	
1	-6.542969	3.232142	-3.396757	2.271140	
1	-6.542969	3.232142	-3.396757	2.271140	
1	-6.539240	3.222656	-3.389686	2.268696	
1	-6.539240	3.222656	-3.389686	2.268696	
1	-6.519588	3.173828	-3.352893	2.256072	
1	-6.519588	3.173828	-3.352893	2.256072	
1	-6.499446	3.125000	-3.315728	2.243481	
1	-6.499446	3.125000	-3.315728	2.243481	
1	-6.494141	3.112425	-3.306057	2.240231	
1	-6.494141	3.112425	-3.306057	2.240231	
1	-6.478977	3.076172	-3.278355	2.230981	
1	-6.478977	3.076172	-3.278355	2.230981	
1	-6.458074	3.027344	-3.240665	2.218539	
1	-6.458074	3.027344	-3.240665	2.218539	
1	-6.445312	2.998198	-3.217939	2.211115	
1	-6.445312	2.998198	-3.217939	2.211115	
1	-6.436767	2.978516	-3.202691	2.206168	
1	-6.436767	2.978516	-3.202691	2.206168	
1	-6.415104	2.929688	-3.164483	2.193885	
1	-6.415104	2.929688	-3.164483	2.193885	
1	-6.396484	2.888655	-3.132052	2.183589	
1	-6.396484	2.888655	-3.132052	2.183589	
1	-6.392975	2.880859	-3.125930	2.181659	
1	-6.392975	2.880859	-3.125930	2.181659	
1	-6.370552	2.832031	-3.087207	2.169546	
1	-6.370552	2.832031	-3.087207	2.169546	
1	-6.347656	2.783289	-3.048162	2.157503	
1	-6.347656	2.783289	-3.048162	2.157503	
1	-6.347616	2.783203	-3.048093	2.157482	
1	-6.347616	2.783203	-3.048093	2.157482	
1	-6.324429	2.734375	-3.008858	2.145550	
1	-6.324429	2.734375	-3.008858	2.145550	
1	-6.300721	2.685547	-2.969225	2.133669	
1	-6.300721	2.685547	-2.969225	2.133669	
1	-6.298828	2.681719	-2.966088	2.132736	
1	-6.298828	2.681719	-2.966088	2.132736	
1	-6.276741	2.636719	-2.929453	2.121920	
1	-6.276741	2.636719	-2.929453	2.121920	
1	-6.252254	2.587891	-2.889300	2.110233	
1	-6.252254	2.587891	-2.889300	2.110233	
1	-6.250000	2.583474	-2.885636	2.109175	
1	-6.250000	2.583474	-2.885636	2.109175	
1	-6.227491	2.539062	-2.849010	2.098682	
1	-6.227491	2.539062	-2.849010	2.098682	
1	-6.202214	2.490234	-2.808333	2.087198	
1	-6.202214	2.490234	-2.808333	2.087198	
1	-6.201172	2.488255	-2.806670	2.086732	
1	-6.201172	2.488255	-2.806670	2.086732	
1	-6.176675	2.441406	-2.767538	2.075859	
1	-6.176675	2.441406	-2.767538	2.075859	
1	-6.152344	2.395835	-2.729086	2.065335	
1	-6.152344	2.395835	-2.729086	2.065335	
1	-6.150615	2.392578	-2.726354	2.064593	
1	-6.150615	2.392578	-2.726354	2.064593	
1	-6.124284	2.343750	-2.685046	2.053475	
1	-6.124284	2.343750	-2.685046	2.053475	
1	-6.103516	2.305997	-2.652789	2.044918	
1	-6.103516	2.305997	-2.652789	2.044918	
1	-6.097459	2.294922	-2.643382	2.042444	
1	-6.097459	2.294922	-2.643382	2.042444	
1	-6.070306	2.246094	-2.601540	2.031551	
1	-6.070306	2.246094	-2.601540	2.031551	
1	-6.054688	2.218518	-2.577685	2.025423	
1	-6.054688	2.218518	-2.577685	2.025423	
1	-6.042715	2.197266	-2.559405	2.020769	
1	-6.042715	2.197266	-2.559405	2.020769	
1	-6.014723	2.148438	-2.517020	2.010111	
1	-6.014723	2.148438	-2.517020	2.010111	
1	-6.005859	2.133229	-2.503702	2.006801	
1	-6.005859	2.133229	-2.503702	2.006801	
1	-5.986365	2.099609	-2.474425	1.999590	
1	-5.986365	2.099609	-2.474425	1.999590	
1	-5.957509	2.050781	-2.431485	1.989175	
1	-5.957509	2.050781	-2.431485	1.989175	
1	-5.957031	2.049984	-2.430778	1.989005	
1	-5.957031	2.049984	-2.430778	1.989005	
1	-5.928380	2.001953	-2.388438	1.978928	
1	-5.928380	2.001953	-2.388438	1.978928	
1	-5.908203	1.968750	-2.358882	1.972004	
1	-5.908203	1.968750	-2.358882	1.972004	
1	-5.898750	1.953125	-2.345048	1.968795	
1	-5.898750	1.953125	-2.345048	1.968795	
1	-5.868731	1.904297	-2.301436	1.958807	
1	-5.868731	1.904297	-2.301436	1.958807	
1	-5.859375	1.889315	-2.287941	1.955756	
1	-5.859375	1.889315	-2.287941	1.955756	
1	-5.838322	1.855469	-2.257608	1.948968	
1	-5.838322	1.855469	-2.257608	1.948968	
1	-5.810547	1.811605	-2.217918	1.940229	
1	-5.810547	1.811605	-2.217918	1.940229	
1	-5.807415	1.806641	-2.213449	1.939255	
1	-5.807415	1.806641	-2.213449	1.939255	
1	-5.776180	1.757812	-2.169146	1.929714	
1	-5.776180	1.757812	-2.169146	1.929714	
1	-5.761719	1.735575	-2.148787	1.925398	
1	-5.761719	1.735575	-2.148787	1.925398	
1	-5.744482	1.708984	-2.124558	1.920316	
1	-5.744482	1.708984	-2.124558	1.920316	
1	-5.712891	1.661077	-2.080497	1.911231	
1	-5.712891	1.661077	-2.080497	1.911231	
1	-5.712285	1.660156	-2.079654	1.911059	
1	-5.712285	1.660156	-2.079654	1.911059	
1	-5.679772	1.611328	-2.034631	1.901986	
1	-5.679772	1.611328	-2.034631	1.901986	
1	-5.664062	1.588120	-2.013037	1.897708	
1	-5.664062	1.588120	-2.013037	1.897708	
1	-5.646763	1.562500	-1.989304	1.893062	
1	-5.646763	1.562500	-1.989304	1.893062	
1	-5.615234	1.516565	-1.946363	1.884804	
1	-5.615234	1.516565	-1.946363	1.884804	
1	-5.613253	1.513672	-1.943670	1.884292	
1	-5.613253	1.513672	-1.943670	1.884292	
1	-5.579388	1.464844	-1.897893	1.875710	
1	-5.579388	1.464844	-1.897893	1.875710	
1	-5.566406	1.446410	-1.880463	1.872499	
1	-5.566406	1.446410	-1.880463	1.872499	
1	-5.545037	1.416016	-1.851837	1.867293	
1	-5.545037	1.416016	-1.851837	1.867293	
1	-5.517578	1.377565	-1.815306	1.860772	
1	-5.517578	1.377565	-1.815306	1.860772	
1	-5.510177	1.367188	-1.805484	1.859042	
1	-5.510177	1.367188	-1.805484	1.859042	
1	-5.474875	1.318359	-1.758911	1.850976	
1	-5.474875	1.318359	-1.758911	1.850976	
1	-5.468750	1.309996	-1.750876	1.849607	
1	-5.468750	1.309996	-1.750876	1.849607	
1	-5.439137	1.269531	-1.712132	1.843098	
1	-5.439137	1.269531	-1.712132	1.843098	
1	-5.419922	1.243661	-1.687155	1.838985	
1	-5.419922	1.243661	-1.687155	1.838985	
1	-5.402879	1.220703	-1.665062	1.835400	
1	-5.402879	1.220703	-1.665062	1.835400	
1	-5.371094	1.178509	-1.624124	1.828890	
1	-5.371094	1.178509	-1.624124	1.828890	
1	-5.366097	1.171875	-1.617706	1.827885	
1	-5.366097	1.171875	-1.617706	1.827885	
1	-5.328859	1.123047	-1.570143	1.820571	
1	-5.328859	1.123047	-1.570143	1.820571	
1	-5.322266	1.114509	-1.561768	1.819308	
1	-5.322266	1.114509	-1.561768	1.819308	
1	-5.291138	1.074219	-1.522351	1.813458	
1	-5.291138	1.074219	-1.522351	1.813458	
1	-5.273438	1.051623	-1.500074	1.810224	
1	-5.273438	1.051623	-1.500074	1.810224	
1	-5.252874	1.025391	-1.474276	1.806542	
1	-5.252874	1.025391	-1.474276	1.806542	
1	-5.224609	0.989820	-1.439029	1.801624	
1	-5.224609	0.989820	-1.439029	1.801624	
1	-5.214064	0.976562	-1.425921	1.799828	
1	-5.214064	0.976562	-1.425921	1.799828	
1	-5.175781	0.929073	-1.378620	1.793496	
1	-5.175781	0.929073	-1.378620	1.793496	
1	-5.174701	0.927734	-1.377290	1.793321	
1	-5.174701	0.927734	-1.377290	1.793321	
1	-5.134858	0.878906	-1.328468	1.787037	
1	-5.134858	0.878906	-1.328468	1.787037	
1	-5.126953	0.869338	-1.318836	1.785827	
1	-5.126953	0.869338	-1.318836	1.785827	
1	-5.094451	0.830078	-1.279376	1.780970	
1	-5.094451	0.830078	-1.279376	1.780970	
1	-5.078125	0.810601	-1.259667	1.778605	
1	-5.078125	0.810601	-1.259667	1.778605	
1	-5.053462	0.781250	-1.230005	1.775123	
1	-5.053462	0.781250	-1.230005	1.775123	
1	-5.029297	0.752838	-1.201104	1.771820	
1	-5.029297	0.752838	-1.201104	1.771820	
1	-5.011882	0.732422	-1.180358	1.769503	
1	-5.011882	0.732422	-1.180358	1.769503	
1	-4.980469	0.696027	-1.143139	1.765460	
1	-4.980469	0.696027	-1.143139	1.765460	
1	-4.969702	0.683594	-1.130434	1.764113	
1	-4.969702	0.683594	-1.130434	1.764113	
1	-4.931641	0.640146	-1.085764	1.759515	
1	-4.931641	0.640146	-1.085764	1.759515	
1	-4.926910	0.634766	-1.080234	1.758961	
1	-4.926910	0.634766	-1.080234	1.758961	
1	-4.883500	0.585938	-1.029766	1.754051	
1	-4.883500	0.585938	-1.029766	1.754051	
1	-4.882812	0.585171	-1.028971	1.753976	
1	-4.882812	0.585171	-1.028971	1.753976	
1	-4.839488	0.537109	-0.979058	1.749391	
1	-4.839488	0.537109	-0.979058	1.749391	
1	-4.833984	0.531068	-0.972751	1.748831	
1	-4.833984	0.531068	-0.972751	1.748831	
1	-4.794818	0.488281	-0.928065	1.744984	
1	-4.794818	0.488281	-0.928065	1.744984	
1	-4.785156	0.477834	-0.917100	1.744073	
1	-4.785156	0.477834	-0.917100	1.744073	
1	-4.749473	0.439453	-0.876787	1.740835	
1	-4.749473	0.439453	-0.876787	1.740835	
1	-4.736328	0.425453	-0.862013	1.739692	
1	-4.736328	0.425453	-0.862013	1.739692	
1	-4.703438	0.390625	-0.825221	1.736950	
1	-4.703438	0.390625	-0.825221	1.736950	
1	-4.687500	0.373908	-0.807484	1.735680	
1	-4.687500	0.373908	-0.807484	1.735680	
1	-4.656695	0.341797	-0.773365	1.733335	
1	-4.656695	0.341797	-0.773365	1.733335	
1	-4.638672	0.323183	-0.753508	1.732028	
1	-4.638672	0.323183	-0.753508	1.732028	
1	-4.609222	0.292969	-0.721218	1.729996	
1	-4.609222	0.292969	-0.721218	1.729996	
1	-4.589844	0.273263	-0.700080	1.728728	
1	-4.589844	0.273263	-0.700080	1.728728	
1	-4.561001	0.244141	-0.668776	1.726940	
1	-4.561001	0.244141	-0.668776	1.726940	
1	-4.541016	0.224133	-0.647198	1.725771	
1	-4.541016	0.224133	-0.647198	1.725771	
1	-4.512006	0.195312	-0.616036	1.724175	
1	-4.512006	0.195312	-0.616036	1.724175	
1	-4.492188	0.175782	-0.594856	1.723151	
1	-4.492188	0.175782	-0.594856	1.723151	
1	-4.462215	0.146484	-0.562993	1.721706	
1	-4.462215	0.146484	-0.562993	1.721706	
1	-4.443359	0.128196	-0.543052	1.720859	
1	-4.443359	0.128196	-0.543052	1.720859	
1	-4.411600	0.097656	-0.509644	1.719541	
1	-4.411600	0.097656	-0.509644	1.719541	
1	-4.394531	0.081363	-0.491783	1.718889	
1	-4.394531	0.081363	-0.491783	1.718889	
1	-4.360133	0.048828	-0.455984	1.717689	
1	-4.360133	0.048828	-0.455984	1.717689	
1	-4.345703	0.035274	-0.441045	1.717232	
1	-4.345703	0.035274	-0.441045	1.717232	
1	-4.307783	0.000000	-0.402008	1.716157	
1	-4.307783	0.000000	-0.402008	1.716157	
1	-4.296875	-0.010081	-0.390838	1.715881	
1	-4.296875	-0.010081	-0.390838	1.715881	
1	-4.254518	-0.048828	-0.347712	1.714953	
1	-4.254518	-0.048828	-0.347712	1.714953	
1	-4.248047	-0.054712	-0.341158	1.714830	
1	-4.248047	-0.054712	-0.341158	1.714830	
1	-4.200303	-0.097656	-0.293090	1.714086	
1	-4.200303	-0.097656	-0.293090	1.714086	
1	-4.199219	-0.098626	-0.292004	1.714072	
1	-4.199219	-0.098626	-0.292004	1.714072	
1	-4.150391	-0.141867	-0.243374	1.713600	
1	-4.150391	-0.141867	-0.243374	1.713600	
1	-4.145116	-0.146484	-0.238153	1.713566	
1	-4.145116	-0.146484	-0.238153	1.713566	
1	-4.101562	-0.184421	-0.195268	1.713407	
1	-4.101562	-0.184421	-0.195268	1.713407	
1	-4.088903	-0.195312	-0.182881	1.713401	
1	-4.088903	-0.195312	-0.182881	1.713401	
1	-4.052734	-0.226287	-0.147685	1.713486	
1	-4.052734	-0.226287	-0.147685	1.713486	
1	-4.031616	-0.244141	-0.127266	1.713603	
1	-4.031616	-0.244141	-0.127266	1.713603	
1	-4.003906	-0.267470	-0.100623	1.713831	
1	-4.003906	-0.267470	-0.100623	1.713831	
1	-3.973208	-0.292969	-0.071302	1.714182	
1	-3.973208	-0.292969	-0.071302	1.714182	
1	-3.955078	-0.307974	-0.054083	1.714436	
1	-3.955078	-0.307974	-0.054083	1.714436	
1	-3.913633	-0.341797	-0.014988	1.715148	
1	-3.913633	-0.341797	-0.014988	1.715148	
1	-3.906250	-0.347804	-0.008063	1.715294	
1	-3.906250	-0.347804	-0.008063	1.715294	
1	-3.857422	-0.386994	0.037435	1.716399	
1	-3.857422	-0.386994	0.037435	1.716399	
1	-3.852836	-0.390625	0.041681	1.716515	
1	-3.852836	-0.390625	0.041681	1.716515	
1	-3.808594	-0.425577	0.082409	1.717743	
1	-3.808594	-0.425577	0.082409	1.717743	
1	-3.790750	-0.439453	0.098717	1.718294	
1	-3.790750	-0.439453	0.098717	1.718294	
1	-3.759766	-0.463503	0.126862	1.719322	
1	-3.759766	-0.463503	0.126862	1.719322	
1	-3.727316	-0.488281	0.156118	1.720498	
1	-3.727316	-0.488281	0.156118	1.720498	
1	-3.710938	-0.500771	0.170792	1.721129	
1	-3.710938	-0.500771	0.170792	1.721129	
1	-3.662474	-0.537109	0.213877	1.723141	
1	-3.662474	-0.537109	0.213877	1.723141	
1	-3.662109	-0.537383	0.214199	1.723157	
1	-3.662109	-0.537383	0.214199	1.723157	
1	-3.613281	-0.573462	0.257076	1.725400	
1	-3.613281	-0.573462	0.257076	1.725400	
1	-3.596088	-0.585938	0.272052	1.726240	
1	-3.596088	-0.585938	0.272052	1.726240	
1	-3.564453	-0.608896	0.299427	1.727852	
1	-3.564453	-0.608896	0.299427	1.727852	
1	-3.528134	-0.634766	0.330590	1.729808	
1	-3.528134	-0.634766	0.330590	1.729808	
1	-3.515625	-0.643682	0.341250	1.730507	
1	-3.515625	-0.643682	0.341250	1.730507	
1	-3.466797	-0.677876	0.382542	1.733358	
1	-3.466797	-0.677876	0.382542	1.733358	
1	-3.458486	-0.683594	0.389519	1.733862	
1	-3.458486	-0.683594	0.389519	1.733862	
1	-3.417969	-0.711518	0.423296	1.736399	
1	-3.417969	-0.711518	0.423296	1.736399	
1	-3.387009	-0.732422	0.448866	1.738423	
1	-3.387009	-0.732422	0.448866	1.738423	
1	-3.369141	-0.744515	0.463517	1.739623	
1	-3.369141	-0.744515	0.463517	1.739623	
1	-3.320312	-0.776908	0.503199	1.743024	
1	-3.320312	-0.776908	0.503199	1.743024	
1	-3.313643	-0.781250	0.508581	1.743503	
1	-3.313643	-0.781250	0.508581	1.743503	
1	-3.271484	-0.808787	0.542334	1.746596	
1	-3.271484	-0.808787	0.542334	1.746596	
1	-3.238154	-0.830078	0.568745	1.749129	
1	-3.238154	-0.830078	0.568745	1.749129	
1	-3.222656	-0.840018	0.580927	1.750332	
1	-3.222656	-0.840018	0.580927	1.750332	
1	-3.173828	-0.870688	0.618970	1.754225	
1	-3.173828	-0.870688	0.618970	1.754225	
1	-3.160459	-0.878906	0.629296	1.755318	
1	-3.160459	-0.878906	0.629296	1.755318	
1	-3.125000	-0.900818	0.656456	1.758269	
1	-3.125000	-0.900818	0.656456	1.758269	
1	-3.080392	-0.927734	0.690224	1.762090	
1	-3.080392	-0.927734	0.690224	1.762090	
1	-3.076172	-0.930296	0.693391	1.762457	
1	-3.076172	-0.930296	0.693391	1.762457	
1	-3.027344	-0.959309	0.729754	1.766781	
1	-3.027344	-0.959309	0.729754	1.766781	
1	-2.997583	-0.976562	0.751655	1.769482	
1	-2.997583	-0.976562	0.751655	1.769482	
1	-2.978516	-0.987695	0.765556	1.771235	
1	-2.978516	-0.987695	0.765556	1.771235	
1	-2.929688	-1.015531	0.800785	1.775812	
1	-2.929688	-1.015531	0.800785	1.775812	
1	-2.911959	-1.025391	0.813444	1.777505	
1	-2.911959	-1.025391	0.813444	1.777505	
1	-2.880859	-1.042832	0.835433	1.780505	
1	-2.880859	-1.042832	0.835433	1.780505	
1	-2.832031	-1.069522	0.869503	1.785306	
1	-2.832031	-1.069522	0.869503	1.785306	
1	-2.823213	-1.074219	0.875601	1.786185	
1	-2.823213	-1.074219	0.875601	1.786185	
1	-2.783203	-1.095740	0.902976	1.790206	
1	-2.783203	-1.095740	0.902976	1.790206	
1	-2.734375	-1.121310	0.935863	1.795200	
1	-2.734375	-1.121310	0.935863	1.795200	
1	-2.730966	-1.123047	0.938140	1.795553	
1	-2.730966	-1.123047	0.938140	1.795553	
1	-2.685547	-1.146447	0.968135	1.800277	
1	-2.685547	-1.146447	0.968135	1.800277	
1	-2.636719	-1.170921	0.999810	1.805433	
1	-2.636719	-1.170921	0.999810	1.805433	
1	-2.634758	-1.171875	1.001071	1.805642	
1	-2.634758	-1.171875	1.001071	1.805642	
1	-2.587891	-1.194972	1.030854	1.810655	
1	-2.587891	-1.194972	1.030854	1.810655	
1	-2.539062	-1.218372	1.061286	1.815938	
1	-2.539062	-1.218372	1.061286	1.815938	
1	-2.534041	-1.220703	1.064384	1.816485	
1	-2.534041	-1.220703	1.064384	1.816485	
1	-2.490234	-1.241333	1.091072	1.821270	
1	-2.490234	-1.241333	1.091072	1.821270	
1	-2.441406	-1.263675	1.120227	1.826645	
1	-2.441406	-1.263675	1.120227	1.826645	
1	-2.428176	-1.269531	1.128027	1.828110	
1	-2.428176	-1.269531	1.128027	1.828110	
1	-2.392578	-1.285541	1.148723	1.832052	
1	-2.392578	-1.285541	1.148723	1.832052	
1	-2.343750	-1.306837	1.176563	1.837481	
1	-2.343750	-1.306837	1.176563	1.837481	
1	-2.316446	-1.318359	1.191858	1.840527	
1	-2.316446	-1.318359	1.191858	1.840527	
1	-2.294922	-1.327604	1.203733	1.842923	
1	-2.294922	-1.327604	1.203733	1.842923	
1	-2.246094	-1.347862	1.230219	1.848367	
1	-2.246094	-1.347862	1.230219	1.848367	
1	-2.198104	-1.367188	1.255585	1.853711	
1	-2.198104	-1.367188	1.255585	1.853711	
1	-2.197266	-1.367532	1.256021	1.853804	
1	-2.197266	-1.367532	1.256021	1.853804	
1	-2.148438	-1.386752	1.281110	1.859220	
1	-2.148438	-1.386752	1.281110	1.859220	
1	-2.099609	-1.405395	1.305491	1.864605	
1	-2.099609	-1.405395	1.305491	1.864605	
1	-2.070728	-1.416016	1.319589	1.867776	
1	-2.070728	-1.416016	1.319589	1.867776	
1	-2.050781	-1.423517	1.329144	1.869948	
1	-2.050781	-1.423517	1.329144	1.869948	
1	-2.001953	-1.441129	1.352055	1.875236	
1	-2.001953	-1.441129	1.352055	1.875236	
1	-1.953125	-1.458194	1.374215	1.880456	
1	-1.953125	-1.458194	1.374215	1.880456	
1	-1.933205	-1.464844	1.383055	1.882567	
1	-1.933205	-1.464844	1.383055	1.882567	
1	-1.904297	-1.474747	1.395607	1.885594	
1	-1.904297	-1.474747	1.395607	1.885594	
1	-1.855469	-1.490773	1.416217	1.890638	
1	-1.855469	-1.490773	1.416217	1.890638	
1	-1.806641	-1.506282	1.436028	1.895571	
1	-1.806641	-1.506282	1.436028	1.895571	
1	-1.782202	-1.513672	1.445658	1.898000	
1	-1.782202	-1.513672	1.445658	1.898000	
1	-1.757812	-1.521268	1.455026	1.900380	
1	-1.757812	-1.521268	1.455026	1.900380	
1	-1.708984	-1.535716	1.473195	1.905050	
1	-1.708984	-1.535716	1.473195	1.905050	
1	-1.660156	-1.549673	1.490514	1.909561	
1	-1.660156	-1.549673	1.490514	1.909561	
1	-1.613653	-1.562500	1.506202	1.913697	
1	-1.613653	-1.562500	1.506202	1.913697	
1	-1.611328	-1.563163	1.506962	1.913898	
1	-1.611328	-1.563163	1.506962	1.913898	
1	-1.562500	-1.576029	1.522536	1.918046	
1	-1.562500	-1.576029	1.522536	1.918046	
1	-1.513672	-1.588423	1.537201	1.921982	
1	-1.513672	-1.588423	1.537201	1.921982	
1	-1.464844	-1.600388	1.550934	1.925686	
1	-1.464844	-1.600388	1.550934	1.925686	
1	-1.418579	-1.611328	1.563069	1.928965	
1	-1.418579	-1.611328	1.563069	1.928965	
1	-1.416016	-1.611959	1.563714	1.929139	
1	-1.416016	-1.611959	1.563714	1.929139	
1	-1.367188	-1.622807	1.575542	1.932324	
1	-1.367188	-1.622807	1.575542	1.932324	
1	-1.318359	-1.633262	1.586372	1.935213	
1	-1.318359	-1.633262	1.586372	1.935213	
1	-1.269531	-1.643407	1.596178	1.937783	
1	-1.269531	-1.643407	1.596178	1.937783	
1	-1.220703	-1.653378	1.604936	1.940010	
1	-1.220703	-1.653378	1.604936	1.940010	
1	-1.186132	-1.660156	1.610499	1.941368	
1	-1.186132	-1.660156	1.610499	1.941368	
1	-1.171875	-1.663112	1.612630	1.941871	
1	-1.171875	-1.663112	1.612630	1.941871	
1	-1.123047	-1.672312	1.619250	1.943343	
1	-1.123047	-1.672312	1.619250	1.943343	
1	-1.074219	-1.681858	1.624755	1.944399	
1	-1.074219	-1.681858	1.624755	1.944399	
1	-1.025391	-1.692682	1.629136	1.945017	
1	-1.025391	-1.692682	1.629136	1.945017	
1	-0.976562	-1.707587	1.632425	1.945185	
1	-0.976562	-1.707587	1.632425	1.945185	
1	-0.972674	-1.708984	1.632643	1.945178	
1	-0.972674	-1.708984	1.632643	1.945178	
1	-0.927734	-1.726895	1.634740	1.944883	
1	-0.927734	-1.726895	1.634740	1.944883	
1	-0.890302	-1.757812	1.636149	1.944203	
1	-0.890302	-1.757812	1.636149	1.944203	
1	-0.878906	-1.768013	1.636523	1.943891	
1	-0.878906	-1.768013	1.636523	1.943891	
1	-0.850904	-1.806641	1.637579	1.942568	
1	-0.850904	-1.806641	1.637579	1.942568	
1	-0.830078	-1.836850	1.638331	1.941131	
1	-0.830078	-1.836850	1.638331	1.941131	
1	-0.820670	-1.855469	1.638751	1.940128	
1	-0.820670	-1.855469	1.638751	1.940128	
1	-0.793239	-1.904297	1.639840	1.936792	
1	-0.793239	-1.904297	1.639840	1.936792	
1	-0.781250	-1.924259	1.640278	1.935143	
1	-0.781250	-1.924259	1.640278	1.935143	
1	-0.766906	-1.953125	1.640891	1.932537	
1	-0.766906	-1.953125	1.640891	1.932537	
1	-0.740873	-2.001953	1.641932	1.927358	
1	-0.740873	-2.001953	1.641932	1.927358	
1	-0.732422	-2.016452	1.642244	1.925628	
1	-0.732422	-2.016452	1.642244	1.925628	
1	-0.714964	-2.050781	1.642981	1.921261	
1	-0.714964	-2.050781	1.642981	1.921261	
1	-0.688760	-2.099609	1.644058	1.914249	
1	-0.688760	-2.099609	1.644058	1.914249	
1	-0.683594	-2.108426	1.644258	1.912878	
1	-0.683594	-2.108426	1.644258	1.912878	
1	-0.662508	-2.148438	1.645180	1.906339	
1	-0.662508	-2.148438	1.645180	1.906339	
1	-0.635675	-2.197266	1.646364	1.897530	
1	-0.635675	-2.197266	1.646364	1.897530	
1	-0.634766	-2.198788	1.646403	1.897240	
1	-0.634766	-2.198788	1.646403	1.897240	
1	-0.608830	-2.246094	1.647626	1.887847	
1	-0.608830	-2.246094	1.647626	1.887847	
1	-0.585938	-2.286165	1.648733	1.879232	
1	-0.585938	-2.286165	1.648733	1.879232	
1	-0.581316	-2.294922	1.648983	1.877283	
1	-0.581316	-2.294922	1.648983	1.877283	
1	-0.553633	-2.343750	1.650449	1.865863	
1	-0.553633	-2.343750	1.650449	1.865863	
1	-0.537109	-2.371540	1.651340	1.858964	
1	-0.537109	-2.371540	1.651340	1.858964	
1	-0.525408	-2.392578	1.652040	1.853587	
1	-0.525408	-2.392578	1.652040	1.853587	
1	-0.496759	-2.441406	1.653770	1.840467	
1	-0.496759	-2.441406	1.653770	1.840467	
1	-0.488281	-2.455130	1.654285	1.836617	
1	-0.488281	-2.455130	1.654285	1.836617	
1	-0.467797	-2.490234	1.655654	1.826519	
1	-0.467797	-2.490234	1.655654	1.826519	
1	-0.439453	-2.536808	1.657608	1.812435	
1	-0.439453	-2.536808	1.657608	1.812435	
1	-0.438152	-2.539062	1.657706	1.811738	
1	-0.438152	-2.539062	1.657706	1.811738	
1	-0.408396	-2.587891	1.659938	1.796155	
1	-0.408396	-2.587891	1.659938	1.796155	
1	-0.390625	-2.615902	1.661308	1.786830	
1	-0.390625	-2.615902	1.661308	1.786830	
1	-0.378010	-2.636719	1.662365	1.779761	
1	-0.378010	-2.636719	1.662365	1.779761	
1	-0.347133	-2.685547	1.665001	1.762567	
1	-0.347133	-2.685547	1.665001	1.762567	
1	-0.341797	-2.693641	1.665460	1.759632	
1	-0.341797	-2.693641	1.665460	1.759632	
1	-0.315996	-2.734375	1.667856	1.744596	
1	-0.315996	-2.734375	1.667856	1.744596	
1	-0.292969	-2.769388	1.670049	1.731206	
1	-0.292969	-2.769388	1.670049	1.731206	
1	-0.284215	-2.783203	1.670945	1.725837	
1	-0.284215	-2.783203	1.670945	1.725837	
1	-0.252044	-2.832031	1.674280	1.706310	
1	-0.252044	-2.832031	1.674280	1.706310	
1	-0.244141	-2.843603	1.675110	1.701557	
1	-0.244141	-2.843603	1.675110	1.701557	
1	-0.219510	-2.880859	1.677871	1.686028	
1	-0.219510	-2.880859	1.677871	1.686028	
1	-0.195312	-2.916207	1.680642	1.670850	
1	-0.195312	-2.916207	1.680642	1.670850	
1	-0.186360	-2.929688	1.681733	1.664982	
1	-0.186360	-2.929688	1.681733	1.664982	
1	-0.152791	-2.978516	1.685876	1.643192	
1	-0.152791	-2.978516	1.685876	1.643192	
1	-0.146484	-2.987401	1.686663	1.639135	
1	-0.146484	-2.987401	1.686663	1.639135	
1	-0.118877	-3.027344	1.690309	1.620673	
1	-0.118877	-3.027344	1.690309	1.620673	
1	-0.097656	-3.057087	1.693163	1.606570	
1	-0.097656	-3.057087	1.693163	1.606570	
1	-0.084370	-3.076172	1.695048	1.597414	
1	-0.084370	-3.076172	1.695048	1.597414	
1	-0.049299	-3.125000	1.700103	1.573422	
1	-0.049299	-3.125000	1.700103	1.573422	
1	-0.048828	-3.125638	1.700172	1.573103	
1	-0.048828	-3.125638	1.700172	1.573103	
