chi multiples
 N    ID    z   Narcs    chip    chix    chiy    chia   rmss     rmsi    dx      dy    nwarn
 0   11.2 4.500   1      0.00    0.00    0.00    0.00   0.008    0.02   -0.02    0.00  0
 0   11.1 4.500   1      0.00    0.00    0.00    0.00   0.008    0.01   -0.00    0.01  0
 0   11.2 4.500   2      0.00    0.00    0.00    0.00   0.008    0.01    N/A     N/A   0
 1   10.2 4.500   1      0.00    0.00    0.00    0.00   0.002    0.02    0.01   -0.01  0
 1   10.1 4.500   1      0.00    0.00    0.00    0.00   0.002    0.01    0.01   -0.01  0
 1   10.2 4.500   2      0.00    0.00    0.00    0.00   0.002    0.01    N/A     N/A   0
chimul                   0.00    0.00    0.00    0.00   0.006    0.01    N/A     N/A   0
log(Likelihood)         -1.81

chitot           0.00
log(Likelihood)    -1.81
