#REFERENCE 3 43.5728710 -58.9466850
   #ID       X         Y         R       EPS       TAU       AMP       E_AMP      DMAG  TIME[days]  DTIME    PARITY
  10.1    -5.440    -1.305     5.595     0.893     1.984    17.507   180.617      3.11     -54.6       0.0    ++
  10.1    -0.898     2.144     2.324     0.853     1.636    20.203   194.193      3.26     -36.7      17.9    ++
  10.1    -2.827     0.967     2.988     0.000     0.000    22.794   139.937      3.39     -31.5      23.1    +-
  10.2    -5.432    -1.302     5.586     0.970     4.003    15.675   131.963      2.99     -54.2       0.4    ++
  10.2    -2.844     0.951     2.999     0.856     1.656    27.122   252.289      3.58     -31.4      23.2    +-
  10.2    -0.869     2.156     2.325     0.000     0.000    18.081   110.195      3.14     -37.0      17.6    ++
  11.1    -5.515    -1.328     5.672     0.943     2.823    16.994   221.327      3.08     -58.7       0.0    ++
  11.1    -1.198     2.009     2.339     0.824     1.455    27.480   149.889      3.60     -34.1      24.6    ++
  11.1    -2.643     1.129     2.874     0.000     0.000    25.531    84.618      3.52     -31.8      26.9    +-
  11.2    -5.518    -1.313     5.672     0.979     4.794    23.725   534.494      3.44     -58.2       0.5    ++
  11.2    -2.638     1.147     2.877     0.825     1.458    33.550   318.969      3.81     -31.5      27.2    +-
  11.2    -1.233     2.003     2.352     0.000     0.000    57.126  1744.188      4.39     -33.6      25.1    ++
