#REFERENCE 0 43.5728710 -58.9466850
10.1 43.5743936 -58.9464165 0.061003 0.061000 45.13044 4.5000 -0.00 
10.2 43.5757963 -58.9470467 0.121140 0.014900 74.80358 4.5000 0.96 
10.2 43.5744025 -58.9464207 0.112698 0.031387 4.05990 4.5000 0.23 
10.2 43.5733390 -58.9460861 0.066000 0.065999 118.95463 4.5000 0.00 
11.1 43.5758408 -58.9470538 0.082925 0.014253 86.14471 4.5000 1.06 
11.1 43.5735161 -58.9461270 0.108994 0.033850 3.16664 4.5000 -0.18 
11.1 43.5742945 -58.9463714 0.056001 0.055996 114.01512 4.5000 0.00 
11.2 43.5758425 -58.9470498 0.103062 0.010635 77.14164 4.5000 1.25 
11.2 43.5742916 -58.9463664 0.098120 0.030421 2.16717 4.5000 0.17 
11.2 43.5735347 -58.9461285 0.059001 0.059000 31.01921 4.5000 -0.00 
