chi multiples
 N    ID    z   Narcs    chip    chix    chiy    chia   rmss     rmsi    dx      dy    nwarn
 0    2.2 4.500   1      0.02    0.00    0.00    0.00   0.055    0.07    0.07   -0.01  0
 0    2.1 4.500   1      0.04    0.00    0.00    0.00   0.055    0.10    0.10   -0.01  0
 0    2.2 4.500   2      0.06    0.00    0.00    0.00   0.055    0.08    N/A     N/A   0
 1    1.3 4.500   1      0.00    0.00    0.00    0.00   0.005    0.01    0.00    0.01  0
 1    1.2 4.500   1      0.03    0.00    0.00    0.00   0.031    0.09   -0.06   -0.06  0
 1    1.1 4.500   1      0.01    0.00    0.00    0.00   0.027    0.04   -0.04    0.02  0
 1    1.3 4.500   3      0.04    0.00    0.00    0.00   0.024    0.06    N/A     N/A   0
chimul                   0.10    0.00    0.00    0.00   0.040    0.07    N/A     N/A   0
log(Likelihood)         -2.31

chitot           0.10
log(Likelihood)    -2.31
