#REFERENCE 3 28.1644670 -13.9684820
   #ID       X         Y         R       EPS       TAU       AMP       E_AMP      DMAG  TIME[days]  DTIME    PARITY
   1.1    -1.373     0.482     1.455     0.947     2.948    75.244  1308.268      4.69    -114.3       0.0    ++
   1.1     0.806     0.922     1.224     0.704     0.990   883.772  13511.228      7.37     -62.2      52.1    ++
   1.1     0.407     1.077     1.151     0.000     0.000    60.963   436.964      4.46     -61.1      53.3    +-
   1.2    -1.350     0.568     1.465     0.991     7.523   140.219  4100.736      5.37    -115.4      -1.1    ++
   1.3     0.426     1.095     1.175     0.996    10.782   158.925  2837.064      5.50     -63.2      51.2    +-
   1.3     0.782     0.961     1.239     0.993     8.608   600.323  12145.622      6.95     -64.0      50.4    ++
   1.3    -1.360     0.519     1.455     0.972     4.167    78.655   985.390      4.74    -114.3       0.1    ++
   2.1    -1.111     0.492     1.215     0.843     1.568    60.321   601.973      4.45     -81.1       0.0    ++
   2.1     1.219     0.708     1.410     0.682     0.933    97.473  1833.255      4.97     -91.9     -10.7    ++
   2.1    -0.012     1.060     1.060     0.000     0.000    24.445   232.917      3.47     -63.2      18.0    +-
   2.2    -0.899     0.644     1.106     0.928     2.497    30.897   201.394      3.72     -67.1      14.0    ++
   2.2    -0.231     1.026     1.051     0.880     1.857    22.698   519.303      3.39     -63.0      18.1    +-
   2.2     1.350     0.722     1.531     0.000     0.000    27.556   237.357      3.60    -109.9     -28.8    ++
