chi multiples
 N    ID    z   Narcs    chip    chix    chiy    chia   rmss     rmsi    dx      dy    nwarn
 0   32.3 4.500   1      0.02    0.00    0.00    0.00   0.053    0.07   -0.05   -0.05  0
 0   32.2 4.500   1      0.57    0.00    0.00    0.00   0.154    0.38    0.27    0.27  0
 0   32.1 4.500   1      0.58    0.00    0.00    0.00   0.191    0.38   -0.22   -0.31  0
 0   32.3 4.500   3      1.17    0.00    0.00    0.00   0.145    0.31    N/A     N/A   0
 1   31.3 4.500   1      0.00    0.00    0.00    0.00   0.014    0.01   -0.01   -0.00  0
 1   31.2 4.500   1      0.01    0.00    0.00    0.00   0.039    0.04    0.04    0.00  0
 1   31.1 4.500   1      0.00    0.00    0.00    0.00   0.029    0.04   -0.03   -0.01  0
 1   31.3 4.500   3      0.01    0.00    0.00    0.00   0.029    0.03    N/A     N/A   0
 2    3.3 4.500   1      0.00    0.00    0.00    0.00   0.022    0.02   -0.02   -0.01  0
 2    3.2 4.500   1      1.03    0.00    0.00    0.00   0.236    0.51   -0.26   -0.44  0
 2    3.1 4.500   1      1.01    0.00    0.00    0.00   0.222    0.50    0.26    0.43  0
 2    3.3 4.500   3      2.04    0.00    0.00    0.00   0.188    0.41    N/A     N/A   0
chimul                   3.22    0.00    0.00    0.00   0.138    0.30    N/A     N/A   0
log(Likelihood)         -5.68

chitot           3.22
log(Likelihood)    -5.68
