1 -3609.098880 0.460302 76.739099 3.376273 184.899699 0.000000
1 -1820.570882 0.480845 13.569409 0.246889 231.046432 0.000000
1 -3609.098809 0.069685 62.971169 8.951686 480.833130 0.000000
1 -3609.146729 0.043908 30.258917 2.984332 479.016872 0.000000
1 -3609.098715 0.759441 -59.862601 8.546854 33.115983 0.000000
1 -3609.098718 0.170589 57.560078 10.393159 301.545201 0.000000
1 -3609.098783 0.502466 -75.377531 3.117504 169.921590 0.000000
1 -3609.098715 0.226689 -18.337474 8.192645 107.041200 0.000000
1 -3609.098715 0.456015 -59.198369 7.874869 97.178913 0.000000
1 -3609.098734 0.301596 -46.644106 3.390172 124.718743 0.000000
1 -95.392868 0.354469 45.809478 0.326854 392.180968 -1.234432
1 -36.514194 0.601167 69.682422 0.342177 302.939473 -1.234432
1 -3609.098715 0.336391 59.945761 11.978404 30.505114 -1.234432
1 -6.060826 0.566044 13.576848 0.281606 221.273354 -1.234432
1 -12.992924 0.409429 27.340921 0.147570 239.391353 -1.234432
1 -61.835052 0.056393 69.037040 0.233970 362.684180 -1.234432
1 -3612.493949 0.195858 -14.498736 0.761128 208.307684 -1.234432
1 -3609.099512 0.569513 -20.012050 3.419449 213.028941 -1.234432
1 -3609.278511 0.214766 66.886609 2.806778 442.247855 -1.234432
1 -12.467112 0.543021 -66.369481 0.641980 336.721980 -1.234432
1 -4.399384 0.697108 9.209609 0.251395 209.096117 -1.481774
1 -6.719313 0.632937 70.057310 0.871549 312.938357 -1.481774
1 -3609.104857 0.676767 5.851600 5.817637 390.315887 -1.481774
1 -1819.823469 0.567924 12.532728 0.087099 222.275342 -1.481774
1 -3609.098715 0.491300 -43.910768 9.713997 36.279293 -1.481774
1 -31.041761 0.385908 2.419457 0.971179 298.775078 -1.481774
1 -3609.099057 0.579145 44.106562 10.184830 492.208253 -1.481774
1 -30.748850 0.414889 68.924272 0.803614 301.313485 -1.481774
1 -1808.468987 0.194616 -8.318557 4.454008 484.657198 -1.481774
1 -25.803869 0.040054 -73.487582 1.014298 295.068323 -1.481774
1 -94.164033 0.015054 -1.930664 0.198154 374.277245 -1.685726
1 -131.427384 0.747797 -15.274148 0.294703 492.212417 -1.685726
1 -32.345956 0.422037 70.396485 0.800287 305.748273 -1.685726
1 -6.885236 0.581708 6.441326 0.188224 219.647029 -1.685726
1 -3609.104712 0.789519 88.033410 7.213510 481.966893 -1.685726
1 -18.923363 0.337806 -89.732393 0.521836 263.709448 -1.685726
1 -3609.098715 0.627923 38.406755 11.335004 105.013482 -1.685726
1 -7.944723 0.410733 -84.693818 0.451617 283.097560 -1.685726
1 -11.647096 0.328563 34.794331 1.433770 349.317969 -1.685726
1 -3609.100805 0.388294 -6.801967 1.873974 140.276973 -1.685726
1 -7.211232 0.686432 24.734330 1.054718 281.091306 -1.745588
1 -20.211876 0.726579 -26.101683 0.738394 364.805896 -1.745588
1 -11.331855 0.341833 68.272382 0.964266 242.308311 -1.745588
1 -4.249060 0.636501 15.285203 0.150999 194.603211 -1.745588
1 -84.348581 0.753920 -0.890531 0.412808 450.839533 -1.745588
1 -58.403375 0.589915 65.030070 0.029313 301.428596 -1.745588
1 -32.784173 0.467596 -8.776323 0.283555 239.748372 -1.745588
1 -12.404015 0.431927 -84.488997 0.274857 296.296652 -1.745588
1 -5.894605 0.511114 19.559582 1.954191 326.618431 -1.745588
1 -3609.099438 0.789438 53.558853 5.350117 259.978970 -1.745588
1 -6.626933 0.644443 8.010851 3.995299 422.691422 -1.834233
1 -6.622065 0.034309 -27.634230 0.847300 282.017237 -1.834233
1 -75.413717 0.502581 -54.853083 0.122870 309.227723 -1.834233
1 -3.606076 0.077560 6.434477 0.005421 115.322626 -1.834233
1 -1808.610033 0.704549 -9.834222 2.726848 371.976154 -1.834233
1 -7.649173 0.644089 87.442167 0.683005 321.733749 -1.834233
1 -149.305964 0.201392 73.105706 0.077589 383.877205 -1.834233
1 -16.065503 0.315974 77.027883 0.744307 259.363522 -1.834233
1 -19.053984 0.357175 -74.351833 0.074941 237.471756 -1.834233
1 -3609.098716 0.443206 -50.708676 7.883862 171.623581 -1.834233
1 -5.101204 0.501913 -17.730195 3.955940 418.884164 -1.836943
1 -6.606272 0.252019 54.435497 2.213138 339.242120 -1.836943
1 -41.610957 0.405671 -88.404589 0.349364 359.261614 -1.836943
1 -3.584576 0.080002 8.627280 0.018634 118.339745 -1.836943
1 -7.574463 0.707789 -33.661268 0.983637 242.261295 -1.836943
1 -9.012250 0.689789 77.241080 0.898439 351.677162 -1.836943
1 -27.316024 0.707779 -70.404097 0.184745 330.126345 -1.836943
1 -7.849884 0.189241 -60.690875 1.521393 346.635983 -1.836943
1 -46.389290 0.548317 66.295447 0.849031 339.323398 -1.836943
1 -9.908614 0.592891 -36.716039 0.089959 235.081534 -1.836943
1 -5.418892 0.386407 -25.044665 4.337990 447.397838 -1.838409
1 -10.493392 0.256855 57.114124 2.190733 337.310158 -1.838409
1 -9.046745 0.273296 54.925012 0.478425 276.709125 -1.838409
1 -3.546589 0.081953 8.328491 0.022117 119.634170 -1.838409
1 -4.650865 0.075973 21.398618 1.317220 291.135709 -1.838409
1 -11.400054 0.653331 63.283024 0.974870 352.374964 -1.838409
1 -4.724755 0.792886 -82.408849 0.363715 280.658251 -1.838409
1 -7.843964 0.321558 -75.544954 0.658397 296.388635 -1.838409
1 -15.517135 0.483813 46.000104 0.395255 308.411410 -1.838409
1 -7.819162 0.578191 -35.220508 0.612469 212.263605 -1.838409
1 -8.667649 0.450051 -37.735924 1.388586 347.423155 -1.846322
1 -229.753203 0.301247 79.809504 0.056529 439.925440 -1.846322
1 -18.160379 0.229344 -3.075008 0.549093 313.515313 -1.846322
1 -50.482434 0.540321 -89.433718 0.161001 342.827295 -1.846322
1 -59.589520 0.119388 18.361210 0.279455 382.451608 -1.846322
1 -3.546336 0.104902 87.612238 0.026704 200.359204 -1.846322
1 -46.552327 0.721310 69.222513 0.685513 345.920366 -1.846322
1 -9.092136 0.322584 -88.951724 0.797379 265.528015 -1.846322
1 -10.776172 0.482429 -59.238201 0.337276 290.695862 -1.846322
1 -4.391576 0.597917 31.115075 0.170337 205.584854 -1.846322
1 -30.058802 0.218200 -89.385674 0.304760 329.851087 -1.849842
1 -11.662723 0.245242 62.723557 0.314541 279.444857 -1.849842
1 -21.056758 0.351919 4.735756 0.190010 265.745275 -1.849842
1 -3.164159 0.014877 -41.372045 1.912330 338.650188 -1.849842
1 -6.817570 0.276559 72.850320 1.960321 374.072853 -1.849842
1 -4.370270 0.019212 -82.926160 0.606115 254.183714 -1.849842
1 -83.674781 0.764965 -83.488329 0.036807 415.372829 -1.849842
1 -7.813442 0.154687 17.796397 0.444265 262.844498 -1.849842
1 -2.884425 0.191423 68.747928 0.778128 243.693457 -1.849842
1 -3.786527 0.551682 33.491864 0.115445 194.578628 -1.849842
1 -20.582201 0.105348 23.246753 0.662377 322.759150 -1.857734
1 -3.538747 0.267362 16.453036 0.983706 251.323946 -1.857734
1 -12.454816 0.601813 11.343141 1.574983 378.806273 -1.857734
1 -13.317492 0.039446 -61.699132 1.644297 330.523561 -1.857734
1 -153.831658 0.237936 -83.254585 0.165820 393.469255 -1.857734
1 -20.617276 0.235444 11.251133 0.712616 331.368487 -1.857734
1 -120.404801 0.713833 -84.965337 0.192701 449.785505 -1.857734
1 -8.084949 0.441865 -75.260683 0.930723 328.038306 -1.857734
1 -10.628924 0.226003 24.266330 2.254716 388.783182 -1.857734
1 -3.892940 0.584083 54.927032 0.397580 222.249816 -1.857734
1 -2.767059 0.111547 -75.813785 0.078842 195.421787 -1.861028
1 -2.990213 0.478716 78.782293 0.210758 197.470097 -1.861028
1 -20.700482 0.587852 -62.694699 0.574335 367.945213 -1.861028
1 -5.374051 0.261471 -17.595272 0.060926 205.760171 -1.861028
1 -29.203741 0.716219 -17.263396 0.406247 367.374588 -1.861028
1 -23.766502 0.167031 -42.262572 0.530263 338.793507 -1.861028
1 -16.589885 0.017105 69.401407 4.339736 491.674205 -1.861028
1 -6.126249 0.390050 -89.028978 1.028583 315.593457 -1.861028
1 -6.305720 0.141941 64.057374 2.355189 381.961898 -1.861028
1 -7.409076 0.578820 57.133462 0.443374 224.645526 -1.861028
1 -3.299099 0.202512 85.591410 0.520364 227.615719 -1.867650
1 -58.975559 0.122539 61.035071 0.489937 348.283423 -1.867650
1 -56.151077 0.583544 -60.008059 0.313502 350.494248 -1.867650
1 -14.438044 0.042655 5.265859 0.072774 252.060279 -1.867650
1 -10.570294 0.032513 45.135483 1.822845 349.231660 -1.867650
1 -54.286398 0.193220 -37.929412 0.298688 339.520408 -1.867650
1 -9.481792 0.660877 -84.352250 1.271507 246.394273 -1.867650
1 -22.838690 0.177957 -88.198410 0.983026 300.993793 -1.867650
1 -10.142629 0.015596 39.195255 2.102247 366.635011 -1.867650
1 -4.479043 0.770210 -14.570902 0.756482 222.333595 -1.867650
1 -6.928311 0.056945 -67.557973 0.321669 241.601045 -1.874895
1 -114.578108 0.065861 72.634356 0.213173 380.923769 -1.874895
1 -8.263579 0.142366 -29.278925 3.406871 425.912518 -1.874895
1 -9.091787 0.720950 53.057966 1.302027 376.556257 -1.874895
1 -10.265390 0.114512 -66.107481 2.425222 359.032826 -1.874895
1 -29.178693 0.226391 -43.959942 0.516400 352.478524 -1.874895
1 -5.131534 0.618364 -50.743681 0.984443 312.401967 -1.874895
1 -11.966704 0.279278 68.579003 1.148062 261.905210 -1.874895
1 -4.220094 0.531417 21.458724 2.755251 358.098760 -1.874895
1 -10.898586 0.574249 -64.816957 0.315003 301.367769 -1.874895
1 -8.499713 0.038856 -64.309570 0.287876 246.260216 -1.884229
1 -86.643153 0.722189 69.886426 0.332526 403.658138 -1.884229
1 -8.331807 0.119195 -33.623363 3.242294 416.291903 -1.884229
1 -61.978192 0.219937 -9.548592 0.236109 385.136930 -1.884229
1 -10.730449 0.095735 -73.980387 1.590783 314.265083 -1.884229
1 -59.550487 0.262478 -16.642792 0.313543 382.293236 -1.884229
1 -12.043723 0.690768 -69.294914 0.297665 323.299297 -1.884229
1 -17.273548 0.760829 32.340932 0.878651 365.929590 -1.884229
1 -5.596722 0.501137 23.745482 1.813202 315.540672 -1.884229
1 -4.587065 0.568297 52.253538 0.626784 252.118607 -1.884229
1 -7.634258 0.124961 -57.834438 0.738493 252.972798 -1.890035
1 -37.479942 0.040048 37.923489 0.408399 332.043149 -1.890035
1 -8.555303 0.131339 -30.828998 3.216421 415.539066 -1.890035
1 -55.877681 0.637949 16.774015 0.583205 344.181659 -1.890035
1 -15.389117 0.061282 -69.169136 1.437449 315.500992 -1.890035
1 -6.788558 0.464049 -36.918935 1.080159 305.759651 -1.890035
1 -8.657006 0.761503 28.832553 0.612393 278.624058 -1.890035
1 -8.799777 0.704769 14.223920 1.767790 333.500448 -1.890035
1 -3.378213 0.757287 -5.722216 1.436550 259.462935 -1.890035
1 -12.527409 0.604999 46.540948 0.284017 262.305799 -1.890035
1 -4.761410 0.122265 -48.663255 1.205651 293.625927 -1.894428
1 -56.679494 0.050827 39.748090 0.536692 341.392597 -1.894428
1 -5.189291 0.141867 82.638828 2.375148 388.040615 -1.894428
1 -9.096408 0.533129 64.121889 0.796595 304.797689 -1.894428
1 -6.112916 0.011602 -64.426556 1.359739 313.893576 -1.894428
1 -6.984377 0.437975 -36.517337 1.169154 313.824905 -1.894428
1 -5.408360 0.678104 -22.334583 1.590117 276.759406 -1.894428
1 -4.618986 0.268231 32.094504 1.449201 286.081437 -1.894428
1 -6.304764 0.074997 79.575842 1.325457 310.041772 -1.894428
1 -20.049761 0.283485 39.838200 0.635331 238.232994 -1.894428
1 -7.123942 0.404719 60.898537 2.766317 445.446051 -1.901385
1 -51.629743 0.142658 -0.756174 0.128575 315.928522 -1.901385
1 -3.191959 0.012088 82.771562 0.365947 221.513179 -1.901385
1 -8.685528 0.583595 78.195704 2.413232 462.544568 -1.901385
1 -18.705829 0.029535 -43.408035 1.543639 331.960314 -1.901385
1 -6.335981 0.284314 74.236744 1.667567 350.143840 -1.901385
1 -12.148750 0.624427 42.358115 1.254354 356.608648 -1.901385
1 -9.133791 0.333034 -62.583152 0.425816 216.026609 -1.901385
1 -8.480920 0.741909 57.897791 1.864327 443.911278 -1.901385
1 -3.246210 0.348850 1.978137 0.266299 199.077837 -1.901385
1 -8.563016 0.138311 70.710236 3.560729 470.090294 -1.916069
1 -34.028817 0.027103 -8.537748 0.943659 309.180809 -1.916069
1 -2.244847 0.056062 50.321820 0.681170 229.910967 -1.916069
1 -13.025716 0.618651 56.312600 2.207750 455.136354 -1.916069
1 -27.044394 0.337783 16.896706 0.544278 319.323724 -1.916069
1 -10.557455 0.718451 -69.695354 1.035475 388.462730 -1.916069
1 -3.941392 0.395558 27.736868 2.050090 321.366486 -1.916069
1 -4.885321 0.192341 -2.359911 3.743485 439.701795 -1.916069
1 -4.567838 0.609328 86.125292 2.905204 497.316463 -1.916069
1 -31.584344 0.345294 -13.120137 0.323670 266.005085 -1.916069
1 -10.839513 0.141290 41.201596 3.354453 451.743962 -1.949896
1 -5.463513 0.190359 -2.461614 3.881050 449.034063 -1.949896
1 -5.417220 0.293312 58.726678 0.065371 201.268520 -1.949896
1 -11.705698 0.707052 48.505900 2.092134 460.049336 -1.949896
1 -107.731961 0.024899 7.453229 0.352274 397.436859 -1.949896
1 -8.284820 0.711714 -87.397922 0.182792 268.348750 -1.949896
1 -5.575853 0.309801 33.181488 2.125662 337.943311 -1.949896
1 -10.586333 0.135068 85.875132 1.016415 324.544701 -1.949896
1 -7.900449 0.669558 -35.706777 2.187591 453.346374 -1.949896
1 -8.614363 0.407821 20.158860 1.259989 293.346043 -1.949896
1 -9.604287 0.143107 40.505364 3.422414 453.364243 -2.005248
1 -6.289381 0.152009 -17.756715 3.944789 454.234370 -2.005248
1 -7.535792 0.443284 37.619450 1.275494 320.087360 -2.005248
1 -13.936082 0.686576 39.529559 2.653226 495.158475 -2.005248
1 -88.576135 0.003234 13.043697 0.233941 383.244978 -2.005248
1 -8.103056 0.690013 -43.985734 0.619724 290.850730 -2.005248
1 -49.484720 0.638395 70.329636 0.331546 285.368120 -2.005248
1 -36.565408 0.726251 88.492754 1.625632 403.995889 -2.005248
1 -3.391935 0.139364 -71.884474 0.248465 209.623550 -2.005248
1 -4.815400 0.505000 13.091355 1.710922 305.208410 -2.005248
1 -5.240308 0.405638 15.561669 1.435201 292.361612 -2.115607
1 -5.920073 0.248617 -16.352597 4.003006 447.691589 -2.115607
1 -121.454186 0.378864 18.849751 0.031721 374.402386 -2.115607
1 -12.003898 0.688307 11.795496 0.948818 294.929187 -2.115607
1 -9.764279 0.413377 12.028187 1.033219 300.811988 -2.115607
1 -23.648053 0.317440 -31.536237 1.070320 295.002583 -2.115607
1 -18.899093 0.797253 53.595913 0.062062 287.941330 -2.115607
1 -21.297004 0.281776 37.109869 0.787524 279.845396 -2.115607
1 -3.183138 0.137054 -72.672838 0.277246 208.948928 -2.115607
1 -6.787931 0.534540 -12.769854 4.573251 452.515385 -2.115607
1 -59.023634 0.601541 6.832902 0.858791 350.258826 -2.230929
1 -5.601397 0.278994 -23.259413 4.044848 443.747780 -2.230929
1 -7.957301 0.791942 54.116790 0.674477 304.760036 -2.230929
1 -14.026413 0.757652 -39.863033 1.293890 272.119753 -2.230929
1 -4.737155 0.257383 -61.490995 1.213120 306.645101 -2.230929
1 -3.795551 0.357045 6.743637 2.847469 373.128663 -2.230929
1 -3.388773 0.018431 -75.074998 1.164429 285.571670 -2.230929
1 -16.103463 0.529972 -29.399494 0.700001 332.601835 -2.230929
1 -2.113135 0.063775 -48.789599 0.060786 182.493115 -2.230929
1 -4.915880 0.503288 -22.688240 4.238536 430.390818 -2.230929
1 -11.289317 0.366974 -5.791789 2.217111 397.910264 -2.376199
1 -6.047641 0.278440 -22.534291 4.013984 443.734356 -2.376199
1 -15.075259 0.375677 27.380368 1.130583 342.391384 -2.376199
1 -6.312853 0.789472 -30.312356 2.223020 308.519053 -2.376199
1 -3.119424 0.216285 -76.137253 0.952404 267.073495 -2.376199
1 -23.775209 0.506175 -89.827485 0.186591 260.042944 -2.376199
1 -11.388865 0.509278 41.029591 0.758063 277.114361 -2.376199
1 -12.109627 0.673190 -74.268969 0.154637 280.367237 -2.376199
1 -1.871619 0.028515 -27.052742 0.138960 180.031308 -2.376199
1 -7.195790 0.773088 13.972420 2.958461 376.215675 -2.376199
1 -4.456795 0.378025 14.534706 3.641121 418.220618 -2.543266
1 -6.752431 0.281768 -31.974671 4.030973 442.843979 -2.543266
1 -10.322289 0.420374 45.099160 1.097378 328.191599 -2.543266
1 -4.141837 0.589721 3.298380 2.718054 351.465997 -2.543266
1 -2.058943 0.131811 -48.085789 0.223492 181.761464 -2.543266
1 -9.813349 0.794062 -51.945806 0.330716 201.916599 -2.543266
1 -21.484520 0.227672 51.167515 0.765215 285.205697 -2.543266
1 -13.931412 0.078173 80.146763 0.615438 301.561944 -2.543266
1 -1.881789 0.046300 -37.755070 0.102885 166.119224 -2.543266
1 -4.150058 0.447427 -4.781893 3.328704 392.052489 -2.543266
1 -5.206466 0.221171 16.560772 1.753784 317.530524 -2.679574
1 -6.980316 0.224400 -13.861245 4.883132 497.048884 -2.679574
1 -7.163616 0.077409 50.167321 0.624142 259.027704 -2.679574
1 -4.322572 0.571706 23.040325 3.118333 374.814320 -2.679574
1 -4.773045 0.718231 -61.864730 0.075554 223.662562 -2.679574
1 -6.191372 0.692073 16.341413 3.036422 375.852172 -2.679574
1 -12.838521 0.714538 -2.220011 0.549414 292.896411 -2.679574
1 -5.951418 0.548152 30.206909 1.881285 317.487344 -2.679574
1 -5.670703 0.114385 21.948030 1.369744 308.399325 -2.679574
1 -7.900540 0.212646 39.436637 0.658585 265.483416 -2.679574
1 -6.762246 0.198131 2.597694 2.228734 357.258861 -2.988843
1 -6.734020 0.221285 -13.718598 4.888507 497.138732 -2.988843
1 -20.022845 0.554993 -46.256329 0.751407 283.388138 -2.988843
1 -4.065158 0.593533 1.651139 3.648155 397.776587 -2.988843
1 -4.911901 0.710492 -61.681960 0.076349 224.414082 -2.988843
1 -10.172843 0.607757 -26.647112 1.069995 322.284499 -2.988843
1 -13.007237 0.454654 35.106963 1.240214 347.553809 -2.988843
1 -3.062653 0.603713 15.627629 2.005105 304.869007 -2.988843
1 -6.276177 0.046652 -2.464290 2.784354 398.715040 -2.988843
1 -3.994578 0.616891 28.026837 4.205600 421.130073 -2.988843
1 -4.531618 0.424649 -17.825629 2.547966 345.423296 -3.200436
1 -6.950144 0.295017 -10.981981 4.398675 467.506982 -3.200436
1 -3.824524 0.203654 32.195415 0.871340 252.466305 -3.200436
1 -3.301567 0.677577 11.454342 1.793317 291.364552 -3.200436
1 -3.585928 0.644613 -67.004611 0.360695 239.602465 -3.200436
1 -10.138913 0.676539 31.551250 0.497537 292.015078 -3.200436
1 -4.988878 0.487443 -13.901003 1.828951 302.908739 -3.200436
1 -4.689673 0.788213 38.083402 2.994051 350.819721 -3.200436
1 -7.946161 0.735281 -42.726625 0.999937 344.251710 -3.200436
1 -4.935394 0.600856 31.043899 4.334578 431.537559 -3.200436
1 -4.111768 0.554717 13.083877 3.521100 396.272584 -3.480893
1 -4.411031 0.367704 20.938712 4.590750 465.457368 -3.480893
1 -4.532912 0.289389 -16.372381 2.777501 370.304695 -3.480893
1 -4.618629 0.419839 -13.965464 2.656286 355.640813 -3.480893
1 -13.958497 0.748339 54.996456 0.246568 276.500902 -3.480893
1 -5.705773 0.383046 6.625756 1.103714 265.675348 -3.480893
1 -7.214980 0.337903 2.696325 4.401219 467.000209 -3.480893
1 -3.759945 0.791248 26.097691 2.881649 344.613193 -3.480893
1 -4.884888 0.678299 -62.786071 0.250319 242.674966 -3.480893
1 -3.383213 0.642996 22.278260 3.248158 371.268152 -3.480893
1 -4.763143 0.528462 6.135283 3.517663 400.904016 -3.685314
1 -3.637494 0.351212 15.748446 5.094292 488.779560 -3.685314
1 -4.082705 0.787628 22.135094 1.349193 271.176164 -3.685314
1 -5.404687 0.455395 -2.447489 2.711384 365.474358 -3.685314
1 -5.595822 0.588215 15.982543 2.964091 374.378224 -3.685314
1 -3.775268 0.457350 28.228925 0.339540 210.045351 -3.685314
1 -5.987696 0.478277 16.953189 4.344073 448.960229 -3.685314
1 -5.051514 0.557766 8.907628 1.851042 313.572712 -3.685314
1 -5.717083 0.599575 -89.722575 0.517753 281.765142 -3.685314
1 -3.374069 0.538874 -1.210015 2.666689 346.656480 -3.685314
1 -5.299985 0.651992 29.305579 2.201360 327.128248 -4.056558
1 -4.658208 0.308483 10.519457 5.170188 499.467482 -4.056558
1 -4.406541 0.779035 13.591080 1.643188 292.290911 -4.056558
1 -4.864603 0.582338 43.220406 2.188335 317.215729 -4.056558
1 -4.366389 0.535967 17.610005 3.446037 395.087369 -4.056558
1 -5.645902 0.590173 -6.455700 2.123552 326.328042 -4.056558
1 -6.123513 0.487955 17.951627 4.205500 442.190354 -4.056558
1 -5.671109 0.479544 2.685370 3.247971 394.707785 -4.056558
1 -3.680445 0.416018 29.545571 0.865952 233.177602 -4.056558
1 -5.491872 0.622799 40.823108 0.292173 197.881159 -4.056558
1 -3.185497 0.587367 18.197522 0.653195 217.645344 -4.371774
1 -4.684200 0.307460 -1.517988 5.133595 496.938405 -4.371774
1 -2.115502 0.121025 57.082538 0.020732 172.813239 -4.371774
1 -7.866479 0.286580 33.238563 0.732468 254.694013 -4.371774
1 -2.265733 0.031026 58.894098 0.473256 217.967718 -4.371774
1 -3.620396 0.515821 29.182818 0.413699 214.139049 -4.371774
1 -3.597328 0.537526 17.198115 4.001049 418.699096 -4.371774
1 -5.021500 0.533014 5.175026 2.325603 340.089996 -4.371774
1 -4.809063 0.470415 32.945981 0.240727 187.893438 -4.371774
1 -4.281776 0.615424 31.057836 1.380406 270.771807 -4.371774
1 -4.738084 0.611675 9.952680 1.795027 306.195769 -4.827458
1 -4.517222 0.334713 -3.473433 4.783125 476.985526 -4.827458
1 -2.608579 0.137735 43.313346 0.596899 217.729085 -4.827458
1 -3.367828 0.195498 -81.794797 0.207837 200.009188 -4.827458
1 -2.159399 0.013741 46.912190 0.087792 185.467035 -4.827458
1 -10.044353 0.526900 42.368658 0.098857 201.262302 -4.827458
1 -3.101186 0.420405 14.763343 5.110841 480.833912 -4.827458
1 -6.036542 0.694093 -16.225080 2.710103 348.574357 -4.827458
1 -2.605933 0.271736 -81.074882 0.073614 155.965618 -4.827458
1 -5.297382 0.720071 -1.302454 1.661378 298.641078 -4.827458
1 -4.777406 0.701877 7.801976 2.970707 363.283736 -5.210891
1 -3.676297 0.773619 31.846156 0.715406 215.282957 -5.210891
1 -3.704920 0.143990 46.451607 0.045253 196.890729 -5.210891
1 -3.873231 0.724285 30.347908 0.225207 207.530300 -5.210891
1 -1.851273 0.004884 59.207633 0.366939 199.152494 -5.210891
1 -7.726250 0.612753 -9.969694 0.417782 243.995834 -5.210891
1 -4.183633 0.414285 14.659211 4.561909 459.185253 -5.210891
1 -2.022608 0.079217 -4.646470 0.492166 210.239660 -5.210891
1 -2.439124 0.239720 80.622061 0.344427 200.571563 -5.210891
1 -4.883428 0.241586 37.975317 2.064072 331.310533 -5.210891
1 -4.323600 0.703563 12.621424 2.585441 341.284134 -5.584118
1 -2.128615 0.181700 27.980926 0.109263 174.380645 -5.584118
1 -3.277619 0.731050 65.282700 0.047798 191.176928 -5.584118
1 -1.995227 0.057510 -35.422433 0.097466 160.362892 -5.584118
1 -2.103381 0.041491 57.605549 0.492348 215.458469 -5.584118
1 -1.905217 0.044543 -9.600076 0.244286 189.660770 -5.584118
1 -5.279751 0.455013 -8.157602 5.372627 492.146571 -5.584118
1 -2.466980 0.125617 4.340616 0.090759 187.712811 -5.584118
1 -2.391090 0.161101 41.862209 0.220924 188.445714 -5.584118
1 -5.720404 0.290724 30.266507 2.184589 344.770501 -5.584118
1 -4.838912 0.745370 7.406969 2.376207 333.541011 -5.947403
1 -4.150059 0.548149 -76.683738 0.077940 158.090554 -5.947403
1 -3.129355 0.023324 61.804624 0.101219 200.869150 -5.947403
1 -1.942713 0.053471 -39.037110 0.072506 159.609891 -5.947403
1 -1.976288 0.035459 59.204666 0.548232 217.810672 -5.947403
1 -2.102279 0.093372 -15.851167 0.233739 192.476634 -5.947403
1 -6.919832 0.442782 -38.937868 5.108173 477.055061 -5.947403
1 -1.977776 0.102574 17.909456 0.135616 166.807945 -5.947403
1 -2.279178 0.214031 36.941073 0.008402 170.893154 -5.947403
1 -2.388614 0.251628 42.667002 0.023149 170.152527 -5.947403
