#REFERENCE 3 180.3146880 23.1330960
   #ID       X         Y         R       EPS       TAU       AMP       E_AMP      DMAG  TIME[days]  DTIME    PARITY
   6.1     0.030    -0.049     0.058     0.935     2.638    19.168   104.066      3.21       2.4       0.0    --
   6.1     0.304    -0.498     0.583     0.753     1.143   254.384  8602.241      6.01      -0.2      -2.6    +-
   6.1    -0.692     1.113     1.311     0.000     0.000    48.506   406.989      4.21     -23.3     -25.7    ++
   6.2     0.020    -0.033     0.039     0.788     1.278    17.944    72.800      3.13       1.3      -1.1    --
   6.2    -0.642     1.036     1.219     0.597     0.745    64.630  1209.173      4.53     -20.2     -22.6    ++
   6.2     0.356    -0.588     0.687     0.000     0.000   437.521  5229.824      6.60      -3.2      -5.6    +-
   7.1    -0.005    -0.027     0.027     0.958     3.335    18.100    80.775      3.14       0.7       0.0    --
   7.1    -0.133    -0.750     0.762     0.468     0.530   318.914  4065.464      6.26      -5.4      -6.1    +-
   7.1     0.217     1.129     1.150     0.000     0.000   104.741  2549.150      5.05     -17.9     -18.6    ++
   7.2    -0.005    -0.042     0.042     0.758     1.162    17.800    69.215      3.13       1.5       0.8    --
   7.2     0.156     1.226     1.236     0.629     0.810    76.382  1643.163      4.71     -20.8     -21.5    ++
   7.2    -0.079    -0.664     0.668     0.000     0.000   401.420  6177.297      6.51      -2.6      -3.3    +-
