1 -3620.462017 0.789808 29.925015 9.990039 140.886028 0.000000
1 -3620.462012 0.235822 17.218386 8.833327 171.666192 0.000000
1 -3620.462260 0.757471 24.589189 6.386123 189.562131 0.000000
1 -3621.495680 0.722444 -87.012315 0.138840 136.200583 0.000000
1 -3620.462007 0.265432 -7.024853 10.301688 90.015007 0.000000
1 -3620.462051 0.231313 -40.571497 6.863244 163.364551 0.000000
1 -3620.462031 0.224944 -29.748073 10.235034 238.882598 0.000000
1 -3620.462009 0.224791 26.160768 8.625769 135.188310 0.000000
1 -3620.463492 0.337653 20.347864 1.827393 100.387141 0.000000
1 -3620.465485 0.523166 21.291388 2.955612 181.599586 0.000000
1 -3620.462024 0.063381 26.135675 5.558285 118.199699 -1.048556
1 -3620.462006 0.606846 -25.628570 8.269094 49.312941 -1.048556
1 -3620.462567 0.458323 19.441274 9.256895 427.203745 -1.048556
1 -3620.470664 0.692640 76.668926 0.930339 94.395795 -1.048556
1 -3620.474691 0.153007 -41.114625 5.771645 398.150268 -1.048556
1 -1812.168412 0.727219 51.253225 1.129958 319.556331 -1.048556
1 -1957.940435 0.091727 -54.611229 1.147341 464.394619 -1.048556
1 -23.920455 0.415315 60.174569 1.976817 421.452055 -1.048556
1 -1807.912691 0.304972 -71.011282 3.579410 473.595873 -1.048556
1 -3620.462006 0.513325 77.318318 9.790104 35.578324 -1.048556
1 -3620.462492 0.688936 16.483485 8.552528 339.107369 -1.505760
1 -3.685533 0.346134 -76.995888 1.112652 301.531886 -1.505760
1 -163.814133 0.705770 -53.790701 1.366880 466.803471 -1.505760
1 -3620.463866 0.159368 -63.938583 5.226669 265.470678 -1.505760
1 -3620.463194 0.065490 -89.385277 2.627234 126.023973 -1.505760
1 -6.650459 0.597494 89.580060 2.450887 400.956624 -1.505760
1 -1957.940435 0.091727 -54.611229 1.147341 464.394619 -1.505760
1 -11.008101 0.318022 61.848279 2.035835 377.211454 -1.505760
1 -1815.873542 0.683579 23.351959 1.618156 387.928514 -1.505760
1 -3620.478050 0.093088 2.325952 2.790180 232.812790 -1.505760
1 -3620.462021 0.399847 47.545216 11.992794 308.474938 -1.761392
1 -10.272230 0.268083 -58.041672 1.332539 305.901585 -1.761392
1 -210.501288 0.694439 -49.554392 0.558806 472.858673 -1.761392
1 -3620.462183 0.608107 55.643476 9.001832 363.033970 -1.761392
1 -198.809708 0.793156 73.161148 0.724483 418.743788 -1.761392
1 -12.371510 0.647950 69.913725 3.542601 451.636400 -1.761392
1 -1885.504715 0.742658 -4.124372 0.310783 350.816207 -1.761392
1 -200.624462 0.277567 -85.518705 1.798670 432.193324 -1.761392
1 -197.687158 0.097678 -9.599660 0.675280 460.266072 -1.761392
1 -3620.462015 0.219228 49.132157 12.547248 276.096635 -1.761392
1 -1807.974354 0.526609 -40.132360 1.097893 312.269593 -2.084587
1 -5.635026 0.066074 72.932967 3.045975 431.479370 -2.084587
1 -38.350298 0.704819 -53.960644 0.628788 471.075642 -2.084587
1 -3620.462053 0.496323 7.462190 9.391424 283.324356 -2.084587
1 -14.933673 0.367896 -44.051775 1.882758 426.258903 -2.084587
1 -3622.022156 0.743177 -24.281321 0.208287 200.200636 -2.084587
1 -3620.464596 0.589868 -25.144539 0.782640 59.128982 -2.084587
1 -200.624462 0.277567 -85.518705 1.798670 432.193324 -2.084587
1 -1834.077951 0.134699 -2.993720 2.739821 400.912940 -2.084587
1 -3620.507710 0.181306 4.110949 2.720068 270.752393 -2.084587
1 -45.274663 0.570508 -68.452638 0.759654 446.851626 -2.153464
1 -18.645601 0.526114 -50.086406 1.523958 453.109630 -2.153464
1 -20.322652 0.713053 -36.261857 1.493134 494.617589 -2.153464
1 -10.613005 0.528790 -5.265869 1.606787 453.422129 -2.153464
1 -5.983676 0.531171 -29.286912 1.881888 438.765023 -2.153464
1 -9.127963 0.364255 63.020527 3.467751 442.474119 -2.153464
1 -7.460718 0.412213 -2.797519 0.658762 271.313343 -2.153464
1 -5.224163 0.648508 -70.682125 1.004308 297.517763 -2.153464
1 -72.290675 0.051963 -34.406506 2.645189 442.430574 -2.153464
1 -3620.683734 0.671851 -28.412462 3.059024 302.329263 -2.153464
1 -141.447754 0.348226 -43.854183 1.711752 446.895615 -2.284062
1 -88.859967 0.725935 5.328280 0.256402 340.684894 -2.284062
1 -18.979923 0.714233 -55.782926 1.850631 480.504576 -2.284062
1 -6.522320 0.642526 -6.627534 0.406507 283.784955 -2.284062
1 -3620.473968 0.554394 29.825190 6.094703 404.568386 -2.284062
1 -3.860810 0.586347 -17.653209 2.363700 487.995183 -2.284062
1 -23.332831 0.584478 2.006617 1.186131 466.470275 -2.284062
1 -7.724528 0.463474 89.983879 0.039574 258.392540 -2.284062
1 -7.979996 0.765487 -64.304654 1.542858 323.109634 -2.284062
1 -3620.485335 0.361925 -38.297386 0.395301 75.900922 -2.284062
1 -4.490662 0.361898 86.118000 1.747766 359.941938 -2.382101
1 -15.007460 0.302426 -58.835473 2.926515 478.198352 -2.382101
1 -1927.069750 0.397706 11.451513 0.821611 347.924748 -2.382101
1 -48.704294 0.646847 -9.898798 0.406880 284.235921 -2.382101
1 -155.572247 0.342882 -38.890408 0.980676 432.033848 -2.382101
1 -4.908144 0.588287 -13.886902 2.263089 489.461632 -2.382101
1 -164.304697 0.597521 -2.056313 1.151793 457.483113 -2.382101
1 -3.376531 0.469404 -76.485510 1.450047 317.786847 -2.382101
1 -5.403701 0.717818 64.799783 3.953783 430.213267 -2.382101
1 -3620.462183 0.010162 -6.560227 6.309784 224.423142 -2.382101
1 -6.787837 0.378245 -68.571498 0.648455 270.043147 -2.450228
1 -8.414364 0.692836 80.916233 2.900600 424.657018 -2.450228
1 -4.932013 0.394190 -85.975653 2.756582 409.148887 -2.450228
1 -42.521420 0.656910 -6.801425 0.062140 267.075813 -2.450228
1 -5.099342 0.653743 -79.673056 4.141928 448.075400 -2.450228
1 -9.576842 0.553263 -18.388266 1.892569 476.627192 -2.450228
1 -11.111996 0.462067 54.602931 0.824345 288.016193 -2.450228
1 -3.246137 0.462044 -78.085284 1.580716 316.710721 -2.450228
1 -13.843229 0.723800 65.134480 4.106872 469.685092 -2.450228
1 -3620.528738 0.479512 22.630398 2.906672 288.830936 -2.450228
1 -9.032527 0.342006 -59.790953 1.254302 296.820903 -2.565539
1 -1884.849188 0.081659 54.227034 2.338966 412.222083 -2.565539
1 -4.869390 0.499553 -76.312945 0.394844 264.276748 -2.565539
1 -13.080510 0.427983 70.152502 1.488121 364.635151 -2.565539
1 -3620.462035 0.408141 57.074756 12.558952 375.338550 -2.565539
1 -214.908217 0.257686 23.381490 1.056857 463.095043 -2.565539
1 -83.842802 0.071912 -51.076527 3.227396 471.279742 -2.565539
1 -4.805089 0.481972 -70.695967 0.984980 281.157853 -2.565539
1 -14.730436 0.725184 62.302572 4.085734 467.744663 -2.565539
1 -11.288294 0.382912 -54.882495 1.406287 401.152817 -2.565539
1 -4.157959 0.716214 -72.492278 0.879088 284.541584 -2.643890
1 -3620.462007 0.260943 17.787135 9.634991 95.168348 -2.643890
1 -8.270754 0.584043 83.882820 1.276017 354.122711 -2.643890
1 -12.098685 0.295879 51.333960 1.645693 334.193362 -2.643890
1 -13.148965 0.372537 59.395409 4.545950 493.919649 -2.643890
1 -245.911052 0.260679 26.581097 0.899154 474.579116 -2.643890
1 -76.063415 0.037347 -46.197278 3.443079 482.003161 -2.643890
1 -1.987269 0.470588 88.717686 0.781977 276.251433 -2.643890
1 -2.110268 0.675311 76.610876 3.629689 411.252920 -2.643890
1 -5.232084 0.755594 -81.075711 2.884239 403.813599 -2.643890
1 -9.614141 0.498048 73.560661 0.455519 301.269494 -2.646514
1 -15.331582 0.612103 15.679319 1.017146 432.366633 -2.646514
1 -12.146422 0.776523 89.215515 1.644003 398.466818 -2.646514
1 -11.965001 0.266653 68.093313 1.143819 335.553332 -2.646514
1 -8.704122 0.508241 86.166023 2.632731 415.990010 -2.646514
1 -13.987783 0.670042 47.722562 5.521013 494.778829 -2.646514
1 -47.002697 0.006724 -36.073433 2.872284 442.730727 -2.646514
1 -5.698224 0.420790 -72.572996 3.786941 438.754769 -2.646514
1 -3.375725 0.715402 79.423360 2.667074 392.192776 -2.646514
1 -2.948890 0.633295 -84.208261 2.552633 359.572888 -2.646514
1 -4.882304 0.625380 -71.673775 0.763338 283.470988 -2.653051
1 -29.785763 0.726074 -74.569934 1.109305 452.390452 -2.653051
1 -91.899793 0.125257 -38.362723 1.558090 406.388058 -2.653051
1 -11.947394 0.260167 65.103865 1.183164 335.850005 -2.653051
1 -38.047016 0.709524 -88.896065 1.702613 469.701689 -2.653051
1 -4.033250 0.606219 70.637062 4.723440 469.623430 -2.653051
1 -37.225900 0.101508 -32.064263 3.897682 469.641024 -2.653051
1 -3.998018 0.447819 -77.563776 3.781454 430.379943 -2.653051
1 -63.393596 0.486667 56.528296 1.696966 446.008756 -2.653051
1 -13.123870 0.514470 13.851980 1.146719 410.105509 -2.653051
1 -4.882304 0.625380 -71.673775 0.763338 283.470988 -2.712018
1 -33.490818 0.627405 -67.336183 1.495812 476.913117 -2.712018
1 -207.098914 0.355077 -88.728344 1.247220 413.743358 -2.712018
1 -113.190082 0.240628 65.278543 1.203487 345.261985 -2.712018
1 -2081.779440 0.030157 62.056219 1.069813 454.067272 -2.712018
1 -1.453187 0.219054 88.635674 3.655271 447.283913 -2.712018
1 -4.428014 0.200450 -7.922175 2.844429 451.761215 -2.712018
1 -10.200440 0.440468 26.333770 2.641597 455.949888 -2.712018
1 -19.302981 0.419893 34.465810 2.426037 459.435051 -2.712018
1 -23.675212 0.464056 50.624786 0.886607 333.250904 -2.712018
1 -63.070603 0.094808 -2.573548 3.085981 461.174589 -2.727535
1 -175.902382 0.624406 -82.789140 0.390819 464.990104 -2.727535
1 -90.145205 0.376795 88.602458 1.417937 450.986343 -2.727535
1 -113.190082 0.240628 65.278543 1.203487 345.261985 -2.727535
1 -41.049477 0.134041 83.434617 3.464764 487.852591 -2.727535
1 -2.386208 0.123865 -82.622445 4.419004 491.292654 -2.727535
1 -5.713663 0.171124 -12.381725 3.455879 490.898672 -2.727535
1 -9.770687 0.305645 21.686424 2.170147 410.252488 -2.727535
1 -124.620650 0.325314 -37.534257 1.903457 441.171021 -2.727535
1 -4.702422 0.386817 82.681147 1.453523 344.088832 -2.727535
1 -144.449788 0.061669 4.514321 0.976435 439.467471 -2.738599
1 -212.697288 0.636570 -83.260045 0.286672 475.605484 -2.738599
1 -12.080218 0.334538 70.605150 2.947501 434.756144 -2.738599
1 -5.271527 0.228411 71.064995 1.846291 359.609614 -2.738599
1 -2.099169 0.160452 81.456902 3.344620 433.903335 -2.738599
1 -2.872718 0.120239 -80.222563 4.481894 494.119313 -2.738599
1 -8.558666 0.293948 55.000122 4.492421 479.377810 -2.738599
1 -10.087102 0.244062 -38.262397 3.493179 495.644480 -2.738599
1 -5.673888 0.699968 -75.927042 1.397638 339.297524 -2.738599
1 -3.395792 0.312118 86.408862 0.967410 306.201366 -2.738599
1 -10.419963 0.613542 18.938644 1.207914 406.864368 -2.742215
1 -66.982319 0.191498 2.819075 1.930104 409.205623 -2.742215
1 -2.087029 0.771725 82.305602 1.992384 330.982752 -2.742215
1 -5.062700 0.211253 75.736321 2.757840 414.412840 -2.742215
1 -4.164381 0.199457 76.210788 3.082553 429.379890 -2.742215
1 -2.189682 0.180205 -88.798579 4.377492 489.121667 -2.742215
1 -17.040459 0.245002 -62.308442 2.962402 480.841106 -2.742215
1 -10.531422 0.255761 9.890148 3.149801 490.314324 -2.742215
1 -10.818736 0.648077 54.874049 2.375482 373.750767 -2.742215
1 -3.911952 0.331951 -80.590930 0.892777 293.873178 -2.742215
1 -22.010275 0.591144 33.834646 1.299135 425.020815 -2.804373
1 -72.347287 0.217821 -4.717777 1.740079 400.379602 -2.804373
1 -2.242170 0.744986 81.974399 2.129443 335.477633 -2.804373
1 -3.249513 0.625161 -83.668128 2.050427 333.884450 -2.804373
1 -11.928690 0.311641 50.705657 2.729393 395.710010 -2.804373
1 -4.140172 0.176368 88.821386 4.338720 494.141630 -2.804373
1 -15.952161 0.260330 -72.650745 3.218536 481.670979 -2.804373
1 -106.894625 0.266350 -27.418974 1.928906 430.957709 -2.804373
1 -1826.946116 0.619166 81.566324 1.238552 395.451294 -2.804373
1 -7.008879 0.146664 6.405847 3.547201 484.814972 -2.804373
1 -9.929836 0.650221 62.697239 3.715437 441.830053 -2.812051
1 -9.025901 0.524340 21.958158 0.945014 334.848092 -2.812051
1 -5.094151 0.376027 -73.058888 3.797634 438.904042 -2.812051
1 -107.615673 0.433921 77.782654 1.109536 446.525305 -2.812051
1 -3.178010 0.528454 75.691873 2.363350 351.806828 -2.812051
1 -3.888608 0.150436 73.012610 4.513638 491.781730 -2.812051
1 -2.343732 0.770000 -89.858142 4.527910 452.208597 -2.812051
1 -3.223303 0.371255 76.772074 2.379159 382.984170 -2.812051
1 -63.222195 0.454044 62.782728 0.980035 404.952122 -2.812051
1 -11.406611 0.131865 16.360444 3.220184 465.068230 -2.812051
1 -5.458867 0.711640 85.025626 3.484648 435.230746 -2.825073
1 -68.770941 0.409150 9.015138 1.112394 350.987399 -2.825073
1 -4.255638 0.394609 -73.239493 1.431964 310.102338 -2.825073
1 -1.443228 0.332209 88.911928 2.294182 367.483045 -2.825073
1 -1.429654 0.507206 85.553731 2.695508 382.237790 -2.825073
1 -12.416859 0.143553 55.291515 3.595588 458.820890 -2.825073
1 -8.592838 0.367935 5.933683 2.926365 492.968962 -2.825073
1 -6.149265 0.330221 73.543658 2.222812 385.654190 -2.825073
1 -67.828297 0.483937 65.140600 1.080257 404.908765 -2.825073
1 -9.282336 0.147979 2.933154 3.208280 472.093141 -2.825073
1 -2.942256 0.757697 71.733316 4.567576 440.953029 -2.836327
1 -3.690390 0.330993 -81.109604 4.187222 457.937431 -2.836327
1 -13.981792 0.341945 65.339358 1.451368 358.239241 -2.836327
1 -15.882970 0.337204 70.576349 2.161568 404.090028 -2.836327
1 -2.405187 0.781664 87.466607 4.430061 450.625837 -2.836327
1 -11.028317 0.214882 58.774826 3.980775 474.866605 -2.836327
1 -5.882086 0.312715 14.354624 3.574868 499.004333 -2.836327
1 -12.050427 0.235322 55.968900 2.089761 374.877450 -2.836327
1 -4.481091 0.680129 88.631596 0.985321 329.367443 -2.836327
1 -7.873311 0.354802 19.521015 2.895035 463.760449 -2.836327
1 -2.087622 0.357363 -89.477150 4.217976 465.994163 -2.859689
1 -3.749731 0.260908 -83.913520 4.517461 490.937331 -2.859689
1 -13.228568 0.374414 65.228856 1.597958 364.672766 -2.859689
1 -8.020661 0.537661 76.498019 0.434869 298.918687 -2.859689
1 -2.845051 0.716148 -87.607199 4.486048 454.785746 -2.859689
1 -4.647153 0.235305 85.134998 4.103609 480.791753 -2.859689
1 -10.956816 0.583131 51.469548 4.624705 463.884154 -2.859689
1 -16.305761 0.610555 57.518351 3.263362 436.362129 -2.859689
1 -7.112627 0.645600 66.210706 1.102624 320.322934 -2.859689
1 -15.321519 0.428390 20.316166 1.199892 399.716009 -2.859689
1 -5.661148 0.469094 -88.010484 2.794192 412.323814 -2.921088
1 -65.923435 0.035249 -57.230440 3.946265 494.814718 -2.921088
1 -3.971683 0.573271 83.146172 1.473669 345.550652 -2.921088
1 -3.286478 0.267454 89.821741 1.665246 348.449090 -2.921088
1 -5.213409 0.682288 65.291923 4.942673 469.910053 -2.921088
1 -3.242882 0.250431 -79.855630 3.632140 438.940102 -2.921088
1 -11.799165 0.686486 50.667335 4.748036 463.048910 -2.921088
1 -7.725824 0.641343 62.967482 3.161371 411.665673 -2.921088
1 -18.879862 0.578885 -69.086082 1.866891 447.654574 -2.921088
1 -3.111845 0.450930 85.160604 1.242535 326.119484 -2.921088
1 -3.963243 0.469332 84.634996 1.982707 370.132411 -3.056379
1 -65.430419 0.037533 -57.241257 3.889944 491.045170 -3.056379
1 -7.887919 0.539237 85.558808 1.991283 385.975840 -3.056379
1 -31.910107 0.098566 69.853017 2.811159 439.250237 -3.056379
1 -2.789017 0.491053 85.678042 4.960375 490.673420 -3.056379
1 -2.911220 0.278922 -80.994301 3.016342 412.327832 -3.056379
1 -5.017566 0.558937 -73.628521 3.623503 418.537730 -3.056379
1 -5.404608 0.537316 81.555026 1.653284 359.893750 -3.056379
1 -17.389760 0.601798 55.338732 0.430761 304.652966 -3.056379
1 -3.648773 0.222821 79.667637 1.505907 339.079421 -3.056379
1 -7.225233 0.389136 78.286645 2.713081 415.534009 -3.170371
1 -1.584493 0.736508 88.531580 3.037660 386.650816 -3.170371
1 -10.689835 0.523658 84.062476 1.389262 364.309095 -3.170371
1 -11.946538 0.170762 27.913699 3.636851 479.135003 -3.170371
1 -4.299639 0.496035 -77.821506 5.219285 494.198240 -3.170371
1 -2.904856 0.661750 -79.804853 1.921724 332.570345 -3.170371
1 -16.981674 0.563726 77.398025 1.849789 400.993350 -3.170371
1 -1.582448 0.777569 -89.285813 1.758402 338.936776 -3.170371
1 -7.844047 0.628849 68.442764 0.548813 299.689309 -3.170371
1 -3.355172 0.220698 75.421252 1.916350 354.054301 -3.170371
1 -6.156478 0.653259 -5.872907 1.177541 425.774992 -3.293347
1 -1.843862 0.700063 85.596942 2.626917 362.221905 -3.293347
1 -3.835057 0.479543 -78.123605 4.194347 447.545531 -3.293347
1 -8.779062 0.562300 -4.432413 0.951944 308.136603 -3.293347
1 -1.636980 0.781295 83.547244 3.711754 415.273344 -3.293347
1 -2.905041 0.795244 -80.945819 0.890058 275.882948 -3.293347
1 -5.882391 0.383168 -89.426411 2.958048 423.656812 -3.293347
1 -6.166295 0.675870 -69.634701 2.309641 357.331263 -3.293347
1 -3.416478 0.633955 -11.748405 2.201137 488.848766 -3.293347
1 -3.527672 0.217296 75.418284 1.716971 347.385953 -3.293347
1 -3.783778 0.612080 -20.692373 1.593813 435.810915 -3.459661
1 -2.286580 0.693575 84.720916 2.661557 360.856557 -3.459661
1 -5.984911 0.683550 88.574467 4.205485 462.301968 -3.459661
1 -7.496991 0.523787 13.798618 1.318210 355.919365 -3.459661
1 -3.404719 0.796972 70.645932 3.930276 422.824917 -3.459661
1 -4.760114 0.667412 72.632748 0.355546 277.969537 -3.459661
1 -3.197634 0.375710 -80.384940 3.827949 443.571952 -3.459661
1 -4.260912 0.659676 66.779160 3.036969 381.622946 -3.459661
1 -16.535893 0.630693 12.464036 1.267571 462.816324 -3.459661
1 -3.842562 0.221101 -76.427060 2.384563 380.105109 -3.459661
1 -4.106019 0.582045 -24.774135 2.043732 454.178964 -3.599047
1 -2.859540 0.604055 76.827819 1.912487 352.350959 -3.599047
1 -1.601626 0.608195 88.935390 3.414756 408.237257 -3.599047
1 -4.922245 0.553425 66.325088 1.578131 320.630669 -3.599047
1 -6.457461 0.776690 83.454329 4.003160 457.394238 -3.599047
1 -5.471662 0.737768 -68.248807 0.623422 270.520937 -3.599047
1 -5.795314 0.523575 -20.750040 2.057657 463.364832 -3.599047
1 -3.672148 0.658450 70.681571 3.017024 375.902147 -3.599047
1 -11.917980 0.623102 9.019681 0.780689 389.992543 -3.599047
1 -4.315411 0.221706 -73.912747 2.414775 379.092105 -3.599047
1 -3.970519 0.585511 -24.649912 2.053018 453.892167 -3.869550
1 -3.505735 0.682187 70.647411 4.354430 432.532383 -3.869550
1 -3.422083 0.601640 -87.898097 3.172140 413.659026 -3.869550
1 -13.196045 0.549734 74.745344 2.061984 399.705997 -3.869550
1 -9.260448 0.724708 71.803266 4.544290 478.293158 -3.869550
1 -7.653114 0.709071 -63.962622 0.160185 246.172363 -3.869550
1 -2.173266 0.461831 -11.791356 3.029369 496.755648 -3.869550
1 -3.244575 0.626662 72.810866 3.308257 409.294037 -3.869550
1 -3.284962 0.652872 -78.637289 1.673358 335.088008 -3.869550
1 -3.859291 0.155430 -87.936642 1.887166 360.628026 -3.869550
1 -3.984254 0.284832 -20.125666 2.511137 445.803946 -4.021092
1 -2.815956 0.773719 79.202329 5.434397 486.259655 -4.021092
1 -3.045230 0.761150 -76.689742 0.267314 256.352462 -4.021092
1 -8.145612 0.626980 63.067978 1.187293 322.149130 -4.021092
1 -2.107600 0.393887 88.514316 1.647595 324.737427 -4.021092
1 -1.386956 0.510828 86.912868 1.517637 321.231761 -4.021092
1 -2.071472 0.465087 -6.491932 3.121768 498.959702 -4.021092
1 -3.199374 0.667277 71.249170 2.532382 365.305865 -4.021092
1 -1.665799 0.450300 -88.074356 2.015910 353.639628 -4.021092
1 -2.411774 0.175282 81.796508 2.004934 363.042895 -4.021092
1 -4.547127 0.233656 4.623218 3.001418 457.381246 -4.273981
1 -2.000394 0.745004 82.180206 5.704322 492.889169 -4.273981
1 -1.893194 0.745379 -84.496412 0.363953 269.301882 -4.273981
1 -2.703449 0.591503 -82.484953 1.280370 295.797190 -4.273981
1 -8.831659 0.354352 60.709829 2.711523 402.095634 -4.273981
1 -5.859755 0.625382 84.637091 2.363871 395.159159 -4.273981
1 -7.699320 0.460370 -5.079751 2.660615 497.545562 -4.273981
1 -7.456400 0.580008 63.082728 2.795683 396.729147 -4.273981
1 -1.760225 0.360024 79.839887 2.631348 384.653663 -4.273981
1 -6.352449 0.177572 71.863077 1.818359 362.652170 -4.273981
1 -3.195818 0.271039 -6.886549 2.561122 437.562319 -4.526368
1 -2.921532 0.796997 71.926681 5.710066 483.289536 -4.526368
1 -2.483424 0.723554 79.330976 4.070686 438.096295 -4.526368
1 -2.015847 0.583630 87.908609 0.553198 279.986406 -4.526368
1 -6.407840 0.555436 73.165502 0.363258 286.258983 -4.526368
1 -2.144420 0.469864 82.284364 2.969739 404.568325 -4.526368
1 -8.804527 0.489192 -24.066611 1.727389 449.832703 -4.526368
1 -6.697802 0.454101 -69.257554 4.112814 447.947581 -4.526368
1 -6.883044 0.436822 13.567251 1.951708 418.174719 -4.526368
1 -3.196687 0.701628 -82.385100 4.113769 426.424638 -4.526368
1 -3.220351 0.303783 -1.999275 2.717505 442.918927 -4.699543
1 -3.324068 0.797520 69.850160 6.033539 489.967605 -4.699543
1 -2.200376 0.743557 88.865834 4.433554 435.350018 -4.699543
1 -3.205957 0.686310 84.319227 0.014586 262.788910 -4.699543
1 -2.283822 0.493489 -7.342716 2.464694 458.980137 -4.699543
1 -3.533968 0.769300 -76.770054 1.777394 326.276860 -4.699543
1 -4.385958 0.483197 -23.506963 1.600279 415.620518 -4.699543
1 -1.532096 0.371169 83.269153 4.486094 471.148868 -4.699543
1 -5.879628 0.393498 12.231559 2.330937 432.183884 -4.699543
1 -1.982513 0.691402 -86.052263 2.615724 371.053870 -4.699543
1 -7.055927 0.196387 11.171596 2.968244 452.986688 -4.936735
1 -3.306274 0.794772 69.951366 6.072478 491.179945 -4.936735
1 -1.918036 0.709347 80.016404 3.987238 430.130158 -4.936735
1 -2.212022 0.751042 -83.913340 0.138258 259.993360 -4.936735
1 -4.408931 0.401661 -1.001761 1.893813 414.157998 -4.936735
1 -5.788744 0.691458 -89.361616 2.345557 394.125140 -4.936735
1 -5.286942 0.769034 1.486761 1.166146 449.234515 -4.936735
1 -3.067194 0.418040 73.980707 5.047747 497.086020 -4.936735
1 -1.810734 0.529356 88.110833 2.816280 392.440781 -4.936735
1 -8.583136 0.243782 57.315850 4.713625 498.301125 -4.936735
1 -1.811025 0.701920 83.570786 4.954167 459.273251 -5.106644
1 -3.196386 0.762367 70.808435 6.274821 499.510180 -5.106644
1 -1.895255 0.684058 85.683620 3.899006 430.691176 -5.106644
1 -2.655622 0.721921 -79.074561 0.058328 241.506755 -5.106644
1 -2.058474 0.581887 -82.783527 1.508116 318.787955 -5.106644
1 -5.249724 0.662001 85.636307 1.812990 370.923811 -5.106644
1 -7.250832 0.763860 11.616538 1.419274 461.806352 -5.106644
1 -1.790271 0.432003 81.744142 4.995858 485.880669 -5.106644
1 -1.966420 0.552994 81.456615 2.813654 391.550080 -5.106644
1 -3.872713 0.227471 67.883347 4.623980 491.352605 -5.106644
1 -2.476785 0.741216 -85.011358 5.320961 474.325693 -5.327535
1 -3.280048 0.772318 77.907770 4.843305 468.291603 -5.327535
1 -2.284335 0.687609 78.897160 3.829518 428.194010 -5.327535
1 -4.084030 0.403463 -75.736831 2.971979 398.610179 -5.327535
1 -3.322130 0.607313 -83.792495 1.684989 347.357495 -5.327535
1 -4.503316 0.663835 83.646847 1.902042 370.507761 -5.327535
1 -2.185610 0.723750 -82.039196 1.191796 299.085135 -5.327535
1 -2.115422 0.668434 87.746882 3.670398 408.807001 -5.327535
1 -4.379356 0.425077 -76.692501 2.430367 362.638240 -5.327535
1 -3.638953 0.429678 70.091058 4.127428 444.600036 -5.327535
1 -2.288259 0.784147 78.920429 6.288262 497.464901 -5.712048
1 -2.916824 0.635161 72.715344 5.711734 491.992816 -5.712048
1 -4.937220 0.768846 -77.641574 4.230050 442.576758 -5.712048
1 -2.558183 0.172240 75.848510 3.325288 433.850811 -5.712048
1 -2.292205 0.708763 -81.572961 1.077784 305.472820 -5.712048
1 -6.988020 0.524467 86.828136 2.290232 396.081877 -5.712048
1 -4.373948 0.654633 -71.937665 0.968938 287.478583 -5.712048
1 -2.279741 0.728447 83.875671 3.706584 425.289412 -5.712048
1 -3.768490 0.794828 -86.376678 1.094054 338.822302 -5.712048
1 -1.771696 0.674213 87.191183 1.634567 338.502207 -5.712048
1 -5.113040 0.621646 -72.931943 2.881178 383.494400 -5.986791
1 -1.579900 0.676463 83.170705 2.540937 370.453353 -5.986791
1 -1.589158 0.604042 86.894548 4.597126 457.947406 -5.986791
1 -1.985656 0.197538 -86.922642 3.206136 422.525182 -5.986791
1 -1.594854 0.749654 83.439784 4.883183 456.109121 -5.986791
1 -1.501016 0.569984 88.808266 0.806349 284.489530 -5.986791
1 -1.766454 0.627907 85.850281 0.379664 263.655584 -5.986791
1 -1.732595 0.710962 85.168739 3.249754 390.400016 -5.986791
1 -4.403704 0.137534 86.350551 1.558982 341.181178 -5.986791
1 -3.409929 0.639554 -82.429524 1.338720 330.875883 -5.986791
