1 -1804.711524 0.281993 9.289134 3.774352 253.711827 0.000000
1 -1804.711179 0.300555 -2.513460 9.076028 175.472451 0.000000
1 -1804.711178 0.126002 52.992655 9.341449 146.111987 0.000000
1 -1804.711421 0.176074 86.219156 3.153639 197.506011 0.000000
1 -1804.711615 0.023810 -53.040644 4.690029 334.694026 0.000000
1 -1804.747793 0.032094 -21.793724 2.404952 330.891743 0.000000
1 -1804.711219 0.135122 63.128683 3.194149 136.031490 0.000000
1 -1804.711183 0.199457 0.484091 6.745770 208.144636 0.000000
1 -1804.711178 0.308601 34.221326 8.999756 120.098613 0.000000
1 -1804.713112 0.398473 64.873934 4.949311 369.381399 0.000000
1 -1804.711179 0.269969 -7.350577 3.400501 57.973219 -691.995347
1 -1804.711182 0.052439 23.082420 7.441553 229.040622 -691.995347
1 -1804.711179 0.019709 45.437781 9.561104 233.328637 -691.995347
1 -4.362671 0.371095 -5.614765 2.503075 432.891752 -691.995347
1 -1804.711178 0.287862 33.780246 5.202655 33.857054 -691.995347
1 -1804.713904 0.370510 -15.535397 0.955253 107.052512 -691.995347
1 -1804.712361 0.161810 28.671196 6.460528 485.165009 -691.995347
1 -1805.674481 0.213615 -17.010094 0.585566 495.638844 -691.995347
1 -1804.712181 0.394004 15.741939 2.427632 202.679484 -691.995347
1 -3.216230 0.274956 82.613923 1.566534 346.445005 -691.995347
1 -1804.711182 0.064728 20.872993 6.246547 184.628325 -692.100944
1 -1.322627 0.276500 67.699859 0.961972 278.536220 -692.100944
1 -1804.711217 0.317280 -30.069756 7.718209 320.807840 -692.100944
1 -3.455333 0.379131 -25.822615 3.629165 459.279997 -692.100944
1 -1804.711179 0.052016 2.244244 7.916912 165.956083 -692.100944
1 -1804.717549 0.348601 -8.562629 1.570855 182.577521 -692.100944
1 -1804.712072 0.170636 -43.313882 2.754402 215.731374 -692.100944
1 -1804.711184 0.253884 35.499839 6.007724 184.242114 -692.100944
1 -2.330024 0.213367 -40.242476 2.603633 406.566090 -692.100944
1 -1.279356 0.275218 65.590413 0.914333 288.920704 -692.100944
1 -1.375071 0.252382 82.334832 0.429402 243.895863 -692.151898
1 -3.870228 0.062232 75.463596 3.883692 476.005919 -692.151898
1 -1804.711233 0.203877 15.006695 4.168520 200.773767 -692.151898
1 -2.315873 0.338741 -0.794899 2.396981 431.088478 -692.151898
1 -1804.711252 0.359008 18.798688 9.311897 471.737470 -692.151898
1 -1804.711178 0.172924 74.933133 7.932798 130.285457 -692.151898
1 -1804.713803 0.020684 48.688955 3.799773 353.354143 -692.151898
1 -1804.711194 0.096114 89.506363 7.197606 289.741196 -692.151898
1 -3.988203 0.258624 -5.285311 4.152120 488.001505 -692.151898
1 -1.475411 0.348695 45.967818 0.902744 294.103810 -692.151898
1 -2.724908 0.330855 -79.758504 1.118945 291.658053 -692.186800
1 -1.827406 0.063738 73.140845 3.817401 476.233840 -692.186800
1 -1804.711179 0.383854 -61.362505 8.005145 166.530442 -692.186800
1 -4.726047 0.307937 27.577004 2.389522 383.357381 -692.186800
1 -1804.721177 0.016217 -81.594473 3.751332 401.060589 -692.186800
1 -1804.711184 0.036469 -81.132316 7.208999 240.749360 -692.186800
1 -5.188115 0.177748 -18.003261 0.882084 313.028431 -692.186800
1 -1804.712647 0.308015 -39.446469 0.099468 50.600187 -692.186800
1 -2.773765 0.286805 -3.377317 3.172726 478.122758 -692.186800
1 -3.089273 0.312081 57.125744 0.877484 311.083673 -692.186800
1 -3.445558 0.194347 -8.582046 3.701679 498.077281 -692.194983
1 -1.896073 0.055216 66.975567 3.658269 471.923131 -692.194983
1 -29.910392 0.350372 67.366175 0.008969 242.706046 -692.194983
1 -1.850356 0.342803 51.000313 1.583698 351.009959 -692.194983
1 -1804.711214 0.374559 -21.848854 5.428850 209.297860 -692.194983
1 -1.810661 0.173861 43.676981 1.964128 383.252479 -692.194983
1 -2.204285 0.200082 -32.520877 2.763143 418.000948 -692.194983
1 -54.376380 0.174856 68.677705 0.174601 302.133694 -692.194983
1 -2.319691 0.259147 -32.313051 4.641338 494.875333 -692.194983
1 -1.610480 0.315016 81.881707 0.640071 264.551450 -692.194983
1 -1.265566 0.202943 7.996176 3.181931 466.014677 -692.195075
1 -2.028247 0.050388 61.815932 3.243463 450.690453 -692.195075
1 -2.150253 0.268716 36.699940 0.896322 285.116289 -692.195075
1 -1.415184 0.113570 61.730580 1.125530 303.231379 -692.195075
1 -5.296269 0.393926 67.544371 1.341913 404.878925 -692.195075
1 -4.935709 0.378307 -15.759054 1.657786 422.753531 -692.195075
1 -2.222026 0.242999 60.149966 2.403501 397.300282 -692.195075
1 -2.413050 0.191136 10.288772 0.791401 277.664260 -692.195075
1 -2.575121 0.244436 -36.366733 4.302598 492.478037 -692.195075
1 -1.179715 0.367461 -18.668478 0.393858 262.542320 -692.195075
1 -2.261766 0.132882 -53.800032 0.560558 256.562983 -692.195178
1 -2.822171 0.081785 32.690260 3.094630 436.851530 -692.195178
1 -4.404376 0.321181 33.460777 2.948476 412.559453 -692.195178
1 -1.463582 0.133265 49.293476 0.658834 263.391751 -692.195178
1 -5.738643 0.390534 73.195860 1.256698 402.514904 -692.195178
1 -3.471436 0.355768 -34.027544 1.387535 353.102195 -692.195178
1 -1.405874 0.352329 -68.569662 1.371857 301.393362 -692.195178
1 -1.983586 0.267877 60.895245 2.066675 373.922896 -692.195178
1 -3.373666 0.252486 -66.579157 4.559606 499.128824 -692.195178
1 -2.791929 0.386179 4.497653 0.843409 277.587510 -692.195178
1 -1.452199 0.175929 -25.371098 1.666144 346.332661 -692.195241
1 -1.963040 0.169296 13.916354 3.288246 477.962728 -692.195241
1 -2.498866 0.261529 -3.433723 2.238185 408.677057 -692.195241
1 -1.177371 0.222386 45.938490 0.646705 276.360720 -692.195241
1 -1.781108 0.388595 -56.163354 1.325845 302.397770 -692.195241
1 -1.867345 0.272239 39.843099 0.864688 283.991463 -692.195241
1 -1.188744 0.349296 -87.664032 0.679486 246.062680 -692.195241
1 -2.491971 0.321430 50.234093 1.962434 391.483171 -692.195241
1 -1.346723 0.390905 -46.897079 1.640770 317.676489 -692.195241
1 -2.089857 0.231455 -38.998752 1.626904 345.620973 -692.195241
1 -1.545110 0.237169 -88.080999 0.933070 270.750656 -692.195313
1 -1.825782 0.141428 20.524416 3.282718 473.764448 -692.195313
1 -0.966757 0.331453 -27.005553 0.071898 220.169366 -692.195313
1 -3.158276 0.271437 0.845500 2.013285 364.545995 -692.195313
1 -1.353864 0.173501 60.199305 0.770276 279.627821 -692.195313
1 -1.429936 0.291566 4.241872 1.676265 372.326852 -692.195313
1 -4.407472 0.203279 80.084641 3.556695 499.920015 -692.195313
1 -1.409778 0.307791 -18.407063 1.308174 330.008572 -692.195313
1 -1.979490 0.005361 -14.619349 0.982039 287.189749 -692.195313
1 -1.862399 0.292010 -41.159580 2.006848 361.862424 -692.195313
1 -0.999230 0.215420 -77.297735 0.696316 253.998358 -692.195378
1 -2.197491 0.202082 -2.429532 3.331890 473.825030 -692.195378
1 -1.036542 0.304221 -27.892559 0.261718 230.383017 -692.195378
1 -1.228603 0.386038 -86.315994 3.659946 429.598190 -692.195378
1 -1.395639 0.250779 -16.098844 1.157966 303.285774 -692.195378
1 -1.834806 0.289087 3.811674 2.545399 437.516964 -692.195378
1 -1.206341 0.263371 40.768920 0.713044 283.103182 -692.195378
1 -1.706183 0.329963 -36.553647 2.140476 348.956993 -692.195378
1 -1.438178 0.218024 -7.531489 1.583443 351.692726 -692.195378
1 -4.866758 0.392738 -22.835798 0.741556 327.178260 -692.195378
1 -2.204064 0.161818 -52.451634 0.629802 262.541361 -692.195449
1 -3.578342 0.237338 31.982545 2.494824 442.931768 -692.195449
1 -1.574736 0.312463 -13.235765 1.054906 294.666030 -692.195449
1 -1.150312 0.043653 -75.498295 3.803817 474.555542 -692.195449
1 -2.082099 0.219256 18.836023 1.553571 335.768770 -692.195449
1 -1.251802 0.253355 -85.355419 3.499675 432.660634 -692.195449
1 -1.413735 0.372682 30.053270 0.832892 301.323278 -692.195449
1 -3.162511 0.326645 -44.851953 1.698578 357.287784 -692.195449
1 -1.446005 0.224015 -3.838644 1.521618 346.988640 -692.195449
1 -0.920703 0.296236 18.132712 2.114266 405.082081 -692.195449
1 -1.275947 0.138717 -45.064530 0.261968 232.686704 -692.195541
1 -2.466263 0.370188 -24.839268 2.476553 393.585417 -692.195541
1 -1.680842 0.337069 16.052588 2.891194 473.914225 -692.195541
1 -1.140660 0.044318 -77.043591 3.715416 469.180795 -692.195541
1 -1.216211 0.218330 29.682785 1.532557 349.312808 -692.195541
1 -1.334995 0.275646 -83.672202 4.071037 464.032283 -692.195541
1 -3.282498 0.342287 60.586721 2.900031 474.456157 -692.195541
1 -6.480505 0.335825 -45.274504 1.467875 411.588076 -692.195541
1 -2.037030 0.208615 -28.456664 2.557148 405.074908 -692.195541
1 -2.062615 0.288057 -2.221402 1.475756 352.188785 -692.195541
1 -2.389942 0.177205 -37.666251 0.390044 233.302056 -692.195629
1 -3.021706 0.389474 -11.503500 2.131903 397.948789 -692.195629
1 -3.370920 0.347194 -12.298259 3.556713 444.453375 -692.195629
1 -4.869271 0.286860 23.922940 2.190117 375.547751 -692.195629
1 -0.905773 0.254616 17.116623 1.627302 360.788053 -692.195629
1 -1.316835 0.273284 -83.036915 4.190649 470.634962 -692.195629
1 -2.095243 0.343020 33.938530 0.806610 285.622537 -692.195629
1 -1.196517 0.289807 63.809469 0.782237 273.876769 -692.195629
1 -1.175218 0.111547 -10.662428 1.345294 321.274846 -692.195629
1 -1.378510 0.291399 -20.036039 0.444848 263.056223 -692.195629
1 -1.073047 0.155141 -22.070420 0.244450 230.111037 -692.195719
1 -2.977341 0.399666 11.310701 0.880125 288.576662 -692.195719
1 -2.889088 0.347865 82.864625 2.416882 391.196368 -692.195719
1 -1.688050 0.100165 -56.776395 0.941951 279.497788 -692.195719
1 -2.418933 0.277274 -6.159398 2.674561 434.548368 -692.195719
1 -2.648578 0.360777 -25.685897 4.289703 469.615099 -692.195719
1 -2.465461 0.363431 27.769439 0.508972 264.749721 -692.195719
1 -3.519089 0.280167 82.319900 2.290622 393.418484 -692.195719
1 -1.129511 0.112619 -18.842240 0.929896 288.818949 -692.195719
1 -1.427291 0.376380 16.218293 0.557775 273.071427 -692.195719
1 -0.941763 0.188543 -21.507424 0.200584 230.039781 -692.195803
1 -3.081549 0.386027 27.688592 1.298372 323.201710 -692.195803
1 -1.529691 0.360067 65.845779 1.377904 318.131691 -692.195803
1 -3.822216 0.131344 -64.158135 0.658151 265.108233 -692.195803
1 -1.178024 0.075205 8.811982 2.751762 421.192591 -692.195803
1 -2.948085 0.391456 -6.871406 1.754553 401.861400 -692.195803
1 -1.587355 0.387404 37.653114 0.463678 263.243108 -692.195803
1 -1.510018 0.277885 57.742089 1.382475 323.866232 -692.195803
1 -1.307309 0.161698 3.142941 1.838745 369.658238 -692.195803
1 -0.924963 0.368056 16.637761 0.283738 258.110767 -692.195803
1 -1.509032 0.251498 -30.230435 1.632410 341.118464 -692.195897
1 -1.579205 0.390473 5.365373 0.749408 294.198228 -692.195897
1 -1.743501 0.362311 54.279348 1.119539 295.589882 -692.195897
1 -3.779935 0.112036 -65.319440 0.731939 269.840854 -692.195897
1 -2.377556 0.220369 65.999869 0.418464 258.348707 -692.195897
1 -2.488737 0.027763 33.760789 3.283665 449.099023 -692.195897
1 -1.893522 0.322026 81.328090 1.852196 347.844999 -692.195897
1 -1.744254 0.231085 56.136115 1.374582 312.008423 -692.195897
1 -2.499930 0.155076 44.938124 2.990616 439.803825 -692.195897
1 -1.479871 0.299220 17.464397 2.405512 435.063377 -692.195897
1 -1.168013 0.308425 -26.665833 0.262976 228.050593 -692.195999
1 -3.139130 0.282721 -36.651947 4.262040 492.306875 -692.195999
1 -2.243881 0.395588 44.354611 1.222094 308.222317 -692.195999
1 -1.869078 0.308520 12.872597 2.980895 475.954398 -692.195999
1 -3.343686 0.210880 81.389699 4.000670 484.841524 -692.195999
1 -2.068946 0.041305 22.368676 3.490186 468.306702 -692.195999
1 -3.284600 0.298757 46.658224 2.590081 388.721817 -692.195999
1 -1.626672 0.342189 75.121356 0.726280 278.697784 -692.195999
1 -3.007555 0.199226 36.533628 2.619314 412.960881 -692.195999
1 -1.457978 0.239303 74.258374 1.514371 323.060939 -692.195999
1 -1.138803 0.183580 -19.824488 0.764162 270.865122 -692.196093
1 -1.551180 0.283233 -81.707500 0.276793 226.535278 -692.196093
1 -1.207584 0.368035 62.879944 0.791162 281.093641 -692.196093
1 -2.013284 0.370075 -37.017601 3.216052 418.509370 -692.196093
1 -2.992114 0.290706 36.431171 2.433922 436.757764 -692.196093
1 -1.105135 0.065792 24.939694 3.685464 478.240622 -692.196093
1 -1.809178 0.279874 54.742266 1.729383 359.526708 -692.196093
1 -1.537313 0.116494 45.443435 0.758175 272.215035 -692.196093
1 -2.542346 0.097831 86.148186 3.436663 456.127329 -692.196093
1 -2.569805 0.370882 -27.720030 3.929993 448.651643 -692.196093
1 -1.126526 0.168935 -34.749536 1.015742 284.051597 -692.196213
1 -1.103286 0.272963 -79.853033 0.363075 225.431791 -692.196213
1 -3.510524 0.324800 30.497731 2.160150 398.662288 -692.196213
1 -1.750629 0.087490 -19.904355 2.672547 405.732295 -692.196213
1 -2.894147 0.229035 49.786261 2.953573 419.965438 -692.196213
1 -2.119692 0.353593 18.112999 2.771039 471.121435 -692.196213
1 -1.778315 0.312811 -45.939755 3.213737 420.197921 -692.196213
1 -2.414697 0.191211 82.556595 0.216421 235.350281 -692.196213
1 -4.114925 0.243256 38.980282 4.332082 492.666068 -692.196213
1 -3.156653 0.378062 -33.008091 3.620493 455.721207 -692.196213
1 -1.998631 0.184465 -19.368236 1.590659 323.662416 -692.196325
1 -0.962065 0.242655 -57.123447 0.766502 256.877437 -692.196325
1 -1.226619 0.342767 -9.761071 0.705254 277.807009 -692.196325
1 -2.254849 0.087573 -8.121882 3.033060 430.208532 -692.196325
1 -2.725513 0.298889 -25.539766 1.731080 374.163200 -692.196325
1 -1.564503 0.297620 27.614514 3.206078 485.367047 -692.196325
1 -1.014091 0.287676 22.424069 2.414635 427.253687 -692.196325
1 -1.369433 0.283470 74.063198 1.303790 300.672582 -692.196325
1 -2.318009 0.225605 66.596804 2.022624 379.631502 -692.196325
1 -3.167501 0.343392 -87.115045 1.841640 352.551801 -692.196325
1 -3.042102 0.204695 -43.633473 2.621450 412.565468 -692.196454
1 -1.583373 0.249131 -37.429020 0.728647 276.288508 -692.196454
1 -1.273299 0.316625 8.203243 0.779222 291.709896 -692.196454
1 -2.323973 0.304223 -22.534844 2.565397 392.570539 -692.196454
1 -1.887011 0.317942 -26.183489 1.458812 306.998724 -692.196454
1 -2.141185 0.099807 62.567976 3.466292 463.052580 -692.196454
1 -2.857599 0.345521 32.350216 1.503265 336.589530 -692.196454
1 -2.274654 0.287267 39.889436 1.982326 387.329358 -692.196454
1 -1.313526 0.196402 26.121640 2.266637 409.054184 -692.196454
1 -2.595745 0.342650 -88.405879 2.550441 388.149618 -692.196454
1 -2.223488 0.173990 13.091521 3.338763 482.679289 -692.196547
1 -1.111856 0.243493 -42.255654 1.028720 280.619910 -692.196547
1 -1.667664 0.318503 58.572724 1.141413 323.955994 -692.196547
1 -0.927201 0.387735 16.853674 2.806556 468.989835 -692.196547
1 -1.539837 0.327103 61.928003 0.513566 242.033081 -692.196547
1 -1.923749 0.116624 67.000445 3.131084 436.985346 -692.196547
1 -1.034541 0.283749 -29.380738 0.344619 235.647284 -692.196547
1 -1.109873 0.321571 24.784029 2.634298 447.432670 -692.196547
1 -1.912010 0.095490 52.266237 3.004826 436.080202 -692.196547
1 -1.892900 0.255350 -87.525683 2.990024 408.743325 -692.196547
1 -1.347398 0.239123 7.020916 3.078094 463.105568 -692.196659
1 -1.362854 0.393337 62.088757 0.077478 214.576118 -692.196659
1 -1.538690 0.066390 -58.491314 4.183002 493.186622 -692.196659
1 -0.959821 0.374614 17.550839 3.189270 491.686385 -692.196659
1 -1.837818 0.308011 50.448340 1.026346 287.752159 -692.196659
1 -1.858054 0.068593 66.128471 1.684729 345.013744 -692.196659
1 -1.552798 0.314375 9.560668 2.285852 426.416478 -692.196659
1 -2.942262 0.094834 32.091984 3.384793 456.875668 -692.196659
1 -3.493409 0.367431 47.680492 2.918227 401.523797 -692.196659
1 -1.666020 0.342691 -70.124187 2.219521 358.293048 -692.196659
1 -3.503110 0.270444 23.280552 2.896005 471.166262 -692.196816
1 -4.366245 0.380466 41.761354 0.749634 320.773369 -692.196816
1 -1.086190 0.188465 20.277126 1.104504 307.956783 -692.196816
1 -0.951996 0.375595 19.586171 3.208148 493.149406 -692.196816
1 -2.074363 0.302265 57.081065 1.207870 291.360571 -692.196816
1 -2.010456 0.153590 55.756110 2.615885 406.057805 -692.196816
1 -2.407254 0.380964 8.415940 1.971779 421.488865 -692.196816
1 -2.066284 0.168716 62.751945 2.198218 389.093821 -692.196816
1 -1.215024 0.227010 13.933313 1.172024 324.924481 -692.196816
1 -1.105131 0.349659 -58.338855 2.584210 370.996709 -692.196816
1 -1.817329 0.281310 -57.568547 4.119373 467.705656 -692.196980
1 -1.429552 0.281961 73.822530 1.314711 310.834943 -692.196980
1 -2.175235 0.226312 -24.899109 0.939699 303.211608 -692.196980
1 -1.868285 0.356289 34.092855 3.202301 490.522409 -692.196980
1 -2.549024 0.361791 -88.650700 0.629116 267.009823 -692.196980
1 -3.685545 0.151418 62.558543 2.314163 407.779502 -692.196980
1 -1.780291 0.379520 2.917764 2.152560 411.914164 -692.196980
1 -1.534840 0.129681 62.940607 1.268604 304.049592 -692.196980
1 -1.239688 0.116013 -27.108957 1.393411 316.089652 -692.196980
1 -3.378586 0.362124 -62.114036 2.360244 378.634488 -692.196980
1 -1.313042 0.278573 -67.061529 3.494825 434.970036 -692.197151
1 -1.545678 0.141910 15.724466 2.911026 448.900658 -692.197151
1 -3.313139 0.233620 -53.570982 1.128730 292.586557 -692.197151
1 -4.622252 0.340833 45.566961 3.197380 491.146870 -692.197151
1 -1.340685 0.324951 52.636542 1.039269 312.638705 -692.197151
1 -3.531867 0.232875 41.086077 2.847603 411.043842 -692.197151
1 -2.842718 0.339849 -18.553023 2.602126 407.996570 -692.197151
1 -1.266728 0.158651 60.863232 0.798042 272.395334 -692.197151
1 -1.369449 0.115520 -28.261360 1.656962 342.012420 -692.197151
1 -1.061103 0.372263 -40.181884 0.545657 250.823176 -692.197151
1 -2.123439 0.238224 86.676896 2.920407 412.645032 -692.197313
1 -2.520986 0.242930 -23.284848 3.458974 438.753809 -692.197313
1 -2.165976 0.105425 4.929381 1.131631 300.170899 -692.197313
1 -3.468089 0.361314 48.125045 2.937482 419.916328 -692.197313
1 -1.826409 0.235847 -82.478448 1.401858 308.415846 -692.197313
1 -1.115555 0.333655 18.731116 2.105858 414.276044 -692.197313
1 -1.493804 0.258809 -42.556905 0.668320 267.259515 -692.197313
1 -1.168179 0.094826 -48.437432 0.535644 251.307032 -692.197313
1 -2.218510 0.378727 68.964803 3.144761 411.030769 -692.197313
1 -2.834536 0.253261 -79.704713 1.707855 334.724711 -692.197313
1 -2.320019 0.302330 70.628594 3.907878 460.904675 -692.197462
1 -1.763232 0.234881 -38.138237 3.300466 428.010781 -692.197462
1 -1.354341 0.161427 -26.076961 0.648427 255.880490 -692.197462
1 -2.068771 0.298107 72.240399 3.473883 433.980140 -692.197462
1 -2.502647 0.343456 -73.354846 1.768074 334.502066 -692.197462
1 -1.236714 0.338720 61.778804 0.609030 273.576506 -692.197462
1 -1.919220 0.311906 -44.782073 1.231605 312.574188 -692.197462
1 -2.683862 0.384840 58.612712 2.557229 393.613211 -692.197462
1 -2.198587 0.249556 71.448989 3.844532 461.191642 -692.197462
1 -1.125908 0.322614 44.301159 0.421906 259.614682 -692.197462
1 -3.535747 0.335951 61.924162 1.751913 384.861021 -692.197617
1 -3.085363 0.284736 -34.949351 3.603609 461.650617 -692.197617
1 -1.008387 0.159461 -16.901131 0.512066 253.621602 -692.197617
1 -2.076839 0.329524 -84.262813 2.809549 393.400319 -692.197617
1 -1.116373 0.385334 -10.404250 0.749255 297.243777 -692.197617
1 -1.502335 0.272301 31.523320 1.630810 357.181401 -692.197617
1 -1.537461 0.320682 -14.702379 0.565665 278.739926 -692.197617
1 -1.255099 0.380643 -72.485670 4.724203 487.695962 -692.197617
1 -3.071215 0.245193 -64.258610 3.718787 456.763231 -692.197617
1 -1.745591 0.228027 16.403441 2.595639 440.929434 -692.197617
1 -1.005987 0.258543 17.695690 1.808373 370.023722 -692.197769
1 -1.628842 0.314236 -43.455337 3.133435 411.762926 -692.197769
1 -0.974612 0.154092 -22.461319 0.415397 244.615345 -692.197769
1 -1.341872 0.355843 -39.061716 1.465823 310.445252 -692.197769
1 -1.718309 0.394266 -17.014584 1.127677 296.618106 -692.197769
1 -3.248967 0.309075 -30.152297 1.627860 368.467507 -692.197769
1 -3.514067 0.294687 45.320790 3.065075 417.653587 -692.197769
1 -1.116939 0.245348 7.264768 0.217893 241.114147 -692.197769
1 -3.784316 0.251034 -6.039104 2.312032 432.412096 -692.197769
1 -1.322100 0.307246 26.628574 2.402364 430.965408 -692.197769
1 -3.234705 0.190368 -28.281476 0.442226 259.687725 -692.197928
1 -1.793715 0.338364 -54.448227 4.196712 467.129706 -692.197928
1 -1.203336 0.258292 -33.776304 0.812595 278.759047 -692.197928
1 -1.892889 0.362692 -26.651345 1.378927 299.527914 -692.197928
1 -1.880341 0.393588 -21.216462 0.924760 269.440579 -692.197928
1 -1.297310 0.150094 -5.858790 1.167482 308.043591 -692.197928
1 -1.808136 0.211855 -12.071612 1.526299 327.176808 -692.197928
1 -1.533412 0.231259 -29.970924 1.642052 326.189916 -692.197928
1 -4.132494 0.271777 -13.095934 2.599074 458.961504 -692.197928
1 -1.574579 0.370694 68.415847 0.453807 264.670920 -692.197928
1 -3.619480 0.164279 -48.296451 0.662485 272.712202 -692.198169
1 -1.006088 0.314163 -72.691222 3.356881 422.290062 -692.198169
1 -2.330973 0.321124 -42.702389 1.087891 310.244429 -692.198169
1 -1.286924 0.118280 -39.547393 1.900345 348.403725 -692.198169
1 -4.115747 0.365854 -19.276604 1.813369 415.410052 -692.198169
1 -1.285992 0.220235 15.707744 1.803561 378.472354 -692.198169
1 -0.951891 0.322717 -73.898977 3.725123 440.801261 -692.198169
1 -3.274302 0.390686 -46.102521 3.858829 463.139631 -692.198169
1 -1.222940 0.250981 -6.409533 1.081624 310.758439 -692.198169
1 -2.560273 0.329433 26.493867 0.878207 294.723800 -692.198169
1 -1.127168 0.283565 -22.686331 0.846751 286.960986 -692.198389
1 -1.809958 0.322413 0.398745 1.528962 360.702182 -692.198389
1 -1.856675 0.359548 33.305005 1.736070 391.121307 -692.198389
1 -1.685881 0.114541 -44.322814 2.587587 400.220063 -692.198389
1 -2.281710 0.162452 63.915488 3.673911 462.024322 -692.198389
1 -1.214037 0.256827 16.601348 2.459180 418.059017 -692.198389
1 -1.041869 0.307527 -66.289052 3.778524 445.762381 -692.198389
1 -3.742175 0.249625 62.449248 2.172867 412.432660 -692.198389
1 -2.258459 0.273101 -48.457428 0.936597 291.351769 -692.198389
1 -2.133637 0.371943 -0.253363 1.742481 372.090200 -692.198389
1 -1.675404 0.268932 -24.059610 1.363103 305.983623 -692.198620
1 -3.345635 0.271809 74.445842 1.905482 334.732778 -692.198620
1 -2.117164 0.360766 3.217789 2.023283 413.401705 -692.198620
1 -2.532448 0.192005 88.960652 3.180256 433.826725 -692.198620
1 -2.856984 0.132179 54.663391 3.885422 470.878031 -692.198620
1 -1.043278 0.224593 19.528370 3.059990 458.267920 -692.198620
1 -2.019209 0.269619 -39.262403 4.271901 480.807730 -692.198620
1 -2.236863 0.131034 64.535665 3.276539 434.524178 -692.198620
1 -1.143896 0.298734 -31.917291 0.884421 275.006655 -692.198620
1 -1.225291 0.367712 23.693082 1.661808 367.901616 -692.198620
1 -3.260534 0.314013 -48.644204 3.370753 444.253055 -692.199094
1 -2.855718 0.166121 -82.853711 2.766426 408.964896 -692.199094
1 -0.952858 0.373229 19.865533 2.753148 463.694912 -692.199094
1 -1.657005 0.237120 73.089658 1.934615 341.495937 -692.199094
1 -2.606854 0.094013 63.594268 3.530955 471.981110 -692.199094
1 -1.123758 0.326288 10.284847 2.134898 407.829779 -692.199094
1 -1.124543 0.213988 -33.935263 1.000634 284.296856 -692.199094
1 -0.929074 0.278897 -71.205119 1.721155 320.948494 -692.199094
1 -5.190238 0.169397 12.648828 4.106303 487.265306 -692.199094
1 -1.819296 0.367095 35.486573 1.638581 368.552386 -692.199094
1 -2.769105 0.310365 -9.838455 2.271055 385.329641 -692.199600
1 -3.390713 0.248304 59.139865 2.753983 451.915836 -692.199600
1 -1.834422 0.249098 32.375393 2.935317 459.509908 -692.199600
1 -1.269431 0.271998 79.314669 0.905385 275.473853 -692.199600
1 -1.644900 0.061786 53.477009 1.717037 348.421861 -692.199600
1 -1.113956 0.240333 12.331997 2.532962 423.366158 -692.199600
1 -0.999016 0.196815 10.341230 1.272683 325.384632 -692.199600
1 -0.990088 0.265418 -63.264936 1.607262 313.639307 -692.199600
1 -5.714243 0.350363 -48.759140 0.633021 292.272672 -692.199600
1 -1.612762 0.377970 37.889140 1.302534 354.368300 -692.199600
1 -1.090685 0.171197 12.850113 2.532488 414.667931 -692.200044
1 -2.983428 0.247715 47.338447 3.022962 468.620730 -692.200044
1 -2.165470 0.294794 60.926942 1.929420 341.904885 -692.200044
1 -0.997840 0.227269 -70.815173 1.760187 330.526920 -692.200044
1 -1.656824 0.102815 61.847204 2.225641 382.835846 -692.200044
1 -1.645856 0.368354 -70.127512 2.693333 372.855011 -692.200044
1 -1.352158 0.227126 -14.462049 1.385711 328.210483 -692.200044
1 -2.243047 0.232990 -78.378257 2.011619 353.281402 -692.200044
1 -2.145709 0.389350 -28.197261 1.564305 307.243100 -692.200044
1 -1.827114 0.382537 46.841892 1.349360 356.889205 -692.200044
1 -4.098787 0.103189 -11.701882 3.017999 457.898420 -692.200654
1 -5.768116 0.201775 28.546898 1.897610 418.498301 -692.200654
1 -3.135890 0.358287 45.434120 2.183695 412.954014 -692.200654
1 -0.957035 0.387296 22.860571 1.251847 345.756986 -692.200654
1 -3.807536 0.356496 -42.049754 2.789348 422.646263 -692.200654
1 -2.380382 0.350342 84.678580 1.213932 313.703992 -692.200654
1 -1.672822 0.241602 -21.219962 1.827011 362.607598 -692.200654
1 -1.250265 0.284437 22.541778 1.229702 322.883522 -692.200654
1 -1.726376 0.391038 -27.074408 1.605831 325.623167 -692.200654
1 -3.057017 0.230084 58.867790 3.343328 480.471554 -692.200654
1 -1.492932 0.207624 -64.086684 2.597834 388.905945 -692.201126
1 -2.458460 0.274325 85.552814 4.003587 470.625085 -692.201126
1 -1.827764 0.205787 46.275414 0.568178 254.049139 -692.201126
1 -1.058054 0.374543 23.692692 1.321209 343.727958 -692.201126
1 -2.399143 0.396294 -47.614180 2.247046 374.348251 -692.201126
1 -1.468800 0.315835 69.130348 1.222619 293.598536 -692.201126
1 -1.422466 0.320827 11.801300 2.580820 447.456471 -692.201126
1 -1.175954 0.259283 30.981489 1.185600 328.444450 -692.201126
1 -1.115015 0.279163 17.778852 1.218487 335.231816 -692.201126
1 -4.794393 0.282761 79.195963 3.199130 496.676570 -692.201126
1 -2.888880 0.159787 -86.154801 2.053961 366.526579 -692.201681
1 -2.175634 0.341387 73.951921 3.397437 431.176399 -692.201681
1 -2.603473 0.219410 -49.254955 0.703415 273.855227 -692.201681
1 -1.844307 0.328348 1.248495 1.547402 357.043416 -692.201681
1 -3.466617 0.373457 -60.287515 1.625387 337.790960 -692.201681
1 -1.437427 0.303529 41.968516 0.193389 235.340704 -692.201681
1 -3.030802 0.368469 -46.709312 1.862711 363.583381 -692.201681
1 -3.272960 0.149019 -22.084737 3.665889 488.842182 -692.201681
1 -0.980071 0.330092 -78.421794 1.133607 278.441705 -692.201681
1 -1.783254 0.274099 35.951266 3.148390 470.431057 -692.201681
1 -1.142993 0.135700 -15.306271 1.154176 307.767671 -692.202090
1 -1.687414 0.159539 -41.285340 3.646430 455.351945 -692.202090
1 -1.353367 0.204290 -44.766636 2.118318 354.320523 -692.202090
1 -1.139616 0.331175 -82.252186 2.258842 351.145714 -692.202090
1 -1.567222 0.380963 -38.323174 1.651798 313.253560 -692.202090
1 -1.388164 0.251139 62.494799 0.973500 281.913943 -692.202090
1 -1.784709 0.353300 -37.890245 2.774843 390.911286 -692.202090
1 -1.403932 0.304356 -15.132780 1.231618 330.093008 -692.202090
1 -2.892678 0.329087 64.536075 1.219361 339.421177 -692.202090
1 -2.297935 0.249127 -33.942428 2.675588 410.689957 -692.202090
1 -1.381495 0.127317 -25.067573 1.276002 305.036970 -692.202557
1 -1.107349 0.138383 -67.165185 3.494882 447.204523 -692.202557
1 -3.067035 0.381201 -19.475338 2.568353 446.054524 -692.202557
1 -1.006658 0.308594 -61.578553 2.240167 352.965655 -692.202557
1 -1.532811 0.372759 -55.097539 1.517764 305.534575 -692.202557
1 -2.886084 0.274380 -88.541228 1.289198 315.804808 -692.202557
1 -2.800567 0.359709 -3.080606 1.801268 357.701579 -692.202557
1 -1.427269 0.307138 -27.460858 1.295492 322.479198 -692.202557
1 -1.538304 0.157457 31.029015 2.465019 418.140825 -692.202557
1 -2.260319 0.227632 -27.555114 2.578814 409.709486 -692.202557
1 -3.893706 0.246020 42.045155 4.278755 487.152902 -692.203176
1 -1.027181 0.242808 -75.925999 2.157470 355.525446 -692.203176
1 -4.758374 0.355114 79.916768 3.055621 497.352095 -692.203176
1 -1.685803 0.152906 -79.709285 2.338755 376.866523 -692.203176
1 -1.758524 0.274896 35.334238 2.476980 424.818677 -692.203176
1 -1.393540 0.338392 8.203614 3.362606 497.149634 -692.203176
1 -3.165193 0.372966 -9.786227 2.323995 396.287582 -692.203176
1 -2.007351 0.358217 54.830786 1.664990 361.798084 -692.203176
1 -1.948268 0.096653 72.278550 4.051642 481.750790 -692.203176
1 -3.585240 0.276892 -4.513958 2.702152 398.927481 -692.203176
1 -3.690833 0.274918 45.976844 4.491099 494.270445 -692.203739
1 -2.678464 0.357910 -44.515696 2.036797 371.401594 -692.203739
1 -4.191621 0.147688 -16.376550 2.955516 462.837578 -692.203739
1 -3.035343 0.137258 -77.715083 2.415786 386.103058 -692.203739
1 -1.080892 0.244476 21.887274 2.271814 413.461443 -692.203739
1 -1.721928 0.339597 5.144618 3.094378 477.288838 -692.203739
1 -2.169803 0.361135 63.505862 0.627872 287.996736 -692.203739
1 -1.203479 0.078189 14.310793 1.874441 362.960814 -692.203739
1 -2.450814 0.024293 72.304609 3.978061 491.362029 -692.203739
1 -2.233535 0.312747 12.457277 2.208186 401.052239 -692.203739
1 -4.921153 0.117245 -36.114272 3.289534 465.594978 -692.204324
1 -2.970398 0.384581 55.443352 3.091906 412.898197 -692.204324
1 -2.252671 0.097119 -13.390307 3.180613 437.169913 -692.204324
1 -1.997586 0.224600 12.249041 2.753145 432.164913 -692.204324
1 -3.325056 0.303666 -28.568370 2.774496 428.199386 -692.204324
1 -2.403509 0.327638 16.937458 3.043962 486.126549 -692.204324
1 -1.144780 0.344976 45.251680 0.446288 261.794988 -692.204324
1 -2.430437 0.231693 -88.881754 1.825932 337.530974 -692.204324
1 -1.983451 0.165104 82.748048 4.369155 495.073305 -692.204324
1 -3.949801 0.185868 -1.829076 2.734299 453.576383 -692.204324
1 -1.216712 0.179884 -39.294881 1.332512 309.425433 -692.204733
1 -2.568466 0.383506 63.563947 3.317033 424.323773 -692.204733
1 -1.245075 0.013566 -32.055667 3.096380 435.344672 -692.204733
1 -1.317286 0.267644 3.608743 0.205069 238.265782 -692.204733
1 -1.394158 0.093335 11.549933 2.345606 392.457840 -692.204733
1 -3.073677 0.384528 -81.810142 2.324952 372.382256 -692.204733
1 -1.773693 0.287169 44.339594 1.324079 323.386122 -692.204733
1 -1.347348 0.337794 -22.882200 1.015019 309.120643 -692.204733
1 -1.359365 0.165829 -82.393399 3.652510 452.916658 -692.204733
1 -1.349659 0.146955 -15.066737 1.637348 346.897685 -692.204733
1 -2.927367 0.256753 -16.664993 0.690355 249.698407 -692.205178
1 -2.016504 0.300405 79.262086 2.624097 393.470191 -692.205178
1 -1.159175 0.011594 -32.392580 3.093080 435.625214 -692.205178
1 -1.785677 0.272897 4.039844 0.245766 237.873522 -692.205178
1 -1.629902 0.124915 54.315562 2.042031 374.335065 -692.205178
1 -1.320551 0.210131 79.844687 0.810420 270.811056 -692.205178
1 -1.724102 0.330163 59.648839 1.572907 343.255602 -692.205178
1 -1.789485 0.327375 -20.417156 0.996251 317.122481 -692.205178
1 -2.336730 0.269500 89.350375 3.521481 443.859855 -692.205178
1 -1.426556 0.195589 59.549807 1.272150 319.379173 -692.205178
1 -2.364950 0.318908 -8.744586 1.697504 385.028767 -692.205630
1 -4.165965 0.322106 0.296496 2.766841 422.247055 -692.205630
1 -0.906732 0.003641 -32.510063 3.135338 438.621444 -692.205630
1 -1.087568 0.287798 -0.467049 0.336368 255.018880 -692.205630
1 -1.540853 0.170891 46.779386 1.397849 326.259954 -692.205630
1 -1.010282 0.201564 -76.153758 0.968677 272.259041 -692.205630
1 -2.854303 0.348884 58.970395 1.809307 384.043441 -692.205630
1 -1.281469 0.357839 41.689344 0.836224 300.220721 -692.205630
1 -2.086505 0.264410 77.130239 3.696126 452.289957 -692.205630
1 -1.099956 0.256222 50.913974 0.326255 245.001167 -692.205630
1 -1.845431 0.334887 -73.317309 3.657550 441.230950 -692.206154
1 -2.032424 0.343081 -53.808078 3.530669 435.777896 -692.206154
1 -3.434601 0.376550 -35.487551 3.233567 407.887856 -692.206154
1 -1.731802 0.288098 4.370685 0.361383 248.591428 -692.206154
1 -2.561287 0.114180 -45.805223 2.139828 377.905760 -692.206154
1 -1.406942 0.138302 67.083173 1.179549 297.065128 -692.206154
1 -3.166927 0.375876 48.461690 2.486230 385.974789 -692.206154
1 -1.078959 0.380707 29.688046 0.838288 311.675044 -692.206154
1 -2.301187 0.284416 76.576243 3.240262 431.700552 -692.206154
1 -1.763899 0.236501 84.283278 1.251378 291.279477 -692.206154
1 -2.497710 0.316680 -52.374485 4.624967 496.948425 -692.206625
1 -2.033067 0.310914 73.745963 2.371364 381.926244 -692.206625
1 -2.014022 0.295491 -23.831349 2.051856 376.562182 -692.206625
1 -1.076316 0.281719 -28.900951 0.707444 264.976843 -692.206625
1 -1.052261 0.196921 -68.630951 2.776876 395.338551 -692.206625
1 -1.197985 0.170797 -82.616320 1.792091 332.391248 -692.206625
1 -2.727209 0.312552 63.156155 3.652557 452.266254 -692.206625
1 -1.392342 0.350121 -7.438905 1.002871 322.934320 -692.206625
1 -2.911416 0.298044 86.892242 3.496234 446.872772 -692.206625
1 -2.263959 0.225713 -11.116138 1.859378 347.683220 -692.206625
1 -1.883291 0.303909 -26.783522 1.853361 364.055569 -692.207371
1 -2.760183 0.354801 46.202148 1.941309 359.112185 -692.207371
1 -3.732143 0.272834 -15.725370 3.821886 477.605152 -692.207371
1 -2.461982 0.305262 -46.988864 0.552145 266.308091 -692.207371
1 -1.945234 0.192808 -29.856899 1.287547 324.757341 -692.207371
1 -5.011849 0.091545 -86.368610 0.710445 272.068581 -692.207371
1 -3.409041 0.253074 59.047619 4.287100 496.841538 -692.207371
1 -2.721370 0.192900 -49.079570 1.569073 338.731712 -692.207371
1 -3.818353 0.287178 67.657549 2.391799 433.151621 -692.207371
1 -2.629675 0.392108 -13.612997 1.982384 385.833665 -692.207371
1 -4.438544 0.360862 -32.187760 1.836990 413.283528 -692.208027
1 -1.642579 0.363568 33.990915 1.634005 372.672428 -692.208027
1 -3.507281 0.273566 -16.759390 3.733478 471.084002 -692.208027
1 -1.374192 0.298088 -14.700410 0.864278 280.763937 -692.208027
1 -2.704147 0.281406 45.819826 2.764624 443.408612 -692.208027
1 -1.875166 0.130902 -73.234905 1.146839 295.903886 -692.208027
1 -3.613304 0.348423 78.410291 3.775760 465.866032 -692.208027
1 -6.481726 0.091341 -65.450949 2.918031 460.675932 -692.208027
1 -3.734723 0.281820 62.354921 2.419490 438.487063 -692.208027
1 -1.478327 0.375164 -48.186354 2.693641 380.714712 -692.208027
1 -3.318224 0.345898 -50.981462 3.575037 451.066226 -692.208629
1 -3.282195 0.391898 65.829635 2.823202 421.061013 -692.208629
1 -3.855818 0.347934 -5.218556 3.667440 449.114344 -692.208629
1 -1.143007 0.267258 26.694443 0.304648 253.942879 -692.208629
1 -2.159981 0.233495 67.504210 3.079986 414.975413 -692.208629
1 -1.820477 0.143787 42.645308 1.040890 293.414389 -692.208629
1 -5.036330 0.310531 -40.426748 1.941848 418.779664 -692.208629
1 -1.497561 0.379720 15.519714 1.770489 375.894044 -692.208629
1 -1.843783 0.246250 53.149957 1.853636 360.171064 -692.208629
1 -3.201802 0.327981 -36.526089 3.915198 449.281601 -692.208629
1 -1.332362 0.230388 82.886832 0.596241 254.051632 -692.209781
1 -2.835827 0.186603 13.901852 2.939419 463.498044 -692.209781
1 -4.858825 0.344784 72.884712 2.219539 446.694893 -692.209781
1 -1.995642 0.239648 65.191123 1.955499 343.582967 -692.209781
1 -3.622518 0.271187 69.332925 3.446532 460.141448 -692.209781
1 -2.437030 0.144772 30.269348 1.238085 311.671597 -692.209781
1 -5.466856 0.061712 86.131490 3.656766 495.347664 -692.209781
1 -2.697050 0.215977 -32.248415 1.421945 340.807528 -692.209781
1 -1.680070 0.247769 65.833915 1.847388 352.158362 -692.209781
1 -1.978823 0.346006 -36.898780 4.145434 463.599864 -692.209781
1 -1.915721 0.081097 -59.246917 1.827717 346.493571 -692.211889
1 -2.379227 0.277638 85.467392 3.803042 459.534023 -692.211889
1 -3.148631 0.387440 52.628922 3.072342 414.327189 -692.211889
1 -1.245970 0.370709 74.509656 0.933778 276.476094 -692.211889
1 -2.482152 0.282654 -55.954934 1.453578 322.885013 -692.211889
1 -1.993621 0.141248 18.156303 1.956429 363.123046 -692.211889
1 -2.089723 0.074893 -14.133189 2.800505 413.383430 -692.211889
1 -3.148665 0.209642 46.701622 3.250865 440.175833 -692.211889
1 -2.630085 0.297427 84.609824 2.496037 393.416571 -692.211889
1 -1.107193 0.343589 -74.275672 3.115701 401.628629 -692.211889
1 -5.748610 0.050942 3.426619 3.288403 475.166662 -692.216115
1 -2.391395 0.321802 40.417259 1.804030 366.263268 -692.216115
1 -1.657789 0.294823 19.973246 1.232996 318.377280 -692.216115
1 -1.761251 0.056523 50.100619 0.159035 226.786504 -692.216115
1 -2.723225 0.244852 65.633724 3.793930 467.892166 -692.216115
1 -1.466593 0.280423 -33.012188 1.690648 331.544645 -692.216115
1 -1.147896 0.235385 -13.716829 0.839080 283.195232 -692.216115
1 -2.045235 0.117229 59.317659 3.153112 436.237321 -692.216115
1 -2.267508 0.352266 -61.608138 3.862698 450.371698 -692.216115
1 -1.812639 0.391948 83.365809 3.036449 402.676770 -692.216115
1 -3.731994 0.163412 -23.922455 2.959987 455.291391 -692.223951
1 -1.332469 0.240296 -66.274354 0.081097 214.854682 -692.223951
1 -1.534616 0.260517 75.138938 1.036069 296.141284 -692.223951
1 -1.682913 0.048309 61.912492 0.578128 254.609835 -692.223951
1 -3.775431 0.333992 -74.587160 3.384286 432.256808 -692.223951
1 -2.675594 0.368448 6.043307 1.050243 298.720903 -692.223951
1 -1.004224 0.260863 23.487022 0.103971 234.983251 -692.223951
1 -1.864650 0.079500 62.715106 2.449786 388.538380 -692.223951
1 -1.188568 0.143339 -32.310236 1.209093 305.161060 -692.223951
1 -1.141035 0.342008 -83.656728 3.800318 440.942054 -692.223951
1 -4.687185 0.093800 -26.788009 3.105738 465.748055 -692.241375
1 -1.570042 0.245894 5.185393 1.708178 374.661243 -692.241375
1 -1.343444 0.205508 -82.868702 2.626031 388.352440 -692.241375
1 -1.594091 0.047751 52.005219 0.592446 259.235014 -692.241375
1 -3.155397 0.383593 -63.159465 2.667164 391.639433 -692.241375
1 -2.678495 0.193042 53.623034 2.890441 436.238762 -692.241375
1 -1.068099 0.251706 29.790542 0.189436 241.541135 -692.241375
1 -2.219080 0.379595 -3.988999 1.085757 329.872652 -692.241375
1 -1.741377 0.228191 -23.840281 2.068349 365.370569 -692.241375
1 -4.287695 0.364327 3.265125 2.585774 392.306831 -692.241375
1 -1.993271 0.283749 11.837301 0.418657 257.268350 -692.272916
1 -1.156149 0.265362 24.105053 1.779613 367.085545 -692.272916
1 -1.719597 0.367192 60.190737 1.485809 338.974130 -692.272916
1 -2.426086 0.300542 52.133900 1.659610 326.828183 -692.272916
1 -4.169303 0.147701 51.831416 3.143480 476.276722 -692.272916
1 -2.040149 0.228183 -42.561924 2.889516 415.666950 -692.272916
1 -1.304833 0.360974 61.049705 0.962466 291.727266 -692.272916
1 -2.448380 0.355194 67.540612 4.684680 490.772195 -692.272916
1 -1.106623 0.304417 -81.962061 2.760741 386.608254 -692.272916
1 -1.691962 0.249058 73.252777 2.145204 363.368470 -692.272916
1 -1.249320 0.313285 -9.243873 0.408315 249.784500 -692.336002
1 -1.131804 0.336103 10.679694 2.344690 426.811739 -692.336002
1 -2.007860 0.347932 88.524596 1.767599 337.669252 -692.336002
1 -1.400853 0.315994 37.869915 0.080379 230.852862 -692.336002
1 -3.184387 0.266558 45.117745 2.776017 459.123408 -692.336002
1 -1.641670 0.207509 -30.327714 2.139967 372.240748 -692.336002
1 -1.826568 0.384926 79.461048 0.524243 264.364750 -692.336002
1 -2.469925 0.354515 66.915115 4.655679 488.058997 -692.336002
1 -3.088176 0.316610 87.057822 1.028602 279.943468 -692.336002
1 -2.056841 0.261878 84.844684 3.423103 437.559786 -692.336002
1 -1.218457 0.306439 -13.398816 0.522831 256.545515 -692.429195
1 -3.055908 0.374449 -25.442691 1.859017 387.403682 -692.429195
1 -1.288658 0.379315 -21.331193 1.052585 309.634532 -692.429195
1 -1.562880 0.366471 53.614277 0.296769 232.594630 -692.429195
1 -1.969131 0.376172 35.492551 0.194902 236.936544 -692.429195
1 -1.515012 0.263998 -45.677119 1.741672 336.610072 -692.429195
1 -1.479411 0.365011 64.585157 1.278555 313.072295 -692.429195
1 -1.893665 0.391183 77.485700 4.388402 468.475878 -692.429195
1 -2.726215 0.364366 60.037367 0.088377 205.966918 -692.429195
1 -1.427817 0.243679 -23.674923 1.532929 336.313524 -692.429195
1 -2.885712 0.364579 -57.082649 0.467772 244.252346 -692.551526
1 -2.277833 0.333627 -27.166311 2.144231 383.380930 -692.551526
1 -2.254173 0.314289 -34.632190 1.553361 348.759759 -692.551526
1 -1.285392 0.385992 47.200562 0.350678 249.601697 -692.551526
1 -1.005383 0.347434 28.990337 0.252384 254.283532 -692.551526
1 -2.693683 0.353871 -26.845725 2.710973 411.175640 -692.551526
1 -1.446409 0.237314 46.409316 0.991578 309.227668 -692.551526
1 -2.242213 0.274471 -44.002941 3.620732 451.852892 -692.551526
1 -2.737939 0.340919 51.265897 2.280938 386.199310 -692.551526
1 -1.912832 0.195458 -4.653061 2.097725 397.239706 -692.551526
1 -2.636972 0.334772 62.657078 3.493954 439.073181 -692.673159
1 -2.511914 0.091850 -38.445076 1.076934 300.695371 -692.673159
1 -2.156080 0.215899 -32.875776 4.464535 495.093925 -692.673159
1 -1.264219 0.380027 14.408616 1.835278 402.424832 -692.673159
1 -1.015802 0.353381 30.792999 0.076333 239.673946 -692.673159
1 -2.091494 0.311775 -33.187053 2.584613 396.064248 -692.673159
1 -2.062589 0.109006 36.827726 1.918040 365.465357 -692.673159
1 -3.352923 0.344465 -51.683061 0.554533 270.928246 -692.673159
1 -1.750868 0.399400 38.453655 0.716274 282.073720 -692.673159
1 -1.121737 0.184635 9.277313 2.162794 395.761985 -692.673159
1 -3.893990 0.176332 -12.716017 2.879203 459.662983 -692.800117
1 -2.048607 0.168267 84.852013 1.552194 331.188660 -692.800117
1 -2.779460 0.350850 61.059401 3.635322 436.373192 -692.800117
1 -3.597135 0.343473 -17.215064 1.975909 412.873182 -692.800117
1 -0.968684 0.352388 17.414548 0.261081 252.164778 -692.800117
1 -1.657249 0.267466 80.384063 1.337711 313.995174 -692.800117
1 -2.102182 0.110138 21.614382 1.947591 375.659876 -692.800117
1 -1.139432 0.386502 7.397318 1.243575 347.017378 -692.800117
1 -1.582690 0.378381 36.546960 0.912066 315.135165 -692.800117
1 -2.510337 0.172322 2.786132 2.669502 440.650207 -692.800117
1 -2.399091 0.120870 -13.302125 3.574771 466.263935 -692.898992
1 -2.019893 0.107735 66.082028 1.467490 332.605012 -692.898992
1 -2.433781 0.376054 63.500121 2.376506 386.393092 -692.898992
1 -2.861327 0.364450 -15.393640 2.238617 398.146161 -692.898992
1 -1.350380 0.168577 -23.994058 1.181620 311.907445 -692.898992
1 -1.463744 0.170615 69.149814 1.452653 324.889146 -692.898992
1 -1.686698 0.174022 34.149502 2.277985 406.324253 -692.898992
1 -1.725004 0.390492 -13.225800 1.441955 353.117555 -692.898992
1 -2.532236 0.207894 68.035637 2.459422 405.972857 -692.898992
1 -2.285920 0.144999 -5.605493 2.837095 426.800883 -692.898992
1 -2.531740 0.114493 -12.372859 3.479812 454.554596 -692.998553
1 -1.669085 0.080290 57.556321 1.920053 355.915360 -692.998553
1 -1.402171 0.326064 73.277311 1.252879 294.039977 -692.998553
1 -1.086148 0.364024 -32.344635 0.193381 221.522177 -692.998553
1 -1.346560 0.167125 -12.643158 1.223954 309.007472 -692.998553
1 -1.708415 0.093565 54.669018 1.825908 349.300979 -692.998553
1 -1.753364 0.170296 43.378185 2.017978 384.059810 -692.998553
1 -1.286520 0.153728 53.447002 0.912136 285.863751 -692.998553
1 -1.821394 0.384532 43.122767 1.240169 325.158803 -692.998553
1 -0.952505 0.212952 -15.800568 0.056325 221.378715 -692.998553
1 -2.219092 0.101764 -17.454226 3.771962 481.915217 -693.108988
1 -1.688834 0.150085 63.381922 0.710631 275.120939 -693.108988
1 -2.814256 0.348203 -18.669569 2.700885 388.181694 -693.108988
1 -3.841625 0.312816 -7.230530 2.637216 464.573093 -693.108988
1 -1.299607 0.211964 -6.984757 1.064531 302.686790 -693.108988
1 -1.676878 0.091261 50.448279 2.012275 366.709942 -693.108988
1 -0.939321 0.160250 19.810488 1.638014 352.529895 -693.108988
1 -1.305901 0.150072 53.302056 0.971231 290.475290 -693.108988
1 -1.595673 0.300345 71.906546 1.572953 332.018040 -693.108988
1 -1.234971 0.224936 -28.856275 0.226711 237.111270 -693.108988
