#REFERENCE 3 87.3042530 -62.0775650
1	-0.244141	-0.301218	0.750568	2.914099	
1	-0.195312	-0.324403	0.524562	3.074329	
1	-0.195312	-0.324403	0.524562	3.074329	
1	-0.146484	-0.337864	0.332958	3.181111	
1	-0.146484	-0.337864	0.332958	3.181111	
1	-0.122115	-0.341797	0.248053	3.219965	
1	-0.122115	-0.341797	0.248053	3.219965	
1	-0.097656	-0.349199	0.163321	3.253441	
1	-0.097656	-0.349199	0.163321	3.253441	
1	-0.048828	-0.357681	0.017433	3.298189	
1	-0.048828	-0.357681	0.017433	3.298189	
1	0.000000	-0.361845	-0.106564	3.322489	
1	0.000000	-0.361845	-0.106564	3.322489	
1	0.048828	-0.362586	-0.212747	3.332111	
1	0.048828	-0.362586	-0.212747	3.332111	
1	0.097656	-0.360190	-0.303824	3.330931	
1	0.097656	-0.360190	-0.303824	3.330931	
1	0.146484	-0.354548	-0.381944	3.321712	
1	0.146484	-0.354548	-0.381944	3.321712	
1	0.195312	-0.345254	-0.448994	3.306395	
1	0.195312	-0.345254	-0.448994	3.306395	
1	0.210399	-0.341797	-0.467651	3.300668	
1	0.210399	-0.341797	-0.467651	3.300668	
1	0.244141	-0.334543	-0.505517	3.286694	
1	0.244141	-0.334543	-0.505517	3.286694	
1	0.292969	-0.320213	-0.553326	3.263536	
1	0.292969	-0.320213	-0.553326	3.263536	
1	0.341797	-0.299615	-0.594472	3.236808	
1	0.341797	-0.299615	-0.594472	3.236808	
1	0.356208	-0.292969	-0.605159	3.228439	
1	0.356208	-0.292969	-0.605159	3.228439	
1	0.390625	-0.274457	-0.628745	3.207071	
1	0.390625	-0.274457	-0.628745	3.207071	
1	0.433759	-0.244141	-0.655055	3.176333	
1	0.433759	-0.244141	-0.655055	3.176333	
1	0.439453	-0.238764	-0.658513	3.171488	
1	0.439453	-0.238764	-0.658513	3.171488	
1	0.481953	-0.195312	-0.680946	3.131974	
1	0.481953	-0.195312	-0.680946	3.131974	
1	0.488281	-0.184504	-0.684799	3.122976	
1	0.488281	-0.184504	-0.684799	3.122976	
1	0.511832	-0.146484	-0.695873	3.089168	
1	0.511832	-0.146484	-0.695873	3.089168	
1	0.525659	-0.097656	-0.703864	3.044174	
1	0.525659	-0.097656	-0.703864	3.044174	
1	0.528741	-0.048828	-0.705961	2.992671	
1	0.528741	-0.048828	-0.705961	2.992671	
1	0.523944	0.000000	-0.701205	2.931137	
1	0.523944	0.000000	-0.701205	2.931137	
1	0.511207	0.048828	-0.687183	2.855395	
1	0.511207	0.048828	-0.687183	2.855395	
1	0.488281	0.096010	-0.659949	2.761170	
1	0.488281	0.096010	-0.659949	2.761170	
1	0.487819	0.097656	-0.658777	2.757733	
1	0.487819	0.097656	-0.658777	2.757733	
1	0.463272	0.146484	-0.610319	2.636372	
1	0.463272	0.146484	-0.610319	2.636372	
1	0.439453	0.173694	-0.565574	2.545101	
1	0.439453	0.173694	-0.565574	2.545101	
1	0.426934	0.195312	-0.525444	2.472796	
1	0.426934	0.195312	-0.525444	2.472796	
1	0.390625	0.230882	-0.421972	2.311915	
1	0.390625	0.230882	-0.421972	2.311915	
1	0.380008	0.244141	-0.378332	2.251824	
1	0.380008	0.244141	-0.378332	2.251824	
1	0.341797	0.274093	-0.233129	2.074495	
1	0.341797	0.274093	-0.233129	2.074495	
1	0.315670	0.292969	-0.118293	1.953119	
1	0.315670	0.292969	-0.118293	1.953119	
1	0.292969	0.307016	-0.015612	1.855768	
1	0.292969	0.307016	-0.015612	1.855768	
1	0.244141	0.331104	0.202616	1.678396	
1	0.244141	0.331104	0.202616	1.678396	
1	0.209211	0.341797	0.344351	1.582431	
1	0.209211	0.341797	0.344351	1.582431	
1	0.195312	0.348067	0.403757	1.546470	
1	0.195312	0.348067	0.403757	1.546470	
1	0.146484	0.363563	0.588686	1.450322	
1	0.146484	0.363563	0.588686	1.450322	
1	0.097656	0.373515	0.747498	1.386955	
1	0.097656	0.373515	0.747498	1.386955	
1	0.048828	0.379937	0.885365	1.346921	
1	0.048828	0.379937	0.885365	1.346921	
1	0.000000	0.383938	1.005172	1.324249	
1	0.000000	0.383938	1.005172	1.324249	
1	-0.048828	0.386050	1.108788	1.314629	
1	-0.048828	0.386050	1.108788	1.314629	
1	-0.097656	0.386455	1.197768	1.314715	
1	-0.097656	0.386455	1.197768	1.314715	
1	-0.146484	0.385099	1.273614	1.321867	
1	-0.146484	0.385099	1.273614	1.321867	
1	-0.195312	0.381727	1.337835	1.334045	
1	-0.195312	0.381727	1.337835	1.334045	
1	-0.244141	0.375872	1.391927	1.349754	
1	-0.244141	0.375872	1.391927	1.349754	
1	-0.292969	0.366758	1.437361	1.368011	
1	-0.292969	0.366758	1.437361	1.368011	
1	-0.341797	0.353078	1.475596	1.388398	
1	-0.341797	0.353078	1.475596	1.388398	
1	-0.372743	0.341797	1.496514	1.402352	
1	-0.372743	0.341797	1.496514	1.402352	
1	-0.390625	0.334163	1.507550	1.410824	
1	-0.390625	0.334163	1.507550	1.410824	
1	-0.439453	0.306013	1.534850	1.436705	
1	-0.439453	0.306013	1.534850	1.436705	
1	-0.456806	0.292969	1.543610	1.447248	
1	-0.456806	0.292969	1.543610	1.447248	
1	-0.488281	0.253428	1.561156	1.474414	
1	-0.488281	0.253428	1.561156	1.474414	
1	-0.494612	0.244141	1.564447	1.480914	
1	-0.494612	0.244141	1.564447	1.480914	
1	-0.513312	0.195312	1.577244	1.514670	
1	-0.513312	0.195312	1.577244	1.514670	
1	-0.518151	0.146484	1.585240	1.552344	
1	-0.518151	0.146484	1.585240	1.552344	
1	-0.514811	0.097656	1.588948	1.597513	
1	-0.514811	0.097656	1.588948	1.597513	
1	-0.504757	0.048828	1.587326	1.653171	
1	-0.504757	0.048828	1.587326	1.653171	
1	-0.488281	0.003555	1.579074	1.717828	
1	-0.488281	0.003555	1.579074	1.717828	
1	-0.487572	0.000000	1.578104	1.723342	
1	-0.487572	0.000000	1.578104	1.723342	
1	-0.470500	-0.048828	1.558041	1.810389	
1	-0.470500	-0.048828	1.558041	1.810389	
1	-0.443576	-0.097656	1.520118	1.924445	
1	-0.443576	-0.097656	1.520118	1.924445	
1	-0.439453	-0.102338	1.514770	1.938154	
1	-0.439453	-0.102338	1.514770	1.938154	
1	-0.415797	-0.146484	1.456496	2.067925	
1	-0.415797	-0.146484	1.456496	2.067925	
1	-0.390625	-0.174127	1.396832	2.178110	
1	-0.390625	-0.174127	1.396832	2.178110	
1	-0.377761	-0.195312	1.345732	2.261464	
1	-0.377761	-0.195312	1.345732	2.261464	
1	-0.341797	-0.229560	1.216767	2.443088	
1	-0.341797	-0.229560	1.216767	2.443088	
1	-0.328747	-0.244141	1.153696	2.521112	
1	-0.328747	-0.244141	1.153696	2.521112	
1	-0.292969	-0.271523	0.988459	2.701468	
1	-0.292969	-0.271523	0.988459	2.701468	
1	-0.257344	-0.292969	0.817396	2.859236	
1	-0.257344	-0.292969	0.817396	2.859236	
1	-0.244141	-0.301218	0.750568	2.914099	
2	1.903615	3.076172	0.837987	2.391917	
2	1.903615	3.076172	0.837987	2.391917	
2	1.904297	3.073989	0.837276	2.393354	
2	1.904297	3.073989	0.837276	2.393354	
2	1.919091	3.027344	0.822006	2.423709	
2	1.919091	3.027344	0.822006	2.423709	
2	1.928856	2.978516	0.806763	2.452997	
2	1.928856	2.978516	0.806763	2.452997	
2	1.932650	2.929688	0.792338	2.479654	
2	1.932650	2.929688	0.792338	2.479654	
2	1.930044	2.880859	0.778863	2.503496	
2	1.930044	2.880859	0.778863	2.503496	
2	1.920421	2.832031	0.766536	2.524271	
2	1.920421	2.832031	0.766536	2.524271	
2	1.904297	2.786841	0.756447	2.540411	
2	1.904297	2.786841	0.756447	2.540411	
2	1.902884	2.783203	0.755660	2.541632	
2	1.902884	2.783203	0.755660	2.541632	
2	1.875418	2.734375	0.746841	2.554879	
2	1.875418	2.734375	0.746841	2.554879	
2	1.855469	2.708337	0.743354	2.559848	
2	1.855469	2.708337	0.743354	2.559848	
2	1.835844	2.685547	0.740895	2.563225	
2	1.835844	2.685547	0.740895	2.563225	
2	1.806641	2.658669	0.739555	2.565000	
2	1.806641	2.658669	0.739555	2.565000	
2	1.779151	2.636719	0.739559	2.565009	
2	1.779151	2.636719	0.739559	2.565009	
2	1.757812	2.622517	0.740579	2.563784	
2	1.757812	2.622517	0.740579	2.563784	
2	1.708984	2.594754	0.744895	2.558852	
2	1.708984	2.594754	0.744895	2.558852	
2	1.694796	2.587891	0.746653	2.556919	
2	1.694796	2.587891	0.746653	2.556919	
2	1.660156	2.573302	0.751852	2.551379	
2	1.660156	2.573302	0.751852	2.551379	
2	1.611328	2.556242	0.760840	2.542288	
2	1.611328	2.556242	0.760840	2.542288	
2	1.562500	2.542514	0.771498	2.532113	
2	1.562500	2.542514	0.771498	2.532113	
2	1.547361	2.539062	0.775169	2.528735	
2	1.547361	2.539062	0.775169	2.528735	
2	1.513672	2.532119	0.783766	2.521043	
2	1.513672	2.532119	0.783766	2.521043	
2	1.464844	2.524283	0.797356	2.509440	
2	1.464844	2.524283	0.797356	2.509440	
2	1.416016	2.518534	0.812073	2.497543	
2	1.416016	2.518534	0.812073	2.497543	
2	1.367188	2.514645	0.827786	2.485510	
2	1.367188	2.514645	0.827786	2.485510	
2	1.318359	2.512414	0.844373	2.473476	
2	1.318359	2.512414	0.844373	2.473476	
2	1.269531	2.511664	0.861718	2.461554	
2	1.269531	2.511664	0.861718	2.461554	
2	1.220703	2.512236	0.879712	2.449840	
2	1.220703	2.512236	0.879712	2.449840	
2	1.171875	2.513988	0.898256	2.438411	
2	1.171875	2.513988	0.898256	2.438411	
2	1.123047	2.516789	0.917253	2.427331	
2	1.123047	2.516789	0.917253	2.427331	
2	1.074219	2.520525	0.936617	2.416650	
2	1.074219	2.520525	0.936617	2.416650	
2	1.025391	2.525087	0.956267	2.406405	
2	1.025391	2.525087	0.956267	2.406405	
2	0.976562	2.530379	0.976129	2.396622	
2	0.976562	2.530379	0.976129	2.396622	
2	0.927734	2.536311	0.996137	2.387315	
2	0.927734	2.536311	0.996137	2.387315	
2	0.907084	2.539062	1.004639	2.383519	
2	0.907084	2.539062	1.004639	2.383519	
2	0.878906	2.542819	1.016231	2.378491	
2	0.878906	2.542819	1.016231	2.378491	
2	0.830078	2.549779	1.036349	2.370150	
2	0.830078	2.549779	1.036349	2.370150	
2	0.781250	2.557085	1.056437	2.362284	
2	0.781250	2.557085	1.056437	2.362284	
2	0.732422	2.564666	1.076449	2.354876	
2	0.732422	2.564666	1.076449	2.354876	
2	0.683594	2.572454	1.096346	2.347905	
2	0.683594	2.572454	1.096346	2.347905	
2	0.634766	2.580388	1.116090	2.341343	
2	0.634766	2.580388	1.116090	2.341343	
2	0.589086	2.587891	1.134393	2.335548	
2	0.589086	2.587891	1.134393	2.335548	
2	0.585938	2.588398	1.135647	2.335160	
2	0.585938	2.588398	1.135647	2.335160	
2	0.537109	2.596216	1.154962	2.329329	
2	0.537109	2.596216	1.154962	2.329329	
2	0.488281	2.603952	1.174024	2.323808	
2	0.488281	2.603952	1.174024	2.323808	
2	0.439453	2.611567	1.192806	2.318559	
2	0.439453	2.611567	1.192806	2.318559	
2	0.390625	2.619030	1.211280	2.313542	
2	0.390625	2.619030	1.211280	2.313542	
2	0.341797	2.626313	1.229415	2.308720	
2	0.341797	2.626313	1.229415	2.308720	
2	0.292969	2.633398	1.247183	2.304054	
2	0.292969	2.633398	1.247183	2.304054	
2	0.269070	2.636719	1.255730	2.301818	
2	0.269070	2.636719	1.255730	2.301818	
2	0.244141	2.640053	1.264533	2.299512	
2	0.244141	2.640053	1.264533	2.299512	
2	0.195312	2.646261	1.281432	2.295058	
2	0.195312	2.646261	1.281432	2.295058	
2	0.146484	2.652230	1.297865	2.290654	
2	0.146484	2.652230	1.297865	2.290654	
2	0.097656	2.657984	1.313795	2.286269	
2	0.097656	2.657984	1.313795	2.286269	
2	0.048828	2.663558	1.329189	2.281873	
2	0.048828	2.663558	1.329189	2.281873	
2	0.000000	2.669003	1.344011	2.277439	
2	0.000000	2.669003	1.344011	2.277439	
2	-0.048828	2.674387	1.358226	2.272943	
2	-0.048828	2.674387	1.358226	2.272943	
2	-0.097656	2.679800	1.371801	2.268363	
2	-0.097656	2.679800	1.371801	2.268363	
2	-0.146484	2.685363	1.384708	2.263675	
2	-0.146484	2.685363	1.384708	2.263675	
2	-0.148125	2.685547	1.385130	2.263515	
2	-0.148125	2.685547	1.385130	2.263515	
2	-0.195312	2.690671	1.396870	2.258880	
2	-0.195312	2.690671	1.396870	2.258880	
2	-0.244141	2.696405	1.408311	2.253939	
2	-0.244141	2.696405	1.408311	2.253939	
2	-0.292969	2.702850	1.419024	2.248825	
2	-0.292969	2.702850	1.419024	2.248825	
2	-0.341797	2.710391	1.429018	2.243497	
2	-0.341797	2.710391	1.429018	2.243497	
2	-0.390625	2.719600	1.438324	2.237888	
2	-0.390625	2.719600	1.438324	2.237888	
2	-0.439453	2.731382	1.447017	2.231878	
2	-0.439453	2.731382	1.447017	2.231878	
2	-0.449968	2.734375	1.448820	2.230513	
2	-0.449968	2.734375	1.448820	2.230513	
2	-0.488281	2.745696	1.455075	2.225373	
2	-0.488281	2.745696	1.455075	2.225373	
2	-0.537109	2.765500	1.462810	2.217916	
2	-0.537109	2.765500	1.462810	2.217916	
2	-0.568353	2.783203	1.467827	2.212192	
2	-0.568353	2.783203	1.467827	2.212192	
2	-0.585938	2.794193	1.470597	2.208647	
2	-0.585938	2.794193	1.470597	2.208647	
2	-0.629130	2.832031	1.478093	2.197282	
2	-0.629130	2.832031	1.478093	2.197282	
2	-0.634766	2.837782	1.479106	2.195510	
2	-0.634766	2.837782	1.479106	2.195510	
2	-0.667209	2.880859	1.485789	2.182074	
2	-0.667209	2.880859	1.485789	2.182074	
2	-0.683594	2.908667	1.489640	2.172708	
2	-0.683594	2.908667	1.489640	2.172708	
2	-0.693628	2.929688	1.492356	2.165249	
2	-0.693628	2.929688	1.492356	2.165249	
2	-0.713139	2.978516	1.498241	2.146157	
2	-0.713139	2.978516	1.498241	2.146157	
2	-0.727664	3.027344	1.503566	2.124481	
2	-0.727664	3.027344	1.503566	2.124481	
2	-0.732422	3.047110	1.505568	2.114920	
2	-0.732422	3.047110	1.505568	2.114920	
2	-0.738643	3.076172	1.508346	2.099995	
2	-0.738643	3.076172	1.508346	2.099995	
2	-0.746570	3.125000	1.512522	2.072632	
2	-0.746570	3.125000	1.512522	2.072632	
2	-0.751568	3.173828	1.516009	2.042433	
2	-0.751568	3.173828	1.516009	2.042433	
2	-0.753756	3.222656	1.518706	2.009526	
2	-0.753756	3.222656	1.518706	2.009526	
2	-0.753130	3.271484	1.520506	1.974157	
2	-0.753130	3.271484	1.520506	1.974157	
2	-0.749592	3.320312	1.521310	1.936684	
2	-0.749592	3.320312	1.521310	1.936684	
2	-0.742970	3.369141	1.521032	1.897578	
2	-0.742970	3.369141	1.521032	1.897578	
2	-0.733037	3.417969	1.519609	1.857394	
2	-0.733037	3.417969	1.519609	1.857394	
2	-0.732422	3.420234	1.519514	1.855512	
2	-0.732422	3.420234	1.519514	1.855512	
2	-0.720298	3.466797	1.517014	1.816798	
2	-0.720298	3.466797	1.517014	1.816798	
2	-0.703928	3.515625	1.513253	1.776429	
2	-0.703928	3.515625	1.513253	1.776429	
2	-0.683594	3.564371	1.508373	1.736974	
2	-0.683594	3.564371	1.508373	1.736974	
2	-0.683559	3.564453	1.508364	1.736909	
2	-0.683559	3.564453	1.508364	1.736909	
2	-0.660038	3.613281	1.502438	1.698947	
2	-0.660038	3.613281	1.502438	1.698947	
2	-0.634766	3.657742	1.496209	1.666086	
2	-0.634766	3.657742	1.496209	1.666086	
2	-0.632088	3.662109	1.495557	1.662961	
2	-0.632088	3.662109	1.495557	1.662961	
2	-0.600290	3.710938	1.487858	1.629489	
2	-0.600290	3.710938	1.487858	1.629489	
2	-0.585938	3.731659	1.484390	1.616187	
2	-0.585938	3.731659	1.484390	1.616187	
2	-0.563833	3.759766	1.479449	1.598809	
2	-0.563833	3.759766	1.479449	1.598809	
2	-0.537109	3.792913	1.473437	1.579832	
2	-0.537109	3.792913	1.473437	1.579832	
2	-0.522312	3.808594	1.470445	1.571174	
2	-0.522312	3.808594	1.470445	1.571174	
2	-0.488281	3.845440	1.463374	1.552588	
2	-0.488281	3.845440	1.463374	1.552588	
2	-0.474929	3.857422	1.460932	1.546734	
2	-0.474929	3.857422	1.460932	1.546734	
2	-0.439453	3.891409	1.454136	1.531867	
2	-0.439453	3.891409	1.454136	1.531867	
2	-0.420156	3.906250	1.450930	1.525538	
2	-0.420156	3.906250	1.450930	1.525538	
2	-0.390625	3.931556	1.445712	1.516141	
2	-0.390625	3.931556	1.445712	1.516141	
2	-0.355173	3.955078	1.440326	1.507562	
2	-0.355173	3.955078	1.440326	1.507562	
2	-0.341797	3.965411	1.438140	1.504400	
2	-0.341797	3.965411	1.438140	1.504400	
2	-0.292969	3.994774	1.431146	1.495471	
2	-0.292969	3.994774	1.431146	1.495471	
2	-0.272906	4.003906	1.428572	1.492634	
2	-0.272906	4.003906	1.428572	1.492634	
2	-0.244141	4.019904	1.424630	1.488751	
2	-0.244141	4.019904	1.424630	1.488751	
2	-0.195312	4.039749	1.418572	1.483831	
2	-0.195312	4.039749	1.418572	1.483831	
2	-0.149493	4.052734	1.413207	1.480489	
2	-0.149493	4.052734	1.413207	1.480489	
2	-0.146484	4.053831	1.412838	1.480293	
2	-0.146484	4.053831	1.412838	1.480293	
2	-0.097656	4.066947	1.407044	1.477751	
2	-0.097656	4.066947	1.407044	1.477751	
2	-0.048828	4.075151	1.401296	1.476158	
2	-0.048828	4.075151	1.401296	1.476158	
2	0.000000	4.079637	1.395410	1.475380	
2	0.000000	4.079637	1.395410	1.475380	
2	0.048828	4.081133	1.389265	1.475374	
2	0.048828	4.081133	1.389265	1.475374	
2	0.097656	4.080081	1.382776	1.476144	
2	0.097656	4.080081	1.382776	1.476144	
2	0.146484	4.076747	1.375878	1.477720	
2	0.146484	4.076747	1.375878	1.477720	
2	0.195312	4.071271	1.368513	1.480149	
2	0.195312	4.071271	1.368513	1.480149	
2	0.244141	4.063708	1.360629	1.483497	
2	0.244141	4.063708	1.360629	1.483497	
2	0.292969	4.054041	1.352168	1.487848	
2	0.292969	4.054041	1.352168	1.487848	
2	0.298361	4.052734	1.351186	1.488400	
2	0.298361	4.052734	1.351186	1.488400	
2	0.341797	4.044668	1.343329	1.493141	
2	0.341797	4.044668	1.343329	1.493141	
2	0.390625	4.033803	1.333959	1.499504	
2	0.390625	4.033803	1.333959	1.499504	
2	0.439453	4.021021	1.323976	1.507056	
2	0.439453	4.021021	1.323976	1.507056	
2	0.488281	4.006177	1.313321	1.515930	
2	0.488281	4.006177	1.313321	1.515930	
2	0.494915	4.003906	1.311804	1.517258	
2	0.494915	4.003906	1.311804	1.517258	
2	0.537109	3.992087	1.302425	1.525815	
2	0.537109	3.992087	1.302425	1.525815	
2	0.585938	3.976500	1.290963	1.537042	
2	0.585938	3.976500	1.290963	1.537042	
2	0.634766	3.958793	1.278804	1.549832	
2	0.634766	3.958793	1.278804	1.549832	
2	0.644106	3.955078	1.276378	1.552488	
2	0.644106	3.955078	1.276378	1.552488	
2	0.683594	3.941669	1.266483	1.563677	
2	0.683594	3.941669	1.266483	1.563677	
2	0.732422	3.923147	1.253638	1.579022	
2	0.732422	3.923147	1.253638	1.579022	
2	0.772526	3.906250	1.242550	1.592990	
2	0.772526	3.906250	1.242550	1.592990	
2	0.781250	3.903009	1.240222	1.596007	
2	0.781250	3.903009	1.240222	1.596007	
2	0.830078	3.883475	1.226780	1.613981	
2	0.830078	3.883475	1.226780	1.613981	
2	0.878906	3.861812	1.212688	1.633822	
2	0.878906	3.861812	1.212688	1.633822	
2	0.888209	3.857422	1.209923	1.637833	
2	0.888209	3.857422	1.209923	1.637833	
2	0.927734	3.840481	1.198589	1.654673	
2	0.927734	3.840481	1.198589	1.654673	
2	0.976562	3.817685	1.184054	1.677190	
2	0.976562	3.817685	1.184054	1.677190	
2	0.994896	3.808594	1.178445	1.686152	
2	0.994896	3.808594	1.178445	1.686152	
2	1.025391	3.794507	1.169400	1.700917	
2	1.025391	3.794507	1.169400	1.700917	
2	1.074219	3.770383	1.154505	1.726062	
2	1.074219	3.770383	1.154505	1.726062	
2	1.094594	3.759766	1.148146	1.737103	
2	1.094594	3.759766	1.148146	1.737103	
2	1.123047	3.745629	1.139484	1.752435	
2	1.123047	3.745629	1.139484	1.752435	
2	1.171875	3.719971	1.124288	1.780119	
2	1.171875	3.719971	1.124288	1.780119	
2	1.188358	3.710938	1.119073	1.789844	
2	1.188358	3.710938	1.119073	1.789844	
2	1.220703	3.693672	1.109015	1.808915	
2	1.220703	3.693672	1.109015	1.808915	
2	1.269531	3.666239	1.093541	1.839033	
2	1.269531	3.666239	1.093541	1.839033	
2	1.276677	3.662109	1.091254	1.843560	
2	1.276677	3.662109	1.091254	1.843560	
2	1.318359	3.638186	1.078032	1.870107	
2	1.318359	3.638186	1.078032	1.870107	
2	1.359801	3.613281	1.064672	1.897535	
2	1.359801	3.613281	1.064672	1.897535	
2	1.367188	3.608776	1.062284	1.902498	
2	1.367188	3.608776	1.062284	1.902498	
2	1.416016	3.578372	1.046409	1.935914	
2	1.416016	3.578372	1.046409	1.935914	
2	1.437669	3.564453	1.039296	1.951113	
2	1.437669	3.564453	1.039296	1.951113	
2	1.464844	3.546426	1.030251	1.970617	
2	1.464844	3.546426	1.030251	1.970617	
2	1.509950	3.515625	1.015095	2.003699	
2	1.509950	3.515625	1.015095	2.003699	
2	1.513672	3.512950	1.013812	2.006521	
2	1.513672	3.512950	1.013812	2.006521	
2	1.562500	3.477381	0.996922	2.043901	
2	1.562500	3.477381	0.996922	2.043901	
2	1.576719	3.466797	0.991968	2.054941	
2	1.576719	3.466797	0.991968	2.054941	
2	1.611328	3.439289	0.979451	2.082940	
2	1.611328	3.439289	0.979451	2.082940	
2	1.637689	3.417969	0.969858	2.104476	
2	1.637689	3.417969	0.969858	2.104476	
2	1.660156	3.398211	0.961252	2.123826	
2	1.660156	3.398211	0.961252	2.123826	
2	1.692821	3.369141	0.948685	2.152089	
2	1.692821	3.369141	0.948685	2.152089	
2	1.708984	3.353215	0.942040	2.167018	
2	1.708984	3.353215	0.942040	2.167018	
2	1.742140	3.320312	0.928374	2.197641	
2	1.742140	3.320312	0.928374	2.197641	
2	1.757812	3.302777	0.921359	2.213297	
2	1.757812	3.302777	0.921359	2.213297	
2	1.785693	3.271484	0.908863	2.241032	
2	1.785693	3.271484	0.908863	2.241032	
2	1.806641	3.244461	0.898479	2.263894	
2	1.806641	3.244461	0.898479	2.263894	
2	1.823550	3.222656	0.890099	2.282199	
2	1.823550	3.222656	0.890099	2.282199	
2	1.855469	3.174334	0.872230	2.320702	
2	1.855469	3.174334	0.872230	2.320702	
2	1.855804	3.173828	0.872043	2.321101	
2	1.855804	3.173828	0.872043	2.321101	
2	1.882451	3.125000	0.854679	2.357679	
2	1.882451	3.125000	0.854679	2.357679	
