#REFERENCE 3 87.3042530 -62.0775650
1.1 1.2259702 1.7776388 0.088402 0.024455 101.96884 4.3377 1.53 
1.2 1.1085287 2.1188021 0.046811 0.042743 166.60648 4.3377 1.49 
1.3 0.9984612 2.1958818 0.083724 0.026842 120.04009 4.3377 2.03 
1.4 1.2700689 2.0686704 0.033163 0.014193 5.98457 4.3377 2.81 
1.5 0.9699978 1.8121559 0.087726 0.066599 126.43649 4.3377 0.13 
1.6 0.6453120 2.0839359 0.069148 0.038722 122.99641 4.3377 0.92 
2.1 1.2680923 1.6521561 0.026118 0.021673 140.80566 4.5000 2.66 
2.2 1.3886237 1.5632636 0.035487 0.001403 89.06448 4.5000 5.53 
2.3 1.2026515 1.6931405 0.056544 0.033797 123.00349 4.5000 0.72 
