#REFERENCE 3 208.6393620 77.2572740
1	-0.830078	-0.812537	-0.341681	0.152864	
1	-0.781250	-0.805777	-0.320233	0.169199	
1	-0.781250	-0.805777	-0.320233	0.169199	
1	-0.830078	-0.812537	-0.341681	0.152864	
1	-0.878906	-0.818163	-0.363714	0.136527	
1	-0.878906	-0.818163	-0.363714	0.136527	
1	-0.927734	-0.822665	-0.386311	0.120229	
1	-0.927734	-0.822665	-0.386311	0.120229	
1	-0.976562	-0.826047	-0.409456	0.104004	
1	-0.976562	-0.826047	-0.409456	0.104004	
1	-1.025391	-0.828306	-0.433127	0.087887	
1	-1.025391	-0.828306	-0.433127	0.087887	
1	-1.074219	-0.829428	-0.457305	0.071908	
1	-1.074219	-0.829428	-0.457305	0.071908	
1	-1.123047	-0.829395	-0.481968	0.056099	
1	-1.123047	-0.829395	-0.481968	0.056099	
1	-1.171875	-0.828175	-0.507096	0.040490	
1	-1.171875	-0.828175	-0.507096	0.040490	
1	-1.220703	-0.825728	-0.532665	0.025108	
1	-1.220703	-0.825728	-0.532665	0.025108	
1	-1.269531	-0.822005	-0.558651	0.009983	
1	-1.269531	-0.822005	-0.558651	0.009983	
1	-1.318359	-0.816946	-0.585031	-0.004861	
1	-1.318359	-0.816946	-0.585031	-0.004861	
1	-1.367188	-0.810481	-0.611780	-0.019395	
1	-1.367188	-0.810481	-0.611780	-0.019395	
1	-1.416016	-0.802532	-0.638876	-0.033596	
1	-1.416016	-0.802532	-0.638876	-0.033596	
1	-1.464844	-0.793010	-0.666297	-0.047438	
1	-1.464844	-0.793010	-0.666297	-0.047438	
1	-1.513672	-0.781817	-0.694022	-0.060899	
1	-1.513672	-0.781817	-0.694022	-0.060899	
1	-1.515872	-0.781250	-0.695271	-0.061493	
1	-1.515872	-0.781250	-0.695271	-0.061493	
1	-1.562500	-0.768696	-0.721990	-0.073933	
1	-1.562500	-0.768696	-0.721990	-0.073933	
1	-1.611328	-0.753554	-0.750198	-0.086525	
1	-1.611328	-0.753554	-0.750198	-0.086525	
1	-1.660156	-0.736244	-0.778634	-0.098652	
1	-1.660156	-0.736244	-0.778634	-0.098652	
1	-1.669967	-0.732422	-0.784355	-0.101022	
1	-1.669967	-0.732422	-0.784355	-0.101022	
1	-1.708984	-0.716049	-0.807139	-0.110227	
1	-1.708984	-0.716049	-0.807139	-0.110227	
1	-1.757812	-0.692979	-0.835781	-0.121258	
1	-1.757812	-0.692979	-0.835781	-0.121258	
1	-1.775926	-0.683594	-0.846431	-0.125202	
1	-1.775926	-0.683594	-0.846431	-0.125202	
1	-1.806641	-0.665939	-0.864354	-0.131640	
1	-1.806641	-0.665939	-0.864354	-0.131640	
1	-1.855416	-0.634766	-0.892904	-0.141358	
1	-1.855416	-0.634766	-0.892904	-0.141358	
1	-1.855469	-0.634727	-0.892935	-0.141368	
1	-1.855469	-0.634727	-0.892935	-0.141368	
1	-1.904297	-0.596386	-0.920989	-0.150225	
1	-1.904297	-0.596386	-0.920989	-0.150225	
1	-1.916573	-0.585938	-0.928068	-0.152343	
1	-1.916573	-0.585938	-0.928068	-0.152343	
1	-1.953125	-0.548880	-0.948405	-0.158134	
1	-1.953125	-0.548880	-0.948405	-0.158134	
1	-1.964008	-0.537109	-0.954493	-0.159777	
1	-1.964008	-0.537109	-0.954493	-0.159777	
1	-2.000232	-0.488281	-0.973563	-0.164605	
1	-2.000232	-0.488281	-0.973563	-0.164605	
1	-2.001953	-0.485255	-0.974368	-0.164797	
1	-2.001953	-0.485255	-0.974368	-0.164797	
1	-2.026975	-0.439453	-0.986274	-0.167493	
1	-2.026975	-0.439453	-0.986274	-0.167493	
1	-2.045293	-0.390625	-0.993219	-0.168903	
1	-2.045293	-0.390625	-0.993219	-0.168903	
1	-2.050781	-0.365984	-0.994011	-0.169054	
1	-2.050781	-0.365984	-0.994011	-0.169054	
1	-2.056074	-0.341797	-0.994946	-0.169220	
1	-2.056074	-0.341797	-0.994946	-0.169220	
1	-2.059884	-0.292969	-0.991801	-0.168740	
1	-2.059884	-0.292969	-0.991801	-0.168740	
1	-2.057080	-0.244141	-0.984006	-0.167710	
1	-2.057080	-0.244141	-0.984006	-0.167710	
1	-2.050781	-0.210652	-0.975483	-0.166740	
1	-2.050781	-0.210652	-0.975483	-0.166740	
1	-2.047960	-0.195312	-0.971768	-0.166356	
1	-2.047960	-0.195312	-0.971768	-0.166356	
1	-2.032794	-0.146484	-0.955307	-0.164887	
1	-2.032794	-0.146484	-0.955307	-0.164887	
1	-2.011465	-0.097656	-0.934544	-0.163481	
1	-2.011465	-0.097656	-0.934544	-0.163481	
1	-2.001953	-0.080713	-0.925778	-0.163015	
1	-2.001953	-0.080713	-0.925778	-0.163015	
1	-1.984108	-0.048828	-0.909644	-0.162335	
1	-1.984108	-0.048828	-0.909644	-0.162335	
1	-1.953125	-0.003849	-0.882743	-0.161665	
1	-1.953125	-0.003849	-0.882743	-0.161665	
1	-1.950461	0.000000	-0.880473	-0.161633	
1	-1.950461	0.000000	-0.880473	-0.161633	
1	-1.910491	0.048828	-0.847125	-0.161582	
1	-1.910491	0.048828	-0.847125	-0.161582	
1	-1.904297	0.055406	-0.842051	-0.161639	
1	-1.904297	0.055406	-0.842051	-0.161639	
1	-1.863751	0.097656	-0.809397	-0.162397	
1	-1.863751	0.097656	-0.809397	-0.162397	
1	-1.855469	0.105316	-0.802820	-0.162629	
1	-1.855469	0.105316	-0.802820	-0.162629	
1	-1.809723	0.146484	-0.767095	-0.164330	
1	-1.809723	0.146484	-0.767095	-0.164330	
1	-1.806641	0.148994	-0.764715	-0.164469	
1	-1.806641	0.148994	-0.764715	-0.164469	
1	-1.757812	0.187630	-0.727537	-0.167054	
1	-1.757812	0.187630	-0.727537	-0.167054	
1	-1.747740	0.195312	-0.719988	-0.167671	
1	-1.747740	0.195312	-0.719988	-0.167671	
1	-1.708984	0.222532	-0.691196	-0.170305	
1	-1.708984	0.222532	-0.691196	-0.170305	
1	-1.676704	0.244141	-0.667623	-0.172789	
1	-1.676704	0.244141	-0.667623	-0.172789	
1	-1.660156	0.254505	-0.655646	-0.174161	
1	-1.660156	0.254505	-0.655646	-0.174161	
1	-1.611328	0.283710	-0.620824	-0.178573	
1	-1.611328	0.283710	-0.620824	-0.178573	
1	-1.595057	0.292969	-0.609385	-0.180159	
1	-1.595057	0.292969	-0.609385	-0.180159	
1	-1.562500	0.310580	-0.586713	-0.183498	
1	-1.562500	0.310580	-0.586713	-0.183498	
1	-1.513672	0.335402	-0.553301	-0.188896	
1	-1.513672	0.335402	-0.553301	-0.188896	
1	-1.500392	0.341797	-0.544331	-0.190442	
1	-1.500392	0.341797	-0.544331	-0.190442	
1	-1.464844	0.358324	-0.520576	-0.194734	
1	-1.464844	0.358324	-0.520576	-0.194734	
1	-1.416016	0.379509	-0.488535	-0.200978	
1	-1.416016	0.379509	-0.488535	-0.200978	
1	-1.388561	0.390625	-0.470808	-0.204659	
1	-1.388561	0.390625	-0.470808	-0.204659	
1	-1.367188	0.399107	-0.457184	-0.207597	
1	-1.367188	0.399107	-0.457184	-0.207597	
1	-1.318359	0.417216	-0.426527	-0.214559	
1	-1.318359	0.417216	-0.426527	-0.214559	
1	-1.269531	0.433832	-0.396559	-0.221838	
1	-1.269531	0.433832	-0.396559	-0.221838	
1	-1.251676	0.439453	-0.385758	-0.224576	
1	-1.251676	0.439453	-0.385758	-0.224576	
1	-1.220703	0.449178	-0.367315	-0.229395	
1	-1.220703	0.449178	-0.367315	-0.229395	
1	-1.171875	0.463240	-0.338796	-0.237203	
1	-1.171875	0.463240	-0.338796	-0.237203	
1	-1.123047	0.475976	-0.311000	-0.245233	
1	-1.123047	0.475976	-0.311000	-0.245233	
1	-1.074219	0.487433	-0.283944	-0.253451	
1	-1.074219	0.487433	-0.283944	-0.253451	
1	-1.070198	0.488281	-0.281742	-0.254137	
1	-1.070198	0.488281	-0.281742	-0.254137	
1	-1.025391	0.497907	-0.257694	-0.261806	
1	-1.025391	0.497907	-0.257694	-0.261806	
1	-0.976562	0.507192	-0.232227	-0.270273	
1	-0.976562	0.507192	-0.232227	-0.270273	
1	-0.927734	0.515302	-0.207564	-0.278811	
1	-0.927734	0.515302	-0.207564	-0.278811	
1	-0.878906	0.522273	-0.183729	-0.287376	
1	-0.878906	0.522273	-0.183729	-0.287376	
1	-0.830078	0.528140	-0.160751	-0.295919	
1	-0.830078	0.528140	-0.160751	-0.295919	
1	-0.781250	0.532935	-0.138659	-0.304386	
1	-0.781250	0.532935	-0.138659	-0.304386	
1	-0.732422	0.536688	-0.117486	-0.312720	
1	-0.732422	0.536688	-0.117486	-0.312720	
1	-0.724777	0.537109	-0.114243	-0.314014	
1	-0.724777	0.537109	-0.114243	-0.314014	
1	-0.683594	0.539474	-0.097269	-0.320855	
1	-0.683594	0.539474	-0.097269	-0.320855	
1	-0.634766	0.541249	-0.078030	-0.328727	
1	-0.634766	0.541249	-0.078030	-0.328727	
1	-0.585938	0.542046	-0.059801	-0.336261	
1	-0.585938	0.542046	-0.059801	-0.336261	
1	-0.537109	0.541925	-0.042620	-0.343375	
1	-0.537109	0.541925	-0.042620	-0.343375	
1	-0.488281	0.540975	-0.026523	-0.349978	
1	-0.488281	0.540975	-0.026523	-0.349978	
1	-0.439453	0.539321	-0.011546	-0.355977	
1	-0.439453	0.539321	-0.011546	-0.355977	
1	-0.390625	0.537157	0.002280	-0.361269	
1	-0.390625	0.537157	0.002280	-0.361269	
1	-0.389603	0.537109	0.002557	-0.361371	
1	-0.389603	0.537109	0.002557	-0.361371	
1	-0.341797	0.534618	0.014948	-0.365759	
1	-0.341797	0.534618	0.014948	-0.365759	
1	-0.292969	0.532151	0.026448	-0.369350	
1	-0.292969	0.532151	0.026448	-0.369350	
1	-0.244141	0.530360	0.036812	-0.371958	
1	-0.244141	0.530360	0.036812	-0.371958	
1	-0.195312	0.530106	0.046134	-0.373528	
1	-0.195312	0.530106	0.046134	-0.373528	
1	-0.146484	0.532517	0.054606	-0.374029	
1	-0.146484	0.532517	0.054606	-0.374029	
1	-0.110582	0.537109	0.060483	-0.373694	
1	-0.110582	0.537109	0.060483	-0.373694	
1	-0.097656	0.538579	0.062546	-0.373424	
1	-0.097656	0.538579	0.062546	-0.373424	
1	-0.048828	0.547840	0.070316	-0.371638	
1	-0.048828	0.547840	0.070316	-0.371638	
1	0.000000	0.561323	0.078348	-0.368535	
1	0.000000	0.561323	0.078348	-0.368535	
1	0.048828	0.578791	0.087049	-0.363921	
1	0.048828	0.578791	0.087049	-0.363921	
1	0.065546	0.585938	0.090277	-0.361937	
1	0.065546	0.585938	0.090277	-0.361937	
1	0.097656	0.597602	0.096516	-0.357767	
1	0.097656	0.597602	0.096516	-0.357767	
1	0.146484	0.617315	0.106889	-0.350075	
1	0.146484	0.617315	0.106889	-0.350075	
1	0.187506	0.634766	0.116444	-0.342402	
1	0.187506	0.634766	0.116444	-0.342402	
1	0.195312	0.637713	0.118288	-0.340875	
1	0.195312	0.637713	0.118288	-0.340875	
1	0.244141	0.656993	0.130524	-0.330465	
1	0.244141	0.656993	0.130524	-0.330465	
1	0.292969	0.676014	0.143759	-0.318856	
1	0.292969	0.676014	0.143759	-0.318856	
1	0.312702	0.683594	0.149394	-0.313853	
1	0.312702	0.683594	0.149394	-0.313853	
1	0.341797	0.693974	0.157869	-0.306292	
1	0.341797	0.693974	0.157869	-0.306292	
1	0.390625	0.710865	0.172837	-0.292906	
1	0.390625	0.710865	0.172837	-0.292906	
1	0.439453	0.726732	0.188656	-0.278813	
1	0.439453	0.726732	0.188656	-0.278813	
1	0.457946	0.732422	0.194853	-0.273324	
1	0.457946	0.732422	0.194853	-0.273324	
1	0.488281	0.741441	0.205273	-0.264150	
1	0.488281	0.741441	0.205273	-0.264150	
1	0.537109	0.755016	0.222665	-0.249016	
1	0.537109	0.755016	0.222665	-0.249016	
1	0.585938	0.767419	0.240796	-0.233511	
1	0.585938	0.767419	0.240796	-0.233511	
1	0.634766	0.778631	0.259627	-0.217722	
1	0.634766	0.778631	0.259627	-0.217722	
1	0.647328	0.781250	0.264562	-0.213640	
1	0.647328	0.781250	0.264562	-0.213640	
1	0.683594	0.788809	0.279175	-0.201687	
1	0.683594	0.788809	0.279175	-0.201687	
1	0.732422	0.797872	0.299390	-0.185490	
1	0.732422	0.797872	0.299390	-0.185490	
1	0.781250	0.805777	0.320233	-0.169199	
1	0.781250	0.805777	0.320233	-0.169199	
1	0.830078	0.812537	0.341681	-0.152864	
1	0.830078	0.812537	0.341681	-0.152864	
1	0.878906	0.818163	0.363714	-0.136527	
1	0.878906	0.818163	0.363714	-0.136527	
1	0.927734	0.822665	0.386311	-0.120229	
1	0.927734	0.822665	0.386311	-0.120229	
1	0.976562	0.826047	0.409456	-0.104004	
1	0.976562	0.826047	0.409456	-0.104004	
1	1.025391	0.828306	0.433127	-0.087887	
1	1.025391	0.828306	0.433127	-0.087887	
1	1.074219	0.829428	0.457305	-0.071908	
1	1.074219	0.829428	0.457305	-0.071908	
1	1.123047	0.829395	0.481968	-0.056099	
1	1.123047	0.829395	0.481968	-0.056099	
1	1.171875	0.828175	0.507096	-0.040490	
1	1.171875	0.828175	0.507096	-0.040490	
1	1.220703	0.825728	0.532665	-0.025108	
1	1.220703	0.825728	0.532665	-0.025108	
1	1.269531	0.822005	0.558651	-0.009983	
1	1.269531	0.822005	0.558651	-0.009983	
1	1.318359	0.816946	0.585031	0.004861	
1	1.318359	0.816946	0.585031	0.004861	
1	1.367188	0.810481	0.611780	0.019395	
1	1.367188	0.810481	0.611780	0.019395	
1	1.416016	0.802532	0.638876	0.033596	
1	1.416016	0.802532	0.638876	0.033596	
1	1.464844	0.793010	0.666297	0.047438	
1	1.464844	0.793010	0.666297	0.047438	
1	1.513672	0.781817	0.694022	0.060899	
1	1.513672	0.781817	0.694022	0.060899	
1	1.515872	0.781250	0.695271	0.061493	
1	1.515872	0.781250	0.695271	0.061493	
1	1.562500	0.768696	0.721990	0.073933	
1	1.562500	0.768696	0.721990	0.073933	
1	1.611328	0.753554	0.750198	0.086525	
1	1.611328	0.753554	0.750198	0.086525	
1	1.660156	0.736244	0.778634	0.098652	
1	1.660156	0.736244	0.778634	0.098652	
1	1.669967	0.732422	0.784355	0.101022	
1	1.669967	0.732422	0.784355	0.101022	
1	1.708984	0.716049	0.807139	0.110227	
1	1.708984	0.716049	0.807139	0.110227	
1	1.757812	0.692979	0.835781	0.121258	
1	1.757812	0.692979	0.835781	0.121258	
1	1.775926	0.683594	0.846431	0.125202	
1	1.775926	0.683594	0.846431	0.125202	
1	1.806641	0.665939	0.864354	0.131640	
1	1.806641	0.665939	0.864354	0.131640	
1	1.855416	0.634766	0.892904	0.141358	
1	1.855416	0.634766	0.892904	0.141358	
1	1.855469	0.634727	0.892935	0.141368	
1	1.855469	0.634727	0.892935	0.141368	
1	1.904297	0.596386	0.920989	0.150225	
1	1.904297	0.596386	0.920989	0.150225	
1	1.916573	0.585938	0.928068	0.152343	
1	1.916573	0.585938	0.928068	0.152343	
1	1.953125	0.548880	0.948405	0.158134	
1	1.953125	0.548880	0.948405	0.158134	
1	1.964008	0.537109	0.954493	0.159777	
1	1.964008	0.537109	0.954493	0.159777	
1	2.000232	0.488281	0.973563	0.164605	
1	2.000232	0.488281	0.973563	0.164605	
1	2.001953	0.485255	0.974368	0.164797	
1	2.001953	0.485255	0.974368	0.164797	
1	2.026975	0.439453	0.986274	0.167493	
1	2.026975	0.439453	0.986274	0.167493	
1	2.045293	0.390625	0.993219	0.168903	
1	2.045293	0.390625	0.993219	0.168903	
1	2.050781	0.365984	0.994011	0.169054	
1	2.050781	0.365984	0.994011	0.169054	
1	2.056074	0.341797	0.994946	0.169220	
1	2.056074	0.341797	0.994946	0.169220	
1	2.059884	0.292969	0.991801	0.168740	
1	2.059884	0.292969	0.991801	0.168740	
1	2.057080	0.244141	0.984006	0.167710	
1	2.057080	0.244141	0.984006	0.167710	
1	2.050781	0.210652	0.975483	0.166740	
1	2.050781	0.210652	0.975483	0.166740	
1	2.047960	0.195312	0.971768	0.166356	
1	2.047960	0.195312	0.971768	0.166356	
1	2.032794	0.146484	0.955307	0.164887	
1	2.032794	0.146484	0.955307	0.164887	
1	2.011465	0.097656	0.934544	0.163481	
1	2.011465	0.097656	0.934544	0.163481	
1	2.001953	0.080713	0.925778	0.163015	
1	2.001953	0.080713	0.925778	0.163015	
1	1.984108	0.048828	0.909644	0.162335	
1	1.984108	0.048828	0.909644	0.162335	
1	1.953125	0.003849	0.882743	0.161665	
1	1.953125	0.003849	0.882743	0.161665	
1	1.950461	0.000000	0.880473	0.161633	
1	1.950461	0.000000	0.880473	0.161633	
1	1.910491	-0.048828	0.847125	0.161582	
1	1.910491	-0.048828	0.847125	0.161582	
1	1.904297	-0.055406	0.842051	0.161639	
1	1.904297	-0.055406	0.842051	0.161639	
1	1.863751	-0.097656	0.809397	0.162397	
1	1.863751	-0.097656	0.809397	0.162397	
1	1.855469	-0.105316	0.802820	0.162629	
1	1.855469	-0.105316	0.802820	0.162629	
1	1.809723	-0.146484	0.767095	0.164330	
1	1.809723	-0.146484	0.767095	0.164330	
1	1.806641	-0.148994	0.764715	0.164469	
1	1.806641	-0.148994	0.764715	0.164469	
1	1.757812	-0.187630	0.727537	0.167054	
1	1.757812	-0.187630	0.727537	0.167054	
1	1.747740	-0.195312	0.719988	0.167671	
1	1.747740	-0.195312	0.719988	0.167671	
1	1.708984	-0.222532	0.691196	0.170305	
1	1.708984	-0.222532	0.691196	0.170305	
1	1.676704	-0.244141	0.667623	0.172789	
1	1.676704	-0.244141	0.667623	0.172789	
1	1.660156	-0.254505	0.655646	0.174161	
1	1.660156	-0.254505	0.655646	0.174161	
1	1.611328	-0.283710	0.620824	0.178573	
1	1.611328	-0.283710	0.620824	0.178573	
1	1.595057	-0.292969	0.609385	0.180159	
1	1.595057	-0.292969	0.609385	0.180159	
1	1.562500	-0.310580	0.586713	0.183498	
1	1.562500	-0.310580	0.586713	0.183498	
1	1.513672	-0.335402	0.553301	0.188896	
1	1.513672	-0.335402	0.553301	0.188896	
1	1.500392	-0.341797	0.544331	0.190442	
1	1.500392	-0.341797	0.544331	0.190442	
1	1.464844	-0.358324	0.520576	0.194734	
1	1.464844	-0.358324	0.520576	0.194734	
1	1.416016	-0.379509	0.488535	0.200978	
1	1.416016	-0.379509	0.488535	0.200978	
1	1.388561	-0.390625	0.470808	0.204659	
1	1.388561	-0.390625	0.470808	0.204659	
1	1.367188	-0.399107	0.457184	0.207597	
1	1.367188	-0.399107	0.457184	0.207597	
1	1.318359	-0.417216	0.426527	0.214559	
1	1.318359	-0.417216	0.426527	0.214559	
1	1.269531	-0.433832	0.396559	0.221838	
1	1.269531	-0.433832	0.396559	0.221838	
1	1.251676	-0.439453	0.385758	0.224576	
1	1.251676	-0.439453	0.385758	0.224576	
1	1.220703	-0.449178	0.367315	0.229395	
1	1.220703	-0.449178	0.367315	0.229395	
1	1.171875	-0.463240	0.338796	0.237203	
1	1.171875	-0.463240	0.338796	0.237203	
1	1.123047	-0.475976	0.311000	0.245233	
1	1.123047	-0.475976	0.311000	0.245233	
1	1.074219	-0.487433	0.283944	0.253451	
1	1.074219	-0.487433	0.283944	0.253451	
1	1.070198	-0.488281	0.281742	0.254137	
1	1.070198	-0.488281	0.281742	0.254137	
1	1.025391	-0.497907	0.257694	0.261806	
1	1.025391	-0.497907	0.257694	0.261806	
1	0.976562	-0.507192	0.232227	0.270273	
1	0.976562	-0.507192	0.232227	0.270273	
1	0.927734	-0.515302	0.207564	0.278811	
1	0.927734	-0.515302	0.207564	0.278811	
1	0.878906	-0.522273	0.183729	0.287376	
1	0.878906	-0.522273	0.183729	0.287376	
1	0.830078	-0.528140	0.160751	0.295919	
1	0.830078	-0.528140	0.160751	0.295919	
1	0.781250	-0.532935	0.138659	0.304386	
1	0.781250	-0.532935	0.138659	0.304386	
1	0.732422	-0.536688	0.117486	0.312720	
1	0.732422	-0.536688	0.117486	0.312720	
1	0.724777	-0.537109	0.114243	0.314014	
1	0.724777	-0.537109	0.114243	0.314014	
1	0.683594	-0.539474	0.097269	0.320855	
1	0.683594	-0.539474	0.097269	0.320855	
1	0.634766	-0.541249	0.078030	0.328727	
1	0.634766	-0.541249	0.078030	0.328727	
1	0.585938	-0.542046	0.059801	0.336261	
1	0.585938	-0.542046	0.059801	0.336261	
1	0.537109	-0.541925	0.042620	0.343375	
1	0.537109	-0.541925	0.042620	0.343375	
1	0.488281	-0.540975	0.026523	0.349978	
1	0.488281	-0.540975	0.026523	0.349978	
1	0.439453	-0.539321	0.011546	0.355977	
1	0.439453	-0.539321	0.011546	0.355977	
1	0.390625	-0.537157	-0.002280	0.361269	
1	0.390625	-0.537157	-0.002280	0.361269	
1	0.389603	-0.537109	-0.002557	0.361371	
1	0.389603	-0.537109	-0.002557	0.361371	
1	0.341797	-0.534618	-0.014948	0.365759	
1	0.341797	-0.534618	-0.014948	0.365759	
1	0.292969	-0.532151	-0.026448	0.369350	
1	0.292969	-0.532151	-0.026448	0.369350	
1	0.244141	-0.530360	-0.036812	0.371958	
1	0.244141	-0.530360	-0.036812	0.371958	
1	0.195312	-0.530106	-0.046134	0.373528	
1	0.195312	-0.530106	-0.046134	0.373528	
1	0.146484	-0.532517	-0.054606	0.374029	
1	0.146484	-0.532517	-0.054606	0.374029	
1	0.110582	-0.537109	-0.060483	0.373694	
1	0.110582	-0.537109	-0.060483	0.373694	
1	0.097656	-0.538579	-0.062546	0.373424	
1	0.097656	-0.538579	-0.062546	0.373424	
1	0.048828	-0.547840	-0.070316	0.371638	
1	0.048828	-0.547840	-0.070316	0.371638	
1	0.000000	-0.561323	-0.078348	0.368535	
1	0.000000	-0.561323	-0.078348	0.368535	
1	-0.048828	-0.578791	-0.087049	0.363921	
1	-0.048828	-0.578791	-0.087049	0.363921	
1	-0.065546	-0.585938	-0.090277	0.361937	
1	-0.065546	-0.585938	-0.090277	0.361937	
1	-0.097656	-0.597602	-0.096516	0.357767	
1	-0.097656	-0.597602	-0.096516	0.357767	
1	-0.146484	-0.617315	-0.106889	0.350075	
1	-0.146484	-0.617315	-0.106889	0.350075	
1	-0.187506	-0.634766	-0.116444	0.342402	
1	-0.187506	-0.634766	-0.116444	0.342402	
1	-0.195312	-0.637713	-0.118288	0.340875	
1	-0.195312	-0.637713	-0.118288	0.340875	
1	-0.244141	-0.656993	-0.130524	0.330465	
1	-0.244141	-0.656993	-0.130524	0.330465	
1	-0.292969	-0.676014	-0.143759	0.318856	
1	-0.292969	-0.676014	-0.143759	0.318856	
1	-0.312702	-0.683594	-0.149394	0.313853	
1	-0.312702	-0.683594	-0.149394	0.313853	
1	-0.341797	-0.693974	-0.157869	0.306292	
1	-0.341797	-0.693974	-0.157869	0.306292	
1	-0.390625	-0.710865	-0.172837	0.292906	
1	-0.390625	-0.710865	-0.172837	0.292906	
1	-0.439453	-0.726732	-0.188656	0.278813	
1	-0.439453	-0.726732	-0.188656	0.278813	
1	-0.457946	-0.732422	-0.194853	0.273324	
1	-0.457946	-0.732422	-0.194853	0.273324	
1	-0.488281	-0.741441	-0.205273	0.264150	
1	-0.488281	-0.741441	-0.205273	0.264150	
1	-0.537109	-0.755016	-0.222665	0.249016	
1	-0.537109	-0.755016	-0.222665	0.249016	
1	-0.585938	-0.767419	-0.240796	0.233511	
1	-0.585938	-0.767419	-0.240796	0.233511	
1	-0.634766	-0.778631	-0.259627	0.217722	
1	-0.634766	-0.778631	-0.259627	0.217722	
1	-0.647328	-0.781250	-0.264562	0.213640	
1	-0.647328	-0.781250	-0.264562	0.213640	
1	-0.683594	-0.788809	-0.279175	0.201687	
1	-0.683594	-0.788809	-0.279175	0.201687	
1	-0.732422	-0.797872	-0.299390	0.185490	
1	-0.732422	-0.797872	-0.299390	0.185490	
