chi multiples
 N    ID    z   Narcs    chip    chix    chiy    chia   rmss     rmsi    dx      dy    nwarn
 0    2.2 4.500   1      0.00    0.00    0.00    0.00   0.002    0.01    0.01   -0.01  0
 0    2.1 4.500   1      0.00    0.00    0.00    0.00   0.002    0.01   -0.01    0.00  0
 0    2.2 4.500   2      0.00    0.00    0.00    0.00   0.002    0.01    N/A     N/A   0
 1    1.3 4.500   1      0.00    0.00    0.00    0.00   0.010    0.03   -0.03    0.01  0
 1    1.2 4.500   1      0.01    0.00    0.00    0.00   0.018    0.05    0.04    0.02  0
 1    1.1 4.500   1      0.00    0.00    0.00    0.00   0.015    0.02    0.01    0.01  0
 1    1.3 4.500   3      0.01    0.00    0.00    0.00   0.015    0.03    N/A     N/A   0
chimul                   0.01    0.00    0.00    0.00   0.011    0.03    N/A     N/A   0
log(Likelihood)         -2.26

chitot           0.01
log(Likelihood)    -2.26
