#REFERENCE 3 87.3042530 -62.0775650
1	-0.154654	-0.537109	0.322881	1.731758	
1	-0.146484	-0.541686	0.299738	1.739709	
1	-0.146484	-0.541686	0.299738	1.739709	
1	-0.154654	-0.537109	0.322881	1.731758	
1	-0.195312	-0.516892	0.436656	1.688372	
1	-0.195312	-0.516892	0.436656	1.688372	
1	-0.236220	-0.488281	0.556475	1.634472	
1	-0.236220	-0.488281	0.556475	1.634472	
1	-0.244141	-0.482499	0.579178	1.623227	
1	-0.244141	-0.482499	0.579178	1.623227	
1	-0.292969	-0.439533	0.717916	1.546361	
1	-0.292969	-0.439533	0.717916	1.546361	
1	-0.293059	-0.439453	0.718155	1.546215	
1	-0.293059	-0.439453	0.718155	1.546215	
1	-0.338931	-0.390625	0.838449	1.465969	
1	-0.338931	-0.390625	0.838449	1.465969	
1	-0.341797	-0.386651	0.846153	1.460305	
1	-0.341797	-0.386651	0.846153	1.460305	
1	-0.378556	-0.341797	0.930846	1.392930	
1	-0.378556	-0.341797	0.930846	1.392930	
1	-0.390625	-0.321996	0.959691	1.367522	
1	-0.390625	-0.321996	0.959691	1.367522	
1	-0.412485	-0.292969	1.001784	1.327683	
1	-0.412485	-0.292969	1.001784	1.327683	
1	-0.439453	-0.244939	1.055171	1.271416	
1	-0.439453	-0.244939	1.055171	1.271416	
1	-0.440034	-0.244141	1.056059	1.270416	
1	-0.440034	-0.244141	1.056059	1.270416	
1	-0.469032	-0.195312	1.101625	1.215562	
1	-0.469032	-0.195312	1.101625	1.215562	
1	-0.488281	-0.152239	1.132471	1.173659	
1	-0.488281	-0.152239	1.132471	1.173659	
1	-0.491766	-0.146484	1.136529	1.167786	
1	-0.491766	-0.146484	1.136529	1.167786	
1	-0.515846	-0.097656	1.165590	1.122664	
1	-0.515846	-0.097656	1.165590	1.122664	
1	-0.534839	-0.048828	1.188199	1.082855	
1	-0.534839	-0.048828	1.188199	1.082855	
1	-0.537109	-0.041664	1.191062	1.077434	
1	-0.537109	-0.041664	1.191062	1.077434	
1	-0.555481	0.000000	1.206880	1.045505	
1	-0.555481	0.000000	1.206880	1.045505	
1	-0.573121	0.048828	1.221601	1.011979	
1	-0.573121	0.048828	1.221601	1.011979	
1	-0.585938	0.091189	1.231825	0.985617	
1	-0.585938	0.091189	1.231825	0.985617	
1	-0.588643	0.097656	1.233274	0.981612	
1	-0.588643	0.097656	1.233274	0.981612	
1	-0.605529	0.146484	1.242659	0.953544	
1	-0.605529	0.146484	1.242659	0.953544	
1	-0.619958	0.195312	1.249953	0.928286	
1	-0.619958	0.195312	1.249953	0.928286	
1	-0.632531	0.244141	1.255603	0.905444	
1	-0.632531	0.244141	1.255603	0.905444	
1	-0.634766	0.254516	1.256619	0.900896	
1	-0.634766	0.254516	1.256619	0.900896	
1	-0.646014	0.292969	1.259970	0.884572	
1	-0.646014	0.292969	1.259970	0.884572	
1	-0.658324	0.341797	1.263254	0.865725	
1	-0.658324	0.341797	1.263254	0.865725	
1	-0.669193	0.390625	1.265674	0.848732	
1	-0.669193	0.390625	1.265674	0.848732	
1	-0.678885	0.439453	1.267408	0.833412	
1	-0.678885	0.439453	1.267408	0.833412	
1	-0.683594	0.467076	1.268141	0.825437	
1	-0.683594	0.467076	1.268141	0.825437	
1	-0.688360	0.488281	1.268603	0.819602	
1	-0.688360	0.488281	1.268603	0.819602	
1	-0.697533	0.537109	1.269375	0.807196	
1	-0.697533	0.537109	1.269375	0.807196	
1	-0.705590	0.585938	1.269822	0.796093	
1	-0.705590	0.585938	1.269822	0.796093	
1	-0.712656	0.634766	1.270024	0.786184	
1	-0.712656	0.634766	1.270024	0.786184	
1	-0.718819	0.683594	1.270047	0.777373	
1	-0.718819	0.683594	1.270047	0.777373	
1	-0.724142	0.732422	1.269944	0.769574	
1	-0.724142	0.732422	1.269944	0.769574	
1	-0.728666	0.781250	1.269759	0.762712	
1	-0.728666	0.781250	1.269759	0.762712	
1	-0.732415	0.830078	1.269528	0.756718	
1	-0.732415	0.830078	1.269528	0.756718	
1	-0.732422	0.830214	1.269527	0.756702	
1	-0.732422	0.830214	1.269527	0.756702	
1	-0.735644	0.878906	1.269277	0.751530	
1	-0.735644	0.878906	1.269277	0.751530	
1	-0.737974	0.927734	1.269030	0.747092	
1	-0.737974	0.927734	1.269030	0.747092	
1	-0.739427	0.976562	1.268804	0.743350	
1	-0.739427	0.976562	1.268804	0.743350	
1	-0.740017	1.025391	1.268612	0.740260	
1	-0.740017	1.025391	1.268612	0.740260	
1	-0.739752	1.074219	1.268466	0.737779	
1	-0.739752	1.074219	1.268466	0.737779	
1	-0.738632	1.123047	1.268372	0.735869	
1	-0.738632	1.123047	1.268372	0.735869	
1	-0.736643	1.171875	1.268336	0.734493	
1	-0.736643	1.171875	1.268336	0.734493	
1	-0.733713	1.220703	1.268361	0.733619	
1	-0.733713	1.220703	1.268361	0.733619	
1	-0.732422	1.247669	1.268402	0.733339	
1	-0.732422	1.247669	1.268402	0.733339	
1	-0.725081	1.269531	1.268438	0.733230	
1	-0.725081	1.269531	1.268438	0.733230	
1	-0.683594	1.279606	1.267538	0.733398	
1	-0.683594	1.279606	1.267538	0.733398	
1	-0.656594	1.269531	1.265990	0.733620	
1	-0.656594	1.269531	1.265990	0.733620	
1	-0.634766	1.266324	1.264246	0.733844	
1	-0.634766	1.266324	1.264246	0.733844	
1	-0.585938	1.249779	1.258406	0.734544	
1	-0.585938	1.249779	1.258406	0.734544	
1	-0.537109	1.227258	1.249706	0.735544	
1	-0.537109	1.227258	1.249706	0.735544	
1	-0.528037	1.220703	1.247707	0.735771	
1	-0.528037	1.220703	1.247707	0.735771	
1	-0.488281	1.200928	1.237861	0.736884	
1	-0.488281	1.200928	1.237861	0.736884	
1	-0.446093	1.171875	1.224700	0.738365	
1	-0.446093	1.171875	1.224700	0.738365	
1	-0.439453	1.168590	1.222426	0.738621	
1	-0.439453	1.168590	1.222426	0.738621	
1	-0.390625	1.132777	1.203020	0.740804	
1	-0.390625	1.132777	1.203020	0.740804	
1	-0.381129	1.123047	1.198629	0.741299	
1	-0.381129	1.123047	1.198629	0.741299	
1	-0.341797	1.092965	1.179082	0.743512	
1	-0.341797	1.092965	1.179082	0.743512	
1	-0.323974	1.074219	1.168891	0.744676	
1	-0.323974	1.074219	1.168891	0.744676	
1	-0.292969	1.049809	1.149970	0.746859	
1	-0.292969	1.049809	1.149970	0.746859	
1	-0.270182	1.025391	1.134146	0.748716	
1	-0.270182	1.025391	1.134146	0.748716	
1	-0.244141	1.004580	1.114945	0.751014	
1	-0.244141	1.004580	1.114945	0.751014	
1	-0.218050	0.976562	1.093170	0.753693	
1	-0.218050	0.976562	1.093170	0.753693	
1	-0.195312	0.958498	1.073101	0.756241	
1	-0.195312	0.958498	1.073101	0.756241	
1	-0.166120	0.927734	1.043976	0.760095	
1	-0.166120	0.927734	1.043976	0.760095	
1	-0.146484	0.912584	1.023331	0.762949	
1	-0.146484	0.912584	1.023331	0.762949	
1	-0.113189	0.878906	0.983695	0.768745	
1	-0.113189	0.878906	0.983695	0.768745	
1	-0.097656	0.867529	0.964282	0.771746	
1	-0.097656	0.867529	0.964282	0.771746	
1	-0.058291	0.830078	0.908373	0.781031	
1	-0.058291	0.830078	0.908373	0.781031	
1	-0.048828	0.823621	0.894327	0.783520	
1	-0.048828	0.823621	0.894327	0.783520	
1	-0.000801	0.781250	0.812988	0.799241	
1	-0.000801	0.781250	0.812988	0.799241	
1	0.000000	0.780746	0.811579	0.799533	
1	0.000000	0.780746	0.811579	0.799533	
1	0.048828	0.740604	0.714958	0.821290	
1	0.048828	0.740604	0.714958	0.821290	
1	0.056665	0.732422	0.697201	0.825660	
1	0.056665	0.732422	0.697201	0.825660	
1	0.097656	0.700774	0.602629	0.850945	
1	0.097656	0.700774	0.602629	0.850945	
1	0.115251	0.683594	0.556474	0.864540	
1	0.115251	0.683594	0.556474	0.864540	
1	0.146484	0.660029	0.474108	0.890923	
1	0.146484	0.660029	0.474108	0.890923	
1	0.173264	0.634766	0.395564	0.918703	
1	0.173264	0.634766	0.395564	0.918703	
1	0.195312	0.617376	0.331462	0.943363	
1	0.195312	0.617376	0.331462	0.943363	
1	0.228432	0.585938	0.228517	0.986934	
1	0.228432	0.585938	0.228517	0.986934	
1	0.244141	0.572034	0.180612	1.008989	
1	0.244141	0.572034	0.180612	1.008989	
1	0.279653	0.537109	0.071091	1.064067	
1	0.279653	0.537109	0.071091	1.064067	
1	0.292969	0.523411	0.030851	1.086074	
1	0.292969	0.523411	0.030851	1.086074	
1	0.327186	0.488281	-0.066995	1.144080	
1	0.327186	0.488281	-0.066995	1.144080	
1	0.341797	0.471050	-0.108203	1.170627	
1	0.341797	0.471050	-0.108203	1.170627	
1	0.371524	0.439453	-0.182401	1.222100	
1	0.371524	0.439453	-0.182401	1.222100	
1	0.390625	0.414629	-0.229810	1.257809	
1	0.390625	0.414629	-0.229810	1.257809	
1	0.412756	0.390625	-0.275716	1.294848	
1	0.412756	0.390625	-0.275716	1.294848	
1	0.439453	0.353876	-0.331096	1.343344	
1	0.439453	0.353876	-0.331096	1.343344	
1	0.450531	0.341797	-0.349455	1.360501	
1	0.450531	0.341797	-0.349455	1.360501	
1	0.485514	0.292969	-0.407584	1.419212	
1	0.485514	0.292969	-0.407584	1.419212	
1	0.488281	0.287971	-0.412392	1.424418	
1	0.488281	0.287971	-0.412392	1.424418	
1	0.520741	0.244141	-0.454363	1.472745	
1	0.520741	0.244141	-0.454363	1.472745	
1	0.537109	0.214164	-0.476114	1.500279	
1	0.537109	0.214164	-0.476114	1.500279	
1	0.551226	0.195312	-0.489605	1.518476	
1	0.551226	0.195312	-0.489605	1.518476	
1	0.578721	0.146484	-0.516524	1.558181	
1	0.578721	0.146484	-0.516524	1.558181	
1	0.585938	0.129198	-0.524033	1.570322	
1	0.585938	0.129198	-0.524033	1.570322	
1	0.604766	0.097656	-0.537067	1.592968	
1	0.604766	0.097656	-0.537067	1.592968	
1	0.626047	0.048828	-0.551989	1.622446	
1	0.626047	0.048828	-0.551989	1.622446	
1	0.634766	0.020968	-0.558405	1.637007	
1	0.634766	0.020968	-0.558405	1.637007	
1	0.644596	0.000000	-0.562727	1.647865	
1	0.644596	0.000000	-0.562727	1.647865	
1	0.660482	-0.048828	-0.570060	1.669708	
1	0.660482	-0.048828	-0.570060	1.669708	
1	0.670819	-0.097656	-0.574569	1.688200	
1	0.670819	-0.097656	-0.574569	1.688200	
1	0.676252	-0.146484	-0.576844	1.704071	
1	0.676252	-0.146484	-0.576844	1.704071	
1	0.676700	-0.195312	-0.577246	1.717848	
1	0.676700	-0.195312	-0.577246	1.717848	
1	0.671202	-0.244141	-0.575976	1.730021	
1	0.671202	-0.244141	-0.575976	1.730021	
1	0.657293	-0.292969	-0.573011	1.741224	
1	0.657293	-0.292969	-0.573011	1.741224	
1	0.634766	-0.333951	-0.568766	1.750714	
1	0.634766	-0.333951	-0.568766	1.750714	
1	0.631044	-0.341797	-0.567804	1.752420	
1	0.631044	-0.341797	-0.567804	1.752420	
1	0.594647	-0.390625	-0.559366	1.764089	
1	0.594647	-0.390625	-0.559366	1.764089	
1	0.585938	-0.398552	-0.557374	1.766295	
1	0.585938	-0.398552	-0.557374	1.766295	
1	0.541509	-0.439453	-0.544904	1.777602	
1	0.541509	-0.439453	-0.544904	1.777602	
1	0.537109	-0.442425	-0.543621	1.778591	
1	0.537109	-0.442425	-0.543621	1.778591	
1	0.488281	-0.476499	-0.526773	1.789689	
1	0.488281	-0.476499	-0.526773	1.789689	
1	0.469808	-0.488281	-0.519374	1.793744	
1	0.469808	-0.488281	-0.519374	1.793744	
1	0.439453	-0.504060	-0.506328	1.800045	
1	0.439453	-0.504060	-0.506328	1.800045	
1	0.390625	-0.526496	-0.481796	1.809723	
1	0.390625	-0.526496	-0.481796	1.809723	
1	0.363981	-0.537109	-0.466447	1.814702	
1	0.363981	-0.537109	-0.466447	1.814702	
1	0.341797	-0.544908	-0.452556	1.818645	
1	0.341797	-0.544908	-0.452556	1.818645	
1	0.292969	-0.560381	-0.417860	1.826602	
1	0.292969	-0.560381	-0.417860	1.826602	
1	0.244141	-0.571994	-0.377124	1.833218	
1	0.244141	-0.571994	-0.377124	1.833218	
1	0.195312	-0.580159	-0.329373	1.838056	
1	0.195312	-0.580159	-0.329373	1.838056	
1	0.146484	-0.585182	-0.273490	1.840504	
1	0.146484	-0.585182	-0.273490	1.840504	
1	0.130890	-0.585938	-0.253729	1.840655	
1	0.043772	-0.585938	-0.123742	1.833867	
1	0.000000	-0.582420	-0.044439	1.823999	
1	0.000000	-0.582420	-0.044439	1.823999	
1	-0.048828	-0.574652	0.056423	1.806004	
1	-0.048828	-0.574652	0.056423	1.806004	
1	-0.097656	-0.561790	0.171045	1.778705	
1	-0.097656	-0.561790	0.171045	1.778705	
2	0.585938	3.740544	1.135429	0.644911	
2	0.585938	3.740544	1.135429	0.644911	
2	0.537109	3.750509	1.141569	0.642852	
2	0.537109	3.750509	1.141569	0.642852	
2	0.488281	3.757395	1.146926	0.641592	
2	0.488281	3.757395	1.146926	0.641592	
2	0.451767	3.759766	1.150487	0.641132	
2	0.451767	3.759766	1.150487	0.641132	
2	0.439453	3.760962	1.151619	0.641065	
2	0.439453	3.760962	1.151619	0.641065	
2	0.406800	3.759766	1.154458	0.641100	
2	0.406800	3.759766	1.154458	0.641100	
2	0.390625	3.759287	1.155791	0.641231	
2	0.390625	3.759287	1.155791	0.641231	
2	0.341797	3.751734	1.159659	0.642105	
2	0.341797	3.751734	1.159659	0.642105	
2	0.292969	3.735147	1.163563	0.643843	
2	0.292969	3.735147	1.163563	0.643843	
2	0.253347	3.710938	1.167197	0.646265	
2	0.253347	3.710938	1.167197	0.646265	
2	0.244141	3.706182	1.168020	0.646917	
2	0.244141	3.706182	1.168020	0.646917	
2	0.195312	3.669292	1.173209	0.651799	
2	0.195312	3.669292	1.173209	0.651799	
2	0.188401	3.662109	1.174106	0.652765	
2	0.188401	3.662109	1.174106	0.652765	
2	0.146484	3.623580	1.179460	0.659147	
2	0.146484	3.623580	1.179460	0.659147	
2	0.137746	3.613281	1.180805	0.660898	
2	0.137746	3.613281	1.180805	0.660898	
2	0.097656	3.569370	1.186983	0.669556	
2	0.097656	3.569370	1.186983	0.669556	
2	0.093918	3.564453	1.187653	0.670549	
2	0.093918	3.564453	1.187653	0.670549	
2	0.054877	3.515625	1.194645	0.681415	
2	0.054877	3.515625	1.194645	0.681415	
2	0.048828	3.508016	1.195763	0.683227	
2	0.048828	3.508016	1.195763	0.683227	
2	0.019312	3.466797	1.201721	0.693169	
2	0.019312	3.466797	1.201721	0.693169	
2	0.000000	3.438718	1.205801	0.700201	
2	0.000000	3.438718	1.205801	0.700201	
2	-0.013464	3.417969	1.208784	0.705436	
2	-0.013464	3.417969	1.208784	0.705436	
2	-0.043681	3.369141	1.215711	0.717813	
2	-0.043681	3.369141	1.215711	0.717813	
2	-0.048828	3.360190	1.216949	0.720050	
2	-0.048828	3.360190	1.216949	0.720050	
2	-0.071962	3.320312	1.222418	0.729975	
2	-0.071962	3.320312	1.222418	0.729975	
2	-0.097656	3.272078	1.228709	0.741416	
2	-0.097656	3.272078	1.228709	0.741416	
2	-0.097989	3.271484	1.228786	0.741555	
2	-0.097989	3.271484	1.228786	0.741555	
2	-0.123061	3.222656	1.234806	0.752416	
2	-0.123061	3.222656	1.234806	0.752416	
2	-0.145958	3.173828	1.240358	0.762248	
2	-0.145958	3.173828	1.240358	0.762248	
2	-0.146484	3.172535	1.240496	0.762489	
2	-0.146484	3.172535	1.240496	0.762489	
2	-0.168612	3.125000	1.245503	0.771096	
2	-0.168612	3.125000	1.245503	0.771096	
2	-0.189326	3.076172	1.250141	0.778748	
2	-0.189326	3.076172	1.250141	0.778748	
2	-0.195312	3.059718	1.251566	0.781018	
2	-0.195312	3.059718	1.251566	0.781018	
2	-0.209687	3.027344	1.254343	0.785309	
2	-0.209687	3.027344	1.254343	0.785309	
2	-0.228791	2.978516	1.258076	0.790732	
2	-0.228791	2.978516	1.258076	0.790732	
2	-0.244141	2.933748	1.261058	0.794696	
2	-0.244141	2.933748	1.261058	0.794696	
2	-0.245990	2.929688	1.261331	0.795038	
2	-0.245990	2.929688	1.261331	0.795038	
2	-0.263381	2.880859	1.264211	0.798400	
2	-0.263381	2.880859	1.264211	0.798400	
2	-0.277651	2.832031	1.266613	0.800756	
2	-0.277651	2.832031	1.266613	0.800756	
2	-0.287418	2.783203	1.268495	0.802197	
2	-0.287418	2.783203	1.268495	0.802197	
2	-0.289678	2.734375	1.269700	0.802828	
2	-0.289678	2.734375	1.269700	0.802828	
2	-0.276515	2.685547	1.269597	0.802828	
2	-0.276515	2.685547	1.269597	0.802828	
2	-0.244141	2.652357	1.267203	0.802793	
2	-0.244141	2.652357	1.267203	0.802793	
2	-0.228999	2.636719	1.265675	0.802917	
2	-0.228999	2.636719	1.265675	0.802917	
2	-0.195312	2.616802	1.261640	0.803497	
2	-0.195312	2.616802	1.261640	0.803497	
2	-0.146484	2.589140	1.254040	0.805114	
2	-0.146484	2.589140	1.254040	0.805114	
2	-0.144458	2.587891	1.253675	0.805203	
2	-0.144458	2.587891	1.253675	0.805203	
2	-0.097656	2.566658	1.244557	0.807645	
2	-0.097656	2.566658	1.244557	0.807645	
2	-0.048828	2.546127	1.233148	0.811137	
2	-0.048828	2.546127	1.233148	0.811137	
2	-0.032201	2.539062	1.228789	0.812565	
2	-0.032201	2.539062	1.228789	0.812565	
2	0.000000	2.528126	1.219906	0.815605	
2	0.000000	2.528126	1.219906	0.815605	
2	0.048828	2.512163	1.204868	0.821079	
2	0.048828	2.512163	1.204868	0.821079	
2	0.097656	2.497843	1.188067	0.827594	
2	0.097656	2.497843	1.188067	0.827594	
2	0.125474	2.490234	1.177710	0.831789	
2	0.125474	2.490234	1.177710	0.831789	
2	0.146484	2.485433	1.169621	0.835151	
2	0.146484	2.485433	1.169621	0.835151	
2	0.195312	2.474972	1.149652	0.843746	
2	0.195312	2.474972	1.149652	0.843746	
2	0.244141	2.466059	1.128220	0.853401	
2	0.244141	2.466059	1.128220	0.853401	
2	0.292969	2.458652	1.105451	0.864109	
2	0.292969	2.458652	1.105451	0.864109	
2	0.341797	2.452692	1.081480	0.875855	
2	0.341797	2.452692	1.081480	0.875855	
2	0.390625	2.448110	1.056451	0.888615	
2	0.390625	2.448110	1.056451	0.888615	
2	0.439453	2.444826	1.030517	0.902356	
2	0.439453	2.444826	1.030517	0.902356	
2	0.488281	2.442757	1.003833	0.917036	
2	0.488281	2.442757	1.003833	0.917036	
2	0.537109	2.441812	0.976557	0.932606	
2	0.537109	2.441812	0.976557	0.932606	
2	0.585938	2.441900	0.948843	0.949011	
2	0.585938	2.441900	0.948843	0.949011	
2	0.634766	2.442930	0.920839	0.966189	
2	0.634766	2.442930	0.920839	0.966189	
2	0.683594	2.444812	0.892685	0.984076	
2	0.683594	2.444812	0.892685	0.984076	
2	0.732422	2.447459	0.864513	1.002603	
2	0.732422	2.447459	0.864513	1.002603	
2	0.781250	2.450794	0.836443	1.021698	
2	0.781250	2.450794	0.836443	1.021698	
2	0.830078	2.454747	0.808584	1.041290	
2	0.830078	2.454747	0.808584	1.041290	
2	0.878906	2.459259	0.781034	1.061304	
2	0.878906	2.459259	0.781034	1.061304	
2	0.927734	2.464288	0.753884	1.081665	
2	0.927734	2.464288	0.753884	1.081665	
2	0.976562	2.469805	0.727218	1.102293	
2	0.976562	2.469805	0.727218	1.102293	
2	1.025391	2.475802	0.701114	1.123105	
2	1.025391	2.475802	0.701114	1.123105	
2	1.074219	2.482293	0.675651	1.144012	
2	1.074219	2.482293	0.675651	1.144012	
2	1.123047	2.489317	0.650910	1.164918	
2	1.123047	2.489317	0.650910	1.164918	
2	1.128978	2.490234	0.647970	1.167442	
2	1.128978	2.490234	0.647970	1.167442	
2	1.171875	2.497244	0.627126	1.185583	
2	1.171875	2.497244	0.627126	1.185583	
2	1.220703	2.505907	0.604267	1.205992	
2	1.220703	2.505907	0.604267	1.205992	
2	1.269531	2.515409	0.582420	1.226021	
2	1.269531	2.515409	0.582420	1.226021	
2	1.318359	2.525945	0.561717	1.245505	
2	1.318359	2.525945	0.561717	1.245505	
2	1.367188	2.537778	0.542317	1.264243	
2	1.367188	2.537778	0.542317	1.264243	
2	1.372036	2.539062	0.540482	1.266041	
2	1.372036	2.539062	0.540482	1.266041	
2	1.416016	2.551913	0.524743	1.281660	
2	1.416016	2.551913	0.524743	1.281660	
2	1.464844	2.568274	0.508967	1.297701	
2	1.464844	2.568274	0.508967	1.297701	
2	1.513672	2.587406	0.495263	1.312005	
2	1.513672	2.587406	0.495263	1.312005	
2	1.514787	2.587891	0.494982	1.312302	
2	1.514787	2.587891	0.494982	1.312302	
2	1.562500	2.611956	0.484924	1.323083	
2	1.562500	2.611956	0.484924	1.323083	
2	1.603724	2.636719	0.478702	1.329918	
2	1.603724	2.636719	0.478702	1.329918	
2	1.611328	2.642294	0.478098	1.330592	
2	1.611328	2.642294	0.478098	1.330592	
2	1.660156	2.683651	0.477284	1.331491	
2	1.660156	2.683651	0.477284	1.331491	
2	1.662121	2.685547	0.477377	1.331384	
2	1.662121	2.685547	0.477377	1.331384	
2	1.700445	2.734375	0.485105	1.322334	
2	1.700445	2.734375	0.485105	1.322334	
2	1.708984	2.750631	0.489469	1.317156	
2	1.708984	2.750631	0.489469	1.317156	
2	1.724448	2.783203	0.498930	1.305833	
2	1.724448	2.783203	0.498930	1.305833	
2	1.737167	2.832031	0.517374	1.283531	
2	1.737167	2.832031	0.517374	1.283531	
2	1.740427	2.880859	0.539586	1.256472	
2	1.740427	2.880859	0.539586	1.256472	
2	1.735296	2.929688	0.565057	1.225363	
2	1.735296	2.929688	0.565057	1.225363	
2	1.722524	2.978516	0.593390	1.190810	
2	1.722524	2.978516	0.593390	1.190810	
2	1.708984	3.011692	0.614401	1.165288	
2	1.708984	3.011692	0.614401	1.165288	
2	1.702540	3.027344	0.624280	1.153330	
2	1.702540	3.027344	0.624280	1.153330	
2	1.675540	3.076172	0.657454	1.113413	
2	1.675540	3.076172	0.657454	1.113413	
2	1.660156	3.098836	0.673738	1.093973	
2	1.660156	3.098836	0.673738	1.093973	
2	1.641899	3.125000	0.692513	1.071703	
2	1.641899	3.125000	0.692513	1.071703	
2	1.611328	3.162598	0.720651	1.038642	
2	1.611328	3.162598	0.720651	1.038642	
2	1.601854	3.173828	0.729056	1.028845	
2	1.601854	3.173828	0.729056	1.028845	
2	1.562500	3.215538	0.761207	0.991738	
2	1.562500	3.215538	0.761207	0.991738	
2	1.555475	3.222656	0.766702	0.985457	
2	1.555475	3.222656	0.766702	0.985457	
2	1.513672	3.261853	0.797456	0.950667	
2	1.513672	3.261853	0.797456	0.950667	
2	1.502850	3.271484	0.805033	0.942194	
2	1.502850	3.271484	0.805033	0.942194	
2	1.464844	3.303718	0.830463	0.914067	
2	1.464844	3.303718	0.830463	0.914067	
2	1.444087	3.320312	0.843609	0.899725	
2	1.444087	3.320312	0.843609	0.899725	
2	1.416016	3.342261	0.860809	0.881179	
2	1.416016	3.342261	0.860809	0.881179	
2	1.379306	3.369141	0.881987	0.858707	
2	1.379306	3.369141	0.881987	0.858707	
2	1.367188	3.378026	0.888817	0.851551	
2	1.367188	3.378026	0.888817	0.851551	
2	1.318359	3.411443	0.914751	0.824812	
2	1.318359	3.411443	0.914751	0.824812	
2	1.308114	3.417969	0.919882	0.819608	
2	1.308114	3.417969	0.919882	0.819608	
2	1.269531	3.443119	0.938900	0.800586	
2	1.269531	3.443119	0.938900	0.800586	
2	1.230121	3.466797	0.956975	0.782922	
2	1.230121	3.466797	0.956975	0.782922	
2	1.220703	3.472716	0.961254	0.778804	
2	1.220703	3.472716	0.961254	0.778804	
2	1.171875	3.501043	0.982118	0.759093	
2	1.171875	3.501043	0.982118	0.759093	
2	1.144413	3.515625	0.993028	0.749047	
2	1.144413	3.515625	0.993028	0.749047	
2	1.123047	3.527770	1.001471	0.741405	
2	1.123047	3.527770	1.001471	0.741405	
2	1.074219	3.553115	1.019433	0.725561	
2	1.074219	3.553115	1.019433	0.725561	
2	1.050176	3.564453	1.027656	0.718511	
2	1.050176	3.564453	1.027656	0.718511	
2	1.025391	3.577292	1.036106	0.711407	
2	1.025391	3.577292	1.036106	0.711407	
2	0.976562	3.600189	1.051516	0.698857	
2	0.976562	3.600189	1.051516	0.698857	
2	0.945542	3.613281	1.060543	0.691772	
2	0.945542	3.613281	1.060543	0.691772	
2	0.927734	3.621790	1.065712	0.687811	
2	0.927734	3.621790	1.065712	0.687811	
2	0.878906	3.642692	1.078831	0.678109	
2	0.878906	3.642692	1.078831	0.678109	
2	0.830078	3.661364	1.090698	0.669817	
2	0.830078	3.661364	1.090698	0.669817	
2	0.827844	3.662109	1.091206	0.669473	
2	0.827844	3.662109	1.091206	0.669473	
2	0.781250	3.680510	1.101707	0.662614	
2	0.781250	3.680510	1.101707	0.662614	
2	0.732422	3.697489	1.111572	0.656642	
2	0.732422	3.697489	1.111572	0.656642	
2	0.687812	3.710938	1.119647	0.652169	
2	0.687812	3.710938	1.119647	0.652169	
2	0.683594	3.712527	1.120400	0.651774	
2	0.683594	3.712527	1.120400	0.651774	
2	0.634766	3.727827	1.128405	0.647852	
2	0.634766	3.727827	1.128405	0.647852	
