#REFERENCE 3 87.3042530 -62.0775650
1.1 1.1352217 0.6610289 0.019210 0.012496 141.32296 4.5000 3.91 
1.2 0.8866552 0.9237294 0.087660 0.012315 155.30374 4.5000 2.16 
1.3 0.7606904 1.1265461 0.092015 0.030242 132.41362 4.5000 1.80 
1.4 0.8445794 0.9533710 0.044652 0.008275 163.42389 4.5000 3.07 
1.5 0.8397853 1.0036313 0.047265 0.035294 33.99688 4.5000 1.49 
1.6 0.6007824 1.0998471 0.059191 0.027014 147.15650 4.5000 1.48 
2.1 1.1309609 0.7580727 0.025117 0.011740 66.51275 4.5000 3.37 
2.2 1.1121242 0.8234443 0.040236 0.011379 103.86511 4.5000 3.12 
2.3 1.1970717 0.7860993 0.050031 0.024112 148.16489 4.5000 1.22 
3.1 0.7069889 0.6948915 0.050449 0.003309 7.09572 4.5000 3.93 
3.2 0.7098503 0.6893251 0.047570 0.000464 11.08321 4.5000 5.99 
4.1 1.0722266 0.8517210 0.020567 0.018619 57.22398 4.5000 2.50 
4.2 1.2010278 0.7851928 0.050050 0.024123 148.19167 4.5000 1.22 
5.1 1.0205118 0.9166998 0.022964 0.019008 143.01033 4.5000 2.18 
5.2 1.2004801 0.7803475 0.050062 0.024155 148.09965 4.5000 1.22 
6.1 0.6009805 0.9900420 0.052326 0.024460 144.28625 4.5000 1.43 
6.2 0.8208889 0.9188430 0.047898 0.026032 30.11162 4.5000 1.75 
6.3 0.8646201 0.8720833 0.038626 0.010149 168.53561 4.5000 2.71 
6.4 0.9069206 0.8886718 0.066416 0.009724 157.61754 4.5000 2.11 
7.1 -0.1231817 1.7933626 0.030079 0.013082 32.96670 4.5000 3.40 
7.2 -0.0922441 1.8212067 0.036212 0.005098 17.28900 4.5000 4.29 
8.1 1.0741784 0.8555775 0.042786 0.012992 111.02982 4.5000 2.88 
8.2 0.9574421 0.8977563 0.041724 0.008320 151.55220 4.5000 3.30 
9.1 0.3070983 1.0269991 0.051407 0.023551 138.73931 4.5000 1.55 
9.2 0.5665584 0.8723562 0.047914 0.013265 172.39117 4.5000 2.28 
