#REFERENCE 3 152.6415700 -12.6540180
   #ID       X         Y         R       EPS       TAU       AMP       E_AMP      DMAG  TIME[days]  DTIME    PARITY
   1.1    -0.502     0.633     0.807     0.911     2.205   415.212  9851.654      6.55      -4.4       0.0    +-
   1.1     0.439    -0.472     0.645     0.705     0.994   189.905  2637.211      5.70      -1.4       3.0    +-
   1.1     0.607     0.760     0.973     0.678     0.923   199.254  2404.432      5.75      -8.2      -3.8    ++
   1.1     0.049    -0.044     0.066     0.376     0.406    84.842   683.141      4.82       0.1       4.6    --
   1.1    -0.859    -0.526     1.007     0.000     0.000   229.521  8655.870      5.90      -9.3      -4.9    ++
   1.2    -0.639     0.538     0.836     0.934     2.611   329.289  3175.147      6.29      -5.0      -0.5    +-
   1.2    -0.859    -0.379     0.939     0.837     1.531   279.732  3723.979      6.12      -7.1      -2.7    ++
   1.2     0.340    -0.494     0.600     0.623     0.797   118.467   929.586      5.18      -0.7       3.7    +-
   1.2     0.044    -0.090     0.101     0.504     0.583    84.341   759.332      4.82       0.3       4.8    --
   1.2     0.629     0.841     1.051     0.000     0.000    54.304   249.996      4.34     -10.7      -6.3    ++
   1.3     0.613     0.733     0.955     0.912     2.218   211.396  2700.542      5.81      -7.7      -3.2    ++
   1.3    -0.853    -0.561     1.021     0.900     2.070    54.246   208.826      4.34      -9.8      -5.3    ++
   1.3     0.046    -0.031     0.056     0.884     1.890    80.439   530.393      4.76       0.1       4.5    --
   1.3     0.464    -0.468     0.659     0.511     0.595   386.439  15230.468      6.47      -1.6       2.8    +-
   1.3    -0.470     0.640     0.794     0.000     0.000   333.497  7123.541      6.31      -4.1       0.3    +-
