#REFERENCE 3 152.6415700 -12.6540180
1.1 -0.044 0.029 0.075 0.028 31.08 4.500 1.54 -0.502 0.633 1.42 0.11
1.1 -0.044 0.029 0.075 0.028 31.08 4.500 1.54 0.439 -0.472 1.16 0.37
1.1 -0.044 0.029 0.075 0.028 31.08 4.500 1.54 0.607 0.760 1.63 -0.09
1.1 -0.044 0.029 0.075 0.028 31.08 4.500 1.54 0.049 -0.044 -0.32 1.86
1.1 -0.044 0.029 0.075 0.028 31.08 4.500 1.54 -0.859 -0.526 1.54 -0.00
1.2 -0.013 0.085 0.072 0.028 53.61 4.500 1.45 -0.639 0.538 1.57 -0.12
1.2 -0.013 0.085 0.072 0.028 53.61 4.500 1.45 -0.859 -0.379 1.79 -0.34
1.2 -0.013 0.085 0.072 0.028 53.61 4.500 1.45 0.340 -0.494 1.16 0.29
1.2 -0.013 0.085 0.072 0.028 53.61 4.500 1.45 0.044 -0.090 -0.18 1.63
1.2 -0.013 0.085 0.072 0.028 53.61 4.500 1.45 0.629 0.841 1.45 0.00
1.3 -0.048 0.015 0.053 0.032 126.63 4.500 1.41 0.613 0.733 1.67 -0.26
1.3 -0.048 0.015 0.053 0.032 126.63 4.500 1.41 -0.853 -0.561 1.49 -0.09
1.3 -0.048 0.015 0.053 0.032 126.63 4.500 1.41 0.046 -0.031 -0.35 1.76
1.3 -0.048 0.015 0.053 0.032 126.63 4.500 1.41 0.464 -0.468 1.18 0.23
1.3 -0.048 0.015 0.053 0.032 126.63 4.500 1.41 -0.470 0.640 1.41 -0.00
