#REFERENCE 0 154.2861480 39.0496310
1 154.2861480 39.0496310 0.0000 0.0000 89.66 0.00
1 154.286148 39.049631 0.0000 0.0000 89.66 0.00
1 154.2861480 39.0496310 0.0000 0.0000 89.66 0.00
1 154.2861480 39.0496310 4.0643 2.3151 89.66 19.41
2 154.2861476 39.0496294 0.0000 0.0000 -2.15 0.00
2 154.286148 39.049629 0.0000 0.0000 -2.15 0.00
2 154.2861476 39.0496294 0.0000 0.0000 -2.15 0.00
2 154.2861476 39.0496294 1.4779 1.3549 -2.15 4.34
3 154.2861480 39.0496310 0.0000 0.0000 -43.44 0.00
3 154.286148 39.049631 0.0000 0.0000 -43.44 0.00
3 154.2861480 39.0496310 0.0000 0.0000 -43.44 0.00
3 154.2861480 39.0496310 0.0000 0.0000 -43.44 0.00
