#REFERENCE 0 154.2861480 39.0496310
5.1 154.2863440 39.0491734 0.073522 0.021507 161.95232 4.5000 1.20 
5.1 154.2859936 39.0496807 0.113754 0.044488 85.35979 4.5000 -0.07 
5.1 154.2858917 39.0498090 0.069012 0.068998 39.83388 4.5000 -0.00 
5.2 154.2860001 39.0496206 0.184932 0.066850 61.14904 4.5000 -0.85 
5.2 154.2858466 39.0498101 0.159234 0.068414 68.29445 4.5000 -0.72 
5.2 154.2863008 39.0491745 0.075001 0.075000 74.62711 4.5000 -0.00 
6.1 154.2790160 39.0444046 0.606251 0.002833 136.95878 4.5000 0.94 
6.1 154.2861899 39.0491451 0.078058 0.010418 13.15407 4.5000 1.76 
6.1 154.2858929 39.0495948 0.125875 0.034911 82.03787 4.5000 -0.08 
6.1 154.2858334 39.0496640 0.064006 0.063968 125.57961 4.5000 0.00 
6.2 154.2858550 39.0497035 0.460234 0.069993 60.18383 4.5000 -1.78 
6.2 154.2859151 39.0496323 0.471763 0.072066 55.20639 4.5000 -1.84 
6.2 154.2862413 39.0491440 0.079002 0.078999 70.86972 4.5000 -0.00 
