#REFERENCE 3 328.3894840 17.6993580
   #ID       X         Y         R       EPS       TAU       AMP       E_AMP      DMAG  TIME[days]  DTIME    PARITY
   4.1    -1.466    -0.891     1.716     0.990     6.893    56.505   259.087      4.38     -45.4       0.0    ++
   4.1     0.006    -0.005     0.008     0.989     6.785    22.179   111.621      3.36       4.6      50.0    --
   4.1    -0.322     2.257     2.280     0.984     5.513    83.662  4277.660      4.81     -53.3      -7.9    ++
   4.1     0.642    -0.408     0.760     0.983     5.361    45.449   381.482      4.14      -4.1      41.2    +-
   4.1    -1.557     0.421     1.613     0.000     0.000    81.443   485.981      4.78     -43.9       1.4    +-
   4.2    -1.564     0.326     1.597     0.990     6.893   154.288  3862.884      5.47     -43.6       1.7    +-
   4.2    -0.297     2.277     2.296     0.986     5.958    17.276   157.329      3.09     -54.1      -8.7    ++
   4.2     0.641    -0.419     0.766     0.972     4.119    50.812   529.928      4.26      -4.3      41.1    +-
   4.2     0.006    -0.005     0.008     0.951     3.083    22.179   111.620      3.36       4.5      49.9    --
   4.2    -1.469    -0.840     1.692     0.000     0.000   102.679  1388.434      5.03     -44.6       0.7    ++
   5.1    -0.238     2.320     2.332     0.994     8.777    14.238    57.231      2.88     -55.9       0.0    ++
   5.1     0.006    -0.005     0.008     0.993     8.689    22.179   111.617      3.36       4.3      60.2    --
   5.1     0.639    -0.447     0.780     0.992     8.040    49.546   546.449      4.24      -4.7      51.2    +-
   5.1    -1.477    -0.698     1.634     0.989     6.838   147.947  1600.235      5.43     -42.9      13.0    ++
   5.1    -1.562     0.076     1.564     0.000     0.000   207.182  1442.890      5.79     -42.6      13.3    +-
   5.2    -0.311     2.326     2.347     0.999    19.450    18.142   164.706      3.15     -56.3      -0.4    ++
   5.2     0.610    -0.423     0.742     0.998    15.570    45.996   423.671      4.16      -3.1      52.8    +-
   5.2     0.007    -0.006     0.009     0.997    13.531    22.180   111.638      3.36       5.0      60.9    --
   5.2    -1.594    -0.079     1.596     0.992     7.652   766.905  12641.140      7.21     -43.9      12.0    +-
   5.2    -1.559    -0.453     1.624     0.000     0.000   405.475  2831.149      6.52     -44.0      12.0    ++
   6.1     1.045     0.472     1.146     0.967     3.822   136.342  3931.453      5.34     -19.8       0.0    +-
   6.1    -0.627     0.999     1.179     0.961     3.488    75.836   893.151      4.70     -14.7       5.1    +-
   6.1    -0.597    -2.479     2.550     0.873     1.792    10.228    57.991      2.52     -71.8     -52.0    ++
   6.1    -0.000     0.005     0.005     0.834     1.509    22.178   111.540      3.36       2.9      22.6    --
   6.1     0.685     1.172     1.358     0.000     0.000   250.520  3414.714      6.00     -20.4      -0.6    ++
   6.2     0.824     1.170     1.432     0.966     3.720    49.181   177.070      4.23     -25.3      -5.5    ++
   6.2    -0.704     0.883     1.129     0.959     3.364    54.986   268.729      4.35     -15.1       4.7    +-
   6.2    -0.481    -2.423     2.471     0.943     2.826    10.206    42.750      2.52     -67.1     -47.3    ++
   6.2    -0.001     0.005     0.005     0.899     2.051    22.178   111.541      3.36       2.0      21.8    --
   6.2     1.162     0.335     1.209     0.000     0.000    61.455   375.569      4.47     -24.5      -4.7    +-
   7.1    -0.668     0.889     1.112     0.982     5.188    59.663   402.165      4.44     -13.9       0.0    +-
   7.1     1.110     0.527     1.229     0.970     3.976   105.551   413.231      5.06     -23.6      -9.8    +-
   7.1    -0.477    -2.469     2.515     0.961     3.495    10.696    52.750      2.57     -69.1     -55.2    ++
   7.1    -0.001     0.005     0.005     0.913     2.232    22.178   111.545      3.36       2.4      16.3    --
   7.1     0.902     1.017     1.359     0.000     0.000   167.091  1100.362      5.56     -23.8      -9.9    ++
   7.2    -0.670     0.858     1.089     0.994     9.040    70.511  1048.540      4.62     -13.4       0.5    +-
   7.2    -0.439    -2.472     2.511     0.991     7.293    11.947   160.538      2.69     -68.7     -54.8    ++
   7.2    -0.001     0.005     0.005     0.978     4.678    22.178   111.548      3.36       2.4      16.3    --
   7.2     0.986     0.911     1.342     0.972     4.099   292.676  2264.621      6.17     -24.7     -10.8    ++
   7.2     1.110     0.604     1.264     0.001     0.001   350.368  1516.476      6.36     -24.7     -10.8    +-
