#REFERENCE 3 99.7096370 -53.9831290
1	-0.781250	-1.267102	-0.236580	-0.461146	
1	-0.826403	-1.220703	-0.229018	-0.449503	
1	-0.826403	-1.220703	-0.229018	-0.449503	
1	-0.830078	-1.216429	-0.228224	-0.448338	
1	-0.830078	-1.216429	-0.228224	-0.448338	
1	-0.863492	-1.171875	-0.218760	-0.435047	
1	-0.863492	-1.171875	-0.218760	-0.435047	
1	-0.878906	-1.147782	-0.212989	-0.427390	
1	-0.878906	-1.147782	-0.212989	-0.427390	
1	-0.893253	-1.123047	-0.206689	-0.419344	
1	-0.893253	-1.123047	-0.206689	-0.419344	
1	-0.917302	-1.074219	-0.193041	-0.402847	
1	-0.917302	-1.074219	-0.193041	-0.402847	
1	-0.927734	-1.048802	-0.185292	-0.393963	
1	-0.927734	-1.048802	-0.185292	-0.393963	
1	-0.936846	-1.025391	-0.178055	-0.385944	
1	-0.936846	-1.025391	-0.178055	-0.385944	
1	-0.952687	-0.976562	-0.161908	-0.368902	
1	-0.952687	-0.976562	-0.161908	-0.368902	
1	-0.965195	-0.927734	-0.144648	-0.351830	
1	-0.965195	-0.927734	-0.144648	-0.351830	
1	-0.974781	-0.878906	-0.126373	-0.334883	
1	-0.974781	-0.878906	-0.126373	-0.334883	
1	-0.976562	-0.866882	-0.121639	-0.330666	
1	-0.976562	-0.866882	-0.121639	-0.330666	
1	-0.982059	-0.830078	-0.107344	-0.318336	
1	-0.982059	-0.830078	-0.107344	-0.318336	
1	-0.987075	-0.781250	-0.087548	-0.302205	
1	-0.987075	-0.781250	-0.087548	-0.302205	
1	-0.989945	-0.732422	-0.067025	-0.286554	
1	-0.989945	-0.732422	-0.067025	-0.286554	
1	-0.990831	-0.683594	-0.045854	-0.271477	
1	-0.990831	-0.683594	-0.045854	-0.271477	
1	-0.989852	-0.634766	-0.024110	-0.257056	
1	-0.989852	-0.634766	-0.024110	-0.257056	
1	-0.987097	-0.585938	-0.001859	-0.243367	
1	-0.987097	-0.585938	-0.001859	-0.243367	
1	-0.982621	-0.537109	0.020836	-0.230474	
1	-0.982621	-0.537109	0.020836	-0.230474	
1	-0.976562	-0.489131	0.043526	-0.218636	
1	-0.976562	-0.489131	0.043526	-0.218636	
1	-0.976463	-0.488281	0.043915	-0.218443	
1	-0.976463	-0.488281	0.043915	-0.218443	
1	-0.969204	-0.439453	0.066884	-0.207529	
1	-0.969204	-0.439453	0.066884	-0.207529	
1	-0.960389	-0.390625	0.090006	-0.197603	
1	-0.960389	-0.390625	0.090006	-0.197603	
1	-0.949987	-0.341797	0.113226	-0.188708	
1	-0.949987	-0.341797	0.113226	-0.188708	
1	-0.937958	-0.292969	0.136484	-0.180890	
1	-0.937958	-0.292969	0.136484	-0.180890	
1	-0.927734	-0.256313	0.154008	-0.175736	
1	-0.927734	-0.256313	0.154008	-0.175736	
1	-0.924517	-0.244141	0.159488	-0.174256	
1	-0.924517	-0.244141	0.159488	-0.174256	
1	-0.910224	-0.195312	0.181619	-0.168944	
1	-0.910224	-0.195312	0.181619	-0.168944	
1	-0.894265	-0.146484	0.203409	-0.164790	
1	-0.894265	-0.146484	0.203409	-0.164790	
1	-0.878906	-0.103813	0.222080	-0.162134	
1	-0.878906	-0.103813	0.222080	-0.162134	
1	-0.876770	-0.097656	0.224573	-0.161846	
1	-0.876770	-0.097656	0.224573	-0.161846	
1	-0.858682	-0.048828	0.244091	-0.160165	
1	-0.858682	-0.048828	0.244091	-0.160165	
1	-0.838948	0.000000	0.262675	-0.159588	
1	-0.838948	0.000000	0.262675	-0.159588	
1	-0.830078	0.020755	0.270222	-0.159668	
1	-0.830078	0.020755	0.270222	-0.159668	
1	-0.818336	0.048828	0.279434	-0.160039	
1	-0.818336	0.048828	0.279434	-0.160039	
1	-0.796740	0.097656	0.294250	-0.161336	
1	-0.796740	0.097656	0.294250	-0.161336	
1	-0.781250	0.130913	0.303308	-0.162625	
1	-0.781250	0.130913	0.303308	-0.162625	
1	-0.774102	0.146484	0.306971	-0.163270	
1	-0.774102	0.146484	0.306971	-0.163270	
1	-0.750983	0.195312	0.316967	-0.165470	
1	-0.750983	0.195312	0.316967	-0.165470	
1	-0.732422	0.232874	0.323089	-0.167215	
1	-0.732422	0.232874	0.323089	-0.167215	
1	-0.726930	0.244141	0.324491	-0.167670	
1	-0.726930	0.244141	0.324491	-0.167670	
1	-0.702692	0.292969	0.328923	-0.169301	
1	-0.702692	0.292969	0.328923	-0.169301	
1	-0.683594	0.330091	0.330645	-0.170058	
1	-0.683594	0.330091	0.330645	-0.170058	
1	-0.677682	0.341797	0.330738	-0.170103	
1	-0.677682	0.341797	0.330738	-0.170103	
1	-0.652569	0.390625	0.329592	-0.169437	
1	-0.652569	0.390625	0.329592	-0.169437	
1	-0.634766	0.424011	0.327568	-0.168141	
1	-0.634766	0.424011	0.327568	-0.168141	
1	-0.626732	0.439453	0.326091	-0.167125	
1	-0.626732	0.439453	0.326091	-0.167125	
1	-0.600584	0.488281	0.320242	-0.162657	
1	-0.600584	0.488281	0.320242	-0.162657	
1	-0.585938	0.514513	0.316475	-0.159455	
1	-0.585938	0.514513	0.316475	-0.159455	
1	-0.573658	0.537109	0.312599	-0.155923	
1	-0.573658	0.537109	0.312599	-0.155923	
1	-0.545869	0.585938	0.303497	-0.146728	
1	-0.545869	0.585938	0.303497	-0.146728	
1	-0.537109	0.600667	0.300592	-0.143532	
1	-0.537109	0.600667	0.300592	-0.143532	
1	-0.517293	0.634766	0.293227	-0.134860	
1	-0.517293	0.634766	0.293227	-0.134860	
1	-0.488281	0.681541	0.282876	-0.121241	
1	-0.488281	0.681541	0.282876	-0.121241	
1	-0.487032	0.683594	0.282395	-0.120567	
1	-0.487032	0.683594	0.282395	-0.120567	
1	-0.455988	0.732422	0.270995	-0.103377	
1	-0.455988	0.732422	0.270995	-0.103377	
1	-0.439453	0.756836	0.265353	-0.093962	
1	-0.439453	0.756836	0.265353	-0.093962	
1	-0.423012	0.781250	0.259610	-0.083691	
1	-0.423012	0.781250	0.259610	-0.083691	
1	-0.390625	0.826349	0.249314	-0.063298	
1	-0.390625	0.826349	0.249314	-0.063298	
1	-0.387936	0.830078	0.248465	-0.061490	
1	-0.387936	0.830078	0.248465	-0.061490	
1	-0.351105	0.878906	0.237710	-0.036597	
1	-0.351105	0.878906	0.237710	-0.036597	
1	-0.341797	0.890652	0.235229	-0.030260	
1	-0.341797	0.890652	0.235229	-0.030260	
1	-0.311805	0.927734	0.227651	-0.009185	
1	-0.311805	0.927734	0.227651	-0.009185	
1	-0.292969	0.949943	0.223367	0.004102	
1	-0.292969	0.949943	0.223367	0.004102	
1	-0.269645	0.976562	0.218500	0.020733	
1	-0.269645	0.976562	0.218500	0.020733	
1	-0.244141	1.004547	0.213737	0.039042	
1	-0.244141	1.004547	0.213737	0.039042	
1	-0.224261	1.025391	0.210456	0.053199	
1	-0.224261	1.025391	0.210456	0.053199	
1	-0.195312	1.054839	0.206221	0.074071	
1	-0.195312	1.054839	0.206221	0.074071	
1	-0.175109	1.074219	0.203729	0.088281	
1	-0.175109	1.074219	0.203729	0.088281	
1	-0.146484	1.101117	0.200664	0.108806	
1	-0.146484	1.101117	0.200664	0.108806	
1	-0.121398	1.123047	0.198552	0.126101	
1	-0.121398	1.123047	0.198552	0.126101	
1	-0.097656	1.143577	0.196899	0.142910	
1	-0.097656	1.143577	0.196899	0.142910	
1	-0.061995	1.171875	0.195199	0.166899	
1	-0.061995	1.171875	0.195199	0.166899	
1	-0.048828	1.182309	0.194750	0.176056	
1	-0.048828	1.182309	0.194750	0.176056	
1	0.000000	1.217510	0.194031	0.208101	
1	0.000000	1.217510	0.194031	0.208101	
1	0.004903	1.220703	0.194031	0.211109	
1	0.004903	1.220703	0.194031	0.211109	
1	0.048828	1.249749	0.194584	0.239326	
1	0.048828	1.249749	0.194584	0.239326	
1	0.082969	1.269531	0.195602	0.259619	
1	0.082969	1.269531	0.195602	0.259619	
1	0.097656	1.278244	0.196233	0.268793	
1	0.097656	1.278244	0.196233	0.268793	
1	0.146484	1.303698	0.198845	0.297009	
1	0.146484	1.303698	0.198845	0.297009	
1	0.179565	1.318359	0.200988	0.314552	
1	0.179565	1.318359	0.200988	0.314552	
1	0.195312	1.325613	0.202222	0.323390	
1	0.195312	1.325613	0.202222	0.323390	
1	0.244141	1.344518	0.206283	0.348347	
1	0.244141	1.344518	0.206283	0.348347	
1	0.292969	1.359656	0.210768	0.371127	
1	0.292969	1.359656	0.210768	0.371127	
1	0.324999	1.367188	0.213784	0.384560	
1	0.324999	1.367188	0.213784	0.384560	
1	0.341797	1.371378	0.215588	0.392034	
1	0.341797	1.371378	0.215588	0.392034	
1	0.390625	1.379669	0.220621	0.411054	
1	0.390625	1.379669	0.220621	0.411054	
1	0.439453	1.383983	0.225607	0.427731	
1	0.439453	1.383983	0.225607	0.427731	
1	0.488281	1.384115	0.230357	0.441954	
1	0.488281	1.384115	0.230357	0.441954	
1	0.537109	1.379725	0.234640	0.453535	
1	0.537109	1.379725	0.234640	0.453535	
1	0.585938	1.370313	0.238167	0.462203	
1	0.585938	1.370313	0.238167	0.462203	
1	0.596473	1.367188	0.238663	0.463357	
1	0.596473	1.367188	0.238663	0.463357	
1	0.634766	1.355570	0.240710	0.467908	
1	0.634766	1.355570	0.240710	0.467908	
1	0.683594	1.334332	0.241725	0.469999	
1	0.683594	1.334332	0.241725	0.469999	
1	0.711336	1.318359	0.241171	0.468958	
1	0.711336	1.318359	0.241171	0.468958	
1	0.732422	1.305427	0.240628	0.467980	
1	0.732422	1.305427	0.240628	0.467980	
1	0.778412	1.269531	0.236874	0.461622	
1	0.778412	1.269531	0.236874	0.461622	
1	0.781250	1.267102	0.236580	0.461146	
1	0.781250	1.267102	0.236580	0.461146	
1	0.826403	1.220703	0.229018	0.449503	
1	0.826403	1.220703	0.229018	0.449503	
1	0.830078	1.216429	0.228224	0.448338	
1	0.830078	1.216429	0.228224	0.448338	
1	0.863492	1.171875	0.218760	0.435047	
1	0.863492	1.171875	0.218760	0.435047	
1	0.878906	1.147782	0.212989	0.427390	
1	0.878906	1.147782	0.212989	0.427390	
1	0.893253	1.123047	0.206689	0.419344	
1	0.893253	1.123047	0.206689	0.419344	
1	0.917302	1.074219	0.193041	0.402847	
1	0.917302	1.074219	0.193041	0.402847	
1	0.927734	1.048802	0.185292	0.393963	
1	0.927734	1.048802	0.185292	0.393963	
1	0.936846	1.025391	0.178055	0.385944	
1	0.936846	1.025391	0.178055	0.385944	
1	0.952687	0.976562	0.161908	0.368902	
1	0.952687	0.976562	0.161908	0.368902	
1	0.965195	0.927734	0.144648	0.351830	
1	0.965195	0.927734	0.144648	0.351830	
1	0.974781	0.878906	0.126373	0.334883	
1	0.974781	0.878906	0.126373	0.334883	
1	0.976562	0.866882	0.121639	0.330666	
1	0.976562	0.866882	0.121639	0.330666	
1	0.982059	0.830078	0.107344	0.318336	
1	0.982059	0.830078	0.107344	0.318336	
1	0.987075	0.781250	0.087548	0.302205	
1	0.987075	0.781250	0.087548	0.302205	
1	0.989945	0.732422	0.067025	0.286554	
1	0.989945	0.732422	0.067025	0.286554	
1	0.990831	0.683594	0.045854	0.271477	
1	0.990831	0.683594	0.045854	0.271477	
1	0.989852	0.634766	0.024110	0.257056	
1	0.989852	0.634766	0.024110	0.257056	
1	0.987097	0.585938	0.001859	0.243367	
1	0.987097	0.585938	0.001859	0.243367	
1	0.982621	0.537109	-0.020836	0.230474	
1	0.982621	0.537109	-0.020836	0.230474	
1	0.976562	0.489131	-0.043526	0.218636	
1	0.976562	0.489131	-0.043526	0.218636	
1	0.976463	0.488281	-0.043915	0.218443	
1	0.976463	0.488281	-0.043915	0.218443	
1	0.969204	0.439453	-0.066884	0.207529	
1	0.969204	0.439453	-0.066884	0.207529	
1	0.960389	0.390625	-0.090006	0.197603	
1	0.960389	0.390625	-0.090006	0.197603	
1	0.949987	0.341797	-0.113226	0.188708	
1	0.949987	0.341797	-0.113226	0.188708	
1	0.937958	0.292969	-0.136484	0.180890	
1	0.937958	0.292969	-0.136484	0.180890	
1	0.927734	0.256313	-0.154008	0.175736	
1	0.927734	0.256313	-0.154008	0.175736	
1	0.924517	0.244141	-0.159488	0.174256	
1	0.924517	0.244141	-0.159488	0.174256	
1	0.910224	0.195312	-0.181619	0.168944	
1	0.910224	0.195312	-0.181619	0.168944	
1	0.894265	0.146484	-0.203409	0.164790	
1	0.894265	0.146484	-0.203409	0.164790	
1	0.878906	0.103813	-0.222080	0.162134	
1	0.878906	0.103813	-0.222080	0.162134	
1	0.876770	0.097656	-0.224573	0.161846	
1	0.876770	0.097656	-0.224573	0.161846	
1	0.858682	0.048828	-0.244091	0.160165	
1	0.858682	0.048828	-0.244091	0.160165	
1	0.838948	0.000000	-0.262675	0.159588	
1	0.838948	0.000000	-0.262675	0.159588	
1	0.830078	-0.020755	-0.270222	0.159668	
1	0.830078	-0.020755	-0.270222	0.159668	
1	0.818336	-0.048828	-0.279434	0.160039	
1	0.818336	-0.048828	-0.279434	0.160039	
1	0.796740	-0.097656	-0.294250	0.161336	
1	0.796740	-0.097656	-0.294250	0.161336	
1	0.781250	-0.130913	-0.303308	0.162625	
1	0.781250	-0.130913	-0.303308	0.162625	
1	0.774102	-0.146484	-0.306971	0.163270	
1	0.774102	-0.146484	-0.306971	0.163270	
1	0.750983	-0.195312	-0.316967	0.165470	
1	0.750983	-0.195312	-0.316967	0.165470	
1	0.732422	-0.232874	-0.323089	0.167215	
1	0.732422	-0.232874	-0.323089	0.167215	
1	0.726930	-0.244141	-0.324491	0.167670	
1	0.726930	-0.244141	-0.324491	0.167670	
1	0.702692	-0.292969	-0.328923	0.169301	
1	0.702692	-0.292969	-0.328923	0.169301	
1	0.683594	-0.330091	-0.330645	0.170058	
1	0.683594	-0.330091	-0.330645	0.170058	
1	0.677682	-0.341797	-0.330738	0.170103	
1	0.677682	-0.341797	-0.330738	0.170103	
1	0.652569	-0.390625	-0.329592	0.169437	
1	0.652569	-0.390625	-0.329592	0.169437	
1	0.634766	-0.424011	-0.327568	0.168141	
1	0.634766	-0.424011	-0.327568	0.168141	
1	0.626732	-0.439453	-0.326091	0.167125	
1	0.626732	-0.439453	-0.326091	0.167125	
1	0.600584	-0.488281	-0.320242	0.162657	
1	0.600584	-0.488281	-0.320242	0.162657	
1	0.585938	-0.514513	-0.316475	0.159455	
1	0.585938	-0.514513	-0.316475	0.159455	
1	0.573658	-0.537109	-0.312599	0.155923	
1	0.573658	-0.537109	-0.312599	0.155923	
1	0.545869	-0.585938	-0.303497	0.146728	
1	0.545869	-0.585938	-0.303497	0.146728	
1	0.537109	-0.600667	-0.300592	0.143532	
1	0.537109	-0.600667	-0.300592	0.143532	
1	0.517293	-0.634766	-0.293227	0.134860	
1	0.517293	-0.634766	-0.293227	0.134860	
1	0.488281	-0.681541	-0.282876	0.121241	
1	0.488281	-0.681541	-0.282876	0.121241	
1	0.487032	-0.683594	-0.282395	0.120567	
1	0.487032	-0.683594	-0.282395	0.120567	
1	0.455988	-0.732422	-0.270995	0.103377	
1	0.455988	-0.732422	-0.270995	0.103377	
1	0.439453	-0.756836	-0.265353	0.093962	
1	0.439453	-0.756836	-0.265353	0.093962	
1	0.423012	-0.781250	-0.259610	0.083691	
1	0.423012	-0.781250	-0.259610	0.083691	
1	0.390625	-0.826349	-0.249314	0.063298	
1	0.390625	-0.826349	-0.249314	0.063298	
1	0.387936	-0.830078	-0.248465	0.061490	
1	0.387936	-0.830078	-0.248465	0.061490	
1	0.351105	-0.878906	-0.237710	0.036597	
1	0.351105	-0.878906	-0.237710	0.036597	
1	0.341797	-0.890652	-0.235229	0.030260	
1	0.341797	-0.890652	-0.235229	0.030260	
1	0.311805	-0.927734	-0.227651	0.009185	
1	0.311805	-0.927734	-0.227651	0.009185	
1	0.292969	-0.949943	-0.223367	-0.004102	
1	0.292969	-0.949943	-0.223367	-0.004102	
1	0.269645	-0.976562	-0.218500	-0.020733	
1	0.269645	-0.976562	-0.218500	-0.020733	
1	0.244141	-1.004547	-0.213737	-0.039042	
1	0.244141	-1.004547	-0.213737	-0.039042	
1	0.224261	-1.025391	-0.210456	-0.053199	
1	0.224261	-1.025391	-0.210456	-0.053199	
1	0.195312	-1.054839	-0.206221	-0.074071	
1	0.195312	-1.054839	-0.206221	-0.074071	
1	0.175109	-1.074219	-0.203729	-0.088281	
1	0.175109	-1.074219	-0.203729	-0.088281	
1	0.146484	-1.101117	-0.200664	-0.108806	
1	0.146484	-1.101117	-0.200664	-0.108806	
1	0.121398	-1.123047	-0.198552	-0.126101	
1	0.121398	-1.123047	-0.198552	-0.126101	
1	0.097656	-1.143577	-0.196899	-0.142910	
1	0.097656	-1.143577	-0.196899	-0.142910	
1	0.061995	-1.171875	-0.195199	-0.166899	
1	0.061995	-1.171875	-0.195199	-0.166899	
1	0.048828	-1.182309	-0.194750	-0.176056	
1	0.048828	-1.182309	-0.194750	-0.176056	
1	0.000000	-1.217510	-0.194031	-0.208101	
1	0.000000	-1.217510	-0.194031	-0.208101	
1	-0.004903	-1.220703	-0.194031	-0.211109	
1	-0.004903	-1.220703	-0.194031	-0.211109	
1	-0.048828	-1.249749	-0.194584	-0.239326	
1	-0.048828	-1.249749	-0.194584	-0.239326	
1	-0.082969	-1.269531	-0.195602	-0.259619	
1	-0.082969	-1.269531	-0.195602	-0.259619	
1	-0.097656	-1.278244	-0.196233	-0.268793	
1	-0.097656	-1.278244	-0.196233	-0.268793	
1	-0.146484	-1.303698	-0.198845	-0.297009	
1	-0.146484	-1.303698	-0.198845	-0.297009	
1	-0.179565	-1.318359	-0.200988	-0.314552	
1	-0.179565	-1.318359	-0.200988	-0.314552	
1	-0.195312	-1.325613	-0.202222	-0.323390	
1	-0.195312	-1.325613	-0.202222	-0.323390	
1	-0.244141	-1.344518	-0.206283	-0.348347	
1	-0.244141	-1.344518	-0.206283	-0.348347	
1	-0.292969	-1.359656	-0.210768	-0.371127	
1	-0.292969	-1.359656	-0.210768	-0.371127	
1	-0.324999	-1.367188	-0.213784	-0.384560	
1	-0.324999	-1.367188	-0.213784	-0.384560	
1	-0.341797	-1.371378	-0.215588	-0.392034	
1	-0.341797	-1.371378	-0.215588	-0.392034	
1	-0.390625	-1.379669	-0.220621	-0.411054	
1	-0.390625	-1.379669	-0.220621	-0.411054	
1	-0.439453	-1.383983	-0.225607	-0.427731	
1	-0.439453	-1.383983	-0.225607	-0.427731	
1	-0.488281	-1.384115	-0.230357	-0.441954	
1	-0.488281	-1.384115	-0.230357	-0.441954	
1	-0.537109	-1.379725	-0.234640	-0.453535	
1	-0.537109	-1.379725	-0.234640	-0.453535	
1	-0.585938	-1.370313	-0.238167	-0.462203	
1	-0.585938	-1.370313	-0.238167	-0.462203	
1	-0.596473	-1.367188	-0.238663	-0.463357	
1	-0.596473	-1.367188	-0.238663	-0.463357	
1	-0.634766	-1.355570	-0.240710	-0.467908	
1	-0.634766	-1.355570	-0.240710	-0.467908	
1	-0.683594	-1.334332	-0.241725	-0.469999	
1	-0.683594	-1.334332	-0.241725	-0.469999	
1	-0.711336	-1.318359	-0.241171	-0.468958	
1	-0.711336	-1.318359	-0.241171	-0.468958	
1	-0.732422	-1.305427	-0.240628	-0.467980	
1	-0.732422	-1.305427	-0.240628	-0.467980	
1	-0.778412	-1.269531	-0.236874	-0.461622	
1	-0.778412	-1.269531	-0.236874	-0.461622	
1	-0.781250	-1.267102	-0.236580	-0.461146	
