#REFERENCE 3 99.7096370 -53.9831290
2.3 -0.209 -0.039 0.077 0.006 110.69 4.500 3.01 -1.323 0.317 1.05 1.96
2.3 -0.209 -0.039 0.077 0.006 110.69 4.500 3.01 0.043 0.025 -3.08 6.09
2.3 -0.209 -0.039 0.077 0.006 110.69 4.500 3.01 0.511 0.559 0.50 2.50
2.3 -0.209 -0.039 0.077 0.006 110.69 4.500 3.01 0.124 -1.027 2.89 0.12
2.3 -0.209 -0.039 0.077 0.006 110.69 4.500 3.01 0.364 -0.969 3.01 -0.00
2.1 -0.236 -0.041 0.122 0.051 167.14 4.500 1.02 0.512 0.526 0.49 0.53
2.1 -0.236 -0.041 0.122 0.051 167.14 4.500 1.02 0.049 0.028 -3.01 4.02
2.1 -0.236 -0.041 0.122 0.051 167.14 4.500 1.02 -1.354 0.303 1.02 -0.00
2.2 -0.155 -0.066 0.094 0.091 53.42 4.500 0.43 0.614 -0.899 1.81 -1.37
2.2 -0.155 -0.066 0.094 0.091 53.42 4.500 0.43 -0.192 -1.043 1.50 -1.07
2.2 -0.155 -0.066 0.094 0.091 53.42 4.500 0.43 -1.272 0.266 1.14 -0.70
2.2 -0.155 -0.066 0.094 0.091 53.42 4.500 0.43 0.034 0.029 -3.16 3.59
2.2 -0.155 -0.066 0.094 0.091 53.42 4.500 0.43 0.462 0.620 0.43 -0.00
