1 -7278.559576 0.317002 45.907912 8.116670 30.592965 0.526912 -36.877279 1.416851 306.842211 0.545262 -41.379730 3.372114 37.225352 0.000000
1 -7297.810839 0.169766 -82.840790 3.782491 354.742873 0.098347 18.418721 3.972423 243.169091 0.202668 -30.387306 3.780959 268.778313 0.000000
1 -7276.803980 0.642875 81.474543 12.115010 119.107616 0.630784 31.083015 11.215918 481.930260 0.136252 -62.369331 8.556269 393.493978 0.000000
1 -7276.606144 0.459533 -88.973513 2.301602 12.567382 0.008264 -29.487305 4.926337 289.641851 0.441403 58.093645 9.859994 206.807964 0.000000
1 -5501.878521 0.717909 -11.338702 6.127138 323.888704 0.481654 6.733950 4.870049 455.914599 0.691809 -52.544407 5.893048 35.749336 0.000000
1 -7277.389439 0.122386 65.394649 6.416854 67.451668 0.492113 -82.449095 4.259499 272.039503 0.103614 -39.508953 8.120406 348.883632 0.000000
1 -7278.077469 0.013279 63.894566 7.506884 22.065407 0.358770 49.229673 0.730132 203.452770 0.129336 57.498330 0.195171 194.627009 0.000000
1 -7277.193073 0.734000 -48.661126 2.306421 246.265622 0.521147 80.229274 7.065757 197.843877 0.217158 24.772884 11.569763 188.101504 0.000000
1 -5495.998346 0.254162 -69.635642 8.692983 470.936600 0.117588 -43.681179 2.949568 179.698621 0.139486 -9.222913 3.558289 417.875661 0.000000
1 -3623.610979 0.791867 -21.102586 6.610436 477.677180 0.760777 66.537013 10.949638 194.789946 0.407435 -35.050445 9.945525 472.388713 0.000000
1 -7278.227446 0.133621 73.143482 9.818025 486.062724 0.754527 -84.801272 0.388387 182.075376 0.785965 -34.655690 2.102377 33.171242 -1.598792
1 -7277.491845 0.788389 -72.345974 8.394573 73.270056 0.618946 -21.913610 11.781195 73.501146 0.208925 -2.257884 1.555524 282.112646 -1.598792
1 -5653.910323 0.155715 -18.370814 3.937510 496.228947 0.031312 -56.216265 6.433521 26.788762 0.130568 18.177931 11.527398 388.632540 -1.598792
1 -3666.939202 0.300592 41.917444 0.529354 294.379413 0.414521 -49.323415 11.168144 436.416179 0.422752 78.893940 2.064514 373.333618 -1.598792
1 -7276.561195 0.732431 -25.274861 10.578513 78.233384 0.252598 78.105296 12.009591 463.509198 0.011268 -3.943979 10.002501 146.143495 -1.598792
1 -7277.682877 0.615412 41.911743 5.321338 425.605061 0.606267 79.551789 10.625178 172.575716 0.599572 66.996675 7.921518 102.314928 -1.598792
1 -7281.227584 0.592768 67.078387 9.796284 88.785493 0.750757 71.387193 1.159455 422.858938 0.069399 28.814292 7.687456 153.041288 -1.598792
1 -7284.601089 0.536700 -23.238964 2.402405 161.306686 0.524612 50.682463 6.863478 136.925092 0.022286 29.091598 0.186735 291.844540 -1.598792
1 -7276.626409 0.691593 57.532232 8.863801 388.569096 0.750528 88.261539 4.048381 107.162205 0.013957 7.582841 2.017554 95.618039 -1.598792
1 -5461.218992 0.599973 60.612734 2.926797 331.466111 0.292628 50.978527 9.381564 341.531507 0.656075 -49.717148 11.553503 418.819561 -1.598792
1 -4131.383652 0.163314 43.344144 6.299437 318.229161 0.363045 -68.344133 3.405531 443.918186 0.480981 -44.699364 6.871219 492.577226 -3.145640
1 -7276.586457 0.604416 -52.452837 8.302703 450.981956 0.259646 -24.339583 11.652803 58.057728 0.582700 38.604844 6.727829 91.073739 -3.145640
1 -7276.736263 0.349957 14.451204 11.827801 224.662981 0.254371 54.299402 1.186105 71.212114 0.197605 1.839364 10.336675 446.526790 -3.145640
1 -3904.588007 0.602392 -30.447101 1.970831 475.025033 0.211774 10.082566 10.847022 443.074741 0.624046 16.996515 11.140219 304.214528 -3.145640
1 -3622.217525 0.284655 -43.344907 2.439081 386.652334 0.515353 -9.371637 3.423199 256.913393 0.105798 -45.308995 9.717323 122.245200 -3.145640
1 -3666.939202 0.300592 41.917444 0.529354 294.379413 0.414521 -49.323415 11.168144 436.416179 0.422752 78.893940 2.064514 373.333618 -3.145640
1 -5673.892558 0.089139 -76.573984 1.978364 334.723425 0.471156 48.064466 9.558144 363.497128 0.322311 -30.256875 5.905608 422.182602 -3.145640
1 -5635.845183 0.767597 -39.102687 1.168568 460.260300 0.685525 -84.205423 0.328823 179.517542 0.211992 27.131988 7.862515 107.293708 -3.145640
1 -7278.425854 0.236816 7.664557 3.964652 78.656210 0.099008 45.868489 3.501488 312.088731 0.497942 -27.430989 6.404256 332.166189 -3.145640
1 -6145.365685 0.098835 -66.388059 0.966959 406.572784 0.545569 53.163666 0.008345 319.729024 0.431070 -60.709062 7.657119 180.915735 -3.145640
1 -7289.223556 0.093497 4.506492 5.678017 157.067126 0.355237 57.620447 8.071194 304.923609 0.388212 -42.080054 2.258292 360.765174 -4.301631
1 -4532.273071 0.097433 9.451066 0.572101 353.368317 0.084731 -11.183832 6.034655 422.656097 0.508121 19.269413 0.474184 410.141854 -4.301631
1 -7276.542991 0.620640 -45.257834 12.108791 62.636764 0.550824 78.010050 8.114578 29.558723 0.036168 -20.811895 2.730619 49.324874 -4.301631
1 -3818.201821 0.448690 -9.642251 4.827062 494.501861 0.103853 78.472506 9.286464 232.343989 0.713844 53.948696 5.474142 351.694892 -4.301631
1 -3872.846524 0.765669 84.911327 1.096801 436.817471 0.789461 -57.689626 2.205731 253.608022 0.479539 -40.761140 8.763538 120.961668 -4.301631
1 -4482.263865 0.064291 67.885266 0.622013 489.327270 0.517104 -34.611303 8.264491 220.790716 0.623447 -49.183345 0.068210 379.560401 -4.301631
1 -5456.361262 0.574569 30.174243 5.215984 391.727937 0.389004 -71.098890 3.441533 362.416896 0.275993 14.950944 8.269885 183.833906 -4.301631
1 -3632.704243 0.626572 -63.200963 4.031404 372.252012 0.162383 -59.746344 11.778608 392.304838 0.773045 4.356944 4.753563 318.843900 -4.301631
1 -7276.648212 0.313881 46.981522 1.447211 76.517033 0.231501 43.832144 0.320123 115.068695 0.691104 -26.730248 8.628737 51.908737 -4.301631
1 -3812.121066 0.023514 12.122936 2.206574 429.094255 0.518836 -75.747396 8.604642 306.301568 0.379795 79.015017 2.085059 374.576739 -4.301631
1 -5442.554445 0.097338 81.691067 0.906771 181.119059 0.675422 80.159374 4.338786 394.386632 0.444675 47.905163 2.038840 282.122521 -5.344977
1 -5456.617123 0.674470 86.022959 7.412106 420.013805 0.396488 49.597440 6.218624 256.804964 0.669877 -37.746900 7.579548 477.036245 -5.344977
1 -7276.542874 0.615261 -47.919078 12.073905 58.276339 0.559125 77.503261 8.139753 34.326697 0.012178 -24.776516 2.872193 45.090095 -5.344977
1 -7276.732806 0.309103 1.682739 7.598330 430.527912 0.747469 29.221775 2.899878 100.327714 0.478298 -33.990546 3.050308 70.664491 -5.344977
1 -7285.227044 0.186527 74.536621 11.563896 394.441332 0.543051 -78.545372 12.118959 21.573740 0.197384 -13.406768 3.031566 398.505653 -5.344977
1 -3767.610916 0.073905 -81.073791 0.763406 194.523053 0.540822 -22.921744 9.239936 321.681181 0.340723 -79.688043 1.196320 361.855743 -5.344977
1 -6091.673910 0.701456 50.214739 0.087323 400.358767 0.305669 -55.931491 3.336122 312.074246 0.668519 -16.551167 11.747668 488.242871 -5.344977
1 -2071.695903 0.506836 65.276718 1.605750 277.430273 0.538696 3.860440 0.184738 269.129016 0.699744 89.098786 2.748747 308.520976 -5.344977
1 -2057.128530 0.455759 -10.382986 4.931029 495.529709 0.097580 78.783066 9.300456 219.876431 0.705806 56.004164 5.554999 356.041349 -5.344977
1 -5428.576142 0.723289 -0.750438 1.744685 307.263901 0.768241 27.295226 2.340242 474.968003 0.064504 -63.273495 11.612794 118.361809 -5.344977
1 -3636.613086 0.591568 -57.674916 3.970349 425.041733 0.415958 31.637262 8.454588 90.208440 0.771867 -23.903546 9.493391 425.529843 -6.110304
1 -5513.405182 0.156940 -50.530496 7.884150 452.960861 0.774686 37.348133 10.211931 211.468687 0.604435 28.641351 5.133084 480.330179 -6.110304
1 -5573.723912 0.729537 -37.218106 9.934216 104.094137 0.367073 31.042310 7.282062 426.538042 0.386313 67.848938 4.296436 485.521772 -6.110304
1 -7276.780614 0.205545 28.841143 9.328325 433.000770 0.704684 10.305699 3.372557 157.402980 0.355506 -14.367701 1.379226 58.074580 -6.110304
1 -3663.671520 0.715067 68.676577 7.147690 258.083100 0.483065 13.303696 1.487599 289.623989 0.508726 64.503570 3.532128 385.134499 -6.110304
1 -3762.252730 0.034000 -76.137450 0.530286 179.759964 0.605503 -25.357089 8.959947 346.079869 0.313735 89.343715 0.977648 352.414485 -6.110304
1 -83.334507 0.425354 -4.714723 4.846879 494.551951 0.095668 77.450879 9.244087 219.534408 0.712928 55.621661 5.665729 360.287132 -6.110304
1 -3784.098398 0.119103 66.439618 11.862897 436.346525 0.220328 -54.675362 10.603812 350.668199 0.210674 65.788401 1.861754 368.103198 -6.110304
1 -3630.432744 0.724169 32.521238 1.601944 435.510005 0.211448 49.113829 3.488603 55.199684 0.346553 50.289819 7.079654 449.222548 -6.110304
1 -3623.133028 0.091555 34.669642 2.803409 360.791068 0.687904 56.556342 6.745068 442.556518 0.459491 -44.099946 3.559240 269.873592 -6.110304
1 -5448.137938 0.685607 -86.976334 4.269501 354.109580 0.243680 87.077325 5.941562 462.907735 0.001296 -18.015480 8.934698 197.518394 -6.631570
1 -1850.466299 0.402446 -0.833771 4.776268 498.010702 0.111410 77.838576 9.353935 204.612453 0.710384 54.883715 5.176609 359.792075 -6.631570
1 -3838.452904 0.381805 -19.987000 8.153441 77.921397 0.359769 6.560796 4.914153 363.840770 0.223955 -61.002966 1.882739 410.579401 -6.631570
1 -3623.259762 0.230763 6.935086 11.438110 115.927892 0.687341 -46.045701 3.389949 464.669067 0.501327 -26.281428 6.019012 101.527763 -6.631570
1 -3693.378269 0.340079 -57.214454 6.728460 214.498609 0.493034 -44.948376 1.446097 325.836603 0.749580 69.953585 5.093809 327.465373 -6.631570
1 -3622.852876 0.277339 -77.459110 6.797001 183.081476 0.486350 -16.815837 7.544431 437.763993 0.318803 -75.069182 8.938786 484.484334 -6.631570
1 -85.972304 0.416993 -5.020716 4.772450 498.866065 0.101060 75.307557 9.310739 210.846427 0.704024 56.877928 5.633371 357.900382 -6.631570
1 -3638.442349 0.777300 -42.501683 5.957635 495.276286 0.311889 48.012005 9.285674 360.384659 0.378865 -17.923765 12.000064 351.741799 -6.631570
1 -2045.742944 0.648946 14.773270 6.802634 383.368817 0.304154 54.225321 2.475816 370.165399 0.238911 83.255407 0.193953 293.877769 -6.631570
1 -3659.621921 0.101170 33.295982 2.903493 406.063021 0.215260 75.254226 7.052417 100.405715 0.497047 -83.199757 4.418527 276.641317 -6.631570
1 -2048.870927 0.064893 -45.543631 7.229711 380.510312 0.312356 63.165897 3.367609 357.736044 0.736909 42.024372 5.045998 483.259063 -7.093656
1 -3681.857892 0.624295 75.316017 11.167827 462.346800 0.158194 -6.700258 2.282012 252.073417 0.584324 -27.054242 6.521259 498.706777 -7.093656
1 -3973.055127 0.384385 -29.192287 8.848432 91.373778 0.320799 10.088926 5.052636 376.061636 0.223434 -68.275799 1.655053 423.651440 -7.093656
1 -1922.510532 0.206281 15.859324 4.242524 476.764840 0.260037 -79.369016 8.508102 104.253701 0.457559 64.220073 0.244666 314.453112 -7.093656
1 -3674.876632 0.124473 10.235722 0.192066 326.191784 0.526199 -76.645500 6.320582 111.364938 0.438365 86.607834 5.341060 14.246148 -7.093656
1 -3626.211666 0.672296 -24.798876 11.216516 448.895905 0.008618 -75.949419 2.761203 311.172374 0.362948 30.636644 1.807644 269.969728 -7.093656
1 -102.451574 0.386839 -33.260586 6.308443 477.497804 0.024417 -52.704481 6.381712 228.843177 0.593080 41.802521 5.713895 413.984856 -7.093656
1 -2163.139691 0.274643 59.828220 1.874139 15.034277 0.705804 -38.345944 0.894087 349.136292 0.270600 59.411230 3.014170 469.852553 -7.093656
1 -2368.395862 0.346163 36.475454 9.498385 440.009887 0.334981 60.862083 5.163631 454.935660 0.441467 84.650060 1.337706 446.552071 -7.093656
1 -5478.993040 0.567984 89.031701 3.152616 423.453176 0.319109 43.092343 12.033256 104.108997 0.525528 -83.159952 1.370360 279.166779 -7.093656
1 -2594.842957 0.025365 -16.056085 7.009596 302.638055 0.312654 56.788094 2.017621 418.798133 0.611226 40.659904 4.291757 466.614748 -7.403606
1 -3943.787733 0.626339 80.796459 11.583871 420.662815 0.222424 0.717564 2.039265 281.401183 0.521169 -40.056486 6.115815 499.400665 -7.403606
1 -3872.292898 0.593897 -41.895622 7.049109 99.624475 0.337132 11.052207 4.656043 370.367771 0.150206 -58.819183 0.751378 372.844633 -7.403606
1 -305.876683 0.210138 12.173929 3.527312 477.798746 0.235710 -80.813877 8.567896 93.887524 0.453019 64.660293 0.500209 319.709086 -7.403606
1 -214.337600 0.377137 -37.223484 6.234128 473.347447 0.031365 -52.012536 6.102219 228.727100 0.600541 45.299166 5.824684 414.638005 -7.403606
1 -2265.759076 0.460218 24.821664 9.531202 242.306581 0.604023 -11.626494 4.208122 490.017089 0.068595 -53.896735 3.860315 412.558205 -7.403606
1 -122.048290 0.349841 -35.257539 6.228576 468.509967 0.015599 -50.608866 6.436590 228.165235 0.590007 41.423961 5.462987 417.519394 -7.403606
1 -598.340686 0.220279 29.965938 10.479193 194.717984 0.158799 81.092350 1.257430 318.812822 0.350059 -80.292542 1.699502 497.431780 -7.403606
1 -2586.005400 0.379541 46.945344 8.563062 419.569201 0.264999 38.849752 5.955942 449.703254 0.446922 -81.446087 1.543562 455.535081 -7.403606
1 -4674.902879 0.693929 85.673581 1.962758 487.191489 0.300940 38.932421 3.672764 361.061280 0.622254 80.163037 4.224747 346.148973 -7.403606
1 -1870.650418 0.412421 -39.090419 7.685386 471.864825 0.071326 -46.605030 6.545668 294.970592 0.424828 42.355916 5.673331 430.287652 -7.625042
1 -3952.735771 0.458882 87.220056 2.365807 245.718681 0.025560 42.140772 2.125038 349.004815 0.082940 22.300665 1.509682 387.877559 -7.625042
1 -1853.980509 0.103962 24.220625 3.492210 374.847235 0.793382 30.980319 10.163071 492.949013 0.076439 -8.620691 5.656865 359.692492 -7.625042
1 -374.708201 0.249169 10.154479 3.836108 487.315473 0.234876 -85.601554 8.925625 112.410640 0.469354 61.327663 0.445779 312.536691 -7.625042
1 -101.683863 0.383862 -30.640199 6.888680 474.505517 0.039967 -51.797755 5.957779 214.131629 0.580754 48.024450 5.352257 426.606576 -7.625042
1 -487.897714 0.415219 35.228494 9.958086 230.821143 0.678570 -3.113948 4.135087 499.978546 0.003371 -66.320681 4.198115 414.945318 -7.625042
1 -122.345367 0.335910 -32.484335 6.043219 464.168553 0.047719 -47.184021 6.599394 236.947585 0.574433 39.129811 5.462809 414.398572 -7.625042
1 -532.469471 0.219660 31.066817 10.356558 193.120306 0.157888 82.245861 1.223061 321.052881 0.352775 -79.265921 1.707112 498.973278 -7.625042
1 -3918.131755 0.710701 -8.747599 5.550681 211.211061 0.749446 -18.908955 10.212428 275.373728 0.616468 66.349082 1.441375 456.857842 -7.625042
1 -3714.120934 0.716185 12.494419 1.534808 357.853741 0.313626 56.987579 5.412101 207.067825 0.596532 36.376960 5.009045 301.727600 -7.625042
1 -1872.454035 0.433094 -39.679919 7.371248 478.412890 0.078382 -47.424095 6.686010 291.081160 0.434055 46.683830 5.767428 422.815526 -7.842605
1 -1996.266026 0.431472 32.222819 7.885101 246.859956 0.043717 37.130192 3.128977 485.006824 0.029505 -21.878954 1.149341 379.439469 -7.842605
1 -2341.307731 0.671814 3.878183 10.170160 493.680900 0.648934 -55.558914 3.072958 376.931142 0.689207 61.309463 9.352543 485.212336 -7.842605
1 -314.312276 0.249588 11.171012 3.874076 483.326575 0.245090 -84.826644 8.895538 116.615333 0.461126 59.560895 0.424956 312.355053 -7.842605
1 -94.293056 0.399631 -26.716219 7.476741 476.803167 0.053399 -55.529578 6.238543 217.740268 0.553565 48.956105 5.459295 435.668889 -7.842605
1 -472.793898 0.429971 37.138585 9.852699 217.249917 0.690484 -0.383981 4.244145 499.621351 0.004648 -65.052886 4.026363 421.051384 -7.842605
1 -1933.493900 0.368761 -21.566001 6.846272 451.505990 0.100054 -44.121393 6.836451 243.174142 0.590465 35.402136 5.546377 446.389050 -7.842605
1 -543.522746 0.235516 29.602686 9.845157 182.630352 0.194426 79.554583 1.143237 298.855685 0.310385 -64.718319 2.257879 474.463380 -7.842605
1 -3676.276342 0.758399 62.611575 3.612806 149.260961 0.079523 89.389812 2.181618 401.449092 0.489295 68.711237 3.190459 429.912624 -7.842605
1 -3910.410840 0.663133 44.964330 0.870576 446.242760 0.178220 65.356419 6.979776 214.554682 0.499182 20.942233 8.472538 216.202555 -7.842605
1 -141.486970 0.460939 -36.867345 6.795210 479.163959 0.066633 -34.611763 6.971871 284.994895 0.477218 52.623194 5.859036 418.859039 -8.032078
1 -1955.641385 0.754790 9.070066 2.955954 374.497907 0.480415 46.777279 6.922616 258.348798 0.277848 82.008973 2.151995 395.374112 -8.032078
1 -3622.299226 0.666693 -36.723148 0.307562 115.859194 0.522517 -40.525400 1.322727 353.917429 0.703365 7.722773 7.102561 295.899476 -8.032078
1 -301.583822 0.248440 10.877370 3.863021 483.108769 0.246222 -83.720516 8.945657 116.291559 0.463860 58.930384 0.397538 313.013614 -8.032078
1 -29.463794 0.409231 -12.525275 7.346310 472.017713 0.098674 -86.930368 5.208004 250.124131 0.493197 57.859332 6.565892 415.176078 -8.032078
1 -360.767853 0.443870 34.852339 8.197843 170.358059 0.232831 7.680822 2.161092 422.825846 0.785264 -46.601016 0.840715 399.303874 -8.032078
1 -23.425747 0.408627 -25.485486 6.645966 451.487868 0.130911 -49.429582 7.211426 234.808154 0.631876 43.721283 6.015295 448.859204 -8.032078
1 -531.540686 0.244599 30.589471 10.171394 216.703537 0.174206 77.224939 1.237569 244.126380 0.314667 -59.423443 1.965796 467.516967 -8.032078
1 -3640.939779 0.740927 -17.575938 10.606946 230.370657 0.575072 -40.083992 1.148302 420.870528 0.394381 27.011962 2.966402 150.301770 -8.032078
1 -3630.006925 0.757298 42.899083 1.908298 455.813562 0.228257 64.792695 5.963233 272.425200 0.575386 27.358738 10.734653 157.698956 -8.032078
1 -83.108884 0.478031 -35.061232 7.293951 477.694404 0.046554 -26.084525 6.674573 293.611957 0.481652 56.249787 5.953498 414.532267 -8.148402
1 -390.232564 0.112841 0.028430 1.165831 352.913517 0.713880 -80.804285 8.182864 101.263816 0.004006 -82.373707 2.000231 466.212275 -8.148402
1 -3625.765608 0.661374 -25.370724 5.711683 476.433225 0.655622 -4.319093 12.060137 377.893446 0.535452 62.368361 11.147770 276.248384 -8.148402
1 -327.738221 0.281193 10.171270 4.042811 488.570857 0.295182 86.952130 9.300387 110.662395 0.433069 58.179292 0.567798 331.428513 -8.148402
1 -50.268565 0.418356 -11.745431 7.703533 490.914620 0.100805 -87.440752 5.375841 257.047344 0.530836 59.380504 6.546353 412.258016 -8.148402
1 -178.322008 0.443407 36.276046 8.401216 149.744785 0.246656 18.312278 1.887784 426.162820 0.769309 -53.191373 0.640884 404.654718 -8.148402
1 -110.673670 0.426745 -28.256711 6.824129 448.597909 0.149280 -48.432649 7.213962 241.173774 0.603047 45.699119 6.270061 450.206836 -8.148402
1 -535.080198 0.226766 27.246481 10.250523 211.627907 0.149823 80.891444 1.616879 281.852264 0.290390 -57.874251 2.841287 493.416099 -8.148402
1 -3634.774860 0.629050 42.658018 0.788226 392.135716 0.180143 43.939773 9.264020 208.477282 0.526931 43.605838 1.473143 338.795867 -8.148402
1 -168.509537 0.477043 -32.415204 6.797462 471.398223 0.078969 -33.555571 7.035225 284.379921 0.465835 51.054958 5.672058 418.771680 -8.148402
1 -88.697651 0.485604 -33.420298 7.357678 476.802946 0.049964 -26.950586 6.582378 291.692374 0.476958 55.788404 5.925220 418.765267 -8.310867
1 -360.470784 0.133774 -4.667776 1.338307 339.280576 0.683796 -87.263198 7.834433 114.742838 0.012850 -78.685663 2.488008 473.798883 -8.310867
1 -1913.678633 0.426351 61.518932 2.219879 395.688870 0.776425 -28.922219 11.191652 178.361829 0.382979 -10.063856 10.732171 310.998928 -8.310867
1 -358.932350 0.296094 11.632219 3.512983 466.734197 0.310697 72.559162 9.656476 123.181276 0.438877 60.321055 0.278193 329.337161 -8.310867
1 -46.633695 0.426344 -15.589825 7.650871 479.052192 0.108711 -82.620358 5.233119 256.546663 0.606499 55.280047 6.552582 419.007236 -8.310867
1 -372.207906 0.486439 40.808920 9.251373 146.750274 0.245415 20.273219 2.079510 418.310938 0.724331 -42.232442 1.685215 434.086544 -8.310867
1 -23.028893 0.446843 -24.427077 6.190316 438.138177 0.159921 -45.762966 8.156885 245.173288 0.586468 46.860762 6.564861 453.285027 -8.310867
1 -529.420854 0.249006 27.449490 10.173293 206.497820 0.122035 82.878746 1.347279 282.565208 0.289582 -53.197794 2.897560 498.818174 -8.310867
1 -7282.216857 0.468615 37.942709 5.885023 66.443483 0.568894 44.259607 1.644201 312.353423 0.182607 -67.134845 2.773740 296.904438 -8.310867
1 -2075.030058 0.669432 -59.190747 5.554141 481.554510 0.786062 -40.452154 3.667210 384.755630 0.656674 -77.596728 6.767233 485.514502 -8.310867
1 -113.522512 0.458722 -31.195225 7.268815 495.463926 0.065064 -28.122151 6.556383 300.214602 0.470076 51.535984 5.854130 407.392442 -8.449899
1 -534.077267 0.799313 0.659033 1.091044 334.476932 0.423880 -57.623266 9.559722 193.127394 0.040453 60.822526 3.273399 486.388966 -8.449899
1 -21.741854 0.441480 -23.943442 6.329701 435.336522 0.148318 -46.012212 8.123222 247.899620 0.581654 48.396265 6.624413 454.478723 -8.449899
1 -1988.040318 0.512407 12.223544 2.735981 462.428202 0.288028 71.196515 5.324522 55.237735 0.439208 -42.780224 1.066098 426.871031 -8.449899
1 -79.393603 0.464520 -16.221383 7.749526 489.432857 0.033381 -66.996700 6.599508 193.493766 0.565044 53.980224 4.850764 408.617038 -8.449899
1 -1878.980778 0.188738 -9.346516 4.982685 125.190544 0.543022 15.187128 1.803450 346.497819 0.786249 -86.244591 3.420157 358.629658 -8.449899
1 -59.866010 0.470290 -19.647650 6.587177 453.008078 0.122929 -59.472548 8.185863 244.471009 0.629889 55.240632 6.801571 449.363208 -8.449899
1 -548.166873 0.241826 31.374162 10.188253 199.822314 0.110812 85.549253 1.397636 277.952466 0.284756 -53.564364 2.805421 498.183702 -8.449899
1 -3878.566857 0.599157 -75.941822 11.443778 284.367218 0.323255 -21.484456 4.767093 304.424397 0.131426 -58.297356 3.163373 445.495113 -8.449899
1 -2180.739034 0.613517 -40.889865 4.926626 444.136072 0.799571 -48.425912 3.445769 416.414115 0.012918 -71.609497 6.994637 449.786004 -8.449899
1 -89.980352 0.435255 -24.897048 7.112893 487.251941 0.049356 -25.215473 6.472436 305.876063 0.485010 51.435439 5.188765 390.673096 -8.572117
1 -278.599595 0.769442 -2.156164 1.173900 345.112014 0.459020 -56.399080 9.813991 203.314778 0.025229 63.877328 3.434665 479.590693 -8.572117
1 -20.830144 0.447059 -21.034844 6.255480 425.888517 0.147429 -44.448781 8.276879 241.116988 0.552756 43.685629 6.271909 468.083297 -8.572117
1 -208.994974 0.506137 11.646990 2.879671 467.686845 0.276145 70.941665 5.342022 55.282875 0.450886 -41.781810 1.185449 426.961020 -8.572117
1 -114.661362 0.449057 -16.060837 7.741011 493.576438 0.054971 -68.014987 6.428564 212.521080 0.567233 53.083739 4.729486 411.164197 -8.572117
1 -1837.035187 0.159746 -21.856965 5.697954 147.965569 0.609422 12.053568 2.426308 372.056842 0.748167 -84.043553 2.952025 375.569202 -8.572117
1 -62.501290 0.476598 -18.671022 6.842918 464.590442 0.106373 -62.582310 7.835413 237.705808 0.618555 55.233488 6.478832 439.820258 -8.572117
1 -493.521018 0.228249 30.793879 10.361580 201.273416 0.104767 87.058767 1.263106 281.766585 0.299312 -54.808835 2.821517 499.063791 -8.572117
1 -3622.325213 0.724581 -11.579022 2.036337 428.757785 0.081306 -72.163338 8.572863 229.533405 0.468475 43.890711 6.645287 15.038436 -8.572117
1 -2071.061927 0.541760 -42.002873 4.850344 435.590116 0.740342 -38.132420 2.587445 397.495836 0.751986 74.038594 4.886638 344.360336 -8.572117
1 -64.084128 0.439035 -4.737660 7.370535 440.509635 0.002530 -26.371308 5.931451 323.894271 0.455650 58.810757 4.060922 368.482518 -8.640685
1 -306.480307 0.798549 -29.883659 0.537896 291.018478 0.637675 -75.726078 9.611852 213.131121 0.110149 79.371270 2.663448 472.990759 -8.640685
1 -19.060557 0.451336 -18.159313 6.257968 427.682840 0.138111 -36.454060 8.067575 237.980858 0.525021 42.511850 5.978498 466.986052 -8.640685
1 -431.417247 0.504354 13.438305 3.255181 472.297047 0.222619 67.864507 5.173298 58.341981 0.476977 -33.811225 1.622145 411.565807 -8.640685
1 -442.164939 0.490553 -3.328085 1.749362 461.938434 0.722563 81.925466 6.122105 40.412441 0.370025 -76.423560 0.380805 332.198875 -8.640685
1 -1902.558519 0.131263 15.405992 2.175000 248.751972 0.491265 32.741812 3.131476 302.321492 0.278738 43.239195 3.453291 369.573408 -8.640685
1 -15.372828 0.464573 -18.611380 7.142221 462.524861 0.094187 -62.889393 7.691090 242.738810 0.624768 54.879759 6.542295 440.019591 -8.640685
1 -564.897363 0.218751 29.319305 10.821814 214.348602 0.125316 86.625635 0.832649 268.069497 0.235935 -64.785938 2.107856 492.291337 -8.640685
1 -208.174022 0.505012 11.982040 2.947697 465.861440 0.266656 71.261866 5.339780 54.555986 0.450372 -42.521707 1.233292 431.684456 -8.640685
1 -763.150981 0.501950 -55.045493 4.770979 397.911400 0.642532 -62.748464 1.977833 443.653981 0.744533 58.508214 6.458800 407.282305 -8.640685
1 -75.827715 0.459314 0.771436 7.568134 453.730274 0.184813 10.036274 5.188476 298.213203 0.430225 64.149456 3.751213 367.430694 -8.731540
1 -2153.781000 0.797405 -36.854772 2.318954 286.555229 0.530197 72.074219 9.893916 253.110168 0.132945 83.625296 3.513190 499.497843 -8.731540
1 -24.191946 0.440500 -21.119384 6.317449 422.880150 0.141908 -36.297575 7.884019 234.766661 0.528609 39.411017 5.971297 475.039175 -8.731540
1 -522.575803 0.561605 15.324276 2.185572 456.431024 0.319614 -89.656070 3.471599 22.079481 0.471098 -36.417190 1.388539 398.483343 -8.731540
1 -425.563464 0.517836 4.957947 1.501533 435.884612 0.574338 58.673919 4.208543 23.668929 0.399711 -89.601792 0.827808 388.218882 -8.731540
1 -100.885611 0.144302 6.821417 2.747886 237.308836 0.496824 14.020085 2.589546 335.899077 0.293671 48.970826 4.002780 371.997447 -8.731540
1 -50.555976 0.457710 -17.498136 6.710597 458.682124 0.127788 -57.333421 7.534469 230.486608 0.623222 56.711709 6.470109 435.922353 -8.731540
1 -637.564727 0.255409 30.225425 11.123931 236.677303 0.074455 -86.699926 0.794930 252.160673 0.233953 -43.775862 2.184878 490.949973 -8.731540
1 -215.052012 0.495998 14.322343 2.826042 459.468979 0.269160 71.325258 5.168237 43.772274 0.460407 -50.400576 1.373450 433.852093 -8.731540
1 -797.454680 0.474573 -49.746834 5.047953 404.766262 0.600874 -71.569376 1.867111 441.218760 0.761177 59.414639 6.584533 412.785942 -8.731540
1 -100.283365 0.472504 1.743088 7.697521 440.518598 0.185618 25.167951 4.197771 308.564111 0.411844 58.647088 4.395240 379.354151 -8.797304
1 -291.505296 0.027924 -48.859877 1.276083 297.073499 0.620861 -76.866572 10.114467 194.796036 0.107978 53.859719 2.050149 490.690962 -8.797304
1 -131.980525 0.434925 -17.161495 6.267888 422.392602 0.132536 -38.109247 7.949517 229.052897 0.522586 41.360691 5.981356 479.892988 -8.797304
1 -212.147072 0.601001 5.284203 3.055630 457.219278 0.254146 69.974021 5.096676 82.098729 0.454042 -29.248817 1.530708 388.292941 -8.797304
1 -474.284939 0.502641 2.099536 1.253906 432.369195 0.548951 44.475367 4.973966 14.684114 0.413786 88.798796 1.151317 408.124679 -8.797304
1 -105.834038 0.159083 8.042958 2.741417 243.968245 0.493736 13.701462 2.591593 333.079629 0.302174 48.159767 4.020405 372.766454 -8.797304
1 -37.904281 0.390740 -16.424340 5.191560 403.014845 0.216811 -59.892253 7.302133 233.020430 0.586040 49.359455 6.295292 436.509319 -8.797304
1 -685.674655 0.265484 36.288071 10.638747 250.980067 0.092725 -74.178230 0.272358 219.977683 0.237429 -47.633957 1.600481 475.337690 -8.797304
1 -206.190291 0.571568 22.512986 2.615322 429.077528 0.243794 70.880342 5.415679 11.808189 0.561401 -24.875175 1.577546 411.294180 -8.797304
1 -706.371251 0.474425 -51.763497 5.381392 409.770129 0.583698 -72.724762 2.167074 429.534411 0.749514 56.030027 6.278853 398.111864 -8.797304
1 -52.791996 0.499263 2.101350 7.051948 403.391069 0.196064 34.631145 3.941723 305.729039 0.397579 55.988583 3.912208 378.169549 -8.884259
1 -561.497779 0.016292 -52.196641 1.427508 287.734359 0.638962 -77.365949 10.266571 186.962795 0.114401 55.378542 2.032003 496.058032 -8.884259
1 -15.758408 0.499235 -10.096381 5.630253 411.051848 0.107056 -33.112975 8.328264 212.440168 0.558670 54.780019 6.220691 486.902175 -8.884259
1 -185.849548 0.617094 1.383033 3.413789 474.096139 0.176796 56.254560 4.820326 86.893304 0.285090 -0.991388 0.912754 368.427310 -8.884259
1 -653.045942 0.443536 1.259092 0.758077 394.880238 0.559132 34.974293 4.248425 44.711561 0.410013 88.752163 0.704009 440.982477 -8.884259
1 -130.362355 0.524726 25.028190 2.036671 398.994021 0.256357 67.075978 5.354627 13.736721 0.535753 -28.584967 1.521101 422.041729 -8.884259
1 -54.061567 0.401986 -2.873965 6.618387 450.233825 0.554316 -52.236355 7.497784 301.274183 0.678001 52.816756 8.269837 457.609130 -8.884259
1 -92.879645 0.160039 8.076185 2.797059 248.692616 0.490327 12.934327 2.742459 327.257509 0.303593 46.814522 4.003975 377.931298 -8.884259
1 -411.421766 0.530334 10.134616 2.700886 398.844610 0.240597 70.799262 6.235308 39.416738 0.561379 -28.592681 1.283506 411.844105 -8.884259
1 -280.774134 0.511683 -85.183335 1.750516 423.933370 0.418895 -48.335299 11.587001 253.446629 0.548805 89.312171 1.778572 442.800505 -8.884259
1 -32.787559 0.433568 -0.899694 6.726606 396.633371 0.133950 27.218953 5.188351 326.501942 0.358180 57.632047 4.677431 392.456501 -8.978334
1 -291.896048 0.021984 -50.199653 1.380899 282.790988 0.633208 -77.633178 10.420061 186.889546 0.114505 55.457572 2.142426 498.298466 -8.978334
1 -144.938807 0.559569 -2.385886 5.497272 423.605352 0.073394 -22.897656 8.137954 194.735253 0.492425 51.018974 5.375251 470.686364 -8.978334
1 -244.814353 0.648436 -8.251025 3.457114 473.764743 0.140937 62.393512 6.154284 142.425237 0.309059 -16.814409 0.344942 360.316060 -8.978334
1 -235.266879 0.455926 8.999042 0.971759 388.002469 0.541892 46.107999 3.219039 66.833173 0.435501 88.585568 1.025668 425.630539 -8.978334
1 -132.885496 0.560658 17.810543 1.709984 368.435920 0.263195 59.643156 5.000991 35.014578 0.429730 -21.733777 1.622694 428.302913 -8.978334
1 -34.079754 0.375002 -4.117378 6.531165 437.765962 0.553570 -46.496366 6.593422 296.351236 0.719370 57.160004 8.536097 452.321216 -8.978334
1 -98.052992 0.166683 7.016205 2.903183 251.889773 0.484493 11.805699 2.813203 332.843735 0.308544 44.700885 4.080613 376.489532 -8.978334
1 -232.180029 0.511747 -29.904147 7.358513 498.331069 0.344041 -46.726991 6.327674 359.270707 0.424595 68.345639 6.111702 381.584434 -8.978334
1 -290.022578 0.508027 -77.606974 1.643765 393.231738 0.438856 -40.030372 10.763087 277.216371 0.585553 -81.357796 2.190458 425.376962 -8.978334
1 -106.020075 0.448740 -3.983302 6.877073 381.377548 0.141926 22.947691 5.133106 344.531172 0.389113 63.833489 4.842572 397.137515 -9.084100
1 -289.798602 0.018882 -49.517944 1.425248 282.477732 0.635868 -78.203351 10.474425 188.187221 0.112928 56.984607 2.157335 498.513000 -9.084100
1 -27.939618 0.327747 -5.254714 3.985256 435.799501 0.730580 9.395998 8.990603 110.300027 0.511912 51.857882 4.628187 378.035899 -9.084100
1 -247.841111 0.682222 -16.056029 3.411076 478.002049 0.161378 66.396664 6.730869 145.208434 0.382766 -34.814279 0.298696 384.387978 -9.084100
1 -358.815550 0.464952 15.520999 2.415632 371.070768 0.587803 47.283442 3.048806 80.456337 0.353167 -56.509802 2.448190 464.700673 -9.084100
1 -187.358525 0.604897 17.386370 2.065533 391.740339 0.256065 59.457475 5.308658 28.715283 0.481988 -25.046583 1.989516 431.935340 -9.084100
1 -26.760298 0.403191 3.967442 6.686934 438.549979 0.511376 -27.572436 5.782195 283.485829 0.672971 73.246706 8.396254 433.790283 -9.084100
1 -104.229341 0.164657 8.350233 2.916695 252.331566 0.493251 14.486457 2.567044 326.785392 0.309405 48.505354 4.069625 375.862772 -9.084100
1 -250.183917 0.491557 -32.016276 7.104263 496.717089 0.360825 -49.085045 6.312206 362.843521 0.396465 68.478445 5.965904 375.262723 -9.084100
1 -233.699317 0.489905 -86.229741 1.553405 372.198563 0.450762 -45.724173 11.390933 295.907695 0.545508 -86.368685 2.448684 451.539443 -9.084100
1 -66.594546 0.471347 -2.637899 6.925717 389.331466 0.132549 29.237869 5.057052 339.657240 0.399087 60.648965 4.738527 390.695465 -9.192294
1 -531.266784 0.029582 -52.196624 1.432918 281.263501 0.634861 -77.983483 10.676988 188.636635 0.119775 59.443590 2.133588 497.610055 -9.192294
1 -21.961442 0.278273 -6.013449 3.917007 419.619641 0.760488 -1.191400 8.903579 126.860114 0.523142 56.807899 4.866547 386.018612 -9.192294
1 -241.083230 0.639780 -21.226856 2.139669 471.048370 0.209056 71.390398 6.625375 152.655160 0.410919 -38.548300 0.517404 374.105028 -9.192294
1 -29.759931 0.411703 0.604511 6.548502 444.458122 0.522380 -33.156235 6.142971 277.143820 0.691509 67.825024 8.457736 441.451324 -9.192294
1 -221.180084 0.601823 7.396583 2.484308 418.335392 0.253909 39.353740 6.166305 12.944132 0.449501 -15.585399 2.050037 446.255320 -9.192294
1 -195.402612 0.405622 -0.826353 5.800032 446.397856 0.469698 -27.472868 5.595036 279.653443 0.647358 59.308719 7.981974 438.001985 -9.192294
1 -90.817295 0.154042 7.324082 2.774784 246.688427 0.488382 13.626843 2.595523 322.323012 0.291246 46.698187 3.874756 378.455798 -9.192294
1 -267.450522 0.481130 -30.386277 7.236474 492.732638 0.362613 -51.505856 6.039933 369.618332 0.394151 73.555645 6.333080 378.166469 -9.192294
1 -180.233889 0.505073 -84.712893 1.900829 385.331880 0.467051 -45.191265 11.204148 296.228727 0.581751 -85.691620 2.855851 447.632146 -9.192294
1 -41.251155 0.455912 -2.105700 6.955696 395.320523 0.124097 28.606188 4.877607 326.961121 0.366735 61.046951 4.698291 389.018539 -9.305296
1 -260.264810 0.006373 -47.647534 1.661646 294.929426 0.677408 -77.823497 10.781064 173.112428 0.117615 75.280753 2.333039 485.894272 -9.305296
1 -193.239696 0.345770 -3.118908 4.147768 461.694392 0.723577 -0.879248 10.042929 115.557164 0.607304 48.303081 4.826572 381.844272 -9.305296
1 -280.053670 0.643595 -23.019547 2.029844 469.732000 0.204297 70.932693 6.699346 151.914031 0.407547 -38.600149 0.423744 374.236924 -9.305296
1 -22.855569 0.318259 4.059620 5.381047 377.931068 0.609077 -28.972080 5.609406 295.480643 0.648619 62.012869 7.682551 446.271099 -9.305296
1 -158.848573 0.535322 27.374373 2.197922 363.068097 0.225656 56.941879 3.906813 39.377631 0.374878 8.260009 2.136050 434.701119 -9.305296
1 -35.809819 0.299884 1.423504 6.889893 493.817595 0.441315 -45.910272 4.980356 172.977070 0.440838 74.473186 8.321015 446.100338 -9.305296
1 -47.352193 0.149818 7.670183 2.778587 248.410588 0.486266 12.864510 2.558722 318.427887 0.286166 47.032988 3.946247 377.564843 -9.305296
1 -612.484985 0.465568 -31.537003 7.403245 488.792710 0.373115 -51.534123 6.154002 381.837284 0.401737 75.781784 6.262063 375.378201 -9.305296
1 -321.596742 0.498628 -87.057450 0.927507 369.465365 0.455556 -40.245315 10.540094 277.651257 0.497863 85.985355 1.873126 443.442873 -9.305296
1 -50.059267 0.477817 -9.095168 7.174074 418.958699 0.140475 25.159324 5.485642 340.882015 0.409579 62.751136 4.963071 381.194900 -9.439849
1 -470.868836 0.012631 -46.042175 1.441067 299.596805 0.660660 -78.972494 10.605354 166.867323 0.116305 82.804778 2.410137 496.480483 -9.439849
1 -32.284702 0.274001 5.552595 3.488747 406.794654 0.741444 -9.394543 10.431316 118.099433 0.586277 57.238523 4.963979 378.087879 -9.439849
1 -503.739994 0.663338 -33.043075 1.891261 487.710866 0.170780 59.205740 6.403856 144.147546 0.403405 -25.006554 0.939896 353.533781 -9.439849
1 -73.919090 0.265114 10.427364 5.013317 382.391062 0.687549 -26.243866 5.259756 306.893199 0.682994 58.015565 7.114677 445.112291 -9.439849
1 -82.712793 0.550245 27.283859 2.697242 381.697882 0.225466 52.025462 3.996736 46.459570 0.384560 10.023608 2.473375 433.482043 -9.439849
1 -32.366776 0.342446 1.639599 6.707287 490.403159 0.400106 -38.642765 4.533517 159.754985 0.427206 69.415792 7.921232 446.391412 -9.439849
1 -129.403584 0.142522 4.550719 2.728999 268.647541 0.496762 7.589002 2.822892 319.312520 0.331269 43.081029 4.218886 348.799020 -9.439849
1 -651.800681 0.474275 -28.776184 7.638774 498.881842 0.394728 -52.369590 5.846156 382.690608 0.409959 76.727804 6.496035 373.000108 -9.439849
1 -372.179812 0.580995 -85.399079 0.843294 347.961703 0.376665 -22.414825 9.193226 303.313179 0.438971 -64.815506 0.761950 459.981136 -9.439849
1 -14.820028 0.732243 17.087691 0.165630 194.866365 0.291000 -48.596830 2.494564 293.284734 0.531595 20.098602 5.599950 444.527806 -9.561901
1 -491.321856 0.008011 -46.566905 1.336452 294.240463 0.666943 -79.598969 10.602095 169.476203 0.113570 81.685121 2.343578 496.562042 -9.561901
1 -28.533733 0.356251 -0.200045 3.276064 413.923422 0.684782 -19.323138 10.808991 119.879609 0.563947 62.692186 4.807529 363.790961 -9.561901
1 -786.419298 0.663239 -32.977499 1.891706 487.020983 0.170223 59.561084 6.354324 146.598037 0.404955 -25.274551 0.948622 352.314184 -9.561901
1 -84.687107 0.306082 10.146192 5.163685 389.466209 0.661708 -26.479497 5.416758 308.034192 0.656729 48.551333 6.642740 465.581630 -9.561901
1 -215.422394 0.579806 23.539910 2.661413 384.328745 0.219487 53.621536 4.284127 52.068679 0.353881 11.309339 2.316174 428.255660 -9.561901
1 -33.849481 0.328451 5.016421 6.878275 475.482814 0.348094 -36.420561 3.453322 206.237808 0.357273 66.746370 8.042783 433.131205 -9.561901
1 -13.757808 0.137528 4.754722 2.505854 252.912584 0.523647 4.679263 2.906281 313.920950 0.329614 40.622889 4.141839 365.488696 -9.561901
1 -266.167360 0.491762 -25.110659 7.539928 498.449690 0.385360 -50.107698 5.949591 371.986280 0.402619 74.784378 6.564725 375.843014 -9.561901
1 -255.421183 0.447367 -16.669806 1.669680 253.486524 0.273174 51.604473 2.218000 315.554857 0.324608 -74.533571 1.885252 488.184687 -9.561901
1 -22.808251 0.744339 22.996275 0.221952 201.931280 0.311985 -46.537367 2.823483 296.302571 0.542259 17.636155 5.689272 459.254603 -9.642026
1 -190.354669 0.025743 -51.984894 1.409537 314.633132 0.688855 -75.171582 10.694682 189.190400 0.112854 86.764519 2.011532 484.780778 -9.642026
1 -31.870705 0.354399 -2.481269 3.401601 424.469984 0.689590 -15.290629 11.331925 123.440775 0.559110 59.559808 4.724727 357.664644 -9.642026
1 -25.744860 0.290654 10.367441 4.939465 377.808351 0.686899 -23.728882 6.555844 280.773609 0.637622 54.663612 6.687681 475.596772 -9.642026
1 -155.148191 0.321580 8.401409 6.219566 410.062674 0.630339 -27.982098 5.338680 322.053338 0.677975 45.433533 6.751115 463.992597 -9.642026
1 -419.286883 0.573679 25.310830 2.653994 411.683389 0.245994 53.043241 5.079698 14.741122 0.393742 22.008360 2.164271 461.793646 -9.642026
1 -36.067109 0.335321 5.614321 6.831590 472.933418 0.343898 -37.022163 3.358144 207.217853 0.359892 66.459311 8.070494 435.003079 -9.642026
1 -121.255295 0.175092 6.322595 2.470226 251.330926 0.509775 7.837003 2.853095 323.309801 0.347575 35.878939 4.154726 362.976218 -9.642026
1 -279.377800 0.459136 -26.946553 7.732067 492.632163 0.394719 -52.641762 5.711362 380.102231 0.387220 76.643486 6.536374 376.209312 -9.642026
1 -205.960766 0.424977 -19.848751 1.369404 254.891383 0.289061 55.783105 2.755991 313.619158 0.362963 -72.831269 2.084172 490.472171 -9.642026
1 -22.484266 0.745965 23.709644 0.316999 203.563139 0.317611 -46.913861 2.806670 300.068675 0.554192 17.713533 5.819436 460.044232 -9.736204
1 -206.062737 0.042779 -50.613249 1.221017 311.532066 0.671963 -73.103231 10.623183 186.985566 0.099896 85.852127 1.816903 487.205711 -9.736204
1 -35.116616 0.349254 -3.076197 3.767819 444.944625 0.657325 -9.935883 11.135765 107.436947 0.532455 59.685342 4.593952 352.522521 -9.736204
1 -30.703998 0.308683 20.291647 4.805871 348.275810 0.644445 -28.763999 5.287450 316.936056 0.623285 53.213069 6.541089 460.657223 -9.736204
1 -189.405481 0.260928 4.575461 5.836008 444.470979 0.702578 -44.604649 7.338741 277.139940 0.760379 63.246344 7.048778 440.043518 -9.736204
1 -152.220318 0.627953 17.868916 3.171104 423.947875 0.389286 71.587260 5.455379 88.583632 0.436480 56.087651 2.655365 432.077873 -9.736204
1 -24.910554 0.312411 5.181178 7.029375 485.554607 0.368442 -34.633728 3.803825 196.229812 0.367876 68.519966 8.065127 431.563753 -9.736204
1 -96.714545 0.135976 2.034528 2.848952 249.851587 0.528272 7.454558 3.136754 335.394871 0.300411 35.912441 3.949919 364.567604 -9.736204
1 -234.270283 0.370068 -30.124043 6.971359 459.694310 0.399345 -34.271729 5.464548 367.533499 0.387753 64.214046 5.835772 373.076754 -9.736204
1 -547.596046 0.426012 -22.419638 1.528874 260.454410 0.286784 53.171357 2.887110 306.504783 0.355531 -72.648414 2.039187 490.002511 -9.736204
1 -26.222260 0.737721 21.380102 0.199210 204.241498 0.339895 -52.616946 2.797293 287.168103 0.540334 20.310662 5.663816 474.038015 -9.808925
1 -392.503659 0.028216 -51.216263 1.316219 313.285403 0.676852 -76.733843 10.619816 190.499526 0.092715 86.640667 1.953529 486.608642 -9.808925
1 -25.787272 0.406085 0.695140 2.824558 399.055432 0.709362 -15.400751 11.374542 115.334857 0.512253 57.447126 3.629211 352.121343 -9.808925
1 -105.543753 0.333724 34.195357 4.362730 345.836371 0.646020 -28.018319 5.064122 334.675763 0.605014 34.549982 5.411639 450.635084 -9.808925
1 -70.279575 0.305165 3.527211 6.206533 461.116779 0.694444 -48.701944 7.371627 268.467045 0.774791 67.456563 7.269911 441.172506 -9.808925
1 -166.957357 0.617507 17.239647 3.229763 421.965116 0.407385 75.215349 5.401561 110.588339 0.452249 49.607246 2.537887 424.711188 -9.808925
1 -34.569851 0.345614 10.326942 7.134910 473.316784 0.404199 -44.472143 3.585806 201.186586 0.389840 77.328642 8.228318 444.925364 -9.808925
1 -15.936342 0.063736 6.451807 3.128275 268.721091 0.528441 7.260482 2.826717 322.697377 0.300833 29.694417 3.854082 348.505486 -9.808925
1 -215.412888 0.397001 -29.819657 6.774025 456.685442 0.392852 -37.193225 5.469239 359.760222 0.387986 65.412933 5.769568 374.169495 -9.808925
1 -203.921553 0.435913 -18.778897 0.972607 256.979745 0.340140 50.130486 3.601650 310.816177 0.411828 -71.772731 2.170526 489.446380 -9.808925
1 -18.421101 0.747431 19.454047 0.285647 201.214102 0.345511 -47.639281 2.800084 287.133838 0.537052 21.672152 5.766447 473.180803 -9.977991
1 -441.004266 0.019252 -49.898635 1.549799 299.068104 0.629724 -68.290104 10.071114 196.044195 0.092935 83.181856 2.365680 486.683113 -9.977991
1 -190.129877 0.387430 -4.543647 3.811419 458.837033 0.726162 8.430998 0.008475 98.454743 0.510277 60.206132 3.043630 343.640993 -9.977991
1 -169.801594 0.360285 43.191149 4.811833 353.032730 0.663929 -34.448705 5.070089 346.583300 0.582062 30.321210 5.389456 444.408547 -9.977991
1 -72.518414 0.298811 1.527424 6.400478 465.519325 0.692926 -48.236390 7.264495 266.066892 0.756797 67.556515 7.364629 445.847064 -9.977991
1 -132.475171 0.624841 18.995014 3.257994 425.052362 0.421018 72.681352 5.666207 107.179046 0.459575 52.791727 2.559352 424.137353 -9.977991
1 -38.799447 0.296386 7.564426 6.828425 488.252677 0.448046 -41.499694 3.436228 199.100082 0.373339 60.415143 7.723390 419.295246 -9.977991
1 -12.508697 0.085848 11.679432 3.343147 261.736979 0.523784 4.251871 2.558152 323.966426 0.342563 32.921110 3.785856 349.510931 -9.977991
1 -234.699416 0.373477 -34.045004 7.503451 486.363071 0.463199 -30.848153 5.473691 359.324563 0.421649 73.479119 5.882335 370.008374 -9.977991
1 -219.034127 0.455457 -20.668949 1.043393 274.928856 0.340015 44.738315 4.001459 296.851925 0.421873 -69.295889 2.278794 495.409921 -9.977991
1 -19.370849 0.770697 18.187790 0.829544 212.984938 0.305874 -43.393169 3.663464 320.548335 0.499431 30.264201 5.635988 469.114240 -10.204708
1 -279.674898 0.015904 -48.239913 1.382869 294.729517 0.667426 -72.621495 9.814073 210.464691 0.098963 80.626174 2.340598 493.678628 -10.204708
1 -95.523030 0.396448 0.896311 3.837543 451.732286 0.744641 3.448093 12.057328 111.898985 0.539999 63.265011 3.154526 341.443553 -10.204708
1 -200.619519 0.372391 39.822649 4.745738 334.658118 0.575325 -47.049351 4.220623 395.079533 0.602491 21.739119 5.040744 439.675083 -10.204708
1 -68.080359 0.295112 7.276371 6.199885 465.521032 0.690725 -47.064591 6.885047 258.683916 0.755100 67.232315 7.493645 437.848957 -10.204708
1 -124.454273 0.644633 18.805391 2.695583 379.938761 0.446070 80.588342 6.830292 104.620699 0.392186 48.479491 2.531488 391.016585 -10.204708
1 -33.661495 0.291573 9.541938 7.043582 498.542824 0.469423 -43.968359 3.785263 195.745441 0.384858 65.555137 7.771138 413.239056 -10.204708
1 -12.768811 0.064864 14.013721 3.681680 262.213011 0.514494 5.284221 2.576310 327.735919 0.330814 31.498269 3.816882 352.581056 -10.204708
1 -10.360440 0.728585 9.648975 0.089625 212.953044 0.358011 -52.158483 3.577461 262.511835 0.509657 29.640384 5.518704 481.523784 -10.204708
1 -194.040303 0.423965 -21.634612 1.657016 291.369436 0.362130 43.269145 4.238768 292.284750 0.421019 -66.907169 2.473804 489.334084 -10.204708
1 -17.283115 0.773658 15.076459 1.020311 232.966699 0.322003 -43.730244 3.672296 303.165775 0.476729 35.074813 5.846583 461.918838 -10.549821
1 -391.561531 0.068771 -47.192954 1.233414 299.965610 0.661425 -67.490022 10.128881 196.774200 0.108092 81.026691 2.209542 498.287642 -10.549821
1 -122.898608 0.392975 2.300897 3.860872 438.714951 0.752525 5.786937 0.029938 126.204854 0.576534 59.460157 3.171286 340.844036 -10.549821
1 -334.534041 0.358966 45.556752 4.932059 314.972957 0.555960 -45.983284 4.279547 395.517327 0.653288 23.414408 5.242695 437.675576 -10.549821
1 -23.012028 0.288638 3.485441 6.395684 458.593962 0.690382 -38.921978 7.675459 271.949805 0.777109 61.493303 7.171296 439.213392 -10.549821
1 -94.969367 0.512573 19.049021 3.536479 399.827391 0.506775 85.578024 7.432917 117.201964 0.418531 53.412188 2.330932 376.768595 -10.549821
1 -153.362270 0.270499 6.536697 6.847771 495.505524 0.488266 -49.593636 4.039495 188.525288 0.387427 65.752329 7.724930 420.891524 -10.549821
1 -115.469336 0.065017 10.474111 3.900947 271.634368 0.518952 6.577567 2.418255 330.166448 0.332339 32.150588 3.941807 345.879966 -10.549821
1 -22.592841 0.626652 7.015142 1.434740 271.337926 0.443286 -46.987731 3.947186 236.843705 0.566695 41.392786 6.120364 484.806150 -10.549821
1 -14.579637 0.753434 11.003216 0.041292 220.396707 0.363796 -51.338846 3.162484 242.585883 0.492726 29.238220 5.371187 489.642411 -10.549821
1 -11.103152 0.768150 11.131849 1.473240 252.546332 0.295533 -57.846104 3.647906 301.076165 0.489377 17.652498 5.998057 462.507527 -10.726828
1 -46.885044 0.667603 -4.462461 0.341227 254.717933 0.434200 -15.323718 5.010692 239.160759 0.541297 57.117060 5.483780 470.341856 -10.726828
1 -19.979944 0.382119 0.036989 3.177785 393.541211 0.733116 -45.922135 11.673955 200.141375 0.652846 61.956584 4.788852 362.448983 -10.726828
1 -147.198705 0.355245 50.342322 4.798416 313.166506 0.553137 -47.756556 4.109778 380.738657 0.635049 18.821577 4.966030 433.697817 -10.726828
1 -16.811649 0.275124 6.914770 6.547154 458.777031 0.687770 -30.721170 7.075316 277.060496 0.770423 57.335508 6.699198 432.409963 -10.726828
1 -167.487664 0.533478 3.300845 2.899687 418.669686 0.557793 85.593712 9.620630 54.876493 0.418284 65.640165 2.201081 354.211459 -10.726828
1 -97.012602 0.776113 10.932606 0.003186 233.905388 0.366073 -51.688314 3.107890 231.411316 0.509985 26.742928 5.230001 489.875176 -10.726828
1 -114.991611 0.069705 8.895775 3.887682 275.182816 0.517893 8.167542 2.566369 333.303689 0.326543 31.963132 3.848438 343.487774 -10.726828
1 -76.656377 0.661930 -0.010844 1.682954 278.114806 0.466420 -41.282990 4.319430 283.816365 0.598190 49.804755 6.313865 488.052330 -10.726828
1 -11.744627 0.710524 9.361612 0.613060 236.862559 0.367903 -46.397433 3.415615 229.761639 0.465297 29.646945 5.677191 496.664635 -10.726828
1 -16.436495 0.735844 11.994416 2.020120 270.179275 0.313857 -58.634141 3.760647 303.683894 0.503354 17.165116 6.155828 458.091262 -10.913758
1 -18.344041 0.580802 5.906091 0.454580 263.098093 0.425235 -19.632408 5.987079 190.303584 0.461949 42.008641 4.445480 440.069875 -10.913758
1 -40.617503 0.478504 -4.377502 2.160344 366.769399 0.657441 -46.061158 11.162223 218.647348 0.629365 58.788910 4.847187 385.905207 -10.913758
1 -290.421877 0.352983 50.522420 4.800636 314.222658 0.557167 -47.327198 4.126619 379.853147 0.636352 18.778033 4.977153 433.328378 -10.913758
1 -24.828370 0.221330 11.027861 6.199652 467.830671 0.735354 -35.214038 7.275324 273.778897 0.786696 61.058470 6.756586 404.026743 -10.913758
1 -28.775342 0.679229 -14.319370 0.196425 261.796347 0.457066 -9.480652 6.826727 180.766019 0.607418 54.885130 5.295815 465.236570 -10.913758
1 -16.793003 0.532301 -1.585825 0.986540 264.210315 0.457446 -8.699350 6.361122 167.582022 0.462256 49.957749 5.402645 473.475305 -10.913758
1 -125.513454 0.044605 10.235190 4.191109 283.213789 0.523585 9.313966 2.418802 332.766761 0.324471 32.104181 3.933740 344.209126 -10.913758
1 -44.839632 0.698427 -11.020689 0.440105 233.046256 0.450232 -33.223838 4.717820 263.198855 0.534055 49.844706 5.631870 486.422236 -10.913758
1 -28.941832 0.778251 1.909967 0.383737 250.229202 0.345783 -80.438738 2.972777 266.036329 0.567645 38.389834 6.567406 459.658634 -10.913758
1 -12.451780 0.766203 11.921180 1.660114 257.497942 0.290633 -61.614917 3.496709 303.425613 0.493652 16.010768 6.131892 460.591799 -11.023677
1 -41.885855 0.243395 16.301686 3.308645 383.813315 0.601113 -19.456762 7.469987 201.804186 0.521048 52.713321 4.895322 385.713142 -11.023677
1 -76.447891 0.558392 -12.670792 2.409536 348.852992 0.589737 -56.178653 11.946210 239.633853 0.641721 46.998767 5.150241 448.326440 -11.023677
1 -41.192505 0.245612 12.861547 5.705567 446.332641 0.689007 -43.202047 6.408923 269.467396 0.722467 52.420432 6.628801 405.551927 -11.023677
1 -23.904288 0.268640 10.461925 5.423372 432.555593 0.723911 -33.079177 7.338630 267.827604 0.738801 55.831387 6.909949 433.220525 -11.023677
1 -45.833212 0.702031 -21.677406 0.653120 279.408977 0.520069 -23.294319 7.654585 220.278646 0.678602 60.142288 5.751059 463.357300 -11.023677
1 -52.265168 0.557339 -6.640520 1.357639 283.903360 0.467433 5.045360 6.211927 175.118914 0.507717 51.845824 5.861730 496.381977 -11.023677
1 -28.470179 0.003841 12.073904 4.704652 294.711430 0.545503 8.380632 2.504092 336.489515 0.344418 32.804218 3.715297 349.279734 -11.023677
1 -87.780561 0.654281 -0.339854 1.675926 302.075055 0.536309 -52.945509 6.373212 257.633240 0.707748 53.755964 6.488637 493.587884 -11.023677
1 -30.521241 0.760185 5.693432 0.060782 242.998624 0.354947 -80.730327 3.287506 236.759579 0.538209 40.035069 6.077623 472.426238 -11.023677
1 -13.197253 0.775073 10.124193 1.421988 250.099227 0.282612 -59.868157 3.533085 304.457345 0.499542 17.520634 6.116046 465.373529 -11.152958
1 -43.769795 0.241907 14.032924 3.418706 396.427380 0.617509 -20.161625 8.341294 183.325079 0.531537 54.955374 5.279585 384.290534 -11.152958
1 -121.678659 0.568874 -1.536659 1.946257 337.617494 0.599397 -38.746516 11.599102 201.782593 0.609150 42.491577 5.297396 488.167832 -11.152958
1 -26.634800 0.146989 15.585843 6.172880 449.134599 0.698300 -34.609205 5.915629 276.463816 0.677004 50.659017 6.310979 389.412480 -11.152958
1 -27.361695 0.312144 12.271218 5.385125 440.924125 0.742217 -33.075298 6.998741 260.460170 0.783352 59.736872 7.088308 428.222487 -11.152958
1 -40.846685 0.717530 -21.997665 0.314030 260.654918 0.500509 -26.007003 7.680963 217.097451 0.677113 59.195158 5.638859 469.722881 -11.152958
1 -27.254883 0.513506 -6.091299 1.242305 267.533454 0.433182 -2.431612 5.774270 184.601922 0.476631 58.159482 6.349189 492.528890 -11.152958
1 -27.176465 0.005323 12.102774 4.664604 290.386223 0.542845 8.460913 2.610134 340.659236 0.349308 31.769961 3.809942 351.354430 -11.152958
1 -77.050204 0.556762 -18.821105 1.348617 273.255848 0.382037 -26.165002 4.550169 255.096100 0.535830 49.254899 5.168574 462.164441 -11.152958
1 -42.402707 0.601678 2.607232 0.551520 262.302804 0.391630 -61.541061 4.844992 203.252996 0.523795 54.111192 6.096560 475.632295 -11.152958
1 -14.353236 0.763664 7.865006 0.659934 249.728213 0.226496 -84.778295 2.228150 254.495267 0.518321 12.779569 4.168591 431.366269 -11.284148
1 -63.095722 0.230022 18.924458 4.039712 416.835275 0.666331 -25.860565 9.009145 194.903295 0.570557 56.247244 5.560621 384.650499 -11.284148
1 -108.660731 0.555197 0.471390 1.725849 329.858735 0.594551 -39.574929 11.864654 214.598926 0.625787 44.739967 5.302289 482.753861 -11.284148
1 -27.814151 0.102288 22.045814 6.105570 457.606015 0.716884 -28.587239 5.895143 258.375286 0.776974 55.666207 6.380866 414.045327 -11.284148
1 -46.716618 0.262458 14.533161 6.775078 457.004176 0.731324 -38.335084 8.075322 302.082444 0.686673 62.018235 6.987576 436.300676 -11.284148
1 -41.063775 0.729344 -19.103787 0.811925 270.067442 0.502330 -23.631489 8.066274 206.701868 0.694522 59.369086 5.610780 468.927191 -11.284148
1 -35.009255 0.479757 -4.115706 2.777518 306.348684 0.535372 0.404006 5.401412 223.924452 0.594254 64.448883 6.954148 476.636451 -11.284148
1 -31.900836 0.011561 11.656226 4.481009 289.644559 0.525348 10.745496 2.599842 334.010604 0.341609 32.774990 3.897991 357.471681 -11.284148
1 -47.219650 0.399354 -6.710298 2.458456 318.900809 0.433967 -15.047502 4.340188 244.102533 0.480297 48.014107 5.148526 434.221573 -11.284148
1 -53.818333 0.596230 -1.115699 0.990399 278.532095 0.433524 -71.154745 4.940113 220.569490 0.533929 55.002101 7.088863 491.765885 -11.284148
1 -7.723271 0.777624 -0.387912 0.319208 244.819845 0.222972 -69.141851 2.672265 236.883198 0.545574 19.347183 4.398765 448.366616 -11.421794
1 -31.845757 0.237358 8.847574 3.222377 398.608765 0.644951 -21.616813 8.683947 175.912930 0.548158 50.316347 5.562174 386.998839 -11.421794
1 -37.490626 0.612445 -20.248005 0.991733 292.526041 0.500660 -16.587150 7.395984 206.993577 0.697400 56.949790 5.480187 446.643043 -11.421794
1 -70.229929 0.024753 29.022509 6.694178 472.847287 0.708853 -24.986761 5.271403 269.497350 0.750196 48.946446 5.948055 397.426260 -11.421794
1 -28.860620 0.435199 -4.570113 4.029128 392.409229 0.717528 -30.594027 11.340906 236.888654 0.625688 63.055486 6.458265 436.595264 -11.421794
1 -107.000227 0.557418 -35.848264 1.159604 297.667013 0.504652 -18.722715 6.906141 228.434213 0.662474 49.067424 5.318941 471.744275 -11.421794
1 -48.631965 0.456370 -4.386664 3.038837 320.752211 0.561157 8.946674 5.683465 210.176506 0.616405 67.483090 7.336750 485.720749 -11.421794
1 -34.119576 0.005190 11.843517 4.445346 292.077534 0.521106 11.358551 2.585981 333.106605 0.339322 31.635392 3.954826 356.267401 -11.421794
1 -54.317834 0.207771 -0.219616 3.309053 357.481544 0.479391 -6.457204 4.131390 206.150487 0.454676 37.069290 4.974905 433.981545 -11.421794
1 -36.661353 0.600101 -7.140824 1.548545 300.059634 0.481121 -61.712778 6.462560 234.887269 0.537870 56.038269 6.799400 478.224003 -11.421794
1 -5.288746 0.799253 2.116045 0.038948 231.757474 0.209190 -76.831346 2.839022 251.491303 0.570522 16.382788 4.348162 451.392629 -11.544410
1 -52.613938 0.227182 0.627617 3.937271 439.154526 0.731370 -25.079510 11.028429 191.183593 0.492470 47.249129 5.321754 385.109790 -11.544410
1 -38.720157 0.636387 -17.455288 1.703779 306.660493 0.512238 -14.441357 8.247033 192.122492 0.657548 59.033644 5.653794 457.941174 -11.544410
1 -57.815679 0.038005 30.353274 6.687836 471.324693 0.696134 -27.130202 5.266081 262.309595 0.741896 48.695339 5.829845 388.029573 -11.544410
1 -33.132409 0.355307 3.077101 4.349123 407.861495 0.721293 -40.670616 11.291830 248.730116 0.578822 63.538159 6.753932 433.302538 -11.544410
1 -81.112788 0.365046 -27.174591 2.409896 331.266957 0.546738 -11.918077 5.736215 239.615878 0.674181 47.370089 5.270969 443.493377 -11.544410
1 -47.484364 0.443407 -5.108702 3.129385 324.045901 0.577137 9.974643 6.011769 207.549817 0.611965 68.170758 7.309876 483.012135 -11.544410
1 -32.333471 0.002734 11.911551 4.494410 292.221467 0.521823 11.357078 2.606632 333.084036 0.339105 31.755854 3.957071 354.948888 -11.544410
1 -7.263125 0.661953 5.092048 1.540573 274.739874 0.258795 -67.760410 2.437383 244.859407 0.581909 20.581255 4.520912 430.490495 -11.544410
1 -41.509549 0.579272 -2.996146 2.149245 311.898935 0.515649 -56.250037 6.228363 237.166691 0.558730 52.768852 6.675305 484.041047 -11.544410
1 -10.835501 0.734283 7.131110 0.871489 261.226828 0.231087 -84.778947 2.807039 240.664880 0.615805 14.394742 4.229233 461.753319 -11.641561
1 -24.549106 0.329947 -9.582880 3.062596 405.402139 0.737143 -1.037119 11.119855 146.763499 0.564211 52.677348 3.894287 359.017088 -11.641561
1 -42.470372 0.655202 -6.109517 1.566063 326.250619 0.509098 -40.657718 9.666871 158.868710 0.648606 55.842885 4.816513 437.307911 -11.641561
1 -29.715724 0.207601 15.191846 6.091865 465.291629 0.672935 -38.131094 5.085203 244.594812 0.796841 55.514622 7.342602 416.852673 -11.641561
1 -16.258865 0.553697 -0.412792 1.322724 261.257481 0.480688 -38.622089 3.519046 210.324808 0.426501 52.994406 6.255378 475.742741 -11.641561
1 -34.637343 0.200833 -18.558748 3.596705 356.303978 0.649612 6.511485 5.982180 276.718037 0.644652 52.164168 5.304734 422.976394 -11.641561
1 -38.897685 0.435219 -5.713828 2.949818 317.058680 0.532727 7.798324 4.609559 206.800287 0.584340 65.029978 6.806778 471.558509 -11.641561
1 -27.074605 0.006909 11.783732 4.400050 288.651828 0.520883 9.105667 2.528211 334.769520 0.340561 29.344587 3.928776 350.780167 -11.641561
1 -5.699787 0.627518 2.204666 1.328180 281.061043 0.276530 -52.198517 2.498133 217.458687 0.558539 19.399133 3.820409 406.028889 -11.641561
1 -23.756635 0.539934 -0.555875 2.290990 312.591301 0.555363 -49.736141 7.337844 223.141847 0.505246 56.744931 6.495988 472.320827 -11.641561
1 -16.554343 0.666954 8.773317 1.327827 274.682388 0.291394 -79.231381 2.614820 245.374926 0.620158 20.654190 4.853046 471.096002 -11.743736
1 -34.108406 0.359072 -7.533696 2.910483 392.054245 0.719303 -6.963021 10.083029 155.780289 0.569104 54.632034 4.583832 388.475703 -11.743736
1 -68.773093 0.680400 -9.873677 1.773856 330.866417 0.580155 -50.190911 11.192306 132.660137 0.600487 51.458898 3.858715 432.819319 -11.743736
1 -35.976225 0.020234 10.097873 6.983901 482.924178 0.755558 -8.824273 4.892913 279.769394 0.690662 58.111161 7.277563 385.561782 -11.743736
1 -18.838873 0.516125 -0.936950 2.215214 301.327525 0.552307 -44.681808 4.298029 202.554603 0.514117 59.185733 7.090959 476.326109 -11.743736
1 -11.196536 0.210718 -5.078875 3.474292 415.982675 0.723572 11.155002 9.782379 172.534206 0.553594 48.736926 4.119207 339.284452 -11.743736
1 -26.311651 0.481703 -20.366316 3.104719 332.766867 0.528511 9.610166 3.911429 211.811567 0.539835 58.038586 6.303089 455.413780 -11.743736
1 -11.779401 0.012789 14.419455 4.277811 279.418550 0.521321 5.630419 2.690122 328.753655 0.344489 30.073008 3.986752 360.074796 -11.743736
1 -4.806041 0.648396 1.326625 1.179936 277.366524 0.267061 -54.828995 2.478315 210.400151 0.561151 18.269182 3.734020 410.445825 -11.743736
1 -17.269772 0.568539 -2.629426 2.542172 338.463069 0.459562 -65.999876 6.462355 197.579545 0.406660 52.090390 5.371509 433.589804 -11.743736
1 -40.398827 0.667154 12.582330 1.234964 281.662233 0.323036 -83.045940 3.269406 248.419603 0.605561 25.666220 5.013983 468.245994 -11.869555
1 -37.567088 0.425659 -6.885365 2.829460 381.793975 0.632384 -20.891674 8.922208 175.685147 0.565373 52.028382 4.842714 402.162191 -11.869555
1 -64.327615 0.695163 -5.121582 1.501262 333.972485 0.595630 -58.614393 11.679226 97.909853 0.606486 56.962008 4.407349 447.520958 -11.869555
1 -19.043465 0.131956 12.111844 7.268657 498.017786 0.750448 -16.238764 5.807099 235.314359 0.690306 55.239467 4.519225 388.015876 -11.869555
1 -35.696826 0.664461 -7.287707 1.577955 316.430542 0.560811 -54.723795 6.059810 160.623374 0.561059 59.589987 6.748834 484.835375 -11.869555
1 -14.382888 0.261154 -1.904455 3.116239 412.307937 0.677071 17.328480 8.984402 188.555176 0.590830 39.487676 2.913447 314.282827 -11.869555
1 -34.463699 0.572790 -20.204379 2.739482 301.178727 0.439997 -3.334728 3.138275 223.946675 0.535222 53.154926 5.920405 464.442011 -11.869555
1 -30.767064 0.017640 21.452276 4.277292 282.255307 0.507809 9.150700 2.680682 342.477621 0.329603 41.619253 3.802473 337.706181 -11.869555
1 -4.746128 0.696469 3.136910 0.926796 271.857334 0.244630 -59.770991 2.366610 215.133175 0.563057 11.941317 3.505790 407.304452 -11.869555
1 -22.081970 0.527926 -0.603212 2.291882 322.967389 0.480525 -68.868216 7.269504 173.290784 0.487790 57.558967 6.016363 456.368990 -11.869555
1 -20.832129 0.670307 8.534594 1.546127 281.106846 0.312045 -67.698216 3.454236 238.211018 0.562468 37.964086 4.870477 452.266747 -11.992251
1 -34.125291 0.304572 7.032818 4.236772 412.471922 0.671817 -32.804979 5.558071 214.856335 0.580355 54.303245 6.409027 411.976333 -11.992251
1 -39.998181 0.741845 -5.122631 0.892945 292.131593 0.521150 -63.648271 10.712839 107.930687 0.561051 54.960209 4.439345 456.122071 -11.992251
1 -20.867986 0.226303 13.062019 6.617156 496.186408 0.716700 -30.927336 6.219243 228.138955 0.709342 50.753690 4.439066 390.216786 -11.992251
1 -33.253567 0.333395 20.492000 5.016299 359.519527 0.625918 -32.835001 2.043700 247.481895 0.554970 55.867252 6.429528 436.258011 -11.992251
1 -13.203705 0.320058 -9.026726 2.431142 371.426697 0.621767 34.126895 7.560375 213.828071 0.572516 41.142718 2.927563 319.637673 -11.992251
1 -39.736056 0.635658 -22.310651 2.345831 284.917043 0.416298 -13.380047 3.197823 214.951787 0.524527 55.814814 6.337261 485.708653 -11.992251
1 -25.151230 0.044078 10.200050 4.004171 276.581422 0.518766 4.892295 2.031811 325.932083 0.318803 45.797134 3.417829 325.143748 -11.992251
1 -25.960900 0.532463 12.600620 0.909546 282.688769 0.245153 -68.497356 2.413699 217.513951 0.499795 9.345925 3.442700 376.525475 -11.992251
1 -19.210525 0.589444 -13.664163 2.772439 310.188140 0.435574 -45.634445 5.199262 167.029222 0.461354 54.134443 6.564697 495.483555 -11.992251
1 -15.737347 0.687183 6.500508 1.768172 250.089517 0.343063 -64.012948 3.010330 266.866309 0.545694 37.055489 4.859501 465.736920 -12.111071
1 -25.704602 0.210291 -2.422005 5.878638 465.496876 0.773746 -11.130410 6.229175 227.264778 0.616695 57.551123 6.397560 409.902105 -12.111071
1 -39.177455 0.584456 0.205455 2.073758 343.591556 0.652360 -50.367633 10.920243 135.405099 0.602741 57.398945 4.505566 422.590980 -12.111071
1 -16.093011 0.297231 2.123279 6.690639 499.412966 0.760128 -27.018598 6.528615 176.616751 0.744656 53.806142 4.586840 419.745909 -12.111071
1 -29.668227 0.119295 16.011435 7.080661 372.658507 0.710747 -9.319828 1.898965 286.170650 0.538390 68.137814 5.690396 396.490182 -12.111071
1 -14.894366 0.276825 -7.326357 2.519604 383.489524 0.633921 33.832836 8.180544 211.663357 0.593171 43.932414 2.782905 302.976186 -12.111071
1 -29.831985 0.557629 -12.237876 3.104347 273.166715 0.424133 -0.532403 1.548674 250.015171 0.518249 51.668668 5.029752 448.172248 -12.111071
1 -8.551518 0.051304 17.316237 4.306478 286.613029 0.515584 -1.706714 2.601583 329.251680 0.320896 41.937203 3.441730 311.811826 -12.111071
1 -13.278473 0.528192 11.834546 1.315447 292.970407 0.252080 -68.108698 2.594903 223.331475 0.510470 9.245203 3.806782 370.847282 -12.111071
1 -75.124143 0.164169 17.696479 1.546969 331.230351 0.402158 7.796182 4.728964 279.942417 0.606825 2.571902 0.668698 193.546632 -12.111071
1 -15.995525 0.672140 6.521534 2.139245 268.157556 0.382446 -65.163776 3.295893 267.169128 0.545855 42.209062 5.053212 449.554158 -12.207766
1 -33.928015 0.096117 -1.759454 6.268525 498.020295 0.792795 -3.824076 6.642189 228.512497 0.627891 64.961942 6.156319 353.663576 -12.207766
1 -29.249206 0.612430 -1.530546 1.148893 309.184480 0.598649 -49.270618 10.909210 149.168710 0.581374 54.485064 4.280675 427.228784 -12.207766
1 -14.915504 0.374871 -6.303554 6.052685 454.963551 0.719342 -15.362718 6.010557 174.265009 0.701496 51.382743 4.194455 426.124060 -12.207766
1 -21.149300 0.059658 7.688690 7.105877 404.151086 0.728356 -10.505188 2.556354 283.646016 0.538663 64.784311 5.094228 367.712555 -12.207766
1 -19.535385 0.281857 -7.698546 2.442675 376.219188 0.613579 31.617653 7.626762 215.278081 0.585258 50.237995 2.970046 297.542157 -12.207766
1 -11.682095 0.648484 2.399307 1.719887 223.781733 0.354050 -6.197054 1.167170 234.732100 0.523662 44.044445 4.756692 466.608238 -12.207766
1 -7.425967 0.059449 21.813452 4.134797 281.580524 0.498709 -1.887135 2.707679 333.030637 0.330033 40.139921 3.420007 309.559857 -12.207766
1 -9.172784 0.564318 8.543191 1.435905 295.126375 0.253477 -70.142903 2.556320 222.540852 0.517023 11.026964 4.105059 386.955635 -12.207766
1 -19.963091 0.315810 3.905713 6.905713 497.609725 0.752650 -31.642086 6.704559 185.203722 0.747133 50.743090 4.374535 438.623276 -12.207766
1 -12.780505 0.711277 0.912017 0.191070 221.261445 0.327157 -51.786132 3.776159 264.928045 0.503401 36.461266 4.541953 411.834674 -12.322314
1 -28.323957 0.214961 -2.205408 5.012403 461.282937 0.732008 -14.702952 7.556999 217.423213 0.602580 62.940117 6.191815 363.154356 -12.322314
1 -25.439354 0.632696 -0.355696 1.389477 310.734024 0.568950 -43.665467 11.356011 154.366218 0.549680 55.943018 4.268127 424.950068 -12.322314
1 -16.521879 0.369814 -2.618426 6.552718 462.365447 0.671717 -34.484331 3.521307 180.204567 0.722812 49.876040 4.824036 447.906512 -12.322314
1 -21.395155 0.126542 4.365673 6.496296 389.024226 0.689762 -4.203433 2.299537 267.423563 0.555108 61.973454 4.635104 373.427873 -12.322314
1 -23.524410 0.204028 -4.637065 3.254706 411.178090 0.603330 34.305692 7.170510 201.139688 0.568965 51.213788 3.153489 289.999104 -12.322314
1 -44.601051 0.730596 -9.169343 1.170063 229.813980 0.360657 -19.702889 0.672482 232.628423 0.548263 58.994936 5.600359 476.740375 -12.322314
1 -9.203784 0.079009 21.661873 3.871555 272.022259 0.479240 -1.082460 2.541082 334.321764 0.325029 39.466399 3.421402 311.278292 -12.322314
1 -9.039501 0.677073 7.989824 0.143518 246.460804 0.181053 -74.941707 2.504789 237.197587 0.476612 1.717427 3.945164 383.210746 -12.322314
1 -19.980120 0.305031 1.861626 7.032269 496.173512 0.757076 -30.255319 6.392435 190.045819 0.769058 50.600988 4.196357 442.480356 -12.322314
1 -9.244942 0.738348 1.729117 0.156142 225.515563 0.304024 -56.936501 3.416776 256.660421 0.510888 38.099999 4.524151 424.187178 -12.450145
1 -17.214360 0.363453 0.102583 4.080997 406.284781 0.645146 -46.640210 6.842103 219.010960 0.595364 67.021194 7.178549 395.071584 -12.450145
1 -26.332676 0.577275 -0.075545 1.697043 332.149459 0.599370 -38.865736 12.019071 151.644814 0.555820 54.569469 4.054386 408.644804 -12.450145
1 -17.819367 0.439610 -7.341151 6.527608 462.675966 0.658329 -41.389248 2.531182 150.370116 0.746238 46.409764 4.670173 477.368439 -12.450145
1 -47.073710 0.150827 4.857842 6.559248 387.612758 0.673432 -6.170755 1.901858 269.135959 0.575562 55.980158 3.999788 381.657811 -12.450145
1 -35.398647 0.194431 -6.700301 2.909503 400.603507 0.597378 39.091437 6.751071 216.401943 0.563014 51.307011 3.504102 285.593851 -12.450145
1 -45.130951 0.714060 -3.699822 1.534700 255.117798 0.388204 -17.553982 0.629473 222.727581 0.524067 60.427591 5.944133 471.264049 -12.450145
1 -12.040344 0.094948 25.919678 3.781285 239.721431 0.449930 3.059378 2.896130 360.747880 0.266061 44.229728 3.456373 319.696631 -12.450145
1 -9.670431 0.699639 7.643358 0.088712 251.244594 0.263819 -71.794381 2.614114 227.486457 0.331255 -4.843336 4.622858 382.848656 -12.450145
1 -14.516958 0.242619 3.565540 6.219181 497.622621 0.728516 -28.639615 7.651233 204.140069 0.740811 42.121184 3.470120 390.506384 -12.450145
1 -12.390128 0.677713 5.387143 1.118289 269.378429 0.345334 -73.279099 4.245976 263.223663 0.547606 31.294008 4.400476 435.762121 -12.573244
1 -15.367112 0.373256 -2.557429 4.291422 404.810917 0.618692 -48.442496 7.186894 236.236412 0.601656 63.822369 6.949258 392.207924 -12.573244
1 -35.243533 0.776475 -11.598863 1.289017 313.481885 0.563214 -56.568458 10.308651 110.079171 0.580021 62.745281 5.817414 475.561782 -12.573244
1 -19.299786 0.443974 -6.251667 6.839747 470.670908 0.631694 -23.608141 2.039458 145.061252 0.780131 54.151022 4.031700 463.136201 -12.573244
1 -43.864880 0.157980 7.778607 6.284137 406.792851 0.698256 0.669074 1.976247 275.467009 0.513826 55.012930 3.886275 355.873110 -12.573244
1 -27.898944 0.178680 -9.284404 3.639563 436.175491 0.644156 33.638040 6.853590 203.770722 0.617108 50.007227 3.503050 293.007222 -12.573244
1 -29.976191 0.700753 -5.724806 1.455580 282.522310 0.452945 10.698360 1.785499 183.290159 0.528896 63.620505 5.212040 446.945756 -12.573244
1 -15.366603 0.085773 31.140964 3.789755 245.891767 0.445452 3.281481 3.056762 365.582045 0.268540 48.692459 3.769560 318.954302 -12.573244
1 -10.003419 0.773673 3.339503 0.479083 237.389587 0.355565 -84.955999 2.996020 253.046297 0.314130 -8.029758 4.644653 414.877613 -12.573244
1 -15.731191 0.237261 4.711347 6.227866 494.115682 0.708252 -24.726474 7.102682 213.513186 0.734163 43.468172 3.241276 385.302102 -12.573244
1 -10.118066 0.692446 2.158482 1.185801 261.712279 0.378151 -84.016280 3.456163 250.867627 0.495223 27.719240 4.061083 427.075450 -12.675304
1 -17.016049 0.382200 -6.343514 4.121835 405.180341 0.606355 -53.296050 7.187885 231.271500 0.622438 61.881772 7.109339 406.169735 -12.675304
1 -24.001635 0.796598 -5.450818 1.083852 292.867801 0.549597 -62.630463 10.200993 116.310644 0.530278 61.973044 5.405404 470.721317 -12.675304
1 -12.623139 0.484978 -8.747044 6.503567 450.320980 0.579835 -27.545141 2.080074 129.586350 0.735778 50.473997 4.767394 478.491355 -12.675304
1 -20.234678 0.023838 11.446584 6.590832 432.353299 0.728068 -0.846675 4.325292 291.306921 0.526948 54.769278 3.818496 332.848752 -12.675304
1 -25.895389 0.163876 -5.876894 3.473447 429.663107 0.647504 26.470620 8.303678 206.107468 0.604788 51.273492 3.455045 289.798561 -12.675304
1 -29.715690 0.722294 -7.152611 1.199760 272.074281 0.421910 8.072079 1.269856 186.013188 0.544623 59.343845 5.147544 447.911540 -12.675304
1 -12.606660 0.091042 31.270509 3.770158 244.575510 0.448870 2.975823 3.094426 362.870207 0.257160 46.783828 3.716042 318.499589 -12.675304
1 -13.402024 0.786244 5.212957 0.358615 252.874694 0.367368 -86.166774 2.731651 256.197709 0.314662 -0.421363 5.674583 407.771285 -12.675304
1 -21.677588 0.322654 5.852461 6.078262 496.735651 0.690642 -30.499520 6.922176 181.884301 0.768544 45.773528 3.689687 416.893814 -12.675304
1 -9.522891 0.723034 -0.712018 0.228211 254.589373 0.369799 -82.523273 4.288655 254.562168 0.484525 22.550317 3.823066 403.019582 -12.835205
1 -23.314172 0.426429 -3.215725 3.878064 403.735684 0.598859 -62.023430 6.482293 213.926356 0.586606 56.636722 6.880936 416.617772 -12.835205
1 -27.673637 0.789428 -5.277198 1.247682 299.369530 0.562337 -65.669350 10.344595 118.788394 0.540520 63.128986 5.523598 473.749601 -12.835205
1 -11.488699 0.492045 -14.488436 6.543220 462.877139 0.579330 -23.061832 2.160161 110.965017 0.735106 48.563936 5.025033 475.108252 -12.835205
1 -6.469997 0.014179 22.512849 5.503450 344.325608 0.665485 -1.335003 3.988821 337.104318 0.437292 43.322406 3.367441 341.487050 -12.835205
1 -17.244129 0.235970 -11.170847 2.836223 385.134611 0.567350 22.949141 7.753305 251.447855 0.640362 55.744138 2.992935 283.142775 -12.835205
1 -24.854542 0.790874 9.531627 0.256733 261.077340 0.383525 -87.675834 3.177870 268.888317 0.289789 -4.089484 5.723289 398.681244 -12.835205
1 -16.838159 0.094051 31.309800 3.647160 238.245858 0.435935 1.835273 2.847703 366.007614 0.242165 45.840744 3.730625 313.997308 -12.835205
1 -15.404952 0.758196 8.701359 0.307536 248.985500 0.361671 -80.058013 2.942449 274.786199 0.290076 -4.711227 5.473949 387.808023 -12.835205
1 -22.341969 0.245792 9.629575 5.990453 497.553523 0.716742 -11.115950 8.097409 193.247065 0.753378 52.194389 3.955852 388.000701 -12.835205
1 -14.047549 0.760830 -6.015412 0.531193 239.641661 0.373012 69.534995 4.325090 274.017784 0.397109 14.631703 3.351636 400.764114 -12.977326
1 -28.315854 0.408217 -4.022970 4.024458 405.555369 0.600503 -44.909331 6.639190 214.137277 0.599315 61.122890 6.600238 416.309093 -12.977326
1 -24.378904 0.766140 -2.958161 1.619191 302.463249 0.563996 -71.226322 9.637886 117.836725 0.518788 65.723318 5.459538 465.807238 -12.977326
1 -14.835388 0.447602 -8.173495 6.585749 478.841188 0.613188 -29.649466 2.203223 110.251674 0.756060 49.206569 4.654894 473.075312 -12.977326
1 -13.492066 0.000371 27.114330 5.254032 307.303654 0.598427 4.469231 3.513966 359.627478 0.383261 40.640806 3.046150 325.948263 -12.977326
1 -15.267004 0.279995 -12.179089 2.643311 367.251948 0.541117 20.149357 7.794167 266.797557 0.660775 53.827611 2.664103 289.129251 -12.977326
1 -25.735250 0.767892 11.684536 0.035047 251.464069 0.364744 -76.369957 3.275589 280.560510 0.281650 -6.587988 5.269427 378.825525 -12.977326
1 -9.614514 0.064594 32.378170 3.648998 234.574076 0.448008 1.449365 3.226778 371.791195 0.246572 50.733680 3.820343 314.823282 -12.977326
1 -9.443164 0.783667 5.706725 0.412673 245.620925 0.373133 -85.842504 2.559708 267.859270 0.299585 -10.696122 5.890891 398.687761 -12.977326
1 -5.686346 0.016143 22.052217 5.203901 340.931157 0.659499 -2.339759 4.270061 343.285584 0.434711 42.327856 3.300036 331.135069 -12.977326
1 -18.289802 0.752957 -5.318563 0.362171 235.027324 0.364478 71.087608 4.427667 283.446376 0.388787 12.059229 3.291761 393.032327 -13.124128
1 -24.009144 0.393964 5.070412 4.007002 400.257311 0.605355 -46.286561 7.202680 223.362325 0.570594 58.758419 6.658159 414.226147 -13.124128
1 -26.351835 0.768664 -3.753752 1.687097 315.749173 0.559823 -75.716420 9.811196 113.516292 0.525964 71.091856 5.867230 470.096788 -13.124128
1 -12.553580 0.438248 -4.778169 6.278576 480.033769 0.620731 -30.444237 2.410142 93.848296 0.777237 48.031257 4.399643 470.301505 -13.124128
1 -7.757858 0.026813 26.557288 4.538963 309.815213 0.643985 2.652277 4.145735 354.469554 0.434999 28.599146 3.217945 356.347348 -13.124128
1 -18.792645 0.276277 -11.665907 2.366419 360.912779 0.544425 22.075221 7.942881 282.226062 0.661915 50.401499 2.608125 291.162623 -13.124128
1 -26.540901 0.769975 9.892514 0.030840 257.846029 0.371475 -70.597992 3.426007 279.765785 0.299173 -6.344086 5.157501 377.440533 -13.124128
1 -11.529076 0.057460 33.169243 3.642361 233.226865 0.461509 1.987438 3.237764 372.126953 0.249831 50.392235 3.753752 312.617577 -13.124128
1 -9.471402 0.775545 4.298320 0.573310 255.106000 0.394299 -85.668082 2.575757 261.120684 0.323531 -9.191306 5.629426 401.355845 -13.124128
1 -8.804598 0.006935 24.187109 4.432289 326.038182 0.610653 0.292757 4.533929 354.657262 0.402509 53.182740 3.395152 311.778145 -13.124128
1 -19.625919 0.756810 -5.939026 0.276659 232.382786 0.362541 71.242175 4.541165 284.960441 0.386276 12.686463 3.276253 391.913303 -13.410662
1 -31.531348 0.306179 6.207299 5.607650 455.668833 0.627645 -40.678953 4.742624 204.517428 0.640304 54.640677 6.441936 424.926726 -13.410662
1 -24.798014 0.792640 -3.951458 1.530708 315.365443 0.532430 -74.393565 9.715567 115.347988 0.497520 71.850596 5.972127 470.304633 -13.410662
1 -12.521955 0.458367 -10.927691 6.279992 471.842366 0.632870 -30.276908 2.557097 99.195920 0.778821 49.040795 4.403648 467.293144 -13.410662
1 -10.030116 0.072375 25.310353 4.427529 306.515058 0.633457 3.130894 4.061952 346.776220 0.431508 27.000713 3.274172 365.292030 -13.410662
1 -16.206842 0.291144 -11.861417 2.384974 363.083797 0.552298 22.482234 7.993713 273.069917 0.674916 48.638157 2.627780 305.471681 -13.410662
1 -13.771075 0.768016 9.173859 0.314523 255.998284 0.364175 -71.123516 3.161168 243.750648 0.259631 -18.013090 4.995463 400.287671 -13.410662
1 -12.970352 0.068323 32.952548 3.667541 237.696535 0.456010 0.613642 3.149145 370.460098 0.246895 49.309540 3.872718 316.706105 -13.410662
1 -6.056172 0.728603 7.152394 0.971691 249.643513 0.382461 -66.106897 2.484780 273.193405 0.289273 -5.201110 6.074116 378.880076 -13.410662
1 -12.617304 0.018145 26.959167 4.000404 359.466580 0.632512 -2.203769 3.829844 282.825650 0.511319 48.833837 4.656949 345.540807 -13.410662
1 -22.423313 0.749391 -5.798913 0.314699 233.576827 0.365591 72.005542 4.555514 285.179759 0.389282 13.256724 3.258303 391.572585 -13.838414
1 -29.283298 0.328435 0.175584 5.280276 453.241314 0.640724 -39.223726 5.353819 205.135244 0.671276 52.320766 6.491182 428.220125 -13.838414
1 -12.211416 0.799072 10.690246 0.386138 247.618991 0.342856 -64.140137 2.433532 273.316258 0.290058 -3.484107 5.176621 375.791094 -13.838414
1 -11.116604 0.436776 -15.881148 6.320393 472.675799 0.635577 -27.804995 2.380970 100.936979 0.791560 47.127299 4.870034 464.789589 -13.838414
1 -11.637669 0.050873 29.643696 4.717499 306.537854 0.626611 3.879011 3.715293 348.297816 0.416030 30.279596 3.288458 363.469079 -13.838414
1 -14.707794 0.308134 -7.777603 1.872142 328.068024 0.501531 22.465971 7.912543 295.071330 0.585681 41.295405 2.335317 303.238314 -13.838414
1 -11.254463 0.682651 10.570889 0.785177 261.119292 0.392710 -69.513392 2.749114 230.183464 0.273837 -7.605382 5.265161 411.971895 -13.838414
1 -6.019139 0.040272 35.060511 3.489720 245.735039 0.448209 0.189514 3.138247 355.413128 0.275545 39.148237 4.005049 324.698669 -13.838414
1 -6.225359 0.694070 9.208589 1.162616 256.244693 0.427681 -67.291844 2.382998 274.208549 0.312949 7.442234 6.067560 384.072572 -13.838414
1 -12.147116 0.020323 26.028120 4.085663 366.626377 0.639531 -3.658631 3.909253 278.460052 0.525176 49.511302 4.724106 347.770985 -13.838414
1 -8.392633 0.782362 -9.214840 0.037842 237.648672 0.363634 75.050441 4.747374 266.476725 0.389408 16.472605 3.504655 386.587147 -14.150124
1 -10.483342 0.653222 11.610505 1.668718 280.211132 0.455817 -69.967466 2.400992 269.963291 0.351787 10.310613 6.294387 388.752264 -14.150124
1 -8.144072 0.747502 10.109419 0.884609 256.177196 0.360752 -52.858781 2.952716 273.053062 0.344052 6.100970 4.784185 380.689214 -14.150124
1 -14.181242 0.392727 -15.461115 6.670871 482.574912 0.671553 -25.899435 2.404075 100.946990 0.799058 51.884172 5.106392 466.002974 -14.150124
1 -12.007463 0.036858 37.744889 4.940113 324.953917 0.647399 3.426493 3.510664 324.183975 0.403297 34.540995 3.669597 376.089939 -14.150124
1 -12.313049 0.264669 -5.208230 2.347866 344.120678 0.522056 9.563918 7.526088 293.212869 0.610184 45.496428 2.534584 302.973363 -14.150124
1 -5.748459 0.714482 4.946498 0.929506 271.303596 0.397271 -73.597143 2.870687 217.054656 0.293654 -10.737167 5.320640 419.052358 -14.150124
1 -6.986833 0.034446 34.231351 3.606184 249.432048 0.456885 -0.426762 3.143219 354.049166 0.282852 40.783122 4.097285 325.522611 -14.150124
1 -10.038895 0.703552 8.456879 0.956412 253.117034 0.421151 -73.052177 2.768031 287.711669 0.282416 9.888389 6.355728 376.554986 -14.150124
1 -13.278260 0.033396 24.804334 4.041477 365.057522 0.648546 -3.731702 3.895619 277.665013 0.529055 49.836258 4.751234 347.260158 -14.150124
1 -5.481124 0.758240 -3.331129 0.833901 270.994910 0.362402 56.976437 4.223135 248.660689 0.400895 5.890670 3.674876 412.947070 -14.611447
1 -21.929929 0.642324 14.244900 1.631356 285.721170 0.463253 -73.491860 2.009852 258.284307 0.340824 15.038067 6.272669 387.806888 -14.611447
1 -8.188196 0.738153 11.103123 1.097735 259.016168 0.362180 -54.982505 2.705979 270.428785 0.356467 8.361909 4.893419 384.693794 -14.611447
1 -15.494758 0.516455 -2.738337 7.203677 472.203986 0.585309 -24.982939 3.717098 152.864068 0.779365 53.161713 4.367485 483.945585 -14.611447
1 -8.911137 0.094306 34.072696 4.935268 339.075348 0.646526 0.366285 3.460895 305.695946 0.447453 29.935072 3.745409 379.346612 -14.611447
1 -7.477830 0.721399 4.698770 1.085228 278.085851 0.406405 -68.381325 2.883594 221.249192 0.333241 -5.792577 5.231345 420.196820 -14.611447
1 -11.445346 0.692894 10.781121 0.642113 265.847887 0.445964 -51.646366 3.895304 210.207341 0.364672 -15.449234 4.881748 422.170291 -14.611447
1 -5.888697 0.034150 34.296965 3.747820 251.366066 0.464135 -1.411884 3.197222 354.519485 0.283064 41.518439 4.029201 325.016296 -14.611447
1 -9.150967 0.723525 7.985187 0.442958 226.857474 0.409189 -57.788925 2.685185 296.684807 0.239139 10.775205 6.542438 371.429265 -14.611447
1 -23.140050 0.009726 23.979679 4.372991 373.753668 0.658372 -1.096210 3.673960 282.921103 0.547241 54.416386 4.430514 349.215178 -14.611447
1 -6.251540 0.688714 0.977058 1.300647 286.092507 0.361837 88.386487 3.965925 216.883944 0.466870 19.820058 4.044070 433.658253 -14.934518
1 -10.584847 0.670880 11.346669 1.498706 271.335097 0.425544 -61.130413 2.345226 272.507425 0.276997 4.509601 6.487011 382.498827 -14.934518
1 -7.355558 0.728148 10.621806 0.672300 242.301048 0.343178 -46.529857 3.428448 288.600912 0.337149 5.912842 4.453325 372.549990 -14.934518
1 -20.212265 0.517260 -4.958839 7.426213 480.484077 0.581135 -12.160209 4.421231 149.536943 0.786472 52.150702 4.289902 486.700950 -14.934518
1 -8.359314 0.102692 33.652556 4.760590 334.453325 0.646329 0.206966 3.646008 309.361189 0.439797 29.249291 3.612396 378.918108 -14.934518
1 -6.067769 0.724049 4.531695 0.679643 257.740910 0.358808 -68.319533 2.905325 237.925063 0.292916 -1.843375 5.290960 402.306785 -14.934518
1 -11.307875 0.782462 4.232025 0.984714 285.552397 0.595658 -83.800892 5.366005 278.362763 0.279147 -24.275633 5.840626 396.730495 -14.934518
1 -8.129529 0.031021 33.209669 4.018013 268.844057 0.455718 1.107005 3.120961 350.342488 0.304846 46.635953 4.009456 324.547404 -14.934518
1 -6.340387 0.765699 1.528603 0.049890 211.003628 0.422260 -69.795976 1.490319 294.024846 0.264088 14.367384 6.327441 319.604929 -14.934518
1 -19.180031 0.020098 20.882162 5.521636 362.022474 0.680161 -7.788168 2.846765 277.778590 0.554079 56.731694 4.499981 369.192413 -14.934518
1 -7.567073 0.712374 2.696110 0.879131 275.608800 0.428358 -88.297263 5.367916 243.173886 0.423387 9.221952 3.922653 422.869459 -15.224054
1 -8.117447 0.674254 3.745840 1.300318 273.460326 0.387158 -89.267545 3.364465 273.644617 0.346613 2.102037 4.326729 375.182211 -15.224054
1 -6.773439 0.736407 9.624696 0.809258 246.205754 0.362960 -51.769318 3.067236 289.197500 0.359653 7.299892 4.706455 369.006094 -15.224054
1 -12.357244 0.547133 -6.005379 7.249818 477.600044 0.577945 -16.050293 4.524802 149.377036 0.777830 49.543805 4.370091 487.051770 -15.224054
1 -5.623894 0.040511 32.259514 4.387228 325.445513 0.693571 -0.460410 3.618051 314.768142 0.416539 32.049078 3.457577 358.523998 -15.224054
1 -11.634902 0.691347 6.449656 1.181960 261.734921 0.328601 -89.140262 2.100849 256.363479 0.273459 0.385793 5.486324 392.167484 -15.224054
1 -9.435793 0.777074 5.958037 1.001155 280.420450 0.633154 -73.588636 5.164679 290.252385 0.266950 -23.159055 6.301878 386.475935 -15.224054
1 -10.780351 0.060781 30.316569 3.774479 265.068754 0.464446 -2.022429 3.258716 351.179895 0.297690 46.669385 4.127012 322.226255 -15.224054
1 -6.835412 0.790923 -0.665387 0.338024 230.123230 0.516793 -74.874151 2.670534 298.508586 0.265999 2.154505 5.941179 350.753897 -15.224054
1 -12.512323 0.026245 22.821758 5.474735 360.060055 0.681121 -11.303579 2.907215 279.262773 0.529630 55.967304 4.657179 366.396911 -15.224054
1 -4.569647 0.793279 -3.434735 1.237698 299.544531 0.419416 84.893632 5.722957 223.752778 0.509661 7.754840 3.424483 434.950674 -15.708636
1 -4.225717 0.734074 2.470973 1.898820 295.509129 0.340241 -69.738329 3.397929 258.676331 0.458543 6.577248 3.905114 388.729543 -15.708636
1 -5.568492 0.758123 5.640560 0.782984 245.497753 0.340748 -56.259807 2.693306 269.190829 0.355485 4.149208 4.788637 377.026196 -15.708636
1 -19.479286 0.519902 -5.131583 7.244817 472.359707 0.579592 0.277504 4.560652 153.367141 0.770167 53.059340 4.341625 495.916648 -15.708636
1 -11.069006 0.030467 32.473284 4.454798 323.313015 0.667704 1.699151 3.650234 317.810582 0.412073 34.650450 3.449023 355.934297 -15.708636
1 -12.839029 0.782956 7.718997 0.032485 231.941713 0.265409 -86.315694 1.878717 264.183623 0.202910 -5.948744 5.831997 377.540397 -15.708636
1 -5.602023 0.045679 31.254540 4.224034 316.691036 0.662575 -2.209671 3.533899 318.387395 0.412187 33.955716 3.628833 356.079557 -15.708636
1 -8.154435 0.055649 30.986894 3.744072 264.005499 0.458618 -1.942231 3.231294 350.376719 0.290508 46.574471 4.162718 323.359153 -15.708636
1 -6.658134 0.763046 -4.364456 0.403257 226.137510 0.550055 -73.565303 2.857438 293.376287 0.265144 4.703035 5.844599 351.941983 -15.708636
1 -8.996470 0.082555 22.338974 5.143791 355.310111 0.678744 -9.332756 3.504369 287.454692 0.526850 43.272853 4.163978 383.152725 -15.708636
1 -4.590987 0.783922 -2.595950 1.333506 295.873826 0.401449 86.275308 5.588939 226.027234 0.506696 10.435095 3.442565 438.017541 -16.066771
1 -7.271516 0.645967 8.292652 2.111472 314.965951 0.334728 -55.903607 3.590060 277.970445 0.509685 9.584467 3.237213 338.417124 -16.066771
1 -5.949461 0.661466 4.188145 0.750935 248.127014 0.346980 -56.506615 2.283180 252.439234 0.358529 6.714732 3.719792 337.674438 -16.066771
1 -6.728272 0.028757 31.963574 4.326170 324.603176 0.678878 -1.459663 3.606450 319.485569 0.429362 35.151801 3.545271 355.920442 -16.066771
1 -8.121451 0.085675 32.399148 3.711620 324.333127 0.661968 0.756740 4.356814 315.847641 0.411033 33.557554 3.583961 359.224864 -16.066771
1 -11.748081 0.753061 8.878048 0.192336 240.469983 0.303868 -79.503644 2.130652 252.916165 0.215743 -5.518336 5.752977 386.812270 -16.066771
1 -9.983866 0.032079 33.687914 4.356461 304.110508 0.637280 0.025478 3.426527 326.308069 0.392701 38.743015 3.734010 353.145167 -16.066771
1 -6.489646 0.070195 28.672915 3.984913 270.151912 0.450594 -2.046992 3.067754 342.540046 0.285984 46.771757 4.293242 329.415782 -16.066771
1 -7.669763 0.769947 -0.063190 0.499914 240.072218 0.589218 -72.465812 2.708189 297.321388 0.316133 11.985799 5.590224 345.451770 -16.066771
1 -8.783162 0.071850 28.253825 4.966265 354.449153 0.666184 -9.437410 3.632436 287.225461 0.524244 44.145303 4.300693 383.158916 -16.066771
1 -5.256699 0.734518 -0.750703 1.045915 293.916466 0.413992 -84.193239 6.038885 219.785623 0.510965 8.878519 3.462845 427.540701 -16.581949
1 -5.268071 0.657518 2.850502 1.944040 294.079823 0.320186 -61.492877 3.246344 271.322716 0.494807 10.685320 3.061329 337.205929 -16.581949
1 -4.946453 0.720786 2.038313 0.479922 248.935123 0.340218 -53.527925 2.298977 240.629009 0.341674 3.159038 3.843374 346.930392 -16.581949
1 -6.321847 0.000899 35.591656 4.745006 334.747279 0.676499 -1.003535 3.792969 333.241040 0.446075 37.105237 3.093073 333.805972 -16.581949
1 -9.838436 0.053632 35.920423 3.817326 334.940637 0.741589 2.927310 4.394374 306.319976 0.445775 28.525784 3.605548 378.220745 -16.581949
1 -11.602098 0.753065 9.087116 0.119092 238.499183 0.327920 -71.022871 2.253125 256.752047 0.210795 -4.325921 5.959065 388.832063 -16.581949
1 -7.952290 0.002964 37.503291 4.252796 299.067159 0.621570 2.603246 3.299534 328.498853 0.384100 32.452283 3.677341 357.354581 -16.581949
1 -9.244321 0.065724 27.486710 4.099829 275.838236 0.460860 -1.814642 3.087164 342.946499 0.300427 48.031127 4.234341 325.492786 -16.581949
1 -5.371141 0.668288 5.397052 0.907887 262.930323 0.688430 -65.305096 3.659123 290.922049 0.461771 21.703684 6.575991 376.415231 -16.581949
1 -8.014870 0.029078 28.463574 4.936483 344.192636 0.678237 -6.317220 3.636591 289.841523 0.495582 44.434947 4.464597 386.189724 -16.581949
1 -5.448918 0.748424 -0.134120 0.861465 285.086006 0.419132 -83.955609 5.854032 222.421131 0.458906 5.320949 3.991708 433.651633 -17.057634
1 -3.617223 0.676243 -0.947147 1.988483 296.284494 0.300967 -57.548660 2.985403 268.876896 0.526231 12.997893 2.663433 323.292999 -17.057634
1 -4.873622 0.730702 2.878147 1.221792 279.439604 0.300739 -56.462985 2.913335 243.021524 0.380224 5.492156 3.703271 370.087439 -17.057634
1 -4.742176 0.039957 35.741050 4.731945 339.722410 0.677130 -2.697183 4.022318 329.628160 0.473630 36.016081 3.098003 336.422026 -17.057634
1 -5.852660 0.047334 36.251917 3.911140 337.782410 0.764083 0.261958 4.506376 315.446654 0.494844 25.379454 3.264326 364.298733 -17.057634
1 -7.267888 0.662295 9.201166 0.572850 242.750222 0.318365 -66.504034 2.571957 257.013655 0.196734 -2.210243 5.797895 383.501480 -17.057634
1 -8.514536 0.007116 34.305655 4.829244 291.668619 0.605248 2.984846 3.014246 332.706063 0.368390 32.646731 3.517812 363.886877 -17.057634
1 -6.860460 0.064943 26.321803 4.156124 277.031700 0.455189 -2.448990 3.277759 346.038363 0.298673 47.978037 4.347471 329.955272 -17.057634
1 -4.805660 0.688517 4.295600 1.016027 261.695958 0.658750 -65.440334 3.238505 295.031430 0.467737 22.507161 6.332700 357.402827 -17.057634
1 -7.135095 0.725906 1.884358 0.726576 252.448990 0.432423 -67.042612 2.467625 284.535840 0.495549 -0.972563 3.533604 296.373130 -17.057634
1 -12.005395 0.736325 -1.661931 0.879738 289.815373 0.433765 -76.652377 5.734885 213.623106 0.438711 16.046591 3.807458 433.141378 -17.795030
1 -3.371339 0.671946 -0.949856 1.913032 286.855303 0.278161 -57.604376 2.364505 278.162837 0.574034 10.740312 2.086169 289.776604 -17.795030
1 -6.924744 0.785591 4.729459 0.579071 268.272890 0.324797 -59.078070 3.178329 237.846040 0.388942 -0.464388 3.424810 369.551473 -17.795030
1 -8.960030 0.014229 36.932464 4.622291 339.022661 0.676093 0.671808 3.798357 330.627331 0.477217 38.645951 3.033522 334.335982 -17.795030
1 -7.220026 0.048752 38.565115 3.856407 337.292372 0.763928 1.484452 4.529705 304.038946 0.475060 25.756789 3.416369 376.193683 -17.795030
1 -8.336599 0.714989 -8.001596 1.045216 276.319345 0.486163 -70.930078 2.475404 292.233657 0.656110 2.286745 0.887476 229.072424 -17.795030
1 -8.358066 0.007405 34.494259 4.709018 295.264695 0.614444 2.599156 3.300892 325.475651 0.337401 33.782663 3.778665 379.490488 -17.795030
1 -6.233210 0.057634 25.213185 3.999361 291.293167 0.452353 -2.035958 3.430030 339.894071 0.258893 51.084417 4.325081 316.194570 -17.795030
1 -5.034819 0.669707 0.018166 0.757879 239.198410 0.589208 -63.936993 2.641822 299.886226 0.329833 31.964009 7.278413 336.344486 -17.795030
1 -7.248358 0.759863 0.320197 0.171057 251.371822 0.451357 -77.245583 2.789855 285.661684 0.498482 -5.793232 3.092333 292.292270 -17.795030
1 -6.989152 0.029634 24.379771 3.869724 289.051810 0.434689 -0.601223 3.592497 343.503592 0.242596 48.916889 4.731057 322.966171 -18.435340
1 -6.834702 0.669580 1.117826 1.830062 289.838997 0.317185 -58.186367 2.368441 267.256420 0.583450 10.614843 2.168028 300.373237 -18.435340
1 -5.627511 0.790613 4.640585 0.472460 264.462338 0.365974 -58.217370 3.375367 241.937110 0.406690 -7.535401 3.778272 374.801524 -18.435340
1 -6.537180 0.023455 39.245725 4.607657 336.755624 0.717031 -1.695491 3.764452 322.583767 0.488458 35.451916 3.083111 341.262073 -18.435340
1 -7.993162 0.062222 37.488596 3.753581 336.745464 0.735949 0.459569 4.548203 304.722560 0.473861 26.219623 3.279183 367.104553 -18.435340
1 -8.650444 0.717551 -8.679583 1.064810 274.365385 0.467058 -70.544446 2.431629 292.493916 0.643284 3.443168 0.928520 228.326289 -18.435340
1 -6.862300 0.016697 33.707783 4.767193 291.267539 0.612675 2.206967 3.144925 324.760045 0.347723 31.581142 3.877027 381.014996 -18.435340
1 -6.291939 0.074636 25.303747 3.758659 290.586568 0.466775 -3.424806 3.620901 337.016928 0.247861 49.223581 4.334621 318.362395 -18.435340
1 -4.402619 0.702815 -2.606749 0.819357 230.795008 0.571104 -65.815198 2.573998 309.313759 0.334457 29.613013 7.642540 330.754245 -18.435340
1 -3.891589 0.703419 4.132480 0.860688 257.624995 0.429085 -64.157044 2.556680 287.280632 0.441642 -8.006016 3.750092 293.701133 -18.435340
