#REFERENCE 3 180.3007650 23.0992140
1	0.000000	-5.529893	1.483687	-1.962819	
1	-0.001515	-5.517578	1.479221	-1.959658	
1	-0.001515	-5.517578	1.479221	-1.959658	
1	0.000000	-5.529893	1.483687	-1.962819	
1	0.004282	-5.566406	1.496784	-1.971939	
1	0.004282	-5.566406	1.496784	-1.971939	
1	0.010544	-5.615234	1.514409	-1.983849	
1	0.010544	-5.615234	1.514409	-1.983849	
1	0.017332	-5.664062	1.532106	-1.995388	
1	0.017332	-5.664062	1.532106	-1.995388	
1	0.024659	-5.712891	1.549866	-2.006542	
1	0.024659	-5.712891	1.549866	-2.006542	
1	0.032537	-5.761719	1.567676	-2.017293	
1	0.032537	-5.761719	1.567676	-2.017293	
1	0.040979	-5.810547	1.585525	-2.027626	
1	0.040979	-5.810547	1.585525	-2.027626	
1	0.048828	-5.853013	1.601089	-2.036271	
1	0.048828	-5.853013	1.601089	-2.036271	
1	0.049952	-5.859375	1.603377	-2.037513	
1	0.049952	-5.859375	1.603377	-2.037513	
1	0.059190	-5.908203	1.621072	-2.046865	
1	0.059190	-5.908203	1.621072	-2.046865	
1	0.068995	-5.957031	1.638735	-2.055748	
1	0.068995	-5.957031	1.638735	-2.055748	
1	0.079379	-6.005859	1.656348	-2.064147	
1	0.079379	-6.005859	1.656348	-2.064147	
1	0.090350	-6.054688	1.673888	-2.072047	
1	0.090350	-6.054688	1.673888	-2.072047	
1	0.097656	-6.085528	1.684956	-2.076788	
1	0.097656	-6.085528	1.684956	-2.076788	
1	0.101747	-6.103516	1.691238	-2.079394	
1	0.101747	-6.103516	1.691238	-2.079394	
1	0.113428	-6.152344	1.708285	-2.086148	
1	0.113428	-6.152344	1.708285	-2.086148	
1	0.125686	-6.201172	1.725152	-2.092365	
1	0.125686	-6.201172	1.725152	-2.092365	
1	0.138521	-6.250000	1.741804	-2.098032	
1	0.138521	-6.250000	1.741804	-2.098032	
1	0.146484	-6.279047	1.751625	-2.101147	
1	0.146484	-6.279047	1.751625	-2.101147	
1	0.151712	-6.298828	1.758077	-2.103100	
1	0.151712	-6.298828	1.758077	-2.103100	
1	0.165131	-6.347656	1.773852	-2.107553	
1	0.165131	-6.347656	1.773852	-2.107553	
1	0.179090	-6.396484	1.789263	-2.111444	
1	0.179090	-6.396484	1.789263	-2.111444	
1	0.193572	-6.445312	1.804258	-2.114773	
1	0.193572	-6.445312	1.804258	-2.114773	
1	0.195312	-6.451023	1.805990	-2.115127	
1	0.195312	-6.451023	1.805990	-2.115127	
1	0.208037	-6.494141	1.818468	-2.117485	
1	0.208037	-6.494141	1.818468	-2.117485	
1	0.222904	-6.542969	1.832091	-2.119654	
1	0.222904	-6.542969	1.832091	-2.119654	
1	0.238214	-6.591797	1.845104	-2.121304	
1	0.238214	-6.591797	1.845104	-2.121304	
1	0.244141	-6.610312	1.849872	-2.121799	
1	0.244141	-6.610312	1.849872	-2.121799	
1	0.253559	-6.640625	1.857210	-2.122437	
1	0.253559	-6.640625	1.857210	-2.122437	
1	0.269047	-6.689453	1.868427	-2.123108	
1	0.269047	-6.689453	1.868427	-2.123108	
1	0.284871	-6.738281	1.878824	-2.123369	
1	0.284871	-6.738281	1.878824	-2.123369	
1	0.292969	-6.762930	1.883737	-2.123359	
1	0.292969	-6.762930	1.883737	-2.123359	
1	0.300692	-6.787109	1.888152	-2.123271	
1	0.300692	-6.787109	1.888152	-2.123271	
1	0.316471	-6.835938	1.896347	-2.122888	
1	0.316471	-6.835938	1.896347	-2.122888	
1	0.332472	-6.884766	1.903535	-2.122286	
1	0.332472	-6.884766	1.903535	-2.122286	
1	0.341797	-6.912993	1.907202	-2.121866	
1	0.341797	-6.912993	1.907202	-2.121866	
1	0.348417	-6.933594	1.909517	-2.121557	
1	0.348417	-6.933594	1.909517	-2.121557	
1	0.364191	-6.982422	1.914206	-2.120804	
1	0.364191	-6.982422	1.914206	-2.120804	
1	0.380113	-7.031250	1.917778	-2.120091	
1	0.380113	-7.031250	1.917778	-2.120091	
1	0.390625	-7.063290	1.919500	-2.119687	
1	0.390625	-7.063290	1.919500	-2.119687	
1	0.395980	-7.080078	1.920105	-2.119532	
1	0.395980	-7.080078	1.920105	-2.119532	
1	0.411612	-7.128906	1.921089	-2.119260	
1	0.411612	-7.128906	1.921089	-2.119260	
1	0.427401	-7.177734	1.920965	-2.119309	
1	0.427401	-7.177734	1.920965	-2.119309	
1	0.439453	-7.214647	1.920152	-2.119611	
1	0.439453	-7.214647	1.920152	-2.119611	
1	0.443232	-7.226562	1.919686	-2.119792	
1	0.443232	-7.226562	1.919686	-2.119792	
1	0.458846	-7.275391	1.917138	-2.120862	
1	0.458846	-7.275391	1.917138	-2.120862	
1	0.474722	-7.324219	1.913614	-2.122502	
1	0.474722	-7.324219	1.913614	-2.122502	
1	0.488281	-7.365137	1.909959	-2.124356	
1	0.488281	-7.365137	1.909959	-2.124356	
1	0.490827	-7.373047	1.909128	-2.124796	
1	0.490827	-7.373047	1.909128	-2.124796	
1	0.506820	-7.421875	1.903553	-2.127916	
1	0.506820	-7.421875	1.903553	-2.127916	
1	0.523271	-7.470703	1.897218	-2.131775	
1	0.523271	-7.470703	1.897218	-2.131775	
1	0.537109	-7.510529	1.891552	-2.135484	
1	0.537109	-7.510529	1.891552	-2.135484	
1	0.540151	-7.519531	1.890148	-2.136438	
1	0.540151	-7.519531	1.890148	-2.136438	
1	0.557141	-7.568359	1.882247	-2.142063	
1	0.557141	-7.568359	1.882247	-2.142063	
1	0.574845	-7.617188	1.873831	-2.148508	
1	0.574845	-7.617188	1.873831	-2.148508	
1	0.585938	-7.646582	1.868569	-2.152768	
1	0.585938	-7.646582	1.868569	-2.152768	
1	0.593094	-7.666016	1.864869	-2.155868	
1	0.593094	-7.666016	1.864869	-2.155868	
1	0.611838	-7.714844	1.855386	-2.164201	
1	0.611838	-7.714844	1.855386	-2.164201	
1	0.631587	-7.763672	1.845622	-2.173363	
1	0.631587	-7.763672	1.845622	-2.173363	
1	0.634766	-7.771214	1.844104	-2.174840	
1	0.634766	-7.771214	1.844104	-2.174840	
1	0.651837	-7.812500	1.835426	-2.183561	
1	0.651837	-7.812500	1.835426	-2.183561	
1	0.673185	-7.861328	1.825049	-2.194612	
1	0.673185	-7.861328	1.825049	-2.194612	
1	0.683594	-7.883982	1.820222	-2.199987	
1	0.683594	-7.883982	1.820222	-2.199987	
1	0.695449	-7.910156	1.814459	-2.206605	
1	0.695449	-7.910156	1.814459	-2.206605	
1	0.718791	-7.958984	1.803738	-2.219508	
1	0.718791	-7.958984	1.803738	-2.219508	
1	0.732422	-7.986001	1.797832	-2.226956	
1	0.732422	-7.986001	1.797832	-2.226956	
1	0.743330	-8.007812	1.792947	-2.233303	
1	0.743330	-8.007812	1.792947	-2.233303	
1	0.769099	-8.056641	1.782120	-2.248002	
1	0.769099	-8.056641	1.782120	-2.248002	
1	0.781250	-8.078484	1.777328	-2.254797	
1	0.781250	-8.078484	1.777328	-2.254797	
1	0.796219	-8.105469	1.771310	-2.263590	
1	0.796219	-8.105469	1.771310	-2.263590	
1	0.824901	-8.154297	1.760585	-2.280023	
1	0.824901	-8.154297	1.760585	-2.280023	
1	0.830078	-8.162724	1.758759	-2.282922	
1	0.830078	-8.162724	1.758759	-2.282922	
1	0.854987	-8.203125	1.749925	-2.297389	
1	0.854987	-8.203125	1.749925	-2.297389	
1	0.878906	-8.239747	1.742072	-2.310900	
1	0.878906	-8.239747	1.742072	-2.310900	
1	0.886941	-8.251953	1.739444	-2.315566	
1	0.886941	-8.251953	1.739444	-2.315566	
1	0.920674	-8.300781	1.729130	-2.334630	
1	0.920674	-8.300781	1.729130	-2.334630	
1	0.927734	-8.310558	1.727103	-2.338528	
1	0.927734	-8.310558	1.727103	-2.338528	
1	0.956342	-8.349609	1.719025	-2.354580	
1	0.956342	-8.349609	1.719025	-2.354580	
1	0.976562	-8.375891	1.713710	-2.365634	
1	0.976562	-8.375891	1.713710	-2.365634	
1	0.994242	-8.398438	1.709185	-2.375380	
1	0.994242	-8.398438	1.709185	-2.375380	
1	1.025391	-8.436393	1.701741	-2.392136	
1	1.025391	-8.436393	1.701741	-2.392136	
1	1.034527	-8.447266	1.699635	-2.397054	
1	1.034527	-8.447266	1.699635	-2.397054	
1	1.074219	-8.492565	1.691063	-2.417962	
1	1.074219	-8.492565	1.691063	-2.417962	
1	1.077400	-8.496094	1.690406	-2.419626	
1	1.077400	-8.496094	1.690406	-2.419626	
1	1.123047	-8.544844	1.681550	-2.443084	
1	1.123047	-8.544844	1.681550	-2.443084	
1	1.123122	-8.544922	1.681536	-2.443123	
1	1.123122	-8.544922	1.681536	-2.443123	
1	1.171875	-8.593603	1.673087	-2.467497	
1	1.171875	-8.593603	1.673087	-2.467497	
1	1.172028	-8.593750	1.673062	-2.467571	
1	1.172028	-8.593750	1.673062	-2.467571	
1	1.220703	-8.639154	1.665574	-2.491200	
1	1.220703	-8.639154	1.665574	-2.491200	
1	1.224535	-8.642578	1.665027	-2.493012	
1	1.224535	-8.642578	1.665027	-2.493012	
1	1.269531	-8.681753	1.658924	-2.514196	
1	1.269531	-8.681753	1.658924	-2.514196	
1	1.281166	-8.691406	1.657478	-2.519501	
1	1.281166	-8.691406	1.657478	-2.519501	
1	1.318359	-8.721601	1.653065	-2.536475	
1	1.318359	-8.721601	1.653065	-2.536475	
1	1.342562	-8.740234	1.650464	-2.547123	
1	1.342562	-8.740234	1.650464	-2.547123	
1	1.367188	-8.758856	1.647933	-2.558020	
1	1.367188	-8.758856	1.647933	-2.558020	
1	1.409516	-8.789062	1.644042	-2.576008	
1	1.409516	-8.789062	1.644042	-2.576008	
1	1.416016	-8.793635	1.643471	-2.578800	
1	1.416016	-8.793635	1.643471	-2.578800	
1	1.464844	-8.826264	1.639591	-2.598982	
1	1.464844	-8.826264	1.639591	-2.598982	
1	1.483377	-8.837891	1.638294	-2.606296	
1	1.483377	-8.837891	1.638294	-2.606296	
1	1.513672	-8.856733	1.636266	-2.618467	
1	1.513672	-8.856733	1.636266	-2.618467	
1	1.562500	-8.885026	1.633466	-2.637150	
1	1.562500	-8.885026	1.633466	-2.637150	
1	1.565601	-8.886719	1.633309	-2.638281	
1	1.565601	-8.886719	1.633309	-2.638281	
1	1.611328	-8.911610	1.631100	-2.655378	
1	1.611328	-8.911610	1.631100	-2.655378	
1	1.659116	-8.935547	1.629227	-2.672330	
1	1.659116	-8.935547	1.629227	-2.672330	
1	1.660156	-8.936068	1.629189	-2.672710	
1	1.660156	-8.936068	1.629189	-2.672710	
1	1.708984	-8.959027	1.627641	-2.689658	
1	1.708984	-8.959027	1.627641	-2.689658	
1	1.757812	-8.980011	1.626469	-2.705736	
1	1.757812	-8.980011	1.626469	-2.705736	
1	1.768798	-8.984375	1.626258	-2.709150	
1	1.768798	-8.984375	1.626258	-2.709150	
1	1.806641	-8.999518	1.625613	-2.721360	
1	1.806641	-8.999518	1.625613	-2.721360	
1	1.855469	-9.017328	1.625060	-2.736288	
1	1.855469	-9.017328	1.625060	-2.736288	
1	1.903667	-9.033203	1.624782	-2.750267	
1	1.903667	-9.033203	1.624782	-2.750267	
1	1.904297	-9.033413	1.624780	-2.750457	
1	1.904297	-9.033413	1.624780	-2.750457	
1	1.953125	-9.048251	1.624743	-2.764288	
1	1.953125	-9.048251	1.624743	-2.764288	
1	2.001953	-9.061469	1.624930	-2.777403	
1	2.001953	-9.061469	1.624930	-2.777403	
1	2.050781	-9.073125	1.625314	-2.789835	
1	2.050781	-9.073125	1.625314	-2.789835	
1	2.093580	-9.082031	1.625790	-2.800130	
1	2.093580	-9.082031	1.625790	-2.800130	
1	2.099609	-9.083311	1.625873	-2.801652	
1	2.099609	-9.083311	1.625873	-2.801652	
1	2.148438	-9.092259	1.626599	-2.813056	
1	2.148438	-9.092259	1.626599	-2.813056	
1	2.197266	-9.099747	1.627460	-2.823826	
1	2.197266	-9.099747	1.627460	-2.823826	
1	2.246094	-9.105807	1.628437	-2.833980	
1	2.246094	-9.105807	1.628437	-2.833980	
1	2.294922	-9.110467	1.629509	-2.843537	
1	2.294922	-9.110467	1.629509	-2.843537	
1	2.343750	-9.113744	1.630660	-2.852509	
1	2.343750	-9.113744	1.630660	-2.852509	
1	2.392578	-9.115654	1.631872	-2.860905	
1	2.392578	-9.115654	1.631872	-2.860905	
1	2.441406	-9.116201	1.633127	-2.868730	
1	2.441406	-9.116201	1.633127	-2.868730	
1	2.490234	-9.115388	1.634407	-2.875986	
1	2.490234	-9.115388	1.634407	-2.875986	
1	2.539062	-9.113207	1.635695	-2.882670	
1	2.539062	-9.113207	1.635695	-2.882670	
1	2.587891	-9.109646	1.636971	-2.888777	
1	2.587891	-9.109646	1.636971	-2.888777	
1	2.636719	-9.104688	1.638215	-2.894297	
1	2.636719	-9.104688	1.638215	-2.894297	
1	2.685547	-9.098308	1.639405	-2.899219	
1	2.685547	-9.098308	1.639405	-2.899219	
1	2.734375	-9.090476	1.640518	-2.903527	
1	2.734375	-9.090476	1.640518	-2.903527	
1	2.778673	-9.082031	1.641427	-2.906844	
1	2.778673	-9.082031	1.641427	-2.906844	
1	2.783203	-9.081179	1.641535	-2.907226	
1	2.783203	-9.081179	1.641535	-2.907226	
1	2.832031	-9.070602	1.642491	-2.910496	
1	2.832031	-9.070602	1.642491	-2.910496	
1	2.880859	-9.058473	1.643302	-2.913114	
1	2.880859	-9.058473	1.643302	-2.913114	
1	2.929688	-9.044739	1.643938	-2.915057	
1	2.929688	-9.044739	1.643938	-2.915057	
1	2.966436	-9.033203	1.644251	-2.915970	
1	2.966436	-9.033203	1.644251	-2.915970	
1	2.978516	-9.029428	1.644394	-2.916376	
1	2.978516	-9.029428	1.644394	-2.916376	
1	3.027344	-9.012672	1.644698	-2.917212	
1	3.027344	-9.012672	1.644698	-2.917212	
1	3.076172	-8.994128	1.644734	-2.917304	
1	3.076172	-8.994128	1.644734	-2.917304	
1	3.099783	-8.984375	1.644603	-2.916975	
1	3.099783	-8.984375	1.644603	-2.916975	
1	3.125000	-8.973930	1.644533	-2.916803	
1	3.125000	-8.973930	1.644533	-2.916803	
1	3.173828	-8.951988	1.644057	-2.915672	
1	3.173828	-8.951988	1.644057	-2.915672	
1	3.207580	-8.935547	1.643474	-2.914341	
1	3.207580	-8.935547	1.643474	-2.914341	
1	3.222656	-8.928142	1.643243	-2.913827	
1	3.222656	-8.928142	1.643243	-2.913827	
1	3.271484	-8.902459	1.642108	-2.911371	
1	3.271484	-8.902459	1.642108	-2.911371	
1	3.299354	-8.886719	1.641219	-2.909515	
1	3.299354	-8.886719	1.641219	-2.909515	
1	3.320312	-8.874717	1.640566	-2.908183	
1	3.320312	-8.874717	1.640566	-2.908183	
1	3.369141	-8.844853	1.638590	-2.904280	
1	3.369141	-8.844853	1.638590	-2.904280	
1	3.379912	-8.837891	1.638061	-2.903263	
1	3.379912	-8.837891	1.638061	-2.903263	
1	3.417969	-8.812809	1.636157	-2.899687	
1	3.417969	-8.812809	1.636157	-2.899687	
1	3.451838	-8.789062	1.634107	-2.895961	
1	3.451838	-8.789062	1.634107	-2.895961	
1	3.466797	-8.778327	1.633168	-2.894291	
1	3.466797	-8.778327	1.633168	-2.894291	
1	3.515625	-8.741296	1.629582	-2.888105	
1	3.515625	-8.741296	1.629582	-2.888105	
1	3.516968	-8.740234	1.629472	-2.887920	
1	3.516968	-8.740234	1.629472	-2.887920	
1	3.564453	-8.701579	1.625353	-2.881134	
1	3.564453	-8.701579	1.625353	-2.881134	
1	3.576378	-8.691406	1.624197	-2.879281	
1	3.576378	-8.691406	1.624197	-2.879281	
1	3.613281	-8.658866	1.620368	-2.873282	
1	3.613281	-8.658866	1.620368	-2.873282	
1	3.631000	-8.642578	1.618355	-2.870209	
1	3.631000	-8.642578	1.618355	-2.870209	
1	3.662109	-8.612895	1.614535	-2.864513	
1	3.662109	-8.612895	1.614535	-2.864513	
1	3.681452	-8.593750	1.611982	-2.860798	
1	3.681452	-8.593750	1.611982	-2.860798	
1	3.710938	-8.563330	1.607740	-2.854772	
1	3.710938	-8.563330	1.607740	-2.854772	
1	3.728222	-8.544922	1.605112	-2.851123	
1	3.728222	-8.544922	1.605112	-2.851123	
1	3.759766	-8.509754	1.599845	-2.843990	
1	3.759766	-8.509754	1.599845	-2.843990	
1	3.771692	-8.496094	1.597771	-2.841243	
1	3.771692	-8.496094	1.597771	-2.841243	
1	3.808594	-8.451654	1.590680	-2.832089	
1	3.808594	-8.451654	1.590680	-2.832089	
1	3.812157	-8.447266	1.589977	-2.831199	
1	3.812157	-8.447266	1.589977	-2.831199	
1	3.849964	-8.398438	1.581781	-2.821075	
1	3.849964	-8.398438	1.581781	-2.821075	
1	3.857422	-8.388262	1.579985	-2.818910	
1	3.857422	-8.388262	1.579985	-2.818910	
1	3.885302	-8.349609	1.573199	-2.810894	
1	3.885302	-8.349609	1.573199	-2.810894	
1	3.906250	-8.318694	1.567480	-2.804328	
1	3.906250	-8.318694	1.567480	-2.804328	
1	3.918246	-8.300781	1.564204	-2.800640	
1	3.918246	-8.300781	1.564204	-2.800640	
1	3.949010	-8.251953	1.554834	-2.790366	
1	3.949010	-8.251953	1.554834	-2.790366	
1	3.955078	-8.241725	1.552778	-2.788164	
1	3.955078	-8.241725	1.552778	-2.788164	
1	3.977857	-8.203125	1.545160	-2.780157	
1	3.977857	-8.203125	1.545160	-2.780157	
1	4.003906	-8.155502	1.535295	-2.770126	
1	4.003906	-8.155502	1.535295	-2.770126	
1	4.004565	-8.154297	1.535051	-2.769882	
1	4.004565	-8.154297	1.535051	-2.769882	
1	4.029738	-8.105469	1.524741	-2.759787	
1	4.029738	-8.105469	1.524741	-2.759787	
1	4.052734	-8.056912	1.514028	-2.749677	
1	4.052734	-8.056912	1.514028	-2.749677	
1	4.052863	-8.056641	1.513970	-2.749623	
1	4.052863	-8.056641	1.513970	-2.749623	
1	4.074660	-8.007812	1.503050	-2.739689	
1	4.074660	-8.007812	1.503050	-2.739689	
1	4.094605	-7.958984	1.491708	-2.729742	
1	4.094605	-7.958984	1.491708	-2.729742	
1	4.101562	-7.940516	1.487249	-2.725930	
1	4.101562	-7.940516	1.487249	-2.725930	
1	4.113145	-7.910156	1.480144	-2.719965	
1	4.113145	-7.910156	1.480144	-2.719965	
1	4.130207	-7.861328	1.468306	-2.710316	
1	4.130207	-7.861328	1.468306	-2.710316	
1	4.145657	-7.812500	1.456106	-2.700733	
1	4.145657	-7.812500	1.456106	-2.700733	
1	4.150391	-7.796032	1.451845	-2.697469	
1	4.150391	-7.796032	1.451845	-2.697469	
1	4.159884	-7.763672	1.443739	-2.691374	
1	4.159884	-7.763672	1.443739	-2.691374	
1	4.172772	-7.714844	1.431133	-2.682185	
1	4.172772	-7.714844	1.431133	-2.682185	
1	4.184220	-7.666016	1.418224	-2.673125	
1	4.184220	-7.666016	1.418224	-2.673125	
1	4.194286	-7.617188	1.405031	-2.664218	
1	4.194286	-7.617188	1.405031	-2.664218	
1	4.199219	-7.589681	1.397396	-2.659221	
1	4.199219	-7.589681	1.397396	-2.659221	
1	4.203159	-7.568359	1.391659	-2.655540	
1	4.203159	-7.568359	1.391659	-2.655540	
1	4.210886	-7.519531	1.378136	-2.647108	
1	4.210886	-7.519531	1.378136	-2.647108	
1	4.217324	-7.470703	1.364372	-2.638871	
1	4.217324	-7.470703	1.364372	-2.638871	
1	4.222505	-7.421875	1.350387	-2.630846	
1	4.222505	-7.421875	1.350387	-2.630846	
1	4.226456	-7.373047	1.336197	-2.623050	
1	4.226456	-7.373047	1.336197	-2.623050	
1	4.229199	-7.324219	1.321818	-2.615496	
1	4.229199	-7.324219	1.321818	-2.615496	
1	4.230752	-7.275391	1.307265	-2.608200	
1	4.230752	-7.275391	1.307265	-2.608200	
1	4.231126	-7.226562	1.292553	-2.601171	
1	4.231126	-7.226562	1.292553	-2.601171	
1	4.230330	-7.177734	1.277692	-2.594422	
1	4.230330	-7.177734	1.277692	-2.594422	
1	4.228364	-7.128906	1.262695	-2.587962	
1	4.228364	-7.128906	1.262695	-2.587962	
1	4.225228	-7.080078	1.247573	-2.581802	
1	4.225228	-7.080078	1.247573	-2.581802	
1	4.220913	-7.031250	1.232333	-2.575950	
1	4.220913	-7.031250	1.232333	-2.575950	
1	4.215410	-6.982422	1.216985	-2.570417	
1	4.215410	-6.982422	1.216985	-2.570417	
1	4.208705	-6.933594	1.201536	-2.565210	
1	4.208705	-6.933594	1.201536	-2.565210	
1	4.200780	-6.884766	1.185997	-2.560342	
1	4.200780	-6.884766	1.185997	-2.560342	
1	4.199219	-6.876325	1.183258	-2.559522	
1	4.199219	-6.876325	1.183258	-2.559522	
1	4.191901	-6.835938	1.170566	-2.555875	
1	4.191901	-6.835938	1.170566	-2.555875	
1	4.181859	-6.787109	1.155131	-2.551775	
1	4.181859	-6.787109	1.155131	-2.551775	
1	4.170570	-6.738281	1.139661	-2.548042	
1	4.170570	-6.738281	1.139661	-2.548042	
1	4.158008	-6.689453	1.124170	-2.544686	
1	4.158008	-6.689453	1.124170	-2.544686	
1	4.150391	-6.662335	1.115509	-2.542980	
1	4.150391	-6.662335	1.115509	-2.542980	
1	4.144373	-6.640625	1.108825	-2.541748	
1	4.144373	-6.640625	1.108825	-2.541748	
1	4.129728	-6.591797	1.093703	-2.539237	
1	4.129728	-6.591797	1.093703	-2.539237	
1	4.113768	-6.542969	1.078641	-2.537128	
1	4.113768	-6.542969	1.078641	-2.537128	
1	4.101562	-6.508240	1.067952	-2.535876	
1	4.101562	-6.508240	1.067952	-2.535876	
1	4.096649	-6.494141	1.063783	-2.535444	
1	4.096649	-6.494141	1.063783	-2.535444	
1	4.078637	-6.445312	1.049346	-2.534203	
1	4.078637	-6.445312	1.049346	-2.534203	
1	4.059286	-6.396484	1.035088	-2.533378	
1	4.059286	-6.396484	1.035088	-2.533378	
1	4.052734	-6.380710	1.030519	-2.533201	
1	4.052734	-6.380710	1.030519	-2.533201	
1	4.039065	-6.347656	1.021356	-2.532982	
1	4.039065	-6.347656	1.021356	-2.532982	
1	4.017747	-6.298828	1.008054	-2.532996	
1	4.017747	-6.298828	1.008054	-2.532996	
1	4.003906	-6.268603	1.000000	-2.533207	
1	4.003906	-6.268603	1.000000	-2.533207	
1	3.995408	-6.250000	0.995280	-2.533406	
1	3.995408	-6.250000	0.995280	-2.533406	
1	3.972261	-6.201172	0.983212	-2.534181	
1	3.972261	-6.201172	0.983212	-2.534181	
1	3.955078	-6.166451	0.974948	-2.534950	
1	3.955078	-6.166451	0.974948	-2.534950	
1	3.948108	-6.152344	0.971777	-2.535299	
1	3.948108	-6.152344	0.971777	-2.535299	
1	3.923340	-6.103516	0.961249	-2.536696	
1	3.923340	-6.103516	0.961249	-2.536696	
1	3.906250	-6.070955	0.954616	-2.537778	
1	3.906250	-6.070955	0.954616	-2.537778	
1	3.897728	-6.054688	0.951529	-2.538339	
1	3.897728	-6.054688	0.951529	-2.538339	
1	3.871627	-6.005859	0.942850	-2.540137	
1	3.871627	-6.005859	0.942850	-2.540137	
1	3.857422	-5.979888	0.938598	-2.541149	
1	3.857422	-5.979888	0.938598	-2.541149	
1	3.844963	-5.957031	0.935188	-2.542030	
1	3.844963	-5.957031	0.935188	-2.542030	
1	3.817878	-5.908203	0.928631	-2.543924	
1	3.817878	-5.908203	0.928631	-2.543924	
1	3.808594	-5.891647	0.926657	-2.544553	
1	3.808594	-5.891647	0.926657	-2.544553	
1	3.790602	-5.859375	0.923289	-2.545700	
1	3.790602	-5.859375	0.923289	-2.545700	
1	3.762911	-5.810547	0.919040	-2.547309	
1	3.762911	-5.810547	0.919040	-2.547309	
1	3.759766	-5.804999	0.918638	-2.547472	
1	3.759766	-5.804999	0.918638	-2.547472	
1	3.735447	-5.761719	0.916148	-2.548542	
1	3.735447	-5.761719	0.916148	-2.548542	
1	3.710938	-5.718757	0.914453	-2.549345	
1	3.710938	-5.718757	0.914453	-2.549345	
1	3.707628	-5.712891	0.914308	-2.549418	
1	3.707628	-5.712891	0.914308	-2.549418	
1	3.680200	-5.664062	0.913777	-2.549694	
1	3.680200	-5.664062	0.913777	-2.549694	
1	3.662109	-5.632153	0.913952	-2.549588	
1	3.662109	-5.632153	0.913952	-2.549588	
1	3.652654	-5.615234	0.914276	-2.549389	
1	3.652654	-5.615234	0.914276	-2.549389	
1	3.625358	-5.566406	0.915868	-2.548342	
1	3.625358	-5.566406	0.915868	-2.548342	
1	3.613281	-5.544857	0.916856	-2.547650	
1	3.613281	-5.544857	0.916856	-2.547650	
1	3.598242	-5.517578	0.918433	-2.546495	
1	3.598242	-5.517578	0.918433	-2.546495	
1	3.571170	-5.468750	0.921838	-2.543818	
1	3.571170	-5.468750	0.921838	-2.543818	
1	3.564453	-5.456609	0.922807	-2.543015	
1	3.564453	-5.456609	0.922807	-2.543015	
1	3.544508	-5.419922	0.926094	-2.540170	
1	3.544508	-5.419922	0.926094	-2.540170	
1	3.517640	-5.371094	0.930931	-2.535656	
1	3.517640	-5.371094	0.930931	-2.535656	
1	3.515625	-5.367412	0.931323	-2.535275	
1	3.515625	-5.367412	0.931323	-2.535275	
1	3.491346	-5.322266	0.936455	-2.530057	
1	3.491346	-5.322266	0.936455	-2.530057	
1	3.466797	-5.277374	0.941848	-2.524144	
1	3.466797	-5.277374	0.941848	-2.524144	
1	3.464680	-5.273438	0.942344	-2.523577	
1	3.464680	-5.273438	0.942344	-2.523577	
1	3.438508	-5.224609	0.948699	-2.515997	
1	3.438508	-5.224609	0.948699	-2.515997	
1	3.417969	-5.186940	0.953729	-2.509555	
1	3.417969	-5.186940	0.953729	-2.509555	
1	3.411973	-5.175781	0.955262	-2.507513	
1	3.411973	-5.175781	0.955262	-2.507513	
1	3.385666	-5.126953	0.962062	-2.497989	
1	3.385666	-5.126953	0.962062	-2.497989	
1	3.369141	-5.096722	0.966301	-2.491654	
1	3.369141	-5.096722	0.966301	-2.491654	
1	3.359091	-5.078125	0.968942	-2.487546	
1	3.359091	-5.078125	0.968942	-2.487546	
1	3.332476	-5.029297	0.975871	-2.476145	
1	3.332476	-5.029297	0.975871	-2.476145	
1	3.320312	-5.007211	0.978990	-2.470702	
1	3.320312	-5.007211	0.978990	-2.470702	
1	3.305698	-4.980469	0.982768	-2.463832	
1	3.305698	-4.980469	0.982768	-2.463832	
1	3.278613	-4.931641	0.989561	-2.450653	
1	3.278613	-4.931641	0.989561	-2.450653	
1	3.271484	-4.918842	0.991320	-2.447055	
1	3.271484	-4.918842	0.991320	-2.447055	
1	3.251490	-4.882812	0.996223	-2.436583	
1	3.251490	-4.882812	0.996223	-2.436583	
1	3.223796	-4.833984	1.002663	-2.421742	
1	3.223796	-4.833984	1.002663	-2.421742	
1	3.222656	-4.831966	1.002925	-2.421110	
1	3.222656	-4.831966	1.002925	-2.421110	
1	3.196208	-4.785156	1.008888	-2.406043	
1	3.196208	-4.785156	1.008888	-2.406043	
1	3.173828	-4.746395	1.013614	-2.393079	
1	3.173828	-4.746395	1.013614	-2.393079	
1	3.167993	-4.736328	1.014811	-2.389635	
1	3.167993	-4.736328	1.014811	-2.389635	
1	3.139650	-4.687500	1.020426	-2.372470	
1	3.139650	-4.687500	1.020426	-2.372470	
1	3.125000	-4.662540	1.023161	-2.363431	
1	3.125000	-4.662540	1.023161	-2.363431	
1	3.110873	-4.638672	1.025687	-2.354626	
1	3.110873	-4.638672	1.025687	-2.354626	
1	3.081675	-4.589844	1.030569	-2.336129	
1	3.081675	-4.589844	1.030569	-2.336129	
1	3.076172	-4.580610	1.031449	-2.332553	
1	3.076172	-4.580610	1.031449	-2.332553	
1	3.052279	-4.541016	1.035053	-2.316988	
1	3.052279	-4.541016	1.035053	-2.316988	
1	3.027344	-4.500265	1.038469	-2.300570	
1	3.027344	-4.500265	1.038469	-2.300570	
1	3.022323	-4.492188	1.039109	-2.297273	
1	3.022323	-4.492188	1.039109	-2.297273	
1	2.992155	-4.443359	1.042725	-2.276984	
1	2.992155	-4.443359	1.042725	-2.276984	
1	2.978516	-4.421352	1.044206	-2.267661	
1	2.978516	-4.421352	1.044206	-2.267661	
1	2.961565	-4.394531	1.045881	-2.256175	
1	2.961565	-4.394531	1.045881	-2.256175	
1	2.930517	-4.345703	1.048563	-2.234878	
1	2.930517	-4.345703	1.048563	-2.234878	
1	2.929688	-4.344377	1.048629	-2.234292	
1	2.929688	-4.344377	1.048629	-2.234292	
1	2.899299	-4.296875	1.050761	-2.213112	
1	2.899299	-4.296875	1.050761	-2.213112	
1	2.880859	-4.268133	1.051824	-2.200097	
1	2.880859	-4.268133	1.051824	-2.200097	
1	2.867636	-4.248047	1.052463	-2.190926	
1	2.867636	-4.248047	1.052463	-2.190926	
1	2.835640	-4.199219	1.053664	-2.168349	
1	2.835640	-4.199219	1.053664	-2.168349	
1	2.832031	-4.193608	1.053769	-2.165729	
1	2.832031	-4.193608	1.053769	-2.165729	
1	2.803427	-4.150391	1.054356	-2.145413	
1	2.803427	-4.150391	1.054356	-2.145413	
1	2.783203	-4.119686	1.054529	-2.130822	
1	2.783203	-4.119686	1.054529	-2.130822	
1	2.770885	-4.101562	1.054536	-2.122155	
1	2.770885	-4.101562	1.054536	-2.122155	
1	2.738111	-4.052734	1.054202	-2.098609	
1	2.738111	-4.052734	1.054202	-2.098609	
1	2.734375	-4.047029	1.054129	-2.095842	
1	2.734375	-4.047029	1.054129	-2.095842	
1	2.705167	-4.003906	1.053352	-2.074812	
1	2.705167	-4.003906	1.053352	-2.074812	
1	2.685547	-3.974561	1.052595	-2.060411	
1	2.685547	-3.974561	1.052595	-2.060411	
1	2.672040	-3.955078	1.051990	-2.050799	
1	2.672040	-3.955078	1.051990	-2.050799	
1	2.638814	-3.906250	1.050117	-2.026609	
1	2.638814	-3.906250	1.050117	-2.026609	
1	2.636719	-3.903065	1.049978	-2.025029	
1	2.636719	-3.903065	1.049978	-2.025029	
1	2.605523	-3.857422	1.047740	-2.002280	
1	2.605523	-3.857422	1.047740	-2.002280	
1	2.587891	-3.831069	1.046251	-1.989124	
1	2.587891	-3.831069	1.046251	-1.989124	
1	2.572235	-3.808594	1.044864	-1.977851	
1	2.572235	-3.808594	1.044864	-1.977851	
1	2.539062	-3.759777	1.041500	-1.953370	
1	2.539062	-3.759777	1.041500	-1.953370	
1	2.539055	-3.759766	1.041500	-1.953365	
1	2.539055	-3.759766	1.041500	-1.953365	
1	2.505953	-3.710938	1.037656	-1.928857	
1	2.505953	-3.710938	1.037656	-1.928857	
1	2.490234	-3.687041	1.035610	-1.916901	
1	2.490234	-3.687041	1.035610	-1.916901	
1	2.473102	-3.662109	1.033347	-1.904376	
1	2.473102	-3.662109	1.033347	-1.904376	
1	2.441406	-3.614394	1.028703	-1.880530	
1	2.441406	-3.614394	1.028703	-1.880530	
1	2.440633	-3.613281	1.028589	-1.879972	
1	2.440633	-3.613281	1.028589	-1.879972	
1	2.408462	-3.564453	1.023394	-1.855673	
1	2.408462	-3.564453	1.023394	-1.855673	
1	2.392578	-3.539339	1.020571	-1.843283	
1	2.392578	-3.539339	1.020571	-1.843283	
1	2.376863	-3.515625	1.017787	-1.831542	
1	2.376863	-3.515625	1.017787	-1.831542	
1	2.345972	-3.466797	1.011790	-1.807632	
1	2.345972	-3.466797	1.011790	-1.807632	
1	2.343750	-3.463054	1.011318	-1.805822	
1	2.343750	-3.463054	1.011318	-1.805822	
1	2.315689	-3.417969	1.005419	-1.783966	
1	2.315689	-3.417969	1.005419	-1.783966	
1	2.294922	-3.382837	1.000639	-1.767187	
1	2.294922	-3.382837	1.000639	-1.767187	
1	2.286417	-3.369141	0.998711	-1.760628	
1	2.286417	-3.369141	0.998711	-1.760628	
1	2.258121	-3.320312	0.991687	-1.737650	
1	2.258121	-3.320312	0.991687	-1.737650	
1	2.246094	-3.298058	0.988411	-1.727374	
1	2.246094	-3.298058	0.988411	-1.727374	
1	2.230998	-3.271484	0.984381	-1.715089	
1	2.230998	-3.271484	0.984381	-1.715089	
1	2.205270	-3.222656	0.976830	-1.693009	
1	2.205270	-3.222656	0.976830	-1.693009	
1	2.197266	-3.206046	0.974231	-1.685672	
1	2.197266	-3.206046	0.974231	-1.685672	
1	2.180937	-3.173828	0.969061	-1.671443	
1	2.180937	-3.173828	0.969061	-1.671443	
1	2.158347	-3.125000	0.961121	-1.650470	
1	2.158347	-3.125000	0.961121	-1.650470	
1	2.148438	-3.101143	0.957217	-1.640517	
1	2.148438	-3.101143	0.957217	-1.640517	
1	2.137524	-3.076172	0.953043	-1.630122	
1	2.137524	-3.076172	0.953043	-1.630122	
1	2.118660	-3.027344	0.944869	-1.610456	
1	2.118660	-3.027344	0.944869	-1.610456	
1	2.102086	-2.978516	0.936651	-1.591544	
1	2.102086	-2.978516	0.936651	-1.591544	
1	2.099609	-2.969805	0.935199	-1.588288	
1	2.099609	-2.969805	0.935199	-1.588288	
1	2.087614	-2.929688	0.928411	-1.573385	
1	2.087614	-2.929688	0.928411	-1.573385	
1	2.075639	-2.880859	0.920209	-1.556058	
1	2.075639	-2.880859	0.920209	-1.556058	
1	2.066312	-2.832031	0.912090	-1.539604	
1	2.066312	-2.832031	0.912090	-1.539604	
1	2.059723	-2.783203	0.904095	-1.524056	
1	2.059723	-2.783203	0.904095	-1.524056	
1	2.055963	-2.734375	0.896267	-1.509440	
1	2.055963	-2.734375	0.896267	-1.509440	
1	2.055126	-2.685547	0.888648	-1.495783	
1	2.055126	-2.685547	0.888648	-1.495783	
1	2.057308	-2.636719	0.881282	-1.483108	
1	2.057308	-2.636719	0.881282	-1.483108	
1	2.062607	-2.587891	0.874213	-1.471436	
1	2.062607	-2.587891	0.874213	-1.471436	
1	2.071126	-2.539062	0.867488	-1.460786	
1	2.071126	-2.539062	0.867488	-1.460786	
1	2.082966	-2.490234	0.861154	-1.451175	
1	2.082966	-2.490234	0.861154	-1.451175	
1	2.098235	-2.441406	0.855263	-1.442618	
1	2.098235	-2.441406	0.855263	-1.442618	
1	2.099609	-2.437748	0.854851	-1.442033	
1	2.099609	-2.437748	0.854851	-1.442033	
1	2.116793	-2.392578	0.849841	-1.435087	
1	2.116793	-2.392578	0.849841	-1.435087	
1	2.138959	-2.343750	0.844967	-1.428623	
1	2.138959	-2.343750	0.844967	-1.428623	
1	2.148438	-2.325578	0.843339	-1.426534	
1	2.148438	-2.325578	0.843339	-1.426534	
1	2.164702	-2.294922	0.840685	-1.423211	
1	2.164702	-2.294922	0.840685	-1.423211	
1	2.194207	-2.246094	0.837069	-1.418862	
1	2.194207	-2.246094	0.837069	-1.418862	
1	2.197266	-2.241518	0.836779	-1.418524	
1	2.197266	-2.241518	0.836779	-1.418524	
1	2.227491	-2.197266	0.834179	-1.415563	
1	2.227491	-2.197266	0.834179	-1.415563	
1	2.246094	-2.172622	0.833064	-1.414342	
1	2.246094	-2.172622	0.833064	-1.414342	
1	2.264805	-2.148438	0.832109	-1.413325	
1	2.264805	-2.148438	0.832109	-1.413325	
1	2.294922	-2.112729	0.831196	-1.412385	
1	2.294922	-2.112729	0.831196	-1.412385	
1	2.306297	-2.099609	0.830953	-1.412142	
1	2.306297	-2.099609	0.830953	-1.412142	
1	2.343750	-2.059526	0.830783	-1.411975	
1	2.343750	-2.059526	0.830783	-1.411975	
1	2.352173	-2.050781	0.830821	-1.412010	
1	2.352173	-2.050781	0.830821	-1.412010	
1	2.392578	-2.011476	0.831566	-1.412680	
1	2.392578	-2.011476	0.831566	-1.412680	
1	2.402694	-2.001953	0.831845	-1.412924	
1	2.402694	-2.001953	0.831845	-1.412924	
1	2.441406	-1.967521	0.833367	-1.414211	
1	2.441406	-1.967521	0.833367	-1.414211	
1	2.458168	-1.953125	0.834181	-1.414877	
1	2.458168	-1.953125	0.834181	-1.414877	
1	2.490234	-1.926911	0.836060	-1.416367	
1	2.490234	-1.926911	0.836060	-1.416367	
1	2.518934	-1.904297	0.838011	-1.417856	
1	2.518934	-1.904297	0.838011	-1.417856	
1	2.539062	-1.889101	0.839554	-1.419000	
1	2.539062	-1.889101	0.839554	-1.419000	
1	2.585354	-1.855469	0.843542	-1.421839	
1	2.585354	-1.855469	0.843542	-1.421839	
1	2.587891	-1.853693	0.843780	-1.422003	
1	2.587891	-1.853693	0.843780	-1.422003	
1	2.636719	-1.820526	0.848706	-1.425304	
1	2.636719	-1.820526	0.848706	-1.425304	
1	2.657986	-1.806641	0.851050	-1.426811	
1	2.657986	-1.806641	0.851050	-1.426811	
1	2.685547	-1.789170	0.854267	-1.428820	
1	2.685547	-1.789170	0.854267	-1.428820	
1	2.734375	-1.759441	0.860430	-1.432500	
1	2.734375	-1.759441	0.860430	-1.432500	
1	2.737134	-1.757812	0.860796	-1.432712	
1	2.737134	-1.757812	0.860796	-1.432712	
1	2.783203	-1.731240	0.867175	-1.436304	
1	2.783203	-1.731240	0.867175	-1.436304	
1	2.823445	-1.708984	0.873148	-1.439504	
1	2.823445	-1.708984	0.873148	-1.439504	
1	2.832031	-1.704321	0.874467	-1.440190	
1	2.832031	-1.704321	0.874467	-1.440190	
1	2.880859	-1.678600	0.882290	-1.444130	
1	2.880859	-1.678600	0.882290	-1.444130	
1	2.917265	-1.660156	0.888459	-1.447089	
1	2.917265	-1.660156	0.888459	-1.447089	
1	2.929688	-1.653939	0.890622	-1.448097	
1	2.929688	-1.653939	0.890622	-1.448097	
1	2.978516	-1.630220	0.899447	-1.452069	
1	2.978516	-1.630220	0.899447	-1.452069	
1	3.018865	-1.611328	0.907107	-1.455345	
1	3.018865	-1.611328	0.907107	-1.455345	
1	3.027344	-1.607384	0.908753	-1.456029	
1	3.027344	-1.607384	0.908753	-1.456029	
1	3.076172	-1.585263	0.918520	-1.459959	
1	3.076172	-1.585263	0.918520	-1.459959	
1	3.125000	-1.563898	0.928748	-1.463848	
1	3.125000	-1.563898	0.928748	-1.463848	
1	3.128271	-1.562500	0.929451	-1.464107	
1	3.128271	-1.562500	0.929451	-1.464107	
1	3.173828	-1.543031	0.939410	-1.467681	
1	3.173828	-1.543031	0.939410	-1.467681	
1	3.222656	-1.522769	0.950513	-1.471453	
1	3.222656	-1.522769	0.950513	-1.471453	
1	3.245107	-1.513672	0.955766	-1.473165	
1	3.245107	-1.513672	0.955766	-1.473165	
1	3.271484	-1.502924	0.962037	-1.475152	
1	3.271484	-1.502924	0.962037	-1.475152	
1	3.320312	-1.483452	0.973977	-1.478772	
1	3.320312	-1.483452	0.973977	-1.478772	
1	3.368037	-1.464844	0.986052	-1.482232	
1	3.368037	-1.464844	0.986052	-1.482232	
1	3.369141	-1.464409	0.986336	-1.482310	
1	3.369141	-1.464409	0.986336	-1.482310	
1	3.417969	-1.445429	0.999082	-1.485755	
1	3.417969	-1.445429	0.999082	-1.485755	
1	3.466797	-1.426767	1.012235	-1.489108	
1	3.466797	-1.426767	1.012235	-1.489108	
1	3.495292	-1.416016	1.020098	-1.491021	
1	3.495292	-1.416016	1.020098	-1.491021	
1	3.515625	-1.408211	1.025778	-1.492363	
1	3.515625	-1.408211	1.025778	-1.492363	
1	3.564453	-1.389635	1.039702	-1.495515	
1	3.564453	-1.389635	1.039702	-1.495515	
1	3.613281	-1.371211	1.054018	-1.498567	
1	3.613281	-1.371211	1.054018	-1.498567	
1	3.623992	-1.367188	1.057210	-1.499223	
1	3.623992	-1.367188	1.057210	-1.499223	
1	3.662109	-1.352526	1.068698	-1.501511	
1	3.662109	-1.352526	1.068698	-1.501511	
1	3.710938	-1.333775	1.083756	-1.504348	
1	3.710938	-1.333775	1.083756	-1.504348	
1	3.751049	-1.318359	1.096411	-1.506598	
1	3.751049	-1.318359	1.096411	-1.506598	
1	3.759766	-1.314910	1.099190	-1.507077	
1	3.759766	-1.314910	1.099190	-1.507077	
1	3.808594	-1.295513	1.114975	-1.509693	
1	3.808594	-1.295513	1.114975	-1.509693	
1	3.857422	-1.275975	1.131137	-1.512199	
1	3.857422	-1.275975	1.131137	-1.512199	
1	3.873393	-1.269531	1.136504	-1.512994	
1	3.873393	-1.269531	1.136504	-1.512994	
1	3.906250	-1.255791	1.147650	-1.514590	
1	3.906250	-1.255791	1.147650	-1.514590	
1	3.955078	-1.235114	1.164524	-1.516868	
1	3.955078	-1.235114	1.164524	-1.516868	
1	3.988613	-1.220703	1.176328	-1.518366	
1	3.988613	-1.220703	1.176328	-1.518366	
1	4.003906	-1.213850	1.181758	-1.519030	
1	4.003906	-1.213850	1.181758	-1.519030	
1	4.052734	-1.191607	1.199338	-1.521075	
1	4.052734	-1.191607	1.199338	-1.521075	
1	4.095148	-1.171875	1.214910	-1.522757	
1	4.095148	-1.171875	1.214910	-1.522757	
1	4.101562	-1.168743	1.217285	-1.523003	
1	4.101562	-1.168743	1.217285	-1.523003	
1	4.150391	-1.144422	1.235569	-1.524810	
1	4.150391	-1.144422	1.235569	-1.524810	
1	4.192191	-1.123047	1.251518	-1.526262	
1	4.192191	-1.123047	1.251518	-1.526262	
1	4.199219	-1.119248	1.254221	-1.526496	
1	4.199219	-1.119248	1.254221	-1.526496	
1	4.248047	-1.092214	1.273214	-1.528058	
1	4.248047	-1.092214	1.273214	-1.528058	
1	4.279609	-1.074219	1.285693	-1.529001	
1	4.279609	-1.074219	1.285693	-1.529001	
1	4.296875	-1.063730	1.292573	-1.529493	
1	4.296875	-1.063730	1.292573	-1.529493	
1	4.345703	-1.033175	1.312289	-1.530799	
1	4.345703	-1.033175	1.312289	-1.530799	
1	4.357781	-1.025391	1.317226	-1.531101	
1	4.357781	-1.025391	1.317226	-1.531101	
1	4.394531	-0.999927	1.332365	-1.531970	
1	4.394531	-0.999927	1.332365	-1.531970	
1	4.427125	-0.976562	1.345983	-1.532674	
1	4.427125	-0.976562	1.345983	-1.532674	
1	4.443359	-0.963940	1.352820	-1.533001	
1	4.443359	-0.963940	1.352820	-1.533001	
1	4.488340	-0.927734	1.372007	-1.533822	
1	4.488340	-0.927734	1.372007	-1.533822	
1	4.492188	-0.924340	1.373662	-1.533886	
1	4.492188	-0.924340	1.373662	-1.533886	
1	4.541016	-0.879745	1.394904	-1.534614	
1	4.541016	-0.879745	1.394904	-1.534614	
1	4.541904	-0.878906	1.395294	-1.534626	
1	4.541904	-0.878906	1.395294	-1.534626	
1	4.588397	-0.830078	1.415929	-1.535159	
1	4.588397	-0.830078	1.415929	-1.535159	
1	4.589844	-0.828366	1.416577	-1.535173	
1	4.589844	-0.828366	1.416577	-1.535173	
1	4.628308	-0.781250	1.433991	-1.535482	
1	4.628308	-0.781250	1.433991	-1.535482	
1	4.638672	-0.766663	1.438738	-1.535543	
1	4.638672	-0.766663	1.438738	-1.535543	
1	4.662178	-0.732422	1.449615	-1.535645	
1	4.662178	-0.732422	1.449615	-1.535645	
1	4.687500	-0.688937	1.461515	-1.535691	
1	4.687500	-0.688937	1.461515	-1.535691	
1	4.690508	-0.683594	1.462944	-1.535691	
1	4.690508	-0.683594	1.462944	-1.535691	
1	4.713356	-0.634766	1.473928	-1.535658	
1	4.713356	-0.634766	1.473928	-1.535658	
1	4.731344	-0.585938	1.482806	-1.535576	
1	4.731344	-0.585938	1.482806	-1.535576	
1	4.736328	-0.567788	1.485334	-1.535542	
1	4.736328	-0.567788	1.485334	-1.535542	
1	4.744488	-0.537109	1.489535	-1.535473	
1	4.744488	-0.537109	1.489535	-1.535473	
1	4.753084	-0.488281	1.494221	-1.535376	
1	4.753084	-0.488281	1.494221	-1.535376	
1	4.757360	-0.439453	1.496945	-1.535305	
1	4.757360	-0.439453	1.496945	-1.535305	
1	4.757454	-0.390625	1.497753	-1.535280	
1	4.757454	-0.390625	1.497753	-1.535280	
1	4.753494	-0.341797	1.496692	-1.535321	
1	4.753494	-0.341797	1.496692	-1.535321	
1	4.745604	-0.292969	1.493811	-1.535442	
1	4.745604	-0.292969	1.493811	-1.535442	
1	4.736328	-0.254376	1.490117	-1.535614	
1	4.736328	-0.254376	1.490117	-1.535614	
1	4.733857	-0.244141	1.489144	-1.535661	
1	4.733857	-0.244141	1.489144	-1.535661	
1	4.718193	-0.195312	1.482658	-1.535996	
1	4.718193	-0.195312	1.482658	-1.535996	
1	4.698869	-0.146484	1.474484	-1.536455	
1	4.698869	-0.146484	1.474484	-1.536455	
1	4.687500	-0.122359	1.469593	-1.536746	
1	4.687500	-0.122359	1.469593	-1.536746	
1	4.675800	-0.097656	1.464587	-1.537054	
1	4.675800	-0.097656	1.464587	-1.537054	
1	4.649030	-0.048828	1.453000	-1.537807	
1	4.649030	-0.048828	1.453000	-1.537807	
1	4.638672	-0.032192	1.448477	-1.538114	
1	4.638672	-0.032192	1.448477	-1.538114	
1	4.618518	0.000000	1.439718	-1.538726	
1	4.618518	0.000000	1.439718	-1.538726	
1	4.589844	0.041036	1.427191	-1.539640	
1	4.589844	0.041036	1.427191	-1.539640	
1	4.584367	0.048828	1.424810	-1.539819	
1	4.584367	0.048828	1.424810	-1.539819	
1	4.546410	0.097656	1.408215	-1.541102	
1	4.546410	0.097656	1.408215	-1.541102	
1	4.541016	0.103994	1.405848	-1.541290	
1	4.541016	0.103994	1.405848	-1.541290	
1	4.504622	0.146484	1.389948	-1.542585	
1	4.504622	0.146484	1.389948	-1.542585	
1	4.492188	0.159855	1.384503	-1.543041	
1	4.492188	0.159855	1.384503	-1.543041	
1	4.459001	0.195312	1.370038	-1.544277	
1	4.459001	0.195312	1.370038	-1.544277	
1	4.443359	0.210800	1.363207	-1.544874	
1	4.443359	0.210800	1.363207	-1.544874	
1	4.409460	0.244141	1.348476	-1.546187	
1	4.409460	0.244141	1.348476	-1.546187	
1	4.394531	0.257821	1.341980	-1.546777	
1	4.394531	0.257821	1.341980	-1.546777	
1	4.355910	0.292969	1.325259	-1.548324	
1	4.355910	0.292969	1.325259	-1.548324	
1	4.345703	0.301665	1.320836	-1.548739	
1	4.345703	0.301665	1.320836	-1.548739	
1	4.298261	0.341797	1.300386	-1.550694	
1	4.298261	0.341797	1.300386	-1.550694	
1	4.296875	0.342899	1.299788	-1.550752	
1	4.296875	0.342899	1.299788	-1.550752	
1	4.248047	0.381387	1.278821	-1.552810	
1	4.248047	0.381387	1.278821	-1.552810	
1	4.236237	0.390625	1.273777	-1.553313	
1	4.236237	0.390625	1.273777	-1.553313	
1	4.199219	0.417940	1.257964	-1.554904	
1	4.199219	0.417940	1.257964	-1.554904	
1	4.169839	0.439453	1.245487	-1.556178	
1	4.169839	0.439453	1.245487	-1.556178	
1	4.150391	0.452934	1.237229	-1.557028	
1	4.150391	0.452934	1.237229	-1.557028	
1	4.101562	0.486506	1.216619	-1.559175	
1	4.101562	0.486506	1.216619	-1.559175	
1	4.098954	0.488281	1.215523	-1.559291	
1	4.098954	0.488281	1.215523	-1.559291	
1	4.052734	0.518144	1.196105	-1.561345	
1	4.052734	0.518144	1.196105	-1.561345	
1	4.023147	0.537109	1.183755	-1.562665	
1	4.023147	0.537109	1.183755	-1.562665	
1	4.003906	0.548851	1.175732	-1.563527	
1	4.003906	0.548851	1.175732	-1.563527	
1	3.955078	0.578370	1.155485	-1.565720	
1	3.955078	0.578370	1.155485	-1.565720	
1	3.942436	0.585938	1.150268	-1.566289	
1	3.942436	0.585938	1.150268	-1.566289	
1	3.906250	0.606607	1.135357	-1.567920	
1	3.906250	0.606607	1.135357	-1.567920	
1	3.857422	0.634267	1.115380	-1.570120	
1	3.857422	0.634267	1.115380	-1.570120	
1	3.856532	0.634766	1.115017	-1.570160	
1	3.856532	0.634766	1.115017	-1.570160	
1	3.808594	0.660443	1.095508	-1.572321	
1	3.808594	0.660443	1.095508	-1.572321	
1	3.765012	0.683594	1.077910	-1.574278	
1	3.765012	0.683594	1.077910	-1.574278	
1	3.759766	0.686266	1.075795	-1.574513	
1	3.759766	0.686266	1.075795	-1.574513	
1	3.710938	0.710845	1.056197	-1.576699	
1	3.710938	0.710845	1.056197	-1.576699	
1	3.667699	0.732422	1.038977	-1.578622	
1	3.667699	0.732422	1.038977	-1.578622	
1	3.662109	0.735102	1.036755	-1.578870	
1	3.662109	0.735102	1.036755	-1.578870	
1	3.613281	0.758232	1.017432	-1.581027	
1	3.613281	0.758232	1.017432	-1.581027	
1	3.564453	0.781164	0.998270	-1.583163	
1	3.564453	0.781164	0.998270	-1.583163	
1	3.564269	0.781250	0.998197	-1.583171	
1	3.564269	0.781250	0.998197	-1.583171	
1	3.515625	0.802966	0.979223	-1.585279	
1	3.515625	0.802966	0.979223	-1.585279	
1	3.466797	0.824572	0.960335	-1.587367	
1	3.466797	0.824572	0.960335	-1.587367	
1	3.454208	0.830078	0.955489	-1.587901	
1	3.454208	0.830078	0.955489	-1.587901	
1	3.417969	0.845361	0.941577	-1.589429	
1	3.417969	0.845361	0.941577	-1.589429	
1	3.369141	0.865749	0.922965	-1.591458	
1	3.369141	0.865749	0.922965	-1.591458	
1	3.337307	0.878906	0.910913	-1.592762	
1	3.337307	0.878906	0.910913	-1.592762	
1	3.320312	0.885690	0.904497	-1.593453	
1	3.320312	0.885690	0.904497	-1.593453	
1	3.271484	0.904962	0.886164	-1.595412	
1	3.271484	0.904962	0.886164	-1.595412	
1	3.222656	0.924062	0.867984	-1.597330	
1	3.222656	0.924062	0.867984	-1.597330	
1	3.213158	0.927734	0.864465	-1.597698	
1	3.213158	0.927734	0.864465	-1.597698	
1	3.173828	0.942444	0.849935	-1.599207	
1	3.173828	0.942444	0.849935	-1.599207	
1	3.125000	0.960533	0.832033	-1.601038	
1	3.125000	0.960533	0.832033	-1.601038	
1	3.081341	0.976562	0.816154	-1.602634	
1	3.081341	0.976562	0.816154	-1.602634	
1	3.076172	0.978401	0.814280	-1.602821	
1	3.076172	0.978401	0.814280	-1.602821	
1	3.027344	0.995569	0.796656	-1.604554	
1	3.027344	0.995569	0.796656	-1.604554	
1	2.978516	1.012593	0.779182	-1.606234	
1	2.978516	1.012593	0.779182	-1.606234	
1	2.941482	1.025391	0.766027	-1.607471	
1	2.941482	1.025391	0.766027	-1.607471	
1	2.929688	1.029345	0.761851	-1.607858	
1	2.929688	1.029345	0.761851	-1.607858	
1	2.880859	1.045544	0.744654	-1.609425	
1	2.880859	1.045544	0.744654	-1.609425	
1	2.832031	1.061620	0.727603	-1.610931	
1	2.832031	1.061620	0.727603	-1.610931	
1	2.793460	1.074219	0.714235	-1.612076	
1	2.793460	1.074219	0.714235	-1.612076	
1	2.783203	1.077473	0.710693	-1.612374	
1	2.783203	1.077473	0.710693	-1.612374	
1	2.734375	1.092818	0.693916	-1.613752	
1	2.734375	1.092818	0.693916	-1.613752	
1	2.685547	1.108061	0.677281	-1.615062	
1	2.685547	1.108061	0.677281	-1.615062	
1	2.637248	1.123047	0.660966	-1.616289	
1	2.637248	1.123047	0.660966	-1.616289	
1	2.636719	1.123207	0.660788	-1.616302	
1	2.636719	1.123207	0.660788	-1.616302	
1	2.587891	1.137809	0.644422	-1.617470	
1	2.587891	1.137809	0.644422	-1.617470	
1	2.539062	1.152334	0.628196	-1.618564	
1	2.539062	1.152334	0.628196	-1.618564	
1	2.490234	1.166791	0.612105	-1.619581	
1	2.490234	1.166791	0.612105	-1.619581	
1	2.472953	1.171875	0.606442	-1.619922	
1	2.472953	1.171875	0.606442	-1.619922	
1	2.441406	1.180912	0.596144	-1.620519	
1	2.441406	1.180912	0.596144	-1.620519	
1	2.392578	1.194832	0.580313	-1.621376	
1	2.392578	1.194832	0.580313	-1.621376	
1	2.343750	1.208709	0.564614	-1.622149	
1	2.343750	1.208709	0.564614	-1.622149	
1	2.301431	1.220703	0.551112	-1.622750	
1	2.301431	1.220703	0.551112	-1.622750	
1	2.294922	1.222502	0.549043	-1.622837	
1	2.294922	1.222502	0.549043	-1.622837	
1	2.246094	1.235927	0.533593	-1.623437	
1	2.246094	1.235927	0.533593	-1.623437	
1	2.197266	1.249338	0.518269	-1.623948	
1	2.197266	1.249338	0.518269	-1.623948	
1	2.148438	1.262743	0.503067	-1.624367	
1	2.148438	1.262743	0.503067	-1.624367	
1	2.123683	1.269531	0.495405	-1.624544	
1	2.123683	1.269531	0.495405	-1.624544	
1	2.099609	1.275972	0.487982	-1.624693	
1	2.099609	1.275972	0.487982	-1.624693	
1	2.050781	1.289025	0.473014	-1.624923	
1	2.050781	1.289025	0.473014	-1.624923	
1	2.001953	1.302102	0.458159	-1.625055	
1	2.001953	1.302102	0.458159	-1.625055	
1	1.953125	1.315214	0.443415	-1.625087	
1	1.953125	1.315214	0.443415	-1.625087	
1	1.941422	1.318359	0.439897	-1.625080	
1	1.941422	1.318359	0.439897	-1.625080	
1	1.904297	1.328101	0.428779	-1.625018	
1	1.904297	1.328101	0.428779	-1.625018	
1	1.855469	1.340956	0.414247	-1.624845	
1	1.855469	1.340956	0.414247	-1.624845	
1	1.806641	1.353874	0.399817	-1.624567	
1	1.806641	1.353874	0.399817	-1.624567	
1	1.757812	1.366866	0.385483	-1.624181	
1	1.757812	1.366866	0.385483	-1.624181	
1	1.756606	1.367188	0.385130	-1.624171	
1	1.756606	1.367188	0.385130	-1.624171	
1	1.708984	1.379607	0.371246	-1.623687	
1	1.708984	1.379607	0.371246	-1.623687	
1	1.660156	1.392431	0.357098	-1.623081	
1	1.660156	1.392431	0.357098	-1.623081	
1	1.611328	1.405355	0.343035	-1.622362	
1	1.611328	1.405355	0.343035	-1.622362	
1	1.571376	1.416016	0.331589	-1.621689	
1	1.571376	1.416016	0.331589	-1.621689	
1	1.562500	1.418331	0.329055	-1.621529	
1	1.562500	1.418331	0.329055	-1.621529	
1	1.513672	1.431152	0.315155	-1.620579	
1	1.513672	1.431152	0.315155	-1.620579	
1	1.464844	1.444098	0.301328	-1.619511	
1	1.464844	1.444098	0.301328	-1.619511	
1	1.416016	1.457181	0.287569	-1.618322	
1	1.416016	1.457181	0.287569	-1.618322	
1	1.387697	1.464844	0.279617	-1.617576	
1	1.387697	1.464844	0.279617	-1.617576	
1	1.367188	1.470270	0.273874	-1.617011	
1	1.367188	1.470270	0.273874	-1.617011	
1	1.318359	1.483317	0.260243	-1.615577	
1	1.318359	1.483317	0.260243	-1.615577	
1	1.269531	1.496521	0.246664	-1.614016	
1	1.269531	1.496521	0.246664	-1.614016	
1	1.220703	1.509889	0.233132	-1.612328	
1	1.220703	1.509889	0.233132	-1.612328	
1	1.207038	1.513672	0.229352	-1.611833	
1	1.207038	1.513672	0.229352	-1.611833	
1	1.171875	1.523192	0.219650	-1.610512	
1	1.171875	1.523192	0.219650	-1.610512	
1	1.123047	1.536575	0.206208	-1.608564	
1	1.123047	1.536575	0.206208	-1.608564	
1	1.074219	1.550138	0.192796	-1.606483	
1	1.074219	1.550138	0.192796	-1.606483	
1	1.030306	1.562500	0.180756	-1.604496	
1	1.030306	1.562500	0.180756	-1.604496	
1	1.025391	1.563854	0.179411	-1.604267	
1	1.025391	1.563854	0.179411	-1.604267	
1	0.976562	1.577460	0.166059	-1.601916	
1	0.976562	1.577460	0.166059	-1.601916	
1	0.927734	1.591255	0.152722	-1.599426	
1	0.927734	1.591255	0.152722	-1.599426	
1	0.878906	1.605241	0.139392	-1.596796	
1	0.878906	1.605241	0.139392	-1.596796	
1	0.857932	1.611328	0.133666	-1.595622	
1	0.857932	1.611328	0.133666	-1.595622	
1	0.830078	1.619235	0.126075	-1.594025	
1	0.830078	1.619235	0.126075	-1.594025	
1	0.781250	1.633279	0.112763	-1.591112	
1	0.781250	1.633279	0.112763	-1.591112	
1	0.732422	1.647516	0.099442	-1.588054	
1	0.732422	1.647516	0.099442	-1.588054	
1	0.689641	1.660156	0.087758	-1.585252	
1	0.689641	1.660156	0.087758	-1.585252	
1	0.683594	1.661905	0.086108	-1.584848	
1	0.683594	1.661905	0.086108	-1.584848	
1	0.634766	1.676197	0.072773	-1.581497	
1	0.634766	1.676197	0.072773	-1.581497	
1	0.585938	1.690674	0.059412	-1.577996	
1	0.585938	1.690674	0.059412	-1.577996	
1	0.537109	1.705335	0.046021	-1.574343	
1	0.537109	1.705335	0.046021	-1.574343	
1	0.525103	1.708984	0.042721	-1.573420	
1	0.525103	1.708984	0.042721	-1.573420	
1	0.488281	1.719934	0.032610	-1.570541	
1	0.488281	1.719934	0.032610	-1.570541	
1	0.439453	1.734625	0.019163	-1.566585	
1	0.439453	1.734625	0.019163	-1.566585	
1	0.390625	1.749485	0.005670	-1.562474	
1	0.390625	1.749485	0.005670	-1.562474	
1	0.363562	1.757812	-0.001832	-1.560127	
1	0.363562	1.757812	-0.001832	-1.560127	
1	0.341797	1.764367	-0.007864	-1.558209	
1	0.341797	1.764367	-0.007864	-1.558209	
1	0.292969	1.779228	-0.021440	-1.553791	
1	0.292969	1.779228	-0.021440	-1.553791	
1	0.244141	1.794236	-0.035077	-1.549213	
1	0.244141	1.794236	-0.035077	-1.549213	
1	0.204164	1.806641	-0.046292	-1.545346	
1	0.204164	1.806641	-0.046292	-1.545346	
1	0.195312	1.809329	-0.048776	-1.544477	
1	0.195312	1.809329	-0.048776	-1.544477	
1	0.146484	1.824300	-0.062522	-1.539589	
1	0.146484	1.824300	-0.062522	-1.539589	
1	0.097656	1.839393	-0.076342	-1.534540	
1	0.097656	1.839393	-0.076342	-1.534540	
1	0.048828	1.854600	-0.090241	-1.529329	
1	0.048828	1.854600	-0.090241	-1.529329	
1	0.046061	1.855469	-0.091032	-1.529029	
1	0.046061	1.855469	-0.091032	-1.529029	
1	0.000000	1.869628	-0.104196	-1.523967	
1	0.000000	1.869628	-0.104196	-1.523967	
1	-0.048828	1.884732	-0.118234	-1.518444	
1	-0.048828	1.884732	-0.118234	-1.518444	
1	-0.097656	1.899920	-0.132362	-1.512760	
1	-0.097656	1.899920	-0.132362	-1.512760	
1	-0.111643	1.904297	-0.136428	-1.511102	
1	-0.111643	1.904297	-0.136428	-1.511102	
1	-0.146484	1.914976	-0.146562	-1.506924	
1	-0.146484	1.914976	-0.146562	-1.506924	
1	-0.195312	1.930012	-0.160848	-1.500930	
1	-0.195312	1.930012	-0.160848	-1.500930	
1	-0.244141	1.945099	-0.175234	-1.494777	
1	-0.244141	1.945099	-0.175234	-1.494777	
1	-0.270021	1.953125	-0.182901	-1.491450	
1	-0.270021	1.953125	-0.182901	-1.491450	
1	-0.292969	1.960099	-0.189707	-1.488470	
1	-0.292969	1.960099	-0.189707	-1.488470	
1	-0.341797	1.974984	-0.204268	-1.482012	
1	-0.341797	1.974984	-0.204268	-1.482012	
1	-0.390625	1.989888	-0.218935	-1.475397	
1	-0.390625	1.989888	-0.218935	-1.475397	
1	-0.430116	2.001953	-0.230878	-1.469931	
1	-0.430116	2.001953	-0.230878	-1.469931	
1	-0.439453	2.004751	-0.233706	-1.468627	
1	-0.439453	2.004751	-0.233706	-1.468627	
1	-0.488281	2.019403	-0.248562	-1.461715	
1	-0.488281	2.019403	-0.248562	-1.461715	
1	-0.537109	2.034042	-0.263531	-1.454650	
1	-0.537109	2.034042	-0.263531	-1.454650	
1	-0.585938	2.048657	-0.278615	-1.447432	
1	-0.585938	2.048657	-0.278615	-1.447432	
1	-0.593036	2.050781	-0.280818	-1.446370	
1	-0.593036	2.050781	-0.280818	-1.446370	
1	-0.634766	2.063033	-0.293788	-1.440078	
1	-0.634766	2.063033	-0.293788	-1.440078	
1	-0.683594	2.077330	-0.309074	-1.432578	
1	-0.683594	2.077330	-0.309074	-1.432578	
1	-0.732422	2.091572	-0.324480	-1.424931	
1	-0.732422	2.091572	-0.324480	-1.424931	
1	-0.760070	2.099609	-0.333256	-1.420537	
1	-0.760070	2.099609	-0.333256	-1.420537	
1	-0.781250	2.105655	-0.339992	-1.417147	
1	-0.781250	2.105655	-0.339992	-1.417147	
1	-0.830078	2.119538	-0.355609	-1.409230	
1	-0.830078	2.119538	-0.355609	-1.409230	
1	-0.878906	2.133338	-0.371347	-1.401173	
1	-0.878906	2.133338	-0.371347	-1.401173	
1	-0.927734	2.147045	-0.387208	-1.392980	
1	-0.927734	2.147045	-0.387208	-1.392980	
1	-0.932718	2.148438	-0.388834	-1.392136	
1	-0.932718	2.148438	-0.388834	-1.392136	
1	-0.976562	2.160471	-0.403167	-1.384665	
1	-0.976562	2.160471	-0.403167	-1.384665	
1	-1.025391	2.173767	-0.419246	-1.376220	
1	-1.025391	2.173767	-0.419246	-1.376220	
1	-1.074219	2.186945	-0.435450	-1.367645	
1	-1.074219	2.186945	-0.435450	-1.367645	
1	-1.112812	2.197266	-0.448346	-1.360778	
1	-1.112812	2.197266	-0.448346	-1.360778	
1	-1.123047	2.199958	-0.451774	-1.358947	
1	-1.123047	2.199958	-0.451774	-1.358947	
1	-1.171875	2.212694	-0.468200	-1.350136	
1	-1.171875	2.212694	-0.468200	-1.350136	
1	-1.220703	2.225290	-0.484753	-1.341204	
1	-1.220703	2.225290	-0.484753	-1.341204	
1	-1.269531	2.237737	-0.501431	-1.332154	
1	-1.269531	2.237737	-0.501431	-1.332154	
1	-1.302705	2.246094	-0.512832	-1.325939	
1	-1.302705	2.246094	-0.512832	-1.325939	
1	-1.318359	2.249976	-0.518226	-1.322992	
1	-1.318359	2.249976	-0.518226	-1.322992	
1	-1.367188	2.261944	-0.535129	-1.313728	
1	-1.367188	2.261944	-0.535129	-1.313728	
1	-1.416016	2.273745	-0.552159	-1.304353	
1	-1.416016	2.273745	-0.552159	-1.304353	
1	-1.464844	2.285370	-0.569314	-1.294872	
1	-1.464844	2.285370	-0.569314	-1.294872	
1	-1.505580	2.294922	-0.583720	-1.286883	
1	-1.505580	2.294922	-0.583720	-1.286883	
1	-1.513672	2.296791	-0.586590	-1.285289	
1	-1.513672	2.296791	-0.586590	-1.285289	
1	-1.562500	2.307910	-0.603972	-1.275616	
1	-1.562500	2.307910	-0.603972	-1.275616	
1	-1.611328	2.318837	-0.621479	-1.265844	
1	-1.611328	2.318837	-0.621479	-1.265844	
1	-1.660156	2.329568	-0.639111	-1.255978	
1	-1.660156	2.329568	-0.639111	-1.255978	
1	-1.708984	2.340096	-0.656867	-1.246020	
1	-1.708984	2.340096	-0.656867	-1.246020	
1	-1.726249	2.343750	-0.663171	-1.242479	
1	-1.726249	2.343750	-0.663171	-1.242479	
1	-1.757812	2.350339	-0.674733	-1.235980	
1	-1.757812	2.350339	-0.674733	-1.235980	
1	-1.806641	2.360330	-0.692715	-1.225858	
1	-1.806641	2.360330	-0.692715	-1.225858	
1	-1.855469	2.370106	-0.710821	-1.215652	
1	-1.855469	2.370106	-0.710821	-1.215652	
1	-1.904297	2.379662	-0.729050	-1.205366	
1	-1.904297	2.379662	-0.729050	-1.205366	
1	-1.953125	2.388994	-0.747401	-1.195003	
1	-1.953125	2.388994	-0.747401	-1.195003	
1	-1.972328	2.392578	-0.754647	-1.190909	
1	-1.972328	2.392578	-0.754647	-1.190909	
1	-2.001953	2.398037	-0.765862	-1.184571	
1	-2.001953	2.398037	-0.765862	-1.184571	
1	-2.050781	2.406811	-0.784437	-1.174071	
1	-2.050781	2.406811	-0.784437	-1.174071	
1	-2.099609	2.415350	-0.803133	-1.163503	
1	-2.099609	2.415350	-0.803133	-1.163503	
1	-2.148438	2.423651	-0.821949	-1.152868	
1	-2.148438	2.423651	-0.821949	-1.152868	
1	-2.197266	2.431711	-0.840885	-1.142169	
1	-2.197266	2.431711	-0.840885	-1.142169	
1	-2.246094	2.439525	-0.859940	-1.131410	
1	-2.246094	2.439525	-0.859940	-1.131410	
1	-2.258223	2.441406	-0.864687	-1.128730	
1	-2.258223	2.441406	-0.864687	-1.128730	
1	-2.294922	2.447031	-0.879101	-1.120599	
1	-2.294922	2.447031	-0.879101	-1.120599	
1	-2.343750	2.454268	-0.898376	-1.109735	
1	-2.343750	2.454268	-0.898376	-1.109735	
1	-2.392578	2.461252	-0.917769	-1.098818	
1	-2.392578	2.461252	-0.917769	-1.098818	
1	-2.441406	2.467980	-0.937278	-1.087852	
1	-2.441406	2.467980	-0.937278	-1.087852	
1	-2.490234	2.474449	-0.956903	-1.076837	
1	-2.490234	2.474449	-0.956903	-1.076837	
1	-2.539062	2.480656	-0.976643	-1.065778	
1	-2.539062	2.480656	-0.976643	-1.065778	
1	-2.587891	2.486599	-0.996497	-1.054676	
1	-2.587891	2.486599	-0.996497	-1.054676	
1	-2.619167	2.490234	-1.009268	-1.047548	
1	-2.619167	2.490234	-1.009268	-1.047548	
1	-2.636719	2.492253	-1.016461	-1.043537	
1	-2.636719	2.492253	-1.016461	-1.043537	
1	-2.685547	2.497602	-1.036530	-1.032365	
1	-2.685547	2.497602	-1.036530	-1.032365	
1	-2.734375	2.502681	-1.056712	-1.021157	
1	-2.734375	2.502681	-1.056712	-1.021157	
1	-2.783203	2.507486	-1.077006	-1.009917	
1	-2.783203	2.507486	-1.077006	-1.009917	
1	-2.832031	2.512015	-1.097410	-0.998647	
1	-2.832031	2.512015	-1.097410	-0.998647	
1	-2.880859	2.516265	-1.117925	-0.987349	
1	-2.880859	2.516265	-1.117925	-0.987349	
1	-2.929688	2.520235	-1.138549	-0.976025	
1	-2.929688	2.520235	-1.138549	-0.976025	
1	-2.978516	2.523921	-1.159282	-0.964679	
1	-2.978516	2.523921	-1.159282	-0.964679	
1	-3.027344	2.527320	-1.180123	-0.953311	
1	-3.027344	2.527320	-1.180123	-0.953311	
1	-3.076172	2.530431	-1.201072	-0.941924	
1	-3.076172	2.530431	-1.201072	-0.941924	
1	-3.125000	2.533251	-1.222126	-0.930522	
1	-3.125000	2.533251	-1.222126	-0.930522	
1	-3.173828	2.535777	-1.243286	-0.919105	
1	-3.173828	2.535777	-1.243286	-0.919105	
1	-3.222656	2.538007	-1.264551	-0.907676	
1	-3.222656	2.538007	-1.264551	-0.907676	
1	-3.249355	2.539062	-1.276213	-0.901427	
1	-3.249355	2.539062	-1.276213	-0.901427	
1	-3.271484	2.539929	-1.285917	-0.896238	
1	-3.271484	2.539929	-1.285917	-0.896238	
1	-3.320312	2.541541	-1.307385	-0.884794	
1	-3.320312	2.541541	-1.307385	-0.884794	
1	-3.369141	2.542853	-1.328955	-0.873343	
1	-3.369141	2.542853	-1.328955	-0.873343	
1	-3.417969	2.543860	-1.350628	-0.861889	
1	-3.417969	2.543860	-1.350628	-0.861889	
1	-3.466797	2.544562	-1.372402	-0.850433	
1	-3.466797	2.544562	-1.372402	-0.850433	
1	-3.515625	2.544954	-1.394276	-0.838977	
1	-3.515625	2.544954	-1.394276	-0.838977	
1	-3.564453	2.545035	-1.416250	-0.827523	
1	-3.564453	2.545035	-1.416250	-0.827523	
1	-3.613281	2.544802	-1.438323	-0.816073	
1	-3.613281	2.544802	-1.438323	-0.816073	
1	-3.662109	2.544252	-1.460494	-0.804629	
1	-3.662109	2.544252	-1.460494	-0.804629	
1	-3.710938	2.543382	-1.482763	-0.793194	
1	-3.710938	2.543382	-1.482763	-0.793194	
1	-3.759766	2.542190	-1.505127	-0.781768	
1	-3.759766	2.542190	-1.505127	-0.781768	
1	-3.808594	2.540672	-1.527588	-0.770354	
1	-3.808594	2.540672	-1.527588	-0.770354	
1	-3.851185	2.539062	-1.547252	-0.760411	
1	-3.851185	2.539062	-1.547252	-0.760411	
1	-3.857422	2.538823	-1.550142	-0.758954	
1	-3.857422	2.538823	-1.550142	-0.758954	
1	-3.906250	2.536620	-1.572785	-0.747572	
1	-3.906250	2.536620	-1.572785	-0.747572	
1	-3.955078	2.534078	-1.595521	-0.736208	
1	-3.955078	2.534078	-1.595521	-0.736208	
1	-4.003906	2.531193	-1.618347	-0.724864	
1	-4.003906	2.531193	-1.618347	-0.724864	
1	-4.052734	2.527963	-1.641265	-0.713541	
1	-4.052734	2.527963	-1.641265	-0.713541	
1	-4.101562	2.524385	-1.664272	-0.702241	
1	-4.101562	2.524385	-1.664272	-0.702241	
1	-4.150391	2.520453	-1.687368	-0.690967	
1	-4.150391	2.520453	-1.687368	-0.690967	
1	-4.199219	2.516167	-1.710552	-0.679719	
1	-4.199219	2.516167	-1.710552	-0.679719	
1	-4.248047	2.511520	-1.733823	-0.668499	
1	-4.248047	2.511520	-1.733823	-0.668499	
1	-4.296875	2.506511	-1.757182	-0.657310	
1	-4.296875	2.506511	-1.757182	-0.657310	
1	-4.345703	2.501135	-1.780626	-0.646152	
1	-4.345703	2.501135	-1.780626	-0.646152	
1	-4.394531	2.495389	-1.804155	-0.635028	
1	-4.394531	2.495389	-1.804155	-0.635028	
1	-4.435673	2.490234	-1.824041	-0.625685	
1	-4.435673	2.490234	-1.824041	-0.625685	
1	-4.443359	2.489254	-1.827766	-0.623941	
1	-4.443359	2.489254	-1.827766	-0.623941	
1	-4.492188	2.482661	-1.851441	-0.612899	
1	-4.492188	2.482661	-1.851441	-0.612899	
1	-4.541016	2.475678	-1.875198	-0.601897	
1	-4.541016	2.475678	-1.875198	-0.601897	
1	-4.589844	2.468301	-1.899035	-0.590935	
1	-4.589844	2.468301	-1.899035	-0.590935	
1	-4.638672	2.460526	-1.922952	-0.580016	
1	-4.638672	2.460526	-1.922952	-0.580016	
1	-4.687500	2.452349	-1.946949	-0.569141	
1	-4.687500	2.452349	-1.946949	-0.569141	
1	-4.736328	2.443764	-1.971025	-0.558311	
1	-4.736328	2.443764	-1.971025	-0.558311	
1	-4.749167	2.441406	-1.977360	-0.555475	
1	-4.749167	2.441406	-1.977360	-0.555475	
1	-4.785156	2.434659	-1.995153	-0.547540	
1	-4.785156	2.434659	-1.995153	-0.547540	
1	-4.833984	2.425090	-2.019347	-0.536823	
1	-4.833984	2.425090	-2.019347	-0.536823	
1	-4.882812	2.415091	-2.043617	-0.526157	
1	-4.882812	2.415091	-2.043617	-0.526157	
1	-4.931641	2.404655	-2.067961	-0.515544	
1	-4.931641	2.404655	-2.067961	-0.515544	
1	-4.980469	2.393778	-2.092379	-0.504985	
1	-4.980469	2.393778	-2.092379	-0.504985	
1	-4.985666	2.392578	-2.094978	-0.503866	
1	-4.985666	2.392578	-2.094978	-0.503866	
1	-5.029297	2.382271	-2.116827	-0.494500	
1	-5.029297	2.382271	-2.116827	-0.494500	
1	-5.078125	2.370279	-2.141341	-0.484076	
1	-5.078125	2.370279	-2.141341	-0.484076	
1	-5.126953	2.357818	-2.165925	-0.473712	
1	-5.126953	2.357818	-2.165925	-0.473712	
1	-5.175781	2.344882	-2.190580	-0.463409	
1	-5.175781	2.344882	-2.190580	-0.463409	
1	-5.179921	2.343750	-2.192670	-0.462540	
1	-5.179921	2.343750	-2.192670	-0.462540	
1	-5.224609	2.331220	-2.215247	-0.453193	
1	-5.224609	2.331220	-2.215247	-0.453193	
1	-5.273438	2.317035	-2.239975	-0.443045	
1	-5.273438	2.317035	-2.239975	-0.443045	
1	-5.322266	2.302342	-2.264771	-0.432964	
1	-5.322266	2.302342	-2.264771	-0.432964	
1	-5.346164	2.294922	-2.276921	-0.428058	
1	-5.346164	2.294922	-2.276921	-0.428058	
1	-5.371094	2.286967	-2.289593	-0.422967	
1	-5.371094	2.286967	-2.289593	-0.422967	
1	-5.419922	2.270896	-2.314442	-0.413056	
1	-5.419922	2.270896	-2.314442	-0.413056	
1	-5.468750	2.254280	-2.339354	-0.403218	
1	-5.468750	2.254280	-2.339354	-0.403218	
1	-5.492109	2.246094	-2.351285	-0.398542	
1	-5.492109	2.246094	-2.351285	-0.398542	
1	-5.517578	2.236901	-2.364282	-0.393473	
1	-5.517578	2.236901	-2.364282	-0.393473	
1	-5.566406	2.218754	-2.389226	-0.383823	
1	-5.566406	2.218754	-2.389226	-0.383823	
1	-5.615234	2.200021	-2.414231	-0.374251	
1	-5.615234	2.200021	-2.414231	-0.374251	
1	-5.622235	2.197266	-2.417816	-0.372887	
1	-5.622235	2.197266	-2.417816	-0.372887	
1	-5.664062	2.180272	-2.439201	-0.364795	
1	-5.664062	2.180272	-2.439201	-0.364795	
1	-5.712891	2.159828	-2.464214	-0.355429	
1	-5.712891	2.159828	-2.464214	-0.355429	
1	-5.739362	2.148438	-2.477789	-0.350390	
1	-5.739362	2.148438	-2.477789	-0.350390	
1	-5.761719	2.138486	-2.489226	-0.346169	
1	-5.761719	2.138486	-2.489226	-0.346169	
1	-5.810547	2.116165	-2.514223	-0.337023	
1	-5.810547	2.116165	-2.514223	-0.337023	
1	-5.845767	2.099609	-2.532282	-0.330484	
1	-5.845767	2.099609	-2.532282	-0.330484	
1	-5.859375	2.092977	-2.539236	-0.327981	
1	-5.859375	2.092977	-2.539236	-0.327981	
1	-5.908203	2.068587	-2.564193	-0.319071	
1	-5.908203	2.068587	-2.564193	-0.319071	
1	-5.942893	2.050781	-2.581950	-0.312801	
1	-5.942893	2.050781	-2.581950	-0.312801	
1	-5.957031	2.043238	-2.589155	-0.310272	
1	-5.957031	2.043238	-2.589155	-0.310272	
1	-6.005859	2.016555	-2.614046	-0.301614	
1	-6.005859	2.016555	-2.614046	-0.301614	
1	-6.031911	2.001953	-2.627338	-0.297039	
1	-6.031911	2.001953	-2.627338	-0.297039	
1	-6.054688	1.988648	-2.638896	-0.293088	
1	-6.054688	1.988648	-2.638896	-0.293088	
1	-6.103516	1.959410	-2.663690	-0.284701	
1	-6.103516	1.959410	-2.663690	-0.284701	
1	-6.113782	1.953125	-2.668904	-0.282952	
1	-6.113782	1.953125	-2.668904	-0.282952	
1	-6.152344	1.928450	-2.688353	-0.276479	
1	-6.152344	1.928450	-2.688353	-0.276479	
1	-6.189160	1.904297	-2.706940	-0.270366	
1	-6.189160	1.904297	-2.706940	-0.270366	
1	-6.201172	1.896038	-2.712954	-0.268403	
1	-6.201172	1.896038	-2.712954	-0.268403	
1	-6.250000	1.861706	-2.737406	-0.260504	
1	-6.250000	1.861706	-2.737406	-0.260504	
1	-6.258684	1.855469	-2.741754	-0.259113	
1	-6.258684	1.855469	-2.741754	-0.259113	
1	-6.298828	1.825147	-2.761658	-0.252799	
1	-6.298828	1.825147	-2.761658	-0.252799	
1	-6.322784	1.806641	-2.773540	-0.249073	
1	-6.322784	1.806641	-2.773540	-0.249073	
1	-6.347656	1.786368	-2.785732	-0.245285	
1	-6.347656	1.786368	-2.785732	-0.245285	
1	-6.381945	1.757812	-2.802539	-0.240120	
1	-6.381945	1.757812	-2.802539	-0.240120	
1	-6.396484	1.744989	-2.809567	-0.237981	
1	-6.396484	1.744989	-2.809567	-0.237981	
1	-6.436474	1.708984	-2.828892	-0.232165	
1	-6.436474	1.708984	-2.828892	-0.232165	
1	-6.445312	1.700523	-2.833092	-0.230914	
1	-6.445312	1.700523	-2.833092	-0.230914	
1	-6.486654	1.660156	-2.852729	-0.225129	
1	-6.486654	1.660156	-2.852729	-0.225129	
1	-6.494141	1.652348	-2.856214	-0.224113	
1	-6.494141	1.652348	-2.856214	-0.224113	
1	-6.532735	1.611328	-2.874169	-0.218938	
1	-6.532735	1.611328	-2.874169	-0.218938	
1	-6.542969	1.599651	-2.878816	-0.217614	
1	-6.542969	1.599651	-2.878816	-0.217614	
1	-6.574945	1.562500	-2.893323	-0.213527	
1	-6.574945	1.562500	-2.893323	-0.213527	
1	-6.591797	1.541357	-2.900747	-0.211463	
1	-6.591797	1.541357	-2.900747	-0.211463	
1	-6.613487	1.513672	-2.910292	-0.208838	
1	-6.613487	1.513672	-2.910292	-0.208838	
1	-6.640625	1.476016	-2.921809	-0.205715	
1	-6.640625	1.476016	-2.921809	-0.205715	
1	-6.648545	1.464844	-2.925166	-0.204815	
1	-6.648545	1.464844	-2.925166	-0.204815	
1	-6.680219	1.416016	-2.937985	-0.201423	
1	-6.680219	1.416016	-2.937985	-0.201423	
1	-6.689453	1.400321	-2.941508	-0.200504	
1	-6.689453	1.400321	-2.941508	-0.200504	
1	-6.708653	1.367188	-2.948821	-0.198616	
1	-6.708653	1.367188	-2.948821	-0.198616	
1	-6.734016	1.318359	-2.957768	-0.196348	
1	-6.734016	1.318359	-2.957768	-0.196348	
1	-6.738281	1.309126	-2.959118	-0.196010	
1	-6.738281	1.309126	-2.959118	-0.196010	
1	-6.756317	1.269531	-2.964812	-0.194601	
1	-6.756317	1.269531	-2.964812	-0.194601	
1	-6.775735	1.220703	-2.970058	-0.193327	
1	-6.775735	1.220703	-2.970058	-0.193327	
1	-6.787109	1.187356	-2.972438	-0.192758	
1	-6.787109	1.187356	-2.972438	-0.192758	
1	-6.792323	1.171875	-2.973526	-0.192502	
1	-6.792323	1.171875	-2.973526	-0.192502	
1	-6.806114	1.123047	-2.975227	-0.192106	
1	-6.806114	1.123047	-2.975227	-0.192106	
1	-6.817231	1.074219	-2.975233	-0.192104	
1	-6.817231	1.074219	-2.975233	-0.192104	
1	-6.825720	1.025391	-2.973566	-0.192474	
1	-6.825720	1.025391	-2.973566	-0.192474	
1	-6.831626	0.976562	-2.970247	-0.193196	
1	-6.831626	0.976562	-2.970247	-0.193196	
1	-6.834988	0.927734	-2.965297	-0.194251	
1	-6.834988	0.927734	-2.965297	-0.194251	
1	-6.835846	0.878906	-2.958736	-0.195618	
1	-6.835846	0.878906	-2.958736	-0.195618	
1	-6.834235	0.830078	-2.950584	-0.197281	
1	-6.834235	0.830078	-2.950584	-0.197281	
1	-6.830187	0.781250	-2.940858	-0.199221	
1	-6.830187	0.781250	-2.940858	-0.199221	
1	-6.823733	0.732422	-2.929578	-0.201423	
1	-6.823733	0.732422	-2.929578	-0.201423	
1	-6.814901	0.683594	-2.916761	-0.203870	
1	-6.814901	0.683594	-2.916761	-0.203870	
1	-6.803716	0.634766	-2.902423	-0.206547	
1	-6.803716	0.634766	-2.902423	-0.206547	
1	-6.790202	0.585938	-2.886580	-0.209439	
1	-6.790202	0.585938	-2.886580	-0.209439	
1	-6.787109	0.576409	-2.883183	-0.210051	
1	-6.787109	0.576409	-2.883183	-0.210051	
1	-6.774314	0.537109	-2.869202	-0.212541	
1	-6.774314	0.537109	-2.869202	-0.212541	
1	-6.756111	0.488281	-2.850332	-0.215834	
1	-6.756111	0.488281	-2.850332	-0.215834	
1	-6.738281	0.445791	-2.832625	-0.218858	
1	-6.738281	0.445791	-2.832625	-0.218858	
1	-6.735612	0.439453	-2.829986	-0.219304	
1	-6.735612	0.439453	-2.829986	-0.219304	
1	-6.712744	0.390625	-2.808116	-0.222950	
1	-6.712744	0.390625	-2.808116	-0.222950	
1	-6.689453	0.345372	-2.786504	-0.226475	
1	-6.689453	0.345372	-2.786504	-0.226475	
1	-6.687606	0.341797	-2.784797	-0.226750	
1	-6.687606	0.341797	-2.784797	-0.226750	
1	-6.660085	0.292969	-2.759954	-0.230706	
1	-6.660085	0.292969	-2.759954	-0.230706	
1	-6.640625	0.261053	-2.742767	-0.233390	
1	-6.640625	0.261053	-2.742767	-0.233390	
1	-6.630263	0.244141	-2.733652	-0.234798	
1	-6.630263	0.244141	-2.733652	-0.234798	
1	-6.598091	0.195312	-2.705864	-0.239022	
1	-6.598091	0.195312	-2.705864	-0.239022	
1	-6.591797	0.186381	-2.700513	-0.239824	
1	-6.591797	0.186381	-2.700513	-0.239824	
1	-6.563530	0.146484	-2.676572	-0.243372	
1	-6.563530	0.146484	-2.676572	-0.243372	
1	-6.542969	0.119225	-2.659409	-0.245875	
1	-6.542969	0.119225	-2.659409	-0.245875	
1	-6.526606	0.097656	-2.645803	-0.247836	
1	-6.526606	0.097656	-2.645803	-0.247836	
1	-6.494141	0.057295	-2.619151	-0.251621	
1	-6.494141	0.057295	-2.619151	-0.251621	
1	-6.487289	0.048828	-2.613548	-0.252407	
1	-6.487289	0.048828	-2.613548	-0.252407	
1	-6.445542	0.000000	-2.579793	-0.257081	
1	-6.445542	0.000000	-2.579793	-0.257081	
1	-6.445312	-0.000255	-2.579609	-0.257106	
1	-6.445312	-0.000255	-2.579609	-0.257106	
1	-6.401304	-0.048828	-2.544510	-0.261853	
1	-6.401304	-0.048828	-2.544510	-0.261853	
1	-6.396484	-0.053897	-2.540702	-0.262361	
1	-6.396484	-0.053897	-2.540702	-0.262361	
1	-6.354577	-0.097656	-2.507715	-0.266715	
1	-6.354577	-0.097656	-2.507715	-0.266715	
1	-6.347656	-0.104561	-2.502313	-0.267419	
1	-6.347656	-0.104561	-2.502313	-0.267419	
1	-6.305320	-0.146484	-2.469396	-0.271662	
1	-6.305320	-0.146484	-2.469396	-0.271662	
1	-6.298828	-0.152641	-2.464388	-0.272301	
1	-6.298828	-0.152641	-2.464388	-0.272301	
1	-6.253488	-0.195312	-2.429542	-0.276691	
1	-6.253488	-0.195312	-2.429542	-0.276691	
1	-6.250000	-0.198464	-2.426881	-0.277023	
1	-6.250000	-0.198464	-2.426881	-0.277023	
1	-6.201172	-0.242230	-2.389760	-0.281600	
1	-6.201172	-0.242230	-2.389760	-0.281600	
1	-6.199023	-0.244141	-2.388133	-0.281798	
1	-6.199023	-0.244141	-2.388133	-0.281798	
1	-6.152344	-0.284069	-2.353004	-0.286043	
1	-6.152344	-0.284069	-2.353004	-0.286043	
1	-6.141850	-0.292969	-2.345138	-0.286983	
1	-6.141850	-0.292969	-2.345138	-0.286983	
1	-6.103516	-0.324311	-2.316575	-0.290366	
1	-6.103516	-0.324311	-2.316575	-0.290366	
1	-6.081938	-0.341797	-2.300562	-0.292241	
1	-6.081938	-0.341797	-2.300562	-0.292241	
1	-6.054688	-0.363127	-2.280451	-0.294577	
1	-6.054688	-0.363127	-2.280451	-0.294577	
1	-6.019234	-0.390625	-2.254395	-0.297571	
1	-6.019234	-0.390625	-2.254395	-0.297571	
1	-6.005859	-0.400663	-2.244616	-0.298685	
1	-6.005859	-0.400663	-2.244616	-0.298685	
1	-5.957031	-0.436968	-2.209060	-0.302698	
1	-5.957031	-0.436968	-2.209060	-0.302698	
1	-5.953658	-0.439453	-2.206612	-0.302972	
1	-5.953658	-0.439453	-2.206612	-0.302972	
1	-5.908203	-0.471913	-2.173787	-0.306620	
1	-5.908203	-0.471913	-2.173787	-0.306620	
1	-5.885054	-0.488281	-2.157141	-0.308452	
1	-5.885054	-0.488281	-2.157141	-0.308452	
1	-5.859375	-0.505909	-2.138762	-0.310461	
1	-5.859375	-0.505909	-2.138762	-0.310461	
1	-5.813458	-0.537109	-2.106042	-0.314004	
1	-5.813458	-0.537109	-2.106042	-0.314004	
1	-5.810547	-0.539033	-2.103976	-0.314226	
1	-5.810547	-0.539033	-2.103976	-0.314226	
1	-5.761719	-0.570985	-2.069448	-0.317919	
1	-5.761719	-0.570985	-2.069448	-0.317919	
1	-5.738626	-0.585938	-2.053189	-0.319642	
1	-5.738626	-0.585938	-2.053189	-0.319642	
1	-5.712891	-0.602165	-2.035146	-0.321545	
1	-5.712891	-0.602165	-2.035146	-0.321545	
1	-5.664062	-0.632623	-2.001065	-0.325111	
1	-5.664062	-0.632623	-2.001065	-0.325111	
1	-5.660593	-0.634766	-1.998651	-0.325362	
1	-5.660593	-0.634766	-1.998651	-0.325362	
1	-5.615234	-0.662079	-1.967222	-0.328618	
1	-5.615234	-0.662079	-1.967222	-0.328618	
1	-5.579099	-0.683594	-1.942304	-0.331181	
1	-5.579099	-0.683594	-1.942304	-0.331181	
1	-5.566406	-0.690974	-1.933585	-0.332074	
1	-5.566406	-0.690974	-1.933585	-0.332074	
1	-5.517578	-0.719060	-1.900169	-0.335480	
1	-5.517578	-0.719060	-1.900169	-0.335480	
1	-5.494084	-0.732422	-1.884161	-0.337103	
1	-5.494084	-0.732422	-1.884161	-0.337103	
1	-5.468750	-0.746512	-1.866962	-0.338841	
1	-5.468750	-0.746512	-1.866962	-0.338841	
1	-5.419922	-0.773358	-1.833961	-0.342161	
1	-5.419922	-0.773358	-1.833961	-0.342161	
1	-5.405404	-0.781250	-1.824187	-0.343141	
1	-5.405404	-0.781250	-1.824187	-0.343141	
1	-5.371094	-0.799514	-1.801170	-0.345442	
1	-5.371094	-0.799514	-1.801170	-0.345442	
1	-5.322266	-0.825196	-1.768575	-0.348690	
1	-5.322266	-0.825196	-1.768575	-0.348690	
1	-5.312876	-0.830078	-1.762329	-0.349311	
1	-5.312876	-0.830078	-1.762329	-0.349311	
1	-5.273438	-0.850184	-1.736189	-0.351905	
1	-5.273438	-0.850184	-1.736189	-0.351905	
1	-5.224609	-0.874771	-1.703993	-0.355092	
1	-5.224609	-0.874771	-1.703993	-0.355092	
1	-5.216300	-0.878906	-1.698533	-0.355632	
1	-5.216300	-0.878906	-1.698533	-0.355632	
1	-5.175781	-0.898701	-1.672003	-0.358254	
1	-5.175781	-0.898701	-1.672003	-0.358254	
1	-5.126953	-0.922258	-1.640201	-0.361394	
1	-5.126953	-0.922258	-1.640201	-0.361394	
1	-5.115465	-0.927734	-1.632747	-0.362129	
1	-5.115465	-0.927734	-1.632747	-0.362129	
1	-5.078125	-0.945228	-1.608601	-0.364513	
1	-5.078125	-0.945228	-1.608601	-0.364513	
1	-5.029297	-0.967816	-1.577189	-0.367617	
1	-5.029297	-0.967816	-1.577189	-0.367617	
1	-5.010152	-0.976562	-1.564925	-0.368830	
1	-5.010152	-0.976562	-1.564925	-0.368830	
1	-4.980469	-0.989907	-1.545973	-0.370706	
1	-4.980469	-0.989907	-1.545973	-0.370706	
1	-4.931641	-1.011582	-1.514949	-0.373784	
1	-4.931641	-1.011582	-1.514949	-0.373784	
1	-4.900131	-1.025391	-1.495027	-0.375765	
1	-4.900131	-1.025391	-1.495027	-0.375765	
1	-4.882812	-1.032868	-1.484115	-0.376853	
1	-4.882812	-1.032868	-1.484115	-0.376853	
1	-4.833984	-1.053683	-1.453475	-0.379916	
1	-4.833984	-1.053683	-1.453475	-0.379916	
1	-4.785171	-1.074219	-1.423029	-0.382974	
1	-4.785171	-1.074219	-1.423029	-0.382974	
1	-4.785156	-1.074225	-1.423019	-0.382975	
1	-4.785156	-1.074225	-1.423019	-0.382975	
1	-4.736328	-1.094230	-1.392764	-0.386033	
1	-4.736328	-1.094230	-1.392764	-0.386033	
1	-4.687500	-1.113971	-1.362692	-0.389093	
1	-4.687500	-1.113971	-1.362692	-0.389093	
1	-4.664755	-1.123047	-1.348749	-0.390519	
1	-4.664755	-1.123047	-1.348749	-0.390519	
1	-4.638672	-1.133324	-1.332813	-0.392156	
1	-4.638672	-1.133324	-1.332813	-0.392156	
1	-4.589844	-1.152312	-1.303125	-0.395225	
1	-4.589844	-1.152312	-1.303125	-0.395225	
1	-4.541016	-1.171048	-1.273623	-0.398303	
1	-4.541016	-1.171048	-1.273623	-0.398303	
1	-4.538831	-1.171875	-1.272308	-0.398441	
1	-4.538831	-1.171875	-1.272308	-0.398441	
1	-4.492188	-1.189335	-1.244319	-0.401391	
1	-4.492188	-1.189335	-1.244319	-0.401391	
1	-4.443359	-1.207371	-1.215201	-0.404492	
1	-4.443359	-1.207371	-1.215201	-0.404492	
1	-4.406778	-1.220703	-1.193510	-0.406826	
1	-4.406778	-1.220703	-1.193510	-0.406826	
1	-4.394531	-1.225121	-1.186273	-0.407609	
1	-4.394531	-1.225121	-1.186273	-0.407609	
1	-4.345703	-1.242498	-1.157541	-0.410743	
1	-4.345703	-1.242498	-1.157541	-0.410743	
1	-4.296875	-1.259647	-1.128997	-0.413897	
1	-4.296875	-1.259647	-1.128997	-0.413897	
1	-4.268348	-1.269531	-1.112410	-0.415750	
1	-4.268348	-1.269531	-1.112410	-0.415750	
1	-4.248047	-1.276502	-1.100646	-0.417073	
1	-4.248047	-1.276502	-1.100646	-0.417073	
1	-4.199219	-1.293042	-1.072490	-0.420273	
1	-4.199219	-1.293042	-1.072490	-0.420273	
1	-4.150391	-1.309366	-1.044524	-0.423500	
1	-4.150391	-1.309366	-1.044524	-0.423500	
1	-4.123124	-1.318359	-1.028992	-0.425314	
1	-4.123124	-1.318359	-1.028992	-0.425314	
1	-4.101562	-1.325416	-1.016753	-0.426755	
1	-4.101562	-1.325416	-1.016753	-0.426755	
1	-4.052734	-1.341180	-0.989178	-0.430041	
1	-4.052734	-1.341180	-0.989178	-0.430041	
1	-4.003906	-1.356743	-0.961795	-0.433360	
1	-4.003906	-1.356743	-0.961795	-0.433360	
1	-3.970701	-1.367188	-0.943285	-0.435637	
1	-3.970701	-1.367188	-0.943285	-0.435637	
1	-3.955078	-1.372069	-0.934607	-0.436714	
1	-3.955078	-1.372069	-0.934607	-0.436714	
1	-3.906250	-1.387120	-0.907619	-0.440105	
1	-3.906250	-1.387120	-0.907619	-0.440105	
1	-3.857422	-1.401984	-0.880824	-0.443536	
1	-3.857422	-1.401984	-0.880824	-0.443536	
1	-3.810755	-1.416016	-0.855398	-0.446854	
1	-3.810755	-1.416016	-0.855398	-0.446854	
1	-3.808594	-1.416662	-0.854225	-0.447008	
1	-3.808594	-1.416662	-0.854225	-0.447008	
1	-3.759766	-1.431061	-0.827828	-0.450523	
1	-3.759766	-1.431061	-0.827828	-0.450523	
1	-3.710938	-1.445290	-0.801628	-0.454085	
1	-3.710938	-1.445290	-0.801628	-0.454085	
1	-3.662109	-1.459354	-0.775625	-0.457694	
1	-3.662109	-1.459354	-0.775625	-0.457694	
1	-3.642798	-1.464844	-0.765397	-0.459135	
1	-3.642798	-1.464844	-0.765397	-0.459135	
1	-3.613281	-1.473202	-0.749823	-0.461353	
1	-3.613281	-1.473202	-0.749823	-0.461353	
1	-3.564453	-1.486860	-0.724222	-0.465064	
1	-3.564453	-1.486860	-0.724222	-0.465064	
1	-3.515625	-1.500371	-0.698821	-0.468829	
1	-3.515625	-1.500371	-0.698821	-0.468829	
1	-3.467043	-1.513672	-0.673746	-0.472632	
1	-3.467043	-1.513672	-0.673746	-0.472632	
1	-3.466797	-1.513739	-0.673619	-0.472651	
1	-3.466797	-1.513739	-0.673619	-0.472651	
1	-3.417969	-1.526893	-0.648624	-0.476531	
1	-3.417969	-1.526893	-0.648624	-0.476531	
1	-3.369141	-1.539919	-0.623829	-0.480471	
1	-3.369141	-1.539919	-0.623829	-0.480471	
1	-3.320312	-1.552822	-0.599235	-0.484474	
1	-3.320312	-1.552822	-0.599235	-0.484474	
1	-3.283323	-1.562500	-0.580741	-0.487549	
1	-3.283323	-1.562500	-0.580741	-0.487549	
1	-3.271484	-1.565594	-0.574845	-0.488542	
1	-3.271484	-1.565594	-0.574845	-0.488542	
1	-3.222656	-1.578206	-0.550661	-0.492676	
1	-3.222656	-1.578206	-0.550661	-0.492676	
1	-3.173828	-1.590717	-0.526680	-0.496879	
1	-3.173828	-1.590717	-0.526680	-0.496879	
1	-3.125000	-1.603135	-0.502901	-0.501154	
1	-3.125000	-1.603135	-0.502901	-0.501154	
1	-3.092505	-1.611328	-0.487191	-0.504039	
1	-3.092505	-1.611328	-0.487191	-0.504039	
1	-3.076172	-1.615448	-0.479328	-0.505502	
1	-3.076172	-1.615448	-0.479328	-0.505502	
1	-3.027344	-1.627644	-0.455961	-0.509924	
1	-3.027344	-1.627644	-0.455961	-0.509924	
1	-2.978516	-1.639771	-0.432797	-0.514425	
1	-2.978516	-1.639771	-0.432797	-0.514425	
1	-2.929688	-1.651838	-0.409837	-0.519006	
1	-2.929688	-1.651838	-0.409837	-0.519006	
1	-2.895821	-1.660156	-0.394034	-0.522230	
1	-2.895821	-1.660156	-0.394034	-0.522230	
1	-2.880859	-1.663838	-0.387082	-0.523668	
1	-2.880859	-1.663838	-0.387082	-0.523668	
1	-2.832031	-1.675760	-0.364533	-0.528415	
1	-2.832031	-1.675760	-0.364533	-0.528415	
1	-2.783203	-1.687650	-0.342187	-0.533248	
1	-2.783203	-1.687650	-0.342187	-0.533248	
1	-2.734375	-1.699516	-0.320044	-0.538170	
1	-2.734375	-1.699516	-0.320044	-0.538170	
1	-2.695316	-1.708984	-0.302477	-0.542173	
1	-2.695316	-1.708984	-0.302477	-0.542173	
1	-2.685547	-1.711361	-0.298103	-0.543183	
1	-2.685547	-1.711361	-0.298103	-0.543183	
1	-2.636719	-1.723169	-0.276367	-0.548290	
1	-2.636719	-1.723169	-0.276367	-0.548290	
1	-2.587891	-1.734985	-0.254832	-0.553493	
1	-2.587891	-1.734985	-0.254832	-0.553493	
1	-2.539062	-1.746822	-0.233496	-0.558794	
1	-2.539062	-1.746822	-0.233496	-0.558794	
1	-2.493820	-1.757812	-0.213905	-0.563796	
1	-2.493820	-1.757812	-0.213905	-0.563796	
1	-2.490234	-1.758688	-0.212359	-0.564196	
1	-2.490234	-1.758688	-0.212359	-0.564196	
1	-2.441406	-1.770563	-0.191424	-0.569702	
1	-2.441406	-1.770563	-0.191424	-0.569702	
1	-2.392578	-1.782496	-0.170684	-0.575314	
1	-2.392578	-1.782496	-0.170684	-0.575314	
1	-2.343750	-1.794498	-0.150138	-0.581035	
1	-2.343750	-1.794498	-0.150138	-0.581035	
1	-2.294922	-1.806585	-0.129785	-0.586869	
1	-2.294922	-1.806585	-0.129785	-0.586869	
1	-2.294696	-1.806641	-0.129692	-0.586896	
1	-2.294696	-1.806641	-0.129692	-0.586896	
1	-2.246094	-1.818737	-0.109627	-0.592817	
1	-2.246094	-1.818737	-0.109627	-0.592817	
1	-2.197266	-1.831002	-0.089656	-0.598883	
1	-2.197266	-1.831002	-0.089656	-0.598883	
1	-2.148438	-1.843396	-0.069872	-0.605070	
1	-2.148438	-1.843396	-0.069872	-0.605070	
1	-2.101405	-1.855469	-0.050988	-0.611148	
1	-2.101405	-1.855469	-0.050988	-0.611148	
1	-2.099609	-1.855934	-0.050270	-0.611382	
1	-2.099609	-1.855934	-0.050270	-0.611382	
1	-2.050781	-1.868605	-0.030852	-0.617822	
1	-2.050781	-1.868605	-0.030852	-0.617822	
1	-2.001953	-1.881455	-0.011612	-0.624393	
1	-2.001953	-1.881455	-0.011612	-0.624393	
1	-1.953125	-1.894502	0.007456	-0.631101	
1	-1.953125	-1.894502	0.007456	-0.631101	
1	-1.916947	-1.904297	0.021472	-0.636160	
1	-1.916947	-1.904297	0.021472	-0.636160	
1	-1.904297	-1.907758	0.026353	-0.637948	
1	-1.904297	-1.907758	0.026353	-0.637948	
1	-1.855469	-1.921231	0.045082	-0.644939	
1	-1.855469	-1.921231	0.045082	-0.644939	
1	-1.806641	-1.934960	0.063649	-0.652079	
1	-1.806641	-1.934960	0.063649	-0.652079	
1	-1.757812	-1.948967	0.082061	-0.659373	
1	-1.757812	-1.948967	0.082061	-0.659373	
1	-1.743480	-1.953125	0.087435	-0.661544	
1	-1.743480	-1.953125	0.087435	-0.661544	
1	-1.708984	-1.963259	0.100319	-0.666826	
1	-1.708984	-1.963259	0.100319	-0.666826	
1	-1.660156	-1.977868	0.118431	-0.674443	
1	-1.660156	-1.977868	0.118431	-0.674443	
1	-1.611328	-1.992824	0.136404	-0.682232	
1	-1.611328	-1.992824	0.136404	-0.682232	
1	-1.582070	-2.001953	0.147107	-0.686983	
1	-1.582070	-2.001953	0.147107	-0.686983	
1	-1.562500	-2.008147	0.154242	-0.690197	
1	-1.562500	-2.008147	0.154242	-0.690197	
1	-1.513672	-2.023862	0.171952	-0.698347	
1	-1.513672	-2.023862	0.171952	-0.698347	
1	-1.464844	-2.040005	0.189544	-0.706688	
1	-1.464844	-2.040005	0.189544	-0.706688	
1	-1.432961	-2.050781	0.200968	-0.712242	
1	-1.432961	-2.050781	0.200968	-0.712242	
1	-1.416016	-2.056603	0.207023	-0.715230	
1	-1.416016	-2.056603	0.207023	-0.715230	
1	-1.367188	-2.073686	0.224400	-0.723981	
1	-1.367188	-2.073686	0.224400	-0.723981	
1	-1.318359	-2.091291	0.241682	-0.732950	
1	-1.318359	-2.091291	0.241682	-0.732950	
1	-1.295771	-2.099609	0.249646	-0.737175	
1	-1.295771	-2.099609	0.249646	-0.737175	
1	-1.269531	-2.109455	0.258881	-0.742149	
1	-1.269531	-2.109455	0.258881	-0.742149	
1	-1.220703	-2.128216	0.276006	-0.751589	
1	-1.220703	-2.128216	0.276006	-0.751589	
1	-1.171875	-2.147610	0.293068	-0.761282	
1	-1.171875	-2.147610	0.293068	-0.761282	
1	-1.169823	-2.148438	0.293784	-0.761695	
1	-1.169823	-2.148438	0.293784	-0.761695	
1	-1.123047	-2.167700	0.310084	-0.771245	
1	-1.123047	-2.167700	0.310084	-0.771245	
1	-1.074219	-2.188514	0.327061	-0.781490	
1	-1.074219	-2.188514	0.327061	-0.781490	
1	-1.054165	-2.197266	0.334023	-0.785782	
1	-1.054165	-2.197266	0.334023	-0.785782	
1	-1.025391	-2.210123	0.344019	-0.792038	
1	-1.025391	-2.210123	0.344019	-0.792038	
1	-0.976562	-2.232575	0.360972	-0.802905	
1	-0.976562	-2.232575	0.360972	-0.802905	
1	-0.947999	-2.246094	0.370888	-0.809416	
1	-0.947999	-2.246094	0.370888	-0.809416	
1	-0.927734	-2.255939	0.377938	-0.814115	
1	-0.927734	-2.255939	0.377938	-0.814115	
1	-0.878906	-2.280295	0.394939	-0.825693	
1	-0.878906	-2.280295	0.394939	-0.825693	
1	-0.850463	-2.294922	0.404858	-0.832612	
1	-0.850463	-2.294922	0.404858	-0.832612	
1	-0.830078	-2.305715	0.411994	-0.837666	
1	-0.830078	-2.305715	0.411994	-0.837666	
1	-0.781250	-2.332302	0.429132	-0.850066	
1	-0.781250	-2.332302	0.429132	-0.850066	
1	-0.760803	-2.343750	0.436329	-0.855387	
1	-0.760803	-2.343750	0.436329	-0.855387	
1	-0.732422	-2.360169	0.446381	-0.862933	
1	-0.732422	-2.360169	0.446381	-0.862933	
1	-0.683594	-2.389403	0.463767	-0.876303	
1	-0.683594	-2.389403	0.463767	-0.876303	
1	-0.678399	-2.392578	0.465622	-0.877754	
1	-0.678399	-2.392578	0.465622	-0.877754	
1	-0.634766	-2.420246	0.481347	-0.890242	
1	-0.634766	-2.420246	0.481347	-0.890242	
1	-0.602562	-2.441406	0.493041	-0.899752	
1	-0.602562	-2.441406	0.493041	-0.899752	
1	-0.585938	-2.452776	0.499148	-0.904795	
1	-0.585938	-2.452776	0.499148	-0.904795	
1	-0.537109	-2.487236	0.517230	-0.920041	
1	-0.537109	-2.487236	0.517230	-0.920041	
1	-0.532954	-2.490234	0.518778	-0.921368	
1	-0.532954	-2.490234	0.518778	-0.921368	
1	-0.488281	-2.523986	0.535681	-0.936088	
1	-0.488281	-2.523986	0.535681	-0.936088	
1	-0.468961	-2.539062	0.543068	-0.942652	
1	-0.468961	-2.539062	0.543068	-0.942652	
1	-0.439453	-2.563273	0.554568	-0.953035	
1	-0.439453	-2.563273	0.554568	-0.953035	
1	-0.410368	-2.587891	0.566036	-0.963585	
1	-0.410368	-2.587891	0.566036	-0.963585	
1	-0.390625	-2.605549	0.574005	-0.971033	
1	-0.390625	-2.605549	0.574005	-0.971033	
1	-0.356804	-2.636719	0.587831	-0.984185	
1	-0.356804	-2.636719	0.587831	-0.984185	
1	-0.341797	-2.651421	0.594143	-0.990285	
1	-0.341797	-2.651421	0.594143	-0.990285	
1	-0.307952	-2.685547	0.608576	-1.004465	
1	-0.307952	-2.685547	0.608576	-1.004465	
1	-0.292969	-2.701718	0.615190	-1.011069	
1	-0.292969	-2.701718	0.615190	-1.011069	
1	-0.263540	-2.734375	0.628376	-1.024434	
1	-0.263540	-2.734375	0.628376	-1.024434	
1	-0.244141	-2.757612	0.637442	-1.033777	
1	-0.244141	-2.757612	0.637442	-1.033777	
1	-0.223340	-2.783203	0.647318	-1.044098	
1	-0.223340	-2.783203	0.647318	-1.044098	
1	-0.195312	-2.820809	0.661330	-1.058993	
1	-0.195312	-2.820809	0.661330	-1.058993	
1	-0.187162	-2.832031	0.665474	-1.063454	
1	-0.187162	-2.832031	0.665474	-1.063454	
1	-0.154671	-2.880859	0.682941	-1.082539	
1	-0.154671	-2.880859	0.682941	-1.082539	
1	-0.146484	-2.894379	0.687627	-1.087734	
1	-0.146484	-2.894379	0.687627	-1.087734	
1	-0.125633	-2.929688	0.699790	-1.101366	
1	-0.125633	-2.929688	0.699790	-1.101366	
1	-0.100047	-2.978516	0.716039	-1.119902	
1	-0.100047	-2.978516	0.716039	-1.119902	
1	-0.097656	-2.983541	0.717669	-1.121781	
1	-0.097656	-2.983541	0.717669	-1.121781	
1	-0.077328	-3.027344	0.731821	-1.138246	
1	-0.077328	-3.027344	0.731821	-1.138246	
1	-0.057624	-3.076172	0.747119	-1.156331	
1	-0.057624	-3.076172	0.747119	-1.156331	
1	-0.048828	-3.100983	0.754698	-1.165398	
1	-0.048828	-3.100983	0.754698	-1.165398	
1	-0.040519	-3.125000	0.762025	-1.174225	
1	-0.040519	-3.125000	0.762025	-1.174225	
1	-0.025804	-3.173828	0.776586	-1.191946	
1	-0.025804	-3.173828	0.776586	-1.191946	
1	-0.013412	-3.222656	0.790823	-1.209483	
1	-0.013412	-3.222656	0.790823	-1.209483	
1	-0.003106	-3.271484	0.804783	-1.226863	
1	-0.003106	-3.271484	0.804783	-1.226863	
1	0.000000	-3.288979	0.809703	-1.233028	
1	0.000000	-3.288979	0.809703	-1.233028	
1	0.005422	-3.320312	0.818531	-1.244137	
1	0.005422	-3.320312	0.818531	-1.244137	
1	0.012283	-3.369141	0.832088	-1.261304	
1	0.012283	-3.369141	0.832088	-1.261304	
1	0.017603	-3.417969	0.845480	-1.278372	
1	0.017603	-3.417969	0.845480	-1.278372	
1	0.021551	-3.466797	0.858739	-1.295358	
1	0.021551	-3.466797	0.858739	-1.295358	
1	0.024285	-3.515625	0.871894	-1.312279	
1	0.024285	-3.515625	0.871894	-1.312279	
1	0.025944	-3.564453	0.884973	-1.329148	
1	0.025944	-3.564453	0.884973	-1.329148	
1	0.026661	-3.613281	0.897999	-1.345975	
1	0.026661	-3.613281	0.897999	-1.345975	
1	0.026554	-3.662109	0.910992	-1.362771	
1	0.026554	-3.662109	0.910992	-1.362771	
1	0.025733	-3.710938	0.923974	-1.379544	
1	0.025733	-3.710938	0.923974	-1.379544	
1	0.024300	-3.759766	0.936962	-1.396299	
1	0.024300	-3.759766	0.936962	-1.396299	
1	0.022347	-3.808594	0.949973	-1.413041	
1	0.022347	-3.808594	0.949973	-1.413041	
1	0.019959	-3.857422	0.963020	-1.429775	
1	0.019959	-3.857422	0.963020	-1.429775	
1	0.017216	-3.906250	0.976119	-1.446501	
1	0.017216	-3.906250	0.976119	-1.446501	
1	0.014189	-3.955078	0.989281	-1.463222	
1	0.014189	-3.955078	0.989281	-1.463222	
1	0.010944	-4.003906	1.002518	-1.479936	
1	0.010944	-4.003906	1.002518	-1.479936	
1	0.007544	-4.052734	1.015841	-1.496645	
1	0.007544	-4.052734	1.015841	-1.496645	
1	0.004043	-4.101562	1.029259	-1.513344	
1	0.004043	-4.101562	1.029259	-1.513344	
1	0.000494	-4.150391	1.042782	-1.530032	
1	0.000494	-4.150391	1.042782	-1.530032	
1	0.000000	-4.156972	1.044609	-1.532276	
1	0.000000	-4.156972	1.044609	-1.532276	
1	-0.003066	-4.199219	1.056414	-1.546702	
1	-0.003066	-4.199219	1.056414	-1.546702	
1	-0.006592	-4.248047	1.070164	-1.563350	
1	-0.006592	-4.248047	1.070164	-1.563350	
1	-0.010045	-4.296875	1.084038	-1.579970	
1	-0.010045	-4.296875	1.084038	-1.579970	
1	-0.013387	-4.345703	1.098043	-1.596558	
1	-0.013387	-4.345703	1.098043	-1.596558	
1	-0.016584	-4.394531	1.112183	-1.613105	
1	-0.016584	-4.394531	1.112183	-1.613105	
1	-0.019607	-4.443359	1.126464	-1.629606	
1	-0.019607	-4.443359	1.126464	-1.629606	
1	-0.022425	-4.492188	1.140889	-1.646051	
1	-0.022425	-4.492188	1.140889	-1.646051	
1	-0.025014	-4.541016	1.155463	-1.662434	
1	-0.025014	-4.541016	1.155463	-1.662434	
1	-0.027348	-4.589844	1.170189	-1.678744	
1	-0.027348	-4.589844	1.170189	-1.678744	
1	-0.029407	-4.638672	1.185070	-1.694973	
1	-0.029407	-4.638672	1.185070	-1.694973	
1	-0.031170	-4.687500	1.200107	-1.711109	
1	-0.031170	-4.687500	1.200107	-1.711109	
1	-0.032617	-4.736328	1.215302	-1.727144	
1	-0.032617	-4.736328	1.215302	-1.727144	
1	-0.033733	-4.785156	1.230656	-1.743065	
1	-0.033733	-4.785156	1.230656	-1.743065	
1	-0.034501	-4.833984	1.246170	-1.758861	
1	-0.034501	-4.833984	1.246170	-1.758861	
1	-0.034906	-4.882812	1.261843	-1.774521	
1	-0.034906	-4.882812	1.261843	-1.774521	
1	-0.034934	-4.931641	1.277676	-1.790031	
1	-0.034934	-4.931641	1.277676	-1.790031	
1	-0.034572	-4.980469	1.293667	-1.805380	
1	-0.034572	-4.980469	1.293667	-1.805380	
1	-0.033808	-5.029297	1.309815	-1.820555	
1	-0.033808	-5.029297	1.309815	-1.820555	
1	-0.032630	-5.078125	1.326117	-1.835542	
1	-0.032630	-5.078125	1.326117	-1.835542	
1	-0.031026	-5.126953	1.342571	-1.850327	
1	-0.031026	-5.126953	1.342571	-1.850327	
1	-0.028984	-5.175781	1.359175	-1.864897	
1	-0.028984	-5.175781	1.359175	-1.864897	
1	-0.026495	-5.224609	1.375924	-1.879238	
1	-0.026495	-5.224609	1.375924	-1.879238	
1	-0.023546	-5.273438	1.392815	-1.893336	
1	-0.023546	-5.273438	1.392815	-1.893336	
1	-0.020127	-5.322266	1.409844	-1.907175	
1	-0.020127	-5.322266	1.409844	-1.907175	
1	-0.016226	-5.371094	1.427004	-1.920742	
1	-0.016226	-5.371094	1.427004	-1.920742	
1	-0.011831	-5.419922	1.444291	-1.934022	
1	-0.011831	-5.419922	1.444291	-1.934022	
1	-0.006932	-5.468750	1.461699	-1.946999	
1	-0.006932	-5.468750	1.461699	-1.946999	
