#REFERENCE 0 180.3007650 23.0992140
1.3 180.3004021 23.0983612 0.525719 0.008754 39.55229 4.5000 2.26 
1.3 180.2998355 23.0998406 0.214067 0.006252 132.72720 4.5000 3.60 
1.3 180.3009813 23.0979678 0.135424 0.011415 9.90792 4.5000 3.44 
1.3 180.2998755 23.0987319 0.192053 0.191304 169.20826 4.5000 0.00 
1.2 180.3004452 23.0983154 0.818397 0.029166 35.34769 4.5000 0.76 
1.2 180.3009669 23.0979566 0.296715 0.033360 29.94829 4.5000 1.71 
1.2 180.2998056 23.0997982 0.245434 0.037794 139.99284 4.5000 1.78 
1.2 180.2998770 23.0986543 0.590391 0.094008 35.41647 4.5000 -0.16 
1.2 180.2997714 23.0989217 0.219084 0.218991 73.36834 4.5000 -0.00 
1.4 180.3000827 23.0972836 0.111466 0.002756 118.54313 4.5000 4.60 
1.4 180.3000412 23.0972122 0.188838 0.005094 117.61220 4.5000 3.36 
1.4 180.2997301 23.0990095 0.929588 0.036487 74.35832 4.5000 -0.50 
1.4 180.2997788 23.0997529 0.481818 0.022121 111.73387 4.5000 0.75 
1.4 180.2998658 23.0986123 0.499838 0.075064 81.09575 4.5000 -0.61 
1.4 180.3009586 23.0979425 0.240414 0.041333 75.62951 4.5000 0.83 
1.4 180.3004701 23.0982823 0.146004 0.145993 84.57889 4.5000 0.00 
1.1 180.3004782 23.0983038 1.527467 0.078843 30.82472 4.5000 -1.07 
1.1 180.2998373 23.0987284 3.412653 0.180823 62.31462 4.5000 -2.84 
1.1 180.2997943 23.0988383 3.049431 0.191400 77.64419 4.5000 -2.78 
1.1 180.3009526 23.0979752 0.789483 0.070673 42.93501 4.5000 -0.23 
1.1 180.2998076 23.0998134 0.212001 0.211984 5.35060 4.5000 0.00 
1.5 180.2997891 23.0988227 2.954957 0.108699 68.73177 4.5000 -2.95 
1.5 180.2997997 23.0998079 0.445160 0.036213 121.07868 4.5000 0.30 
1.5 180.3005060 23.0982849 0.475243 0.087921 47.77740 4.5000 -0.73 
1.5 180.3009401 23.0979820 0.146001 0.145994 112.85303 4.5000 0.00 
