#REFERENCE 3 180.3146860 23.1330970
1	-0.048828	-0.239159	0.080883	0.500142	
1	0.000000	-0.242533	-0.021309	0.511323	
1	0.000000	-0.242533	-0.021309	0.511323	
1	-0.048828	-0.239159	0.080883	0.500142	
1	-0.097656	-0.225925	0.183583	0.466995	
1	-0.097656	-0.225925	0.183583	0.466995	
1	-0.143359	-0.195312	0.287409	0.406848	
1	-0.143359	-0.195312	0.287409	0.406848	
1	-0.146484	-0.193388	0.293895	0.401980	
1	-0.146484	-0.193388	0.293895	0.401980	
1	-0.193410	-0.146484	0.398229	0.297427	
1	-0.193410	-0.146484	0.398229	0.297427	
1	-0.195312	-0.143427	0.403017	0.291025	
1	-0.195312	-0.143427	0.403017	0.291025	
1	-0.225974	-0.097656	0.463518	0.186194	
1	-0.225974	-0.097656	0.463518	0.186194	
1	-0.239225	-0.048828	0.496937	0.082221	
1	-0.239225	-0.048828	0.496937	0.082221	
1	-0.242600	0.000000	0.508227	-0.021404	
1	-0.242600	0.000000	0.508227	-0.021404	
1	-0.238950	0.048828	0.498781	-0.122934	
1	-0.238950	0.048828	0.498781	-0.122934	
1	-0.225252	0.097656	0.468617	-0.220987	
1	-0.225252	0.097656	0.468617	-0.220987	
1	-0.195312	0.142242	0.416113	-0.314040	
1	-0.195312	0.142242	0.416113	-0.314040	
1	-0.192612	0.146484	0.410161	-0.322089	
1	-0.192612	0.146484	0.410161	-0.322089	
1	-0.146484	0.192598	0.318651	-0.413793	
1	-0.146484	0.192598	0.318651	-0.413793	
1	-0.142181	0.195312	0.310554	-0.419803	
1	-0.142181	0.195312	0.310554	-0.419803	
1	-0.097656	0.225214	0.218344	-0.472033	
1	-0.097656	0.225214	0.218344	-0.472033	
1	-0.048828	0.238890	0.121451	-0.501966	
1	-0.048828	0.238890	0.121451	-0.501966	
1	0.000000	0.242533	0.021309	-0.511323	
1	0.000000	0.242533	0.021309	-0.511323	
1	0.048828	0.239159	-0.080883	-0.500142	
1	0.048828	0.239159	-0.080883	-0.500142	
1	0.097656	0.225925	-0.183583	-0.466995	
1	0.097656	0.225925	-0.183583	-0.466995	
1	0.143359	0.195312	-0.287409	-0.406848	
1	0.143359	0.195312	-0.287409	-0.406848	
1	0.146484	0.193388	-0.293895	-0.401980	
1	0.146484	0.193388	-0.293895	-0.401980	
1	0.193410	0.146484	-0.398229	-0.297427	
1	0.193410	0.146484	-0.398229	-0.297427	
1	0.195312	0.143427	-0.403017	-0.291025	
1	0.195312	0.143427	-0.403017	-0.291025	
1	0.225974	0.097656	-0.463518	-0.186194	
1	0.225974	0.097656	-0.463518	-0.186194	
1	0.239225	0.048828	-0.496937	-0.082221	
1	0.239225	0.048828	-0.496937	-0.082221	
1	0.242600	0.000000	-0.508227	0.021404	
1	0.242600	0.000000	-0.508227	0.021404	
1	0.238950	-0.048828	-0.498781	0.122934	
1	0.238950	-0.048828	-0.498781	0.122934	
1	0.225252	-0.097656	-0.468617	0.220987	
1	0.225252	-0.097656	-0.468617	0.220987	
1	0.195312	-0.142242	-0.416113	0.314040	
1	0.195312	-0.142242	-0.416113	0.314040	
1	0.192612	-0.146484	-0.410161	0.322089	
1	0.192612	-0.146484	-0.410161	0.322089	
1	0.146484	-0.192598	-0.318651	0.413793	
1	0.146484	-0.192598	-0.318651	0.413793	
1	0.142181	-0.195312	-0.310554	0.419803	
1	0.142181	-0.195312	-0.310554	0.419803	
1	0.097656	-0.225214	-0.218344	0.472033	
1	0.097656	-0.225214	-0.218344	0.472033	
1	0.048828	-0.238890	-0.121451	0.501966	
1	0.048828	-0.238890	-0.121451	0.501966	
