#REFERENCE 3 180.3146860 23.1330970
   #ID       X         Y         R       EPS       TAU       AMP       E_AMP      DMAG  TIME[days]  DTIME    PARITY
   6.1     0.037    -0.061     0.071     0.907     2.160    51.600  1347.349      4.28       2.3       0.0    --
   6.1     0.298    -0.511     0.591     0.620     0.791   154.883  1237.494      5.48       0.0      -2.3    +-
   6.1    -0.711     1.098     1.308     0.000     0.000    47.786   650.213      4.20     -22.3     -24.6    ++
   6.2     0.027    -0.042     0.050     0.824     1.456    51.033  1276.141      4.27       1.3      -1.0    --
   6.2    -0.700     1.006     1.226     0.360     0.386    82.420  1036.358      4.79     -19.6     -21.9    ++
   6.2     0.363    -0.584     0.688     0.000     0.000  1933.124  64952.221      8.22      -2.6      -4.9    +-
   7.1    -0.006    -0.036     0.037     0.952     3.121    52.154  1285.437      4.29       0.7       0.0    --
   7.1    -0.180    -0.724     0.746     0.800     1.334   261.275  1638.369      6.04      -4.4      -5.1    +-
   7.1    -0.002     1.147     1.147     0.000     0.000   110.960  1405.901      5.11     -16.9     -17.6    ++
   7.2    -0.005    -0.044     0.044     0.823     1.448    51.581  1306.134      4.28       1.0       0.3    --
   7.2    -0.032     1.182     1.182     0.724     1.051   141.565  4647.190      5.38     -18.0     -18.7    ++
   7.2    -0.129    -0.698     0.710     0.000     0.000   936.949  26780.557      7.43      -3.4      -4.1    +-
