#REFERENCE 3 180.3146860 23.1330970
6.1 -0.173 0.280 0.114 0.033 122.94 4.500 1.39 0.037 -0.061 -2.85 4.24
6.1 -0.173 0.280 0.114 0.033 122.94 4.500 1.39 0.298 -0.511 1.02 0.37
6.1 -0.173 0.280 0.114 0.033 122.94 4.500 1.39 -0.711 1.098 1.39 -0.00
6.2 -0.138 0.208 0.101 0.035 121.87 4.500 1.48 0.027 -0.042 -3.21 4.69
6.2 -0.138 0.208 0.101 0.035 121.87 4.500 1.48 -0.700 1.006 1.59 -0.11
6.2 -0.138 0.208 0.101 0.035 121.87 4.500 1.48 0.363 -0.584 1.48 -0.00
7.1 0.023 0.183 0.074 0.013 90.15 4.500 2.00 -0.006 -0.036 -3.40 5.40
7.1 0.023 0.183 0.074 0.013 90.15 4.500 2.00 -0.180 -0.724 1.57 0.42
7.1 0.023 0.183 0.074 0.013 90.15 4.500 2.00 -0.002 1.147 2.00 0.00
7.2 0.017 0.217 0.078 0.029 79.47 4.500 1.39 -0.005 -0.044 -3.31 4.70
7.2 0.017 0.217 0.078 0.029 79.47 4.500 1.39 -0.032 1.182 1.84 -0.45
7.2 0.017 0.217 0.078 0.029 79.47 4.500 1.39 -0.129 -0.698 1.39 -0.00
