#REFERENCE 3 43.5728710 -58.9466850
1	0.000000	-3.976632	-0.069524	-0.467273	
1	-0.041602	-3.955078	-0.082201	-0.443990	
1	-0.041602	-3.955078	-0.082201	-0.443990	
1	-0.048828	-3.951343	-0.084376	-0.439967	
1	-0.048828	-3.951343	-0.084376	-0.439967	
1	0.000000	-3.976632	-0.069524	-0.467273	
1	0.048828	-4.001399	-0.054504	-0.494521	
1	0.048828	-4.001399	-0.054504	-0.494521	
1	0.053856	-4.003906	-0.052952	-0.497316	
1	0.053856	-4.003906	-0.052952	-0.497316	
1	0.097656	-4.025819	-0.039270	-0.521794	
1	0.097656	-4.025819	-0.039270	-0.521794	
1	0.146484	-4.049720	-0.023876	-0.548994	
1	0.146484	-4.049720	-0.023876	-0.548994	
1	0.152755	-4.052734	-0.021893	-0.552473	
1	0.152755	-4.052734	-0.021893	-0.552473	
1	0.195312	-4.073275	-0.008275	-0.576207	
1	0.195312	-4.073275	-0.008275	-0.576207	
1	0.244141	-4.096326	0.007481	-0.603343	
1	0.244141	-4.096326	0.007481	-0.603343	
1	0.255451	-4.101562	0.011143	-0.609600	
1	0.255451	-4.101562	0.011143	-0.609600	
1	0.292969	-4.119014	0.023433	-0.630469	
1	0.292969	-4.119014	0.023433	-0.630469	
1	0.341797	-4.141229	0.039541	-0.657522	
1	0.341797	-4.141229	0.039541	-0.657522	
1	0.362364	-4.150391	0.046355	-0.668866	
1	0.362364	-4.150391	0.046355	-0.668866	
1	0.390625	-4.163046	0.055826	-0.684536	
1	0.390625	-4.163046	0.055826	-0.684536	
1	0.439453	-4.184433	0.072274	-0.711489	
1	0.439453	-4.184433	0.072274	-0.711489	
1	0.473990	-4.199219	0.083977	-0.730470	
1	0.473990	-4.199219	0.083977	-0.730470	
1	0.488281	-4.205373	0.088876	-0.738366	
1	0.488281	-4.205373	0.088876	-0.738366	
1	0.537109	-4.225937	0.105651	-0.765201	
1	0.537109	-4.225937	0.105651	-0.765201	
1	0.585938	-4.246008	0.122558	-0.791926	
1	0.585938	-4.246008	0.122558	-0.791926	
1	0.591013	-4.248047	0.124317	-0.794687	
1	0.591013	-4.248047	0.124317	-0.794687	
1	0.634766	-4.265734	0.139643	-0.818615	
1	0.634766	-4.265734	0.139643	-0.818615	
1	0.683594	-4.284986	0.156859	-0.845197	
1	0.683594	-4.284986	0.156859	-0.845197	
1	0.714512	-4.296875	0.167807	-0.861942	
1	0.714512	-4.296875	0.167807	-0.861942	
1	0.732422	-4.303810	0.174218	-0.871692	
1	0.732422	-4.303810	0.174218	-0.871692	
1	0.781250	-4.322238	0.191729	-0.898112	
1	0.781250	-4.322238	0.191729	-0.898112	
1	0.830078	-4.340187	0.209359	-0.924410	
1	0.830078	-4.340187	0.209359	-0.924410	
1	0.845497	-4.345703	0.214933	-0.932661	
1	0.845497	-4.345703	0.214933	-0.932661	
1	0.878906	-4.357744	0.227137	-0.950629	
1	0.878906	-4.357744	0.227137	-0.950629	
1	0.927734	-4.374858	0.245041	-0.976737	
1	0.927734	-4.374858	0.245041	-0.976737	
1	0.976562	-4.391498	0.263056	-1.002718	
1	0.976562	-4.391498	0.263056	-1.002718	
1	0.985739	-4.394531	0.266440	-1.007565	
1	0.985739	-4.394531	0.266440	-1.007565	
1	1.025391	-4.407743	0.281211	-1.028607	
1	1.025391	-4.407743	0.281211	-1.028607	
1	1.074219	-4.423527	0.299476	-1.054369	
1	1.074219	-4.423527	0.299476	-1.054369	
1	1.123047	-4.438834	0.317845	-1.079993	
1	1.123047	-4.438834	0.317845	-1.079993	
1	1.137975	-4.443359	0.323459	-1.087768	
1	1.137975	-4.443359	0.323459	-1.087768	
1	1.171875	-4.453719	0.336334	-1.105503	
1	1.171875	-4.453719	0.336334	-1.105503	
1	1.220703	-4.468140	0.354926	-1.130877	
1	1.220703	-4.468140	0.354926	-1.130877	
1	1.269531	-4.482078	0.373611	-1.156103	
1	1.269531	-4.482078	0.373611	-1.156103	
1	1.306258	-4.492188	0.387704	-1.174949	
1	1.306258	-4.492188	0.387704	-1.174949	
1	1.318359	-4.495547	0.392392	-1.181185	
1	1.318359	-4.495547	0.392392	-1.181185	
1	1.367188	-4.508558	0.411271	-1.206128	
1	1.367188	-4.508558	0.411271	-1.206128	
1	1.416016	-4.521071	0.430231	-1.230909	
1	1.416016	-4.521071	0.430231	-1.230909	
1	1.464844	-4.533086	0.449270	-1.255528	
1	1.464844	-4.533086	0.449270	-1.255528	
1	1.498543	-4.541016	0.462426	-1.272387	
1	1.498543	-4.541016	0.462426	-1.272387	
1	1.513672	-4.544606	0.468386	-1.279983	
1	1.513672	-4.544606	0.468386	-1.279983	
1	1.562500	-4.555624	0.487575	-1.304271	
1	1.562500	-4.555624	0.487575	-1.304271	
1	1.611328	-4.566117	0.506826	-1.328379	
1	1.611328	-4.566117	0.506826	-1.328379	
1	1.660156	-4.576081	0.526137	-1.352304	
1	1.660156	-4.576081	0.526137	-1.352304	
1	1.708984	-4.585508	0.545501	-1.376042	
1	1.708984	-4.585508	0.545501	-1.376042	
1	1.732925	-4.589844	0.554979	-1.387569	
1	1.732925	-4.589844	0.554979	-1.387569	
1	1.757812	-4.594388	0.564913	-1.399586	
1	1.757812	-4.594388	0.564913	-1.399586	
1	1.806641	-4.602699	0.584364	-1.422927	
1	1.806641	-4.602699	0.584364	-1.422927	
1	1.855469	-4.610434	0.603849	-1.446059	
1	1.855469	-4.610434	0.603849	-1.446059	
1	1.904297	-4.617580	0.623361	-1.468978	
1	1.904297	-4.617580	0.623361	-1.468978	
1	1.953125	-4.624124	0.642893	-1.491676	
1	1.953125	-4.624124	0.642893	-1.491676	
1	2.001953	-4.630050	0.662439	-1.514148	
1	2.001953	-4.630050	0.662439	-1.514148	
1	2.050781	-4.635341	0.681991	-1.536384	
1	2.050781	-4.635341	0.681991	-1.536384	
1	2.085984	-4.638672	0.696053	-1.552229	
1	2.085984	-4.638672	0.696053	-1.552229	
1	2.099609	-4.639971	0.701536	-1.558374	
1	2.099609	-4.639971	0.701536	-1.558374	
1	2.148438	-4.643906	0.721061	-1.580104	
1	2.148438	-4.643906	0.721061	-1.580104	
1	2.197266	-4.647141	0.740562	-1.601571	
1	2.197266	-4.647141	0.740562	-1.601571	
1	2.246094	-4.649652	0.760029	-1.622767	
1	2.246094	-4.649652	0.760029	-1.622767	
1	2.294922	-4.651411	0.779450	-1.643682	
1	2.294922	-4.651411	0.779450	-1.643682	
1	2.343750	-4.652391	0.798815	-1.664305	
1	2.343750	-4.652391	0.798815	-1.664305	
1	2.392578	-4.652561	0.818110	-1.684624	
1	2.392578	-4.652561	0.818110	-1.684624	
1	2.441406	-4.651888	0.837321	-1.704628	
1	2.441406	-4.651888	0.837321	-1.704628	
1	2.490234	-4.650335	0.856434	-1.724304	
1	2.490234	-4.650335	0.856434	-1.724304	
1	2.539062	-4.647864	0.875434	-1.743640	
1	2.539062	-4.647864	0.875434	-1.743640	
1	2.587891	-4.644433	0.894305	-1.762621	
1	2.587891	-4.644433	0.894305	-1.762621	
1	2.636719	-4.639997	0.913028	-1.781233	
1	2.636719	-4.639997	0.913028	-1.781233	
1	2.648671	-4.638672	0.917553	-1.785698	
1	2.648671	-4.638672	0.917553	-1.785698	
1	2.685547	-4.634442	0.931558	-1.799434	
1	2.685547	-4.634442	0.931558	-1.799434	
1	2.734375	-4.627734	0.949883	-1.817217	
1	2.734375	-4.627734	0.949883	-1.817217	
1	2.783203	-4.619835	0.967989	-1.834573	
1	2.783203	-4.619835	0.967989	-1.834573	
1	2.832031	-4.610682	0.985852	-1.851483	
1	2.832031	-4.610682	0.985852	-1.851483	
1	2.880859	-4.600206	1.003449	-1.867929	
1	2.880859	-4.600206	1.003449	-1.867929	
1	2.923613	-4.589844	1.018597	-1.881915	
1	2.923613	-4.589844	1.018597	-1.881915	
1	2.929688	-4.588305	1.020740	-1.883881	
1	2.929688	-4.588305	1.020740	-1.883881	
1	2.978516	-4.574652	1.037593	-1.899223	
1	2.978516	-4.574652	1.037593	-1.899223	
1	3.027344	-4.559386	1.054074	-1.914023	
1	3.027344	-4.559386	1.054074	-1.914023	
1	3.076172	-4.542414	1.070150	-1.928259	
1	3.076172	-4.542414	1.070150	-1.928259	
1	3.079893	-4.541016	1.071344	-1.929308	
1	3.079893	-4.541016	1.071344	-1.929308	
1	3.125000	-4.523138	1.085580	-1.941728	
1	3.125000	-4.523138	1.085580	-1.941728	
1	3.173828	-4.501819	1.100484	-1.954546	
1	3.173828	-4.501819	1.100484	-1.954546	
1	3.194205	-4.492188	1.106497	-1.959661	
1	3.194205	-4.492188	1.106497	-1.959661	
1	3.222656	-4.477916	1.114650	-1.966543	
1	3.222656	-4.477916	1.114650	-1.966543	
1	3.271484	-4.451324	1.128050	-1.977712	
1	3.271484	-4.451324	1.128050	-1.977712	
1	3.285119	-4.443359	1.131633	-1.980667	
1	3.285119	-4.443359	1.131633	-1.980667	
1	3.320312	-4.421399	1.140435	-1.987865	
1	3.320312	-4.421399	1.140435	-1.987865	
1	3.360201	-4.394531	1.149840	-1.995453	
1	3.360201	-4.394531	1.149840	-1.995453	
1	3.369141	-4.388064	1.151800	-1.997020	
1	3.369141	-4.388064	1.151800	-1.997020	
1	3.417969	-4.350383	1.161788	-2.004919	
1	3.417969	-4.350383	1.161788	-2.004919	
1	3.423683	-4.345703	1.162875	-2.005769	
1	3.423683	-4.345703	1.162875	-2.005769	
1	3.466797	-4.307501	1.170090	-2.011358	
1	3.466797	-4.307501	1.170090	-2.011358	
1	3.478108	-4.296875	1.171799	-2.012666	
1	3.478108	-4.296875	1.171799	-2.012666	
1	3.515625	-4.258511	1.176392	-2.016145	
1	3.515625	-4.258511	1.176392	-2.016145	
1	3.525335	-4.248047	1.177416	-2.016912	
1	3.525335	-4.248047	1.177416	-2.016912	
1	3.564453	-4.201848	1.180134	-2.018926	
1	3.564453	-4.201848	1.180134	-2.018926	
1	3.566577	-4.199219	1.180244	-2.019007	
1	3.566577	-4.199219	1.180244	-2.019007	
1	3.602612	-4.150391	1.180608	-2.019273	
1	3.602612	-4.150391	1.180608	-2.019273	
1	3.613281	-4.134357	1.180158	-2.018952	
1	3.613281	-4.134357	1.180158	-2.018952	
1	3.634257	-4.101562	1.178879	-2.018048	
1	3.634257	-4.101562	1.178879	-2.018048	
1	3.662109	-4.052750	1.175338	-2.015580	
1	3.662109	-4.052750	1.175338	-2.015580	
1	3.662118	-4.052734	1.175336	-2.015579	
1	3.662118	-4.052734	1.175336	-2.015579	
1	3.686411	-4.003906	1.170050	-2.011960	
1	3.686411	-4.003906	1.170050	-2.011960	
1	3.707732	-3.955078	1.163319	-2.007433	
1	3.707732	-3.955078	1.163319	-2.007433	
1	3.710938	-3.946794	1.161962	-2.006529	
1	3.710938	-3.946794	1.161962	-2.006529	
1	3.726199	-3.906250	1.155178	-2.002050	
1	3.726199	-3.906250	1.155178	-2.002050	
1	3.742162	-3.857422	1.145801	-1.995955	
1	3.742162	-3.857422	1.145801	-1.995955	
1	3.755832	-3.808594	1.135289	-1.989234	
1	3.755832	-3.808594	1.135289	-1.989234	
1	3.759766	-3.792118	1.131384	-1.986765	
1	3.759766	-3.792118	1.131384	-1.986765	
1	3.767331	-3.759766	1.123693	-1.981941	
1	3.767331	-3.759766	1.123693	-1.981941	
1	3.776847	-3.710938	1.111107	-1.974153	
1	3.776847	-3.710938	1.111107	-1.974153	
1	3.784531	-3.662109	1.097608	-1.965933	
1	3.784531	-3.662109	1.097608	-1.965933	
1	3.790497	-3.613281	1.083251	-1.957329	
1	3.790497	-3.613281	1.083251	-1.957329	
1	3.794850	-3.564453	1.068090	-1.948386	
1	3.794850	-3.564453	1.068090	-1.948386	
1	3.797683	-3.515625	1.052173	-1.939142	
1	3.797683	-3.515625	1.052173	-1.939142	
1	3.799081	-3.466797	1.035542	-1.929635	
1	3.799081	-3.466797	1.035542	-1.929635	
1	3.799119	-3.417969	1.018239	-1.919896	
1	3.799119	-3.417969	1.018239	-1.919896	
1	3.797867	-3.369141	1.000300	-1.909956	
1	3.797867	-3.369141	1.000300	-1.909956	
1	3.795386	-3.320312	0.981760	-1.899841	
1	3.795386	-3.320312	0.981760	-1.899841	
1	3.791732	-3.271484	0.962649	-1.889577	
1	3.791732	-3.271484	0.962649	-1.889577	
1	3.786957	-3.222656	0.942997	-1.879184	
1	3.786957	-3.222656	0.942997	-1.879184	
1	3.781105	-3.173828	0.922829	-1.868685	
1	3.781105	-3.173828	0.922829	-1.868685	
1	3.774219	-3.125000	0.902171	-1.858098	
1	3.774219	-3.125000	0.902171	-1.858098	
1	3.766337	-3.076172	0.881044	-1.847441	
1	3.766337	-3.076172	0.881044	-1.847441	
1	3.759766	-3.039927	0.865010	-1.839463	
1	3.759766	-3.039927	0.865010	-1.839463	
1	3.757490	-3.027344	0.859470	-1.836729	
1	3.757490	-3.027344	0.859470	-1.836729	
1	3.747709	-2.978516	0.837465	-1.825976	
1	3.747709	-2.978516	0.837465	-1.825976	
1	3.737025	-2.929688	0.815052	-1.815198	
1	3.737025	-2.929688	0.815052	-1.815198	
1	3.725466	-2.880859	0.792247	-1.804407	
1	3.725466	-2.880859	0.792247	-1.804407	
1	3.713054	-2.832031	0.769067	-1.793616	
1	3.713054	-2.832031	0.769067	-1.793616	
1	3.710938	-2.824235	0.765294	-1.791877	
1	3.710938	-2.824235	0.765294	-1.791877	
1	3.699804	-2.783203	0.745521	-1.782834	
1	3.699804	-2.783203	0.745521	-1.782834	
1	3.685740	-2.734375	0.721627	-1.772073	
1	3.685740	-2.734375	0.721627	-1.772073	
1	3.670882	-2.685547	0.697400	-1.761344	
1	3.670882	-2.685547	0.697400	-1.761344	
1	3.662109	-2.658153	0.683603	-1.755315	
1	3.662109	-2.658153	0.683603	-1.755315	
1	3.655240	-2.636719	0.672847	-1.750655	
1	3.655240	-2.636719	0.672847	-1.750655	
1	3.638825	-2.587891	0.647980	-1.740012	
1	3.638825	-2.587891	0.647980	-1.740012	
1	3.621659	-2.539062	0.622814	-1.729428	
1	3.621659	-2.539062	0.622814	-1.729428	
1	3.613281	-2.516207	0.610875	-1.724472	
1	3.613281	-2.516207	0.610875	-1.724472	
1	3.603742	-2.490234	0.597352	-1.718907	
1	3.603742	-2.490234	0.597352	-1.718907	
1	3.585083	-2.441406	0.571604	-1.708457	
1	3.585083	-2.441406	0.571604	-1.708457	
1	3.565704	-2.392578	0.545587	-1.698087	
1	3.565704	-2.392578	0.545587	-1.698087	
1	3.564453	-2.389534	0.543944	-1.697439	
1	3.564453	-2.389534	0.543944	-1.697439	
1	3.545580	-2.343750	0.519290	-1.687797	
1	3.545580	-2.343750	0.519290	-1.687797	
1	3.524747	-2.294922	0.492739	-1.677602	
1	3.524747	-2.294922	0.492739	-1.677602	
1	3.515625	-2.274216	0.481355	-1.673289	
1	3.515625	-2.274216	0.481355	-1.673289	
1	3.503188	-2.246094	0.465927	-1.667500	
1	3.503188	-2.246094	0.465927	-1.667500	
1	3.480912	-2.197266	0.438865	-1.657500	
1	3.480912	-2.197266	0.438865	-1.657500	
1	3.466797	-2.167233	0.422060	-1.651389	
1	3.466797	-2.167233	0.422060	-1.651389	
1	3.457922	-2.148438	0.411561	-1.647608	
1	3.457922	-2.148438	0.411561	-1.647608	
1	3.434204	-2.099609	0.384009	-1.637825	
1	3.434204	-2.099609	0.384009	-1.637825	
1	3.417969	-2.067098	0.365503	-1.631366	
1	3.417969	-2.067098	0.365503	-1.631366	
1	3.409776	-2.050781	0.356227	-1.628161	
1	3.409776	-2.050781	0.356227	-1.628161	
1	3.384610	-2.001953	0.328203	-1.618615	
1	3.384610	-2.001953	0.328203	-1.618615	
1	3.369141	-1.972702	0.311274	-1.612946	
1	3.369141	-1.972702	0.311274	-1.612946	
1	3.358724	-1.953125	0.299953	-1.609196	
1	3.358724	-1.953125	0.299953	-1.609196	
1	3.332096	-1.904297	0.271472	-1.599904	
1	3.332096	-1.904297	0.271472	-1.599904	
1	3.320312	-1.883197	0.259063	-1.595920	
1	3.320312	-1.883197	0.259063	-1.595920	
1	3.304720	-1.855469	0.242760	-1.590745	
1	3.304720	-1.855469	0.242760	-1.590745	
1	3.276611	-1.806641	0.213836	-1.581726	
1	3.276611	-1.806641	0.213836	-1.581726	
1	3.271484	-1.797927	0.208631	-1.580125	
1	3.271484	-1.797927	0.208631	-1.580125	
1	3.247703	-1.757812	0.184664	-1.572841	
1	3.247703	-1.757812	0.184664	-1.572841	
1	3.222656	-1.716500	0.159817	-1.565439	
1	3.222656	-1.716500	0.159817	-1.565439	
1	3.218062	-1.708984	0.155295	-1.564109	
1	3.218062	-1.708984	0.155295	-1.564109	
1	3.187596	-1.660156	0.125676	-1.555516	
1	3.187596	-1.660156	0.125676	-1.555516	
1	3.173828	-1.638543	0.112476	-1.551756	
1	3.173828	-1.638543	0.112476	-1.551756	
1	3.156338	-1.611328	0.095840	-1.547077	
1	3.156338	-1.611328	0.095840	-1.547077	
1	3.125000	-1.563553	0.066454	-1.538976	
1	3.125000	-1.563553	0.066454	-1.538976	
1	3.124303	-1.562500	0.065805	-1.538800	
1	3.124303	-1.562500	0.065805	-1.538800	
1	3.091362	-1.513672	0.035498	-1.530668	
1	3.091362	-1.513672	0.035498	-1.530668	
1	3.076172	-1.491583	0.021707	-1.527041	
1	3.076172	-1.491583	0.021707	-1.527041	
1	3.057596	-1.464844	0.004982	-1.522703	
1	3.057596	-1.464844	0.004982	-1.522703	
1	3.027344	-1.422101	-0.021905	-1.515870	
1	3.027344	-1.422101	-0.021905	-1.515870	
1	3.022990	-1.416016	-0.025741	-1.514909	
1	3.022990	-1.416016	-0.025741	-1.514909	
1	2.987443	-1.367188	-0.056725	-1.507276	
1	2.987443	-1.367188	-0.056725	-1.507276	
1	2.978516	-1.355134	-0.064417	-1.505417	
1	2.978516	-1.355134	-0.064417	-1.505417	
1	2.950965	-1.318359	-0.087949	-1.499814	
1	2.950965	-1.318359	-0.087949	-1.499814	
1	2.929688	-1.290437	-0.105907	-1.495626	
1	2.929688	-1.290437	-0.105907	-1.495626	
1	2.913564	-1.269531	-0.119395	-1.492531	
1	2.913564	-1.269531	-0.119395	-1.492531	
1	2.880859	-1.227817	-0.146437	-1.486453	
1	2.880859	-1.227817	-0.146437	-1.486453	
1	2.875211	-1.220703	-0.151066	-1.485430	
1	2.875211	-1.220703	-0.151066	-1.485430	
1	2.835830	-1.171875	-0.182994	-1.478508	
1	2.835830	-1.171875	-0.182994	-1.478508	
1	2.832031	-1.167236	-0.186043	-1.477859	
1	2.832031	-1.167236	-0.186043	-1.477859	
1	2.795367	-1.123047	-0.215199	-1.471767	
1	2.795367	-1.123047	-0.215199	-1.471767	
1	2.783203	-1.108604	-0.224767	-1.469810	
1	2.783203	-1.108604	-0.224767	-1.469810	
1	2.753841	-1.074219	-0.247647	-1.465217	
1	2.753841	-1.074219	-0.247647	-1.465217	
1	2.734375	-1.051749	-0.262656	-1.462270	
1	2.734375	-1.051749	-0.262656	-1.462270	
1	2.711210	-1.025391	-0.280348	-1.458863	
1	2.711210	-1.025391	-0.280348	-1.458863	
1	2.685547	-0.996593	-0.299744	-1.455210	
1	2.685547	-0.996593	-0.299744	-1.455210	
1	2.667427	-0.976562	-0.313307	-1.452706	
1	2.667427	-0.976562	-0.313307	-1.452706	
1	2.636719	-0.943066	-0.336060	-1.448602	
1	2.636719	-0.943066	-0.336060	-1.448602	
1	2.622443	-0.927734	-0.346534	-1.446752	
1	2.622443	-0.927734	-0.346534	-1.446752	
1	2.587891	-0.891099	-0.371634	-1.442421	
1	2.587891	-0.891099	-0.371634	-1.442421	
1	2.576204	-0.878906	-0.380038	-1.441003	
1	2.576204	-0.878906	-0.380038	-1.441003	
1	2.539062	-0.840628	-0.406489	-1.436644	
1	2.539062	-0.840628	-0.406489	-1.436644	
1	2.528652	-0.830078	-0.413827	-1.435462	
1	2.528652	-0.830078	-0.413827	-1.435462	
1	2.490234	-0.791595	-0.440649	-1.431248	
1	2.490234	-0.791595	-0.440649	-1.431248	
1	2.479726	-0.781250	-0.447910	-1.430135	
1	2.479726	-0.781250	-0.447910	-1.430135	
1	2.441406	-0.743943	-0.474137	-1.426214	
1	2.441406	-0.743943	-0.474137	-1.426214	
1	2.429359	-0.732422	-0.482296	-1.425026	
1	2.429359	-0.732422	-0.482296	-1.425026	
1	2.392578	-0.697618	-0.506971	-1.421523	
1	2.392578	-0.697618	-0.506971	-1.421523	
1	2.377481	-0.683594	-0.516991	-1.420139	
1	2.377481	-0.683594	-0.516991	-1.420139	
1	2.343750	-0.652571	-0.539171	-1.417155	
1	2.343750	-0.652571	-0.539171	-1.417155	
1	2.324019	-0.634766	-0.552004	-1.415479	
1	2.324019	-0.634766	-0.552004	-1.415479	
1	2.294922	-0.608755	-0.570754	-1.413095	
1	2.294922	-0.608755	-0.570754	-1.413095	
1	2.268895	-0.585938	-0.587337	-1.411052	
1	2.268895	-0.585938	-0.587337	-1.411052	
1	2.246094	-0.566124	-0.601733	-1.409327	
1	2.246094	-0.566124	-0.601733	-1.409327	
1	2.212030	-0.537109	-0.622994	-1.406863	
1	2.212030	-0.537109	-0.622994	-1.406863	
1	2.197266	-0.524637	-0.632126	-1.405835	
1	2.197266	-0.524637	-0.632126	-1.405835	
1	2.153341	-0.488281	-0.658974	-1.402919	
1	2.153341	-0.488281	-0.658974	-1.402919	
1	2.148438	-0.484254	-0.661943	-1.402606	
1	2.148438	-0.484254	-0.661943	-1.402606	
1	2.099609	-0.444986	-0.691197	-1.399625	
1	2.099609	-0.444986	-0.691197	-1.399625	
1	2.092577	-0.439453	-0.695362	-1.399216	
1	2.092577	-0.439453	-0.695362	-1.399216	
1	2.050781	-0.406789	-0.719897	-1.396880	
1	2.050781	-0.406789	-0.719897	-1.396880	
1	2.029634	-0.390625	-0.732156	-1.395761	
1	2.029634	-0.390625	-0.732156	-1.395761	
1	2.001953	-0.369595	-0.748058	-1.394358	
1	2.001953	-0.369595	-0.748058	-1.394358	
1	1.964532	-0.341797	-0.769279	-1.392569	
1	1.964532	-0.341797	-0.769279	-1.392569	
1	1.953125	-0.333370	-0.775689	-1.392047	
1	1.953125	-0.333370	-0.775689	-1.392047	
1	1.904297	-0.298125	-0.802798	-1.389937	
1	1.904297	-0.298125	-0.802798	-1.389937	
1	1.896976	-0.292969	-0.806816	-1.389637	
1	1.896976	-0.292969	-0.806816	-1.389637	
1	1.855469	-0.263862	-0.829393	-1.388015	
1	1.855469	-0.263862	-0.829393	-1.388015	
1	1.826665	-0.244141	-0.844842	-1.386966	
1	1.826665	-0.244141	-0.844842	-1.386966	
1	1.806641	-0.230484	-0.855483	-1.386272	
1	1.806641	-0.230484	-0.855483	-1.386272	
1	1.757812	-0.197983	-0.881077	-1.384696	
1	1.757812	-0.197983	-0.881077	-1.384696	
1	1.753691	-0.195312	-0.883214	-1.384571	
1	1.753691	-0.195312	-0.883214	-1.384571	
1	1.708984	-0.166424	-0.906179	-1.383280	
1	1.708984	-0.166424	-0.906179	-1.383280	
1	1.677347	-0.146484	-0.922184	-1.382442	
1	1.677347	-0.146484	-0.922184	-1.382442	
1	1.660156	-0.135674	-0.930799	-1.382011	
1	1.660156	-0.135674	-0.930799	-1.382011	
1	1.611328	-0.105769	-0.954941	-1.380883	
1	1.611328	-0.105769	-0.954941	-1.380883	
1	1.597707	-0.097656	-0.961590	-1.380592	
1	1.597707	-0.097656	-0.961590	-1.380592	
1	1.562500	-0.076711	-0.978612	-1.379885	
1	1.562500	-0.076711	-0.978612	-1.379885	
1	1.514421	-0.048828	-1.001466	-1.379021	
1	1.514421	-0.048828	-1.001466	-1.379021	
1	1.513672	-0.048394	-1.001818	-1.379009	
1	1.513672	-0.048394	-1.001818	-1.379009	
1	1.464844	-0.020949	-1.024563	-1.378246	
1	1.464844	-0.020949	-1.024563	-1.378246	
1	1.426587	0.000000	-1.042065	-1.377722	
1	1.426587	0.000000	-1.042065	-1.377722	
1	1.416016	0.005792	-1.046853	-1.377588	
1	1.416016	0.005792	-1.046853	-1.377588	
1	1.367188	0.031729	-1.068693	-1.377027	
1	1.367188	0.031729	-1.068693	-1.377027	
1	1.334085	0.048828	-1.083245	-1.376698	
1	1.334085	0.048828	-1.083245	-1.376698	
1	1.318359	0.056963	-1.090088	-1.376556	
1	1.318359	0.056963	-1.090088	-1.376556	
1	1.269531	0.081439	-1.111041	-1.376166	
1	1.269531	0.081439	-1.111041	-1.376166	
1	1.236221	0.097656	-1.125084	-1.375943	
1	1.236221	0.097656	-1.125084	-1.375943	
1	1.220703	0.105231	-1.131558	-1.375850	
1	1.220703	0.105231	-1.131558	-1.375850	
1	1.171875	0.128287	-1.151642	-1.375601	
1	1.171875	0.128287	-1.151642	-1.375601	
1	1.132207	0.146484	-1.167642	-1.375442	
1	1.132207	0.146484	-1.167642	-1.375442	
1	1.123047	0.150702	-1.171297	-1.375411	
1	1.123047	0.150702	-1.171297	-1.375411	
1	1.074219	0.172381	-1.190526	-1.375273	
1	1.074219	0.172381	-1.190526	-1.375273	
1	1.025391	0.193467	-1.209335	-1.375182	
1	1.025391	0.193467	-1.209335	-1.375182	
1	1.020944	0.195312	-1.211027	-1.375175	
1	1.020944	0.195312	-1.211027	-1.375175	
1	0.976562	0.213824	-1.227725	-1.375129	
1	0.976562	0.213824	-1.227725	-1.375129	
1	0.927734	0.233591	-1.245702	-1.375108	
1	0.927734	0.233591	-1.245702	-1.375108	
1	0.900734	0.244141	-1.255465	-1.375108	
1	0.900734	0.244141	-1.255465	-1.375108	
1	0.878906	0.252721	-1.263267	-1.375113	
1	0.878906	0.252721	-1.263267	-1.375113	
1	0.830078	0.271209	-1.280424	-1.375137	
1	0.830078	0.271209	-1.280424	-1.375137	
1	0.781250	0.289148	-1.297177	-1.375175	
1	0.781250	0.289148	-1.297177	-1.375175	
1	0.770389	0.292969	-1.300849	-1.375184	
1	0.770389	0.292969	-1.300849	-1.375184	
1	0.732422	0.306429	-1.313529	-1.375219	
1	0.732422	0.306429	-1.313529	-1.375219	
1	0.683594	0.323147	-1.329483	-1.375265	
1	0.683594	0.323147	-1.329483	-1.375265	
1	0.634766	0.339345	-1.345042	-1.375305	
1	0.634766	0.339345	-1.345042	-1.375305	
1	0.627014	0.341797	-1.347475	-1.375311	
1	0.627014	0.341797	-1.347475	-1.375311	
1	0.585938	0.354908	-1.360209	-1.375335	
1	0.585938	0.354908	-1.360209	-1.375335	
1	0.537109	0.369949	-1.374987	-1.375348	
1	0.537109	0.369949	-1.374987	-1.375348	
1	0.488281	0.384501	-1.389379	-1.375339	
1	0.488281	0.384501	-1.389379	-1.375339	
1	0.466788	0.390625	-1.395593	-1.375327	
1	0.466788	0.390625	-1.395593	-1.375327	
1	0.439453	0.398494	-1.403388	-1.375302	
1	0.439453	0.398494	-1.403388	-1.375302	
1	0.390625	0.411961	-1.417018	-1.375233	
1	0.390625	0.411961	-1.417018	-1.375233	
1	0.341797	0.424978	-1.430272	-1.375125	
1	0.341797	0.424978	-1.430272	-1.375125	
1	0.292969	0.437560	-1.443151	-1.374973	
1	0.292969	0.437560	-1.443151	-1.374973	
1	0.285213	0.439453	-1.445163	-1.374944	
1	0.285213	0.439453	-1.445163	-1.374944	
1	0.244141	0.449600	-1.455661	-1.374772	
1	0.244141	0.449600	-1.455661	-1.374772	
1	0.195312	0.461218	-1.467802	-1.374517	
1	0.195312	0.461218	-1.467802	-1.374517	
1	0.146484	0.472454	-1.479580	-1.374203	
1	0.146484	0.472454	-1.479580	-1.374203	
1	0.097656	0.483333	-1.490998	-1.373824	
1	0.097656	0.483333	-1.490998	-1.373824	
1	0.074410	0.488281	-1.496307	-1.373620	
1	0.074410	0.488281	-1.496307	-1.373620	
1	0.048828	0.493799	-1.502058	-1.373377	
1	0.048828	0.493799	-1.502058	-1.373377	
1	0.000000	0.503887	-1.512763	-1.372854	
1	0.000000	0.503887	-1.512763	-1.372854	
1	-0.048828	0.513701	-1.523119	-1.372253	
1	-0.048828	0.513701	-1.523119	-1.372253	
1	-0.097656	0.523278	-1.533129	-1.371566	
1	-0.097656	0.523278	-1.533129	-1.371566	
1	-0.146484	0.532662	-1.542798	-1.370790	
1	-0.146484	0.532662	-1.542798	-1.370790	
1	-0.170392	0.537109	-1.547407	-1.370376	
1	-0.170392	0.537109	-1.547407	-1.370376	
1	-0.195312	0.541812	-1.552128	-1.369919	
1	-0.195312	0.541812	-1.552128	-1.369919	
1	-0.244141	0.550781	-1.561126	-1.368947	
1	-0.244141	0.550781	-1.561126	-1.368947	
1	-0.292969	0.559719	-1.569797	-1.367869	
1	-0.292969	0.559719	-1.569797	-1.367869	
1	-0.341797	0.568704	-1.578150	-1.366678	
1	-0.341797	0.568704	-1.578150	-1.366678	
1	-0.390625	0.577830	-1.586191	-1.365367	
1	-0.390625	0.577830	-1.586191	-1.365367	
1	-0.433069	0.585938	-1.592936	-1.364125	
1	-0.433069	0.585938	-1.592936	-1.364125	
1	-0.439453	0.587173	-1.593931	-1.363930	
1	-0.439453	0.587173	-1.593931	-1.363930	
1	-0.488281	0.596649	-1.601372	-1.362359	
1	-0.488281	0.596649	-1.601372	-1.362359	
1	-0.537109	0.606615	-1.608535	-1.360643	
1	-0.537109	0.606615	-1.608535	-1.360643	
1	-0.585938	0.617254	-1.615435	-1.358771	
1	-0.585938	0.617254	-1.615435	-1.358771	
1	-0.634766	0.628784	-1.622094	-1.356726	
1	-0.634766	0.628784	-1.622094	-1.356726	
1	-0.658393	0.634766	-1.625237	-1.355670	
1	-0.658393	0.634766	-1.625237	-1.355670	
1	-0.683594	0.641195	-1.628525	-1.354496	
1	-0.683594	0.641195	-1.628525	-1.354496	
1	-0.732422	0.654714	-1.634755	-1.352059	
1	-0.732422	0.654714	-1.634755	-1.352059	
1	-0.781250	0.669924	-1.640832	-1.349380	
1	-0.781250	0.669924	-1.640832	-1.349380	
1	-0.820176	0.683594	-1.645600	-1.347043	
1	-0.820176	0.683594	-1.645600	-1.347043	
1	-0.830078	0.687067	-1.646792	-1.346424	
1	-0.830078	0.687067	-1.646792	-1.346424	
1	-0.878906	0.705880	-1.652653	-1.343160	
1	-0.878906	0.705880	-1.652653	-1.343160	
1	-0.927734	0.727591	-1.658517	-1.339501	
1	-0.927734	0.727591	-1.658517	-1.339501	
1	-0.937501	0.732422	-1.659703	-1.338711	
1	-0.937501	0.732422	-1.659703	-1.338711	
1	-0.976562	0.751471	-1.664384	-1.335416	
1	-0.976562	0.751471	-1.664384	-1.335416	
1	-1.025391	0.778784	-1.670380	-1.330775	
1	-1.025391	0.778784	-1.670380	-1.330775	
1	-1.029369	0.781250	-1.670882	-1.330364	
1	-1.029369	0.781250	-1.670882	-1.330364	
1	-1.074219	0.808338	-1.676477	-1.325556	
1	-1.074219	0.808338	-1.676477	-1.325556	
1	-1.106075	0.830078	-1.680626	-1.321716	
1	-1.106075	0.830078	-1.680626	-1.321716	
1	-1.123047	0.841289	-1.682812	-1.319600	
1	-1.123047	0.841289	-1.682812	-1.319600	
1	-1.171875	0.877112	-1.689406	-1.312835	
1	-1.171875	0.877112	-1.689406	-1.312835	
1	-1.174106	0.878906	-1.689722	-1.312497	
1	-1.174106	0.878906	-1.689722	-1.312497	
1	-1.220703	0.914759	-1.696232	-1.305259	
1	-1.220703	0.914759	-1.696232	-1.305259	
1	-1.236071	0.927734	-1.698501	-1.302618	
1	-1.236071	0.927734	-1.698501	-1.302618	
1	-1.269531	0.954643	-1.703376	-1.296754	
1	-1.269531	0.954643	-1.703376	-1.296754	
1	-1.294632	0.976562	-1.707241	-1.291926	
1	-1.294632	0.976562	-1.707241	-1.291926	
1	-1.318359	0.996229	-1.710842	-1.287296	
1	-1.318359	0.996229	-1.710842	-1.287296	
1	-1.351057	1.025391	-1.716083	-1.280347	
1	-1.351057	1.025391	-1.716083	-1.280347	
1	-1.367188	1.039012	-1.718630	-1.276886	
1	-1.367188	1.039012	-1.718630	-1.276886	
1	-1.406243	1.074219	-1.725131	-1.267822	
1	-1.406243	1.074219	-1.725131	-1.267822	
1	-1.416016	1.082547	-1.726734	-1.265542	
1	-1.416016	1.082547	-1.726734	-1.265542	
1	-1.460849	1.123047	-1.734468	-1.254301	
1	-1.460849	1.123047	-1.734468	-1.254301	
1	-1.464844	1.126456	-1.735147	-1.253297	
1	-1.464844	1.126456	-1.735147	-1.253297	
1	-1.513672	1.170331	-1.743849	-1.240213	
1	-1.513672	1.170331	-1.743849	-1.240213	
1	-1.515307	1.171875	-1.744154	-1.239747	
1	-1.515307	1.171875	-1.744154	-1.239747	
1	-1.562500	1.213811	-1.752817	-1.226363	
1	-1.562500	1.213811	-1.752817	-1.226363	
1	-1.569917	1.220703	-1.754243	-1.224132	
1	-1.569917	1.220703	-1.754243	-1.224132	
1	-1.611328	1.256951	-1.762071	-1.211757	
1	-1.611328	1.256951	-1.762071	-1.211757	
1	-1.625143	1.269531	-1.764799	-1.207400	
1	-1.625143	1.269531	-1.764799	-1.207400	
1	-1.660156	1.299607	-1.771603	-1.196446	
1	-1.660156	1.299607	-1.771603	-1.196446	
1	-1.681237	1.318359	-1.775874	-1.189517	
1	-1.681237	1.318359	-1.775874	-1.189517	
1	-1.708984	1.341678	-1.781410	-1.180477	
1	-1.708984	1.341678	-1.781410	-1.180477	
1	-1.738421	1.367188	-1.787519	-1.170444	
1	-1.738421	1.367188	-1.787519	-1.170444	
1	-1.757812	1.383094	-1.791487	-1.163897	
1	-1.757812	1.383094	-1.791487	-1.163897	
1	-1.796889	1.416016	-1.799786	-1.150145	
1	-1.796889	1.416016	-1.799786	-1.150145	
1	-1.806641	1.423808	-1.801831	-1.146746	
1	-1.806641	1.423808	-1.801831	-1.146746	
1	-1.855469	1.463746	-1.812432	-1.129077	
1	-1.855469	1.463746	-1.812432	-1.129077	
1	-1.856780	1.464844	-1.812726	-1.128586	
1	-1.856780	1.464844	-1.812726	-1.128586	
1	-1.904297	1.502598	-1.823239	-1.111006	
1	-1.904297	1.502598	-1.823239	-1.111006	
1	-1.917981	1.513672	-1.826366	-1.105772	
1	-1.917981	1.513672	-1.826366	-1.105772	
1	-1.953125	1.540734	-1.834308	-1.092473	
1	-1.953125	1.540734	-1.834308	-1.092473	
1	-1.980963	1.562500	-1.840794	-1.081613	
1	-1.980963	1.562500	-1.840794	-1.081613	
1	-2.001953	1.578153	-1.845637	-1.073507	
1	-2.001953	1.578153	-1.845637	-1.073507	
1	-2.045890	1.611328	-1.856074	-1.056061	
1	-2.045890	1.611328	-1.856074	-1.056061	
1	-2.050781	1.614859	-1.857226	-1.054137	
1	-2.050781	1.614859	-1.857226	-1.054137	
1	-2.099609	1.650574	-1.869020	-1.034476	
1	-2.099609	1.650574	-1.869020	-1.034476	
1	-2.112586	1.660156	-1.872236	-1.029126	
1	-2.112586	1.660156	-1.872236	-1.029126	
1	-2.148438	1.685519	-1.881055	-1.014488	
1	-2.148438	1.685519	-1.881055	-1.014488	
1	-2.181415	1.708984	-1.889374	-1.000721	
1	-2.181415	1.708984	-1.889374	-1.000721	
1	-2.197266	1.719815	-1.893348	-0.994161	
1	-2.197266	1.719815	-1.893348	-0.994161	
1	-2.246094	1.753363	-1.905878	-0.973554	
1	-2.246094	1.753363	-1.905878	-0.973554	
1	-2.252526	1.757812	-1.907563	-0.970791	
1	-2.252526	1.757812	-1.907563	-0.970791	
1	-2.294922	1.786040	-1.918613	-0.952732	
1	-2.294922	1.786040	-1.918613	-0.952732	
1	-2.325862	1.806641	-1.926858	-0.939321	
1	-2.325862	1.806641	-1.926858	-0.939321	
1	-2.343750	1.818131	-1.931607	-0.931624	
1	-2.343750	1.818131	-1.931607	-0.931624	
1	-2.392578	1.849527	-1.944832	-0.910290	
1	-2.392578	1.849527	-1.944832	-0.910290	
1	-2.401799	1.855469	-1.947375	-0.906205	
1	-2.401799	1.855469	-1.947375	-0.906205	
1	-2.441406	1.880154	-1.958268	-0.888776	
1	-2.441406	1.880154	-1.958268	-0.888776	
1	-2.480344	1.904297	-1.969190	-0.871409	
1	-2.480344	1.904297	-1.969190	-0.871409	
1	-2.490234	1.910240	-1.971959	-0.867022	
1	-2.490234	1.910240	-1.971959	-0.867022	
1	-2.539062	1.939597	-1.985859	-0.845116	
1	-2.539062	1.939597	-1.985859	-0.845116	
1	-2.561676	1.953125	-1.992407	-0.834859	
1	-2.561676	1.953125	-1.992407	-0.834859	
1	-2.587891	1.968361	-1.999992	-0.823026	
1	-2.587891	1.968361	-1.999992	-0.823026	
1	-2.636719	1.996551	-2.014360	-0.800762	
1	-2.636719	1.996551	-2.014360	-0.800762	
1	-2.646098	2.001953	-2.017160	-0.796447	
1	-2.646098	2.001953	-2.017160	-0.796447	
1	-2.685547	2.024081	-2.028937	-0.778374	
1	-2.685547	2.024081	-2.028937	-0.778374	
1	-2.733748	2.050781	-2.043568	-0.756101	
1	-2.733748	2.050781	-2.043568	-0.756101	
1	-2.734375	2.051120	-2.043759	-0.755812	
1	-2.734375	2.051120	-2.043759	-0.755812	
1	-2.783203	2.077499	-2.058779	-0.733156	
1	-2.783203	2.077499	-2.058779	-0.733156	
1	-2.824747	2.099609	-2.071759	-0.713745	
1	-2.824747	2.099609	-2.071759	-0.713745	
1	-2.832031	2.103401	-2.074040	-0.710350	
1	-2.832031	2.103401	-2.074040	-0.710350	
1	-2.880859	2.128715	-2.089508	-0.687451	
1	-2.880859	2.128715	-2.089508	-0.687451	
1	-2.919488	2.148438	-2.101918	-0.669233	
1	-2.919488	2.148438	-2.101918	-0.669233	
1	-2.929688	2.153542	-2.105205	-0.664432	
1	-2.929688	2.153542	-2.105205	-0.664432	
1	-2.978516	2.177827	-2.121112	-0.641327	
1	-2.978516	2.177827	-2.121112	-0.641327	
1	-3.018261	2.197266	-2.134232	-0.622435	
1	-3.018261	2.197266	-2.134232	-0.622435	
1	-3.027344	2.201629	-2.137242	-0.618123	
1	-3.027344	2.201629	-2.137242	-0.618123	
1	-3.076172	2.224923	-2.153582	-0.594843	
1	-3.076172	2.224923	-2.153582	-0.594843	
1	-3.121419	2.246094	-2.168920	-0.573195	
1	-3.121419	2.246094	-2.168920	-0.573195	
1	-3.125000	2.247743	-2.170139	-0.571483	
1	-3.125000	2.247743	-2.170139	-0.571483	
1	-3.173828	2.270086	-2.186908	-0.548055	
1	-3.173828	2.270086	-2.186908	-0.548055	
1	-3.222656	2.291957	-2.203886	-0.524566	
1	-3.222656	2.291957	-2.203886	-0.524566	
1	-3.229337	2.294922	-2.206228	-0.521344	
1	-3.229337	2.294922	-2.206228	-0.521344	
1	-3.271484	2.313382	-2.221077	-0.501015	
1	-3.271484	2.313382	-2.221077	-0.501015	
1	-3.320312	2.334346	-2.238473	-0.477418	
1	-3.320312	2.334346	-2.238473	-0.477418	
1	-3.342548	2.343750	-2.246464	-0.466655	
1	-3.342548	2.343750	-2.246464	-0.466655	
1	-3.369141	2.354872	-2.256076	-0.453773	
1	-3.369141	2.354872	-2.256076	-0.453773	
1	-3.417969	2.374965	-2.273886	-0.430086	
1	-3.417969	2.374965	-2.273886	-0.430086	
1	-3.461726	2.392578	-2.290010	-0.408841	
1	-3.461726	2.392578	-2.290010	-0.408841	
1	-3.466797	2.394600	-2.291890	-0.406376	
1	-3.466797	2.394600	-2.291890	-0.406376	
1	-3.515625	2.413856	-2.310110	-0.382618	
1	-3.515625	2.413856	-2.310110	-0.382618	
1	-3.564453	2.432654	-2.328518	-0.358851	
1	-3.564453	2.432654	-2.328518	-0.358851	
1	-3.587599	2.441406	-2.337308	-0.347584	
1	-3.587599	2.441406	-2.337308	-0.347584	
1	-3.613281	2.451050	-2.347127	-0.335060	
1	-3.613281	2.451050	-2.347127	-0.335060	
1	-3.662109	2.469048	-2.365937	-0.311250	
1	-3.662109	2.469048	-2.365937	-0.311250	
1	-3.710938	2.486595	-2.384925	-0.287449	
1	-3.710938	2.486595	-2.384925	-0.287449	
1	-3.721235	2.490234	-2.388951	-0.282432	
1	-3.721235	2.490234	-2.388951	-0.282432	
1	-3.759766	2.503790	-2.404122	-0.263621	
1	-3.759766	2.503790	-2.404122	-0.263621	
1	-3.808594	2.520568	-2.423504	-0.239800	
1	-3.808594	2.520568	-2.423504	-0.239800	
1	-3.857422	2.536902	-2.443058	-0.216005	
1	-3.857422	2.536902	-2.443058	-0.216005	
1	-3.863997	2.539062	-2.445702	-0.212804	
1	-3.863997	2.539062	-2.445702	-0.212804	
1	-3.906250	2.552911	-2.462821	-0.192188	
1	-3.906250	2.552911	-2.462821	-0.192188	
1	-3.955078	2.568501	-2.482758	-0.168397	
1	-3.955078	2.568501	-2.482758	-0.168397	
1	-4.003906	2.583654	-2.502860	-0.144643	
1	-4.003906	2.583654	-2.502860	-0.144643	
1	-4.017862	2.587891	-2.508631	-0.137867	
1	-4.017862	2.587891	-2.508631	-0.137867	
1	-4.052734	2.598470	-2.523160	-0.120890	
1	-4.052734	2.598470	-2.523160	-0.120890	
1	-4.101562	2.612895	-2.543635	-0.097164	
1	-4.101562	2.612895	-2.543635	-0.097164	
1	-4.150391	2.626887	-2.564268	-0.073489	
1	-4.150391	2.626887	-2.564268	-0.073489	
1	-4.185705	2.636719	-2.579280	-0.056407	
1	-4.185705	2.636719	-2.579280	-0.056407	
1	-4.199219	2.640486	-2.585069	-0.049852	
1	-4.199219	2.640486	-2.585069	-0.049852	
1	-4.248047	2.653755	-2.606061	-0.026230	
1	-4.248047	2.653755	-2.606061	-0.026230	
1	-4.296875	2.666594	-2.627204	-0.002670	
1	-4.296875	2.666594	-2.627204	-0.002670	
1	-4.345703	2.679004	-2.648494	0.020825	
1	-4.345703	2.679004	-2.648494	0.020825	
1	-4.372275	2.685547	-2.660130	0.033570	
1	-4.372275	2.685547	-2.660130	0.033570	
1	-4.394531	2.691045	-2.669953	0.044276	
1	-4.394531	2.691045	-2.669953	0.044276	
1	-4.443359	2.702725	-2.691581	0.067683	
1	-4.443359	2.702725	-2.691581	0.067683	
1	-4.492188	2.713974	-2.713349	0.091013	
1	-4.492188	2.713974	-2.713349	0.091013	
1	-4.541016	2.724791	-2.735254	0.114262	
1	-4.541016	2.724791	-2.735254	0.114262	
1	-4.586061	2.734375	-2.755578	0.135631	
1	-4.586061	2.734375	-2.755578	0.135631	
1	-4.589844	2.735184	-2.757298	0.137431	
1	-4.589844	2.735184	-2.757298	0.137431	
1	-4.638672	2.745244	-2.779513	0.160554	
1	-4.638672	2.745244	-2.779513	0.160554	
1	-4.687500	2.754864	-2.801857	0.183583	
1	-4.687500	2.754864	-2.801857	0.183583	
1	-4.736328	2.764040	-2.824324	0.206516	
1	-4.736328	2.764040	-2.824324	0.206516	
1	-4.785156	2.772771	-2.846914	0.229348	
1	-4.785156	2.772771	-2.846914	0.229348	
1	-4.833984	2.781052	-2.869621	0.252075	
1	-4.833984	2.781052	-2.869621	0.252075	
1	-4.847378	2.783203	-2.875854	0.258275	
1	-4.847378	2.783203	-2.875854	0.258275	
1	-4.882812	2.788939	-2.892468	0.274718	
1	-4.882812	2.788939	-2.892468	0.274718	
1	-4.931641	2.796385	-2.915432	0.297255	
1	-4.931641	2.796385	-2.915432	0.297255	
1	-4.980469	2.803359	-2.938502	0.319672	
1	-4.980469	2.803359	-2.938502	0.319672	
1	-5.029297	2.809855	-2.961671	0.341965	
1	-5.029297	2.809855	-2.961671	0.341965	
1	-5.078125	2.815866	-2.984937	0.364128	
1	-5.078125	2.815866	-2.984937	0.364128	
1	-5.126953	2.821382	-3.008294	0.386158	
1	-5.126953	2.821382	-3.008294	0.386158	
1	-5.175781	2.826395	-3.031738	0.408048	
1	-5.175781	2.826395	-3.031738	0.408048	
1	-5.224609	2.830893	-3.055262	0.429794	
1	-5.224609	2.830893	-3.055262	0.429794	
1	-5.238615	2.832031	-3.062000	0.435983	
1	-5.238615	2.832031	-3.062000	0.435983	
1	-5.273438	2.834889	-3.078870	0.451399	
1	-5.273438	2.834889	-3.078870	0.451399	
1	-5.322266	2.838347	-3.102549	0.472847	
1	-5.322266	2.838347	-3.102549	0.472847	
1	-5.371094	2.841241	-3.126286	0.494129	
1	-5.371094	2.841241	-3.126286	0.494129	
1	-5.419922	2.843556	-3.150073	0.515239	
1	-5.419922	2.843556	-3.150073	0.515239	
1	-5.468750	2.845272	-3.173905	0.536168	
1	-5.468750	2.845272	-3.173905	0.536168	
1	-5.517578	2.846370	-3.197770	0.556909	
1	-5.517578	2.846370	-3.197770	0.556909	
1	-5.566406	2.846827	-3.221661	0.577453	
1	-5.566406	2.846827	-3.221661	0.577453	
1	-5.615234	2.846617	-3.245567	0.597793	
1	-5.615234	2.846617	-3.245567	0.597793	
1	-5.664062	2.845715	-3.269478	0.617919	
1	-5.664062	2.845715	-3.269478	0.617919	
1	-5.712891	2.844089	-3.293381	0.637820	
1	-5.712891	2.844089	-3.293381	0.637820	
1	-5.761719	2.841708	-3.317265	0.657488	
1	-5.761719	2.841708	-3.317265	0.657488	
1	-5.810547	2.838534	-3.341114	0.676909	
1	-5.810547	2.838534	-3.341114	0.676909	
1	-5.859375	2.834530	-3.364916	0.696073	
1	-5.859375	2.834530	-3.364916	0.696073	
1	-5.884511	2.832031	-3.377103	0.705801	
1	-5.884511	2.832031	-3.377103	0.705801	
1	-5.908203	2.829651	-3.388653	0.714968	
1	-5.908203	2.829651	-3.388653	0.714968	
1	-5.957031	2.823844	-3.412306	0.733577	
1	-5.957031	2.823844	-3.412306	0.733577	
1	-6.005859	2.817052	-3.435853	0.751884	
1	-6.005859	2.817052	-3.435853	0.751884	
1	-6.054688	2.809215	-3.459275	0.769875	
1	-6.054688	2.809215	-3.459275	0.769875	
1	-6.103516	2.800267	-3.482546	0.787532	
1	-6.103516	2.800267	-3.482546	0.787532	
1	-6.152344	2.790137	-3.505644	0.804838	
1	-6.152344	2.790137	-3.505644	0.804838	
1	-6.182262	2.783203	-3.519653	0.815225	
1	-6.182262	2.783203	-3.519653	0.815225	
1	-6.201172	2.778714	-3.528527	0.821763	
1	-6.201172	2.778714	-3.528527	0.821763	
1	-6.250000	2.765865	-3.551147	0.838273	
1	-6.250000	2.765865	-3.551147	0.838273	
1	-6.298828	2.751531	-3.573488	0.854360	
1	-6.298828	2.751531	-3.573488	0.854360	
1	-6.347656	2.735601	-3.595515	0.870000	
1	-6.347656	2.735601	-3.595515	0.870000	
1	-6.351117	2.734375	-3.597049	0.871081	
1	-6.351117	2.734375	-3.597049	0.871081	
1	-6.396484	2.717719	-3.617090	0.885099	
1	-6.396484	2.717719	-3.617090	0.885099	
1	-6.445312	2.697891	-3.638231	0.899673	
1	-6.445312	2.697891	-3.638231	0.899673	
1	-6.473113	2.685547	-3.650004	0.907691	
1	-6.473113	2.685547	-3.650004	0.907691	
1	-6.494141	2.675783	-3.658817	0.913646	
1	-6.494141	2.675783	-3.658817	0.913646	
1	-6.542969	2.651063	-3.678734	0.926945	
1	-6.542969	2.651063	-3.678734	0.926945	
1	-6.568957	2.636719	-3.689020	0.933724	
1	-6.568957	2.636719	-3.689020	0.933724	
1	-6.591797	2.623402	-3.697872	0.939507	
1	-6.591797	2.623402	-3.697872	0.939507	
1	-6.640625	2.592366	-3.716088	0.951249	
1	-6.640625	2.592366	-3.716088	0.951249	
1	-6.647171	2.587891	-3.718439	0.952748	
1	-6.647171	2.587891	-3.718439	0.952748	
1	-6.689453	2.557003	-3.733040	0.961967	
1	-6.689453	2.557003	-3.733040	0.961967	
1	-6.712107	2.539062	-3.740464	0.966591	
1	-6.712107	2.539062	-3.740464	0.966591	
1	-6.738281	2.516694	-3.748534	0.971564	
1	-6.738281	2.516694	-3.748534	0.971564	
1	-6.767009	2.490234	-3.756827	0.976608	
1	-6.767009	2.490234	-3.756827	0.976608	
1	-6.787109	2.470033	-3.762088	0.979771	
1	-6.787109	2.470033	-3.762088	0.979771	
1	-6.813687	2.441406	-3.768467	0.983560	
1	-6.813687	2.441406	-3.768467	0.983560	
1	-6.835938	2.414909	-3.772980	0.986206	
1	-6.835938	2.414909	-3.772980	0.986206	
1	-6.853530	2.392578	-3.776128	0.988030	
1	-6.853530	2.392578	-3.776128	0.988030	
1	-6.884766	2.348050	-3.780108	0.990302	
1	-6.884766	2.348050	-3.780108	0.990302	
1	-6.887611	2.343750	-3.780396	0.990464	
1	-6.887611	2.343750	-3.780396	0.990464	
1	-6.916461	2.294922	-3.781526	0.991097	
1	-6.916461	2.294922	-3.781526	0.991097	
1	-6.933594	2.261330	-3.780656	0.990623	
1	-6.933594	2.261330	-3.780656	0.990623	
1	-6.940977	2.246094	-3.780050	0.990295	
1	-6.940977	2.246094	-3.780050	0.990295	
1	-6.961441	2.197266	-3.776096	0.988186	
1	-6.961441	2.197266	-3.776096	0.988186	
1	-6.978428	2.148438	-3.770013	0.985005	
1	-6.978428	2.148438	-3.770013	0.985005	
1	-6.982422	2.134586	-3.767755	0.983838	
1	-6.982422	2.134586	-3.767755	0.983838	
1	-6.992096	2.099609	-3.761864	0.980827	
1	-6.992096	2.099609	-3.761864	0.980827	
1	-7.002801	2.050781	-3.751865	0.975800	
1	-7.002801	2.050781	-3.751865	0.975800	
1	-7.010796	2.001953	-3.740165	0.970033	
1	-7.010796	2.001953	-3.740165	0.970033	
1	-7.016267	1.953125	-3.726870	0.963605	
1	-7.016267	1.953125	-3.726870	0.963605	
1	-7.019380	1.904297	-3.712077	0.956590	
1	-7.019380	1.904297	-3.712077	0.956590	
1	-7.020286	1.855469	-3.695877	0.949054	
1	-7.020286	1.855469	-3.695877	0.949054	
1	-7.019118	1.806641	-3.678349	0.941055	
1	-7.019118	1.806641	-3.678349	0.941055	
1	-7.015997	1.757812	-3.659568	0.932647	
1	-7.015997	1.757812	-3.659568	0.932647	
1	-7.011027	1.708984	-3.639599	0.923877	
1	-7.011027	1.708984	-3.639599	0.923877	
1	-7.004302	1.660156	-3.618502	0.914787	
1	-7.004302	1.660156	-3.618502	0.914787	
1	-6.995904	1.611328	-3.596326	0.905417	
1	-6.995904	1.611328	-3.596326	0.905417	
1	-6.985904	1.562500	-3.573119	0.895798	
1	-6.985904	1.562500	-3.573119	0.895798	
1	-6.982422	1.547913	-3.565843	0.892821	
1	-6.982422	1.547913	-3.565843	0.892821	
1	-6.974372	1.513672	-3.548927	0.885966	
1	-6.974372	1.513672	-3.548927	0.885966	
1	-6.961374	1.464844	-3.523793	0.875951	
1	-6.961374	1.464844	-3.523793	0.875951	
1	-6.946953	1.416016	-3.497746	0.865776	
1	-6.946953	1.416016	-3.497746	0.865776	
1	-6.933594	1.374816	-3.474989	0.857050	
1	-6.933594	1.374816	-3.474989	0.857050	
1	-6.931155	1.367188	-3.470818	0.855466	
1	-6.931155	1.367188	-3.470818	0.855466	
1	-6.914062	1.318359	-3.443069	0.845056	
1	-6.914062	1.318359	-3.443069	0.845056	
1	-6.895667	1.269531	-3.414491	0.834553	
1	-6.895667	1.269531	-3.414491	0.834553	
1	-6.884766	1.242579	-3.398211	0.828666	
1	-6.884766	1.242579	-3.398211	0.828666	
1	-6.876030	1.220703	-3.385129	0.823986	
1	-6.876030	1.220703	-3.385129	0.823986	
1	-6.855199	1.171875	-3.355022	0.813377	
1	-6.855199	1.171875	-3.355022	0.813377	
1	-6.835938	1.129280	-3.328056	0.804065	
1	-6.835938	1.129280	-3.328056	0.804065	
1	-6.833152	1.123047	-3.324149	0.802730	
1	-6.833152	1.123047	-3.324149	0.802730	
1	-6.810009	1.074219	-3.292607	0.792089	
1	-6.810009	1.074219	-3.292607	0.792089	
1	-6.787109	1.028295	-3.262227	0.782059	
1	-6.787109	1.028295	-3.262227	0.782059	
1	-6.785677	1.025391	-3.260324	0.781437	
1	-6.785677	1.025391	-3.260324	0.781437	
1	-6.760314	0.976562	-3.227426	0.770828	
1	-6.760314	0.976562	-3.227426	0.770828	
1	-6.738281	0.936047	-3.199500	0.762011	
1	-6.738281	0.936047	-3.199500	0.762011	
1	-6.733805	0.927734	-3.193824	0.760240	
1	-6.733805	0.927734	-3.193824	0.760240	
1	-6.706290	0.878906	-3.159633	0.749719	
1	-6.706290	0.878906	-3.159633	0.749719	
1	-6.689453	0.850260	-3.139120	0.743527	
1	-6.689453	0.850260	-3.139120	0.743527	
1	-6.677694	0.830078	-3.124797	0.739257	
1	-6.677694	0.830078	-3.124797	0.739257	
1	-6.648067	0.781250	-3.089358	0.728876	
1	-6.648067	0.781250	-3.089358	0.728876	
1	-6.640625	0.769446	-3.080600	0.726351	
1	-6.640625	0.769446	-3.080600	0.726351	
1	-6.617459	0.732422	-3.053362	0.718597	
1	-6.617459	0.732422	-3.053362	0.718597	
1	-6.591797	0.692909	-3.023688	0.710322	
1	-6.591797	0.692909	-3.023688	0.710322	
1	-6.585790	0.683594	-3.016750	0.708414	
1	-6.585790	0.683594	-3.016750	0.708414	
1	-6.553170	0.634766	-2.979616	0.698359	
1	-6.553170	0.634766	-2.979616	0.698359	
1	-6.542969	0.620002	-2.968165	0.695314	
1	-6.542969	0.620002	-2.968165	0.695314	
1	-6.519570	0.585938	-2.941944	0.688438	
1	-6.519570	0.585938	-2.941944	0.688438	
1	-6.494141	0.550124	-2.913842	0.681219	
1	-6.494141	0.550124	-2.913842	0.681219	
1	-6.484950	0.537109	-2.903706	0.678653	
1	-6.484950	0.537109	-2.903706	0.678653	
1	-6.449360	0.488281	-2.864954	0.669025	
1	-6.449360	0.488281	-2.864954	0.669025	
1	-6.445312	0.482887	-2.860595	0.667961	
1	-6.445312	0.482887	-2.860595	0.667961	
1	-6.412854	0.439453	-2.825736	0.659575	
1	-6.412854	0.439453	-2.825736	0.659575	
1	-6.396484	0.418181	-2.808363	0.655483	
1	-6.396484	0.418181	-2.808363	0.655483	
1	-6.375352	0.390625	-2.785999	0.650299	
1	-6.375352	0.390625	-2.785999	0.650299	
1	-6.347656	0.355518	-2.757017	0.643721	
1	-6.347656	0.355518	-2.757017	0.643721	
1	-6.336862	0.341797	-2.745758	0.641208	
1	-6.336862	0.341797	-2.745758	0.641208	
1	-6.298828	0.294752	-2.706506	0.632635	
1	-6.298828	0.294752	-2.706506	0.632635	
1	-6.297390	0.292969	-2.705027	0.632317	
1	-6.297390	0.292969	-2.705027	0.632317	
1	-6.257008	0.244141	-2.663878	0.623649	
1	-6.257008	0.244141	-2.663878	0.623649	
1	-6.250000	0.235871	-2.656805	0.622190	
1	-6.250000	0.235871	-2.656805	0.622190	
1	-6.215656	0.195312	-2.622273	0.615204	
1	-6.215656	0.195312	-2.622273	0.615204	
1	-6.201172	0.178611	-2.607845	0.612351	
1	-6.201172	0.178611	-2.607845	0.612351	
1	-6.173316	0.146484	-2.580211	0.606992	
1	-6.173316	0.146484	-2.580211	0.606992	
1	-6.152344	0.122843	-2.559591	0.603086	
1	-6.152344	0.122843	-2.559591	0.603086	
1	-6.129988	0.097656	-2.537706	0.599026	
1	-6.129988	0.097656	-2.537706	0.599026	
1	-6.103516	0.068477	-2.512011	0.594371	
1	-6.103516	0.068477	-2.512011	0.594371	
1	-6.085668	0.048828	-2.494768	0.591315	
1	-6.085668	0.048828	-2.494768	0.591315	
1	-6.054688	0.015429	-2.465082	0.586183	
1	-6.054688	0.015429	-2.465082	0.586183	
1	-6.040348	0.000000	-2.451408	0.583873	
1	-6.040348	0.000000	-2.451408	0.583873	
1	-6.005859	-0.036375	-2.418780	0.578501	
1	-6.005859	-0.036375	-2.418780	0.578501	
1	-5.994020	-0.048828	-2.407637	0.576711	
1	-5.994020	-0.048828	-2.407637	0.576711	
1	-5.957031	-0.087003	-2.373086	0.571307	
1	-5.957031	-0.087003	-2.373086	0.571307	
1	-5.946673	-0.097656	-2.363462	0.569840	
1	-5.946673	-0.097656	-2.363462	0.569840	
1	-5.908203	-0.136516	-2.327983	0.564582	
1	-5.908203	-0.136516	-2.327983	0.564582	
1	-5.898292	-0.146484	-2.318894	0.563272	
1	-5.898292	-0.146484	-2.318894	0.563272	
1	-5.859375	-0.184969	-2.283457	0.558311	
1	-5.859375	-0.184969	-2.283457	0.558311	
1	-5.848862	-0.195312	-2.273939	0.557019	
1	-5.848862	-0.195312	-2.273939	0.557019	
1	-5.810547	-0.232411	-2.239493	0.552480	
1	-5.810547	-0.232411	-2.239493	0.552480	
1	-5.798361	-0.244141	-2.228603	0.551091	
1	-5.798361	-0.244141	-2.228603	0.551091	
1	-5.761719	-0.278887	-2.196081	0.547073	
1	-5.761719	-0.278887	-2.196081	0.547073	
1	-5.746768	-0.292969	-2.182894	0.545501	
1	-5.746768	-0.292969	-2.182894	0.545501	
1	-5.712891	-0.324435	-2.153213	0.542079	
1	-5.712891	-0.324435	-2.153213	0.542079	
1	-5.694056	-0.341797	-2.136817	0.540260	
1	-5.694056	-0.341797	-2.136817	0.540260	
1	-5.664062	-0.369090	-2.110878	0.537485	
1	-5.664062	-0.369090	-2.110878	0.537485	
1	-5.640196	-0.390625	-2.090376	0.535382	
1	-5.640196	-0.390625	-2.090376	0.535382	
1	-5.615234	-0.412881	-2.069071	0.533280	
1	-5.615234	-0.412881	-2.069071	0.533280	
1	-5.585155	-0.439453	-2.043576	0.530877	
1	-5.585155	-0.439453	-2.043576	0.530877	
1	-5.566406	-0.455836	-2.027786	0.529451	
1	-5.566406	-0.455836	-2.027786	0.529451	
1	-5.528897	-0.488281	-1.996422	0.526760	
1	-5.528897	-0.488281	-1.996422	0.526760	
1	-5.517578	-0.497976	-1.987017	0.525990	
1	-5.517578	-0.497976	-1.987017	0.525990	
1	-5.471383	-0.537109	-1.948919	0.523044	
1	-5.471383	-0.537109	-1.948919	0.523044	
1	-5.468750	-0.539320	-1.946761	0.522886	
1	-5.468750	-0.539320	-1.946761	0.522886	
1	-5.419922	-0.579929	-1.907011	0.520128	
1	-5.419922	-0.579929	-1.907011	0.520128	
1	-5.412613	-0.585938	-1.901104	0.519744	
1	-5.412613	-0.585938	-1.901104	0.519744	
1	-5.371094	-0.619806	-1.867765	0.517708	
1	-5.371094	-0.619806	-1.867765	0.517708	
1	-5.352510	-0.634766	-1.852962	0.516873	
1	-5.352510	-0.634766	-1.852962	0.516873	
1	-5.322266	-0.658949	-1.829023	0.515616	
1	-5.322266	-0.658949	-1.829023	0.515616	
1	-5.291004	-0.683594	-1.804483	0.514445	
1	-5.291004	-0.683594	-1.804483	0.514445	
1	-5.273438	-0.697365	-1.790782	0.513844	
1	-5.273438	-0.697365	-1.790782	0.513844	
1	-5.228038	-0.732422	-1.755676	0.512475	
1	-5.228038	-0.732422	-1.755676	0.512475	
1	-5.224609	-0.735058	-1.753041	0.512382	
1	-5.224609	-0.735058	-1.753041	0.512382	
1	-5.175781	-0.772135	-1.715797	0.511222	
1	-5.175781	-0.772135	-1.715797	0.511222	
1	-5.163588	-0.781250	-1.706575	0.510979	
1	-5.163588	-0.781250	-1.706575	0.510979	
1	-5.126953	-0.808549	-1.679051	0.510356	
1	-5.126953	-0.808549	-1.679051	0.510356	
1	-5.097549	-0.830078	-1.657163	0.509973	
1	-5.097549	-0.830078	-1.657163	0.509973	
1	-5.078125	-0.844269	-1.642802	0.509775	
1	-5.078125	-0.844269	-1.642802	0.509775	
1	-5.029837	-0.878906	-1.607444	0.509473	
1	-5.029837	-0.878906	-1.607444	0.509473	
1	-5.029297	-0.879293	-1.607052	0.509471	
1	-5.029297	-0.879293	-1.607052	0.509471	
1	-4.980469	-0.913810	-1.571799	0.509436	
1	-4.980469	-0.913810	-1.571799	0.509436	
1	-4.960375	-0.927734	-1.557436	0.509498	
1	-4.960375	-0.927734	-1.557436	0.509498	
1	-4.931641	-0.947654	-1.537045	0.509662	
1	-4.931641	-0.947654	-1.537045	0.509662	
1	-4.889057	-0.976562	-1.507143	0.510065	
1	-4.889057	-0.976562	-1.507143	0.510065	
1	-4.882812	-0.980808	-1.502791	0.510140	
1	-4.882812	-0.980808	-1.502791	0.510140	
1	-4.833984	-1.013451	-1.469040	0.510862	
1	-4.833984	-1.013451	-1.469040	0.510862	
1	-4.815745	-1.025391	-1.456559	0.511193	
1	-4.815745	-1.025391	-1.456559	0.511193	
1	-4.785156	-1.045476	-1.435792	0.511821	
1	-4.785156	-1.045476	-1.435792	0.511821	
1	-4.740346	-1.074219	-1.405721	0.512902	
1	-4.740346	-1.074219	-1.405721	0.512902	
1	-4.736328	-1.076807	-1.403046	0.513008	
1	-4.736328	-1.076807	-1.403046	0.513008	
1	-4.687500	-1.107693	-1.370812	0.514414	
1	-4.687500	-1.107693	-1.370812	0.514414	
1	-4.662631	-1.123047	-1.354585	0.515213	
1	-4.662631	-1.123047	-1.354585	0.515213	
1	-4.638672	-1.137927	-1.339086	0.516032	
1	-4.638672	-1.137927	-1.339086	0.516032	
1	-4.589844	-1.167526	-1.307870	0.517853	
1	-4.589844	-1.167526	-1.307870	0.517853	
1	-4.582513	-1.171875	-1.303226	0.518144	
1	-4.582513	-1.171875	-1.303226	0.518144	
1	-4.541016	-1.196683	-1.277175	0.519869	
1	-4.541016	-1.196683	-1.277175	0.519869	
1	-4.499715	-1.220703	-1.251608	0.521720	
1	-4.499715	-1.220703	-1.251608	0.521720	
1	-4.492188	-1.225120	-1.246992	0.522070	
1	-4.492188	-1.225120	-1.246992	0.522070	
1	-4.443359	-1.253132	-1.217338	0.524449	
1	-4.443359	-1.253132	-1.217338	0.524449	
1	-4.413968	-1.269531	-1.199731	0.525963	
1	-4.413968	-1.269531	-1.199731	0.525963	
1	-4.394531	-1.280493	-1.188204	0.526996	
1	-4.394531	-1.280493	-1.188204	0.526996	
1	-4.345703	-1.307319	-1.159602	0.529703	
1	-4.345703	-1.307319	-1.159602	0.529703	
1	-4.325046	-1.318359	-1.147653	0.530895	
1	-4.325046	-1.318359	-1.147653	0.530895	
1	-4.296875	-1.333607	-1.131534	0.532560	
1	-4.296875	-1.333607	-1.131534	0.532560	
1	-4.248047	-1.359285	-1.104001	0.535557	
1	-4.248047	-1.359285	-1.104001	0.535557	
1	-4.232585	-1.367188	-1.095388	0.536535	
1	-4.232585	-1.367188	-1.095388	0.536535	
1	-4.199219	-1.384494	-1.077016	0.538685	
1	-4.199219	-1.384494	-1.077016	0.538685	
1	-4.150391	-1.409058	-1.050571	0.541935	
1	-4.150391	-1.409058	-1.050571	0.541935	
1	-4.136137	-1.416016	-1.042948	0.542906	
1	-4.136137	-1.416016	-1.042948	0.542906	
1	-4.101562	-1.433178	-1.024687	0.545295	
1	-4.101562	-1.433178	-1.024687	0.545295	
1	-4.052734	-1.456660	-0.999353	0.548757	
1	-4.052734	-1.456660	-0.999353	0.548757	
1	-4.035160	-1.464844	-0.990362	0.550027	
1	-4.035160	-1.464844	-0.990362	0.550027	
1	-4.003906	-1.479675	-0.974588	0.552308	
1	-4.003906	-1.479675	-0.974588	0.552308	
1	-3.955078	-1.502102	-0.950390	0.555938	
1	-3.955078	-1.502102	-0.950390	0.555938	
1	-3.929018	-1.513672	-0.937695	0.557906	
1	-3.929018	-1.513672	-0.937695	0.557906	
1	-3.906250	-1.523995	-0.926767	0.559636	
1	-3.906250	-1.523995	-0.926767	0.559636	
1	-3.857422	-1.545389	-0.903729	0.563389	
1	-3.857422	-1.545389	-0.903729	0.563389	
1	-3.817001	-1.562500	-0.885087	0.566532	
1	-3.817001	-1.562500	-0.885087	0.566532	
1	-3.808594	-1.566142	-0.881272	0.567187	
1	-3.808594	-1.566142	-0.881272	0.567187	
1	-3.759766	-1.586520	-0.859423	0.571014	
1	-3.759766	-1.586520	-0.859423	0.571014	
1	-3.710938	-1.606215	-0.838166	0.574862	
1	-3.710938	-1.606215	-0.838166	0.574862	
1	-3.697737	-1.611328	-0.832513	0.575905	
1	-3.697737	-1.611328	-0.832513	0.575905	
1	-3.662109	-1.625499	-0.817529	0.578712	
1	-3.662109	-1.625499	-0.817529	0.578712	
1	-3.613281	-1.644215	-0.797509	0.582554	
1	-3.613281	-1.644215	-0.797509	0.582554	
1	-3.570179	-1.660156	-0.780345	0.585929	
1	-3.570179	-1.660156	-0.780345	0.585929	
1	-3.564453	-1.662335	-0.778110	0.586374	
1	-3.564453	-1.662335	-0.778110	0.586374	
1	-3.515625	-1.680079	-0.759360	0.590153	
1	-3.515625	-1.680079	-0.759360	0.590153	
1	-3.466797	-1.697219	-0.741248	0.593878	
1	-3.466797	-1.697219	-0.741248	0.593878	
1	-3.431928	-1.708984	-0.728702	0.596499	
1	-3.431928	-1.708984	-0.728702	0.596499	
1	-3.417969	-1.713847	-0.723792	0.597534	
1	-3.417969	-1.713847	-0.723792	0.597534	
1	-3.369141	-1.730044	-0.707007	0.601100	
1	-3.369141	-1.730044	-0.707007	0.601100	
1	-3.320312	-1.745701	-0.690895	0.604562	
1	-3.320312	-1.745701	-0.690895	0.604562	
1	-3.281089	-1.757812	-0.678440	0.607257	
1	-3.281089	-1.757812	-0.678440	0.607257	
1	-3.271484	-1.760883	-0.675469	0.607901	
1	-3.271484	-1.760883	-0.675469	0.607901	
1	-3.222656	-1.775639	-0.660744	0.611096	
1	-3.222656	-1.775639	-0.660744	0.611096	
1	-3.173828	-1.789939	-0.646728	0.614129	
1	-3.173828	-1.789939	-0.646728	0.614129	
1	-3.125000	-1.803853	-0.633434	0.616979	
1	-3.125000	-1.803853	-0.633434	0.616979	
1	-3.114614	-1.806641	-0.630693	0.617561	
1	-3.114614	-1.806641	-0.630693	0.617561	
1	-3.076172	-1.817361	-0.620871	0.619625	
1	-3.076172	-1.817361	-0.620871	0.619625	
1	-3.027344	-1.830527	-0.609052	0.622046	
1	-3.027344	-1.830527	-0.609052	0.622046	
1	-2.978516	-1.843474	-0.597990	0.624217	
1	-2.978516	-1.843474	-0.597990	0.624217	
1	-2.932842	-1.855469	-0.588336	0.626002	
1	-2.932842	-1.855469	-0.588336	0.626002	
1	-2.929688	-1.856329	-0.587696	0.626116	
1	-2.929688	-1.856329	-0.587696	0.626116	
1	-2.880859	-1.868861	-0.578165	0.627723	
1	-2.880859	-1.868861	-0.578165	0.627723	
1	-2.832031	-1.881525	-0.569415	0.629012	
1	-2.832031	-1.881525	-0.569415	0.629012	
1	-2.783203	-1.894628	-0.561447	0.629963	
1	-2.783203	-1.894628	-0.561447	0.629963	
1	-2.748455	-1.904297	-0.556245	0.630422	
1	-2.748455	-1.904297	-0.556245	0.630422	
1	-2.734375	-1.908340	-0.554247	0.630554	
1	-2.734375	-1.908340	-0.554247	0.630554	
1	-2.685547	-1.922538	-0.547796	0.630766	
1	-2.685547	-1.922538	-0.547796	0.630766	
1	-2.636719	-1.938566	-0.542061	0.630577	
1	-2.636719	-1.938566	-0.542061	0.630577	
1	-2.598521	-1.953125	-0.538026	0.630133	
1	-2.598521	-1.953125	-0.538026	0.630133	
1	-2.587891	-1.957233	-0.536972	0.629961	
1	-2.587891	-1.957233	-0.536972	0.629961	
1	-2.539062	-1.978127	-0.532455	0.628881	
1	-2.539062	-1.978127	-0.532455	0.628881	
1	-2.495482	-2.001953	-0.528745	0.627441	
1	-2.495482	-2.001953	-0.528745	0.627441	
1	-2.490234	-2.004794	-0.528324	0.627238	
1	-2.490234	-2.004794	-0.528324	0.627238	
1	-2.441406	-2.035396	-0.524493	0.624918	
1	-2.441406	-2.035396	-0.524493	0.624918	
1	-2.421682	-2.050781	-0.522929	0.623693	
1	-2.421682	-2.050781	-0.522929	0.623693	
1	-2.392578	-2.072573	-0.520736	0.621659	
1	-2.392578	-2.072573	-0.520736	0.621659	
1	-2.362593	-2.099609	-0.518356	0.619002	
1	-2.362593	-2.099609	-0.518356	0.619002	
1	-2.343750	-2.115726	-0.516930	0.617171	
1	-2.343750	-2.115726	-0.516930	0.617171	
1	-2.310900	-2.148438	-0.514262	0.613254	
1	-2.310900	-2.148438	-0.514262	0.613254	
1	-2.294922	-2.163404	-0.513021	0.611213	
1	-2.294922	-2.163404	-0.513021	0.611213	
1	-2.263080	-2.197266	-0.510349	0.606356	
1	-2.263080	-2.197266	-0.510349	0.606356	
1	-2.246094	-2.214167	-0.508984	0.603638	
1	-2.246094	-2.214167	-0.508984	0.603638	
1	-2.217273	-2.246094	-0.506476	0.598257	
1	-2.217273	-2.246094	-0.506476	0.598257	
1	-2.197266	-2.266775	-0.504803	0.594404	
1	-2.197266	-2.266775	-0.504803	0.594404	
1	-2.172419	-2.294922	-0.502558	0.588930	
1	-2.172419	-2.294922	-0.502558	0.588930	
1	-2.148438	-2.320254	-0.500468	0.583551	
1	-2.148438	-2.320254	-0.500468	0.583551	
1	-2.127875	-2.343750	-0.498537	0.578364	
1	-2.127875	-2.343750	-0.498537	0.578364	
1	-2.099609	-2.373893	-0.495966	0.571174	
1	-2.099609	-2.373893	-0.495966	0.571174	
1	-2.083235	-2.392578	-0.494367	0.566559	
1	-2.083235	-2.392578	-0.494367	0.566559	
1	-2.050781	-2.427206	-0.491284	0.557397	
1	-2.050781	-2.427206	-0.491284	0.557397	
1	-2.038227	-2.441406	-0.490008	0.553518	
1	-2.038227	-2.441406	-0.490008	0.553518	
1	-2.001953	-2.479875	-0.486407	0.542347	
1	-2.001953	-2.479875	-0.486407	0.542347	
1	-1.992664	-2.490234	-0.485424	0.539249	
1	-1.992664	-2.490234	-0.485424	0.539249	
1	-1.953125	-2.531708	-0.481322	0.526149	
1	-1.953125	-2.531708	-0.481322	0.526149	
1	-1.946410	-2.539062	-0.480582	0.523762	
1	-1.946410	-2.539062	-0.480582	0.523762	
1	-1.904297	-2.582598	-0.476016	0.508918	
1	-1.904297	-2.582598	-0.476016	0.508918	
1	-1.899364	-2.587891	-0.475450	0.507067	
1	-1.899364	-2.587891	-0.475450	0.507067	
1	-1.855469	-2.632496	-0.470478	0.490755	
1	-1.855469	-2.632496	-0.470478	0.490755	
1	-1.851443	-2.636719	-0.469997	0.489174	
1	-1.851443	-2.636719	-0.469997	0.489174	
1	-1.806641	-2.681389	-0.464696	0.471749	
1	-1.806641	-2.681389	-0.464696	0.471749	
1	-1.802580	-2.685547	-0.464191	0.470091	
1	-1.802580	-2.685547	-0.464191	0.470091	
1	-1.757812	-2.729285	-0.458664	0.451980	
1	-1.757812	-2.729285	-0.458664	0.451980	
1	-1.752718	-2.734375	-0.458005	0.449827	
1	-1.752718	-2.734375	-0.458005	0.449827	
1	-1.708984	-2.776206	-0.452373	0.431515	
1	-1.708984	-2.776206	-0.452373	0.431515	
1	-1.701803	-2.783203	-0.451407	0.428390	
1	-1.701803	-2.783203	-0.451407	0.428390	
1	-1.660156	-2.822180	-0.445817	0.410417	
1	-1.660156	-2.822180	-0.445817	0.410417	
1	-1.649788	-2.832031	-0.444368	0.405787	
1	-1.649788	-2.832031	-0.444368	0.405787	
1	-1.611328	-2.867239	-0.438993	0.388739	
1	-1.611328	-2.867239	-0.438993	0.388739	
1	-1.596626	-2.880859	-0.436858	0.382021	
1	-1.596626	-2.880859	-0.436858	0.382021	
1	-1.562500	-2.911412	-0.431896	0.366530	
1	-1.562500	-2.911412	-0.431896	0.366530	
1	-1.542271	-2.929688	-0.428848	0.357097	
1	-1.542271	-2.929688	-0.428848	0.357097	
1	-1.513672	-2.954729	-0.424525	0.343835	
1	-1.513672	-2.954729	-0.424525	0.343835	
1	-1.486681	-2.978516	-0.420307	0.331017	
1	-1.486681	-2.978516	-0.420307	0.331017	
1	-1.464844	-2.997217	-0.416879	0.320694	
1	-1.464844	-2.997217	-0.416879	0.320694	
1	-1.429812	-3.027344	-0.411204	0.303782	
1	-1.429812	-3.027344	-0.411204	0.303782	
1	-1.416016	-3.038902	-0.408957	0.297146	
1	-1.416016	-3.038902	-0.408957	0.297146	
1	-1.371619	-3.076172	-0.401508	0.275391	
1	-1.371619	-3.076172	-0.401508	0.275391	
1	-1.367188	-3.079805	-0.400760	0.273225	
1	-1.367188	-3.079805	-0.400760	0.273225	
1	-1.318359	-3.119899	-0.392297	0.248984	
1	-1.318359	-3.119899	-0.392297	0.248984	
1	-1.312148	-3.125000	-0.391193	0.245854	
1	-1.312148	-3.125000	-0.391193	0.245854	
1	-1.269531	-3.159242	-0.383564	0.224438	
1	-1.269531	-3.159242	-0.383564	0.224438	
1	-1.251329	-3.173828	-0.380223	0.215168	
1	-1.251329	-3.173828	-0.380223	0.215168	
1	-1.220703	-3.197891	-0.374559	0.199597	
1	-1.220703	-3.197891	-0.374559	0.199597	
1	-1.189049	-3.222656	-0.368563	0.183314	
1	-1.189049	-3.222656	-0.368563	0.183314	
1	-1.171875	-3.235857	-0.365283	0.174489	
1	-1.171875	-3.235857	-0.365283	0.174489	
1	-1.125259	-3.271484	-0.356177	0.150288	
1	-1.125259	-3.271484	-0.356177	0.150288	
1	-1.123047	-3.273148	-0.355741	0.149140	
1	-1.123047	-3.273148	-0.355741	0.149140	
1	-1.074219	-3.309763	-0.345939	0.123580	
1	-1.074219	-3.309763	-0.345939	0.123580	
1	-1.060047	-3.320312	-0.343038	0.116103	
1	-1.060047	-3.320312	-0.343038	0.116103	
1	-1.025391	-3.345751	-0.335875	0.097814	
1	-1.025391	-3.345751	-0.335875	0.097814	
1	-0.993235	-3.369141	-0.329100	0.080730	
1	-0.993235	-3.369141	-0.329100	0.080730	
1	-0.976562	-3.381119	-0.325552	0.071862	
1	-0.976562	-3.381119	-0.325552	0.071862	
1	-0.927734	-3.415874	-0.314975	0.045746	
1	-0.927734	-3.415874	-0.314975	0.045746	
1	-0.924772	-3.417969	-0.314324	0.044154	
1	-0.924772	-3.417969	-0.314324	0.044154	
1	-0.878906	-3.450055	-0.304142	0.019468	
1	-0.878906	-3.450055	-0.304142	0.019468	
1	-0.854688	-3.466797	-0.298676	0.006380	
1	-0.854688	-3.466797	-0.298676	0.006380	
1	-0.830078	-3.483654	-0.293061	-0.006948	
1	-0.830078	-3.483654	-0.293061	-0.006948	
1	-0.782802	-3.515625	-0.282102	-0.032634	
1	-0.782802	-3.515625	-0.282102	-0.032634	
1	-0.781250	-3.516667	-0.281738	-0.033479	
1	-0.781250	-3.516667	-0.281738	-0.033479	
1	-0.732422	-3.549170	-0.270163	-0.060146	
1	-0.732422	-3.549170	-0.270163	-0.060146	
1	-0.709140	-3.564453	-0.264564	-0.072886	
1	-0.709140	-3.564453	-0.264564	-0.072886	
1	-0.683594	-3.581117	-0.258351	-0.086908	
1	-0.683594	-3.581117	-0.258351	-0.086908	
1	-0.634766	-3.612502	-0.246308	-0.113746	
1	-0.634766	-3.612502	-0.246308	-0.113746	
1	-0.633542	-3.613281	-0.246004	-0.114419	
1	-0.633542	-3.613281	-0.246004	-0.114419	
1	-0.585938	-3.643433	-0.234018	-0.140699	
1	-0.585938	-3.643433	-0.234018	-0.140699	
1	-0.555966	-3.662109	-0.226372	-0.157251	
1	-0.555966	-3.662109	-0.226372	-0.157251	
1	-0.537109	-3.673815	-0.221505	-0.167704	
1	-0.537109	-3.673815	-0.221505	-0.167704	
1	-0.488281	-3.703693	-0.208766	-0.194772	
1	-0.488281	-3.703693	-0.208766	-0.194772	
1	-0.476281	-3.710938	-0.205606	-0.201421	
1	-0.476281	-3.710938	-0.205606	-0.201421	
1	-0.439453	-3.733113	-0.195793	-0.221912	
1	-0.439453	-3.733113	-0.195793	-0.221912	
1	-0.394387	-3.759766	-0.183642	-0.246966	
1	-0.394387	-3.759766	-0.183642	-0.246966	
1	-0.390625	-3.761987	-0.182615	-0.249066	
1	-0.390625	-3.761987	-0.182615	-0.249066	
1	-0.341797	-3.790459	-0.169200	-0.276299	
1	-0.341797	-3.790459	-0.169200	-0.276299	
1	-0.310123	-3.808594	-0.160404	-0.293938	
1	-0.310123	-3.808594	-0.160404	-0.293938	
1	-0.292969	-3.818410	-0.155583	-0.303536	
1	-0.292969	-3.818410	-0.155583	-0.303536	
1	-0.244141	-3.845913	-0.141749	-0.330806	
1	-0.244141	-3.845913	-0.141749	-0.330806	
1	-0.223359	-3.857422	-0.135814	-0.342388	
1	-0.223359	-3.857422	-0.135814	-0.342388	
1	-0.195312	-3.872962	-0.127706	-0.358096	
1	-0.195312	-3.872962	-0.127706	-0.358096	
1	-0.146484	-3.899526	-0.113466	-0.385379	
1	-0.146484	-3.899526	-0.113466	-0.385379	
1	-0.133922	-3.906250	-0.109781	-0.392379	
1	-0.133922	-3.906250	-0.109781	-0.392379	
1	-0.097656	-3.925690	-0.099012	-0.412692	
1	-0.097656	-3.925690	-0.099012	-0.412692	
