#REFERENCE 3 24.9892100 -5.9099060
1	-1.953125	-1.958165	-0.866555	-0.531056	
1	-1.971478	-1.953125	-0.873352	-0.537957	
1	-1.971478	-1.953125	-0.873352	-0.537957	
1	-1.953125	-1.958165	-0.866555	-0.531056	
1	-1.904297	-1.969864	-0.848145	-0.511940	
1	-1.904297	-1.969864	-0.848145	-0.511940	
1	-1.855469	-1.979720	-0.829583	-0.492032	
1	-1.855469	-1.979720	-0.829583	-0.492032	
1	-1.806641	-1.987888	-0.810938	-0.471383	
1	-1.806641	-1.987888	-0.810938	-0.471383	
1	-1.757812	-1.994503	-0.792275	-0.450040	
1	-1.757812	-1.994503	-0.792275	-0.450040	
1	-1.708984	-1.999687	-0.773652	-0.428047	
1	-1.708984	-1.999687	-0.773652	-0.428047	
1	-1.680582	-2.001953	-0.762791	-0.414890	
1	-1.680582	-2.001953	-0.762791	-0.414890	
1	-1.660156	-2.003594	-0.755147	-0.405479	
1	-1.660156	-2.003594	-0.755147	-0.405479	
1	-1.611328	-2.006310	-0.736806	-0.382375	
1	-1.611328	-2.006310	-0.736806	-0.382375	
1	-1.562500	-2.007847	-0.718637	-0.358727	
1	-1.562500	-2.007847	-0.718637	-0.358727	
1	-1.513672	-2.008269	-0.700680	-0.334568	
1	-1.513672	-2.008269	-0.700680	-0.334568	
1	-1.464844	-2.007635	-0.682969	-0.309926	
1	-1.464844	-2.007635	-0.682969	-0.309926	
1	-1.416016	-2.005993	-0.665537	-0.284827	
1	-1.416016	-2.005993	-0.665537	-0.284827	
1	-1.367188	-2.003384	-0.648414	-0.259295	
1	-1.367188	-2.003384	-0.648414	-0.259295	
1	-1.347571	-2.001953	-0.641572	-0.248834	
1	-1.347571	-2.001953	-0.641572	-0.248834	
1	-1.318359	-1.999930	-0.631671	-0.233419	
1	-1.318359	-1.999930	-0.631671	-0.233419	
1	-1.269531	-1.995677	-0.615339	-0.207236	
1	-1.269531	-1.995677	-0.615339	-0.207236	
1	-1.220703	-1.990590	-0.599414	-0.180725	
1	-1.220703	-1.990590	-0.599414	-0.180725	
1	-1.171875	-1.984687	-0.583917	-0.153903	
1	-1.171875	-1.984687	-0.583917	-0.153903	
1	-1.123047	-1.977980	-0.568869	-0.126787	
1	-1.123047	-1.977980	-0.568869	-0.126787	
1	-1.074219	-1.970477	-0.554290	-0.099392	
1	-1.074219	-1.970477	-0.554290	-0.099392	
1	-1.025391	-1.962181	-0.540197	-0.071729	
1	-1.025391	-1.962181	-0.540197	-0.071729	
1	-0.976728	-1.953125	-0.526654	-0.043905	
1	-0.976728	-1.953125	-0.526654	-0.043905	
1	-0.976562	-1.953096	-0.526610	-0.043812	
1	-0.976562	-1.953096	-0.526610	-0.043812	
1	-0.927734	-1.943707	-0.513742	-0.016079	
1	-0.927734	-1.943707	-0.513742	-0.016079	
1	-0.878906	-1.933567	-0.501422	0.011831	
1	-0.878906	-1.933567	-0.501422	0.011831	
1	-0.830078	-1.922666	-0.489666	0.039909	
1	-0.830078	-1.922666	-0.489666	0.039909	
1	-0.781250	-1.910992	-0.478491	0.068147	
1	-0.781250	-1.910992	-0.478491	0.068147	
1	-0.754916	-1.904297	-0.472685	0.083508	
1	-0.754916	-1.904297	-0.472685	0.083508	
1	-0.732422	-1.898833	-0.468015	0.096254	
1	-0.732422	-1.898833	-0.468015	0.096254	
1	-0.683594	-1.886268	-0.458272	0.124119	
1	-0.683594	-1.886268	-0.458272	0.124119	
1	-0.634766	-1.872926	-0.449152	0.152056	
1	-0.634766	-1.872926	-0.449152	0.152056	
1	-0.585938	-1.858785	-0.440672	0.180057	
1	-0.585938	-1.858785	-0.440672	0.180057	
1	-0.575005	-1.855469	-0.438852	0.186372	
1	-0.575005	-1.855469	-0.438852	0.186372	
1	-0.537109	-1.844454	-0.433016	0.207490	
1	-0.537109	-1.844454	-0.433016	0.207490	
1	-0.488281	-1.829500	-0.426064	0.234729	
1	-0.488281	-1.829500	-0.426064	0.234729	
1	-0.439453	-1.813715	-0.419780	0.261940	
1	-0.439453	-1.813715	-0.419780	0.261940	
1	-0.418506	-1.806641	-0.417284	0.273644	
1	-0.418506	-1.806641	-0.417284	0.273644	
1	-0.390625	-1.797598	-0.414286	0.288572	
1	-0.390625	-1.797598	-0.414286	0.288572	
1	-0.341797	-1.781024	-0.409545	0.314696	
1	-0.341797	-1.781024	-0.409545	0.314696	
1	-0.292969	-1.763567	-0.405486	0.340695	
1	-0.292969	-1.763567	-0.405486	0.340695	
1	-0.277473	-1.757812	-0.404340	0.348943	
1	-0.277473	-1.757812	-0.404340	0.348943	
1	-0.244141	-1.745895	-0.402212	0.365817	
1	-0.244141	-1.745895	-0.402212	0.365817	
1	-0.195312	-1.727630	-0.399648	0.390394	
1	-0.195312	-1.727630	-0.399648	0.390394	
1	-0.147911	-1.708984	-0.397807	0.414039	
1	-0.147911	-1.708984	-0.397807	0.414039	
1	-0.146484	-1.708443	-0.397764	0.414711	
1	-0.146484	-1.708443	-0.397764	0.414711	
1	-0.097656	-1.689355	-0.396612	0.437617	
1	-0.097656	-1.689355	-0.396612	0.437617	
1	-0.048828	-1.669264	-0.396099	0.460213	
1	-0.048828	-1.669264	-0.396099	0.460213	
1	-0.027497	-1.660156	-0.396079	0.469988	
1	-0.027497	-1.660156	-0.396079	0.469988	
1	0.000000	-1.648800	-0.396223	0.481760	
1	0.000000	-1.648800	-0.396223	0.481760	
1	0.048828	-1.627791	-0.396939	0.502367	
1	0.048828	-1.627791	-0.396939	0.502367	
1	0.085415	-1.611328	-0.397863	0.517538	
1	0.085415	-1.611328	-0.397863	0.517538	
1	0.097656	-1.605990	-0.398221	0.522228	
1	0.097656	-1.605990	-0.398221	0.522228	
1	0.146484	-1.583992	-0.399970	0.540634	
1	0.146484	-1.583992	-0.399970	0.540634	
1	0.191850	-1.562500	-0.402061	0.557299	
1	0.191850	-1.562500	-0.402061	0.557299	
1	0.195312	-1.560907	-0.402226	0.558458	
1	0.195312	-1.560907	-0.402226	0.558458	
1	0.244141	-1.537827	-0.404770	0.574478	
1	0.244141	-1.537827	-0.404770	0.574478	
1	0.292596	-1.513672	-0.407720	0.589839	
1	0.292596	-1.513672	-0.407720	0.589839	
1	0.292969	-1.513491	-0.407742	0.589945	
1	0.292969	-1.513491	-0.407742	0.589945	
1	0.341797	-1.489211	-0.410798	0.603435	
1	0.341797	-1.489211	-0.410798	0.603435	
1	0.388271	-1.464844	-0.414007	0.615721	
1	0.388271	-1.464844	-0.414007	0.615721	
1	0.390625	-1.463639	-0.414160	0.616266	
1	0.390625	-1.463639	-0.414160	0.616266	
1	0.439453	-1.438018	-0.417405	0.627129	
1	0.439453	-1.438018	-0.417405	0.627129	
1	0.479365	-1.416016	-0.420204	0.635520	
1	0.479365	-1.416016	-0.420204	0.635520	
1	0.488281	-1.411203	-0.420765	0.637106	
1	0.488281	-1.411203	-0.420765	0.637106	
1	0.537109	-1.384078	-0.423848	0.645295	
1	0.537109	-1.384078	-0.423848	0.645295	
1	0.566266	-1.367188	-0.425706	0.649829	
1	0.566266	-1.367188	-0.425706	0.649829	
1	0.585938	-1.355995	-0.426762	0.652277	
1	0.585938	-1.355995	-0.426762	0.652277	
1	0.634766	-1.327187	-0.429305	0.657797	
1	0.634766	-1.327187	-0.429305	0.657797	
1	0.649276	-1.318359	-0.430025	0.659263	
1	0.649276	-1.318359	-0.430025	0.659263	
1	0.683594	-1.297788	-0.431288	0.661728	
1	0.683594	-1.297788	-0.431288	0.661728	
1	0.728695	-1.269531	-0.432770	0.664419	
1	0.728695	-1.269531	-0.432770	0.664419	
1	0.732422	-1.267226	-0.432838	0.664538	
1	0.732422	-1.267226	-0.432838	0.664538	
1	0.781250	-1.236328	-0.433441	0.665552	
1	0.781250	-1.236328	-0.433441	0.665552	
1	0.805030	-1.220703	-0.433569	0.665757	
1	0.805030	-1.220703	-0.433569	0.665757	
1	0.830078	-1.204403	-0.433284	0.665341	
1	0.830078	-1.204403	-0.433284	0.665341	
1	0.878150	-1.171875	-0.432314	0.664003	
1	0.878150	-1.171875	-0.432314	0.664003	
1	0.878906	-1.171368	-0.432286	0.663965	
1	0.878906	-1.171368	-0.432286	0.663965	
1	0.927734	-1.137969	-0.429923	0.660937	
1	0.927734	-1.137969	-0.429923	0.660937	
1	0.948811	-1.123047	-0.428655	0.659398	
1	0.948811	-1.123047	-0.428655	0.659398	
1	0.976562	-1.103488	-0.426437	0.656810	
1	0.976562	-1.103488	-0.426437	0.656810	
1	1.016739	-1.074219	-0.422685	0.652662	
1	1.016739	-1.074219	-0.422685	0.652662	
1	1.025391	-1.067933	-0.421698	0.651612	
1	1.025391	-1.067933	-0.421698	0.651612	
1	1.074219	-1.031610	-0.415417	0.645230	
1	1.074219	-1.031610	-0.415417	0.645230	
1	1.082402	-1.025391	-0.414235	0.644081	
1	1.082402	-1.025391	-0.414235	0.644081	
1	1.123047	-0.994498	-0.407486	0.637775	
1	1.123047	-0.994498	-0.407486	0.637775	
1	1.146013	-0.976562	-0.403266	0.634026	
1	1.146013	-0.976562	-0.403266	0.634026	
1	1.171875	-0.956325	-0.397943	0.629478	
1	1.171875	-0.956325	-0.397943	0.629478	
1	1.207510	-0.927734	-0.389932	0.622966	
1	1.207510	-0.927734	-0.389932	0.622966	
1	1.220703	-0.917110	-0.386673	0.620418	
1	1.220703	-0.917110	-0.386673	0.620418	
1	1.267072	-0.878906	-0.374284	0.611197	
1	1.267072	-0.878906	-0.374284	0.611197	
1	1.269531	-0.876869	-0.373573	0.610688	
1	1.269531	-0.876869	-0.373573	0.610688	
1	1.318359	-0.835837	-0.358441	0.600322	
1	1.318359	-0.835837	-0.358441	0.600322	
1	1.325097	-0.830078	-0.356206	0.598861	
1	1.325097	-0.830078	-0.356206	0.598861	
1	1.367188	-0.793819	-0.341308	0.589521	
1	1.367188	-0.793819	-0.341308	0.589521	
1	1.381528	-0.781250	-0.335907	0.586296	
1	1.381528	-0.781250	-0.335907	0.586296	
1	1.416016	-0.750729	-0.322155	0.578434	
1	1.416016	-0.750729	-0.322155	0.578434	
1	1.436389	-0.732422	-0.313559	0.573755	
1	1.436389	-0.732422	-0.313559	0.573755	
1	1.464844	-0.706559	-0.300933	0.567185	
1	1.464844	-0.706559	-0.300933	0.567185	
1	1.489777	-0.683594	-0.289282	0.561419	
1	1.489777	-0.683594	-0.289282	0.561419	
1	1.513672	-0.661293	-0.277606	0.555905	
1	1.513672	-0.661293	-0.277606	0.555905	
1	1.541772	-0.634766	-0.263206	0.549443	
1	1.541772	-0.634766	-0.263206	0.549443	
1	1.562500	-0.614904	-0.252153	0.544722	
1	1.562500	-0.614904	-0.252153	0.544722	
1	1.592442	-0.585938	-0.235470	0.537964	
1	1.592442	-0.585938	-0.235470	0.537964	
1	1.611328	-0.567357	-0.224563	0.533770	
1	1.611328	-0.567357	-0.224563	0.533770	
1	1.641837	-0.537109	-0.206216	0.527094	
1	1.641837	-0.537109	-0.206216	0.527094	
1	1.660156	-0.518604	-0.194836	0.523178	
1	1.660156	-0.518604	-0.194836	0.523178	
1	1.689998	-0.488281	-0.175592	0.516927	
1	1.689998	-0.488281	-0.175592	0.516927	
1	1.708984	-0.468586	-0.162980	0.513072	
1	1.708984	-0.468586	-0.162980	0.513072	
1	1.736953	-0.439453	-0.143748	0.507542	
1	1.736953	-0.439453	-0.143748	0.507542	
1	1.757812	-0.417228	-0.129009	0.503576	
1	1.757812	-0.417228	-0.129009	0.503576	
1	1.782721	-0.390625	-0.110835	0.498997	
1	1.782721	-0.390625	-0.110835	0.498997	
1	1.806641	-0.364440	-0.092938	0.494809	
1	1.806641	-0.364440	-0.092938	0.494809	
1	1.827311	-0.341797	-0.077006	0.491339	
1	1.827311	-0.341797	-0.077006	0.491339	
1	1.855469	-0.310116	-0.054784	0.486887	
1	1.855469	-0.310116	-0.054784	0.486887	
1	1.870724	-0.292969	-0.042409	0.484597	
1	1.870724	-0.292969	-0.042409	0.484597	
1	1.904297	-0.254130	-0.014561	0.479921	
1	1.904297	-0.254130	-0.014561	0.479921	
1	1.912954	-0.244141	-0.007195	0.478791	
1	1.912954	-0.244141	-0.007195	0.478791	
1	1.953125	-0.196333	0.027725	0.474021	
1	1.953125	-0.196333	0.027725	0.474021	
1	1.953986	-0.195312	0.028491	0.473927	
1	1.953986	-0.195312	0.028491	0.473927	
1	1.994160	-0.146484	0.064883	0.469965	
1	1.994160	-0.146484	0.064883	0.469965	
1	2.001953	-0.136673	0.072087	0.469296	
1	2.001953	-0.136673	0.072087	0.469296	
1	2.033180	-0.097656	0.101563	0.466942	
1	2.033180	-0.097656	0.101563	0.466942	
1	2.050781	-0.074807	0.118521	0.465860	
1	2.050781	-0.074807	0.118521	0.465860	
1	2.070976	-0.048828	0.138353	0.464842	
1	2.070976	-0.048828	0.138353	0.464842	
1	2.099609	-0.010469	0.167058	0.463829	
1	2.099609	-0.010469	0.167058	0.463829	
1	2.107508	0.000000	0.175116	0.463640	
1	2.107508	0.000000	0.175116	0.463640	
1	2.142986	0.048828	0.211989	0.463303	
1	2.142986	0.048828	0.211989	0.463303	
1	2.148438	0.056630	0.217760	0.463327	
1	2.148438	0.056630	0.217760	0.463327	
1	2.177511	0.097656	0.249002	0.463811	
1	2.177511	0.097656	0.249002	0.463811	
1	2.197266	0.126926	0.270717	0.464495	
1	2.197266	0.126926	0.270717	0.464495	
1	2.210674	0.146484	0.285653	0.465128	
1	2.210674	0.146484	0.285653	0.465128	
1	2.242576	0.195312	0.321989	0.467215	
1	2.242576	0.195312	0.321989	0.467215	
1	2.246094	0.200937	0.326072	0.467497	
1	2.246094	0.200937	0.326072	0.467497	
1	2.273638	0.244141	0.358391	0.470071	
1	2.273638	0.244141	0.358391	0.470071	
1	2.294922	0.279512	0.384052	0.472538	
1	2.294922	0.279512	0.384052	0.472538	
1	2.303186	0.292969	0.394107	0.473606	
1	2.303186	0.292969	0.394107	0.473606	
1	2.331694	0.341797	0.429586	0.477828	
1	2.331694	0.341797	0.429586	0.477828	
1	2.343750	0.363691	0.445006	0.479883	
1	2.343750	0.363691	0.445006	0.479883	
1	2.358939	0.390625	0.464557	0.482679	
1	2.358939	0.390625	0.464557	0.482679	
1	2.384818	0.439453	0.498883	0.488102	
1	2.384818	0.439453	0.498883	0.488102	
1	2.392578	0.455034	0.509482	0.489909	
1	2.392578	0.455034	0.509482	0.489909	
1	2.409592	0.488281	0.532801	0.494105	
1	2.409592	0.488281	0.532801	0.494105	
1	2.432877	0.537109	0.565896	0.500583	
1	2.432877	0.537109	0.565896	0.500583	
1	2.441406	0.556321	0.578463	0.503204	
1	2.441406	0.556321	0.578463	0.503204	
1	2.454959	0.585938	0.598436	0.507554	
1	2.454959	0.585938	0.598436	0.507554	
1	2.475622	0.634766	0.630191	0.514939	
1	2.475622	0.634766	0.630191	0.514939	
1	2.490234	0.672399	0.653783	0.520804	
1	2.490234	0.672399	0.653783	0.520804	
1	2.494729	0.683594	0.661013	0.522667	
1	2.494729	0.683594	0.661013	0.522667	
1	2.512669	0.732422	0.691278	0.530802	
1	2.512669	0.732422	0.691278	0.530802	
1	2.528864	0.781250	0.720415	0.539158	
1	2.528864	0.781250	0.720415	0.539158	
1	2.539062	0.815664	0.740119	0.545109	
1	2.539062	0.815664	0.740119	0.545109	
1	2.543500	0.830078	0.748610	0.547750	
1	2.543500	0.830078	0.748610	0.547750	
1	2.556732	0.878906	0.776010	0.556592	
1	2.556732	0.878906	0.776010	0.556592	
1	2.568154	0.927734	0.802238	0.565529	
1	2.568154	0.927734	0.802238	0.565529	
1	2.577744	0.976562	0.827290	0.574519	
1	2.577744	0.976562	0.827290	0.574519	
1	2.585462	1.025391	0.851148	0.583515	
1	2.585462	1.025391	0.851148	0.583515	
1	2.587891	1.046049	0.860640	0.587218	
1	2.587891	1.046049	0.860640	0.587218	
1	2.591356	1.074219	0.873874	0.592503	
1	2.591356	1.074219	0.873874	0.592503	
1	2.595236	1.123047	0.895322	0.601387	
1	2.595236	1.123047	0.895322	0.601387	
1	2.596916	1.171875	0.915359	0.610069	
1	2.596916	1.171875	0.915359	0.610069	
1	2.596263	1.220703	0.933909	0.618466	
1	2.596263	1.220703	0.933909	0.618466	
1	2.593113	1.269531	0.950879	0.626484	
1	2.593113	1.269531	0.950879	0.626484	
1	2.587891	1.313282	0.964551	0.633207	
1	2.587891	1.313282	0.964551	0.633207	
1	2.587280	1.318359	0.966165	0.634018	
1	2.587280	1.318359	0.966165	0.634018	
1	2.578666	1.367188	0.979750	0.641000	
1	2.578666	1.367188	0.979750	0.641000	
1	2.566847	1.416016	0.991364	0.647223	
1	2.566847	1.416016	0.991364	0.647223	
1	2.551470	1.464844	1.000818	0.652504	
1	2.551470	1.464844	1.000818	0.652504	
1	2.539062	1.496644	1.005494	0.655208	
1	2.539062	1.496644	1.005494	0.655208	
1	2.532194	1.513672	1.007960	0.656664	
1	2.532194	1.513672	1.007960	0.656664	
1	2.508555	1.562500	1.012573	0.659465	
1	2.508555	1.562500	1.012573	0.659465	
1	2.490234	1.594197	1.013817	0.660246	
1	2.490234	1.594197	1.013817	0.660246	
1	2.479824	1.611328	1.014284	0.660545	
1	2.479824	1.611328	1.014284	0.660545	
1	2.445207	1.660156	1.012734	0.659506	
1	2.445207	1.660156	1.012734	0.659506	
1	2.441406	1.664891	1.012327	0.659228	
1	2.441406	1.664891	1.012327	0.659228	
1	2.403509	1.708984	1.007365	0.655753	
1	2.403509	1.708984	1.007365	0.655753	
1	2.392578	1.720260	1.005418	0.654354	
1	2.392578	1.720260	1.005418	0.654354	
1	2.353103	1.757812	0.997455	0.648479	
1	2.353103	1.757812	0.997455	0.648479	
1	2.343750	1.765853	0.995278	0.646835	
1	2.343750	1.765853	0.995278	0.646835	
1	2.294922	1.804195	0.982864	0.637199	
1	2.294922	1.804195	0.982864	0.637199	
1	2.291515	1.806641	0.981929	0.636456	
1	2.291515	1.806641	0.981929	0.636456	
1	2.246094	1.836785	0.968738	0.625758	
1	2.246094	1.836785	0.968738	0.625758	
1	2.214408	1.855469	0.958902	0.617526	
1	2.214408	1.855469	0.958902	0.617526	
1	2.197266	1.864950	0.953442	0.612868	
1	2.197266	1.864950	0.953442	0.612868	
1	2.148438	1.889283	0.937189	0.598645	
1	2.148438	1.889283	0.937189	0.598645	
1	2.114190	1.904297	0.925299	0.587915	
1	2.114190	1.904297	0.925299	0.587915	
1	2.099609	1.910403	0.920227	0.583256	
1	2.099609	1.910403	0.920227	0.583256	
1	2.050781	1.928727	0.902724	0.566811	
1	2.050781	1.928727	0.902724	0.566811	
1	2.001953	1.944546	0.884790	0.549380	
1	2.001953	1.944546	0.884790	0.549380	
1	1.971478	1.953125	0.873352	0.537957	
1	1.971478	1.953125	0.873352	0.537957	
1	1.953125	1.958165	0.866555	0.531056	
1	1.953125	1.958165	0.866555	0.531056	
1	1.904297	1.969864	0.848145	0.511940	
1	1.904297	1.969864	0.848145	0.511940	
1	1.855469	1.979720	0.829583	0.492032	
1	1.855469	1.979720	0.829583	0.492032	
1	1.806641	1.987888	0.810938	0.471383	
1	1.806641	1.987888	0.810938	0.471383	
1	1.757812	1.994503	0.792275	0.450040	
1	1.757812	1.994503	0.792275	0.450040	
1	1.708984	1.999687	0.773652	0.428047	
1	1.708984	1.999687	0.773652	0.428047	
1	1.680582	2.001953	0.762791	0.414890	
1	1.680582	2.001953	0.762791	0.414890	
1	1.660156	2.003594	0.755147	0.405479	
1	1.660156	2.003594	0.755147	0.405479	
1	1.611328	2.006310	0.736806	0.382375	
1	1.611328	2.006310	0.736806	0.382375	
1	1.562500	2.007847	0.718637	0.358727	
1	1.562500	2.007847	0.718637	0.358727	
1	1.513672	2.008269	0.700680	0.334568	
1	1.513672	2.008269	0.700680	0.334568	
1	1.464844	2.007635	0.682969	0.309926	
1	1.464844	2.007635	0.682969	0.309926	
1	1.416016	2.005993	0.665537	0.284827	
1	1.416016	2.005993	0.665537	0.284827	
1	1.367188	2.003384	0.648414	0.259295	
1	1.367188	2.003384	0.648414	0.259295	
1	1.347571	2.001953	0.641572	0.248834	
1	1.347571	2.001953	0.641572	0.248834	
1	1.318359	1.999930	0.631671	0.233419	
1	1.318359	1.999930	0.631671	0.233419	
1	1.269531	1.995677	0.615339	0.207236	
1	1.269531	1.995677	0.615339	0.207236	
1	1.220703	1.990590	0.599414	0.180725	
1	1.220703	1.990590	0.599414	0.180725	
1	1.171875	1.984687	0.583917	0.153903	
1	1.171875	1.984687	0.583917	0.153903	
1	1.123047	1.977980	0.568869	0.126787	
1	1.123047	1.977980	0.568869	0.126787	
1	1.074219	1.970477	0.554290	0.099392	
1	1.074219	1.970477	0.554290	0.099392	
1	1.025391	1.962181	0.540197	0.071729	
1	1.025391	1.962181	0.540197	0.071729	
1	0.976728	1.953125	0.526654	0.043905	
1	0.976728	1.953125	0.526654	0.043905	
1	0.976562	1.953096	0.526610	0.043812	
1	0.976562	1.953096	0.526610	0.043812	
1	0.927734	1.943707	0.513742	0.016079	
1	0.927734	1.943707	0.513742	0.016079	
1	0.878906	1.933567	0.501422	-0.011831	
1	0.878906	1.933567	0.501422	-0.011831	
1	0.830078	1.922666	0.489666	-0.039909	
1	0.830078	1.922666	0.489666	-0.039909	
1	0.781250	1.910992	0.478491	-0.068147	
1	0.781250	1.910992	0.478491	-0.068147	
1	0.754916	1.904297	0.472685	-0.083508	
1	0.754916	1.904297	0.472685	-0.083508	
1	0.732422	1.898833	0.468015	-0.096254	
1	0.732422	1.898833	0.468015	-0.096254	
1	0.683594	1.886268	0.458272	-0.124119	
1	0.683594	1.886268	0.458272	-0.124119	
1	0.634766	1.872926	0.449152	-0.152056	
1	0.634766	1.872926	0.449152	-0.152056	
1	0.585938	1.858785	0.440672	-0.180057	
1	0.585938	1.858785	0.440672	-0.180057	
1	0.575005	1.855469	0.438852	-0.186372	
1	0.575005	1.855469	0.438852	-0.186372	
1	0.537109	1.844454	0.433016	-0.207490	
1	0.537109	1.844454	0.433016	-0.207490	
1	0.488281	1.829500	0.426064	-0.234729	
1	0.488281	1.829500	0.426064	-0.234729	
1	0.439453	1.813715	0.419780	-0.261940	
1	0.439453	1.813715	0.419780	-0.261940	
1	0.418506	1.806641	0.417284	-0.273644	
1	0.418506	1.806641	0.417284	-0.273644	
1	0.390625	1.797598	0.414286	-0.288572	
1	0.390625	1.797598	0.414286	-0.288572	
1	0.341797	1.781024	0.409545	-0.314696	
1	0.341797	1.781024	0.409545	-0.314696	
1	0.292969	1.763567	0.405486	-0.340695	
1	0.292969	1.763567	0.405486	-0.340695	
1	0.277473	1.757812	0.404340	-0.348943	
1	0.277473	1.757812	0.404340	-0.348943	
1	0.244141	1.745895	0.402212	-0.365817	
1	0.244141	1.745895	0.402212	-0.365817	
1	0.195312	1.727630	0.399648	-0.390394	
1	0.195312	1.727630	0.399648	-0.390394	
1	0.147911	1.708984	0.397807	-0.414039	
1	0.147911	1.708984	0.397807	-0.414039	
1	0.146484	1.708443	0.397764	-0.414711	
1	0.146484	1.708443	0.397764	-0.414711	
1	0.097656	1.689355	0.396612	-0.437617	
1	0.097656	1.689355	0.396612	-0.437617	
1	0.048828	1.669264	0.396099	-0.460213	
1	0.048828	1.669264	0.396099	-0.460213	
1	0.027497	1.660156	0.396079	-0.469988	
1	0.027497	1.660156	0.396079	-0.469988	
1	0.000000	1.648800	0.396223	-0.481760	
1	0.000000	1.648800	0.396223	-0.481760	
1	-0.048828	1.627791	0.396939	-0.502367	
1	-0.048828	1.627791	0.396939	-0.502367	
1	-0.085415	1.611328	0.397863	-0.517538	
1	-0.085415	1.611328	0.397863	-0.517538	
1	-0.097656	1.605990	0.398221	-0.522228	
1	-0.097656	1.605990	0.398221	-0.522228	
1	-0.146484	1.583992	0.399970	-0.540634	
1	-0.146484	1.583992	0.399970	-0.540634	
1	-0.191850	1.562500	0.402061	-0.557299	
1	-0.191850	1.562500	0.402061	-0.557299	
1	-0.195312	1.560907	0.402226	-0.558458	
1	-0.195312	1.560907	0.402226	-0.558458	
1	-0.244141	1.537827	0.404770	-0.574478	
1	-0.244141	1.537827	0.404770	-0.574478	
1	-0.292596	1.513672	0.407720	-0.589839	
1	-0.292596	1.513672	0.407720	-0.589839	
1	-0.292969	1.513491	0.407742	-0.589945	
1	-0.292969	1.513491	0.407742	-0.589945	
1	-0.341797	1.489211	0.410798	-0.603435	
1	-0.341797	1.489211	0.410798	-0.603435	
1	-0.388271	1.464844	0.414007	-0.615721	
1	-0.388271	1.464844	0.414007	-0.615721	
1	-0.390625	1.463639	0.414160	-0.616266	
1	-0.390625	1.463639	0.414160	-0.616266	
1	-0.439453	1.438018	0.417405	-0.627129	
1	-0.439453	1.438018	0.417405	-0.627129	
1	-0.479365	1.416016	0.420204	-0.635520	
1	-0.479365	1.416016	0.420204	-0.635520	
1	-0.488281	1.411203	0.420765	-0.637106	
1	-0.488281	1.411203	0.420765	-0.637106	
1	-0.537109	1.384078	0.423848	-0.645295	
1	-0.537109	1.384078	0.423848	-0.645295	
1	-0.566266	1.367188	0.425706	-0.649829	
1	-0.566266	1.367188	0.425706	-0.649829	
1	-0.585938	1.355995	0.426762	-0.652277	
1	-0.585938	1.355995	0.426762	-0.652277	
1	-0.634766	1.327187	0.429305	-0.657797	
1	-0.634766	1.327187	0.429305	-0.657797	
1	-0.649276	1.318359	0.430025	-0.659263	
1	-0.649276	1.318359	0.430025	-0.659263	
1	-0.683594	1.297788	0.431288	-0.661728	
1	-0.683594	1.297788	0.431288	-0.661728	
1	-0.728695	1.269531	0.432770	-0.664419	
1	-0.728695	1.269531	0.432770	-0.664419	
1	-0.732422	1.267226	0.432838	-0.664538	
1	-0.732422	1.267226	0.432838	-0.664538	
1	-0.781250	1.236328	0.433441	-0.665552	
1	-0.781250	1.236328	0.433441	-0.665552	
1	-0.805030	1.220703	0.433569	-0.665757	
1	-0.805030	1.220703	0.433569	-0.665757	
1	-0.830078	1.204403	0.433284	-0.665341	
1	-0.830078	1.204403	0.433284	-0.665341	
1	-0.878150	1.171875	0.432314	-0.664003	
1	-0.878150	1.171875	0.432314	-0.664003	
1	-0.878906	1.171368	0.432286	-0.663965	
1	-0.878906	1.171368	0.432286	-0.663965	
1	-0.927734	1.137969	0.429923	-0.660937	
1	-0.927734	1.137969	0.429923	-0.660937	
1	-0.948811	1.123047	0.428655	-0.659398	
1	-0.948811	1.123047	0.428655	-0.659398	
1	-0.976562	1.103488	0.426437	-0.656810	
1	-0.976562	1.103488	0.426437	-0.656810	
1	-1.016739	1.074219	0.422685	-0.652662	
1	-1.016739	1.074219	0.422685	-0.652662	
1	-1.025391	1.067933	0.421698	-0.651612	
1	-1.025391	1.067933	0.421698	-0.651612	
1	-1.074219	1.031610	0.415417	-0.645230	
1	-1.074219	1.031610	0.415417	-0.645230	
1	-1.082402	1.025391	0.414235	-0.644081	
1	-1.082402	1.025391	0.414235	-0.644081	
1	-1.123047	0.994498	0.407486	-0.637775	
1	-1.123047	0.994498	0.407486	-0.637775	
1	-1.146013	0.976562	0.403266	-0.634026	
1	-1.146013	0.976562	0.403266	-0.634026	
1	-1.171875	0.956325	0.397943	-0.629478	
1	-1.171875	0.956325	0.397943	-0.629478	
1	-1.207510	0.927734	0.389932	-0.622966	
1	-1.207510	0.927734	0.389932	-0.622966	
1	-1.220703	0.917110	0.386673	-0.620418	
1	-1.220703	0.917110	0.386673	-0.620418	
1	-1.267072	0.878906	0.374284	-0.611197	
1	-1.267072	0.878906	0.374284	-0.611197	
1	-1.269531	0.876869	0.373573	-0.610688	
1	-1.269531	0.876869	0.373573	-0.610688	
1	-1.318359	0.835837	0.358441	-0.600322	
1	-1.318359	0.835837	0.358441	-0.600322	
1	-1.325097	0.830078	0.356206	-0.598861	
1	-1.325097	0.830078	0.356206	-0.598861	
1	-1.367188	0.793819	0.341308	-0.589521	
1	-1.367188	0.793819	0.341308	-0.589521	
1	-1.381528	0.781250	0.335907	-0.586296	
1	-1.381528	0.781250	0.335907	-0.586296	
1	-1.416016	0.750729	0.322155	-0.578434	
1	-1.416016	0.750729	0.322155	-0.578434	
1	-1.436389	0.732422	0.313559	-0.573755	
1	-1.436389	0.732422	0.313559	-0.573755	
1	-1.464844	0.706559	0.300933	-0.567185	
1	-1.464844	0.706559	0.300933	-0.567185	
1	-1.489777	0.683594	0.289282	-0.561419	
1	-1.489777	0.683594	0.289282	-0.561419	
1	-1.513672	0.661293	0.277606	-0.555905	
1	-1.513672	0.661293	0.277606	-0.555905	
1	-1.541772	0.634766	0.263206	-0.549443	
1	-1.541772	0.634766	0.263206	-0.549443	
1	-1.562500	0.614904	0.252153	-0.544722	
1	-1.562500	0.614904	0.252153	-0.544722	
1	-1.592442	0.585938	0.235470	-0.537964	
1	-1.592442	0.585938	0.235470	-0.537964	
1	-1.611328	0.567357	0.224563	-0.533770	
1	-1.611328	0.567357	0.224563	-0.533770	
1	-1.641837	0.537109	0.206216	-0.527094	
1	-1.641837	0.537109	0.206216	-0.527094	
1	-1.660156	0.518604	0.194836	-0.523178	
1	-1.660156	0.518604	0.194836	-0.523178	
1	-1.689998	0.488281	0.175592	-0.516927	
1	-1.689998	0.488281	0.175592	-0.516927	
1	-1.708984	0.468586	0.162980	-0.513072	
1	-1.708984	0.468586	0.162980	-0.513072	
1	-1.736953	0.439453	0.143748	-0.507542	
1	-1.736953	0.439453	0.143748	-0.507542	
1	-1.757812	0.417228	0.129009	-0.503576	
1	-1.757812	0.417228	0.129009	-0.503576	
1	-1.782721	0.390625	0.110835	-0.498997	
1	-1.782721	0.390625	0.110835	-0.498997	
1	-1.806641	0.364440	0.092938	-0.494809	
1	-1.806641	0.364440	0.092938	-0.494809	
1	-1.827311	0.341797	0.077006	-0.491339	
1	-1.827311	0.341797	0.077006	-0.491339	
1	-1.855469	0.310116	0.054784	-0.486887	
1	-1.855469	0.310116	0.054784	-0.486887	
1	-1.870724	0.292969	0.042409	-0.484597	
1	-1.870724	0.292969	0.042409	-0.484597	
1	-1.904297	0.254130	0.014561	-0.479921	
1	-1.904297	0.254130	0.014561	-0.479921	
1	-1.912954	0.244141	0.007195	-0.478791	
1	-1.912954	0.244141	0.007195	-0.478791	
1	-1.953125	0.196333	-0.027725	-0.474021	
1	-1.953125	0.196333	-0.027725	-0.474021	
1	-1.953986	0.195312	-0.028491	-0.473927	
1	-1.953986	0.195312	-0.028491	-0.473927	
1	-1.994160	0.146484	-0.064883	-0.469965	
1	-1.994160	0.146484	-0.064883	-0.469965	
1	-2.001953	0.136673	-0.072087	-0.469296	
1	-2.001953	0.136673	-0.072087	-0.469296	
1	-2.033180	0.097656	-0.101563	-0.466942	
1	-2.033180	0.097656	-0.101563	-0.466942	
1	-2.050781	0.074807	-0.118521	-0.465860	
1	-2.050781	0.074807	-0.118521	-0.465860	
1	-2.070976	0.048828	-0.138353	-0.464842	
1	-2.070976	0.048828	-0.138353	-0.464842	
1	-2.099609	0.010469	-0.167058	-0.463829	
1	-2.099609	0.010469	-0.167058	-0.463829	
1	-2.107508	0.000000	-0.175116	-0.463640	
1	-2.107508	0.000000	-0.175116	-0.463640	
1	-2.142986	-0.048828	-0.211989	-0.463303	
1	-2.142986	-0.048828	-0.211989	-0.463303	
1	-2.148438	-0.056630	-0.217760	-0.463327	
1	-2.148438	-0.056630	-0.217760	-0.463327	
1	-2.177511	-0.097656	-0.249002	-0.463811	
1	-2.177511	-0.097656	-0.249002	-0.463811	
1	-2.197266	-0.126926	-0.270717	-0.464495	
1	-2.197266	-0.126926	-0.270717	-0.464495	
1	-2.210674	-0.146484	-0.285653	-0.465128	
1	-2.210674	-0.146484	-0.285653	-0.465128	
1	-2.242576	-0.195312	-0.321989	-0.467215	
1	-2.242576	-0.195312	-0.321989	-0.467215	
1	-2.246094	-0.200937	-0.326072	-0.467497	
1	-2.246094	-0.200937	-0.326072	-0.467497	
1	-2.273638	-0.244141	-0.358391	-0.470071	
1	-2.273638	-0.244141	-0.358391	-0.470071	
1	-2.294922	-0.279512	-0.384052	-0.472538	
1	-2.294922	-0.279512	-0.384052	-0.472538	
1	-2.303186	-0.292969	-0.394107	-0.473606	
1	-2.303186	-0.292969	-0.394107	-0.473606	
1	-2.331694	-0.341797	-0.429586	-0.477828	
1	-2.331694	-0.341797	-0.429586	-0.477828	
1	-2.343750	-0.363691	-0.445006	-0.479883	
1	-2.343750	-0.363691	-0.445006	-0.479883	
1	-2.358939	-0.390625	-0.464557	-0.482679	
1	-2.358939	-0.390625	-0.464557	-0.482679	
1	-2.384818	-0.439453	-0.498883	-0.488102	
1	-2.384818	-0.439453	-0.498883	-0.488102	
1	-2.392578	-0.455034	-0.509482	-0.489909	
1	-2.392578	-0.455034	-0.509482	-0.489909	
1	-2.409592	-0.488281	-0.532801	-0.494105	
1	-2.409592	-0.488281	-0.532801	-0.494105	
1	-2.432877	-0.537109	-0.565896	-0.500583	
1	-2.432877	-0.537109	-0.565896	-0.500583	
1	-2.441406	-0.556321	-0.578463	-0.503204	
1	-2.441406	-0.556321	-0.578463	-0.503204	
1	-2.454959	-0.585938	-0.598436	-0.507554	
1	-2.454959	-0.585938	-0.598436	-0.507554	
1	-2.475622	-0.634766	-0.630191	-0.514939	
1	-2.475622	-0.634766	-0.630191	-0.514939	
1	-2.490234	-0.672399	-0.653783	-0.520804	
1	-2.490234	-0.672399	-0.653783	-0.520804	
1	-2.494729	-0.683594	-0.661013	-0.522667	
1	-2.494729	-0.683594	-0.661013	-0.522667	
1	-2.512669	-0.732422	-0.691278	-0.530802	
1	-2.512669	-0.732422	-0.691278	-0.530802	
1	-2.528864	-0.781250	-0.720415	-0.539158	
1	-2.528864	-0.781250	-0.720415	-0.539158	
1	-2.539062	-0.815664	-0.740119	-0.545109	
1	-2.539062	-0.815664	-0.740119	-0.545109	
1	-2.543500	-0.830078	-0.748610	-0.547750	
1	-2.543500	-0.830078	-0.748610	-0.547750	
1	-2.556732	-0.878906	-0.776010	-0.556592	
1	-2.556732	-0.878906	-0.776010	-0.556592	
1	-2.568154	-0.927734	-0.802238	-0.565529	
1	-2.568154	-0.927734	-0.802238	-0.565529	
1	-2.577744	-0.976562	-0.827290	-0.574519	
1	-2.577744	-0.976562	-0.827290	-0.574519	
1	-2.585462	-1.025391	-0.851148	-0.583515	
1	-2.585462	-1.025391	-0.851148	-0.583515	
1	-2.587891	-1.046049	-0.860640	-0.587218	
1	-2.587891	-1.046049	-0.860640	-0.587218	
1	-2.591356	-1.074219	-0.873874	-0.592503	
1	-2.591356	-1.074219	-0.873874	-0.592503	
1	-2.595236	-1.123047	-0.895322	-0.601387	
1	-2.595236	-1.123047	-0.895322	-0.601387	
1	-2.596916	-1.171875	-0.915359	-0.610069	
1	-2.596916	-1.171875	-0.915359	-0.610069	
1	-2.596263	-1.220703	-0.933909	-0.618466	
1	-2.596263	-1.220703	-0.933909	-0.618466	
1	-2.593113	-1.269531	-0.950879	-0.626484	
1	-2.593113	-1.269531	-0.950879	-0.626484	
1	-2.587891	-1.313282	-0.964551	-0.633207	
1	-2.587891	-1.313282	-0.964551	-0.633207	
1	-2.587280	-1.318359	-0.966165	-0.634018	
1	-2.587280	-1.318359	-0.966165	-0.634018	
1	-2.578666	-1.367188	-0.979750	-0.641000	
1	-2.578666	-1.367188	-0.979750	-0.641000	
1	-2.566847	-1.416016	-0.991364	-0.647223	
1	-2.566847	-1.416016	-0.991364	-0.647223	
1	-2.551470	-1.464844	-1.000818	-0.652504	
1	-2.551470	-1.464844	-1.000818	-0.652504	
1	-2.539062	-1.496644	-1.005494	-0.655208	
1	-2.539062	-1.496644	-1.005494	-0.655208	
1	-2.532194	-1.513672	-1.007960	-0.656664	
1	-2.532194	-1.513672	-1.007960	-0.656664	
1	-2.508555	-1.562500	-1.012573	-0.659465	
1	-2.508555	-1.562500	-1.012573	-0.659465	
1	-2.490234	-1.594197	-1.013817	-0.660246	
1	-2.490234	-1.594197	-1.013817	-0.660246	
1	-2.479824	-1.611328	-1.014284	-0.660545	
1	-2.479824	-1.611328	-1.014284	-0.660545	
1	-2.445207	-1.660156	-1.012734	-0.659506	
1	-2.445207	-1.660156	-1.012734	-0.659506	
1	-2.441406	-1.664891	-1.012327	-0.659228	
1	-2.441406	-1.664891	-1.012327	-0.659228	
1	-2.403509	-1.708984	-1.007365	-0.655753	
1	-2.403509	-1.708984	-1.007365	-0.655753	
1	-2.392578	-1.720260	-1.005418	-0.654354	
1	-2.392578	-1.720260	-1.005418	-0.654354	
1	-2.353103	-1.757812	-0.997455	-0.648479	
1	-2.353103	-1.757812	-0.997455	-0.648479	
1	-2.343750	-1.765853	-0.995278	-0.646835	
1	-2.343750	-1.765853	-0.995278	-0.646835	
1	-2.294922	-1.804195	-0.982864	-0.637199	
1	-2.294922	-1.804195	-0.982864	-0.637199	
1	-2.291515	-1.806641	-0.981929	-0.636456	
1	-2.291515	-1.806641	-0.981929	-0.636456	
1	-2.246094	-1.836785	-0.968738	-0.625758	
1	-2.246094	-1.836785	-0.968738	-0.625758	
1	-2.214408	-1.855469	-0.958902	-0.617526	
1	-2.214408	-1.855469	-0.958902	-0.617526	
1	-2.197266	-1.864950	-0.953442	-0.612868	
1	-2.197266	-1.864950	-0.953442	-0.612868	
1	-2.148438	-1.889283	-0.937189	-0.598645	
1	-2.148438	-1.889283	-0.937189	-0.598645	
1	-2.114190	-1.904297	-0.925299	-0.587915	
1	-2.114190	-1.904297	-0.925299	-0.587915	
1	-2.099609	-1.910403	-0.920227	-0.583256	
1	-2.099609	-1.910403	-0.920227	-0.583256	
1	-2.050781	-1.928727	-0.902724	-0.566811	
1	-2.050781	-1.928727	-0.902724	-0.566811	
1	-2.001953	-1.944546	-0.884790	-0.549380	
1	-2.001953	-1.944546	-0.884790	-0.549380	
