#REFERENCE 3 24.9892100 -5.9099060
   #ID       X         Y         R       EPS       TAU       AMP       E_AMP      DMAG  TIME[days]  DTIME    PARITY
   1.1     2.934    -1.369     3.238     0.880     1.854     5.986    13.053      1.94    -296.8       0.0    ++
   1.1    -0.702    -0.130     0.714     0.000     0.000    11.852    32.566      2.68      38.9     335.7    +-
   1.2    -0.642    -0.114     0.652     0.905     2.132    14.669   110.980      2.92      46.7     343.5    +-
   1.2     3.005    -1.350     3.294     0.000     0.000     5.547     8.433      1.86    -303.8      -7.0    ++
   2.1     2.709    -0.989     2.883     0.851     1.622    14.632   111.471      2.91    -244.6       0.0    ++
   2.1    -0.017    -0.005     0.018     0.354     0.378    10.074    56.597      2.51      28.8     273.4    --
   2.1    -0.873    -0.330     0.933     0.000     0.000    14.565    40.161      2.91       5.5     250.1    +-
   2.2    -0.015    -0.005     0.016     0.884     1.888    10.074    56.589      2.51      24.8     269.4    --
   2.2    -0.930    -0.362     0.998     0.824     1.456    20.848   149.325      3.30      -2.4     242.2    +-
   2.2     2.628    -1.034     2.824     0.000     0.000    17.626   129.802      3.12    -237.4       7.2    ++
