#REFERENCE 3 24.9892100 -5.9099060
1.1 1.251 -0.195 0.251 0.098 100.19 4.500 -1.03 2.934 -1.369 0.63 -1.66
1.1 1.251 -0.195 0.251 0.098 100.19 4.500 -1.03 -0.702 -0.130 -1.03 0.00
1.2 1.315 -0.199 0.146 0.072 153.60 4.500 0.62 -0.642 -0.114 -1.14 1.76
1.2 1.315 -0.199 0.146 0.072 153.60 4.500 0.62 3.005 -1.350 0.62 0.00
2.1 0.947 0.077 0.184 0.089 110.55 4.500 -0.83 2.709 -0.989 0.83 -1.66
2.1 0.947 0.077 0.184 0.089 110.55 4.500 -0.83 -0.017 -0.005 -8.68 7.85
2.1 0.947 0.077 0.184 0.089 110.55 4.500 -0.83 -0.873 -0.330 -0.83 -0.00
2.2 0.879 0.072 0.084 0.033 156.55 4.500 0.85 -0.015 -0.005 -8.86 9.71
2.2 0.879 0.072 0.084 0.033 156.55 4.500 0.85 -0.930 -0.362 -0.73 1.58
2.2 0.879 0.072 0.084 0.033 156.55 4.500 0.85 2.628 -1.034 0.85 -0.00
