chi multiples
 N    ID    z   Narcs    chip    chix    chiy    chia   rmss     rmsi    dx      dy    nwarn
 0    7.2 4.050   1      0.00    0.00    0.00    0.00   0.011    0.02    0.01   -0.01  0
 0    7.1 4.050   1      0.00    0.00    0.00    0.00   0.011    0.02   -0.01    0.02  0
 0    7.2 4.050   2      0.00    0.00    0.00    0.00   0.011    0.02    N/A     N/A   0
 1    6.2 4.050   1      0.00    0.00    0.00    0.00   0.006    0.01   -0.01   -0.00  0
 1    6.1 4.050   1      0.00    0.00    0.00    0.00   0.006    0.01    0.01    0.00  0
 1    6.2 4.050   2      0.00    0.00    0.00    0.00   0.006    0.01    N/A     N/A   0
 2    5.2 4.050   1      0.00    0.00    0.00    0.00   0.016    0.03   -0.02    0.02  0
 2    5.1 4.050   1      0.00    0.00    0.00    0.00   0.016    0.03    0.03    0.01  0
 2    5.2 4.050   2      0.01    0.00    0.00    0.00   0.016    0.03    N/A     N/A   0
 3    4.2 4.050   1      0.00    0.00    0.00    0.00   0.017    0.03   -0.01    0.03  0
 3    4.1 4.050   1      0.00    0.00    0.00    0.00   0.017    0.03    0.03   -0.00  0
 3    4.2 4.050   2      0.01    0.00    0.00    0.00   0.017    0.03    N/A     N/A   0
chimul                   0.02    0.00    0.00    0.00   0.013    0.02    N/A     N/A   0
log(Likelihood)         -3.62

chitot           0.02
log(Likelihood)    -3.62
