#REFERENCE 3 87.3042530 -62.0775650
1	-0.120489	-0.537109	0.309595	1.700360	
1	-0.097656	-0.547607	0.287265	1.711029	
1	-0.097656	-0.547607	0.287265	1.711029	
1	-0.120489	-0.537109	0.309595	1.700360	
1	-0.146484	-0.526469	0.334710	1.687656	
1	-0.146484	-0.526469	0.334710	1.687656	
1	-0.195312	-0.502365	0.383945	1.660545	
1	-0.195312	-0.502365	0.383945	1.660545	
1	-0.219500	-0.488281	0.409379	1.645363	
1	-0.219500	-0.488281	0.409379	1.645363	
1	-0.244141	-0.474740	0.434858	1.629323	
1	-0.244141	-0.474740	0.434858	1.629323	
1	-0.292969	-0.443094	0.487249	1.593613	
1	-0.292969	-0.443094	0.487249	1.593613	
1	-0.298038	-0.439453	0.492817	1.589594	
1	-0.298038	-0.439453	0.492817	1.589594	
1	-0.341797	-0.408003	0.540227	1.553518	
1	-0.341797	-0.408003	0.540227	1.553518	
1	-0.363402	-0.390625	0.564069	1.534063	
1	-0.363402	-0.390625	0.564069	1.534063	
1	-0.390625	-0.367758	0.593956	1.508344	
1	-0.390625	-0.367758	0.593956	1.508344	
1	-0.419310	-0.341797	0.625468	1.479510	
1	-0.419310	-0.341797	0.625468	1.479510	
1	-0.439453	-0.321978	0.647736	1.457992	
1	-0.439453	-0.321978	0.647736	1.457992	
1	-0.467983	-0.292969	0.678576	1.426490	
1	-0.467983	-0.292969	0.678576	1.426490	
1	-0.488281	-0.269723	0.700928	1.402318	
1	-0.488281	-0.269723	0.700928	1.402318	
1	-0.510836	-0.244141	0.724541	1.375436	
1	-0.510836	-0.244141	0.724541	1.375436	
1	-0.537109	-0.209631	0.752813	1.341235	
1	-0.537109	-0.209631	0.752813	1.341235	
1	-0.548576	-0.195312	0.764178	1.326805	
1	-0.548576	-0.195312	0.764178	1.326805	
1	-0.582013	-0.146484	0.798339	1.280756	
1	-0.582013	-0.146484	0.798339	1.280756	
1	-0.585938	-0.139688	0.802571	1.274745	
1	-0.585938	-0.139688	0.802571	1.274745	
1	-0.612957	-0.097656	0.828043	1.236910	
1	-0.612957	-0.097656	0.828043	1.236910	
1	-0.634766	-0.056436	0.849362	1.202779	
1	-0.634766	-0.056436	0.849362	1.202779	
1	-0.639399	-0.048828	0.853186	1.196383	
1	-0.639399	-0.048828	0.853186	1.196383	
1	-0.664376	0.000000	0.874929	1.158187	
1	-0.664376	0.000000	0.874929	1.158187	
1	-0.683594	0.045569	0.891984	1.125667	
1	-0.683594	0.045569	0.891984	1.125667	
1	-0.685249	0.048828	0.893158	1.123330	
1	-0.685249	0.048828	0.893158	1.123330	
1	-0.705665	0.097656	0.908811	1.090771	
1	-0.705665	0.097656	0.908811	1.090771	
1	-0.722654	0.146484	0.921814	1.061352	
1	-0.722654	0.146484	0.921814	1.061352	
1	-0.732422	0.180628	0.929541	1.042577	
1	-0.732422	0.180628	0.929541	1.042577	
1	-0.737759	0.195312	0.932674	1.034636	
1	-0.737759	0.195312	0.932674	1.034636	
1	-0.751961	0.244141	0.941712	1.010443	
1	-0.751961	0.244141	0.941712	1.010443	
1	-0.763801	0.292969	0.949079	0.988974	
1	-0.763801	0.292969	0.949079	0.988974	
1	-0.773657	0.341797	0.955037	0.970073	
1	-0.773657	0.341797	0.955037	0.970073	
1	-0.781250	0.387669	0.959540	0.954557	
1	-0.781250	0.387669	0.959540	0.954557	
1	-0.781917	0.390625	0.959803	0.953610	
1	-0.781917	0.390625	0.959803	0.953610	
1	-0.789781	0.439453	0.963578	0.939426	
1	-0.789781	0.439453	0.963578	0.939426	
1	-0.796012	0.488281	0.966491	0.927554	
1	-0.796012	0.488281	0.966491	0.927554	
1	-0.800780	0.537109	0.968694	0.917890	
1	-0.800780	0.537109	0.968694	0.917890	
1	-0.804206	0.585938	0.970319	0.910341	
1	-0.804206	0.585938	0.970319	0.910341	
1	-0.806366	0.634766	0.971484	0.904822	
1	-0.806366	0.634766	0.971484	0.904822	
1	-0.807245	0.683594	0.972292	0.901249	
1	-0.807245	0.683594	0.972292	0.901249	
1	-0.806013	0.732422	0.972836	0.899551	
1	-0.806013	0.732422	0.972836	0.899551	
1	-0.781250	0.753784	0.972679	0.899567	
1	-0.781250	0.753784	0.972679	0.899567	
1	-0.732422	0.758043	0.970352	0.900037	
1	-0.732422	0.758043	0.970352	0.900037	
1	-0.683594	0.759528	0.965678	0.900684	
1	-0.683594	0.759528	0.965678	0.900684	
1	-0.634766	0.759536	0.958590	0.901593	
1	-0.634766	0.759536	0.958590	0.901593	
1	-0.585938	0.758218	0.949008	0.902860	
1	-0.585938	0.758218	0.949008	0.902860	
1	-0.537109	0.755605	0.936850	0.904587	
1	-0.537109	0.755605	0.936850	0.904587	
1	-0.488281	0.751683	0.922033	0.906892	
1	-0.488281	0.751683	0.922033	0.906892	
1	-0.439453	0.746409	0.904473	0.909900	
1	-0.439453	0.746409	0.904473	0.909900	
1	-0.390625	0.739710	0.884083	0.913754	
1	-0.390625	0.739710	0.884083	0.913754	
1	-0.348063	0.732422	0.863912	0.917928	
1	-0.348063	0.732422	0.863912	0.917928	
1	-0.341797	0.731613	0.860790	0.918606	
1	-0.341797	0.731613	0.860790	0.918606	
1	-0.292969	0.723179	0.834664	0.924591	
1	-0.292969	0.723179	0.834664	0.924591	
1	-0.244141	0.713270	0.805560	0.931906	
1	-0.244141	0.713270	0.805560	0.931906	
1	-0.195312	0.701708	0.773415	0.940748	
1	-0.195312	0.701708	0.773415	0.940748	
1	-0.146484	0.688268	0.738163	0.951341	
1	-0.146484	0.688268	0.738163	0.951341	
1	-0.132323	0.683594	0.727259	0.954804	
1	-0.132323	0.683594	0.727259	0.954804	
1	-0.097656	0.674376	0.700151	0.963793	
1	-0.097656	0.674376	0.700151	0.963793	
1	-0.048828	0.659215	0.659329	0.978339	
1	-0.048828	0.659215	0.659329	0.978339	
1	0.000000	0.641746	0.615517	0.995300	
1	0.000000	0.641746	0.615517	0.995300	
1	0.016883	0.634766	0.599554	1.001828	
1	0.016883	0.634766	0.599554	1.001828	
1	0.048828	0.623599	0.569409	1.014667	
1	0.048828	0.623599	0.569409	1.014667	
1	0.097656	0.603919	0.521023	1.036690	
1	0.097656	0.603919	0.521023	1.036690	
1	0.136588	0.585938	0.480525	1.056490	
1	0.136588	0.585938	0.480525	1.056490	
1	0.146484	0.581899	0.470349	1.061667	
1	0.146484	0.581899	0.470349	1.061667	
1	0.195312	0.559406	0.418608	1.089263	
1	0.195312	0.559406	0.418608	1.089263	
1	0.237672	0.537109	0.372138	1.115932	
1	0.237672	0.537109	0.372138	1.115932	
1	0.244141	0.533942	0.365161	1.120095	
1	0.244141	0.533942	0.365161	1.120095	
1	0.292969	0.507721	0.311642	1.153487	
1	0.292969	0.507721	0.311642	1.153487	
1	0.325464	0.488281	0.275488	1.177562	
1	0.325464	0.488281	0.275488	1.177562	
1	0.341797	0.478670	0.257631	1.189930	
1	0.341797	0.478670	0.257631	1.189930	
1	0.390625	0.447571	0.204208	1.228943	
1	0.390625	0.447571	0.204208	1.228943	
1	0.402802	0.439453	0.191038	1.239050	
1	0.402802	0.439453	0.191038	1.239050	
1	0.439453	0.414067	0.151906	1.270314	
1	0.439453	0.414067	0.151906	1.270314	
1	0.471571	0.390625	0.118423	1.298641	
1	0.471571	0.390625	0.118423	1.298641	
1	0.488281	0.377417	0.101071	1.313942	
1	0.488281	0.377417	0.101071	1.313942	
1	0.532399	0.341797	0.057157	1.354763	
1	0.532399	0.341797	0.057157	1.354763	
1	0.537109	0.337509	0.052428	1.359353	
1	0.537109	0.337509	0.052428	1.359353	
1	0.585938	0.293760	0.006483	1.406182	
1	0.585938	0.293760	0.006483	1.406182	
1	0.586863	0.292969	0.005680	1.407040	
1	0.586863	0.292969	0.005680	1.407040	
1	0.634766	0.245121	-0.036413	1.454189	
1	0.634766	0.245121	-0.036413	1.454189	
1	0.635817	0.244141	-0.037243	1.455166	
1	0.635817	0.244141	-0.037243	1.455166	
1	0.679812	0.195312	-0.072729	1.499009	
1	0.679812	0.195312	-0.072729	1.499009	
1	0.683594	0.190107	-0.075928	1.503181	
1	0.683594	0.190107	-0.075928	1.503181	
1	0.719454	0.146484	-0.101856	1.538667	
1	0.719454	0.146484	-0.101856	1.538667	
1	0.732422	0.126471	-0.111701	1.553040	
1	0.732422	0.126471	-0.111701	1.553040	
1	0.754328	0.097656	-0.125374	1.574029	
1	0.754328	0.097656	-0.125374	1.574029	
1	0.781250	0.052199	-0.142792	1.602951	
1	0.781250	0.052199	-0.142792	1.602951	
1	0.783681	0.048828	-0.144029	1.605120	
1	0.783681	0.048828	-0.144029	1.605120	
1	0.811414	0.000000	-0.159091	1.633175	
1	0.811414	0.000000	-0.159091	1.633175	
1	0.830078	-0.043222	-0.169348	1.654626	
1	0.830078	-0.043222	-0.169348	1.654626	
1	0.833212	-0.048828	-0.170584	1.657395	
1	0.833212	-0.048828	-0.170584	1.657395	
1	0.853693	-0.097656	-0.179436	1.678914	
1	0.853693	-0.097656	-0.179436	1.678914	
1	0.868851	-0.146484	-0.185793	1.697321	
1	0.868851	-0.146484	-0.185793	1.697321	
1	0.878906	-0.192589	-0.189932	1.712263	
1	0.878906	-0.192589	-0.189932	1.712263	
1	0.879762	-0.195312	-0.190133	1.713105	
1	0.879762	-0.195312	-0.190133	1.713105	
1	0.888643	-0.244141	-0.192782	1.726632	
1	0.888643	-0.244141	-0.192782	1.726632	
1	0.892209	-0.292969	-0.193949	1.737940	
1	0.892209	-0.292969	-0.193949	1.737940	
1	0.889409	-0.341797	-0.193848	1.747363	
1	0.889409	-0.341797	-0.193848	1.747363	
1	0.878906	-0.384692	-0.192779	1.754445	
1	0.878906	-0.384692	-0.192779	1.754445	
1	0.877560	-0.390625	-0.192561	1.755332	
1	0.877560	-0.390625	-0.192561	1.755332	
1	0.856618	-0.439453	-0.189963	1.762267	
1	0.856618	-0.439453	-0.189963	1.762267	
1	0.830078	-0.470734	-0.187080	1.766851	
1	0.830078	-0.470734	-0.187080	1.766851	
1	0.814126	-0.488281	-0.184996	1.769337	
1	0.814126	-0.488281	-0.184996	1.769337	
1	0.781250	-0.512550	-0.180664	1.773376	
1	0.781250	-0.512550	-0.180664	1.773376	
1	0.740689	-0.537109	-0.174249	1.777835	
1	0.740689	-0.537109	-0.174249	1.777835	
1	0.732422	-0.540975	-0.172837	1.778664	
1	0.732422	-0.540975	-0.172837	1.778664	
1	0.683594	-0.563214	-0.163230	1.783372	
1	0.683594	-0.563214	-0.163230	1.783372	
1	0.634766	-0.580257	-0.151788	1.787565	
1	0.634766	-0.580257	-0.151788	1.787565	
1	0.616313	-0.585938	-0.146936	1.789024	
1	0.616313	-0.585938	-0.146936	1.789024	
1	0.585938	-0.594370	-0.138316	1.791256	
1	0.585938	-0.594370	-0.138316	1.791256	
1	0.537109	-0.605823	-0.122763	1.794354	
1	0.537109	-0.605823	-0.122763	1.794354	
1	0.488281	-0.614487	-0.105092	1.796750	
1	0.488281	-0.614487	-0.105092	1.796750	
1	0.439453	-0.620710	-0.085228	1.798325	
1	0.439453	-0.620710	-0.085228	1.798325	
1	0.390625	-0.624720	-0.063111	1.798939	
1	0.390625	-0.624720	-0.063111	1.798939	
1	0.341797	-0.626665	-0.038693	1.798438	
1	0.341797	-0.626665	-0.038693	1.798438	
1	0.292969	-0.626623	-0.011939	1.796652	
1	0.292969	-0.626623	-0.011939	1.796652	
1	0.244141	-0.624608	0.017173	1.793401	
1	0.244141	-0.624608	0.017173	1.793401	
1	0.195312	-0.620570	0.048659	1.788488	
1	0.195312	-0.620570	0.048659	1.788488	
1	0.146484	-0.614384	0.082535	1.781701	
1	0.146484	-0.614384	0.082535	1.781701	
1	0.097656	-0.605842	0.118827	1.772806	
1	0.097656	-0.605842	0.118827	1.772806	
1	0.048828	-0.594638	0.157587	1.761533	
1	0.048828	-0.594638	0.157587	1.761533	
1	0.019213	-0.585938	0.182453	1.753363	
1	0.019213	-0.585938	0.182453	1.753363	
1	0.000000	-0.581242	0.198663	1.747648	
1	0.000000	-0.581242	0.198663	1.747648	
1	-0.048828	-0.566217	0.241739	1.730980	
1	-0.048828	-0.566217	0.241739	1.730980	
2	0.335031	2.880859	1.094445	1.726872	
2	0.335031	2.880859	1.094445	1.726872	
2	0.341797	2.878285	1.093084	1.726983	
2	0.341797	2.878285	1.093084	1.726983	
2	0.292969	2.894778	1.102897	1.726196	
2	0.292969	2.894778	1.102897	1.726196	
2	0.244141	2.911132	1.112733	1.725365	
2	0.244141	2.911132	1.112733	1.725365	
2	0.195312	2.928007	1.122555	1.724391	
2	0.195312	2.928007	1.122555	1.724391	
2	0.190403	2.929688	1.123538	1.724282	
2	0.190403	2.929688	1.123538	1.724282	
2	0.146484	2.942395	1.132224	1.723190	
2	0.146484	2.942395	1.132224	1.723190	
2	0.097656	2.957065	1.141707	1.721681	
2	0.097656	2.957065	1.141707	1.721681	
2	0.048828	2.972719	1.150936	1.719792	
2	0.048828	2.972719	1.150936	1.719792	
2	0.031028	2.978516	1.154214	1.718997	
2	0.031028	2.978516	1.154214	1.718997	
2	0.000000	2.987125	1.159717	1.717485	
2	0.000000	2.987125	1.159717	1.717485	
2	-0.048828	3.001548	1.167971	1.714718	
2	-0.048828	3.001548	1.167971	1.714718	
2	-0.097656	3.018030	1.175703	1.711419	
2	-0.097656	3.018030	1.175703	1.711419	
2	-0.123088	3.027344	1.179490	1.709469	
2	-0.123088	3.027344	1.179490	1.709469	
2	-0.146484	3.035050	1.182722	1.707579	
2	-0.146484	3.035050	1.182722	1.707579	
2	-0.195312	3.053338	1.188963	1.703147	
2	-0.195312	3.053338	1.188963	1.703147	
2	-0.241168	3.076172	1.194365	1.698055	
2	-0.241168	3.076172	1.194365	1.698055	
2	-0.244141	3.077617	1.194681	1.697704	
2	-0.244141	3.077617	1.194681	1.697704	
2	-0.292969	3.105386	1.199572	1.691083	
2	-0.292969	3.105386	1.199572	1.691083	
2	-0.317213	3.125000	1.201975	1.686590	
2	-0.317213	3.125000	1.201975	1.686590	
2	-0.341797	3.148462	1.204281	1.680843	
2	-0.341797	3.148462	1.204281	1.680843	
2	-0.361559	3.173828	1.206195	1.674157	
2	-0.361559	3.173828	1.206195	1.674157	
2	-0.387851	3.222656	1.208654	1.658824	
2	-0.387851	3.222656	1.208654	1.658824	
2	-0.390625	3.229288	1.208873	1.656427	
2	-0.390625	3.229288	1.208873	1.656427	
2	-0.405566	3.271484	1.209577	1.639128	
2	-0.405566	3.271484	1.209577	1.639128	
2	-0.415698	3.320312	1.208727	1.614200	
2	-0.415698	3.320312	1.208727	1.614200	
2	-0.419773	3.369141	1.205715	1.583364	
2	-0.419773	3.369141	1.205715	1.583364	
2	-0.418175	3.417969	1.200092	1.546360	
2	-0.418175	3.417969	1.200092	1.546360	
2	-0.410301	3.466797	1.191451	1.503490	
2	-0.410301	3.466797	1.191451	1.503490	
2	-0.394918	3.515625	1.179546	1.455843	
2	-0.394918	3.515625	1.179546	1.455843	
2	-0.390625	3.524828	1.176905	1.446371	
2	-0.390625	3.524828	1.176905	1.446371	
2	-0.371662	3.564453	1.164571	1.405852	
2	-0.371662	3.564453	1.164571	1.405852	
2	-0.341797	3.609060	1.148703	1.360667	
2	-0.341797	3.609060	1.148703	1.360667	
2	-0.338366	3.613281	1.147107	1.356477	
2	-0.338366	3.613281	1.147107	1.356477	
2	-0.293713	3.662109	1.128290	1.311321	
2	-0.293713	3.662109	1.128290	1.311321	
2	-0.292969	3.662997	1.127966	1.310609	
2	-0.292969	3.662997	1.127966	1.310609	
2	-0.244141	3.705164	1.111807	1.277782	
2	-0.244141	3.705164	1.111807	1.277782	
2	-0.233906	3.710938	1.109340	1.273245	
2	-0.233906	3.710938	1.109340	1.273245	
2	-0.195312	3.740532	1.099172	1.255984	
2	-0.195312	3.740532	1.099172	1.255984	
2	-0.153971	3.759766	1.091733	1.244987	
2	-0.153971	3.759766	1.091733	1.244987	
2	-0.146484	3.765762	1.090156	1.242871	
2	-0.146484	3.765762	1.090156	1.242871	
2	-0.097656	3.789777	1.082926	1.234368	
2	-0.097656	3.789777	1.082926	1.234368	
2	-0.048828	3.802028	1.078055	1.230106	
2	-0.048828	3.802028	1.078055	1.230106	
2	0.000000	3.806203	1.074332	1.228126	
2	0.000000	3.806203	1.074332	1.228126	
2	0.048828	3.803411	1.071122	1.227693	
2	0.048828	3.803411	1.071122	1.227693	
2	0.097656	3.792974	1.067937	1.228561	
2	0.097656	3.792974	1.067937	1.228561	
2	0.146484	3.772067	1.064179	1.230977	
2	0.146484	3.772067	1.064179	1.230977	
2	0.164670	3.759766	1.062416	1.232554	
2	0.164670	3.759766	1.062416	1.232554	
2	0.195312	3.747828	1.059834	1.235347	
2	0.195312	3.747828	1.059834	1.235347	
2	0.244141	3.719287	1.054792	1.242185	
2	0.244141	3.719287	1.054792	1.242185	
2	0.254839	3.710938	1.053452	1.244294	
2	0.254839	3.710938	1.053452	1.244294	
2	0.292969	3.690353	1.049427	1.251387	
2	0.292969	3.690353	1.049427	1.251387	
2	0.331213	3.662109	1.044529	1.261489	
2	0.331213	3.662109	1.044529	1.261489	
2	0.341797	3.656026	1.043353	1.264174	
2	0.341797	3.656026	1.043353	1.264174	
2	0.390625	3.621391	1.037245	1.279838	
2	0.390625	3.621391	1.037245	1.279838	
2	0.400180	3.613281	1.035912	1.283671	
2	0.400180	3.613281	1.035912	1.283671	
2	0.439453	3.585346	1.031185	1.298663	
2	0.439453	3.585346	1.031185	1.298663	
2	0.464244	3.564453	1.027953	1.310328	
2	0.464244	3.564453	1.027953	1.310328	
2	0.488281	3.546294	1.025194	1.321391	
2	0.488281	3.546294	1.025194	1.321391	
2	0.524352	3.515625	1.020961	1.340767	
2	0.524352	3.515625	1.020961	1.340767	
2	0.537109	3.505335	1.019621	1.347644	
2	0.537109	3.505335	1.019621	1.347644	
2	0.581844	3.466797	1.015118	1.374240	
2	0.581844	3.466797	1.015118	1.374240	
2	0.585938	3.463288	1.014745	1.376742	
2	0.585938	3.463288	1.014745	1.376742	
2	0.634766	3.421257	1.010763	1.407451	
2	0.634766	3.421257	1.010763	1.407451	
2	0.638597	3.417969	1.010488	1.409902	
2	0.638597	3.417969	1.010488	1.409902	
2	0.683594	3.379542	1.007663	1.438832	
2	0.683594	3.379542	1.007663	1.438832	
2	0.696206	3.369141	1.007009	1.446735	
2	0.696206	3.369141	1.007009	1.446735	
2	0.732422	3.338608	1.005332	1.469857	
2	0.732422	3.338608	1.005332	1.469857	
2	0.755808	3.320312	1.004468	1.483694	
2	0.755808	3.320312	1.004468	1.483694	
2	0.781250	3.299477	1.003588	1.499250	
2	0.781250	3.299477	1.003588	1.499250	
2	0.819364	3.271484	1.002508	1.519960	
2	0.819364	3.271484	1.002508	1.519960	
2	0.830078	3.263051	1.002196	1.526086	
2	0.830078	3.263051	1.002196	1.526086	
2	0.878906	3.229426	1.000921	1.550293	
2	0.878906	3.229426	1.000921	1.550293	
2	0.889879	3.222656	1.000647	1.555128	
2	0.889879	3.222656	1.000647	1.555128	
2	0.927734	3.197644	0.999549	1.572669	
2	0.927734	3.197644	0.999549	1.572669	
2	0.968656	3.173828	0.998291	1.589318	
2	0.968656	3.173828	0.998291	1.589318	
2	0.976562	3.168720	0.997992	1.592820	
2	0.976562	3.168720	0.997992	1.592820	
2	1.025391	3.140478	0.996047	1.612337	
2	1.025391	3.140478	0.996047	1.612337	
2	1.054789	3.125000	0.994728	1.623182	
2	1.054789	3.125000	0.994728	1.623182	
2	1.074219	3.113363	0.993636	1.631148	
2	1.074219	3.113363	0.993636	1.631148	
2	1.123047	3.086416	0.990591	1.649966	
2	1.123047	3.086416	0.990591	1.649966	
2	1.142542	3.076172	0.989220	1.657267	
2	1.142542	3.076172	0.989220	1.657267	
2	1.171875	3.057973	0.986613	1.669769	
2	1.171875	3.057973	0.986613	1.669769	
2	1.220703	3.029269	0.981671	1.689980	
2	1.220703	3.029269	0.981671	1.689980	
2	1.223993	3.027344	0.981303	1.691350	
2	1.223993	3.027344	0.981303	1.691350	
2	1.269531	2.994232	0.974737	1.713549	
2	1.269531	2.994232	0.974737	1.713549	
2	1.291592	2.978516	0.971170	1.724226	
2	1.291592	2.978516	0.971170	1.724226	
2	1.318359	2.952430	0.965257	1.740403	
2	1.318359	2.952430	0.965257	1.740403	
2	1.341942	2.929688	0.959587	1.754510	
2	1.341942	2.929688	0.959587	1.754510	
2	1.367188	2.890181	0.950058	1.775878	
2	1.367188	2.789517	0.929839	1.813716	
2	1.364379	2.783203	0.928882	1.815255	
2	1.364379	2.783203	0.928882	1.815255	
2	1.318359	2.744412	0.927209	1.817889	
2	1.318359	2.744412	0.927209	1.817889	
2	1.302123	2.734375	0.927531	1.817451	
2	1.302123	2.734375	0.927531	1.817451	
2	1.269531	2.721299	0.929780	1.814458	
2	1.269531	2.721299	0.929780	1.814458	
2	1.220703	2.706885	0.934477	1.808588	
2	1.220703	2.706885	0.934477	1.808588	
2	1.171875	2.697036	0.940308	1.801784	
2	1.171875	2.697036	0.940308	1.801784	
2	1.123047	2.691008	0.947013	1.794479	
2	1.123047	2.691008	0.947013	1.794479	
2	1.074219	2.688267	0.954398	1.786990	
2	1.074219	2.688267	0.954398	1.786990	
2	1.025391	2.688415	0.962317	1.779556	
2	1.025391	2.688415	0.962317	1.779556	
2	0.976562	2.691148	0.970654	1.772358	
2	0.976562	2.691148	0.970654	1.772358	
2	0.927734	2.696230	0.979318	1.765536	
2	0.927734	2.696230	0.979318	1.765536	
2	0.878906	2.703477	0.988239	1.759193	
2	0.878906	2.703477	0.988239	1.759193	
2	0.830078	2.712747	0.997359	1.753407	
2	0.830078	2.712747	0.997359	1.753407	
2	0.781250	2.723938	1.006634	1.748229	
2	0.781250	2.723938	1.006634	1.748229	
2	0.742183	2.734375	1.014155	1.744539	
2	0.742183	2.734375	1.014155	1.744539	
2	0.732422	2.737080	1.016038	1.743685	
2	0.732422	2.737080	1.016038	1.743685	
2	0.683594	2.752171	1.025542	1.739784	
2	0.683594	2.752171	1.025542	1.739784	
2	0.634766	2.768555	1.035087	1.736528	
2	0.634766	2.768555	1.035087	1.736528	
2	0.594281	2.783203	1.043035	1.734285	
2	0.594281	2.783203	1.043035	1.734285	
2	0.585938	2.786162	1.044669	1.733873	
2	0.585938	2.786162	1.044669	1.733873	
2	0.537109	2.804305	1.054266	1.731763	
2	0.537109	2.804305	1.054266	1.731763	
2	0.488281	2.823111	1.063903	1.730114	
2	0.488281	2.823111	1.063903	1.730114	
2	0.465894	2.832031	1.068341	1.729487	
2	0.465894	2.832031	1.068341	1.729487	
2	0.439453	2.841708	1.073574	1.728837	
2	0.439453	2.841708	1.073574	1.728837	
2	0.390625	2.859802	1.083293	1.727828	
2	0.390625	2.859802	1.083293	1.727828	
3	-0.419722	-0.488281	0.730862	1.934644	
4	-0.390625	-0.510727	0.690440	1.966330	
4	-0.390625	-0.510727	0.690440	1.966330	
4	-0.419722	-0.488281	0.730862	1.934644	
4	-0.439453	-0.472793	0.757963	1.912336	
4	-0.439453	-0.472793	0.757963	1.912336	
4	-0.478579	-0.439453	0.812079	1.865066	
4	-0.478579	-0.439453	0.812079	1.865066	
4	-0.488281	-0.430758	0.825455	1.852790	
4	-0.488281	-0.430758	0.825455	1.852790	
4	-0.530869	-0.390625	0.883640	1.796422	
4	-0.530869	-0.390625	0.883640	1.796422	
4	-0.537109	-0.384246	0.892224	1.787674	
4	-0.537109	-0.384246	0.892224	1.787674	
4	-0.577941	-0.341797	0.946792	1.729197	
4	-0.577941	-0.341797	0.946792	1.729197	
4	-0.585938	-0.332535	0.957657	1.716924	
4	-0.585938	-0.332535	0.957657	1.716924	
4	-0.620641	-0.292969	1.002442	1.663875	
4	-0.620641	-0.292969	1.002442	1.663875	
4	-0.634766	-0.274638	1.021115	1.640493	
4	-0.634766	-0.274638	1.021115	1.640493	
4	-0.659391	-0.244141	1.051283	1.600962	
4	-0.659391	-0.244141	1.051283	1.600962	
4	-0.683594	-0.209501	1.081748	1.558601	
4	-0.683594	-0.209501	1.081748	1.558601	
4	-0.694282	-0.195312	1.093902	1.540940	
4	-0.694282	-0.195312	1.093902	1.540940	
4	-0.726233	-0.146484	1.131202	1.483662	
4	-0.726233	-0.146484	1.131202	1.483662	
4	-0.732422	-0.135467	1.138742	1.471458	
4	-0.732422	-0.135467	1.138742	1.471458	
4	-0.756241	-0.097656	1.163928	1.428941	
4	-0.756241	-0.097656	1.163928	1.428941	
4	-0.781250	-0.050642	1.190995	1.379803	
4	-0.781250	-0.050642	1.190995	1.379803	
4	-0.782355	-0.048828	1.192008	1.377885	
4	-0.782355	-0.048828	1.192008	1.377885	
4	-0.808089	0.000000	1.216696	1.329081	
4	-0.808089	0.000000	1.216696	1.329081	
4	-0.829874	0.048828	1.237660	1.284025	
4	-0.829874	0.048828	1.237660	1.284025	
4	-0.830078	0.049371	1.237872	1.283549	
4	-0.830078	0.049371	1.237872	1.283549	
4	-0.851748	0.097656	1.255928	1.241306	
4	-0.851748	0.097656	1.255928	1.241306	
4	-0.870496	0.146484	1.271367	1.201969	
4	-0.870496	0.146484	1.271367	1.201969	
4	-0.878906	0.172302	1.278504	1.182528	
4	-0.878906	0.172302	1.278504	1.182528	
4	-0.888024	0.195312	1.284519	1.165401	
4	-0.888024	0.195312	1.284519	1.165401	
4	-0.904404	0.244141	1.295638	1.131578	
4	-0.904404	0.244141	1.295638	1.131578	
4	-0.918590	0.292969	1.304907	1.100635	
4	-0.918590	0.292969	1.304907	1.100635	
4	-0.927734	0.329766	1.310820	1.079150	
4	-0.927734	0.329766	1.310820	1.079150	
4	-0.931463	0.341797	1.312608	1.072316	
4	-0.931463	0.341797	1.312608	1.072316	
4	-0.943909	0.390625	1.318962	1.046447	
4	-0.943909	0.390625	1.318962	1.046447	
4	-0.954676	0.439453	1.324107	1.023112	
4	-0.954676	0.439453	1.324107	1.023112	
4	-0.963990	0.488281	1.328219	1.002179	
4	-0.963990	0.488281	1.328219	1.002179	
4	-0.972030	0.537109	1.331451	0.983536	
4	-0.972030	0.537109	1.331451	0.983536	
4	-0.976562	0.570616	1.333228	0.972031	
4	-0.976562	0.570616	1.333228	0.972031	
4	-0.979260	0.585938	1.333939	0.967069	
4	-0.979260	0.585938	1.333939	0.967069	
4	-0.985889	0.634766	1.335800	0.952695	
4	-0.985889	0.634766	1.335800	0.952695	
4	-0.991387	0.683594	1.337138	0.940355	
4	-0.991387	0.683594	1.337138	0.940355	
4	-0.995851	0.732422	1.338051	0.929958	
4	-0.995851	0.732422	1.338051	0.929958	
4	-0.999357	0.781250	1.338626	0.921419	
4	-0.999357	0.781250	1.338626	0.921419	
4	-1.001967	0.830078	1.338942	0.914657	
4	-1.001967	0.830078	1.338942	0.914657	
4	-1.003728	0.878906	1.339068	0.909597	
4	-1.003728	0.878906	1.339068	0.909597	
4	-1.004665	0.927734	1.339068	0.906163	
4	-1.004665	0.927734	1.339068	0.906163	
4	-1.004700	0.976562	1.338998	0.904284	
4	-1.004700	0.976562	1.338998	0.904284	
4	-1.025391	1.014867	1.338740	0.903893	
4	-1.005744	1.025391	1.338909	0.903893	
4	-0.976562	1.014120	1.338605	0.903809	
4	-0.976562	1.014120	1.338605	0.903809	
4	-0.927734	1.012648	1.336423	0.903777	
4	-0.927734	1.012648	1.336423	0.903777	
4	-0.878906	1.010185	1.332119	0.903846	
4	-0.878906	1.010185	1.332119	0.903846	
4	-0.830078	1.006758	1.325616	0.904073	
4	-0.830078	1.006758	1.325616	0.904073	
4	-0.781250	1.002353	1.316831	0.904518	
4	-0.781250	1.002353	1.316831	0.904518	
4	-0.732422	0.996943	1.305679	0.905250	
4	-0.732422	0.996943	1.305679	0.905250	
4	-0.683594	0.990483	1.292067	0.906346	
4	-0.683594	0.990483	1.292067	0.906346	
4	-0.634766	0.982912	1.275901	0.907890	
4	-0.634766	0.982912	1.275901	0.907890	
4	-0.600868	0.976562	1.263103	0.909277	
4	-0.600868	0.976562	1.263103	0.909277	
4	-0.585938	0.974443	1.257089	0.909976	
4	-0.585938	0.974443	1.257089	0.909976	
4	-0.537109	0.965670	1.235574	0.912701	
4	-0.537109	0.965670	1.235574	0.912701	
4	-0.488281	0.955755	1.211226	0.916183	
4	-0.488281	0.955755	1.211226	0.916183	
4	-0.439453	0.944579	1.183934	0.920550	
4	-0.439453	0.944579	1.183934	0.920550	
4	-0.390625	0.931993	1.153575	0.925947	
4	-0.390625	0.931993	1.153575	0.925947	
4	-0.376738	0.927734	1.144312	0.927702	
4	-0.376738	0.927734	1.144312	0.927702	
4	-0.341797	0.919208	1.120202	0.932500	
4	-0.341797	0.919208	1.120202	0.932500	
4	-0.292969	0.905591	1.083697	0.940375	
4	-0.292969	0.905591	1.083697	0.940375	
4	-0.244141	0.890362	1.043863	0.949781	
4	-0.244141	0.890362	1.043863	0.949781	
4	-0.211902	0.878906	1.015581	0.956959	
4	-0.211902	0.878906	1.015581	0.956959	
4	-0.195312	0.874117	1.000741	0.960888	
4	-0.195312	0.874117	1.000741	0.960888	
4	-0.146484	0.857863	0.954574	0.973822	
4	-0.146484	0.857863	0.954574	0.973822	
4	-0.097656	0.839682	0.904920	0.988914	
4	-0.097656	0.839682	0.904920	0.988914	
4	-0.074873	0.830078	0.880399	0.996814	
4	-0.074873	0.830078	0.880399	0.996814	
4	-0.048828	0.820941	0.852191	1.006268	
4	-0.048828	0.820941	0.852191	1.006268	
4	0.000000	0.801611	0.796540	1.026063	
4	0.000000	0.801611	0.796540	1.026063	
4	0.045854	0.781250	0.741116	1.047292	
4	0.045854	0.781250	0.741116	1.047292	
4	0.048828	0.780127	0.737530	1.048718	
4	0.048828	0.780127	0.737530	1.048718	
4	0.097656	0.759515	0.676641	1.073914	
4	0.097656	0.759515	0.676641	1.073914	
4	0.146484	0.736383	0.612708	1.102394	
4	0.146484	0.736383	0.612708	1.102394	
4	0.154162	0.732422	0.602342	1.107211	
4	0.154162	0.732422	0.602342	1.107211	
4	0.195312	0.713654	0.547511	1.133632	
4	0.195312	0.713654	0.547511	1.133632	
4	0.244141	0.688799	0.480195	1.168290	
4	0.244141	0.688799	0.480195	1.168290	
4	0.253700	0.683594	0.466748	1.175516	
4	0.253700	0.683594	0.466748	1.175516	
4	0.292969	0.664016	0.412516	1.205710	
4	0.292969	0.664016	0.412516	1.205710	
4	0.341797	0.637043	0.343701	1.246543	
4	0.341797	0.637043	0.343701	1.246543	
4	0.345763	0.634766	0.338085	1.250005	
4	0.345763	0.634766	0.338085	1.250005	
4	0.390625	0.610228	0.275855	1.289727	
4	0.390625	0.610228	0.275855	1.289727	
4	0.431306	0.585938	0.219186	1.328178	
4	0.431306	0.585938	0.219186	1.328178	
4	0.439453	0.581159	0.208058	1.335997	
4	0.439453	0.581159	0.208058	1.335997	
4	0.488281	0.551499	0.142075	1.384282	
4	0.488281	0.551499	0.142075	1.384282	
4	0.510936	0.537109	0.111968	1.407465	
4	0.510936	0.537109	0.111968	1.407465	
4	0.537109	0.520068	0.077754	1.434751	
4	0.537109	0.520068	0.077754	1.434751	
4	0.583736	0.488281	0.018377	1.484663	
4	0.583736	0.488281	0.018377	1.484663	
4	0.585938	0.486691	0.015601	1.487082	
4	0.585938	0.486691	0.015601	1.487082	
4	0.634766	0.451830	-0.043474	1.540504	
4	0.634766	0.451830	-0.043474	1.540504	
4	0.651987	0.439453	-0.063299	1.559331	
4	0.651987	0.439453	-0.063299	1.559331	
4	0.683594	0.414469	-0.099580	1.595088	
4	0.683594	0.414469	-0.099580	1.595088	
4	0.714052	0.390625	-0.132388	1.629012	
4	0.714052	0.390625	-0.132388	1.629012	
4	0.732422	0.374338	-0.152323	1.650444	
4	0.732422	0.374338	-0.152323	1.650444	
4	0.770371	0.341797	-0.190335	1.693246	
4	0.770371	0.341797	-0.190335	1.693246	
4	0.781250	0.330941	-0.201438	1.706280	
4	0.781250	0.330941	-0.201438	1.706280	
4	0.821569	0.292969	-0.238707	1.752066	
4	0.821569	0.292969	-0.238707	1.752066	
4	0.830078	0.283411	-0.246810	1.762485	
4	0.830078	0.283411	-0.246810	1.762485	
4	0.868040	0.244141	-0.278852	1.805612	
4	0.868040	0.244141	-0.278852	1.805612	
4	0.878906	0.230444	-0.288386	1.819118	
4	0.878906	0.230444	-0.288386	1.819118	
4	0.909911	0.195312	-0.311919	1.854065	
4	0.909911	0.195312	-0.311919	1.854065	
4	0.927734	0.170265	-0.326035	1.876323	
4	0.927734	0.170265	-0.326035	1.876323	
4	0.947013	0.146484	-0.338890	1.897626	
4	0.947013	0.146484	-0.338890	1.897626	
4	0.976562	0.100673	-0.359345	1.934098	
4	0.976562	0.100673	-0.359345	1.934098	
4	0.978833	0.097656	-0.360628	1.936513	
4	0.978833	0.097656	-0.360628	1.936513	
4	1.008564	0.048828	-0.378402	1.972034	
4	1.008564	0.048828	-0.378402	1.972034	
4	1.025391	0.013101	-0.388799	1.995126	
4	1.025391	0.013101	-0.388799	1.995126	
4	1.032887	0.000000	-0.392351	2.003559	
4	1.032887	0.000000	-0.392351	2.003559	
4	1.054627	-0.048828	-0.403326	2.032095	
4	1.054627	-0.048828	-0.403326	2.032095	
4	1.071072	-0.097656	-0.411587	2.057447	
4	1.071072	-0.097656	-0.411587	2.057447	
4	1.074219	-0.110651	-0.413378	2.063676	
4	1.074219	-0.110651	-0.413378	2.063676	
4	1.085415	-0.146484	-0.417669	2.080392	
4	1.085415	-0.146484	-0.417669	2.080392	
4	1.095812	-0.195312	-0.421791	2.100914	
4	1.095812	-0.195312	-0.421791	2.100914	
4	1.101875	-0.244141	-0.424219	2.119279	
4	1.101875	-0.244141	-0.424219	2.119279	
4	1.103637	-0.292969	-0.425161	2.135770	
4	1.103637	-0.292969	-0.425161	2.135770	
4	1.100706	-0.341797	-0.424758	2.150645	
4	1.100706	-0.341797	-0.424758	2.150645	
4	1.092073	-0.390625	-0.423082	2.164194	
4	1.092073	-0.390625	-0.423082	2.164194	
4	1.075670	-0.439453	-0.420073	2.176827	
4	1.075670	-0.439453	-0.420073	2.176827	
4	1.074219	-0.442515	-0.419832	2.177609	
4	1.074219	-0.442515	-0.419832	2.177609	
4	1.053433	-0.488281	-0.415586	2.188718	
4	1.053433	-0.488281	-0.415586	2.188718	
4	1.025391	-0.527479	-0.410402	2.198444	
4	1.025391	-0.527479	-0.410402	2.198444	
4	1.018451	-0.537109	-0.408937	2.200750	
4	1.018451	-0.537109	-0.408937	2.200750	
4	0.976562	-0.579608	-0.400475	2.211778	
4	0.976562	-0.579608	-0.400475	2.211778	
4	0.969917	-0.585938	-0.398991	2.213416	
4	0.969917	-0.585938	-0.398991	2.213416	
4	0.927734	-0.617873	-0.389491	2.222546	
4	0.927734	-0.617873	-0.389491	2.222546	
4	0.902252	-0.634766	-0.383185	2.227639	
4	0.902252	-0.634766	-0.383185	2.227639	
4	0.878906	-0.647821	-0.377170	2.231978	
4	0.878906	-0.647821	-0.377170	2.231978	
4	0.830078	-0.672113	-0.363304	2.240541	
4	0.830078	-0.672113	-0.363304	2.240541	
4	0.803381	-0.683594	-0.355007	2.244929	
4	0.803381	-0.683594	-0.355007	2.244929	
4	0.781250	-0.692173	-0.347743	2.248416	
4	0.781250	-0.692173	-0.347743	2.248416	
4	0.732422	-0.709144	-0.330330	2.255673	
4	0.732422	-0.709144	-0.330330	2.255673	
4	0.683594	-0.722781	-0.311066	2.262267	
4	0.683594	-0.722781	-0.311066	2.262267	
4	0.640907	-0.732422	-0.292612	2.267467	
4	0.640907	-0.732422	-0.292612	2.267467	
4	0.634766	-0.733761	-0.289817	2.268173	
4	0.634766	-0.733761	-0.289817	2.268173	
4	0.585938	-0.743260	-0.266408	2.273339	
4	0.585938	-0.743260	-0.266408	2.273339	
4	0.537109	-0.750436	-0.240880	2.277642	
4	0.537109	-0.750436	-0.240880	2.277642	
4	0.488281	-0.755505	-0.213149	2.280980	
4	0.488281	-0.755505	-0.213149	2.280980	
4	0.439453	-0.758623	-0.183143	2.283232	
4	0.439453	-0.758623	-0.183143	2.283232	
4	0.390625	-0.759890	-0.150797	2.284261	
4	0.390625	-0.759890	-0.150797	2.284261	
4	0.341797	-0.759363	-0.116057	2.283913	
4	0.341797	-0.759363	-0.116057	2.283913	
4	0.292969	-0.757047	-0.078875	2.282023	
4	0.292969	-0.757047	-0.078875	2.282023	
4	0.244141	-0.752903	-0.039208	2.278409	
4	0.244141	-0.752903	-0.039208	2.278409	
4	0.195312	-0.746835	0.002991	2.272872	
4	0.195312	-0.746835	0.002991	2.272872	
4	0.146484	-0.738691	0.047779	2.265191	
4	0.146484	-0.738691	0.047779	2.265191	
4	0.117515	-0.732422	0.075682	2.259503	
4	0.117515	-0.732422	0.075682	2.259503	
4	0.097656	-0.728904	0.095093	2.255148	
4	0.097656	-0.728904	0.095093	2.255148	
4	0.048828	-0.717961	0.144745	2.242549	
4	0.048828	-0.717961	0.144745	2.242549	
4	0.000000	-0.704574	0.196977	2.227077	
4	0.000000	-0.704574	0.196977	2.227077	
4	-0.048828	-0.688329	0.251923	2.208379	
4	-0.048828	-0.688329	0.251923	2.208379	
4	-0.060808	-0.683594	0.265938	2.203214	
4	-0.060808	-0.683594	0.265938	2.203214	
4	-0.097656	-0.671024	0.308816	2.186413	
4	-0.097656	-0.671024	0.308816	2.186413	
4	-0.146484	-0.651091	0.368052	2.160708	
4	-0.146484	-0.651091	0.368052	2.160708	
4	-0.180269	-0.634766	0.410821	2.140324	
4	-0.180269	-0.634766	0.410821	2.140324	
4	-0.195312	-0.628237	0.429600	2.130883	
4	-0.195312	-0.628237	0.429600	2.130883	
4	-0.244141	-0.603600	0.492581	2.096980	
4	-0.244141	-0.603600	0.492581	2.096980	
4	-0.274166	-0.585938	0.532784	2.073487	
4	-0.274166	-0.585938	0.532784	2.073487	
4	-0.292969	-0.575545	0.557509	2.058298	
4	-0.292969	-0.575545	0.557509	2.058298	
4	-0.341797	-0.544576	0.623664	2.014772	
4	-0.341797	-0.544576	0.623664	2.014772	
4	-0.352433	-0.537109	0.638401	2.004483	
4	-0.352433	-0.537109	0.638401	2.004483	
5	0.683594	2.601377	1.073506	1.563573	
5	0.683594	2.601377	1.073506	1.563573	
5	0.718732	2.587891	1.056584	1.570695	
5	0.718732	2.587891	1.056584	1.570695	
5	0.732422	2.582600	1.049932	1.573614	
5	0.732422	2.582600	1.049932	1.573614	
5	0.781250	2.564859	1.026169	1.584592	
5	0.781250	2.564859	1.026169	1.584592	
5	0.830078	2.548519	1.002304	1.596479	
5	0.830078	2.548519	1.002304	1.596479	
5	0.860651	2.539062	0.987334	1.604369	
5	0.860651	2.539062	0.987334	1.604369	
5	0.878906	2.533465	0.978336	1.609270	
5	0.878906	2.533465	0.978336	1.609270	
5	0.927734	2.519721	0.954299	1.622934	
5	0.927734	2.519721	0.954299	1.622934	
5	0.976562	2.507296	0.930228	1.637425	
5	0.976562	2.507296	0.930228	1.637425	
5	1.025391	2.496104	0.906136	1.652702	
5	1.025391	2.496104	0.906136	1.652702	
5	1.053896	2.490234	0.892106	1.661940	
5	1.053896	2.490234	0.892106	1.661940	
5	1.074219	2.486101	0.882053	1.668708	
5	1.074219	2.486101	0.882053	1.668708	
5	1.123047	2.477273	0.858021	1.685374	
5	1.123047	2.477273	0.858021	1.685374	
5	1.171875	2.469523	0.834063	1.702640	
5	1.171875	2.469523	0.834063	1.702640	
5	1.220703	2.462804	0.810225	1.720431	
5	1.220703	2.462804	0.810225	1.720431	
5	1.269531	2.457096	0.786570	1.738658	
5	1.269531	2.457096	0.786570	1.738658	
5	1.318359	2.452409	0.763186	1.757219	
5	1.318359	2.452409	0.763186	1.757219	
5	1.367188	2.448795	0.740189	1.775990	
5	1.367188	2.448795	0.740189	1.775990	
5	1.416016	2.446358	0.717727	1.794827	
5	1.416016	2.446358	0.717727	1.794827	
5	1.464844	2.445263	0.695985	1.813554	
5	1.464844	2.445263	0.695985	1.813554	
5	1.513672	2.445753	0.675190	1.831966	
5	1.513672	2.445753	0.675190	1.831966	
5	1.562500	2.448181	0.655613	1.849810	
5	1.562500	2.448181	0.655613	1.849810	
5	1.611328	2.453037	0.637578	1.866778	
5	1.611328	2.453037	0.637578	1.866778	
5	1.660156	2.461024	0.621477	1.882470	
5	1.660156	2.461024	0.621477	1.882470	
5	1.708984	2.473149	0.607801	1.896345	
5	1.708984	2.473149	0.607801	1.896345	
5	1.756128	2.490234	0.597520	1.907261	
5	1.756128	2.490234	0.597520	1.907261	
5	1.757812	2.490945	0.597208	1.907602	
5	1.757812	2.490945	0.597208	1.907602	
5	1.806641	2.517954	0.591073	1.914469	
5	1.806641	2.517954	0.591073	1.914469	
5	1.834406	2.539062	0.590195	1.915491	
5	1.834406	2.539062	0.590195	1.915491	
5	1.855469	2.560063	0.591619	1.913726	
5	1.855469	2.560063	0.591619	1.913726	
5	1.877540	2.587891	0.595516	1.908735	
5	1.877540	2.587891	0.595516	1.908735	
5	1.902609	2.636719	0.606753	1.893655	
5	1.902609	2.636719	0.606753	1.893655	
5	1.904297	2.642496	0.608469	1.891289	
5	1.904297	2.642496	0.608469	1.891289	
5	1.915195	2.685547	0.621892	1.872364	
5	1.915195	2.685547	0.621892	1.872364	
5	1.918338	2.734375	0.639998	1.845973	
5	1.918338	2.734375	0.639998	1.845973	
5	1.913208	2.783203	0.660770	1.814886	
5	1.913208	2.783203	0.660770	1.814886	
5	1.904297	2.816246	0.676553	1.790861	
5	1.904297	2.816246	0.676553	1.790861	
5	1.900139	2.832031	0.684145	1.779206	
5	1.900139	2.832031	0.684145	1.779206	
5	1.878824	2.880859	0.710195	1.738828	
5	1.878824	2.880859	0.710195	1.738828	
5	1.855469	2.919211	0.732682	1.703537	
5	1.855469	2.919211	0.732682	1.703537	
5	1.848943	2.929688	0.738885	1.693732	
5	1.848943	2.929688	0.738885	1.693732	
5	1.809127	2.978516	0.770271	1.643605	
5	1.809127	2.978516	0.770271	1.643605	
5	1.806641	2.981008	0.771985	1.640840	
5	1.806641	2.981008	0.771985	1.640840	
5	1.757812	3.027263	0.804110	1.588345	
5	1.757812	3.027263	0.804110	1.588345	
5	1.757722	3.027344	0.804167	1.588251	
5	1.757722	3.027344	0.804167	1.588251	
5	1.708984	3.064423	0.831441	1.542413	
5	1.708984	3.064423	0.831441	1.542413	
5	1.692437	3.076172	0.840093	1.527556	
5	1.692437	3.076172	0.840093	1.527556	
5	1.660156	3.096689	0.855597	1.500465	
5	1.660156	3.096689	0.855597	1.500465	
5	1.612335	3.125000	0.876725	1.462378	
5	1.612335	3.125000	0.876725	1.462378	
5	1.611328	3.125557	0.877141	1.461611	
5	1.611328	3.125557	0.877141	1.461611	
5	1.562500	3.151068	0.896141	1.425886	
5	1.562500	3.151068	0.896141	1.425886	
5	1.516343	3.173828	0.912469	1.393802	
5	1.516343	3.173828	0.912469	1.393802	
5	1.513672	3.175101	0.913366	1.391998	
5	1.513672	3.175101	0.913366	1.391998	
5	1.464844	3.197513	0.928853	1.360024	
5	1.464844	3.197513	0.928853	1.360024	
5	1.416016	3.219090	0.942971	1.329380	
5	1.416016	3.219090	0.942971	1.329380	
5	1.407861	3.222656	0.945216	1.324358	
5	1.407861	3.222656	0.945216	1.324358	
5	1.367188	3.240227	0.955946	1.299740	
5	1.367188	3.240227	0.955946	1.299740	
5	1.318359	3.260973	0.967898	1.271008	
5	1.318359	3.260973	0.967898	1.271008	
5	1.293728	3.271484	0.973630	1.256702	
5	1.293728	3.271484	0.973630	1.256702	
5	1.269531	3.281905	0.979101	1.242714	
5	1.269531	3.281905	0.979101	1.242714	
5	1.220703	3.303060	0.989666	1.214764	
5	1.220703	3.303060	0.989666	1.214764	
5	1.181258	3.320312	0.997812	1.192389	
5	1.181258	3.320312	0.997812	1.192389	
5	1.171875	3.324527	0.999728	1.187026	
5	1.171875	3.324527	0.999728	1.187026	
5	1.123047	3.347050	1.009581	1.158916	
5	1.123047	3.347050	1.009581	1.158916	
5	1.075398	3.369141	1.018878	1.131722	
5	1.075398	3.369141	1.018878	1.131722	
5	1.074219	3.369710	1.019110	1.131036	
5	1.074219	3.369710	1.019110	1.131036	
5	1.025391	3.394243	1.028852	1.102135	
5	1.025391	3.394243	1.028852	1.102135	
5	0.977917	3.417969	1.038184	1.074415	
5	0.977917	3.417969	1.038184	1.074415	
5	0.976562	3.418682	1.038458	1.073603	
5	0.976562	3.418682	1.038458	1.073603	
5	0.927734	3.445373	1.048607	1.043860	
5	0.927734	3.445373	1.048607	1.043860	
5	0.887900	3.466797	1.056900	1.020146	
5	0.887900	3.466797	1.056900	1.020146	
5	0.878906	3.471933	1.058862	1.014638	
5	0.878906	3.471933	1.058862	1.014638	
5	0.830078	3.500245	1.069781	0.984827	
5	0.830078	3.500245	1.069781	0.984827	
5	0.802962	3.515625	1.075909	0.968792	
5	0.802962	3.515625	1.075909	0.968792	
5	0.781250	3.528814	1.081111	0.955602	
5	0.781250	3.528814	1.081111	0.955602	
5	0.732422	3.557550	1.092905	0.927206	
5	0.732422	3.557550	1.092905	0.927206	
5	0.720468	3.564453	1.095830	0.920489	
5	0.720468	3.564453	1.095830	0.920489	
5	0.683594	3.587528	1.105466	0.899291	
5	0.683594	3.587528	1.105466	0.899291	
5	0.638606	3.613281	1.117011	0.875720	
5	0.638606	3.613281	1.117011	0.875720	
5	0.634766	3.615726	1.118074	0.873648	
5	0.634766	3.615726	1.118074	0.873648	
5	0.585938	3.645759	1.131581	0.848718	
5	0.585938	3.645759	1.131581	0.848718	
5	0.556107	3.662109	1.139563	0.835159	
5	0.556107	3.662109	1.139563	0.835159	
5	0.537109	3.673942	1.145051	0.826327	
5	0.537109	3.673942	1.145051	0.826327	
5	0.488281	3.701481	1.158710	0.805997	
5	0.488281	3.701481	1.158710	0.805997	
5	0.469484	3.710938	1.163789	0.799018	
5	0.469484	3.710938	1.163789	0.799018	
5	0.439453	3.728635	1.172528	0.787729	
5	0.439453	3.728635	1.172528	0.787729	
5	0.390625	3.753299	1.185983	0.772043	
5	0.390625	3.753299	1.185983	0.772043	
5	0.376054	3.759766	1.189848	0.767910	
5	0.376054	3.759766	1.189848	0.767910	
5	0.341797	3.778286	1.199564	0.758242	
5	0.341797	3.778286	1.199564	0.758242	
5	0.292969	3.800165	1.212567	0.746880	
5	0.292969	3.800165	1.212567	0.746880	
5	0.270564	3.808594	1.218267	0.742463	
5	0.270564	3.808594	1.218267	0.742463	
5	0.244141	3.821306	1.225362	0.737451	
5	0.244141	3.821306	1.225362	0.737451	
5	0.195312	3.840652	1.237736	0.729988	
5	0.195312	3.840652	1.237736	0.729988	
5	0.146484	3.855624	1.249451	0.724442	
5	0.146484	3.855624	1.249451	0.724442	
5	0.139249	3.857422	1.251139	0.723768	
5	0.139249	3.857422	1.251139	0.723768	
5	0.097656	3.871619	1.261034	0.720472	
5	0.097656	3.871619	1.261034	0.720472	
5	0.048828	3.883962	1.272114	0.718134	
5	0.048828	3.883962	1.272114	0.718134	
5	0.000000	3.892451	1.282861	0.717290	
5	0.000000	3.892451	1.282861	0.717290	
5	-0.048828	3.897480	1.293475	0.717904	
5	-0.048828	3.897480	1.293475	0.717904	
5	-0.097656	3.899183	1.304133	0.720030	
5	-0.097656	3.899183	1.304133	0.720030	
5	-0.146484	3.897415	1.315033	0.723808	
5	-0.146484	3.897415	1.315033	0.723808	
5	-0.195312	3.891675	1.326443	0.729514	
5	-0.195312	3.891675	1.326443	0.729514	
5	-0.244141	3.880950	1.338790	0.737677	
5	-0.244141	3.880950	1.338790	0.737677	
5	-0.292969	3.863386	1.352825	0.749387	
5	-0.292969	3.863386	1.352825	0.749387	
5	-0.304529	3.857422	1.356632	0.752999	
5	-0.304529	3.857422	1.356632	0.752999	
5	-0.341797	3.843078	1.368132	0.765009	
5	-0.341797	3.843078	1.368132	0.765009	
5	-0.390625	3.814847	1.386232	0.787162	
5	-0.390625	3.814847	1.386232	0.787162	
5	-0.398674	3.808594	1.389771	0.791952	
5	-0.398674	3.808594	1.389771	0.791952	
5	-0.439453	3.781921	1.406612	0.816802	
5	-0.439453	3.781921	1.406612	0.816802	
5	-0.464072	3.759766	1.419021	0.837307	
5	-0.464072	3.759766	1.419021	0.837307	
5	-0.488281	3.739285	1.430932	0.858805	
5	-0.488281	3.739285	1.430932	0.858805	
5	-0.514474	3.710938	1.446068	0.888834	
5	-0.514474	3.710938	1.446068	0.888834	
5	-0.537109	3.684845	1.459592	0.918458	
5	-0.537109	3.684845	1.459592	0.918458	
5	-0.554015	3.662109	1.470637	0.944838	
5	-0.554015	3.662109	1.470637	0.944838	
5	-0.584395	3.613281	1.492104	1.002866	
5	-0.584395	3.613281	1.492104	1.002866	
5	-0.585938	3.610093	1.493368	1.006613	
5	-0.585938	3.610093	1.493368	1.006613	
5	-0.608571	3.564453	1.510149	1.060925	
5	-0.608571	3.564453	1.510149	1.060925	
5	-0.625599	3.515625	1.524327	1.116082	
5	-0.625599	3.515625	1.524327	1.116082	
5	-0.634766	3.475043	1.533251	1.158559	
5	-0.634766	3.475043	1.533251	1.158559	
5	-0.637062	3.466797	1.534793	1.166925	
5	-0.637062	3.466797	1.534793	1.166925	
5	-0.644658	3.417969	1.541857	1.212596	
5	-0.644658	3.417969	1.541857	1.212596	
5	-0.647387	3.369141	1.545894	1.252476	
5	-0.647387	3.369141	1.545894	1.252476	
5	-0.645352	3.320312	1.547366	1.286724	
5	-0.645352	3.320312	1.547366	1.286724	
5	-0.637930	3.271484	1.546684	1.315803	
5	-0.637930	3.271484	1.546684	1.315803	
5	-0.634766	3.258522	1.546182	1.322745	
5	-0.634766	3.258522	1.546182	1.322745	
5	-0.625294	3.222656	1.544155	1.340326	
5	-0.625294	3.222656	1.544155	1.340326	
5	-0.604080	3.173828	1.539899	1.361210	
5	-0.604080	3.173828	1.539899	1.361210	
5	-0.585938	3.145900	1.536583	1.372049	
5	-0.585938	3.145900	1.536583	1.372049	
5	-0.569795	3.125000	1.533615	1.379732	
5	-0.569795	3.125000	1.533615	1.379732	
5	-0.537109	3.092991	1.527879	1.391385	
5	-0.537109	3.092991	1.527879	1.391385	
5	-0.515516	3.076172	1.524078	1.397605	
5	-0.515516	3.076172	1.524078	1.397605	
5	-0.488281	3.057835	1.519121	1.404547	
5	-0.488281	3.057835	1.519121	1.404547	
5	-0.439453	3.031878	1.509806	1.415226	
5	-0.439453	3.031878	1.509806	1.415226	
5	-0.429837	3.027344	1.507857	1.417179	
5	-0.429837	3.027344	1.507857	1.417179	
5	-0.390625	3.009302	1.499350	1.424889	
5	-0.390625	3.009302	1.499350	1.424889	
5	-0.341797	2.990444	1.487916	1.433685	
5	-0.341797	2.990444	1.487916	1.433685	
5	-0.306533	2.978516	1.479014	1.439638	
5	-0.306533	2.978516	1.479014	1.439638	
5	-0.292969	2.973737	1.475376	1.441893	
5	-0.292969	2.973737	1.475376	1.441893	
5	-0.244141	2.956724	1.461487	1.449727	
5	-0.244141	2.956724	1.461487	1.449727	
5	-0.195312	2.941465	1.446620	1.457026	
5	-0.195312	2.941465	1.446620	1.457026	
5	-0.154975	2.929688	1.433600	1.462698	
5	-0.154975	2.929688	1.433600	1.462698	
5	-0.146484	2.926962	1.430738	1.463868	
5	-0.146484	2.926962	1.430738	1.463868	
5	-0.097656	2.910782	1.413661	1.470357	
5	-0.097656	2.910782	1.413661	1.470357	
5	-0.048828	2.895464	1.395815	1.476378	
5	-0.048828	2.895464	1.395815	1.476378	
5	-0.000224	2.880859	1.377364	1.481950	
5	-0.000224	2.880859	1.377364	1.481950	
5	0.000000	2.880783	1.377277	1.481976	
5	0.000000	2.880783	1.377277	1.481976	
5	0.048828	2.863405	1.357828	1.487276	
5	0.048828	2.863405	1.357828	1.487276	
5	0.097656	2.846538	1.337911	1.492240	
5	0.097656	2.846538	1.337911	1.492240	
5	0.140322	2.832031	1.320177	1.496366	
5	0.140322	2.832031	1.320177	1.496366	
5	0.146484	2.829666	1.317568	1.496954	
5	0.146484	2.829666	1.317568	1.496954	
5	0.195312	2.810353	1.296675	1.501550	
5	0.195312	2.810353	1.296675	1.501550	
5	0.244141	2.791466	1.275549	1.506072	
5	0.244141	2.791466	1.275549	1.506072	
5	0.265397	2.783203	1.266278	1.508049	
5	0.265397	2.783203	1.266278	1.508049	
5	0.292969	2.771286	1.254089	1.510664	
5	0.292969	2.771286	1.254089	1.510664	
5	0.341797	2.750331	1.232361	1.515436	
5	0.341797	2.750331	1.232361	1.515436	
5	0.379634	2.734375	1.215418	1.519321	
5	0.379634	2.734375	1.215418	1.519321	
5	0.390625	2.729346	1.210438	1.520499	
5	0.390625	2.729346	1.210438	1.520499	
5	0.439453	2.707141	1.188187	1.526007	
5	0.439453	2.707141	1.188187	1.526007	
5	0.488281	2.685728	1.165791	1.532032	
5	0.488281	2.685728	1.165791	1.532032	
5	0.488698	2.685547	1.165599	1.532086	
5	0.488698	2.685547	1.165599	1.532086	
5	0.537109	2.663429	1.143030	1.538741	
5	0.537109	2.663429	1.143030	1.538741	
5	0.585938	2.642206	1.120109	1.546171	
5	0.585938	2.642206	1.120109	1.546171	
5	0.598998	2.636719	1.113951	1.548290	
5	0.598998	2.636719	1.113951	1.548290	
5	0.634766	2.621278	1.096904	1.554438	
5	0.634766	2.621278	1.096904	1.554438	
