#REFERENCE 0 87.3042530 -62.0775650
1 87.3042530 -62.0775650 0.0000 0.0000 38.46 0.00
1 87.304253 -62.077565 0.0000 0.0000 38.46 0.00
1 87.3042530 -62.0775650 0.0000 0.0000 38.46 0.00
1 87.3042530 -62.0775650 1.8554 1.6399 38.46 7.44
2 87.3031155 -62.0767405 0.0000 0.0000 53.40 0.00
2 87.303116 -62.076740 0.0000 0.0000 53.40 0.00
2 87.3031155 -62.0767405 0.0000 0.0000 53.40 0.00
2 87.3031155 -62.0767405 2.2990 0.9986 53.40 4.03
3 87.3042497 -62.0766152 0.0000 0.0000 -14.91 0.00
3 87.304250 -62.076615 0.0000 0.0000 -14.91 0.00
3 87.3042497 -62.0766152 0.0000 0.0000 -14.91 0.00
3 87.3042497 -62.0766152 3.0120 1.0085 -14.91 4.53
4 87.3042530 -62.0775650 0.0000 0.0000 -50.12 0.00
4 87.304253 -62.077565 0.0000 0.0000 -50.12 0.00
4 87.3042530 -62.0775650 0.0000 0.0000 -50.12 0.00
4 87.3042530 -62.0775650 0.0000 0.0000 -50.12 0.00
