#REFERENCE 3 87.3042530 -62.0775650
7.2 0.375 1.944 0.054 0.004 30.94 1.566 4.01 -1.866 4.777 1.47 2.54
7.2 0.375 1.944 0.054 0.004 30.94 1.566 4.01 1.992 1.104 3.97 0.04
7.2 0.375 1.944 0.054 0.004 30.94 1.566 4.01 2.151 0.878 4.01 0.00
7.1 0.359 1.921 0.049 0.010 41.90 1.566 3.16 -1.921 4.709 1.55 1.61
7.1 0.359 1.921 0.049 0.010 41.90 1.566 3.16 2.202 0.686 3.25 -0.10
7.1 0.359 1.921 0.049 0.010 41.90 1.566 3.16 1.888 1.144 3.16 0.00
8.2 1.070 1.413 0.039 0.033 159.22 1.847 1.88 0.380 3.326 1.48 0.40
8.2 1.070 1.413 0.039 0.033 159.22 1.847 1.88 -0.400 4.529 2.16 -0.28
8.2 1.070 1.413 0.039 0.033 159.22 1.847 1.88 0.029 2.113 2.15 -0.27
8.2 1.070 1.413 0.039 0.033 159.22 1.847 1.88 -1.188 2.551 2.44 -0.56
8.2 1.070 1.413 0.039 0.033 159.22 1.847 1.88 1.250 3.484 2.29 -0.41
8.2 1.070 1.413 0.039 0.033 159.22 1.847 1.88 3.409 -1.102 1.04 0.83
8.2 1.070 1.413 0.039 0.033 159.22 1.847 1.88 -1.155 3.778 1.88 -0.00
8.1 1.127 1.397 0.059 0.017 86.72 1.847 2.25 3.482 -1.120 1.02 1.23
8.1 1.127 1.397 0.059 0.017 86.72 1.847 2.25 1.281 3.648 2.21 0.04
8.1 1.127 1.397 0.059 0.017 86.72 1.847 2.25 -1.025 3.720 1.79 0.45
8.1 1.127 1.397 0.059 0.017 86.72 1.847 2.25 -0.931 2.436 2.91 -0.66
8.1 1.127 1.397 0.059 0.017 86.72 1.847 2.25 -0.229 2.199 2.74 -0.49
8.1 1.127 1.397 0.059 0.017 86.72 1.847 2.25 0.162 3.373 1.05 1.20
8.1 1.127 1.397 0.059 0.017 86.72 1.847 2.25 -0.113 4.510 2.25 -0.00
9.2 0.499 1.212 0.049 0.025 4.71 1.970 1.59 0.016 0.267 0.15 1.43
9.2 0.499 1.212 0.049 0.025 4.71 1.970 1.59 2.494 -1.757 1.18 0.41
9.2 0.499 1.212 0.049 0.025 4.71 1.970 1.59 0.430 1.023 1.07 0.51
9.2 0.499 1.212 0.049 0.025 4.71 1.970 1.59 -1.191 -0.845 1.01 0.57
9.2 0.499 1.212 0.049 0.025 4.71 1.970 1.59 -2.343 2.170 1.59 -0.00
9.1 0.465 1.211 0.053 0.031 131.53 1.970 1.20 -2.392 2.171 1.56 -0.37
9.1 0.465 1.211 0.053 0.031 131.53 1.970 1.20 -1.186 -0.899 1.02 0.18
9.1 0.465 1.211 0.053 0.031 131.53 1.970 1.20 0.050 0.285 0.23 0.97
9.1 0.465 1.211 0.053 0.031 131.53 1.970 1.20 0.437 0.971 1.10 0.10
9.1 0.465 1.211 0.053 0.031 131.53 1.970 1.20 2.431 -1.774 1.20 -0.00
1.6 0.628 1.568 0.060 0.034 150.71 3.069 1.23 -2.014 4.780 1.86 -0.63
1.6 0.628 1.568 0.060 0.034 150.71 3.069 1.23 -0.918 -0.857 0.74 0.49
1.6 0.628 1.568 0.060 0.034 150.71 3.069 1.23 -0.131 -0.022 -0.48 1.71
1.6 0.628 1.568 0.060 0.034 150.71 3.069 1.23 0.864 1.671 1.07 0.16
1.6 0.628 1.568 0.060 0.034 150.71 3.069 1.23 3.054 -1.375 1.23 0.00
1.5 0.752 1.355 0.055 0.054 38.53 3.069 0.85 -2.326 2.993 2.14 -1.29
1.5 0.752 1.355 0.055 0.054 38.53 3.069 0.85 -0.177 0.138 -0.32 1.18
1.5 0.752 1.355 0.055 0.054 38.53 3.069 0.85 3.160 -1.738 1.07 -0.22
1.5 0.752 1.355 0.055 0.054 38.53 3.069 0.85 0.507 1.559 1.04 -0.18
1.5 0.752 1.355 0.055 0.054 38.53 3.069 0.85 -1.202 -0.667 0.85 -0.00
1.4 1.089 1.352 0.041 0.013 5.34 3.069 2.67 0.573 3.197 1.29 1.38
1.4 1.089 1.352 0.041 0.013 5.34 3.069 2.67 -0.831 4.831 1.88 0.79
1.4 1.089 1.352 0.041 0.013 5.34 3.069 2.67 1.656 3.570 1.69 0.98
1.4 1.089 1.352 0.041 0.013 5.34 3.069 2.67 0.176 2.009 1.64 1.04
1.4 1.089 1.352 0.041 0.013 5.34 3.069 2.67 3.651 -1.627 0.96 1.71
1.4 1.089 1.352 0.041 0.013 5.34 3.069 2.67 -1.702 3.636 2.42 0.25
1.4 1.089 1.352 0.041 0.013 5.34 3.069 2.67 -1.755 2.938 2.67 0.00
1.3 1.092 1.623 0.084 0.061 131.29 3.069 1.15 -0.715 5.210 1.44 -0.29
1.3 1.092 1.623 0.084 0.061 131.29 3.069 1.15 3.736 -1.095 1.08 0.06
1.3 1.092 1.623 0.084 0.061 131.29 3.069 1.15 2.178 3.598 1.15 -0.00
1.2 0.969 1.351 0.055 0.041 157.08 3.069 1.37 -1.284 4.700 2.12 -0.76
1.2 0.969 1.351 0.055 0.041 157.08 3.069 1.37 -1.976 2.964 2.45 -1.09
1.2 0.969 1.351 0.055 0.041 157.08 3.069 1.37 -1.846 3.857 2.46 -1.09
1.2 0.969 1.351 0.055 0.041 157.08 3.069 1.37 -0.398 0.075 0.27 1.10
1.2 0.969 1.351 0.055 0.041 157.08 3.069 1.37 -1.065 -0.347 1.09 0.27
1.2 0.969 1.351 0.055 0.041 157.08 3.069 1.37 3.482 -1.667 0.99 0.37
1.2 0.969 1.351 0.055 0.041 157.08 3.069 1.37 0.327 1.843 1.37 0.00
1.1 1.095 1.007 0.067 0.011 104.38 3.069 2.67 -1.630 1.637 2.48 0.18
1.1 1.095 1.007 0.067 0.011 104.38 3.069 2.67 -0.276 1.337 2.01 0.66
1.1 1.095 1.007 0.067 0.011 104.38 3.069 2.67 -1.398 0.210 1.97 0.70
1.1 1.095 1.007 0.067 0.011 104.38 3.069 2.67 -0.461 0.502 1.35 1.32
1.1 1.095 1.007 0.067 0.011 104.38 3.069 2.67 3.554 -2.208 0.84 1.82
6.4 0.978 1.260 0.045 0.030 157.92 3.749 1.28 -1.520 4.546 2.87 -1.58
6.4 0.978 1.260 0.045 0.030 157.92 3.749 1.28 -1.790 4.168 2.89 -1.61
6.4 0.978 1.260 0.045 0.030 157.92 3.749 1.28 -2.076 2.710 2.19 -0.91
6.4 0.978 1.260 0.045 0.030 157.92 3.749 1.28 -1.299 -0.342 1.06 0.23
6.4 0.978 1.260 0.045 0.030 157.92 3.749 1.28 -0.331 0.208 0.05 1.23
6.4 0.978 1.260 0.045 0.030 157.92 3.749 1.28 3.525 -1.937 0.94 0.34
6.4 0.978 1.260 0.045 0.030 157.92 3.749 1.28 0.229 1.701 1.28 0.00
6.3 1.100 1.185 0.034 0.018 10.71 3.749 2.22 -1.098 4.616 2.52 -0.30
6.3 1.100 1.185 0.034 0.018 10.71 3.749 2.22 0.538 3.305 1.08 1.13
6.3 1.100 1.185 0.034 0.018 10.71 3.749 2.22 -1.558 4.102 2.37 -0.15
6.3 1.100 1.185 0.034 0.018 10.71 3.749 2.22 -0.459 0.258 0.56 1.65
6.3 1.100 1.185 0.034 0.018 10.71 3.749 2.22 1.427 3.621 1.87 0.35
6.3 1.100 1.185 0.034 0.018 10.71 3.749 2.22 -1.266 -0.104 1.36 0.86
6.3 1.100 1.185 0.034 0.018 10.71 3.749 2.22 3.677 -2.023 0.89 1.33
6.3 1.100 1.185 0.034 0.018 10.71 3.749 2.22 -0.006 1.725 1.55 0.67
6.3 1.100 1.185 0.034 0.018 10.71 3.749 2.22 -1.824 2.379 2.22 0.00
6.2 0.817 1.277 0.056 0.048 34.77 3.749 0.92 -2.340 2.809 2.07 -1.16
6.2 0.817 1.277 0.056 0.048 34.77 3.749 0.92 -0.186 0.230 -0.24 1.16
6.2 0.817 1.277 0.056 0.048 34.77 3.749 0.92 0.378 1.523 1.06 -0.14
6.2 0.817 1.277 0.056 0.048 34.77 3.749 0.92 3.291 -1.963 1.00 -0.08
6.2 0.817 1.277 0.056 0.048 34.77 3.749 0.92 -1.375 -0.584 0.92 0.00
6.1 0.557 1.515 0.052 0.030 143.95 3.749 1.21 -2.334 4.628 2.21 -1.01
6.1 0.557 1.515 0.052 0.030 143.95 3.749 1.21 -1.064 -1.022 0.72 0.49
6.1 0.557 1.515 0.052 0.030 143.95 3.749 1.21 0.814 1.512 0.93 0.27
6.1 0.557 1.515 0.052 0.030 143.95 3.749 1.21 -0.043 0.077 -0.64 1.85
6.1 0.557 1.515 0.052 0.030 143.95 3.749 1.21 2.976 -1.637 1.21 0.00
3.2 0.888 0.856 0.051 0.006 14.26 4.281 3.22 3.294 -2.659 0.84 2.38
3.2 0.888 0.856 0.051 0.006 14.26 4.281 3.22 -2.172 0.924 3.35 -0.13
3.2 0.888 0.856 0.051 0.006 14.26 4.281 3.22 -2.076 0.465 3.22 0.00
3.1 0.900 0.851 0.052 0.002 10.56 4.281 4.34 3.311 -2.662 0.84 3.51
3.1 0.900 0.851 0.052 0.002 10.56 4.281 4.34 -2.095 0.611 4.29 0.05
3.1 0.900 0.851 0.052 0.002 10.56 4.281 4.34 -2.131 0.788 4.34 -0.00
5.2 1.147 1.399 0.051 0.031 153.26 4.500 0.94 -0.594 0.013 1.08 -0.14
5.2 1.147 1.399 0.051 0.031 153.26 4.500 0.94 0.528 3.073 1.26 -0.32
5.2 1.147 1.399 0.051 0.031 153.26 4.500 0.94 -0.809 5.108 1.64 -0.70
5.2 1.147 1.399 0.051 0.031 153.26 4.500 0.94 -0.948 -0.187 1.53 -0.59
5.2 1.147 1.399 0.051 0.031 153.26 4.500 0.94 1.981 3.751 1.24 -0.30
5.2 1.147 1.399 0.051 0.031 153.26 4.500 0.94 0.257 2.180 1.73 -0.79
5.2 1.147 1.399 0.051 0.031 153.26 4.500 0.94 3.856 -1.719 0.94 0.00
5.1 1.304 1.327 0.036 0.022 48.91 4.500 1.52 -0.221 5.039 1.87 -0.35
5.1 1.304 1.327 0.036 0.022 48.91 4.500 1.52 4.044 -1.802 0.88 0.64
5.1 1.304 1.327 0.036 0.022 48.91 4.500 1.52 0.154 3.218 0.68 0.84
5.1 1.304 1.327 0.036 0.022 48.91 4.500 1.52 -0.120 2.260 2.07 -0.55
5.1 1.304 1.327 0.036 0.022 48.91 4.500 1.52 1.815 4.045 1.52 0.00
4.2 1.148 1.405 0.051 0.031 153.47 4.500 0.94 -0.604 0.003 1.16 -0.22
4.2 1.148 1.405 0.051 0.031 153.47 4.500 0.94 -0.932 -0.183 1.58 -0.64
4.2 1.148 1.405 0.051 0.031 153.47 4.500 0.94 -0.802 5.116 1.63 -0.69
4.2 1.148 1.405 0.051 0.031 153.47 4.500 0.94 0.526 3.066 1.28 -0.34
4.2 1.148 1.405 0.051 0.031 153.47 4.500 0.94 1.992 3.755 1.23 -0.28
4.2 1.148 1.405 0.051 0.031 153.47 4.500 0.94 0.264 2.194 1.75 -0.80
4.2 1.148 1.405 0.051 0.031 153.47 4.500 0.94 3.859 -1.708 0.94 -0.00
4.1 1.324 1.234 0.039 0.018 50.70 4.500 1.82 -0.100 4.913 2.11 -0.29
4.1 1.324 1.234 0.039 0.018 50.70 4.500 1.82 4.045 -1.957 0.85 0.97
4.1 1.324 1.234 0.039 0.018 50.70 4.500 1.82 -1.473 3.575 2.03 -0.21
4.1 1.324 1.234 0.039 0.018 50.70 4.500 1.82 0.084 3.304 0.38 1.44
4.1 1.324 1.234 0.039 0.018 50.70 4.500 1.82 -0.311 2.111 2.23 -0.41
4.1 1.324 1.234 0.039 0.018 50.70 4.500 1.82 -1.431 2.569 2.81 -0.99
4.1 1.324 1.234 0.039 0.018 50.70 4.500 1.82 1.588 4.117 1.82 0.00
2.3 1.144 1.405 0.051 0.031 153.40 4.500 0.94 -0.592 0.007 1.08 -0.14
2.3 1.144 1.405 0.051 0.031 153.40 4.500 0.94 -0.816 5.115 1.63 -0.68
2.3 1.144 1.405 0.051 0.031 153.40 4.500 0.94 0.537 3.064 1.29 -0.35
2.3 1.144 1.405 0.051 0.031 153.40 4.500 0.94 -0.942 -0.192 1.53 -0.58
2.3 1.144 1.405 0.051 0.031 153.40 4.500 0.94 1.992 3.747 1.23 -0.28
2.3 1.144 1.405 0.051 0.031 153.40 4.500 0.94 0.270 2.189 1.74 -0.79
2.3 1.144 1.405 0.051 0.031 153.40 4.500 0.94 3.853 -1.709 0.94 -0.00
2.2 1.317 0.949 0.057 0.004 79.75 4.500 3.86 3.958 -2.418 0.77 3.09
2.2 1.317 0.949 0.057 0.004 79.75 4.500 3.86 -1.019 4.052 2.18 1.68
2.2 1.317 0.949 0.057 0.004 79.75 4.500 3.86 -1.249 1.452 3.68 0.18
2.2 1.317 0.949 0.057 0.004 79.75 4.500 3.86 -0.720 1.379 3.43 0.43
2.2 1.317 0.949 0.057 0.004 79.75 4.500 3.86 -0.798 0.665 3.10 0.76
2.2 1.317 0.949 0.057 0.004 79.75 4.500 3.86 -1.185 0.616 3.38 0.48
2.2 1.317 0.949 0.057 0.004 79.75 4.500 3.86 0.567 4.333 3.69 0.16
2.2 1.317 0.949 0.057 0.004 79.75 4.500 3.86 0.006 3.507 0.47 3.39
2.2 1.317 0.949 0.057 0.004 79.75 4.500 3.86 0.098 4.481 3.86 0.00
2.1 1.309 1.060 0.050 0.015 54.51 4.500 2.38 -0.123 4.674 2.66 -0.28
2.1 1.309 1.060 0.050 0.015 54.51 4.500 2.38 3.978 -2.247 0.80 1.58
2.1 1.309 1.060 0.050 0.015 54.51 4.500 2.38 -1.264 3.921 1.76 0.62
2.1 1.309 1.060 0.050 0.015 54.51 4.500 2.38 0.059 3.424 0.26 2.12
2.1 1.309 1.060 0.050 0.015 54.51 4.500 2.38 -0.530 1.718 2.58 -0.19
2.1 1.309 1.060 0.050 0.015 54.51 4.500 2.38 -1.343 1.921 2.92 -0.53
2.1 1.309 1.060 0.050 0.015 54.51 4.500 2.38 1.122 4.179 2.38 0.00
