#REFERENCE 3 328.4033970 17.6954390
1	31.933594	30.107377	32.080044	30.155702	
1	31.919244	30.126953	32.072532	30.155952	
1	31.919244	30.126953	32.072532	30.155952	
1	31.933594	30.107377	32.080044	30.155702	
1	31.975915	30.078125	32.091074	30.158494	
1	31.887882	30.175781	32.047351	30.161939	
1	31.887882	30.175781	32.047351	30.161939	
1	31.884766	30.185765	32.043109	30.163583	
1	31.884766	30.185765	32.043109	30.163583	
1	31.872817	30.224609	32.024621	30.172911	
1	31.872817	30.224609	32.024621	30.172911	
1	31.874777	30.273438	32.007363	30.185420	
1	31.874777	30.273438	32.007363	30.185420	
1	31.884766	30.295207	32.002712	30.189733	
1	31.884766	30.295207	32.002712	30.189733	
1	31.910037	30.322266	31.999872	30.192536	
1	31.910037	30.322266	31.999872	30.192536	
1	31.933594	30.334912	32.000552	30.191165	
1	31.933594	30.334912	32.000552	30.191165	
1	31.982422	30.333055	32.007514	30.175249	
1	31.982422	30.333055	32.007514	30.175249	
1	32.004408	30.322266	32.011103	30.162891	
1	32.004408	30.322266	32.011103	30.162891	
1	32.031250	30.309045	32.013541	30.149659	
1	32.031250	30.309045	32.013541	30.149659	
1	32.070518	30.273438	32.014373	30.124674	
1	32.070518	30.273438	32.014373	30.124674	
1	32.080078	30.257734	32.013351	30.116051	
1	32.080078	30.257734	32.013351	30.116051	
1	32.102929	30.224609	32.009869	30.103247	
1	32.102929	30.224609	32.009869	30.103247	
1	32.128906	30.176151	32.006073	30.096576	
1	32.128906	30.176151	32.006073	30.096576	
1	32.129154	30.175781	32.006085	30.096582	
1	32.129154	30.175781	32.006085	30.096582	
1	32.177734	30.127436	32.023715	30.097962	
1	32.177734	30.127436	32.023715	30.097962	
1	32.178068	30.126953	32.023922	30.097941	
1	32.178068	30.126953	32.023922	30.097941	
1	32.207913	30.078125	32.048330	30.091978	
