chi multiples
 N    ID    z   Narcs    chip    chix    chiy    chia   rmss     rmsi    dx      dy    nwarn
 0    1.5 4.500   1      0.05    0.00    0.00    0.00   0.019    0.11   -0.06    0.08  0
 0    1.1 4.500   1      0.00    0.00    0.00    0.00   0.009    0.02    0.02   -0.00  0
 0    1.4 4.500   1      0.01    0.00    0.00    0.00   0.012    0.04   -0.04   -0.00  0
 0    1.2 4.500   1      0.12    0.00    0.00    0.00   0.010    0.17   -0.02    0.17  0
 0    1.3 4.500   1      0.04    0.00    0.00    0.00   0.015    0.10   -0.08    0.06  0
 0    1.5 4.500   5      0.22    0.00    0.00    0.00   0.014    0.10    N/A     N/A   0
chimul                   0.22    0.00    0.00    0.00   0.014    0.10    N/A     N/A   0
log(Likelihood)         -2.37

chitot           0.22
log(Likelihood)    -2.37
