#REFERENCE 0 180.3007650 23.0992140
1.3 180.2998755 23.0987320 0.192111 0.191934 98.60899 4.5000 -0.00 
1.2 180.3004973 23.0982559 1.041721 0.006741 36.87110 4.5000 2.09 
1.2 180.3008987 23.0980162 0.539136 0.006886 24.19345 4.5000 2.78 
1.2 180.2998038 23.0998051 0.500899 0.008416 126.31322 4.5000 2.64 
1.2 180.2998116 23.0988120 0.845481 0.056560 53.18502 4.5000 0.00 
1.2 180.2997714 23.0989216 0.220047 0.218953 84.16069 4.5000 -0.00 
1.4 180.2998271 23.0998446 0.652009 0.016855 114.15989 4.5000 0.72 
1.4 180.3009169 23.0980155 0.154872 0.065480 91.39550 4.5000 0.81 
1.4 180.3004701 23.0982823 0.146003 0.145997 78.38924 4.5000 0.00 
1.1 180.3004978 23.0982576 1.839421 0.042115 31.72149 4.5000 -0.59 
1.1 180.3008992 23.0980180 1.028393 0.039813 33.74933 4.5000 0.10 
1.1 180.2998076 23.0998134 0.212005 0.211981 176.29029 4.5000 0.00 
1.5 180.2997340 23.0991334 1.581287 0.062789 79.00957 4.5000 -1.67 
1.5 180.2997971 23.0997582 0.967341 0.041346 111.42665 4.5000 -0.68 
1.5 180.2999231 23.0986280 0.696124 0.146226 66.79680 4.5000 -1.70 
1.5 180.3004026 23.0982998 0.403896 0.142718 42.44092 4.5000 -1.08 
1.5 180.3009401 23.0979820 0.146000 0.145994 117.33570 4.5000 0.00 
