#REFERENCE 3 328.4033970 17.6954390
2.1 -14.275 8.567 0.148 0.046 125.14 4.500 1.79 -11.620 8.964 0.54 1.26
2.1 -14.275 8.567 0.148 0.046 125.14 4.500 1.79 -16.693 9.159 2.11 -0.32
2.2 -15.016 8.087 0.247 0.137 3.08 4.500 -0.02 -17.675 7.754 0.83 -0.85
2.2 -15.016 8.087 0.247 0.137 3.08 4.500 -0.02 -12.334 8.168 0.78 -0.80
2.2 -15.016 8.087 0.247 0.137 3.08 4.500 -0.02 -14.989 6.387 -0.02 0.00
1.1 -14.336 8.670 0.153 0.017 138.90 4.500 2.74 -11.698 9.142 0.55 2.19
1.2 -15.456 7.944 0.186 0.142 13.72 4.500 0.24 -12.813 7.819 1.06 -0.81
1.2 -15.456 7.944 0.186 0.142 13.72 4.500 0.24 -18.114 7.552 0.65 -0.41
1.2 -15.456 7.944 0.186 0.142 13.72 4.500 0.24 -14.607 6.338 0.24 -0.00
1.3 -14.013 8.171 0.132 0.017 32.99 4.500 2.91 -11.332 8.304 0.49 2.42
1.4 -16.100 8.171 0.119 0.083 62.61 4.500 1.31 -13.574 8.514 2.00 -0.68
1.4 -16.100 8.171 0.119 0.083 62.61 4.500 1.31 -18.781 7.994 0.50 0.82
1.4 -16.100 8.171 0.119 0.083 62.61 4.500 1.31 -14.363 9.427 1.31 -0.00
