#REFERENCE 3 28.1644670 -13.9684820
1	0.000000	-3.719664	1.270809	-3.608906	
1	-0.008725	-3.710938	1.266932	-3.594515	
2	-0.019531	-3.700119	1.262156	-3.576700	
2	-0.027911	-3.691406	1.258362	-3.562481	
3	-0.019531	-3.700119	1.262156	-3.576700	
3	-0.008725	-3.710938	1.266932	-3.594515	
4	-0.039062	-3.679793	1.253340	-3.543559	
4	-0.027911	-3.691406	1.258362	-3.562481	
5	-0.039062	-3.679793	1.253340	-3.543559	
5	-0.046397	-3.671875	1.249960	-3.530764	
6	-0.058594	-3.658678	1.244366	-3.509475	
6	-0.064251	-3.652344	1.241714	-3.499335	
7	-0.058594	-3.658678	1.244366	-3.509475	
7	-0.046397	-3.671875	1.249960	-3.530764	
8	-0.078125	-3.636765	1.235238	-3.474441	
8	-0.064251	-3.652344	1.241714	-3.499335	
9	-0.078125	-3.636765	1.235238	-3.474441	
9	-0.081532	-3.632812	1.233615	-3.468171	
10	-0.097656	-3.614042	1.225960	-3.438447	
10	-0.098290	-3.613281	1.225653	-3.437250	
11	-0.097656	-3.614042	1.225960	-3.438447	
11	-0.081532	-3.632812	1.233615	-3.468171	
12	-0.098290	-3.613281	1.225653	-3.437250	
12	-0.114519	-3.593750	1.217827	-3.406571	
13	-0.117188	-3.590526	1.216545	-3.401517	
13	-0.130295	-3.574219	1.210127	-3.376106	
14	-0.136719	-3.566188	1.206991	-3.363619	
14	-0.130295	-3.574219	1.210127	-3.376106	
15	-0.136719	-3.566188	1.206991	-3.363619	
15	-0.145665	-3.554688	1.202545	-3.345837	
16	-0.117188	-3.590526	1.216545	-3.401517	
16	-0.114519	-3.593750	1.217827	-3.406571	
17	-0.156250	-3.541006	1.197300	-3.324730	
17	-0.145665	-3.554688	1.202545	-3.345837	
18	-0.156250	-3.541006	1.197300	-3.324730	
18	-0.160658	-3.535156	1.195079	-3.315753	
19	-0.160658	-3.535156	1.195079	-3.315753	
19	-0.175291	-3.515625	1.187723	-3.285845	
20	-0.195312	-3.488108	1.177543	-3.243999	
20	-0.203472	-3.476562	1.173337	-3.226554	
21	-0.175781	-3.514969	1.187477	-3.284841	
21	-0.189533	-3.496094	1.180478	-3.256121	
22	-0.175781	-3.514969	1.187477	-3.284841	
22	-0.175291	-3.515625	1.187723	-3.285845	
23	-0.195312	-3.488108	1.177543	-3.243999	
23	-0.189533	-3.496094	1.180478	-3.256121	
24	-0.214844	-3.460354	1.167484	-3.202122	
24	-0.217123	-3.457031	1.166295	-3.197135	
25	-0.214844	-3.460354	1.167484	-3.202122	
25	-0.203472	-3.476562	1.173337	-3.226554	
26	-0.217123	-3.457031	1.166295	-3.197135	
26	-0.230461	-3.437500	1.159354	-3.167873	
27	-0.234375	-3.431732	1.157321	-3.159249	
27	-0.243522	-3.417969	1.152509	-3.138754	
28	-0.253906	-3.402205	1.147051	-3.115342	
28	-0.243522	-3.417969	1.152509	-3.138754	
29	-0.253906	-3.402205	1.147051	-3.115342	
29	-0.256340	-3.398438	1.145757	-3.109767	
30	-0.256340	-3.398438	1.145757	-3.109767	
30	-0.268891	-3.378906	1.139099	-3.080919	
31	-0.273438	-3.371779	1.136689	-3.070416	
31	-0.268891	-3.378906	1.139099	-3.080919	
32	-0.273438	-3.371779	1.136689	-3.070416	
32	-0.281207	-3.359375	1.132530	-3.052199	
33	-0.234375	-3.431732	1.157321	-3.159249	
33	-0.230461	-3.437500	1.159354	-3.167873	
34	-0.292969	-3.340405	1.126234	-3.024420	
34	-0.293311	-3.339844	1.126049	-3.023601	
35	-0.292969	-3.340405	1.126234	-3.024420	
35	-0.281207	-3.359375	1.132530	-3.052199	
36	-0.293311	-3.339844	1.126049	-3.023601	
36	-0.305173	-3.320312	1.119657	-2.995131	
37	-0.312500	-3.308120	1.115708	-2.977412	
37	-0.305173	-3.320312	1.119657	-2.995131	
38	-0.312500	-3.308120	1.115708	-2.977412	
38	-0.316842	-3.300781	1.113349	-2.966776	
39	-0.316842	-3.300781	1.113349	-2.966776	
39	-0.328308	-3.281250	1.107126	-2.938539	
40	-0.332031	-3.274860	1.105107	-2.929321	
40	-0.339580	-3.261719	1.100987	-2.910415	
41	-0.332031	-3.274860	1.105107	-2.929321	
41	-0.328308	-3.281250	1.107126	-2.938539	
42	-0.339580	-3.261719	1.100987	-2.910415	
42	-0.350673	-3.242188	1.094929	-2.882401	
43	-0.351562	-3.240614	1.094445	-2.880148	
43	-0.350673	-3.242188	1.094929	-2.882401	
44	-0.351562	-3.240614	1.094445	-2.880148	
44	-0.361582	-3.222656	1.088954	-2.854499	
45	-0.371094	-3.205385	1.083737	-2.829913	
45	-0.361582	-3.222656	1.088954	-2.854499	
46	-0.371094	-3.205385	1.083737	-2.829913	
46	-0.372324	-3.203125	1.083059	-2.826703	
47	-0.372324	-3.203125	1.083059	-2.826703	
47	-0.382900	-3.183594	1.077243	-2.799013	
48	-0.390625	-3.169147	1.072993	-2.778598	
48	-0.382900	-3.183594	1.077243	-2.799013	
49	-0.390625	-3.169147	1.072993	-2.778598	
49	-0.393317	-3.164062	1.071507	-2.771427	
50	-0.393317	-3.164062	1.071507	-2.771427	
50	-0.403581	-3.144531	1.065850	-2.743945	
51	-0.410156	-3.131874	1.062225	-2.726188	
51	-0.403581	-3.144531	1.065850	-2.743945	
52	-0.410156	-3.131874	1.062225	-2.726188	
52	-0.413696	-3.125000	1.060270	-2.716564	
53	-0.468750	-3.013673	1.029940	-2.562401	
53	-0.471537	-3.007812	1.028412	-2.554374	
54	-0.471537	-3.007812	1.028412	-2.554374	
54	-0.480749	-2.988281	1.023370	-2.527684	
55	-0.488281	-2.972092	1.019248	-2.505639	
55	-0.480749	-2.988281	1.023370	-2.527684	
56	-0.488281	-2.972092	1.019248	-2.505639	
56	-0.489831	-2.968750	1.018404	-2.501096	
57	-0.429688	-3.093548	1.051449	-2.672683	
57	-0.433501	-3.085938	1.049344	-2.662105	
58	-0.413696	-3.125000	1.060270	-2.716564	
58	-0.423669	-3.105469	1.054769	-2.689284	
59	-0.429688	-3.093548	1.051449	-2.672683	
59	-0.423669	-3.105469	1.054769	-2.689284	
60	-0.433501	-3.085938	1.049344	-2.662105	
60	-0.443203	-3.066406	1.043996	-2.635024	
61	-0.449219	-3.054154	1.040681	-2.618086	
61	-0.443203	-3.066406	1.043996	-2.635024	
62	-0.449219	-3.054154	1.040681	-2.618086	
62	-0.452771	-3.046875	1.038725	-2.608042	
63	-0.452771	-3.046875	1.038725	-2.608042	
63	-0.462219	-3.027344	1.033530	-2.581158	
64	-0.468750	-3.013673	1.029940	-2.562401	
64	-0.462219	-3.027344	1.033530	-2.581158	
65	-0.489831	-2.968750	1.018404	-2.501096	
65	-0.498825	-2.949219	1.013513	-2.474600	
66	-0.498825	-2.949219	1.013513	-2.474600	
66	-0.507681	-2.929688	1.008700	-2.448208	
67	-0.507812	-2.929396	1.008629	-2.447815	
67	-0.507681	-2.929688	1.008700	-2.448208	
68	-0.507812	-2.929396	1.008629	-2.447815	
68	-0.516473	-2.910156	1.003961	-2.421906	
69	-0.516473	-2.910156	1.003961	-2.421906	
69	-0.525132	-2.890625	0.999300	-2.395708	
70	-0.527344	-2.885594	0.998112	-2.388977	
70	-0.533719	-2.871094	0.994715	-2.369604	
71	-0.527344	-2.885594	0.998112	-2.388977	
71	-0.525132	-2.890625	0.999300	-2.395708	
72	-0.533719	-2.871094	0.994715	-2.369604	
72	-0.542197	-2.851562	0.990207	-2.343602	
73	-0.546875	-2.840665	0.987726	-2.329139	
73	-0.542197	-2.851562	0.990207	-2.343602	
74	-0.546875	-2.840665	0.987726	-2.329139	
74	-0.550586	-2.832031	0.985776	-2.317699	
75	-0.550586	-2.832031	0.985776	-2.317699	
75	-0.558900	-2.812500	0.981422	-2.291893	
76	-0.566406	-2.794612	0.977504	-2.268354	
76	-0.567098	-2.792969	0.977147	-2.266195	
77	-0.566406	-2.794612	0.977504	-2.268354	
77	-0.558900	-2.812500	0.981422	-2.291893	
78	-0.567098	-2.792969	0.977147	-2.266195	
78	-0.575263	-2.773438	0.972949	-2.240588	
79	-0.575263	-2.773438	0.972949	-2.240588	
79	-0.583309	-2.753906	0.968831	-2.215093	
80	-0.585938	-2.747467	0.967491	-2.206712	
80	-0.583309	-2.753906	0.968831	-2.215093	
81	-0.585938	-2.747467	0.967491	-2.206712	
81	-0.591308	-2.734375	0.964792	-2.189696	
82	-0.591308	-2.734375	0.964792	-2.189696	
82	-0.599226	-2.714844	0.960832	-2.164405	
83	-0.605469	-2.699244	0.957728	-2.144288	
83	-0.599226	-2.714844	0.960832	-2.164405	
84	-0.605469	-2.699244	0.957728	-2.144288	
84	-0.607052	-2.695312	0.956954	-2.139225	
85	-0.607052	-2.695312	0.956954	-2.139225	
85	-0.614859	-2.675781	0.953156	-2.114144	
86	-0.614859	-2.675781	0.953156	-2.114144	
86	-0.622556	-2.656250	0.949441	-2.089180	
87	-0.625000	-2.649994	0.948269	-2.081208	
87	-0.622556	-2.656250	0.949441	-2.089180	
88	-0.625000	-2.649994	0.948269	-2.081208	
88	-0.630229	-2.636719	0.945808	-2.064320	
89	-0.630229	-2.636719	0.945808	-2.064320	
89	-0.637836	-2.617188	0.942259	-2.039575	
90	-0.644531	-2.599772	0.939167	-2.017613	
90	-0.645353	-2.597656	0.938796	-2.014950	
91	-0.644531	-2.599772	0.939167	-2.017613	
91	-0.637836	-2.617188	0.942259	-2.039575	
92	-0.645353	-2.597656	0.938796	-2.014950	
92	-0.652886	-2.578125	0.935417	-1.990430	
93	-0.664062	-2.548662	0.930485	-1.953681	
93	-0.667724	-2.539062	0.928921	-1.941761	
94	-0.652886	-2.578125	0.935417	-1.990430	
94	-0.660320	-2.558594	0.932125	-1.966036	
95	-0.664062	-2.548662	0.930485	-1.953681	
95	-0.660320	-2.558594	0.932125	-1.966036	
96	-0.667724	-2.539062	0.928921	-1.941761	
96	-0.675104	-2.519531	0.925806	-1.917605	
97	-0.675104	-2.519531	0.925806	-1.917605	
97	-0.682392	-2.500000	0.922782	-1.893583	
98	-0.703125	-2.444147	0.914641	-1.825588	
98	-0.704146	-2.441406	0.914261	-1.822278	
99	-0.704146	-2.441406	0.914261	-1.822278	
99	-0.711375	-2.421875	0.911610	-1.798774	
100	-0.683594	-2.496754	0.922288	-1.889603	
100	-0.689709	-2.480469	0.919848	-1.869678	
101	-0.683594	-2.496754	0.922288	-1.889603	
101	-0.682392	-2.500000	0.922782	-1.893583	
102	-0.689709	-2.480469	0.919848	-1.869678	
102	-0.696961	-2.460938	0.917007	-1.845909	
103	-0.703125	-2.444147	0.914641	-1.825588	
103	-0.696961	-2.460938	0.917007	-1.845909	
104	-0.711375	-2.421875	0.911610	-1.798774	
104	-0.718518	-2.402344	0.909056	-1.775416	
105	-0.722656	-2.390914	0.907607	-1.761817	
105	-0.718518	-2.402344	0.909056	-1.775416	
106	-0.722656	-2.390914	0.907607	-1.761817	
106	-0.725639	-2.382812	0.906600	-1.752201	
107	-0.725639	-2.382812	0.906600	-1.752201	
107	-0.732765	-2.363281	0.904244	-1.729127	
108	-0.732765	-2.363281	0.904244	-1.729127	
108	-0.739803	-2.343750	0.901990	-1.706210	
109	-0.742188	-2.337069	0.901242	-1.698407	
109	-0.746854	-2.324219	0.899837	-1.683440	
110	-0.746854	-2.324219	0.899837	-1.683440	
110	-0.753866	-2.304688	0.897789	-1.660828	
111	-0.742188	-2.337069	0.901242	-1.698407	
111	-0.739803	-2.343750	0.901990	-1.706210	
112	-0.753866	-2.304688	0.897789	-1.660828	
112	-0.760781	-2.285156	0.895847	-1.638381	
113	-0.761719	-2.282478	0.895589	-1.635317	
113	-0.760781	-2.285156	0.895847	-1.638381	
114	-0.761719	-2.282478	0.895589	-1.635317	
114	-0.767723	-2.265625	0.894011	-1.616091	
115	-0.767723	-2.265625	0.894011	-1.616091	
115	-0.774573	-2.246094	0.892282	-1.593970	
116	-0.781250	-2.226709	0.890674	-1.572187	
116	-0.774573	-2.246094	0.892282	-1.593970	
117	-0.781250	-2.226709	0.890674	-1.572187	
117	-0.781301	-2.226562	0.890662	-1.572023	
118	-0.781301	-2.226562	0.890662	-1.572023	
118	-0.788034	-2.207031	0.889151	-1.550241	
119	-0.788034	-2.207031	0.889151	-1.550241	
119	-0.794615	-2.187500	0.887749	-1.528637	
120	-0.800781	-2.168728	0.886505	-1.508042	
120	-0.801034	-2.167969	0.886457	-1.507212	
121	-0.800781	-2.168728	0.886505	-1.508042	
121	-0.794615	-2.187500	0.887749	-1.528637	
122	-0.801034	-2.167969	0.886457	-1.507212	
122	-0.807377	-2.148438	0.885274	-1.485958	
123	-0.807377	-2.148438	0.885274	-1.485958	
123	-0.813506	-2.128906	0.884199	-1.464884	
124	-0.813506	-2.128906	0.884199	-1.464884	
124	-0.819400	-2.109375	0.883232	-1.443985	
125	-0.820312	-2.106242	0.883087	-1.440649	
125	-0.825103	-2.089844	0.882371	-1.423258	
126	-0.825103	-2.089844	0.882371	-1.423258	
126	-0.830526	-2.070312	0.881614	-1.402699	
127	-0.820312	-2.106242	0.883087	-1.440649	
127	-0.819400	-2.109375	0.883232	-1.443985	
128	-0.830526	-2.070312	0.881614	-1.402699	
128	-0.835632	-2.050781	0.880958	-1.382306	
129	-0.839844	-2.033547	0.880462	-1.364442	
129	-0.835632	-2.050781	0.880958	-1.382306	
130	-0.839844	-2.033547	0.880462	-1.364442	
130	-0.840402	-2.031250	0.880402	-1.362069	
131	-0.840402	-2.031250	0.880402	-1.362069	
131	-0.844841	-2.011719	0.879941	-1.341982	
132	-0.844841	-2.011719	0.879941	-1.341982	
132	-0.848889	-1.992188	0.879574	-1.322037	
133	-0.848889	-1.992188	0.879574	-1.322037	
133	-0.852532	-1.972656	0.879295	-1.302223	
134	-0.852532	-1.972656	0.879295	-1.302223	
134	-0.855760	-1.953125	0.879101	-1.282531	
135	-0.855760	-1.953125	0.879101	-1.282531	
135	-0.858566	-1.933594	0.878989	-1.262949	
136	-0.859375	-1.927048	0.878969	-1.256410	
136	-0.858566	-1.933594	0.878989	-1.262949	
137	-0.859375	-1.927048	0.878969	-1.256410	
137	-0.860950	-1.914062	0.878955	-1.243468	
138	-0.860950	-1.914062	0.878955	-1.243468	
138	-0.862912	-1.894531	0.878995	-1.224075	
139	-0.862912	-1.894531	0.878995	-1.224075	
139	-0.864458	-1.875000	0.879106	-1.204761	
140	-0.864458	-1.875000	0.879106	-1.204761	
140	-0.865601	-1.855469	0.879283	-1.185514	
141	-0.865601	-1.855469	0.879283	-1.185514	
141	-0.866355	-1.835938	0.879525	-1.166326	
142	-0.866355	-1.835938	0.879525	-1.166326	
142	-0.866738	-1.816406	0.879828	-1.147187	
143	-0.866738	-1.816406	0.879828	-1.147187	
143	-0.866769	-1.796875	0.880189	-1.128089	
144	-0.866769	-1.796875	0.880189	-1.128089	
144	-0.866469	-1.777344	0.880607	-1.109023	
145	-0.866469	-1.777344	0.880607	-1.109023	
145	-0.865861	-1.757812	0.881078	-1.089984	
146	-0.865861	-1.757812	0.881078	-1.089984	
146	-0.864965	-1.738281	0.881602	-1.070964	
147	-0.864965	-1.738281	0.881602	-1.070964	
147	-0.863802	-1.718750	0.882177	-1.051959	
148	-0.863802	-1.718750	0.882177	-1.051959	
148	-0.862394	-1.699219	0.882801	-1.032963	
149	-0.862394	-1.699219	0.882801	-1.032963	
149	-0.860760	-1.679688	0.883474	-1.013973	
150	-0.860760	-1.679688	0.883474	-1.013973	
150	-0.859375	-1.665063	0.884010	-0.999755	
151	-0.859375	-1.665063	0.884010	-0.999755	
151	-0.858922	-1.660156	0.884195	-0.994986	
152	-0.858922	-1.660156	0.884195	-0.994986	
152	-0.856906	-1.640625	0.884964	-0.975999	
153	-0.856906	-1.640625	0.884964	-0.975999	
153	-0.854721	-1.621094	0.885781	-0.957010	
154	-0.854721	-1.621094	0.885781	-0.957010	
154	-0.852383	-1.601562	0.886646	-0.938018	
155	-0.852383	-1.601562	0.886646	-0.938018	
155	-0.849904	-1.582031	0.887558	-0.919021	
156	-0.849904	-1.582031	0.887558	-0.919021	
156	-0.847296	-1.562500	0.888520	-0.900021	
157	-0.847296	-1.562500	0.888520	-0.900021	
157	-0.844570	-1.542969	0.889531	-0.881015	
158	-0.844570	-1.542969	0.889531	-0.881015	
158	-0.841735	-1.523438	0.890592	-0.862006	
159	-0.841735	-1.523438	0.890592	-0.862006	
159	-0.839844	-1.510924	0.891299	-0.849825	
160	-0.839844	-1.510924	0.891299	-0.849825	
160	-0.838814	-1.503906	0.891705	-0.842995	
161	-0.838814	-1.503906	0.891705	-0.842995	
161	-0.835835	-1.484375	0.892870	-0.823985	
162	-0.835835	-1.484375	0.892870	-0.823985	
162	-0.832774	-1.464844	0.894088	-0.804975	
163	-0.832774	-1.464844	0.894088	-0.804975	
163	-0.829638	-1.445312	0.895362	-0.785968	
164	-0.829638	-1.445312	0.895362	-0.785968	
164	-0.826428	-1.425781	0.896693	-0.766966	
165	-0.826428	-1.425781	0.896693	-0.766966	
165	-0.823147	-1.406250	0.898082	-0.747972	
166	-0.823147	-1.406250	0.898082	-0.747972	
166	-0.820312	-1.389743	0.899303	-0.731926	
167	-0.820312	-1.389743	0.899303	-0.731926	
167	-0.819810	-1.386719	0.899531	-0.728988	
168	-0.819810	-1.386719	0.899531	-0.728988	
168	-0.816476	-1.367188	0.901041	-0.710023	
169	-0.816476	-1.367188	0.901041	-0.710023	
169	-0.813084	-1.347656	0.902615	-0.691076	
170	-0.813084	-1.347656	0.902615	-0.691076	
170	-0.809634	-1.328125	0.904254	-0.672149	
171	-0.809634	-1.328125	0.904254	-0.672149	
171	-0.806126	-1.308594	0.905961	-0.653246	
172	-0.806126	-1.308594	0.905961	-0.653246	
172	-0.802557	-1.289062	0.907737	-0.634371	
173	-0.802557	-1.289062	0.907737	-0.634371	
173	-0.800781	-1.279548	0.908628	-0.625187	
174	-0.800781	-1.279548	0.908628	-0.625187	
174	-0.798981	-1.269531	0.909584	-0.615533	
175	-0.798981	-1.269531	0.909584	-0.615533	
175	-0.795399	-1.250000	0.911504	-0.596736	
176	-0.795399	-1.250000	0.911504	-0.596736	
176	-0.791761	-1.230469	0.913500	-0.577981	
177	-0.791761	-1.230469	0.913500	-0.577981	
177	-0.788062	-1.210938	0.915573	-0.559270	
178	-0.788062	-1.210938	0.915573	-0.559270	
178	-0.784300	-1.191406	0.917726	-0.540609	
179	-0.784300	-1.191406	0.917726	-0.540609	
179	-0.781250	-1.175867	0.919497	-0.525800	
180	-0.781250	-1.175867	0.919497	-0.525800	
180	-0.780498	-1.171875	0.919960	-0.522005	
181	-0.780498	-1.171875	0.919960	-0.522005	
181	-0.776735	-1.152344	0.922278	-0.503472	
182	-0.776735	-1.152344	0.922278	-0.503472	
182	-0.772906	-1.132812	0.924682	-0.485004	
183	-0.772906	-1.132812	0.924682	-0.485004	
183	-0.769008	-1.113281	0.927174	-0.466606	
184	-0.769008	-1.113281	0.927174	-0.466606	
184	-0.765035	-1.093750	0.929758	-0.448282	
185	-0.765035	-1.093750	0.929758	-0.448282	
185	-0.761719	-1.077782	0.931940	-0.433358	
186	-0.761719	-1.077782	0.931940	-0.433358	
186	-0.761010	-1.074219	0.932435	-0.430041	
187	-0.761010	-1.074219	0.932435	-0.430041	
187	-0.757038	-1.054688	0.935205	-0.411903	
188	-0.757038	-1.054688	0.935205	-0.411903	
188	-0.752986	-1.035156	0.938072	-0.393858	
189	-0.752986	-1.035156	0.938072	-0.393858	
189	-0.748847	-1.015625	0.941041	-0.375910	
190	-0.748847	-1.015625	0.941041	-0.375910	
190	-0.744617	-0.996094	0.944112	-0.358065	
191	-0.744617	-0.996094	0.944112	-0.358065	
191	-0.742188	-0.985136	0.945881	-0.348099	
192	-0.742188	-0.985136	0.945881	-0.348099	
192	-0.740372	-0.976562	0.947286	-0.340342	
193	-0.740372	-0.976562	0.947286	-0.340342	
193	-0.736140	-0.957031	0.950565	-0.322752	
194	-0.736140	-0.957031	0.950565	-0.322752	
194	-0.731808	-0.937500	0.953954	-0.305286	
195	-0.731808	-0.937500	0.953954	-0.305286	
195	-0.727371	-0.917969	0.957456	-0.287950	
196	-0.727371	-0.917969	0.957456	-0.287950	
196	-0.722819	-0.898438	0.961074	-0.270750	
197	-0.722819	-0.898438	0.961074	-0.270750	
197	-0.722656	-0.897755	0.961202	-0.270151	
198	-0.722656	-0.897755	0.961202	-0.270151	
198	-0.718368	-0.878906	0.964800	-0.253732	
199	-0.718368	-0.878906	0.964800	-0.253732	
199	-0.713810	-0.859375	0.968647	-0.236870	
200	-0.703125	-0.815583	0.977722	-0.199657	
200	-0.699570	-0.800781	0.980923	-0.187320	
201	-0.699570	-0.800781	0.980923	-0.187320	
201	-0.694752	-0.781250	0.985262	-0.171207	
202	-0.713810	-0.859375	0.968647	-0.236870	
202	-0.709130	-0.839844	0.972616	-0.220169	
203	-0.709130	-0.839844	0.972616	-0.220169	
203	-0.704319	-0.820312	0.976710	-0.203636	
204	-0.704319	-0.820312	0.976710	-0.203636	
204	-0.703125	-0.815583	0.977722	-0.199657	
205	-0.694752	-0.781250	0.985262	-0.171207	
205	-0.689795	-0.761719	0.989733	-0.155292	
206	-0.689795	-0.761719	0.989733	-0.155292	
206	-0.684689	-0.742188	0.994339	-0.139585	
207	-0.684689	-0.742188	0.994339	-0.139585	
207	-0.683594	-0.738097	0.995322	-0.136321	
208	-0.683594	-0.738097	0.995322	-0.136321	
208	-0.679666	-0.722656	0.999067	-0.124149	
209	-0.679666	-0.722656	0.999067	-0.124149	
209	-0.674558	-0.703125	1.003929	-0.108961	
210	-0.674558	-0.703125	1.003929	-0.108961	
210	-0.669295	-0.683594	1.008932	-0.094019	
211	-0.669295	-0.683594	1.008932	-0.094019	
211	-0.664062	-0.664762	1.013892	-0.079855	
212	-0.664062	-0.664762	1.013892	-0.079855	
212	-0.663878	-0.664062	1.014077	-0.079337	
213	-0.663878	-0.664062	1.014077	-0.079337	
213	-0.658625	-0.644531	1.019338	-0.065008	
214	-0.658625	-0.644531	1.019338	-0.065008	
214	-0.653213	-0.625000	1.024743	-0.050970	
215	-0.625000	-0.527345	1.053788	0.013878	
215	-0.625000	-0.527344	1.053788	0.013879	
216	-0.625000	-0.527344	1.053788	0.013879	
216	-0.619425	-0.507812	1.059945	0.025548	
217	-0.619425	-0.507812	1.059945	0.025548	
217	-0.613728	-0.488281	1.066225	0.036767	
218	-0.613728	-0.488281	1.066225	0.036767	
218	-0.607922	-0.468750	1.072621	0.047504	
219	-0.607922	-0.468750	1.072621	0.047504	
219	-0.605469	-0.460470	1.075359	0.051892	
220	-0.605469	-0.460470	1.075359	0.051892	
220	-0.602282	-0.449219	1.079077	0.057654	
221	-0.602282	-0.449219	1.079077	0.057654	
221	-0.596777	-0.429688	1.085581	0.067197	
222	-0.585938	-0.390935	1.098614	0.084298	
222	-0.585855	-0.390625	1.098718	0.084424	
223	-0.596777	-0.429688	1.085581	0.067197	
223	-0.591277	-0.410156	1.092139	0.076137	
224	-0.591277	-0.410156	1.092139	0.076137	
224	-0.585938	-0.390935	1.098614	0.084298	
225	-0.585855	-0.390625	1.098718	0.084424	
225	-0.580967	-0.371094	1.105183	0.091902	
226	-0.580967	-0.371094	1.105183	0.091902	
226	-0.576328	-0.351562	1.111555	0.098623	
227	-0.576328	-0.351562	1.111555	0.098623	
227	-0.572083	-0.332031	1.117753	0.104527	
228	-0.572083	-0.332031	1.117753	0.104527	
228	-0.568419	-0.312500	1.123664	0.109550	
229	-0.568419	-0.312500	1.123664	0.109550	
229	-0.566406	-0.298500	1.127601	0.112549	
230	-0.566406	-0.298500	1.127601	0.112549	
230	-0.565629	-0.292969	1.129118	0.113625	
231	-0.565629	-0.292969	1.129118	0.113625	
231	-0.564000	-0.273438	1.133912	0.116716	
232	-0.564000	-0.273438	1.133912	0.116716	
232	-0.563721	-0.253906	1.137842	0.118849	
233	-0.563721	-0.253906	1.137842	0.118849	
233	-0.565164	-0.234375	1.140604	0.120068	
234	-0.566406	-0.227357	1.141149	0.120271	
234	-0.568825	-0.214844	1.141795	0.120482	
235	-0.566406	-0.227357	1.141149	0.120271	
235	-0.565164	-0.234375	1.140604	0.120068	
236	-0.568825	-0.214844	1.141795	0.120482	
236	-0.575058	-0.195312	1.141022	0.120324	
237	-0.575058	-0.195312	1.141022	0.120324	
237	-0.583986	-0.175781	1.137980	0.119937	
238	-0.585938	-0.172480	1.137138	0.119872	
238	-0.583986	-0.175781	1.137980	0.119937	
239	-0.585938	-0.172480	1.137138	0.119872	
239	-0.595916	-0.156250	1.132287	0.119729	
240	-0.605469	-0.143348	1.126956	0.119917	
240	-0.610485	-0.136719	1.123938	0.120149	
241	-0.605469	-0.143348	1.126956	0.119917	
241	-0.595916	-0.156250	1.132287	0.119729	
242	-0.625000	-0.119898	1.114612	0.121318	
242	-0.610485	-0.136719	1.123938	0.120149	
243	-0.653213	-0.625000	1.024743	-0.050970	
243	-0.647634	-0.605469	1.030293	-0.037239	
244	-0.644531	-0.594848	1.033373	-0.029907	
244	-0.642058	-0.585938	1.035971	-0.023876	
245	-0.647634	-0.605469	1.030293	-0.037239	
245	-0.644531	-0.594848	1.033373	-0.029907	
246	-0.642058	-0.585938	1.035971	-0.023876	
246	-0.636528	-0.566406	1.041769	-0.010914	
247	-0.636528	-0.566406	1.041769	-0.010914	
247	-0.630842	-0.546875	1.047708	0.001678	
248	-0.630842	-0.546875	1.047708	0.001678	
248	-0.625000	-0.527345	1.053788	0.013878	
249	-0.625000	-0.119898	1.114612	0.121318	
249	-0.627357	-0.117188	1.113009	0.121579	
250	-0.644531	-0.099216	1.100863	0.124029	
250	-0.646019	-0.097656	1.099761	0.124289	
251	-0.644531	-0.099216	1.100863	0.124029	
251	-0.627357	-0.117188	1.113009	0.121579	
252	-0.664062	-0.079965	1.086030	0.127975	
252	-0.646019	-0.097656	1.099761	0.124289	
253	-0.664062	-0.079965	1.086030	0.127975	
253	-0.665922	-0.078125	1.084558	0.128416	
254	-0.683594	-0.061446	1.070276	0.133094	
254	-0.686576	-0.058594	1.067782	0.133980	
255	-0.683594	-0.061446	1.070276	0.133094	
255	-0.665922	-0.078125	1.084558	0.128416	
256	-0.703125	-0.043259	1.053699	0.139340	
256	-0.686576	-0.058594	1.067782	0.133980	
257	-0.703125	-0.043259	1.053699	0.139340	
257	-0.707586	-0.039062	1.049788	0.140928	
258	-0.722656	-0.025154	1.036362	0.146681	
258	-0.728657	-0.019531	1.030876	0.149159	
259	-0.722656	-0.025154	1.036362	0.146681	
259	-0.707586	-0.039062	1.049788	0.140928	
260	-0.742188	-0.006964	1.018313	0.155092	
260	-0.728657	-0.019531	1.030876	0.149159	
261	-0.742188	-0.006964	1.018313	0.155092	
261	-0.749581	0.000000	1.011291	0.158557	
262	0.722656	-3.908091	1.432187	-4.150366	
262	0.726135	-3.906250	1.431918	-4.149625	
263	0.703125	-3.917554	1.433300	-4.153446	
263	0.722656	-3.908091	1.432187	-4.150366	
264	0.625000	-3.946271	1.433771	-4.154731	
264	0.628209	-3.945312	1.433844	-4.154941	
265	0.664062	-3.933701	1.434305	-4.156253	
265	0.683594	-3.926065	1.433993	-4.155377	
266	0.683594	-3.926065	1.433993	-4.155377	
266	0.684248	-3.925781	1.433970	-4.155313	
267	0.684248	-3.925781	1.433970	-4.155313	
267	0.703125	-3.917554	1.433300	-4.153446	
268	0.628209	-3.945312	1.433844	-4.154941	
268	0.644531	-3.940427	1.434225	-4.156026	
269	0.644531	-3.940427	1.434225	-4.156026	
269	0.664062	-3.933701	1.434305	-4.156253	
270	0.781250	-3.873994	1.426272	-4.134261	
270	0.791237	-3.867188	1.424805	-4.130316	
271	0.839844	-3.830757	1.416113	-4.107213	
271	0.842975	-3.828125	1.415417	-4.105381	
272	0.820312	-3.846222	1.419998	-4.117486	
272	0.839844	-3.830757	1.416113	-4.107213	
273	0.791237	-3.867188	1.424805	-4.130316	
273	0.800781	-3.860632	1.423381	-4.126500	
274	0.800781	-3.860632	1.423381	-4.126500	
274	0.818384	-3.847656	1.420337	-4.118386	
275	0.818384	-3.847656	1.420337	-4.118386	
275	0.820312	-3.846222	1.419998	-4.117486	
276	0.859375	-3.814194	1.411700	-4.095636	
276	0.865603	-3.808594	1.410138	-4.091558	
277	0.878906	-3.796495	1.406734	-4.082709	
277	0.886655	-3.789062	1.404562	-4.077087	
278	0.865603	-3.808594	1.410138	-4.091558	
278	0.878906	-3.796495	1.406734	-4.082709	
279	0.898438	-3.777624	1.401190	-4.068394	
279	0.906368	-3.769531	1.398726	-4.062067	
280	0.917969	-3.757540	1.395043	-4.052648	
280	0.924931	-3.750000	1.392661	-4.046580	
281	0.906368	-3.769531	1.398726	-4.062067	
281	0.917969	-3.757540	1.395043	-4.052648	
282	0.886655	-3.789062	1.404562	-4.077087	
282	0.898438	-3.777624	1.401190	-4.068394	
283	0.842975	-3.828125	1.415417	-4.105381	
283	0.859375	-3.814194	1.411700	-4.095636	
284	0.726135	-3.906250	1.431918	-4.149625	
284	0.742188	-3.897705	1.430661	-4.146176	
285	0.742188	-3.897705	1.430661	-4.146176	
285	0.761055	-3.886719	1.428755	-4.140978	
286	0.761719	-3.886330	1.428687	-4.140794	
286	0.781250	-3.873994	1.426272	-4.134261	
287	0.761055	-3.886719	1.428755	-4.140978	
287	0.761719	-3.886330	1.428687	-4.140794	
288	0.410156	-3.956310	1.407095	-4.074468	
288	0.429688	-3.959345	1.411013	-4.086584	
289	0.390625	-3.952507	1.402905	-4.061413	
289	0.410156	-3.956310	1.407095	-4.074468	
290	0.449219	-3.961611	1.414653	-4.097758	
290	0.468750	-3.963103	1.418011	-4.107987	
291	0.429688	-3.959345	1.411013	-4.086584	
291	0.449219	-3.961611	1.414653	-4.097758	
292	0.371094	-3.947938	1.398448	-4.047419	
292	0.390625	-3.952507	1.402905	-4.061413	
293	0.371094	-3.947938	1.398448	-4.047419	
293	0.361492	-3.945312	1.396120	-4.040069	
294	0.351562	-3.942625	1.393738	-4.032516	
294	0.361492	-3.945312	1.396120	-4.040069	
295	0.312500	-3.929754	1.383568	-3.999965	
295	0.332031	-3.936572	1.388779	-4.016710	
296	0.332031	-3.936572	1.388779	-4.016710	
296	0.351562	-3.942625	1.393738	-4.032516	
297	0.566406	-3.958734	1.430306	-4.144693	
297	0.585938	-3.955426	1.431808	-4.149068	
298	0.546875	-3.961215	1.428473	-4.139311	
298	0.566406	-3.958734	1.430306	-4.144693	
299	0.605469	-3.951277	1.432966	-4.152420	
299	0.625000	-3.946271	1.433771	-4.154731	
300	0.585938	-3.955426	1.431808	-4.149068	
300	0.605469	-3.951277	1.432966	-4.152420	
301	0.488281	-3.963817	1.421079	-4.117265	
301	0.507812	-3.963746	1.423851	-4.125585	
302	0.468750	-3.963103	1.418011	-4.107987	
302	0.488281	-3.963817	1.421079	-4.117265	
303	0.527344	-3.962882	1.426318	-4.132938	
303	0.546875	-3.961215	1.428473	-4.139311	
304	0.507812	-3.963746	1.423851	-4.125585	
304	0.527344	-3.962882	1.426318	-4.132938	
305	0.312500	-3.929754	1.383568	-3.999965	
305	0.302272	-3.925781	1.380700	-3.990696	
306	0.292969	-3.922198	1.378118	-3.982317	
306	0.302272	-3.925781	1.380700	-3.990696	
307	0.273438	-3.913907	1.372436	-3.963772	
307	0.292969	-3.922198	1.378118	-3.982317	
308	0.273438	-3.913907	1.372436	-3.963772	
308	0.256939	-3.906250	1.367426	-3.947301	
309	0.195312	-3.873309	1.347441	-3.880503	
309	0.185374	-3.867188	1.343972	-3.868734	
310	0.234375	-3.895089	1.360380	-3.923947	
310	0.218872	-3.886719	1.355317	-3.907032	
311	0.214844	-3.884557	1.354014	-3.902661	
311	0.218872	-3.886719	1.355317	-3.907032	
312	0.195312	-3.873309	1.347441	-3.880503	
312	0.214844	-3.884557	1.354014	-3.902661	
313	0.156250	-3.848554	1.333653	-3.833431	
313	0.175781	-3.861309	1.340653	-3.857428	
314	0.175781	-3.861309	1.340653	-3.857428	
314	0.185374	-3.867188	1.343972	-3.868734	
315	0.234375	-3.895089	1.360380	-3.923947	
315	0.253906	-3.904853	1.366515	-3.944292	
316	0.253906	-3.904853	1.366515	-3.944292	
316	0.256939	-3.906250	1.367426	-3.947301	
317	0.156250	-3.848554	1.333653	-3.833431	
317	0.154953	-3.847656	1.333172	-3.831774	
318	0.136719	-3.835087	1.326464	-3.808571	
318	0.154953	-3.847656	1.333172	-3.831774	
319	0.136719	-3.835087	1.326464	-3.808571	
319	0.127178	-3.828125	1.322837	-3.795951	
320	0.117188	-3.820859	1.319070	-3.782784	
320	0.101210	-3.808594	1.312852	-3.760924	
321	0.097656	-3.805873	1.311480	-3.756077	
321	0.101210	-3.808594	1.312852	-3.760924	
322	0.078125	-3.790140	1.303703	-3.728464	
322	0.097656	-3.805873	1.311480	-3.756077	
323	0.117188	-3.820859	1.319070	-3.782784	
323	0.127178	-3.828125	1.322837	-3.795951	
324	0.078125	-3.790140	1.303703	-3.728464	
324	0.076849	-3.789062	1.303179	-3.726598	
325	0.058594	-3.773670	1.295747	-3.699960	
325	0.053907	-3.769531	1.293784	-3.692889	
326	0.058594	-3.773670	1.295747	-3.699960	
326	0.076849	-3.789062	1.303179	-3.726598	
327	0.039062	-3.756435	1.287609	-3.670534	
327	0.053907	-3.769531	1.293784	-3.692889	
328	0.039062	-3.756435	1.287609	-3.670534	
328	0.032082	-3.750000	1.284626	-3.659676	
329	1.250000	-3.155983	1.150329	-3.485302	
329	1.253866	-3.144531	1.144936	-3.473700	
330	1.253866	-3.144531	1.144936	-3.473700	
330	1.260322	-3.125000	1.135687	-3.453876	
331	1.260322	-3.125000	1.135687	-3.453876	
331	1.266613	-3.105469	1.126378	-3.434010	
332	1.269531	-3.096222	1.121948	-3.424590	
332	1.272749	-3.085938	1.117009	-3.414108	
333	1.266613	-3.105469	1.126378	-3.434010	
333	1.269531	-3.096222	1.121948	-3.424590	
334	1.272749	-3.085938	1.117009	-3.414108	
334	1.278733	-3.066406	1.107582	-3.394170	
335	1.278733	-3.066406	1.107582	-3.394170	
335	1.284563	-3.046875	1.098095	-3.374195	
336	1.284563	-3.046875	1.098095	-3.374195	
336	1.289062	-3.031427	1.090550	-3.358369	
337	1.289062	-3.031427	1.090550	-3.358369	
337	1.290243	-3.027344	1.088551	-3.354186	
338	1.290243	-3.027344	1.088551	-3.354186	
338	1.295791	-3.007812	1.078952	-3.334152	
339	1.295791	-3.007812	1.078952	-3.334152	
339	1.301192	-2.988281	1.069296	-3.314084	
340	1.301192	-2.988281	1.069296	-3.314084	
340	1.306449	-2.968750	1.059582	-3.293985	
341	1.306449	-2.968750	1.059582	-3.293985	
341	1.308594	-2.960610	1.055515	-3.285597	
342	1.308594	-2.960610	1.055515	-3.285597	
342	1.311579	-2.949219	1.049815	-3.273863	
343	1.311579	-2.949219	1.049815	-3.273863	
343	1.316581	-2.929688	1.039994	-3.253718	
344	1.316581	-2.929688	1.039994	-3.253718	
344	1.321447	-2.910156	1.030117	-3.233545	
345	1.321447	-2.910156	1.030117	-3.233545	
345	1.326178	-2.890625	1.020185	-3.213345	
346	1.328125	-2.882406	1.015987	-3.204834	
346	1.330794	-2.871094	1.010202	-3.193128	
347	1.330794	-2.871094	1.010202	-3.193128	
347	1.335293	-2.851562	1.000167	-3.172895	
348	1.335293	-2.851562	1.000167	-3.172895	
348	1.339664	-2.832031	0.990078	-3.152638	
349	1.339664	-2.832031	0.990078	-3.152638	
349	1.343909	-2.812500	0.979935	-3.132358	
350	1.326178	-2.890625	1.020185	-3.213345	
350	1.328125	-2.882406	1.015987	-3.204834	
351	1.343909	-2.812500	0.979935	-3.132358	
351	1.347656	-2.794753	0.970671	-3.113912	
352	1.347656	-2.794753	0.970671	-3.113912	
352	1.348032	-2.792969	0.969738	-3.112059	
353	1.348032	-2.792969	0.969738	-3.112059	
353	1.352062	-2.773438	0.959497	-3.091756	
354	1.352062	-2.773438	0.959497	-3.091756	
354	1.355971	-2.753906	0.949202	-3.071435	
355	1.355971	-2.753906	0.949202	-3.071435	
355	1.359762	-2.734375	0.938855	-3.051095	
356	1.359762	-2.734375	0.938855	-3.051095	
356	1.363436	-2.714844	0.928454	-3.030738	
357	1.363436	-2.714844	0.928454	-3.030738	
357	1.366994	-2.695312	0.918002	-3.010365	
358	1.367188	-2.694227	0.917419	-3.009231	
358	1.370468	-2.675781	0.907506	-2.989994	
359	1.370468	-2.675781	0.907506	-2.989994	
359	1.373832	-2.656250	0.896959	-2.969610	
360	1.366994	-2.695312	0.918002	-3.010365	
360	1.367188	-2.694227	0.917419	-3.009231	
361	1.373832	-2.656250	0.896959	-2.969610	
361	1.377084	-2.636719	0.886361	-2.949213	
362	1.377084	-2.636719	0.886361	-2.949213	
362	1.380226	-2.617188	0.875712	-2.928803	
363	1.380226	-2.617188	0.875712	-2.928803	
363	1.383260	-2.597656	0.865011	-2.908382	
364	1.383260	-2.597656	0.865011	-2.908382	
364	1.386186	-2.578125	0.854260	-2.887951	
365	1.386186	-2.578125	0.854260	-2.887951	
365	1.386719	-2.574462	0.852236	-2.884115	
366	1.386719	-2.574462	0.852236	-2.884115	
366	1.389031	-2.558594	0.843465	-2.867524	
367	1.389031	-2.558594	0.843465	-2.867524	
367	1.391776	-2.539062	0.832622	-2.847092	
368	1.391776	-2.539062	0.832622	-2.847092	
368	1.394417	-2.519531	0.821729	-2.826651	
369	1.394417	-2.519531	0.821729	-2.826651	
369	1.396955	-2.500000	0.810785	-2.806203	
370	0.019531	-3.738435	1.279295	-3.640183	
370	0.011241	-3.730469	1.275681	-3.626900	
371	0.019531	-3.738435	1.279295	-3.640183	
371	0.032082	-3.750000	1.284626	-3.659676	
372	0.000000	-3.719664	1.270809	-3.608906	
372	0.011241	-3.730469	1.275681	-3.626900	
373	0.924931	-3.750000	1.392661	-4.046580	
373	0.937500	-3.736198	1.388262	-4.035421	
374	0.937500	-3.736198	1.388262	-4.035421	
374	0.942495	-3.730469	1.386391	-4.030691	
375	0.957031	-3.713548	1.380815	-4.016656	
375	0.959184	-3.710938	1.379937	-4.014452	
376	0.942495	-3.730469	1.386391	-4.030691	
376	0.957031	-3.713548	1.380815	-4.016656	
377	0.976562	-3.689539	1.372669	-3.996302	
377	0.990203	-3.671875	1.366515	-3.981035	
378	0.959184	-3.710938	1.379937	-4.014452	
378	0.975065	-3.691406	1.373308	-3.997892	
379	0.975065	-3.691406	1.373308	-3.997892	
379	0.976562	-3.689539	1.372669	-3.996302	
380	1.015625	-3.637196	1.354118	-3.950552	
380	1.018678	-3.632812	1.352514	-3.946632	
381	1.018678	-3.632812	1.352514	-3.946632	
381	1.032073	-3.613281	1.345315	-3.929107	
382	1.035156	-3.608714	1.343619	-3.924995	
382	1.044954	-3.593750	1.337991	-3.911386	
383	1.032073	-3.613281	1.345315	-3.929107	
383	1.035156	-3.608714	1.343619	-3.924995	
384	0.990203	-3.671875	1.366515	-3.981035	
384	0.996094	-3.664116	1.363787	-3.974298	
385	0.996094	-3.664116	1.363787	-3.974298	
385	1.004721	-3.652344	1.359580	-3.963940	
386	1.004721	-3.652344	1.359580	-3.963940	
386	1.015625	-3.637196	1.354118	-3.950552	
387	1.093750	-3.512979	1.306558	-3.836465	
387	1.103100	-3.496094	1.299763	-3.820492	
388	1.113281	-3.477271	1.292118	-3.802610	
388	1.113656	-3.476562	1.291828	-3.801933	
389	1.103100	-3.496094	1.299763	-3.820492	
389	1.113281	-3.477271	1.292118	-3.802610	
390	1.132812	-3.439444	1.276494	-3.766343	
390	1.133783	-3.437500	1.275681	-3.764467	
391	1.113656	-3.476562	1.291828	-3.801933	
391	1.123853	-3.457031	1.283794	-3.783242	
392	1.123853	-3.457031	1.283794	-3.783242	
392	1.132812	-3.439444	1.276494	-3.766343	
393	1.044954	-3.593750	1.337991	-3.911386	
393	1.054688	-3.578584	1.332235	-3.897533	
394	1.054688	-3.578584	1.332235	-3.897533	
394	1.057409	-3.574219	1.330559	-3.893512	
395	1.057409	-3.574219	1.330559	-3.893512	
395	1.069406	-3.554688	1.323012	-3.875463	
396	1.069406	-3.554688	1.323012	-3.875463	
396	1.074219	-3.546710	1.319905	-3.868064	
397	1.074219	-3.546710	1.319905	-3.868064	
397	1.081006	-3.535156	1.315361	-3.857271	
398	1.081006	-3.535156	1.315361	-3.857271	
398	1.092248	-3.515625	1.307614	-3.838954	
399	1.092248	-3.515625	1.307614	-3.838954	
399	1.093750	-3.512979	1.306558	-3.836465	
400	1.133783	-3.437500	1.275681	-3.764467	
400	1.143396	-3.417969	1.267478	-3.745579	
401	1.152344	-3.399328	1.259579	-3.727484	
401	1.152763	-3.398438	1.259199	-3.726616	
402	1.143396	-3.417969	1.267478	-3.745579	
402	1.152344	-3.399328	1.259579	-3.727484	
403	1.152763	-3.398438	1.259199	-3.726616	
403	1.161842	-3.378906	1.250835	-3.707553	
404	1.161842	-3.378906	1.250835	-3.707553	
404	1.170693	-3.359375	1.242398	-3.688421	
405	1.171875	-3.356728	1.241249	-3.685822	
405	1.179287	-3.339844	1.233883	-3.669204	
406	1.179287	-3.339844	1.233883	-3.669204	
406	1.187660	-3.320312	1.225296	-3.649921	
407	1.187660	-3.320312	1.225296	-3.649921	
407	1.191406	-3.311407	1.221357	-3.641108	
408	1.191406	-3.311407	1.221357	-3.641108	
408	1.195808	-3.300781	1.216636	-3.630569	
409	1.195808	-3.300781	1.216636	-3.630569	
409	1.203741	-3.281250	1.207906	-3.611152	
410	1.170693	-3.359375	1.242398	-3.688421	
410	1.171875	-3.356728	1.241249	-3.685822	
411	1.203741	-3.281250	1.207906	-3.611152	
411	1.210938	-3.263089	1.199728	-3.593046	
412	1.210938	-3.263089	1.199728	-3.593046	
412	1.211473	-3.261719	1.199108	-3.591677	
413	1.211473	-3.261719	1.199108	-3.591677	
413	1.218999	-3.242188	1.190241	-3.572140	
414	1.218999	-3.242188	1.190241	-3.572140	
414	1.226335	-3.222656	1.181309	-3.552551	
415	1.230469	-3.211422	1.176141	-3.541259	
415	1.233485	-3.203125	1.172311	-3.532910	
416	1.226335	-3.222656	1.181309	-3.552551	
416	1.230469	-3.211422	1.176141	-3.541259	
417	1.233485	-3.203125	1.172311	-3.532910	
417	1.240453	-3.183594	1.163249	-3.513219	
418	1.240453	-3.183594	1.163249	-3.513219	
418	1.247244	-3.164062	1.154123	-3.493481	
419	1.247244	-3.164062	1.154123	-3.493481	
419	1.250000	-3.155983	1.150329	-3.485302	
420	1.396955	-2.500000	0.810785	-2.806203	
420	1.399392	-2.480469	0.799792	-2.785749	
421	1.399392	-2.480469	0.799792	-2.785749	
421	1.401727	-2.460938	0.788748	-2.765289	
422	1.401727	-2.460938	0.788748	-2.765289	
422	1.403962	-2.441406	0.777656	-2.744825	
423	1.403962	-2.441406	0.777656	-2.744825	
423	1.406098	-2.421875	0.766513	-2.724356	
424	1.406098	-2.421875	0.766513	-2.724356	
424	1.406250	-2.420426	0.765684	-2.722836	
425	1.406250	-2.420426	0.765684	-2.722836	
425	1.408159	-2.402344	0.755329	-2.703898	
426	1.408159	-2.402344	0.755329	-2.703898	
426	1.410124	-2.382812	0.744096	-2.683438	
427	1.410124	-2.382812	0.744096	-2.683438	
427	1.411992	-2.363281	0.732814	-2.662977	
428	1.411992	-2.363281	0.732814	-2.662977	
428	1.413763	-2.343750	0.721483	-2.642514	
429	1.413763	-2.343750	0.721483	-2.642514	
429	1.415439	-2.324219	0.710103	-2.622051	
430	1.415439	-2.324219	0.710103	-2.622051	
430	1.417019	-2.304688	0.698674	-2.601588	
431	1.417019	-2.304688	0.698674	-2.601588	
431	1.418504	-2.285156	0.687196	-2.581125	
432	1.418504	-2.285156	0.687196	-2.581125	
432	1.419896	-2.265625	0.675669	-2.560664	
433	1.419896	-2.265625	0.675669	-2.560664	
433	1.421194	-2.246094	0.664093	-2.540206	
434	1.421194	-2.246094	0.664093	-2.540206	
434	1.422398	-2.226562	0.652468	-2.519750	
435	1.422398	-2.226562	0.652468	-2.519750	
435	1.423511	-2.207031	0.640795	-2.499298	
436	1.423511	-2.207031	0.640795	-2.499298	
436	1.424531	-2.187500	0.629073	-2.478850	
437	1.424531	-2.187500	0.629073	-2.478850	
437	1.425459	-2.167969	0.617302	-2.458407	
438	1.425781	-2.160478	0.612771	-2.450562	
438	1.426304	-2.148438	0.605485	-2.437975	
439	1.425459	-2.167969	0.617302	-2.458407	
439	1.425781	-2.160478	0.612771	-2.450562	
440	1.426304	-2.148438	0.605485	-2.437975	
440	1.427061	-2.128906	0.593621	-2.417551	
441	1.427061	-2.128906	0.593621	-2.417551	
441	1.427726	-2.109375	0.581707	-2.397133	
442	1.427726	-2.109375	0.581707	-2.397133	
442	1.428299	-2.089844	0.569744	-2.376722	
443	1.428299	-2.089844	0.569744	-2.376722	
443	1.428781	-2.070312	0.557733	-2.356318	
444	1.428781	-2.070312	0.557733	-2.356318	
444	1.429171	-2.050781	0.545671	-2.335923	
445	1.429171	-2.050781	0.545671	-2.335923	
445	1.429469	-2.031250	0.533560	-2.315535	
446	1.429469	-2.031250	0.533560	-2.315535	
446	1.429676	-2.011719	0.521400	-2.295157	
447	1.429676	-2.011719	0.521400	-2.295157	
447	1.429791	-1.992188	0.509190	-2.274788	
448	1.429791	-1.992188	0.509190	-2.274788	
448	1.429814	-1.972656	0.496930	-2.254429	
449	1.429814	-1.972656	0.496930	-2.254429	
449	1.429745	-1.953125	0.484619	-2.234081	
450	1.429745	-1.953125	0.484619	-2.234081	
450	1.429584	-1.933594	0.472259	-2.213744	
451	1.429584	-1.933594	0.472259	-2.213744	
451	1.429330	-1.914062	0.459848	-2.193418	
452	1.429330	-1.914062	0.459848	-2.193418	
452	1.428984	-1.894531	0.447386	-2.173104	
453	1.428984	-1.894531	0.447386	-2.173104	
453	1.428545	-1.875000	0.434874	-2.152802	
454	1.428545	-1.875000	0.434874	-2.152802	
454	1.428012	-1.855469	0.422310	-2.132514	
455	1.428012	-1.855469	0.422310	-2.132514	
455	1.427385	-1.835938	0.409695	-2.112238	
456	1.427385	-1.835938	0.409695	-2.112238	
456	1.426664	-1.816406	0.397028	-2.091976	
457	1.426664	-1.816406	0.397028	-2.091976	
457	1.425847	-1.796875	0.384308	-2.071728	
458	1.424951	-1.777344	0.371543	-2.051505	
458	1.425781	-1.795472	0.383391	-2.070272	
459	1.425781	-1.795472	0.383391	-2.070272	
459	1.425847	-1.796875	0.384308	-2.071728	
460	1.424951	-1.777344	0.371543	-2.051505	
460	1.423961	-1.757812	0.358726	-2.031298	
461	1.423961	-1.757812	0.358726	-2.031298	
461	1.422877	-1.738281	0.345857	-2.011107	
462	1.422877	-1.738281	0.345857	-2.011107	
462	1.421696	-1.718750	0.332935	-1.990933	
463	1.421696	-1.718750	0.332935	-1.990933	
463	1.420419	-1.699219	0.319959	-1.970776	
464	1.420419	-1.699219	0.319959	-1.970776	
464	1.419044	-1.679688	0.306930	-1.950637	
465	1.419044	-1.679688	0.306930	-1.950637	
465	1.417570	-1.660156	0.293847	-1.930515	
466	1.417570	-1.660156	0.293847	-1.930515	
466	1.415997	-1.640625	0.280709	-1.910411	
467	1.415997	-1.640625	0.280709	-1.910411	
467	1.414323	-1.621094	0.267515	-1.890324	
468	1.414323	-1.621094	0.267515	-1.890324	
468	1.412546	-1.601562	0.254265	-1.870256	
469	1.412546	-1.601562	0.254265	-1.870256	
469	1.410665	-1.582031	0.240959	-1.850206	
470	1.410665	-1.582031	0.240959	-1.850206	
470	1.408680	-1.562500	0.227595	-1.830174	
471	1.404426	-1.523438	0.200709	-1.790191	
471	1.406250	-1.539985	0.212114	-1.807100	
472	1.404426	-1.523438	0.200709	-1.790191	
472	1.402165	-1.503906	0.187190	-1.770247	
473	1.402165	-1.503906	0.187190	-1.770247	
473	1.399796	-1.484375	0.173611	-1.750323	
474	1.399796	-1.484375	0.173611	-1.750323	
474	1.397315	-1.464844	0.159973	-1.730420	
475	1.397315	-1.464844	0.159973	-1.730420	
475	1.394722	-1.445312	0.146273	-1.710537	
476	1.394722	-1.445312	0.146273	-1.710537	
476	1.392014	-1.425781	0.132511	-1.690675	
477	1.392014	-1.425781	0.132511	-1.690675	
477	1.389189	-1.406250	0.118685	-1.670832	
478	1.408680	-1.562500	0.227595	-1.830174	
478	1.406587	-1.542969	0.214173	-1.810161	
479	1.406250	-1.539985	0.212114	-1.807100	
479	1.406587	-1.542969	0.214173	-1.810161	
480	1.386254	-1.386719	0.104800	-1.651017	
480	1.386719	-1.389877	0.107042	-1.654208	
481	1.386719	-1.389877	0.107042	-1.654208	
481	1.389189	-1.406250	0.118685	-1.670832	
482	1.386254	-1.386719	0.104800	-1.651017	
482	1.383258	-1.367188	0.090876	-1.631260	
483	1.383258	-1.367188	0.090876	-1.631260	
483	1.380140	-1.347656	0.076888	-1.611525	
484	1.380140	-1.347656	0.076888	-1.611525	
484	1.376899	-1.328125	0.062832	-1.591811	
485	1.376899	-1.328125	0.062832	-1.591811	
485	1.373531	-1.308594	0.048709	-1.572119	
486	1.373531	-1.308594	0.048709	-1.572119	
486	1.370033	-1.289062	0.034516	-1.552448	
487	1.367188	-1.273763	0.023343	-1.537045	
487	1.370033	-1.289062	0.034516	-1.552448	
488	1.366421	-1.269531	0.020261	-1.532809	
488	1.367188	-1.273763	0.023343	-1.537045	
489	1.366421	-1.269531	0.020261	-1.532809	
489	1.362745	-1.250000	0.005967	-1.513238	
490	1.362745	-1.250000	0.005967	-1.513238	
490	1.358934	-1.230469	-0.008399	-1.493688	
491	1.358934	-1.230469	-0.008399	-1.493688	
491	1.354983	-1.210938	-0.022839	-1.474161	
492	1.354983	-1.210938	-0.022839	-1.474161	
492	1.350888	-1.191406	-0.037355	-1.454655	
493	1.347656	-1.176528	-0.048472	-1.439800	
493	1.350888	-1.191406	-0.037355	-1.454655	
494	1.346672	-1.171875	-0.051937	-1.435185	
494	1.347656	-1.176528	-0.048472	-1.439800	
495	1.346672	-1.171875	-0.051937	-1.435185	
495	1.342390	-1.152344	-0.066557	-1.415791	
496	1.342390	-1.152344	-0.066557	-1.415791	
496	1.337958	-1.132812	-0.081257	-1.396419	
497	1.337958	-1.132812	-0.081257	-1.396419	
497	1.333368	-1.113281	-0.096040	-1.377068	
498	1.333368	-1.113281	-0.096040	-1.377068	
498	1.328618	-1.093750	-0.110907	-1.357738	
499	1.323818	-1.074219	-0.125804	-1.338502	
499	1.328125	-1.091792	-0.112406	-1.355797	
500	1.323818	-1.074219	-0.125804	-1.338502	
500	1.318866	-1.054688	-0.140781	-1.319296	
501	1.318866	-1.054688	-0.140781	-1.319296	
501	1.313741	-1.035156	-0.155849	-1.300111	
502	1.308594	-1.016203	-0.170562	-1.281509	
502	1.313741	-1.035156	-0.155849	-1.300111	
503	1.308441	-1.015625	-0.171009	-1.280947	
503	1.308594	-1.016203	-0.170562	-1.281509	
504	1.328125	-1.091792	-0.112406	-1.355797	
504	1.328618	-1.093750	-0.110907	-1.357738	
505	1.308441	-1.015625	-0.171009	-1.280947	
505	1.303105	-0.996094	-0.186189	-1.261896	
506	1.303105	-0.996094	-0.186189	-1.261896	
506	1.297583	-0.976562	-0.201467	-1.242866	
507	1.297583	-0.976562	-0.201467	-1.242866	
507	1.291869	-0.957031	-0.216845	-1.223854	
508	1.289062	-0.947754	-0.224197	-1.214816	
508	1.291869	-0.957031	-0.216845	-1.223854	
509	1.286043	-0.937500	-0.232281	-1.204916	
509	1.289062	-0.947754	-0.224197	-1.214816	
510	1.286043	-0.937500	-0.232281	-1.204916	
510	1.280098	-0.917969	-0.247779	-1.186050	
511	1.280098	-0.917969	-0.247779	-1.186050	
511	1.273943	-0.898438	-0.263387	-1.167202	
512	1.267629	-0.878906	-0.279077	-1.148406	
512	1.269531	-0.884903	-0.274279	-1.154138	
513	1.269531	-0.884903	-0.274279	-1.154138	
513	1.273943	-0.898438	-0.263387	-1.167202	
514	1.267629	-0.878906	-0.279077	-1.148406	
514	1.261226	-0.859375	-0.294811	-1.129713	
515	1.261226	-0.859375	-0.294811	-1.129713	
515	1.254594	-0.839844	-0.310664	-1.111037	
516	1.250000	-0.826766	-0.321360	-1.098526	
516	1.254594	-0.839844	-0.310664	-1.111037	
517	1.247793	-0.820312	-0.326604	-1.092419	
517	1.250000	-0.826766	-0.321360	-1.098526	
518	1.247793	-0.820312	-0.326604	-1.092419	
518	1.240892	-0.800781	-0.342593	-1.073907	
519	1.240892	-0.800781	-0.342593	-1.073907	
519	1.233739	-0.781250	-0.358712	-1.055410	
520	1.226452	-0.761719	-0.374896	-1.037008	
520	1.230469	-0.772614	-0.365895	-1.047222	
521	1.230469	-0.772614	-0.365895	-1.047222	
521	1.233739	-0.781250	-0.358712	-1.055410	
522	1.226452	-0.761719	-0.374896	-1.037008	
522	1.219001	-0.742188	-0.391161	-1.018686	
523	1.219001	-0.742188	-0.391161	-1.018686	
523	1.211270	-0.722656	-0.407572	-1.000376	
524	1.210938	-0.721841	-0.408262	-0.999610	
524	1.211270	-0.722656	-0.407572	-1.000376	
525	1.203495	-0.703125	-0.423995	-0.982231	
525	1.210938	-0.721841	-0.408262	-0.999610	
526	1.203495	-0.703125	-0.423995	-0.982231	
526	1.195433	-0.683594	-0.440567	-0.964105	
527	1.191406	-0.674168	-0.448635	-0.955347	
527	1.195433	-0.683594	-0.440567	-0.964105	
528	1.187201	-0.664062	-0.457219	-0.946078	
528	1.191406	-0.674168	-0.448635	-0.955347	
529	1.187201	-0.664062	-0.457219	-0.946078	
529	1.178785	-0.644531	-0.473958	-0.928146	
530	1.171875	-0.629084	-0.487330	-0.913962	
530	1.178785	-0.644531	-0.473958	-0.928146	
531	1.170095	-0.625000	-0.490836	-0.910262	
531	1.171875	-0.629084	-0.487330	-0.913962	
532	1.092896	-0.468750	-0.629388	-0.771169	
532	1.093750	-0.470363	-0.627935	-0.772552	
533	1.170095	-0.625000	-0.490836	-0.910262	
533	1.161299	-0.605469	-0.507754	-0.892535	
534	1.152344	-0.586364	-0.524484	-0.875202	
534	1.161299	-0.605469	-0.507754	-0.892535	
535	1.152149	-0.585938	-0.524854	-0.874821	
535	1.152344	-0.586364	-0.524484	-0.875202	
536	1.152149	-0.585938	-0.524854	-0.874821	
536	1.142944	-0.566406	-0.541960	-0.857309	
537	1.142944	-0.566406	-0.541960	-0.857309	
537	1.133349	-0.546875	-0.559268	-0.839807	
538	1.123680	-0.527344	-0.576587	-0.822511	
538	1.132812	-0.545816	-0.560215	-0.838855	
539	1.123680	-0.527344	-0.576587	-0.822511	
539	1.113607	-0.507812	-0.594113	-0.805235	
540	1.132812	-0.545816	-0.560215	-0.838855	
540	1.133349	-0.546875	-0.559268	-0.839807	
541	1.103460	-0.488281	-0.611646	-0.788184	
541	1.113281	-0.507199	-0.594669	-0.804691	
542	1.113281	-0.507199	-0.594669	-0.804691	
542	1.113607	-0.507812	-0.594113	-0.805235	
543	1.093750	-0.470363	-0.627935	-0.772552	
543	1.103460	-0.488281	-0.611646	-0.788184	
544	1.092896	-0.468750	-0.629388	-0.771169	
544	1.082225	-0.449219	-0.647149	-0.754379	
545	1.074219	-0.435160	-0.660102	-0.742291	
545	1.082225	-0.449219	-0.647149	-0.754379	
546	1.071172	-0.429688	-0.665093	-0.737669	
546	1.074219	-0.435160	-0.660102	-0.742291	
547	1.071172	-0.429688	-0.665093	-0.737669	
547	1.059908	-0.410156	-0.683112	-0.721150	
548	1.054688	-0.401439	-0.691255	-0.713773	
548	1.059908	-0.410156	-0.683112	-0.721150	
549	1.048348	-0.390625	-0.701253	-0.704789	
549	1.054688	-0.401439	-0.691255	-0.713773	
550	1.048348	-0.390625	-0.701253	-0.704789	
550	1.036423	-0.371094	-0.719555	-0.688561	
551	1.035156	-0.369082	-0.721460	-0.686888	
551	1.036423	-0.371094	-0.719555	-0.688561	
552	1.024335	-0.351562	-0.737885	-0.672594	
552	1.035156	-0.369082	-0.721460	-0.686888	
553	1.015625	-0.338038	-0.750745	-0.661567	
553	1.024335	-0.351562	-0.737885	-0.672594	
554	1.011830	-0.332031	-0.756398	-0.656766	
554	1.015625	-0.338038	-0.750745	-0.661567	
555	1.011830	-0.332031	-0.756398	-0.656766	
555	0.999027	-0.312500	-0.775010	-0.641163	
556	0.972469	-0.273438	-0.812537	-0.610679	
556	0.976562	-0.279433	-0.806795	-0.615256	
557	0.985959	-0.292969	-0.793692	-0.625821	
557	0.996094	-0.308175	-0.779181	-0.637709	
558	0.996094	-0.308175	-0.779181	-0.637709	
558	0.999027	-0.312500	-0.775010	-0.641163	
559	0.976562	-0.279433	-0.806795	-0.615256	
559	0.985959	-0.292969	-0.793692	-0.625821	
560	0.972469	-0.273438	-0.812537	-0.610679	
560	0.958624	-0.253906	-0.831489	-0.595798	
561	0.957031	-0.251727	-0.833628	-0.594142	
561	0.958624	-0.253906	-0.831489	-0.595798	
562	0.944524	-0.234375	-0.850474	-0.581253	
562	0.957031	-0.251727	-0.833628	-0.594142	
563	0.937500	-0.224996	-0.859704	-0.574316	
563	0.944524	-0.234375	-0.850474	-0.581253	
564	0.929993	-0.214844	-0.869591	-0.566985	
564	0.937500	-0.224996	-0.859704	-0.574316	
565	0.917969	-0.199178	-0.885049	-0.555734	
565	0.929993	-0.214844	-0.869591	-0.566985	
566	0.915035	-0.195312	-0.888823	-0.553026	
566	0.917969	-0.199178	-0.885049	-0.555734	
567	0.915035	-0.195312	-0.888823	-0.553026	
567	0.899703	-0.175781	-0.908117	-0.539439	
568	0.898438	-0.174213	-0.909681	-0.538356	
568	0.899703	-0.175781	-0.908117	-0.539439	
569	0.884059	-0.156250	-0.927411	-0.526285	
569	0.898438	-0.174213	-0.909681	-0.538356	
570	0.851464	-0.117188	-0.966144	-0.501272	
570	0.859375	-0.126567	-0.956884	-0.507075	
571	0.834525	-0.097656	-0.985515	-0.489511	
571	0.839844	-0.103800	-0.979462	-0.493130	
572	0.839844	-0.103800	-0.979462	-0.493130	
572	0.851464	-0.117188	-0.966144	-0.501272	
573	0.820312	-0.081660	-1.001363	-0.480288	
573	0.834525	-0.097656	-0.985515	-0.489511	
574	0.817173	-0.078125	-1.004832	-0.478319	
574	0.820312	-0.081660	-1.001363	-0.480288	
575	0.867978	-0.136719	-0.946763	-0.513547	
575	0.878906	-0.150019	-0.933626	-0.522143	
576	0.878906	-0.150019	-0.933626	-0.522143	
576	0.884059	-0.156250	-0.927411	-0.526285	
577	0.859375	-0.126567	-0.956884	-0.507075	
577	0.867978	-0.136719	-0.946763	-0.513547	
578	0.799425	-0.058594	-1.024038	-0.467759	
578	0.800781	-0.060084	-1.022586	-0.468537	
579	0.800781	-0.060084	-1.022586	-0.468537	
579	0.817173	-0.078125	-1.004832	-0.478319	
580	0.799425	-0.058594	-1.024038	-0.467759	
580	0.781312	-0.039062	-1.043063	-0.457899	
581	0.781250	-0.038997	-1.043127	-0.457867	
581	0.781312	-0.039062	-1.043063	-0.457899	
582	0.762910	-0.019531	-1.061796	-0.448823	
582	0.781250	-0.038997	-1.043127	-0.457867	
583	0.761719	-0.018277	-1.062987	-0.448268	
583	0.762910	-0.019531	-1.061796	-0.448823	
584	0.744227	0.000000	-1.080164	-0.440590	
584	0.761719	-0.018277	-1.062987	-0.448268	
585	0.619107	0.136719	-1.182568	-0.412105	
585	0.625000	0.129192	-1.178859	-0.412334	
586	0.619107	0.136719	-1.182568	-0.412105	
586	0.605513	0.156250	-1.190396	-0.412016	
587	0.585084	0.195312	-1.198966	-0.412842	
587	0.585938	0.193401	-1.198722	-0.412795	
588	0.594211	0.175781	-1.195798	-0.412374	
588	0.605469	0.156324	-1.190419	-0.412016	
589	0.605469	0.156324	-1.190419	-0.412016	
589	0.605513	0.156250	-1.190396	-0.412016	
590	0.585938	0.193401	-1.198722	-0.412795	
590	0.594211	0.175781	-1.195798	-0.412374	
591	0.585084	0.195312	-1.198966	-0.412842	
591	0.578429	0.214844	-1.199923	-0.413055	
592	0.578429	0.214844	-1.199923	-0.413055	
592	0.573862	0.234375	-1.199058	-0.412750	
593	0.573862	0.234375	-1.199058	-0.412750	
593	0.571173	0.253906	-1.196661	-0.411718	
594	0.571173	0.253906	-1.196661	-0.411718	
594	0.570093	0.273438	-1.193030	-0.409825	
595	0.570093	0.273438	-1.193030	-0.409825	
595	0.570341	0.292969	-1.188438	-0.407005	
596	0.570341	0.292969	-1.188438	-0.407005	
596	0.571647	0.312500	-1.183123	-0.403241	
597	0.571647	0.312500	-1.183123	-0.403241	
597	0.573766	0.332031	-1.177279	-0.398552	
598	0.573766	0.332031	-1.177279	-0.398552	
598	0.576494	0.351562	-1.171062	-0.392977	
599	0.576494	0.351562	-1.171062	-0.392977	
599	0.579659	0.371094	-1.164593	-0.386565	
600	0.579659	0.371094	-1.164593	-0.386565	
600	0.583126	0.390625	-1.157964	-0.379365	
601	0.583126	0.390625	-1.157964	-0.379365	
601	0.585938	0.405497	-1.152844	-0.373377	
602	0.585938	0.405497	-1.152844	-0.373377	
602	0.586854	0.410156	-1.151229	-0.371411	
603	0.586854	0.410156	-1.151229	-0.371411	
603	0.590925	0.429688	-1.144408	-0.362699	
604	0.590925	0.429688	-1.144408	-0.362699	
604	0.595053	0.449219	-1.137599	-0.353340	
605	0.595053	0.449219	-1.137599	-0.353340	
605	0.599187	0.468750	-1.130833	-0.343376	
606	0.599187	0.468750	-1.130833	-0.343376	
606	0.603288	0.488281	-1.124134	-0.332845	
607	0.605469	0.498718	-1.120585	-0.326993	
607	0.607466	0.507812	-1.117494	-0.321739	
608	0.603288	0.488281	-1.124134	-0.332845	
608	0.605469	0.498718	-1.120585	-0.326993	
609	0.607466	0.507812	-1.117494	-0.321739	
609	0.611718	0.527344	-1.110929	-0.310084	
610	0.611718	0.527344	-1.110929	-0.310084	
610	0.615862	0.546875	-1.104479	-0.297959	
611	0.615862	0.546875	-1.104479	-0.297959	
611	0.619887	0.566406	-1.098152	-0.285387	
612	0.619887	0.566406	-1.098152	-0.285387	
612	0.623786	0.585938	-1.091952	-0.272393	
613	0.623786	0.585938	-1.091952	-0.272393	
613	0.625000	0.592171	-1.090001	-0.268162	
614	0.687582	0.058594	-1.131543	-0.421775	
614	0.703125	0.042497	-1.118141	-0.426000	
615	0.683594	0.062836	-1.134904	-0.420803	
615	0.687582	0.058594	-1.131543	-0.421775	
616	0.669105	0.078125	-1.146724	-0.417698	
616	0.683594	0.062836	-1.134904	-0.420803	
617	0.725351	0.019531	-1.098032	-0.433285	
617	0.742188	0.002126	-1.082131	-0.439751	
618	0.722656	0.022332	-1.100530	-0.432323	
618	0.725351	0.019531	-1.098032	-0.433285	
619	0.706410	0.039062	-1.115228	-0.426988	
619	0.722656	0.022332	-1.100530	-0.432323	
620	0.742188	0.002126	-1.082131	-0.439751	
620	0.744227	0.000000	-1.080164	-0.440590	
621	0.703125	0.042497	-1.118141	-0.426000	
621	0.706410	0.039062	-1.115228	-0.426988	
622	0.651284	0.097656	-1.160488	-0.414772	
622	0.664062	0.083670	-1.150727	-0.416765	
623	0.644531	0.105504	-1.165463	-0.413926	
623	0.651284	0.097656	-1.160488	-0.414772	
624	0.634486	0.117188	-1.172530	-0.412951	
624	0.644531	0.105504	-1.165463	-0.413926	
625	0.664062	0.083670	-1.150727	-0.416765	
625	0.669105	0.078125	-1.146724	-0.417698	
626	0.625000	0.129192	-1.178859	-0.412334	
626	0.634486	0.117188	-1.172530	-0.412951	
627	0.625000	0.592171	-1.090001	-0.268162	
627	0.627735	0.605469	-1.085861	-0.258945	
628	0.627735	0.605469	-1.085861	-0.258945	
628	0.631624	0.625000	-1.079897	-0.245095	
629	0.631624	0.625000	-1.079897	-0.245095	
629	0.635366	0.644531	-1.074075	-0.230884	
630	0.635366	0.644531	-1.074075	-0.230884	
630	0.638961	0.664062	-1.068394	-0.216329	
631	0.638961	0.664062	-1.068394	-0.216329	
631	0.642411	0.683594	-1.062854	-0.201444	
632	0.644531	0.696078	-1.059388	-0.191765	
632	0.645796	0.703125	-1.057449	-0.186221	
633	0.642411	0.683594	-1.062854	-0.201444	
633	0.644531	0.696078	-1.059388	-0.191765	
634	0.645796	0.703125	-1.057449	-0.186221	
634	0.649169	0.722656	-1.052175	-0.170663	
635	0.649169	0.722656	-1.052175	-0.170663	
635	0.652391	0.742188	-1.047044	-0.154817	
636	0.652391	0.742188	-1.047044	-0.154817	
636	0.655467	0.761719	-1.042056	-0.138695	
637	0.655467	0.761719	-1.042056	-0.138695	
637	0.658401	0.781250	-1.037208	-0.122307	
638	0.658401	0.781250	-1.037208	-0.122307	
638	0.661195	0.800781	-1.032500	-0.105660	
639	0.661195	0.800781	-1.032500	-0.105660	
639	0.663855	0.820312	-1.027930	-0.088766	
640	0.664062	0.821909	-1.027563	-0.087375	
640	0.666520	0.839844	-1.023489	-0.071601	
641	0.666520	0.839844	-1.023489	-0.071601	
641	0.669057	0.859375	-1.019184	-0.054206	
642	0.663855	0.820312	-1.027930	-0.088766	
642	0.664062	0.821909	-1.027563	-0.087375	
643	0.669057	0.859375	-1.019184	-0.054206	
643	0.671459	0.878906	-1.015015	-0.036589	
644	0.671459	0.878906	-1.015015	-0.036589	
644	0.673729	0.898438	-1.010979	-0.018759	
645	0.673729	0.898438	-1.010979	-0.018759	
645	0.675870	0.917969	-1.007076	-0.000721	
646	0.675870	0.917969	-1.007076	-0.000721	
646	0.677886	0.937500	-1.003302	0.017518	
647	0.677886	0.937500	-1.003302	0.017518	
647	0.679780	0.957031	-0.999658	0.035952	
648	0.679780	0.957031	-0.999658	0.035952	
648	0.681554	0.976562	-0.996140	0.054576	
649	0.681554	0.976562	-0.996140	0.054576	
649	0.683212	0.996094	-0.992748	0.073384	
650	0.683594	1.000934	-0.991927	0.078071	
650	0.684814	1.015625	-0.989479	0.092380	
651	0.683212	0.996094	-0.992748	0.073384	
651	0.683594	1.000934	-0.991927	0.078071	
652	0.684814	1.015625	-0.989479	0.092380	
652	0.686315	1.035156	-0.986333	0.111551	
653	0.686315	1.035156	-0.986333	0.111551	
653	0.687699	1.054688	-0.983308	0.130889	
654	0.687699	1.054688	-0.983308	0.130889	
654	0.688968	1.074219	-0.980403	0.150389	
655	0.688968	1.074219	-0.980403	0.150389	
655	0.690123	1.093750	-0.977617	0.170048	
656	0.690123	1.093750	-0.977617	0.170048	
656	0.691167	1.113281	-0.974949	0.189862	
657	0.691167	1.113281	-0.974949	0.189862	
657	0.692102	1.132812	-0.972396	0.209825	
658	0.692102	1.132812	-0.972396	0.209825	
658	0.692928	1.152344	-0.969957	0.229935	
659	0.692928	1.152344	-0.969957	0.229935	
659	0.693649	1.171875	-0.967632	0.250188	
660	0.693649	1.171875	-0.967632	0.250188	
660	0.694265	1.191406	-0.965418	0.270581	
661	0.694265	1.191406	-0.965418	0.270581	
661	0.694777	1.210938	-0.963314	0.291110	
662	0.694777	1.210938	-0.963314	0.291110	
662	0.695186	1.230469	-0.961320	0.311771	
663	0.695186	1.230469	-0.961320	0.311771	
663	0.695494	1.250000	-0.959433	0.332563	
664	0.695494	1.250000	-0.959433	0.332563	
664	0.695702	1.269531	-0.957653	0.353481	
665	0.695702	1.269531	-0.957653	0.353481	
665	0.695809	1.289062	-0.955979	0.374523	
666	0.695809	1.289062	-0.955979	0.374523	
666	0.695818	1.308594	-0.954408	0.395687	
667	0.695818	1.308594	-0.954408	0.395687	
667	0.695729	1.328125	-0.952941	0.416970	
668	0.695729	1.328125	-0.952941	0.416970	
668	0.695542	1.347656	-0.951576	0.438368	
669	0.695542	1.347656	-0.951576	0.438368	
669	0.695258	1.367188	-0.950311	0.459881	
670	0.695258	1.367188	-0.950311	0.459881	
670	0.694878	1.386719	-0.949146	0.481504	
671	0.694878	1.386719	-0.949146	0.481504	
671	0.694401	1.406250	-0.948080	0.503238	
672	0.694401	1.406250	-0.948080	0.503238	
672	0.693828	1.425781	-0.947112	0.525078	
673	0.693828	1.425781	-0.947112	0.525078	
673	0.693160	1.445312	-0.946239	0.547023	
674	0.693160	1.445312	-0.946239	0.547023	
674	0.692396	1.464844	-0.945463	0.569071	
675	0.692396	1.464844	-0.945463	0.569071	
675	0.691538	1.484375	-0.944781	0.591221	
676	0.691538	1.484375	-0.944781	0.591221	
676	0.690584	1.503906	-0.944193	0.613470	
677	0.690584	1.503906	-0.944193	0.613470	
677	0.689536	1.523438	-0.943698	0.635817	
678	0.689536	1.523438	-0.943698	0.635817	
678	0.688393	1.542969	-0.943294	0.658260	
679	0.688393	1.542969	-0.943294	0.658260	
679	0.687155	1.562500	-0.942981	0.680797	
680	0.687155	1.562500	-0.942981	0.680797	
680	0.685823	1.582031	-0.942759	0.703427	
681	0.685823	1.582031	-0.942759	0.703427	
681	0.684395	1.601562	-0.942625	0.726149	
682	0.682895	1.621094	-0.942580	0.748961	
682	0.683594	1.611901	-0.942590	0.738213	
683	0.683594	1.611901	-0.942590	0.738213	
683	0.684395	1.601562	-0.942625	0.726149	
684	0.682895	1.621094	-0.942580	0.748961	
684	0.681325	1.640625	-0.942623	0.771861	
685	0.681325	1.640625	-0.942623	0.771861	
685	0.679662	1.660156	-0.942752	0.794848	
686	0.679662	1.660156	-0.942752	0.794848	
686	0.677905	1.679688	-0.942967	0.817921	
687	0.677905	1.679688	-0.942967	0.817921	
687	0.676054	1.699219	-0.943268	0.841079	
688	0.676054	1.699219	-0.943268	0.841079	
688	0.674109	1.718750	-0.943653	0.864321	
689	0.674109	1.718750	-0.943653	0.864321	
689	0.672068	1.738281	-0.944122	0.887644	
690	0.672068	1.738281	-0.944122	0.887644	
690	0.669933	1.757812	-0.944674	0.911050	
691	0.669933	1.757812	-0.944674	0.911050	
691	0.667703	1.777344	-0.945309	0.934536	
692	0.667703	1.777344	-0.945309	0.934536	
692	0.665377	1.796875	-0.946025	0.958101	
693	0.662984	1.816406	-0.946823	0.981744	
693	0.664062	1.807536	-0.946450	0.970998	
694	0.662984	1.816406	-0.946823	0.981744	
694	0.660529	1.835938	-0.947701	1.005463	
695	0.664062	1.807536	-0.946450	0.970998	
695	0.665377	1.796875	-0.946025	0.958101	
696	0.660529	1.835938	-0.947701	1.005463	
696	0.657978	1.855469	-0.948658	1.029259	
697	0.657978	1.855469	-0.948658	1.029259	
697	0.655330	1.875000	-0.949696	1.053130	
698	0.655330	1.875000	-0.949696	1.053130	
698	0.652585	1.894531	-0.950812	1.077076	
699	0.652585	1.894531	-0.950812	1.077076	
699	0.649743	1.914062	-0.952006	1.101097	
700	0.649743	1.914062	-0.952006	1.101097	
700	0.646803	1.933594	-0.953278	1.125192	
701	0.644531	1.948242	-0.954282	1.143311	
701	0.646803	1.933594	-0.953278	1.125192	
702	0.643782	1.953125	-0.954627	1.149358	
702	0.644531	1.948242	-0.954282	1.143311	
703	0.643782	1.953125	-0.954627	1.149358	
703	0.640714	1.972656	-0.956052	1.173594	
704	0.640714	1.972656	-0.956052	1.173594	
704	0.637547	1.992188	-0.957553	1.197901	
705	0.637547	1.992188	-0.957553	1.197901	
705	0.634281	2.011719	-0.959130	1.222279	
706	0.634281	2.011719	-0.959130	1.222279	
706	0.630914	2.031250	-0.960783	1.246727	
707	0.630914	2.031250	-0.960783	1.246727	
707	0.627446	2.050781	-0.962510	1.271246	
708	0.625000	2.064220	-0.963741	1.288158	
708	0.627446	2.050781	-0.962510	1.271246	
709	0.623900	2.070312	-0.964311	1.295833	
709	0.625000	2.064220	-0.963741	1.288158	
710	0.623900	2.070312	-0.964311	1.295833	
710	0.620301	2.089844	-0.966185	1.320484	
711	0.620301	2.089844	-0.966185	1.320484	
711	0.616600	2.109375	-0.968133	1.345204	
712	0.616600	2.109375	-0.968133	1.345204	
712	0.612795	2.128906	-0.970155	1.369992	
713	0.612795	2.128906	-0.970155	1.369992	
713	0.608887	2.148438	-0.972249	1.394848	
714	0.604886	2.167969	-0.974415	1.419771	
714	0.605469	2.165109	-0.974093	1.416118	
715	0.605469	2.165109	-0.974093	1.416118	
715	0.608887	2.148438	-0.972249	1.394848	
716	0.604886	2.167969	-0.974415	1.419771	
716	0.600841	2.187500	-0.976652	1.444754	
717	0.600841	2.187500	-0.976652	1.444754	
717	0.596690	2.207031	-0.978961	1.469804	
718	0.596690	2.207031	-0.978961	1.469804	
718	0.592433	2.226562	-0.981342	1.494921	
719	0.592433	2.226562	-0.981342	1.494921	
719	0.588069	2.246094	-0.983794	1.520104	
720	0.585938	2.255463	-0.984995	1.532208	
720	0.588069	2.246094	-0.983794	1.520104	
721	0.583634	2.265625	-0.986315	1.545350	
721	0.585938	2.255463	-0.984995	1.532208	
722	0.583634	2.265625	-0.986315	1.545350	
722	0.579125	2.285156	-0.988907	1.570657	
723	0.579125	2.285156	-0.988907	1.570657	
723	0.574506	2.304688	-0.991570	1.596029	
724	0.574506	2.304688	-0.991570	1.596029	
724	0.569777	2.324219	-0.994302	1.621468	
725	0.566406	2.337873	-0.996253	1.639292	
725	0.569777	2.324219	-0.994302	1.621468	
726	0.564958	2.343750	-0.997103	1.646970	
726	0.566406	2.337873	-0.996253	1.639292	
727	0.544775	2.421875	-1.008999	1.749600	
727	0.546875	2.413984	-1.007748	1.739189	
728	0.564958	2.343750	-0.997103	1.646970	
728	0.560076	2.363281	-0.999974	1.672530	
729	0.560076	2.363281	-0.999974	1.672530	
729	0.555080	2.382812	-1.002913	1.698156	
730	0.555080	2.382812	-1.002913	1.698156	
730	0.549971	2.402344	-1.005922	1.723847	
731	0.546875	2.413984	-1.007748	1.739189	
731	0.549971	2.402344	-1.005922	1.723847	
732	0.544775	2.421875	-1.008999	1.749600	
732	0.539503	2.441406	-1.012145	1.775412	
733	0.539503	2.441406	-1.012145	1.775412	
733	0.534114	2.460938	-1.015359	1.801290	
734	0.534114	2.460938	-1.015359	1.801290	
734	0.528608	2.480469	-1.018641	1.827234	
735	0.527344	2.484905	-1.019396	1.833135	
735	0.528608	2.480469	-1.018641	1.827234	
736	0.523033	2.500000	-1.021991	1.853235	
736	0.527344	2.484905	-1.019396	1.833135	
737	0.523033	2.500000	-1.021991	1.853235	
737	0.517352	2.519531	-1.025409	1.879299	
738	0.517352	2.519531	-1.025409	1.879299	
738	0.511550	2.539062	-1.028896	1.905430	
739	0.507812	2.551450	-1.031142	1.922036	
739	0.511550	2.539062	-1.028896	1.905430	
740	0.505649	2.558594	-1.032450	1.931622	
740	0.507812	2.551450	-1.031142	1.922036	
741	0.505649	2.558594	-1.032450	1.931622	
741	0.499662	2.578125	-1.036071	1.957875	
742	0.499662	2.578125	-1.036071	1.957875	
742	0.493552	2.597656	-1.039760	1.984194	
743	0.488281	2.614202	-1.042939	2.006541	
743	0.493552	2.597656	-1.039760	1.984194	
744	0.487326	2.617188	-1.043518	2.010578	
744	0.488281	2.614202	-1.042939	2.006541	
745	0.487326	2.617188	-1.043518	2.010578	
745	0.481018	2.636719	-1.047342	2.037021	
746	0.481018	2.636719	-1.047342	2.037021	
746	0.474583	2.656250	-1.051234	2.063531	
747	0.468750	2.673636	-1.054756	2.087185	
747	0.474583	2.656250	-1.051234	2.063531	
748	0.468026	2.675781	-1.055194	2.090107	
748	0.468750	2.673636	-1.054756	2.087185	
749	0.468026	2.675781	-1.055194	2.090107	
749	0.461381	2.695312	-1.059222	2.116743	
750	0.461381	2.695312	-1.059222	2.116743	
750	0.454605	2.714844	-1.063317	2.143447	
751	0.449219	2.730121	-1.066568	2.164381	
751	0.454605	2.714844	-1.063317	2.143447	
752	0.447707	2.734375	-1.067481	2.170218	
752	0.449219	2.730121	-1.066568	2.164381	
753	0.447707	2.734375	-1.067481	2.170218	
753	0.440707	2.753906	-1.071712	2.197051	
754	0.440707	2.753906	-1.071712	2.197051	
754	0.433573	2.773438	-1.076012	2.223954	
755	0.429688	2.783944	-1.078353	2.238452	
755	0.433573	2.773438	-1.076012	2.223954	
756	0.426319	2.792969	-1.080380	2.250923	
756	0.429688	2.783944	-1.078353	2.238452	
757	0.426319	2.792969	-1.080380	2.250923	
757	0.418945	2.812500	-1.084816	2.277959	
758	0.388130	2.890625	-1.103252	2.386799	
758	0.390625	2.884509	-1.101768	2.378237	
759	0.418945	2.812500	-1.084816	2.277959	
759	0.411434	2.832031	-1.089321	2.305065	
760	0.410156	2.835330	-1.090089	2.309649	
760	0.411434	2.832031	-1.089321	2.305065	
761	0.403803	2.851562	-1.093895	2.332239	
761	0.410156	2.835330	-1.090089	2.309649	
762	0.403803	2.851562	-1.093895	2.332239	
762	0.396035	2.871094	-1.098539	2.359483	
763	0.390625	2.884509	-1.101768	2.378237	
763	0.396035	2.871094	-1.098539	2.359483	
764	0.388130	2.890625	-1.103252	2.386799	
764	0.380091	2.910156	-1.108035	2.414185	
765	0.380091	2.910156	-1.108035	2.414185	
765	0.371908	2.929688	-1.112888	2.441645	
766	0.363581	2.949219	-1.117812	2.469179	
766	0.371094	2.931619	-1.113372	2.444365	
767	0.371094	2.931619	-1.113372	2.444365	
767	0.371908	2.929688	-1.112888	2.441645	
768	0.363581	2.949219	-1.117812	2.469179	
768	0.355108	2.968750	-1.122807	2.496787	
769	0.346482	2.988281	-1.127874	2.524472	
769	0.351562	2.976845	-1.124898	2.508250	
770	0.346482	2.988281	-1.127874	2.524472	
770	0.337701	3.007812	-1.133012	2.552235	
771	0.351562	2.976845	-1.124898	2.508250	
771	0.355108	2.968750	-1.122807	2.496787	
772	0.328763	3.027344	-1.138224	2.580076	
772	0.332031	3.020272	-1.136328	2.569983	
773	0.332031	3.020272	-1.136328	2.569983	
773	0.337701	3.007812	-1.133012	2.552235	
774	0.328763	3.027344	-1.138224	2.580076	
774	0.319657	3.046875	-1.143509	2.607999	
775	0.312500	3.062017	-1.147656	2.629699	
775	0.319657	3.046875	-1.143509	2.607999	
776	0.310390	3.066406	-1.148867	2.636002	
776	0.312500	3.062017	-1.147656	2.629699	
777	0.310390	3.066406	-1.148867	2.636002	
777	0.300940	3.085938	-1.154301	2.664092	
778	0.291325	3.105469	-1.159810	2.692264	
778	0.292969	3.102180	-1.158876	2.687512	
779	0.292969	3.102180	-1.158876	2.687512	
779	0.300940	3.085938	-1.154301	2.664092	
780	0.291325	3.105469	-1.159810	2.692264	
780	0.281510	3.125000	-1.165396	2.720529	
781	0.271523	3.144531	-1.171058	2.748880	
781	0.273438	3.140846	-1.169983	2.743519	
782	0.271523	3.144531	-1.171058	2.748880	
782	0.261321	3.164062	-1.176800	2.777328	
783	0.273438	3.140846	-1.169983	2.743519	
783	0.281510	3.125000	-1.165396	2.720529	
784	0.250933	3.183594	-1.182620	2.805867	
784	0.253906	3.178086	-1.180969	2.797803	
785	0.253906	3.178086	-1.180969	2.797803	
785	0.261321	3.164062	-1.176800	2.777328	
786	0.250933	3.183594	-1.182620	2.805867	
786	0.240320	3.203125	-1.188522	2.834508	
787	0.234375	3.213960	-1.191829	2.850431	
787	0.240320	3.203125	-1.188522	2.834508	
788	0.229497	3.222656	-1.194505	2.863249	
788	0.234375	3.213960	-1.191829	2.850431	
789	0.229497	3.222656	-1.194505	2.863249	
789	0.218450	3.242188	-1.200571	2.892093	
790	0.207151	3.261719	-1.206723	2.921050	
790	0.214844	3.248521	-1.202554	2.901462	
791	0.214844	3.248521	-1.202554	2.901462	
791	0.218450	3.242188	-1.200571	2.892093	
792	0.207151	3.261719	-1.206723	2.921050	
792	0.195643	3.281250	-1.212959	2.950109	
793	0.183823	3.300781	-1.219287	2.979300	
793	0.195312	3.281809	-1.213139	2.950941	
794	0.175781	3.313926	-1.223592	2.998996	
794	0.183823	3.300781	-1.219287	2.979300	
795	0.171771	3.320312	-1.225703	3.008602	
795	0.175781	3.313926	-1.223592	2.998996	
796	0.195312	3.281809	-1.213139	2.950941	
796	0.195643	3.281250	-1.212959	2.950109	
797	0.171771	3.320312	-1.225703	3.008602	
797	0.159431	3.339844	-1.232211	3.038032	
798	0.156250	3.344853	-1.233893	3.045592	
798	0.159431	3.339844	-1.232211	3.038032	
799	0.146771	3.359375	-1.238816	3.067601	
799	0.156250	3.344853	-1.233893	3.045592	
800	0.133836	3.378906	-1.245516	3.097299	
800	0.136719	3.374650	-1.244045	3.090804	
801	0.136719	3.374650	-1.244045	3.090804	
801	0.146771	3.359375	-1.238816	3.067601	
802	0.133836	3.378906	-1.245516	3.097299	
802	0.120549	3.398438	-1.252317	3.127148	
803	0.117188	3.403355	-1.254044	3.134676	
803	0.120549	3.398438	-1.252317	3.127148	
804	0.106893	3.417969	-1.259224	3.157157	
804	0.117188	3.403355	-1.254044	3.134676	
805	0.097656	3.430997	-1.263885	3.177241	
805	0.106893	3.417969	-1.259224	3.157157	
806	0.092897	3.437500	-1.266235	3.187320	
806	0.097656	3.430997	-1.263885	3.177241	
807	0.063663	3.476562	-1.280598	3.248182	
807	0.078125	3.457577	-1.273556	3.218496	
808	0.048366	3.496094	-1.287958	3.278906	
808	0.058594	3.483187	-1.283076	3.258559	
809	0.058594	3.483187	-1.283076	3.258559	
809	0.063663	3.476562	-1.280598	3.248182	
810	0.039062	3.507790	-1.292419	3.297375	
810	0.048366	3.496094	-1.287958	3.278906	
811	0.032597	3.515625	-1.295444	3.309835	
811	0.039062	3.507790	-1.292419	3.297375	
812	0.092897	3.437500	-1.266235	3.187320	
812	0.078527	3.457031	-1.273356	3.217648	
813	0.078125	3.457577	-1.273556	3.218496	
813	0.078527	3.457031	-1.273356	3.217648	
814	0.016314	3.535156	-1.303061	3.340987	
814	0.019531	3.531414	-1.301587	3.334982	
815	0.019531	3.531414	-1.301587	3.334982	
815	0.032597	3.515625	-1.295444	3.309835	
816	0.000000	3.554087	-1.310577	3.371409	
816	0.016314	3.535156	-1.303061	3.340987	
817	-1.250000	0.732960	0.290595	0.811103	
817	-1.253730	0.742188	0.282559	0.820654	
818	-1.253730	0.742188	0.282559	0.820654	
818	-1.261347	0.761719	0.265699	0.840823	
819	-1.261347	0.761719	0.265699	0.840823	
819	-1.268672	0.781250	0.248998	0.860979	
820	-1.269531	0.783620	0.246988	0.863418	
820	-1.275923	0.800781	0.232339	0.881262	
821	-1.269531	0.783620	0.246988	0.863418	
821	-1.268672	0.781250	0.248998	0.860979	
822	-1.275923	0.800781	0.232339	0.881262	
822	-1.282925	0.820312	0.215814	0.901551	
823	-1.289062	0.838091	0.200902	0.920008	
823	-1.282925	0.820312	0.215814	0.901551	
824	-1.289062	0.838091	0.200902	0.920008	
824	-1.289684	0.839844	0.199423	0.921846	
825	-1.289684	0.839844	0.199423	0.921846	
825	-1.296380	0.859375	0.183070	0.942260	
826	-1.296380	0.859375	0.183070	0.942260	
826	-1.302827	0.878906	0.166853	0.962668	
827	-1.308594	0.897045	0.151913	0.981612	
827	-1.302827	0.878906	0.166853	0.962668	
828	-1.308594	0.897045	0.151913	0.981612	
828	-1.309049	0.898438	0.150760	0.983080	
829	-1.309049	0.898438	0.150760	0.983080	
829	-1.315214	0.917969	0.134704	1.003604	
830	-1.315214	0.917969	0.134704	1.003604	
830	-1.321151	0.937500	0.118774	1.024125	
831	-1.328125	0.961471	0.099394	1.049298	
831	-1.332508	0.976562	0.087205	1.065248	
832	-1.332508	0.976562	0.087205	1.065248	
832	-1.337974	0.996094	0.071543	1.085876	
833	-1.337974	0.996094	0.071543	1.085876	
833	-1.343239	1.015625	0.055993	1.106504	
834	-1.321151	0.937500	0.118774	1.024125	
834	-1.326870	0.957031	0.102964	1.044644	
835	-1.328125	0.961471	0.099394	1.049298	
835	-1.326870	0.957031	0.102964	1.044644	
836	-1.347656	1.032633	0.042545	1.124462	
836	-1.348330	1.035156	0.040541	1.127147	
837	-1.347656	1.032633	0.042545	1.124462	
837	-1.343239	1.015625	0.055993	1.106504	
838	-1.348330	1.035156	0.040541	1.127147	
838	-1.353356	1.054688	0.025134	1.147875	
839	-1.353356	1.054688	0.025134	1.147875	
839	-1.358195	1.074219	0.009832	1.168605	
840	-1.358195	1.074219	0.009832	1.168605	
840	-1.362853	1.093750	-0.005370	1.189338	
841	-1.367188	1.112629	-0.019969	1.209381	
841	-1.367341	1.113281	-0.020475	1.210078	
842	-1.367341	1.113281	-0.020475	1.210078	
842	-1.371777	1.132812	-0.035540	1.230901	
843	-1.367188	1.112629	-0.019969	1.209381	
843	-1.362853	1.093750	-0.005370	1.189338	
844	-1.371777	1.132812	-0.035540	1.230901	
844	-1.376043	1.152344	-0.050510	1.251728	
845	-1.376043	1.152344	-0.050510	1.251728	
845	-1.380145	1.171875	-0.065387	1.272560	
846	-1.380145	1.171875	-0.065387	1.272560	
846	-1.384088	1.191406	-0.080173	1.293397	
847	-1.386719	1.204970	-0.090382	1.307861	
847	-1.384088	1.191406	-0.080173	1.293397	
848	-1.386719	1.204970	-0.090382	1.307861	
848	-1.387908	1.210938	-0.094886	1.314263	
849	-1.387908	1.210938	-0.094886	1.314263	
849	-1.391643	1.230469	-0.109544	1.335179	
850	-1.391643	1.230469	-0.109544	1.335179	
850	-1.395227	1.250000	-0.124114	1.356102	
851	-0.937500	0.197902	0.802295	0.297133	
851	-0.951419	0.214844	0.784492	0.311402	
852	-0.957031	0.221935	0.777141	0.317387	
852	-0.951419	0.214844	0.784492	0.311402	
853	-0.957031	0.221935	0.777141	0.317387	
853	-0.966977	0.234375	0.764132	0.328109	
854	-0.976562	0.246830	0.751286	0.338855	
854	-0.982070	0.253906	0.743924	0.345084	
855	-0.996094	0.272639	0.724709	0.361578	
855	-0.982070	0.253906	0.743924	0.345084	
856	-0.996094	0.272639	0.724709	0.361578	
856	-0.996699	0.273438	0.723882	0.362295	
857	-0.976562	0.246830	0.751286	0.338855	
857	-0.966977	0.234375	0.764132	0.328109	
858	-0.996699	0.273438	0.723882	0.362295	
858	-1.011062	0.292969	0.703893	0.379822	
859	-1.015625	0.299428	0.697377	0.385612	
859	-1.011062	0.292969	0.703893	0.379822	
860	-1.015625	0.299428	0.697377	0.385612	
860	-1.025002	0.312500	0.684066	0.397553	
861	-0.781250	0.030120	0.980196	0.175065	
861	-0.790473	0.039062	0.970821	0.180387	
862	-0.800781	0.049182	0.960168	0.186612	
862	-0.810292	0.058594	0.950197	0.192604	
863	-0.800781	0.049182	0.960168	0.186612	
863	-0.790473	0.039062	0.970821	0.180387	
864	-0.820312	0.068682	0.939510	0.199197	
864	-0.810292	0.058594	0.950197	0.192604	
865	-0.820312	0.068682	0.939510	0.199197	
865	-0.829640	0.078125	0.929440	0.205565	
866	-0.839844	0.088677	0.918225	0.212827	
866	-0.848498	0.097656	0.908617	0.219186	
867	-0.839844	0.088677	0.918225	0.212827	
867	-0.829640	0.078125	0.929440	0.205565	
868	-0.859375	0.109222	0.896314	0.227510	
868	-0.848498	0.097656	0.908617	0.219186	
869	-0.859375	0.109222	0.896314	0.227510	
869	-0.866858	0.117188	0.887782	0.233397	
870	-0.878906	0.130369	0.873774	0.243261	
870	-0.884716	0.136719	0.866977	0.248133	
871	-0.878906	0.130369	0.873774	0.243261	
871	-0.866858	0.117188	0.887782	0.233397	
872	-0.898438	0.152169	0.850596	0.260100	
872	-0.884716	0.136719	0.866977	0.248133	
873	-0.898438	0.152169	0.850596	0.260100	
873	-0.902074	0.156250	0.846236	0.263338	
874	-0.761719	0.011429	0.999583	0.164557	
874	-0.770217	0.019531	0.991223	0.169004	
875	-0.761719	0.011429	0.999583	0.164557	
875	-0.749581	0.000000	1.011291	0.158557	
876	-0.781250	0.030120	0.980196	0.175065	
876	-0.770217	0.019531	0.991223	0.169004	
877	-0.917969	0.174669	0.826771	0.278051	
877	-0.918933	0.175781	0.825587	0.278959	
878	-0.917969	0.174669	0.826771	0.278051	
878	-0.902074	0.156250	0.846236	0.263338	
879	-0.918933	0.175781	0.825587	0.278959	
879	-0.935391	0.195312	0.804992	0.295000	
880	-0.937500	0.197902	0.802295	0.297133	
880	-0.935391	0.195312	0.804992	0.295000	
881	-1.093750	0.417816	0.579770	0.496167	
881	-1.101015	0.429688	0.568198	0.507635	
882	-1.101015	0.429688	0.568198	0.507635	
882	-1.112471	0.449219	0.549422	0.526456	
883	-1.113281	0.450647	0.548064	0.527827	
883	-1.112471	0.449219	0.549422	0.526456	
884	-1.113281	0.450647	0.548064	0.527827	
884	-1.123780	0.468750	0.530692	0.545491	
885	-1.035156	0.327255	0.669262	0.411011	
885	-1.038496	0.332031	0.664426	0.415447	
886	-1.035156	0.327255	0.669262	0.411011	
886	-1.025002	0.312500	0.684066	0.397553	
887	-1.038496	0.332031	0.664426	0.415447	
887	-1.051669	0.351562	0.644903	0.433553	
888	-1.054688	0.356206	0.640320	0.437849	
888	-1.051669	0.351562	0.644903	0.433553	
889	-1.054688	0.356206	0.640320	0.437849	
889	-1.064541	0.371094	0.625491	0.451864	
890	-1.074219	0.386358	0.610509	0.466201	
890	-1.064541	0.371094	0.625491	0.451864	
891	-1.074219	0.386358	0.610509	0.466201	
891	-1.076975	0.390625	0.606283	0.470278	
892	-1.076975	0.390625	0.606283	0.470278	
892	-1.089157	0.410156	0.587168	0.488888	
893	-1.093750	0.417816	0.579770	0.496167	
893	-1.089157	0.410156	0.587168	0.488888	
894	-1.132812	0.485029	0.515286	0.561340	
894	-1.134657	0.488281	0.512182	0.564554	
895	-1.134657	0.488281	0.512182	0.564554	
895	-1.145367	0.507812	0.493737	0.583796	
896	-1.132812	0.485029	0.515286	0.561340	
896	-1.123780	0.468750	0.530692	0.545491	
897	-1.152344	0.521077	0.481369	0.596834	
897	-1.155716	0.527344	0.475476	0.603084	
898	-1.152344	0.521077	0.481369	0.596834	
898	-1.145367	0.507812	0.493737	0.583796	
899	-1.155716	0.527344	0.475476	0.603084	
899	-1.165857	0.546875	0.457310	0.622503	
900	-1.171875	0.558937	0.446222	0.634468	
900	-1.165857	0.546875	0.457310	0.622503	
901	-1.171875	0.558937	0.446222	0.634468	
901	-1.175691	0.566406	0.439300	0.641980	
902	-1.175691	0.566406	0.439300	0.641980	
902	-1.185314	0.585938	0.421392	0.661568	
903	-1.191406	0.598802	0.409729	0.674443	
903	-1.194641	0.605469	0.403637	0.681203	
904	-1.191406	0.598802	0.409729	0.674443	
904	-1.185314	0.585938	0.421392	0.661568	
905	-1.194641	0.605469	0.403637	0.681203	
905	-1.203790	0.625000	0.385969	0.700952	
906	-1.210938	0.640888	0.371755	0.716991	
906	-1.212618	0.644531	0.368471	0.720715	
907	-1.212618	0.644531	0.368471	0.720715	
907	-1.221329	0.664062	0.351029	0.740617	
908	-1.210938	0.640888	0.371755	0.716991	
908	-1.203790	0.625000	0.385969	0.700952	
909	-1.221329	0.664062	0.351029	0.740617	
909	-1.229688	0.683594	0.333776	0.760499	
910	-1.230469	0.685479	0.332125	0.762412	
910	-1.229688	0.683594	0.333776	0.760499	
911	-1.230469	0.685479	0.332125	0.762412	
911	-1.237966	0.703125	0.316561	0.780529	
912	-1.237966	0.703125	0.316561	0.780529	
912	-1.245943	0.722656	0.299510	0.800558	
913	-1.250000	0.732960	0.290595	0.811103	
913	-1.245943	0.722656	0.299510	0.800558	
914	-1.406250	1.315955	-0.172701	1.426795	
914	-1.408180	1.328125	-0.181597	1.439894	
915	-1.408180	1.328125	-0.181597	1.439894	
915	-1.411138	1.347656	-0.195797	1.460903	
916	-1.411138	1.347656	-0.195797	1.460903	
916	-1.413962	1.367188	-0.209920	1.481919	
917	-1.413962	1.367188	-0.209920	1.481919	
917	-1.416655	1.386719	-0.223967	1.502943	
918	-1.416655	1.386719	-0.223967	1.502943	
918	-1.419219	1.406250	-0.237939	1.523974	
919	-1.395227	1.250000	-0.124114	1.356102	
919	-1.398664	1.269531	-0.138601	1.377030	
920	-1.398664	1.269531	-0.138601	1.377030	
920	-1.401959	1.289062	-0.153006	1.397966	
921	-1.401959	1.289062	-0.153006	1.397966	
921	-1.405114	1.308594	-0.167330	1.418910	
922	-1.406250	1.315955	-0.172701	1.426795	
922	-1.405114	1.308594	-0.167330	1.418910	
923	-1.419219	1.406250	-0.237939	1.523974	
923	-1.421658	1.425781	-0.251838	1.545013	
924	-1.421658	1.425781	-0.251838	1.545013	
924	-1.423975	1.445312	-0.265665	1.566061	
925	-1.425781	1.461395	-0.276993	1.583393	
925	-1.426179	1.464844	-0.279425	1.587124	
926	-1.425781	1.461395	-0.276993	1.583393	
926	-1.423975	1.445312	-0.265665	1.566061	
927	-1.426179	1.464844	-0.279425	1.587124	
927	-1.428304	1.484375	-0.293133	1.608221	
928	-1.428304	1.484375	-0.293133	1.608221	
928	-1.430309	1.503906	-0.306769	1.629325	
929	-1.430309	1.503906	-0.306769	1.629325	
929	-1.432196	1.523438	-0.320337	1.650436	
930	-1.432196	1.523438	-0.320337	1.650436	
930	-1.433968	1.542969	-0.333837	1.671554	
931	-1.433968	1.542969	-0.333837	1.671554	
931	-1.435624	1.562500	-0.347269	1.692680	
932	-1.435624	1.562500	-0.347269	1.692680	
932	-1.437169	1.582031	-0.360635	1.713812	
933	-1.437169	1.582031	-0.360635	1.713812	
933	-1.438602	1.601562	-0.373936	1.734952	
934	-1.438602	1.601562	-0.373936	1.734952	
934	-1.439926	1.621094	-0.387172	1.756099	
935	-1.439926	1.621094	-0.387172	1.756099	
935	-1.441142	1.640625	-0.400345	1.777253	
936	-1.441142	1.640625	-0.400345	1.777253	
936	-1.442251	1.660156	-0.413454	1.798415	
937	-1.442251	1.660156	-0.413454	1.798415	
937	-1.443254	1.679688	-0.426500	1.819583	
938	-1.443254	1.679688	-0.426500	1.819583	
938	-1.444152	1.699219	-0.439485	1.840758	
939	-1.444152	1.699219	-0.439485	1.840758	
939	-1.444947	1.718750	-0.452408	1.861939	
940	-1.445312	1.729076	-0.459211	1.873132	
940	-1.445646	1.738281	-0.465274	1.883131	
941	-1.445646	1.738281	-0.465274	1.883131	
941	-1.446249	1.757812	-0.478081	1.904333	
942	-1.445312	1.729076	-0.459211	1.873132	
942	-1.444947	1.718750	-0.452408	1.861939	
943	-1.446249	1.757812	-0.478081	1.904333	
943	-1.446748	1.777344	-0.490827	1.925538	
944	-1.446748	1.777344	-0.490827	1.925538	
944	-1.447144	1.796875	-0.503514	1.946748	
945	-1.447144	1.796875	-0.503514	1.946748	
945	-1.447439	1.816406	-0.516140	1.967962	
946	-1.447439	1.816406	-0.516140	1.967962	
946	-1.447632	1.835938	-0.528708	1.989179	
947	-1.447632	1.835938	-0.528708	1.989179	
947	-1.447725	1.855469	-0.541216	2.010399	
948	-1.447725	1.855469	-0.541216	2.010399	
948	-1.447717	1.875000	-0.553666	2.031622	
949	-1.447717	1.875000	-0.553666	2.031622	
949	-1.447610	1.894531	-0.566058	2.052847	
950	-1.447610	1.894531	-0.566058	2.052847	
950	-1.447403	1.914062	-0.578393	2.074075	
951	-1.447403	1.914062	-0.578393	2.074075	
951	-1.447098	1.933594	-0.590670	2.095304	
952	-1.447098	1.933594	-0.590670	2.095304	
952	-1.446693	1.953125	-0.602889	2.116534	
953	-1.446693	1.953125	-0.602889	2.116534	
953	-1.446190	1.972656	-0.615052	2.137766	
954	-1.446190	1.972656	-0.615052	2.137766	
954	-1.445589	1.992188	-0.627159	2.158997	
955	-1.445312	1.999939	-0.631944	2.167417	
955	-1.444897	2.011719	-0.639212	2.180233	
956	-1.444897	2.011719	-0.639212	2.180233	
956	-1.444112	2.031250	-0.651210	2.201473	
957	-1.445589	1.992188	-0.627159	2.158997	
957	-1.445312	1.999939	-0.631944	2.167417	
958	-1.444112	2.031250	-0.651210	2.201473	
958	-1.443231	2.050781	-0.663154	2.222712	
959	-1.443231	2.050781	-0.663154	2.222712	
959	-1.442253	2.070312	-0.675042	2.243950	
960	-1.442253	2.070312	-0.675042	2.243950	
960	-1.441177	2.089844	-0.686875	2.265187	
961	-1.441177	2.089844	-0.686875	2.265187	
961	-1.440004	2.109375	-0.698653	2.286422	
962	-1.440004	2.109375	-0.698653	2.286422	
962	-1.438734	2.128906	-0.710376	2.307654	
963	-1.438734	2.128906	-0.710376	2.307654	
963	-1.437366	2.148438	-0.722044	2.328884	
964	-1.437366	2.148438	-0.722044	2.328884	
964	-1.435899	2.167969	-0.733658	2.350110	
965	-1.435899	2.167969	-0.733658	2.350110	
965	-1.434334	2.187500	-0.745217	2.371331	
966	-1.434334	2.187500	-0.745217	2.371331	
966	-1.432670	2.207031	-0.756722	2.392547	
967	-1.432670	2.207031	-0.756722	2.392547	
967	-1.430906	2.226562	-0.768172	2.413758	
968	-1.430906	2.226562	-0.768172	2.413758	
968	-1.429043	2.246094	-0.779568	2.434963	
969	-1.429043	2.246094	-0.779568	2.434963	
969	-1.427079	2.265625	-0.790909	2.456161	
970	-1.427079	2.265625	-0.790909	2.456161	
970	-1.425781	2.277937	-0.798028	2.469515	
971	-1.425781	2.277937	-0.798028	2.469515	
971	-1.425025	2.285156	-0.802200	2.477358	
972	-1.425025	2.285156	-0.802200	2.477358	
972	-1.422889	2.304688	-0.813443	2.498559	
973	-1.422889	2.304688	-0.813443	2.498559	
973	-1.420652	2.324219	-0.824632	2.519752	
974	-1.420652	2.324219	-0.824632	2.519752	
974	-1.418311	2.343750	-0.835766	2.540935	
975	-1.406250	2.433239	-0.886087	2.637850	
975	-1.405061	2.441406	-0.890630	2.646696	
976	-1.405061	2.441406	-0.890630	2.646696	
976	-1.402125	2.460938	-0.901450	2.667831	
977	-1.402125	2.460938	-0.901450	2.667831	
977	-1.399081	2.480469	-0.912215	2.688951	
978	-1.399081	2.480469	-0.912215	2.688951	
978	-1.395927	2.500000	-0.922926	2.710056	
979	-1.418311	2.343750	-0.835766	2.540935	
979	-1.415868	2.363281	-0.846847	2.562108	
980	-1.415868	2.363281	-0.846847	2.562108	
980	-1.413321	2.382812	-0.857873	2.583271	
981	-1.413321	2.382812	-0.857873	2.583271	
981	-1.410669	2.402344	-0.868844	2.604422	
982	-1.410669	2.402344	-0.868844	2.604422	
982	-1.407911	2.421875	-0.879762	2.625561	
983	-1.407911	2.421875	-0.879762	2.625561	
983	-1.406250	2.433239	-0.886087	2.637850	
984	-1.395927	2.500000	-0.922926	2.710056	
984	-1.392663	2.519531	-0.933582	2.731144	
985	-1.392663	2.519531	-0.933582	2.731144	
985	-1.389286	2.539062	-0.944183	2.752217	
986	-1.389286	2.539062	-0.944183	2.752217	
986	-1.386719	2.553468	-0.951966	2.767745	
987	-1.386719	2.553468	-0.951966	2.767745	
987	-1.385807	2.558594	-0.954733	2.773277	
988	-1.385807	2.558594	-0.954733	2.773277	
988	-1.382242	2.578125	-0.965235	2.794336	
989	-1.382242	2.578125	-0.965235	2.794336	
989	-1.378561	2.597656	-0.975683	2.815376	
990	-1.378561	2.597656	-0.975683	2.815376	
990	-1.374763	2.617188	-0.986075	2.836396	
991	-1.367188	2.654443	-1.005742	2.876429	
991	-1.366814	2.656250	-1.006692	2.878373	
992	-1.374763	2.617188	-0.986075	2.836396	
992	-1.370847	2.636719	-0.996411	2.857394	
993	-1.370847	2.636719	-0.996411	2.857394	
993	-1.367188	2.654443	-1.005742	2.876429	
994	-1.366814	2.656250	-1.006692	2.878373	
994	-1.362696	2.675781	-1.016928	2.899349	
995	-1.362696	2.675781	-1.016928	2.899349	
995	-1.358453	2.695312	-1.027107	2.920301	
996	-1.358453	2.695312	-1.027107	2.920301	
996	-1.354086	2.714844	-1.037230	2.941228	
997	-1.354086	2.714844	-1.037230	2.941228	
997	-1.349592	2.734375	-1.047296	2.962130	
998	-1.349592	2.734375	-1.047296	2.962130	
998	-1.347656	2.742600	-1.051517	2.970921	
999	-1.347656	2.742600	-1.051517	2.970921	
999	-1.344991	2.753906	-1.057311	2.983017	
1000	-1.344991	2.753906	-1.057311	2.983017	
1000	-1.340275	2.773438	-1.067274	3.003885	
1001	-1.340275	2.773438	-1.067274	3.003885	
1001	-1.335426	2.792969	-1.077178	3.024724	
1002	-1.335426	2.792969	-1.077178	3.024724	
1002	-1.330443	2.812500	-1.087025	3.045532	
1003	-1.330443	2.812500	-1.087025	3.045532	
1003	-1.328125	2.821391	-1.091487	3.054993	
1004	-1.328125	2.821391	-1.091487	3.054993	
1004	-1.325342	2.832031	-1.096818	3.066321	
1005	-1.325342	2.832031	-1.096818	3.066321	
1005	-1.320117	2.851562	-1.106557	3.087086	
1006	-1.320117	2.851562	-1.106557	3.087086	
1006	-1.314750	2.871094	-1.116237	3.107816	
1007	-1.314750	2.871094	-1.116237	3.107816	
1007	-1.309239	2.890625	-1.125858	3.128512	
1008	-1.309239	2.890625	-1.125858	3.128512	
1008	-1.308594	2.892872	-1.126961	3.130890	
1009	-1.308594	2.892872	-1.126961	3.130890	
1009	-1.303608	2.910156	-1.135427	3.149187	
1010	-1.303608	2.910156	-1.135427	3.149187	
1010	-1.297831	2.929688	-1.144935	3.169827	
1011	-1.289062	2.958386	-1.158797	3.200081	
1011	-1.285831	2.968750	-1.163774	3.210995	
1012	-1.297831	2.929688	-1.144935	3.169827	
1012	-1.291902	2.949219	-1.154384	3.190427	
1013	-1.291902	2.949219	-1.154384	3.190427	
1013	-1.289062	2.958386	-1.158797	3.200081	
1014	-1.285831	2.968750	-1.163774	3.210995	
1014	-1.279613	2.988281	-1.173107	3.231528	
1015	-1.279613	2.988281	-1.173107	3.231528	
1015	-1.273232	3.007812	-1.182377	3.252017	
1016	-1.273232	3.007812	-1.182377	3.252017	
1016	-1.269531	3.018912	-1.187616	3.263640	
1017	-1.269531	3.018912	-1.187616	3.263640	
1017	-1.266695	3.027344	-1.191586	3.272467	
1018	-1.266695	3.027344	-1.191586	3.272467	
1018	-1.260000	3.046875	-1.200735	3.292875	
1019	-1.260000	3.046875	-1.200735	3.292875	
1019	-1.253132	3.066406	-1.209820	3.313236	
1020	-1.253132	3.066406	-1.209820	3.313236	
1020	-1.250000	3.075147	-1.213865	3.322332	
1021	-1.250000	3.075147	-1.213865	3.322332	
1021	-1.246094	3.085938	-1.218843	3.333551	
1022	-1.246094	3.085938	-1.218843	3.333551	
1022	-1.238880	3.105469	-1.227801	3.353817	
1023	-1.238880	3.105469	-1.227801	3.353817	
1023	-1.231480	3.125000	-1.236694	3.374030	
1024	-0.000539	3.554688	-1.310818	3.372383	
1024	0.000000	3.554087	-1.310577	3.371409	
1025	-0.000539	3.554688	-1.310818	3.372383	
1025	-0.018068	3.574219	-1.318728	3.404063	
1026	-0.019531	3.575847	-1.319392	3.406708	
1026	-0.018068	3.574219	-1.318728	3.404063	
1027	-0.036303	3.593750	-1.326798	3.436043	
1027	-0.019531	3.575847	-1.319392	3.406708	
1028	-0.096023	3.652344	-1.352097	3.534111	
1028	-0.078125	3.635691	-1.344720	3.505852	
1029	-0.097656	3.653866	-1.352776	3.536696	
1029	-0.096023	3.652344	-1.352097	3.534111	
1030	-0.117188	3.671179	-1.360634	3.566467	
1030	-0.097656	3.653866	-1.352776	3.536696	
1031	-0.118014	3.671875	-1.360955	3.567680	
1031	-0.117188	3.671179	-1.360634	3.566467	
1032	-0.055307	3.613281	-1.335039	3.468350	
1032	-0.039062	3.596694	-1.328025	3.440873	
1033	-0.058594	3.616637	-1.336468	3.473916	
1033	-0.055307	3.613281	-1.335039	3.468350	
1034	-0.075177	3.632812	-1.343466	3.501024	
1034	-0.058594	3.616637	-1.336468	3.473916	
1035	-0.039062	3.596694	-1.328025	3.440873	
1035	-0.036303	3.593750	-1.326798	3.436043	
1036	-0.078125	3.635691	-1.344720	3.505852	
1036	-0.075177	3.632812	-1.343466	3.501024	
1037	-0.141420	3.691406	-1.370078	3.601838	
1037	-0.136719	3.687655	-1.368295	3.595197	
1038	-0.136719	3.687655	-1.368295	3.595197	
1038	-0.118014	3.671875	-1.360955	3.567680	
1039	-0.156250	3.703282	-1.375750	3.622868	
1039	-0.141420	3.691406	-1.370078	3.601838	
1040	-0.166388	3.710938	-1.379492	3.636653	
1040	-0.156250	3.703282	-1.375750	3.622868	
1041	-0.193183	3.730469	-1.389241	3.672240	
1041	-0.175781	3.718062	-1.382992	3.649482	
1042	-0.175781	3.718062	-1.382992	3.649482	
1042	-0.166388	3.710938	-1.379492	3.636653	
1043	-0.195312	3.731995	-1.390014	3.675039	
1043	-0.193183	3.730469	-1.389241	3.672240	
1044	-0.214844	3.745131	-1.396828	3.699604	
1044	-0.195312	3.731995	-1.390014	3.675039	
1045	-0.222598	3.750000	-1.399428	3.708916	
1045	-0.214844	3.745131	-1.396828	3.699604	
1046	-1.231480	3.125000	-1.236694	3.374030	
1046	-1.230469	3.127632	-1.237887	3.376749	
1047	-1.230469	3.127632	-1.237887	3.376749	
1047	-1.223894	3.144531	-1.245520	3.394188	
1048	-1.223894	3.144531	-1.245520	3.394188	
1048	-1.216112	3.164062	-1.254280	3.414290	
1049	-1.210938	3.176782	-1.259948	3.427349	
1049	-1.208128	3.183594	-1.262971	3.434331	
1050	-1.208128	3.183594	-1.262971	3.434331	
1050	-1.199934	3.203125	-1.271591	3.454307	
1051	-1.216112	3.164062	-1.254280	3.414290	
1051	-1.210938	3.176782	-1.259948	3.427349	
1052	-1.171875	3.266378	-1.299016	3.518529	
1052	-1.164901	3.281250	-1.305347	3.533506	
1053	-1.199934	3.203125	-1.271591	3.454307	
1053	-1.191529	3.222656	-1.280142	3.474220	
1054	-1.191406	3.222938	-1.280265	3.474507	
1054	-1.182887	3.242188	-1.288618	3.494056	
1055	-1.191529	3.222656	-1.280142	3.474220	
1055	-1.191406	3.222938	-1.280265	3.474507	
1056	-1.182887	3.242188	-1.288618	3.494056	
1056	-1.174022	3.261719	-1.297022	3.513823	
1057	-1.174022	3.261719	-1.297022	3.513823	
1057	-1.171875	3.266378	-1.299016	3.518529	
1058	-1.093750	3.417012	-1.360946	3.667721	
1058	-1.093189	3.417969	-1.361322	3.668645	
1059	-1.093189	3.417969	-1.361322	3.668645	
1059	-1.081596	3.437500	-1.368949	3.687475	
1060	-1.164901	3.281250	-1.305347	3.533506	
1060	-1.155535	3.300781	-1.313597	3.553110	
1061	-1.152344	3.307327	-1.316345	3.559664	
1061	-1.145891	3.320312	-1.321764	3.572620	
1062	-1.155535	3.300781	-1.313597	3.553110	
1062	-1.152344	3.307327	-1.316345	3.559664	
1063	-1.132812	3.345977	-1.332376	3.598125	
1063	-1.125754	3.359375	-1.337851	3.611356	
1064	-1.145891	3.320312	-1.321764	3.572620	
1064	-1.135977	3.339844	-1.329851	3.592042	
1065	-1.135977	3.339844	-1.329851	3.592042	
1065	-1.132812	3.345977	-1.332376	3.598125	
1066	-1.125754	3.359375	-1.337851	3.611356	
1066	-1.115240	3.378906	-1.345767	3.630572	
1067	-1.113281	3.382492	-1.347213	3.634092	
1067	-1.104371	3.398438	-1.353588	3.649661	
1068	-1.115240	3.378906	-1.345767	3.630572	
1068	-1.113281	3.382492	-1.347213	3.634092	
1069	-1.104371	3.398438	-1.353588	3.649661	
1069	-1.093750	3.417012	-1.360946	3.667721	
1070	-0.937500	3.633400	-1.438865	3.865984	
1070	-0.919614	3.652344	-1.444786	3.881712	
1071	-0.917969	3.654063	-1.445319	3.883134	
1071	-0.900073	3.671875	-1.450680	3.897492	
1072	-0.919614	3.652344	-1.444786	3.881712	
1072	-0.917969	3.654063	-1.445319	3.883134	
1073	-0.859375	3.708756	-1.461108	3.925767	
1073	-0.856723	3.710938	-1.461682	3.927338	
1074	-0.820312	3.739513	-1.468908	3.947270	
1074	-0.805440	3.750000	-1.471307	3.953960	
1075	-0.856723	3.710938	-1.461682	3.927338	
1075	-0.839844	3.724686	-1.465267	3.937190	
1076	-0.839844	3.724686	-1.465267	3.937190	
1076	-0.832269	3.730469	-1.466694	3.941131	
1077	-0.832269	3.730469	-1.466694	3.941131	
1077	-0.820312	3.739513	-1.468908	3.947270	
1078	-0.900073	3.671875	-1.450680	3.897492	
1078	-0.898438	3.673482	-1.451159	3.898782	
1079	-0.898438	3.673482	-1.451159	3.898782	
1079	-0.879221	3.691406	-1.456329	3.912749	
1080	-0.878906	3.691697	-1.456412	3.912974	
1080	-0.859375	3.708756	-1.461108	3.925767	
1081	-0.879221	3.691406	-1.456329	3.912749	
1081	-0.878906	3.691697	-1.456412	3.912974	
1082	-1.081596	3.437500	-1.368949	3.687475	
1082	-1.074219	3.449670	-1.373660	3.699160	
1083	-1.074219	3.449670	-1.373660	3.699160	
1083	-1.069634	3.457031	-1.376481	3.706177	
1084	-1.069634	3.457031	-1.376481	3.706177	
1084	-1.057255	3.476562	-1.383907	3.724727	
1085	-1.054688	3.480554	-1.385414	3.728507	
1085	-1.044395	3.496094	-1.391216	3.743095	
1086	-1.035156	3.509773	-1.396277	3.755881	
1086	-1.031077	3.515625	-1.398414	3.761297	
1087	-1.044395	3.496094	-1.391216	3.743095	
1087	-1.035156	3.509773	-1.396277	3.755881	
1088	-1.057255	3.476562	-1.383907	3.724727	
1088	-1.054688	3.480554	-1.385414	3.728507	
1089	-1.015625	3.537397	-1.406295	3.781362	
1089	-1.002772	3.554688	-1.412424	3.797068	
1090	-0.976562	3.588184	-1.424005	3.827008	
1090	-0.971946	3.593750	-1.425875	3.831877	
1091	-1.002772	3.554688	-1.412424	3.797068	
1091	-0.996094	3.563518	-1.415527	3.805055	
1092	-0.996094	3.563518	-1.415527	3.805055	
1092	-0.987699	3.574219	-1.419223	3.814603	
1093	-0.987699	3.574219	-1.419223	3.814603	
1093	-0.976562	3.588184	-1.424005	3.827008	
1094	-1.031077	3.515625	-1.398414	3.761297	
1094	-1.017234	3.535156	-1.405489	3.779303	
1095	-1.017234	3.535156	-1.405489	3.779303	
1095	-1.015625	3.537397	-1.406295	3.781362	
1096	-0.971946	3.593750	-1.425875	3.831877	
1096	-0.957031	3.611458	-1.431772	3.847295	
1097	-0.957031	3.611458	-1.431772	3.847295	
1097	-0.955430	3.613281	-1.432366	3.848855	
1098	-0.955430	3.613281	-1.432366	3.848855	
1098	-0.938030	3.632812	-1.438677	3.865486	
1099	-0.938030	3.632812	-1.438677	3.865486	
1099	-0.937500	3.633400	-1.438865	3.865984	
1100	-0.805440	3.750000	-1.471307	3.953960	
1100	-0.800781	3.753258	-1.472046	3.956031	
1101	-0.800781	3.753258	-1.472046	3.956031	
1101	-0.781250	3.765966	-1.474710	3.963526	
1102	-0.781250	3.765966	-1.474710	3.963526	
1102	-0.775323	3.769531	-1.475386	3.965437	
1103	-0.761719	3.777659	-1.476915	3.969779	
1103	-0.742188	3.788330	-1.478665	3.974779	
1104	-0.775323	3.769531	-1.475386	3.965437	
1104	-0.761719	3.777659	-1.476915	3.969779	
1105	-0.742188	3.788330	-1.478665	3.974779	
1105	-0.740724	3.789062	-1.478766	3.975069	
1106	-0.740724	3.789062	-1.478766	3.975069	
1106	-0.722656	3.798054	-1.479997	3.978619	
1107	-0.722656	3.798054	-1.479997	3.978619	
1107	-0.703125	3.806789	-1.480901	3.981241	
1108	-0.644531	3.827431	-1.481252	3.982259	
1108	-0.641865	3.828125	-1.481165	3.981999	
1109	-0.664062	3.821482	-1.481525	3.983070	
1109	-0.644531	3.827431	-1.481252	3.982259	
1110	-0.703125	3.806789	-1.480901	3.981241	
1110	-0.698626	3.808594	-1.481018	3.981585	
1111	-0.683594	3.814603	-1.481410	3.982733	
1111	-0.664062	3.821482	-1.481525	3.983070	
1112	-0.698626	3.808594	-1.481018	3.981585	
1112	-0.683594	3.814603	-1.481410	3.982733	
1113	-0.641865	3.828125	-1.481165	3.981999	
1113	-0.625000	3.832509	-1.480623	3.980373	
1114	-0.546875	3.844012	-1.474600	3.961922	
1114	-0.527344	3.844745	-1.472268	3.954652	
1115	-0.527344	3.844745	-1.472268	3.954652	
1115	-0.507812	3.844641	-1.469623	3.946341	
1116	-0.507812	3.844641	-1.469623	3.946341	
1116	-0.488281	3.843707	-1.466674	3.936998	
1117	-0.488281	3.843707	-1.466674	3.936998	
1117	-0.468750	3.841947	-1.463426	3.926627	
1118	-0.625000	3.832509	-1.480623	3.980373	
1118	-0.605469	3.836694	-1.479633	3.977383	
1119	-0.605469	3.836694	-1.479633	3.977383	
1119	-0.585938	3.839997	-1.478293	3.973301	
1120	-0.585938	3.839997	-1.478293	3.973301	
1120	-0.566406	3.842432	-1.476611	3.968143	
1121	-0.566406	3.842432	-1.476611	3.968143	
1121	-0.546875	3.844012	-1.474600	3.961922	
1122	-0.396199	3.828125	-1.448811	3.879022	
1122	-0.390625	3.826700	-1.447572	3.874919	
1123	-0.336830	3.808594	-1.434122	3.829820	
1123	-0.332031	3.806775	-1.432865	3.825549	
1124	-0.332031	3.806775	-1.432865	3.825549	
1124	-0.312500	3.798537	-1.427461	3.807101	
1125	-0.351562	3.814235	-1.438029	3.843028	
1125	-0.336830	3.808594	-1.434122	3.829820	
1126	-0.371094	3.820880	-1.442935	3.859489	
1126	-0.351562	3.814235	-1.438029	3.843028	
1127	-0.390625	3.826700	-1.447572	3.874919	
1127	-0.371094	3.820880	-1.442935	3.859489	
1128	-0.468750	3.841947	-1.463426	3.926627	
1128	-0.449219	3.839364	-1.459886	3.915233	
1129	-0.449219	3.839364	-1.459886	3.915233	
1129	-0.429688	3.835961	-1.456060	3.902815	
1130	-0.429688	3.835961	-1.456060	3.902815	
1130	-0.410156	3.831735	-1.451952	3.889372	
1131	-0.410156	3.831735	-1.451952	3.889372	
1131	-0.396199	3.828125	-1.448811	3.879022	
1132	-0.292199	3.789062	-1.421563	3.786784	
1132	-0.273438	3.779609	-1.415911	3.767142	
1133	-0.255049	3.769531	-1.410127	3.746870	
1133	-0.253906	3.768910	-1.409772	3.745618	
1134	-0.253906	3.768910	-1.409772	3.745618	
1134	-0.234375	3.757441	-1.403418	3.723137	
1135	-0.273438	3.779609	-1.415911	3.767142	
1135	-0.255049	3.769531	-1.410127	3.746870	
1136	-0.312500	3.798537	-1.427461	3.807101	
1136	-0.292969	3.789453	-1.421797	3.787595	
1137	-0.292969	3.789453	-1.421797	3.787595	
1137	-0.292199	3.789062	-1.421563	3.786784	
1138	-0.234375	3.757441	-1.403418	3.723137	
1138	-0.222598	3.750000	-1.399428	3.708916	
