#REFERENCE 0 87.3042530 -62.0775650
7.1 87.3031328 -62.0772471 0.095011 0.094998 135.90867 1.7737 -0.00 
6.4 87.3049848 -62.0762962 0.351724 0.060799 40.20910 2.8621 -1.69 
6.4 87.3051689 -62.0764062 0.314784 0.068518 61.36151 2.8621 -1.70 
6.4 87.3053817 -62.0768656 0.151983 0.073198 103.49756 2.8621 -0.99 
6.4 87.3023629 -62.0779965 0.070406 0.045786 31.12632 2.8621 0.36 
6.4 87.3042857 -62.0775564 0.006707 0.004621 178.06451 2.8621 5.40 
6.4 87.3049790 -62.0776834 0.058510 0.041288 82.70417 2.8621 0.67 
6.4 87.3041170 -62.0770924 0.066999 0.066997 78.24294 2.8621 0.00 
6.3 87.3049181 -62.0762959 0.307697 0.029500 35.96016 2.8621 -0.70 
6.3 87.3051121 -62.0764042 0.235427 0.037274 66.29207 2.8621 -0.66 
6.3 87.3023359 -62.0780054 0.062897 0.021640 26.38342 2.8621 1.36 
6.3 87.3042892 -62.0775553 0.006293 0.002445 9.38922 2.8621 6.23 
6.3 87.3049828 -62.0776647 0.048098 0.023199 49.78294 2.8621 1.58 
6.3 87.3041639 -62.0770956 0.062531 0.032693 126.97203 2.8621 0.92 
6.3 87.3053349 -62.0769041 0.069001 0.068997 78.08156 2.8621 0.00 
6.2 87.3025349 -62.0780412 0.137024 0.056772 40.06070 2.8621 -0.24 
6.2 87.3055453 -62.0769184 0.213181 0.096296 85.21680 2.8621 -1.29 
6.2 87.3040546 -62.0771651 0.116193 0.062100 82.29498 2.8621 -0.16 
6.2 87.3042713 -62.0775537 0.009893 0.005873 45.04083 2.8621 5.08 
6.2 87.3050686 -62.0777271 0.079000 0.078999 41.03226 2.8621 0.00 
6.1 87.3055118 -62.0768778 0.211894 0.063791 105.11950 2.8621 -1.13 
6.1 87.3050316 -62.0777221 0.088173 0.040249 112.75388 2.8621 0.32 
6.1 87.3040504 -62.0771382 0.088155 0.055771 28.86404 2.8621 -0.03 
6.1 87.3042746 -62.0775553 0.007052 0.004990 130.74623 2.8621 5.33 
6.1 87.3024878 -62.0780196 0.069000 0.068999 145.33592 2.8621 0.00 
1.6 87.3049338 -62.0777898 0.074513 0.040448 120.72153 3.7966 0.79 
1.6 87.3051842 -62.0761470 0.143131 0.079664 26.07712 3.7966 -0.65 
1.6 87.3038159 -62.0770478 0.106392 0.074903 33.27727 3.7966 -0.27 
1.6 87.3042699 -62.0775616 0.005693 0.004655 153.31688 3.7966 5.93 
1.6 87.3024412 -62.0779470 0.079000 0.078999 142.37428 3.7966 0.00 
1.5 87.3050486 -62.0761562 0.268978 0.091381 34.65187 3.7966 -1.43 
1.5 87.3039229 -62.0770424 0.175410 0.092994 65.93157 3.7966 -0.99 
1.5 87.3023601 -62.0779690 0.147211 0.080712 49.81788 3.7966 -0.64 
1.5 87.3042764 -62.0775599 0.009701 0.006838 40.96093 3.7966 4.99 
1.5 87.3049658 -62.0777504 0.081000 0.080999 35.59679 3.7966 0.00 
1.4 87.3045635 -62.0761541 0.155953 0.010144 9.13845 3.7966 1.49 
1.4 87.3039793 -62.0766913 0.097955 0.008815 176.61290 3.7966 2.15 
1.4 87.3043014 -62.0775559 0.008557 0.001080 1.41619 3.7966 7.07 
1.4 87.3021437 -62.0779990 0.063419 0.010030 17.52145 3.7966 2.48 
1.4 87.3049505 -62.0776438 0.055867 0.008996 47.14513 3.7966 2.74 
1.4 87.3031895 -62.0765057 0.087589 0.014217 73.77197 3.7966 1.75 
1.4 87.3042085 -62.0770196 0.079108 0.017207 138.73978 3.7966 1.65 
1.4 87.3052742 -62.0766245 0.110762 0.047433 115.96117 3.7966 0.19 
1.4 87.3052941 -62.0767488 0.079004 0.078980 164.28549 3.7966 0.00 
1.3 87.3046528 -62.0760697 0.175741 0.091529 6.07144 3.7966 -0.10 
1.3 87.3021545 -62.0778980 0.122135 0.081145 71.34708 3.7966 0.42 
1.3 87.3042947 -62.0775643 0.010293 0.008154 9.98392 3.7966 5.60 
1.3 87.3048491 -62.0776998 0.069678 0.067224 77.86478 3.7966 1.24 
1.3 87.3029611 -62.0765655 0.121002 0.120998 131.30175 3.7966 -0.00 
1.2 87.3037027 -62.0767032 0.212306 0.055073 4.62048 3.7966 -0.42 
1.2 87.3048974 -62.0761755 0.208685 0.064009 19.85282 3.7966 -0.57 
1.2 87.3032621 -62.0766062 0.190111 0.069413 45.38989 3.7966 -0.55 
1.2 87.3049985 -62.0777013 0.078583 0.046908 83.10921 3.7966 0.83 
1.2 87.3042844 -62.0775571 0.008600 0.005169 173.70668 3.7966 5.63 
1.2 87.3022817 -62.0780005 0.090576 0.059442 21.25897 3.7966 0.42 
1.2 87.3040591 -62.0770531 0.088998 0.088997 84.05922 3.7966 0.00 
1.1 87.3052492 -62.0772346 0.482424 0.042078 97.73412 3.7966 -0.90 
1.1 87.3051842 -62.0774680 0.379154 0.033269 100.33199 3.7966 -0.39 
1.1 87.3043038 -62.0775358 0.023741 0.004427 111.93789 3.7966 4.81 
1.1 87.3043701 -62.0772263 0.152004 0.031301 69.49264 3.7966 0.67 
1.1 87.3022447 -62.0781462 0.087896 0.030714 86.13698 3.7966 1.29 
1.1 87.3036959 -62.0765158 0.196449 0.073025 0.15129 3.7966 -0.53 
1.1 87.3039374 -62.0765823 0.094031 0.094001 46.39430 3.7966 -0.00 
2.3 87.3040881 -62.0761669 0.275883 0.051834 165.46101 4.5000 -1.46 
2.3 87.3033020 -62.0763622 0.213200 0.055823 138.59397 4.5000 -1.26 
2.3 87.3042479 -62.0766550 0.123770 0.035676 159.55168 4.5000 -0.19 
2.3 87.3043346 -62.0775483 0.022405 0.007326 154.83033 4.5000 3.39 
2.3 87.3050050 -62.0769353 0.313091 0.104315 132.26823 4.5000 -2.36 
2.3 87.3045193 -62.0770149 0.213210 0.096753 2.45707 4.5000 -1.86 
2.3 87.3048991 -62.0775631 0.088598 0.051548 56.59807 4.5000 -0.22 
2.3 87.3050418 -62.0765886 0.143279 0.088113 25.17023 4.5000 -1.33 
2.3 87.3019671 -62.0780396 0.061000 0.061000 73.41014 4.5000 -0.00 
2.2 87.3045205 -62.0772999 0.155366 0.008006 104.58530 4.5000 2.03 
2.2 87.3043482 -62.0775138 0.034409 0.001802 110.31030 4.5000 5.29 
2.2 87.3046970 -62.0764086 0.188002 0.012783 23.66628 4.5000 1.32 
2.2 87.3020935 -62.0781826 0.065168 0.005082 69.42715 4.5000 3.47 
2.2 87.3039414 -62.0763538 0.239609 0.026709 176.95582 4.5000 0.26 
2.2 87.3042255 -62.0765656 0.052199 0.011387 91.99018 4.5000 2.84 
2.2 87.3041950 -62.0763202 0.090017 0.089878 58.09739 4.5000 0.00 
2.1 87.3043924 -62.0762595 0.229609 0.043646 14.74423 4.5000 -0.46 
2.1 87.3020958 -62.0781401 0.069468 0.022039 47.39856 4.5000 1.58 
2.1 87.3051202 -62.0772016 0.208108 0.067397 79.11854 4.5000 -0.82 
2.1 87.3049122 -62.0764319 0.133297 0.044056 59.53167 4.5000 0.12 
2.1 87.3050894 -62.0774477 0.148032 0.049086 111.63625 4.5000 -0.11 
2.1 87.3041574 -62.0766032 0.065776 0.027157 8.51806 4.5000 1.41 
2.1 87.3044846 -62.0771970 0.099893 0.048620 110.31757 4.5000 0.33 
2.1 87.3043250 -62.0775331 0.010692 0.008944 104.97380 4.5000 4.59 
2.1 87.3035872 -62.0764042 0.081000 0.080998 144.00052 4.5000 0.00 
3.2 87.3023433 -62.0782381 0.093714 0.005361 24.20791 6.8712 2.59 
3.2 87.3042579 -62.0772913 0.060777 0.007389 120.59538 6.8712 2.72 
3.2 87.3042805 -62.0775281 0.009532 0.001850 22.07536 6.8712 6.23 
3.2 87.3055389 -62.0773170 0.112503 0.056901 66.97188 6.8712 -0.17 
3.2 87.3054845 -62.0774357 0.074001 0.073963 18.90661 6.8712 0.00 
3.1 87.3023326 -62.0782377 0.093270 0.002668 22.32195 6.8712 3.50 
3.1 87.3042641 -62.0772912 0.058332 0.003913 126.30644 6.8712 3.59 
3.1 87.3042819 -62.0775277 0.009633 0.000945 14.31117 6.8712 7.09 
3.1 87.3055169 -62.0773460 0.079140 0.079001 104.47299 6.8712 -0.00 
