#REFERENCE 3 99.7096350 -53.9831290
1	-0.634766	-1.570940	-0.445639	-0.530772	
1	-0.609978	-1.562500	-0.438898	-0.514928	
1	-0.609978	-1.562500	-0.438898	-0.514928	
1	-0.585938	-1.554809	-0.432812	-0.500127	
1	-0.585938	-1.554809	-0.432812	-0.500127	
1	-0.634766	-1.570940	-0.445639	-0.530772	
1	-0.683594	-1.584206	-0.458552	-0.559640	
1	-0.683594	-1.584206	-0.458552	-0.559640	
1	-0.732422	-1.594087	-0.471275	-0.586348	
1	-0.732422	-1.594087	-0.471275	-0.586348	
1	-0.781250	-1.600406	-0.483659	-0.610821	
1	-0.781250	-1.600406	-0.483659	-0.610821	
1	-0.830078	-1.602841	-0.495501	-0.632894	
1	-0.830078	-1.602841	-0.495501	-0.632894	
1	-0.878906	-1.600896	-0.506529	-0.652298	
1	-0.878906	-1.600896	-0.506529	-0.652298	
1	-0.927734	-1.593856	-0.516370	-0.668652	
1	-0.927734	-1.593856	-0.516370	-0.668652	
1	-0.976562	-1.580733	-0.524529	-0.681451	
1	-0.976562	-1.580733	-0.524529	-0.681451	
1	-1.020315	-1.562500	-0.529768	-0.689230	
1	-1.020315	-1.562500	-0.529768	-0.689230	
1	-1.025391	-1.560196	-0.530345	-0.690059	
1	-1.025391	-1.560196	-0.530345	-0.690059	
1	-1.074219	-1.530119	-0.532784	-0.693472	
1	-1.074219	-1.530119	-0.532784	-0.693472	
1	-1.094473	-1.513672	-0.532237	-0.692758	
1	-1.094473	-1.513672	-0.532237	-0.692758	
1	-1.123047	-1.486864	-0.530084	-0.690032	
1	-1.123047	-1.486864	-0.530084	-0.690032	
1	-1.142147	-1.464844	-0.526895	-0.686125	
1	-1.142147	-1.464844	-0.526895	-0.686125	
1	-1.171875	-1.423379	-0.518837	-0.676664	
1	-1.171875	-1.423379	-0.518837	-0.676664	
1	-1.176426	-1.416016	-0.517153	-0.674744	
1	-1.176426	-1.416016	-0.517153	-0.674744	
1	-1.201772	-1.367188	-0.504173	-0.660426	
1	-1.201772	-1.367188	-0.504173	-0.660426	
1	-1.220703	-1.319458	-0.489232	-0.644790	
1	-1.220703	-1.319458	-0.489232	-0.644790	
1	-1.221103	-1.318359	-0.488875	-0.644426	
1	-1.221103	-1.318359	-0.488875	-0.644426	
1	-1.235605	-1.269531	-0.471585	-0.627221	
1	-1.235605	-1.269531	-0.471585	-0.627221	
1	-1.246270	-1.220703	-0.452631	-0.609241	
1	-1.246270	-1.220703	-0.452631	-0.609241	
1	-1.253679	-1.171875	-0.432195	-0.590736	
1	-1.253679	-1.171875	-0.432195	-0.590736	
1	-1.258294	-1.123047	-0.410441	-0.571919	
1	-1.258294	-1.123047	-0.410441	-0.571919	
1	-1.260479	-1.074219	-0.387506	-0.552965	
1	-1.260479	-1.074219	-0.387506	-0.552965	
1	-1.260520	-1.025391	-0.363508	-0.534018	
1	-1.260520	-1.025391	-0.363508	-0.534018	
1	-1.258630	-0.976562	-0.338542	-0.515197	
1	-1.258630	-0.976562	-0.338542	-0.515197	
1	-1.254969	-0.927734	-0.312682	-0.496597	
1	-1.254969	-0.927734	-0.312682	-0.496597	
1	-1.249649	-0.878906	-0.285982	-0.478297	
1	-1.249649	-0.878906	-0.285982	-0.478297	
1	-1.242739	-0.830078	-0.258478	-0.460362	
1	-1.242739	-0.830078	-0.258478	-0.460362	
1	-1.234275	-0.781250	-0.230185	-0.442847	
1	-1.234275	-0.781250	-0.230185	-0.442847	
1	-1.224265	-0.732422	-0.201107	-0.425799	
1	-1.224265	-0.732422	-0.201107	-0.425799	
1	-1.220703	-0.717359	-0.191853	-0.420572	
1	-1.220703	-0.717359	-0.191853	-0.420572	
1	-1.213279	-0.683594	-0.171689	-0.409512	
1	-1.213279	-0.683594	-0.171689	-0.409512	
1	-1.201109	-0.634766	-0.141806	-0.393938	
1	-1.201109	-0.634766	-0.141806	-0.393938	
1	-1.187438	-0.585938	-0.111229	-0.379001	
1	-1.187438	-0.585938	-0.111229	-0.379001	
1	-1.172187	-0.537109	-0.079912	-0.364744	
1	-1.172187	-0.537109	-0.079912	-0.364744	
1	-1.171875	-0.536191	-0.079308	-0.364479	
1	-1.171875	-0.536191	-0.079308	-0.364479	
1	-1.156601	-0.488281	-0.048960	-0.351686	
1	-1.156601	-0.488281	-0.048960	-0.351686	
1	-1.139415	-0.439453	-0.017362	-0.339421	
1	-1.139415	-0.439453	-0.017362	-0.339421	
1	-1.123047	-0.397088	0.010685	-0.329445	
1	-1.123047	-0.397088	0.010685	-0.329445	
1	-1.120695	-0.390625	0.014775	-0.328063	
1	-1.120695	-0.390625	0.014775	-0.328063	
1	-1.101601	-0.341797	0.046314	-0.318029	
1	-1.101601	-0.341797	0.046314	-0.318029	
1	-1.080620	-0.292969	0.078530	-0.308947	
1	-1.080620	-0.292969	0.078530	-0.308947	
1	-1.074219	-0.279018	0.087903	-0.306532	
1	-1.074219	-0.279018	0.087903	-0.306532	
1	-1.058986	-0.244141	0.110162	-0.301213	
1	-1.058986	-0.244141	0.110162	-0.301213	
1	-1.035813	-0.195312	0.141900	-0.294679	
1	-1.035813	-0.195312	0.141900	-0.294679	
1	-1.025391	-0.174759	0.155458	-0.292277	
1	-1.025391	-0.174759	0.155458	-0.292277	
1	-1.011635	-0.146484	0.173075	-0.289515	
1	-1.011635	-0.146484	0.173075	-0.289515	
1	-0.986024	-0.097656	0.203911	-0.285702	
1	-0.986024	-0.097656	0.203911	-0.285702	
1	-0.976562	-0.080647	0.214734	-0.284685	
1	-0.976562	-0.080647	0.214734	-0.284685	
1	-0.959431	-0.048828	0.233752	-0.283324	
1	-0.959431	-0.048828	0.233752	-0.283324	
1	-0.931063	0.000000	0.263130	-0.282352	
1	-0.931063	0.000000	0.263130	-0.282352	
1	-0.927734	0.005499	0.266419	-0.282334	
1	-0.927734	0.005499	0.266419	-0.282334	
1	-0.902116	0.048828	0.290598	-0.282796	
1	-0.902116	0.048828	0.290598	-0.282796	
1	-0.878906	0.085420	0.310858	-0.284053	
1	-0.878906	0.085420	0.310858	-0.284053	
1	-0.871283	0.097656	0.317130	-0.284616	
1	-0.871283	0.097656	0.317130	-0.284616	
1	-0.839425	0.146484	0.341561	-0.287677	
1	-0.839425	0.146484	0.341561	-0.287677	
1	-0.830078	0.160226	0.348196	-0.288767	
1	-0.830078	0.160226	0.348196	-0.288767	
1	-0.806459	0.195312	0.363639	-0.291785	
1	-0.806459	0.195312	0.363639	-0.291785	
1	-0.781250	0.230962	0.378474	-0.295400	
1	-0.781250	0.230962	0.378474	-0.295400	
1	-0.771990	0.244141	0.383382	-0.296772	
1	-0.771990	0.244141	0.383382	-0.296772	
1	-0.736502	0.292969	0.400031	-0.302199	
1	-0.736502	0.292969	0.400031	-0.302199	
1	-0.732422	0.298475	0.401715	-0.302825	
1	-0.732422	0.298475	0.401715	-0.302825	
1	-0.700486	0.341797	0.412949	-0.307446	
1	-0.700486	0.341797	0.412949	-0.307446	
1	-0.683594	0.364057	0.417796	-0.309731	
1	-0.683594	0.364057	0.417796	-0.309731	
1	-0.663558	0.390625	0.422323	-0.312077	
1	-0.663558	0.390625	0.422323	-0.312077	
1	-0.634766	0.427940	0.427036	-0.314822	
1	-0.634766	0.427940	0.427036	-0.314822	
1	-0.625965	0.439453	0.427947	-0.315405	
1	-0.625965	0.439453	0.427947	-0.315405	
1	-0.588038	0.488281	0.429762	-0.316656	
1	-0.588038	0.488281	0.429762	-0.316656	
1	-0.585938	0.490967	0.429760	-0.316654	
1	-0.585938	0.490967	0.429760	-0.316654	
1	-0.550406	0.537109	0.427795	-0.314934	
1	-0.550406	0.537109	0.427795	-0.314934	
1	-0.537109	0.554035	0.426489	-0.313689	
1	-0.537109	0.554035	0.426489	-0.313689	
1	-0.512528	0.585938	0.422880	-0.309958	
1	-0.512528	0.585938	0.422880	-0.309958	
1	-0.488281	0.616710	0.418619	-0.305081	
1	-0.488281	0.616710	0.418619	-0.305081	
1	-0.474364	0.634766	0.415607	-0.301357	
1	-0.474364	0.634766	0.415607	-0.301357	
1	-0.439453	0.678877	0.407573	-0.290334	
1	-0.439453	0.678877	0.407573	-0.290334	
1	-0.435803	0.683594	0.406620	-0.288922	
1	-0.435803	0.683594	0.406620	-0.288922	
1	-0.397224	0.732422	0.396442	-0.272373	
1	-0.397224	0.732422	0.396442	-0.272373	
1	-0.390625	0.740577	0.394706	-0.269268	
1	-0.390625	0.740577	0.394706	-0.269268	
1	-0.358225	0.781250	0.385790	-0.251882	
1	-0.358225	0.781250	0.385790	-0.251882	
1	-0.341797	0.801223	0.381475	-0.242503	
1	-0.341797	0.801223	0.381475	-0.242503	
1	-0.318316	0.830078	0.375257	-0.227698	
1	-0.318316	0.830078	0.375257	-0.227698	
1	-0.292969	0.860230	0.369022	-0.211037	
1	-0.292969	0.860230	0.369022	-0.211037	
1	-0.277332	0.878906	0.365276	-0.199975	
1	-0.277332	0.878906	0.365276	-0.199975	
1	-0.244141	0.917330	0.358056	-0.175803	
1	-0.244141	0.917330	0.358056	-0.175803	
1	-0.235118	0.927734	0.356212	-0.168885	
1	-0.235118	0.927734	0.356212	-0.168885	
1	-0.195312	0.972365	0.348991	-0.137676	
1	-0.195312	0.972365	0.348991	-0.137676	
1	-0.191522	0.976562	0.348372	-0.134605	
1	-0.191522	0.976562	0.348372	-0.134605	
1	-0.146484	1.025267	0.342028	-0.097411	
1	-0.146484	1.025267	0.342028	-0.097411	
1	-0.146368	1.025391	0.342014	-0.097314	
1	-0.146368	1.025391	0.342014	-0.097314	
1	-0.099537	1.074219	0.337358	-0.057165	
1	-0.099537	1.074219	0.337358	-0.057165	
1	-0.097656	1.076150	0.337212	-0.055519	
1	-0.097656	1.076150	0.337212	-0.055519	
1	-0.050568	1.123047	0.334597	-0.014316	
1	-0.050568	1.123047	0.334597	-0.014316	
1	-0.048828	1.124762	0.334537	-0.012762	
1	-0.048828	1.124762	0.334537	-0.012762	
1	0.000000	1.171142	0.333896	0.030447	
1	0.000000	1.171142	0.333896	0.030447	
1	0.000807	1.171875	0.333902	0.031149	
1	0.000807	1.171875	0.333902	0.031149	
1	0.048828	1.215501	0.335167	0.073938	
1	0.048828	1.215501	0.335167	0.073938	
1	0.054884	1.220703	0.335443	0.079185	
1	0.054884	1.220703	0.335443	0.079185	
1	0.097656	1.257692	0.338209	0.117265	
1	0.097656	1.257692	0.338209	0.117265	
1	0.112253	1.269531	0.339405	0.129812	
1	0.112253	1.269531	0.339405	0.129812	
1	0.146484	1.297653	0.342861	0.160119	
1	0.146484	1.297653	0.342861	0.160119	
1	0.173565	1.318359	0.346008	0.183141	
1	0.173565	1.318359	0.346008	0.183141	
1	0.195312	1.335297	0.348951	0.202218	
1	0.195312	1.335297	0.348951	0.202218	
1	0.239632	1.367188	0.355539	0.239390	
1	0.239632	1.367188	0.355539	0.239390	
1	0.244141	1.370509	0.356297	0.243297	
1	0.244141	1.370509	0.356297	0.243297	
1	0.292969	1.404037	0.364892	0.283922	
1	0.292969	1.404037	0.364892	0.283922	
1	0.312143	1.416016	0.368429	0.299058	
1	0.312143	1.416016	0.368429	0.299058	
1	0.341797	1.435193	0.374483	0.323352	
1	0.341797	1.435193	0.374483	0.323352	
1	0.390625	1.463636	0.384845	0.361205	
1	0.390625	1.463636	0.384845	0.361205	
1	0.392918	1.464844	0.385331	0.362888	
1	0.392918	1.464844	0.385331	0.362888	
1	0.439453	1.490477	0.396141	0.398428	
1	0.439453	1.490477	0.396141	0.398428	
1	0.487335	1.513672	0.407593	0.432880	
1	0.487335	1.513672	0.407593	0.432880	
1	0.488281	1.514153	0.407838	0.433587	
1	0.488281	1.514153	0.407838	0.433587	
1	0.537109	1.536066	0.420239	0.467896	
1	0.537109	1.536066	0.420239	0.467896	
1	0.585938	1.554809	0.432812	0.500127	
1	0.585938	1.554809	0.432812	0.500127	
1	0.609978	1.562500	0.438898	0.514928	
1	0.609978	1.562500	0.438898	0.514928	
1	0.634766	1.570940	0.445639	0.530772	
1	0.634766	1.570940	0.445639	0.530772	
1	0.683594	1.584206	0.458552	0.559640	
1	0.683594	1.584206	0.458552	0.559640	
1	0.732422	1.594087	0.471275	0.586348	
1	0.732422	1.594087	0.471275	0.586348	
1	0.781250	1.600406	0.483659	0.610821	
1	0.781250	1.600406	0.483659	0.610821	
1	0.830078	1.602841	0.495501	0.632894	
1	0.830078	1.602841	0.495501	0.632894	
1	0.878906	1.600896	0.506529	0.652298	
1	0.878906	1.600896	0.506529	0.652298	
1	0.927734	1.593856	0.516370	0.668652	
1	0.927734	1.593856	0.516370	0.668652	
1	0.976562	1.580733	0.524529	0.681451	
1	0.976562	1.580733	0.524529	0.681451	
1	1.020315	1.562500	0.529768	0.689230	
1	1.020315	1.562500	0.529768	0.689230	
1	1.025391	1.560196	0.530345	0.690059	
1	1.025391	1.560196	0.530345	0.690059	
1	1.074219	1.530119	0.532784	0.693472	
1	1.074219	1.530119	0.532784	0.693472	
1	1.094473	1.513672	0.532237	0.692758	
1	1.094473	1.513672	0.532237	0.692758	
1	1.123047	1.486864	0.530084	0.690032	
1	1.123047	1.486864	0.530084	0.690032	
1	1.142147	1.464844	0.526895	0.686125	
1	1.142147	1.464844	0.526895	0.686125	
1	1.171875	1.423379	0.518837	0.676664	
1	1.171875	1.423379	0.518837	0.676664	
1	1.176426	1.416016	0.517153	0.674744	
1	1.176426	1.416016	0.517153	0.674744	
1	1.201772	1.367188	0.504173	0.660426	
1	1.201772	1.367188	0.504173	0.660426	
1	1.220703	1.319458	0.489232	0.644790	
1	1.220703	1.319458	0.489232	0.644790	
1	1.221103	1.318359	0.488875	0.644426	
1	1.221103	1.318359	0.488875	0.644426	
1	1.235605	1.269531	0.471585	0.627221	
1	1.235605	1.269531	0.471585	0.627221	
1	1.246270	1.220703	0.452631	0.609241	
1	1.246270	1.220703	0.452631	0.609241	
1	1.253679	1.171875	0.432195	0.590736	
1	1.253679	1.171875	0.432195	0.590736	
1	1.258294	1.123047	0.410441	0.571919	
1	1.258294	1.123047	0.410441	0.571919	
1	1.260479	1.074219	0.387506	0.552965	
1	1.260479	1.074219	0.387506	0.552965	
1	1.260520	1.025391	0.363508	0.534018	
1	1.260520	1.025391	0.363508	0.534018	
1	1.258630	0.976562	0.338542	0.515197	
1	1.258630	0.976562	0.338542	0.515197	
1	1.254969	0.927734	0.312682	0.496597	
1	1.254969	0.927734	0.312682	0.496597	
1	1.249649	0.878906	0.285982	0.478297	
1	1.249649	0.878906	0.285982	0.478297	
1	1.242739	0.830078	0.258478	0.460362	
1	1.242739	0.830078	0.258478	0.460362	
1	1.234275	0.781250	0.230185	0.442847	
1	1.234275	0.781250	0.230185	0.442847	
1	1.224265	0.732422	0.201107	0.425799	
1	1.224265	0.732422	0.201107	0.425799	
1	1.220703	0.717359	0.191853	0.420572	
1	1.220703	0.717359	0.191853	0.420572	
1	1.213279	0.683594	0.171689	0.409512	
1	1.213279	0.683594	0.171689	0.409512	
1	1.201109	0.634766	0.141806	0.393938	
1	1.201109	0.634766	0.141806	0.393938	
1	1.187438	0.585938	0.111229	0.379001	
1	1.187438	0.585938	0.111229	0.379001	
1	1.172187	0.537109	0.079912	0.364744	
1	1.172187	0.537109	0.079912	0.364744	
1	1.171875	0.536191	0.079308	0.364479	
1	1.171875	0.536191	0.079308	0.364479	
1	1.156601	0.488281	0.048960	0.351686	
1	1.156601	0.488281	0.048960	0.351686	
1	1.139415	0.439453	0.017362	0.339421	
1	1.139415	0.439453	0.017362	0.339421	
1	1.123047	0.397088	-0.010685	0.329445	
1	1.123047	0.397088	-0.010685	0.329445	
1	1.120695	0.390625	-0.014775	0.328063	
1	1.120695	0.390625	-0.014775	0.328063	
1	1.101601	0.341797	-0.046314	0.318029	
1	1.101601	0.341797	-0.046314	0.318029	
1	1.080620	0.292969	-0.078530	0.308947	
1	1.080620	0.292969	-0.078530	0.308947	
1	1.074219	0.279018	-0.087903	0.306532	
1	1.074219	0.279018	-0.087903	0.306532	
1	1.058986	0.244141	-0.110162	0.301213	
1	1.058986	0.244141	-0.110162	0.301213	
1	1.035813	0.195312	-0.141900	0.294679	
1	1.035813	0.195312	-0.141900	0.294679	
1	1.025391	0.174759	-0.155458	0.292277	
1	1.025391	0.174759	-0.155458	0.292277	
1	1.011635	0.146484	-0.173075	0.289515	
1	1.011635	0.146484	-0.173075	0.289515	
1	0.986024	0.097656	-0.203911	0.285702	
1	0.986024	0.097656	-0.203911	0.285702	
1	0.976562	0.080647	-0.214734	0.284685	
1	0.976562	0.080647	-0.214734	0.284685	
1	0.959431	0.048828	-0.233752	0.283324	
1	0.959431	0.048828	-0.233752	0.283324	
1	0.931063	0.000000	-0.263130	0.282352	
1	0.931063	0.000000	-0.263130	0.282352	
1	0.927734	-0.005499	-0.266419	0.282334	
1	0.927734	-0.005499	-0.266419	0.282334	
1	0.902116	-0.048828	-0.290598	0.282796	
1	0.902116	-0.048828	-0.290598	0.282796	
1	0.878906	-0.085420	-0.310858	0.284053	
1	0.878906	-0.085420	-0.310858	0.284053	
1	0.871283	-0.097656	-0.317130	0.284616	
1	0.871283	-0.097656	-0.317130	0.284616	
1	0.839425	-0.146484	-0.341561	0.287677	
1	0.839425	-0.146484	-0.341561	0.287677	
1	0.830078	-0.160226	-0.348196	0.288767	
1	0.830078	-0.160226	-0.348196	0.288767	
1	0.806459	-0.195312	-0.363639	0.291785	
1	0.806459	-0.195312	-0.363639	0.291785	
1	0.781250	-0.230962	-0.378474	0.295400	
1	0.781250	-0.230962	-0.378474	0.295400	
1	0.771990	-0.244141	-0.383382	0.296772	
1	0.771990	-0.244141	-0.383382	0.296772	
1	0.736502	-0.292969	-0.400031	0.302199	
1	0.736502	-0.292969	-0.400031	0.302199	
1	0.732422	-0.298475	-0.401715	0.302825	
1	0.732422	-0.298475	-0.401715	0.302825	
1	0.700486	-0.341797	-0.412949	0.307446	
1	0.700486	-0.341797	-0.412949	0.307446	
1	0.683594	-0.364057	-0.417796	0.309731	
1	0.683594	-0.364057	-0.417796	0.309731	
1	0.663558	-0.390625	-0.422323	0.312077	
1	0.663558	-0.390625	-0.422323	0.312077	
1	0.634766	-0.427940	-0.427036	0.314822	
1	0.634766	-0.427940	-0.427036	0.314822	
1	0.625965	-0.439453	-0.427947	0.315405	
1	0.625965	-0.439453	-0.427947	0.315405	
1	0.588038	-0.488281	-0.429762	0.316656	
1	0.588038	-0.488281	-0.429762	0.316656	
1	0.585938	-0.490967	-0.429760	0.316654	
1	0.585938	-0.490967	-0.429760	0.316654	
1	0.550406	-0.537109	-0.427795	0.314934	
1	0.550406	-0.537109	-0.427795	0.314934	
1	0.537109	-0.554035	-0.426489	0.313689	
1	0.537109	-0.554035	-0.426489	0.313689	
1	0.512528	-0.585938	-0.422880	0.309958	
1	0.512528	-0.585938	-0.422880	0.309958	
1	0.488281	-0.616710	-0.418619	0.305081	
1	0.488281	-0.616710	-0.418619	0.305081	
1	0.474364	-0.634766	-0.415607	0.301357	
1	0.474364	-0.634766	-0.415607	0.301357	
1	0.439453	-0.678877	-0.407573	0.290334	
1	0.439453	-0.678877	-0.407573	0.290334	
1	0.435803	-0.683594	-0.406620	0.288922	
1	0.435803	-0.683594	-0.406620	0.288922	
1	0.397224	-0.732422	-0.396442	0.272373	
1	0.397224	-0.732422	-0.396442	0.272373	
1	0.390625	-0.740577	-0.394706	0.269268	
1	0.390625	-0.740577	-0.394706	0.269268	
1	0.358225	-0.781250	-0.385790	0.251882	
1	0.358225	-0.781250	-0.385790	0.251882	
1	0.341797	-0.801223	-0.381475	0.242503	
1	0.341797	-0.801223	-0.381475	0.242503	
1	0.318316	-0.830078	-0.375257	0.227698	
1	0.318316	-0.830078	-0.375257	0.227698	
1	0.292969	-0.860230	-0.369022	0.211037	
1	0.292969	-0.860230	-0.369022	0.211037	
1	0.277332	-0.878906	-0.365276	0.199975	
1	0.277332	-0.878906	-0.365276	0.199975	
1	0.244141	-0.917330	-0.358056	0.175803	
1	0.244141	-0.917330	-0.358056	0.175803	
1	0.235118	-0.927734	-0.356212	0.168885	
1	0.235118	-0.927734	-0.356212	0.168885	
1	0.195312	-0.972365	-0.348991	0.137676	
1	0.195312	-0.972365	-0.348991	0.137676	
1	0.191522	-0.976562	-0.348372	0.134605	
1	0.191522	-0.976562	-0.348372	0.134605	
1	0.146484	-1.025267	-0.342028	0.097411	
1	0.146484	-1.025267	-0.342028	0.097411	
1	0.146368	-1.025391	-0.342014	0.097314	
1	0.146368	-1.025391	-0.342014	0.097314	
1	0.099537	-1.074219	-0.337358	0.057165	
1	0.099537	-1.074219	-0.337358	0.057165	
1	0.097656	-1.076150	-0.337212	0.055519	
1	0.097656	-1.076150	-0.337212	0.055519	
1	0.050568	-1.123047	-0.334597	0.014316	
1	0.050568	-1.123047	-0.334597	0.014316	
1	0.048828	-1.124762	-0.334537	0.012762	
1	0.048828	-1.124762	-0.334537	0.012762	
1	0.000000	-1.171142	-0.333896	-0.030447	
1	0.000000	-1.171142	-0.333896	-0.030447	
1	-0.000807	-1.171875	-0.333902	-0.031149	
1	-0.000807	-1.171875	-0.333902	-0.031149	
1	-0.048828	-1.215501	-0.335167	-0.073938	
1	-0.048828	-1.215501	-0.335167	-0.073938	
1	-0.054884	-1.220703	-0.335443	-0.079185	
1	-0.054884	-1.220703	-0.335443	-0.079185	
1	-0.097656	-1.257692	-0.338209	-0.117265	
1	-0.097656	-1.257692	-0.338209	-0.117265	
1	-0.112253	-1.269531	-0.339405	-0.129812	
1	-0.112253	-1.269531	-0.339405	-0.129812	
1	-0.146484	-1.297653	-0.342861	-0.160119	
1	-0.146484	-1.297653	-0.342861	-0.160119	
1	-0.173565	-1.318359	-0.346008	-0.183141	
1	-0.173565	-1.318359	-0.346008	-0.183141	
1	-0.195312	-1.335297	-0.348951	-0.202218	
1	-0.195312	-1.335297	-0.348951	-0.202218	
1	-0.239632	-1.367188	-0.355539	-0.239390	
1	-0.239632	-1.367188	-0.355539	-0.239390	
1	-0.244141	-1.370509	-0.356297	-0.243297	
1	-0.244141	-1.370509	-0.356297	-0.243297	
1	-0.292969	-1.404037	-0.364892	-0.283922	
1	-0.292969	-1.404037	-0.364892	-0.283922	
1	-0.312143	-1.416016	-0.368429	-0.299058	
1	-0.312143	-1.416016	-0.368429	-0.299058	
1	-0.341797	-1.435193	-0.374483	-0.323352	
1	-0.341797	-1.435193	-0.374483	-0.323352	
1	-0.390625	-1.463636	-0.384845	-0.361205	
1	-0.390625	-1.463636	-0.384845	-0.361205	
1	-0.392918	-1.464844	-0.385331	-0.362888	
1	-0.392918	-1.464844	-0.385331	-0.362888	
1	-0.439453	-1.490477	-0.396141	-0.398428	
1	-0.439453	-1.490477	-0.396141	-0.398428	
1	-0.487335	-1.513672	-0.407593	-0.432880	
1	-0.487335	-1.513672	-0.407593	-0.432880	
1	-0.488281	-1.514153	-0.407838	-0.433587	
1	-0.488281	-1.514153	-0.407838	-0.433587	
1	-0.537109	-1.536066	-0.420239	-0.467896	
1	-0.537109	-1.536066	-0.420239	-0.467896	
