#REFERENCE 0 87.3042530 -62.0775650
1 87.3042530 -62.0775650 0.0000 0.0000 36.77 0.00
1 87.304253 -62.077565 0.0000 0.0000 36.77 0.00
1 87.3042530 -62.0775650 0.0000 0.0000 36.77 0.00
1 87.3042530 -62.0775650 6.8386 2.4687 36.77 18.59
2 87.3042530 -62.0775650 0.0000 0.0000 27.64 0.00
2 87.304253 -62.077565 0.0000 0.0000 27.64 0.00
2 87.3042530 -62.0775650 0.0000 0.0000 27.64 0.00
2 87.3042530 -62.0775650 5.3642 1.9981 27.64 11.96
3 87.3042530 -62.0775650 0.0000 0.0000 -82.51 0.00
3 87.304253 -62.077565 0.0000 0.0000 -82.51 0.00
3 87.3042530 -62.0775650 0.0000 0.0000 -82.51 0.00
3 87.3042530 -62.0775650 1.6252 1.4125 -82.51 3.17
