#REFERENCE 3 87.3042530 -62.0775650
9.2 0.642 -1.103 0.029 0.007 158.62 3.000 3.53 -0.038 0.072 -4.68 8.21
9.2 0.642 -1.103 0.029 0.007 158.62 3.000 3.53 0.071 2.324 1.95 1.58
9.2 0.642 -1.103 0.029 0.007 158.62 3.000 3.53 3.930 -6.102 0.84 2.69
9.2 0.642 -1.103 0.029 0.007 158.62 3.000 3.53 -2.343 2.170 3.53 -0.00
9.1 -0.646 1.126 0.030 0.000 167.94 3.000 6.84 -3.930 6.133 0.83 6.00
9.1 -0.646 1.126 0.030 0.000 167.94 3.000 6.84 -0.023 -2.292 1.99 4.85
9.1 -0.646 1.126 0.030 0.000 167.94 3.000 6.84 2.432 -1.774 6.80 0.03
6.4 0.364 -1.221 0.049 0.028 156.21 3.000 1.28 3.426 -6.347 0.85 0.42
6.3 0.771 -1.124 0.022 0.007 137.46 3.000 3.68 -0.055 0.088 -4.02 7.70
6.3 0.771 -1.124 0.022 0.007 137.46 3.000 3.68 -0.329 2.507 2.72 0.96
6.3 0.771 -1.124 0.022 0.007 137.46 3.000 3.68 -2.197 1.369 3.12 0.55
6.3 0.771 -1.124 0.022 0.007 137.46 3.000 3.68 4.134 -6.091 0.82 2.86
6.3 0.771 -1.124 0.022 0.007 137.46 3.000 3.68 -1.824 2.379 3.68 -0.00
6.2 0.783 0.100 0.084 0.052 116.79 3.000 0.38 2.382 2.684 1.41 -1.03
6.2 0.783 0.100 0.084 0.052 116.79 3.000 0.38 -1.296 5.042 1.60 -1.21
6.2 0.783 0.100 0.084 0.052 116.79 3.000 0.38 4.593 -4.156 1.13 -0.75
6.2 0.783 0.100 0.084 0.052 116.79 3.000 0.38 -0.026 -0.004 -6.83 7.22
6.2 0.783 0.100 0.084 0.052 116.79 3.000 0.38 -1.375 -0.584 0.38 -0.00
6.1 -0.405 1.095 0.035 0.002 175.30 3.000 4.69 -3.534 6.166 0.87 3.81
6.1 -0.405 1.095 0.035 0.002 175.30 3.000 4.69 -0.381 -1.953 1.33 3.36
1.6 -0.370 1.094 0.042 0.002 179.42 3.000 4.68 -3.475 6.174 0.88 3.80
1.6 -0.370 1.094 0.042 0.002 179.42 3.000 4.68 -0.409 -1.901 1.26 3.42
1.5 0.764 0.290 0.096 0.054 120.46 3.000 0.26 2.750 2.463 1.37 -1.11
1.5 0.764 0.290 0.096 0.054 120.46 3.000 0.26 -1.337 5.324 1.47 -1.21
1.5 0.764 0.290 0.096 0.054 120.46 3.000 0.26 4.639 -3.793 1.21 -0.95
1.5 0.764 0.290 0.096 0.054 120.46 3.000 0.26 -1.202 -0.667 0.26 0.00
1.5 0.764 0.290 0.096 0.054 120.46 3.000 0.26 -1.202 -0.667 0.26 -0.00
1.4 0.734 -0.976 0.030 0.015 117.33 3.000 2.86 -0.039 0.057 -5.07 7.92
1.4 0.734 -0.976 0.030 0.015 117.33 3.000 2.86 -2.312 0.741 1.99 0.86
1.4 0.734 -0.976 0.030 0.015 117.33 3.000 2.86 0.095 2.680 2.25 0.60
1.4 0.734 -0.976 0.030 0.015 117.33 3.000 2.86 4.122 -5.896 0.85 2.01
1.4 0.734 -0.976 0.030 0.015 117.33 3.000 2.86 -1.755 2.938 2.86 -0.00
1.3 1.194 0.150 0.084 0.026 46.20 3.000 2.05 5.240 -3.906 1.07 0.98
1.3 1.194 0.150 0.084 0.026 46.20 3.000 2.05 0.100 4.989 2.14 -0.09
1.3 1.194 0.150 0.084 0.026 46.20 3.000 2.05 2.178 3.598 2.05 0.00
1.2 0.377 -1.145 0.060 0.041 153.43 3.000 1.29 3.472 -6.242 0.87 0.42
1.1 0.960 -0.518 0.055 0.010 61.11 3.000 2.99 4.641 -5.139 0.91 2.08
1.1 0.960 -0.518 0.055 0.010 61.11 3.000 2.99 -1.659 0.036 0.89 2.10
1.1 0.960 -0.518 0.055 0.010 61.11 3.000 2.99 -0.042 0.025 -5.80 8.79
5.2 0.041 1.102 0.037 0.008 177.78 3.320 2.81 -2.786 6.381 0.94 1.87
5.2 0.041 1.102 0.037 0.008 177.78 3.320 2.81 3.727 -0.439 2.69 0.12
5.2 0.041 1.102 0.037 0.008 177.78 3.320 2.81 3.856 -1.719 2.81 -0.00
5.1 1.300 0.083 0.039 0.007 50.64 3.320 2.65 5.430 -4.073 1.02 1.63
5.1 1.300 0.083 0.039 0.007 50.64 3.320 2.65 0.609 4.833 2.71 -0.06
5.1 1.300 0.083 0.039 0.007 50.64 3.320 2.65 1.815 4.045 2.65 0.00
4.2 0.044 1.103 0.037 0.008 177.93 3.320 2.82 -2.782 6.383 0.94 1.88
4.2 0.044 1.103 0.037 0.008 177.93 3.320 2.82 3.732 -0.445 2.70 0.12
4.2 0.044 1.103 0.037 0.008 177.93 3.320 2.82 3.859 -1.708 2.82 0.00
4.1 1.285 0.023 0.042 0.006 52.68 3.320 2.95 5.386 -4.190 1.00 1.95
2.3 0.040 1.103 0.037 0.007 177.91 3.320 2.83 -2.788 6.382 0.94 1.89
2.3 0.040 1.103 0.037 0.007 177.91 3.320 2.83 3.728 -0.452 2.71 0.12
2.3 0.040 1.103 0.037 0.007 177.91 3.320 2.83 3.854 -1.709 2.83 0.00
2.2 1.130 -0.210 0.056 0.011 69.14 3.320 2.81 5.071 -4.654 0.96 1.85
2.2 1.130 -0.210 0.056 0.011 69.14 3.320 2.81 1.238 3.850 2.71 0.10
2.2 1.130 -0.210 0.056 0.011 69.14 3.320 2.81 0.098 4.481 2.81 -0.00
2.1 1.226 -0.113 0.053 0.004 56.92 3.320 3.78 5.250 -4.452 0.97 2.81
3.2 0.896 -0.880 0.038 0.036 96.06 3.608 1.50 -0.039 3.240 3.11 -1.61
3.2 0.896 -0.880 0.038 0.036 96.06 3.608 1.50 -0.944 3.471 3.31 -1.81
3.2 0.896 -0.880 0.038 0.036 96.06 3.608 1.50 -0.046 0.050 -5.12 6.62
3.2 0.896 -0.880 0.038 0.036 96.06 3.608 1.50 4.503 -5.838 0.84 0.66
3.2 0.896 -0.880 0.038 0.036 96.06 3.608 1.50 -2.076 0.465 1.50 0.00
3.1 0.889 -1.027 0.035 0.030 0.96 3.608 1.92 -0.900 3.125 4.48 -2.55
3.1 0.889 -1.027 0.035 0.030 0.96 3.608 1.92 -0.567 3.076 4.38 -2.46
3.1 0.889 -1.027 0.035 0.030 0.96 3.608 1.92 -0.567 3.076 4.38 -2.45
3.1 0.889 -1.027 0.035 0.030 0.96 3.608 1.92 -0.056 0.071 -4.43 6.36
3.1 0.889 -1.027 0.035 0.030 0.96 3.608 1.92 4.442 -6.049 0.81 1.11
