#REFERENCE 3 181.5506200 -8.8009360
1	-52.160018	-18.652344	-52.142506	-18.382664	
1	-52.148438	-18.663917	-52.152737	-18.372991	
1	-52.148438	-18.663917	-52.152737	-18.372991	
1	-52.160018	-18.652344	-52.142506	-18.382664	
1	-52.197266	-18.616871	-52.110082	-18.421750	
1	-52.197266	-18.616871	-52.110082	-18.421750	
1	-52.207195	-18.603516	-52.100464	-18.436467	
1	-52.207195	-18.603516	-52.100464	-18.436467	
1	-52.229080	-18.554688	-52.076254	-18.485120	
1	-52.229080	-18.554688	-52.076254	-18.485120	
1	-52.234247	-18.505859	-52.064909	-18.523589	
1	-52.234247	-18.505859	-52.064909	-18.523589	
1	-52.228457	-18.457031	-52.062000	-18.551731	
1	-52.228457	-18.457031	-52.062000	-18.551731	
1	-52.208059	-18.408203	-52.064503	-18.570053	
1	-52.208059	-18.408203	-52.064503	-18.570053	
1	-52.197266	-18.387812	-52.066647	-18.574806	
1	-52.197266	-18.387812	-52.066647	-18.574806	
1	-52.156082	-18.359375	-52.072658	-18.580313	
1	-52.148438	-18.353293	-52.074106	-18.580748	
1	-52.099609	-18.343308	-52.084775	-18.580356	
1	-52.099609	-18.343308	-52.084775	-18.580356	
1	-52.050781	-18.354847	-52.103125	-18.573149	
1	-52.050781	-18.354847	-52.103125	-18.573149	
1	-52.044719	-18.359375	-52.106652	-18.571177	
1	-52.044719	-18.359375	-52.106652	-18.571177	
1	-52.001953	-18.373091	-52.129927	-18.554521	
1	-52.001953	-18.373091	-52.129927	-18.554521	
1	-51.961718	-18.408203	-52.163456	-18.520161	
1	-51.961718	-18.408203	-52.163456	-18.520161	
1	-51.953125	-18.417091	-52.171209	-18.510228	
1	-51.953125	-18.417091	-52.171209	-18.510228	
1	-51.925485	-18.457031	-52.198358	-18.466880	
1	-51.925485	-18.457031	-52.198358	-18.466880	
1	-51.912205	-18.505859	-52.216913	-18.422314	
1	-51.912205	-18.505859	-52.216913	-18.422314	
1	-51.911500	-18.554688	-52.224724	-18.387532	
1	-51.911500	-18.554688	-52.224724	-18.387532	
1	-51.920941	-18.603516	-52.225293	-18.363219	
1	-51.920941	-18.603516	-52.225293	-18.363219	
1	-51.949343	-18.652344	-52.221146	-18.348218	
1	-51.949343	-18.652344	-52.221146	-18.348218	
1	-51.953125	-18.659515	-52.220295	-18.346940	
1	-51.953125	-18.659515	-52.220295	-18.346940	
1	-52.001953	-18.692672	-52.212391	-18.342163	
1	-52.001953	-18.692672	-52.212391	-18.342163	
1	-52.050781	-18.695328	-52.200769	-18.343282	
1	-52.050781	-18.695328	-52.200769	-18.343282	
1	-52.099609	-18.688011	-52.182073	-18.351476	
1	-52.099609	-18.688011	-52.182073	-18.351476	
2	-57.080078	-13.906221	-56.716248	-14.177823	
2	-57.080078	-13.906221	-56.716248	-14.177823	
2	-57.038786	-13.867188	-56.765234	-14.193140	
2	-57.123970	-13.867188	-56.701719	-14.190128	
