#REFERENCE 0 41.3698000 -53.0294640
1.1 41.3698055 -53.0298834 0.204004 0.203998 154.04658 4.5000 -0.00 
1.2 41.3712142 -53.0290460 0.156368 0.064634 79.03417 4.5000 1.39 
1.2 41.3698124 -53.0298797 0.254383 0.149350 34.29897 4.5000 -0.04 
1.2 41.3692935 -53.0299791 0.191025 0.191006 153.82438 4.5000 -0.00 
2.1 41.3712589 -53.0290338 0.063776 0.006819 68.80761 4.5000 3.20 
2.1 41.3695166 -53.0299447 0.118144 0.069753 18.07749 4.5000 0.01 
2.1 41.3696198 -53.0299262 0.091004 0.090965 63.65535 4.5000 0.00 
2.2 41.3712602 -53.0290366 0.073921 0.007746 72.19313 4.5000 3.11 
2.2 41.3696275 -53.0299290 0.130747 0.076764 24.01023 4.5000 -0.00 
2.2 41.3695158 -53.0299488 0.099997 0.099900 64.10055 4.5000 0.00 
