chi multiples
 N    ID    z   Narcs    chip    chix    chiy    chia   rmss     rmsi    dx      dy    nwarn
 0    6.4 3.007   1      0.14    0.00    0.00    0.00   0.114    0.19   -0.18    0.03  0
 0    6.3 3.007   1      0.12    0.00    0.00    0.00   0.085    0.17    0.16   -0.08  0
 0    6.2 3.007   1      0.01    0.00    0.00    0.00   0.040    0.05   -0.04   -0.03  0
 0    6.1 3.007   1      0.26    0.00    0.00    0.00   0.198    0.25   -0.25   -0.04  0
 0    6.4 3.007   4      0.53    0.00    0.00    0.00   0.123    0.18    N/A     N/A   0
 1    1.6 3.468   1      0.61    0.00    0.00    0.00   0.342    0.39   -0.34   -0.18  0
 1    1.5 3.468   1      0.02    0.00    0.00    0.00   0.072    0.07    0.06    0.04  0
 1    1.4 3.468   1      0.25    0.00    0.00    0.00   0.116    0.25    0.22   -0.13  0
 1    1.3 3.468   1      0.84    0.00    0.00    0.00   0.181    0.46    0.45   -0.08  0
 1    1.2 3.468   1      0.18    0.00    0.00    0.00   0.101    0.21   -0.16    0.15  0
 1    1.1 3.468   1      1.02    0.00    0.00    0.00   0.374    0.50   -0.31   -0.40  0
 1    1.6 3.468   6      2.92    0.00    0.00    0.00   0.230    0.35    N/A     N/A   0
 2    5.2 4.500   1      0.01    0.00    0.00    0.00   0.048    0.06    0.06    0.01  0
 2    5.1 4.500   1      0.07    0.00    0.00    0.00   0.048    0.13    0.07    0.11  0
 2    5.2 4.500   2      0.08    0.00    0.00    0.00   0.048    0.10    N/A     N/A   0
 3    4.2 4.500   1      0.03    0.00    0.00    0.00   0.045    0.09    0.07   -0.06  0
 3    4.1 4.500   1      0.03    0.00    0.00    0.00   0.045    0.09   -0.04    0.08  0
 3    4.2 4.500   2      0.07    0.00    0.00    0.00   0.045    0.09    N/A     N/A   0
 4    2.3 4.500   1      0.36    0.00    0.00    0.00   0.171    0.30    0.12   -0.27  0
 4    2.2 4.500   1      0.22    0.00    0.00    0.00   0.120    0.24    0.12    0.20  0
 4    2.1 4.500   1      0.06    0.00    0.00    0.00   0.060    0.13   -0.08    0.09  0
 4    2.3 4.500   3      0.64    0.00    0.00    0.00   0.125    0.23    N/A     N/A   0
chimul                   4.24    0.00    0.00    0.00   0.160    0.25    N/A     N/A   0
log(Likelihood)         -9.80

chitot           4.24
log(Likelihood)    -9.80
