#REFERENCE 0 328.4033970 17.6954390
4.3 328.4051281 17.6937039 0.080001 0.080000 94.51214 0.5346 25.00 
4.2 328.4061697 17.6957122 0.115393 0.065472 9.25376 0.5346 24.82 
4.2 328.4052052 17.6938486 0.113134 0.071314 154.14107 0.5346 24.75 
4.2 328.4058981 17.6953959 0.080006 0.079999 131.04568 0.5346 25.00 
4.1 328.4050947 17.6937790 0.070436 0.039731 52.00023 0.5346 25.90 
4.1 328.4060381 17.6956409 0.080002 0.079973 35.37262 0.5346 25.00 
1.2 328.4087576 17.6980959 0.175351 0.001965 71.59656 1.0360 3.17 
1.1 328.4087160 17.6982017 0.162957 0.003051 69.08970 1.0360 2.77 
1.1 328.4050831 17.6916215 0.088965 0.078238 120.60899 1.0360 -0.09 
1.1 328.4047881 17.6913969 0.080001 0.080000 140.95334 1.0360 -0.00 
1.3 328.4059442 17.6923229 0.602604 0.037791 135.80661 1.0360 -1.38 
1.3 328.4041381 17.6909333 0.333601 0.036694 147.85986 1.0360 -0.70 
1.3 328.4086281 17.6981239 0.080000 0.080000 160.78537 1.0360 0.00 
2.2 328.4017017 17.6889073 0.130410 0.006758 2.44538 1.3713 2.15 
2.2 328.4081134 17.6965316 0.094006 0.059414 42.75305 1.3713 0.15 
2.2 328.4079881 17.6953199 0.080001 0.080000 120.07396 1.3713 -0.00 
2.1 328.4018216 17.6889063 0.132575 0.007243 0.47974 1.3713 2.06 
2.1 328.4080518 17.6952678 0.112844 0.068546 74.93718 1.3713 -0.21 
2.1 328.4081881 17.6965309 0.080002 0.079997 31.13925 1.3713 0.00 
6.2 328.3946877 17.6959217 0.281972 0.043879 98.82873 1.4649 98.28 
6.2 328.3953920 17.6977996 0.187895 0.044671 129.08398 1.4649 98.71 
6.2 328.3990081 17.7024599 0.080000 0.080000 130.36556 1.4649 99.00 
6.1 328.3987919 17.7025715 0.132075 0.004514 171.05808 1.4649 101.58 
6.1 328.3948811 17.6971232 0.195406 0.038304 87.31377 1.4649 98.83 
6.1 328.3949781 17.6973679 0.080024 0.079997 132.41663 1.4649 99.00 
8.3 328.4044738 17.6983518 0.834604 0.120130 124.28197 1.4856 -2.99 
8.3 328.4042443 17.6980534 0.810830 0.123506 128.39841 1.4856 -2.99 
8.3 328.3981195 17.6890557 0.080000 0.080000 113.39069 1.4856 -0.00 
8.2 328.3982923 17.6889666 0.049225 0.010136 30.53682 1.4856 2.77 
8.2 328.4047392 17.6982235 0.089283 0.069426 93.83726 1.4856 0.03 
8.2 328.4044281 17.6977979 0.080001 0.080000 121.87503 1.4856 -0.00 
8.1 328.3983469 17.6889463 0.053317 0.011560 26.65838 1.4856 2.54 
8.1 328.4044628 17.6976935 0.093596 0.071554 69.04236 1.4856 -0.05 
8.1 328.4048381 17.6982179 0.080002 0.080000 119.69101 1.4856 -0.00 
11.3 328.4043897 17.7008816 0.121420 0.077484 158.86929 1.6000 24.58 
11.3 328.4011142 17.6978953 0.127625 0.089672 123.33603 1.6000 24.37 
11.3 328.3974555 17.6904282 0.080000 0.080000 176.45489 1.6000 25.00 
11.2 328.4041602 17.7008642 0.094499 0.056100 2.86630 1.6000 25.20 
11.2 328.3972999 17.6904454 0.073504 0.045811 38.85628 1.6000 25.70 
11.2 328.4010663 17.6980814 0.080000 0.080000 123.20755 1.6000 25.00 
11.1 328.3974759 17.6903006 0.080127 0.051395 68.61836 1.6000 25.48 
11.1 328.4012921 17.6979571 0.110875 0.071592 157.41750 1.6000 24.77 
11.1 328.4043983 17.7007511 0.080000 0.080000 53.30048 1.6000 25.00 
9.3 328.4042966 17.7015382 0.139356 0.085107 156.58574 3.6510 24.33 
9.3 328.4009644 17.6988177 0.137859 0.089063 128.86399 3.6510 24.29 
9.3 328.3958123 17.6888524 0.080000 0.080000 83.84268 3.6510 25.00 
9.2 328.3953707 17.6888209 0.077009 0.030545 62.75960 3.6510 26.09 
9.2 328.4011648 17.6995196 0.107955 0.061168 165.06981 3.6510 24.97 
9.2 328.4034507 17.7013083 0.080000 0.080000 136.53237 3.6510 25.00 
9.1 328.3953601 17.6888914 0.076782 0.031068 46.75193 3.6510 26.07 
9.1 328.4034689 17.7013978 0.104121 0.058868 5.25521 3.6510 25.05 
9.1 328.4010425 17.6994800 0.080000 0.080000 40.55863 3.6510 25.00 
51.2 328.4049167 17.7046862 0.085522 0.032751 7.93561 4.0500 0.90 
51.2 328.3976022 17.6963546 0.074954 0.052867 61.12629 4.0500 0.52 
51.2 328.3962081 17.6928059 0.080000 0.080000 108.30618 4.0500 -0.00 
51.1 328.4047379 17.7046803 0.098770 0.051389 13.74120 4.0500 0.25 
51.1 328.3960346 17.6927677 0.124663 0.087850 86.18787 4.0500 -0.58 
51.1 328.3975381 17.6964979 0.080000 0.080000 16.43416 4.0500 0.00 
5.3 328.3963937 17.6926090 0.186341 0.076179 100.70716 4.0500 -0.86 
5.3 328.3978136 17.6962918 0.139956 0.072825 126.26119 4.0500 -0.51 
5.3 328.4051381 17.7045879 0.080000 0.080000 53.11848 4.0500 0.00 
5.2 328.4049046 17.7046279 0.085879 0.034611 7.43482 4.0500 0.83 
5.2 328.3976657 17.6964312 0.074277 0.054003 59.80088 4.0500 0.51 
5.2 328.3961781 17.6926679 0.080000 0.080000 22.60347 4.0500 0.00 
5.1 328.4047274 17.7046315 0.099940 0.053566 12.72523 4.0500 0.19 
5.1 328.3960108 17.6926560 0.123682 0.089159 86.64648 4.0500 -0.59 
5.1 328.3975881 17.6965569 0.080000 0.080000 20.25787 4.0500 0.00 
32.3 328.3909694 17.7014303 0.388271 0.085264 121.80461 4.0500 -1.78 
32.3 328.3892583 17.6982016 0.160783 0.096647 114.30497 4.0500 -0.96 
32.3 328.3898881 17.6990999 0.080001 0.079999 159.91674 4.0500 0.00 
32.2 328.3907480 17.7013000 0.199963 0.067995 126.16232 4.0500 -0.82 
32.2 328.3898066 17.6991808 0.065481 0.030010 33.19023 4.0500 1.28 
32.2 328.3891081 17.6982099 0.080000 0.079999 48.07220 4.0500 0.00 
32.1 328.3897421 17.6992334 0.073660 0.009747 24.80607 4.0500 2.38 
32.1 328.3889989 17.6982185 0.094135 0.032580 44.44105 4.0500 0.80 
32.1 328.3905881 17.7012089 0.080000 0.080000 63.03640 4.0500 0.00 
31.3 328.3906514 17.7009338 0.395418 0.086699 121.27862 4.0500 -1.82 
31.3 328.3891328 17.6980052 0.153456 0.096501 119.76825 4.0500 -0.91 
31.3 328.3899281 17.6992099 0.080003 0.080000 123.34070 4.0500 -0.00 
31.2 328.3905086 17.7009396 0.199785 0.070810 124.19319 4.0500 -0.86 
31.2 328.3898188 17.6992465 0.065747 0.030399 20.90253 4.0500 1.26 
31.2 328.3890081 17.6980669 0.080000 0.079999 40.80931 4.0500 0.00 
31.1 328.3897461 17.6992737 0.072445 0.009767 16.98371 4.0500 2.39 
31.1 328.3889228 17.6981068 0.090701 0.032908 41.50417 4.0500 0.83 
31.1 328.3904081 17.7009369 0.080000 0.080000 93.48276 4.0500 -0.00 
3.3 328.3902542 17.7003180 0.313151 0.082097 121.51049 4.0500 -1.51 
3.3 328.3889556 17.6977785 0.126080 0.083492 135.40759 4.0500 -0.54 
3.3 328.3899281 17.6993699 0.079999 0.079994 26.31493 4.0500 0.00 
3.2 328.3901898 17.7004421 0.192244 0.075950 121.09716 4.0500 -0.90 
3.2 328.3898154 17.6993435 0.070233 0.034564 0.79907 4.0500 1.05 
3.2 328.3888681 17.6978699 0.080001 0.080000 124.75052 4.0500 -0.00 
3.1 328.3897329 17.6993420 0.072189 0.010545 2.60747 4.0500 2.31 
3.1 328.3887928 17.6979276 0.084916 0.034073 37.26011 4.0500 0.86 
3.1 328.3901181 17.7004969 0.080001 0.080000 142.97937 4.0500 -0.00 
10.2 328.3981267 17.7051178 0.145535 0.057083 162.25450 4.7950 24.72 
10.2 328.3914877 17.6955102 0.148003 0.060416 67.20221 4.7950 24.64 
10.2 328.3933696 17.6997696 0.080001 0.080000 107.75803 4.7950 25.00 
10.1 328.3978618 17.7049627 0.150926 0.034818 136.10390 4.7950 25.21 
10.1 328.3934079 17.6999627 0.132690 0.033989 123.61112 4.7950 25.38 
10.1 328.3913492 17.6954632 0.107327 0.047116 107.10738 4.7950 25.26 
10.1 328.3910958 17.6947381 0.080012 0.080000 179.69489 4.7950 25.00 
7.2 328.3997027 17.6891073 0.092276 0.054687 151.09476 4.8773 25.26 
7.2 328.4085227 17.7021087 0.065720 0.051982 111.85887 4.8773 25.68 
7.2 328.4057981 17.6934489 0.080000 0.080000 40.17130 4.8773 25.00 
7.1 328.4086924 17.7018066 0.096178 0.048163 77.06881 4.8773 25.35 
7.1 328.4061886 17.6932408 0.103652 0.069334 8.67245 4.8773 24.87 
7.1 328.3999181 17.6888569 0.080000 0.080000 9.82310 4.8773 25.00 
