#REFERENCE 3 328.4033970 17.6954390
2.1 -14.014 7.913 0.150 0.023 125.96 4.500 2.54 -11.257 6.774 0.50 2.04
2.1 -14.014 7.913 0.150 0.023 125.96 4.500 2.54 -16.177 9.696 2.54 0.00
2.2 -16.007 8.519 0.135 0.100 91.58 4.500 0.98 -18.751 9.702 0.53 0.45
2.2 -16.007 8.519 0.135 0.100 91.58 4.500 0.98 -14.989 6.387 0.98 0.00
1.1 -14.160 7.949 0.154 0.045 139.39 4.500 1.69 -11.403 6.797 0.53 1.16
1.1 -14.160 7.949 0.154 0.045 139.39 4.500 1.69 -16.596 9.517 1.69 -0.00
1.2 -16.122 8.431 0.143 0.029 103.42 4.500 2.25 -18.894 9.536 0.52 1.73
1.3 -14.003 7.769 0.115 0.106 34.27 4.500 1.08 -16.501 9.169 2.16 -1.08
1.3 -14.003 7.769 0.115 0.106 34.27 4.500 1.08 -16.501 9.169 2.16 -1.08
1.3 -14.003 7.769 0.115 0.106 34.27 4.500 1.08 -15.365 8.274 -0.89 1.97
1.3 -14.003 7.769 0.115 0.106 34.27 4.500 1.08 -11.279 6.556 0.49 0.59
1.3 -14.003 7.769 0.115 0.106 34.27 4.500 1.08 -16.363 7.427 1.08 -0.00
1.4 -15.497 8.045 0.368 0.101 150.26 4.500 -0.13 -15.775 6.007 0.22 -0.35
1.4 -15.497 8.045 0.368 0.101 150.26 4.500 -0.13 -18.320 9.024 0.70 -0.83
1.4 -15.497 8.045 0.368 0.101 150.26 4.500 -0.13 -13.004 6.440 0.99 -1.12
