#REFERENCE 3 181.5652570 -8.8060840
1	-3.173828	-3.139802	-1.925093	0.279408	
1	-3.125000	-3.126639	-1.899733	0.301388	
1	-3.125000	-3.126639	-1.899733	0.301388	
1	-3.119021	-3.125000	-1.896633	0.304082	
1	-3.119021	-3.125000	-1.896633	0.304082	
1	-3.076172	-3.113357	-1.874560	0.323316	
1	-3.076172	-3.113357	-1.874560	0.323316	
1	-3.027344	-3.099830	-1.849532	0.345228	
1	-3.027344	-3.099830	-1.849532	0.345228	
1	-2.978516	-3.086036	-1.824642	0.367127	
1	-2.978516	-3.086036	-1.824642	0.367127	
1	-2.944222	-3.076172	-1.807237	0.382503	
1	-2.944222	-3.076172	-1.807237	0.382503	
1	-2.929688	-3.072024	-1.799907	0.388994	
1	-2.929688	-3.072024	-1.799907	0.388994	
1	-2.880859	-3.057866	-1.775356	0.410803	
1	-2.880859	-3.057866	-1.775356	0.410803	
1	-2.832031	-3.043438	-1.750944	0.432588	
1	-2.832031	-3.043438	-1.750944	0.432588	
1	-2.783203	-3.028734	-1.726672	0.454348	
1	-2.783203	-3.028734	-1.726672	0.454348	
1	-2.778648	-3.027344	-1.724413	0.456378	
1	-2.778648	-3.027344	-1.724413	0.456378	
1	-2.734375	-3.013924	-1.702600	0.476025	
1	-2.734375	-3.013924	-1.702600	0.476025	
1	-2.685547	-2.998855	-1.678677	0.497662	
1	-2.685547	-2.998855	-1.678677	0.497662	
1	-2.636719	-2.983509	-1.654896	0.519261	
1	-2.636719	-2.983509	-1.654896	0.519261	
1	-2.621050	-2.978516	-1.647291	0.526187	
1	-2.621050	-2.978516	-1.647291	0.526187	
1	-2.587891	-2.968013	-1.631303	0.540778	
1	-2.587891	-2.968013	-1.631303	0.540778	
1	-2.539062	-2.952300	-1.607875	0.562229	
1	-2.539062	-2.952300	-1.607875	0.562229	
1	-2.490234	-2.936306	-1.584593	0.583630	
1	-2.490234	-2.936306	-1.584593	0.583630	
1	-2.470301	-2.929688	-1.575128	0.592353	
1	-2.470301	-2.929688	-1.575128	0.592353	
1	-2.441406	-2.920145	-1.561496	0.604939	
1	-2.441406	-2.920145	-1.561496	0.604939	
1	-2.392578	-2.903782	-1.538572	0.626163	
1	-2.392578	-2.903782	-1.538572	0.626163	
1	-2.343750	-2.887136	-1.515797	0.647322	
1	-2.343750	-2.887136	-1.515797	0.647322	
1	-2.325568	-2.880859	-1.507353	0.655185	
1	-2.325568	-2.880859	-1.507353	0.655185	
1	-2.294922	-2.870328	-1.493211	0.668374	
1	-2.294922	-2.870328	-1.493211	0.668374	
1	-2.246094	-2.853311	-1.470799	0.689327	
1	-2.246094	-2.853311	-1.470799	0.689327	
1	-2.197266	-2.836010	-1.448538	0.710199	
1	-2.197266	-2.836010	-1.448538	0.710199	
1	-2.186154	-2.832031	-1.443493	0.714937	
1	-2.186154	-2.832031	-1.443493	0.714937	
1	-2.148438	-2.818575	-1.426477	0.730939	
1	-2.148438	-2.818575	-1.426477	0.730939	
1	-2.099609	-2.800902	-1.404584	0.751573	
1	-2.099609	-2.800902	-1.404584	0.751573	
1	-2.051473	-2.783203	-1.383152	0.771817	
1	-2.051473	-2.783203	-1.383152	0.771817	
1	-2.050781	-2.782949	-1.382846	0.772107	
1	-2.050781	-2.782949	-1.382846	0.772107	
1	-2.001953	-2.764904	-1.361322	0.792480	
1	-2.001953	-2.764904	-1.361322	0.792480	
1	-1.953125	-2.746578	-1.339954	0.812741	
1	-1.953125	-2.746578	-1.339954	0.812741	
1	-1.921008	-2.734375	-1.325986	0.826003	
1	-1.921008	-2.734375	-1.325986	0.826003	
1	-1.904297	-2.728037	-1.318763	0.832865	
1	-1.904297	-2.728037	-1.318763	0.832865	
1	-1.855469	-2.709341	-1.297768	0.852828	
1	-1.855469	-2.709341	-1.297768	0.852828	
1	-1.806641	-2.690371	-1.276933	0.872659	
1	-1.806641	-2.690371	-1.276933	0.872659	
1	-1.794320	-2.685547	-1.271704	0.877639	
1	-1.794320	-2.685547	-1.271704	0.877639	
1	-1.757812	-2.671262	-1.256299	0.892311	
1	-1.757812	-2.671262	-1.256299	0.892311	
1	-1.708984	-2.651930	-1.235840	0.911803	
1	-1.708984	-2.651930	-1.235840	0.911803	
1	-1.671011	-2.636719	-1.220044	0.926853	
1	-1.671011	-2.636719	-1.220044	0.926853	
1	-1.660156	-2.632370	-1.215556	0.931129	
1	-1.660156	-2.632370	-1.215556	0.931129	
1	-1.611328	-2.612680	-1.195473	0.950255	
1	-1.611328	-2.612680	-1.195473	0.950255	
1	-1.562500	-2.592734	-1.175557	0.969208	
1	-1.562500	-2.592734	-1.175557	0.969208	
1	-1.550709	-2.587891	-1.170776	0.973755	
1	-1.550709	-2.587891	-1.170776	0.973755	
1	-1.513672	-2.572656	-1.155841	0.987949	
1	-1.513672	-2.572656	-1.155841	0.987949	
1	-1.464844	-2.552371	-1.136304	1.006490	
1	-1.464844	-2.552371	-1.136304	1.006490	
1	-1.433078	-2.539062	-1.123690	1.018442	
1	-1.433078	-2.539062	-1.123690	1.018442	
1	-1.416016	-2.531897	-1.116950	1.024820	
1	-1.416016	-2.531897	-1.116950	1.024820	
1	-1.367188	-2.511285	-1.097792	1.042917	
1	-1.367188	-2.511285	-1.097792	1.042917	
1	-1.318359	-2.490451	-1.078806	1.060798	
1	-1.318359	-2.490451	-1.078806	1.060798	
1	-1.317852	-2.490234	-1.078610	1.060982	
1	-1.317852	-2.490234	-1.078610	1.060982	
1	-1.269531	-2.469527	-1.060025	1.078420	
1	-1.269531	-2.469527	-1.060025	1.078420	
1	-1.220703	-2.448401	-1.041419	1.095806	
1	-1.220703	-2.448401	-1.041419	1.095806	
1	-1.204583	-2.441406	-1.035321	1.101486	
1	-1.204583	-2.441406	-1.035321	1.101486	
1	-1.171875	-2.427153	-1.023006	1.112927	
1	-1.171875	-2.427153	-1.023006	1.112927	
1	-1.123047	-2.405759	-1.004779	1.129784	
1	-1.123047	-2.405759	-1.004779	1.129784	
1	-1.093089	-2.392578	-0.993690	1.139989	
1	-1.093089	-2.392578	-0.993690	1.139989	
1	-1.074219	-2.384231	-0.986737	1.146367	
1	-1.074219	-2.384231	-0.986737	1.146367	
1	-1.025391	-2.362600	-0.968885	1.162661	
1	-1.025391	-2.362600	-0.968885	1.162661	
1	-0.983060	-2.343750	-0.953557	1.176552	
1	-0.983060	-2.343750	-0.953557	1.176552	
1	-0.976562	-2.340839	-0.951214	1.178666	
1	-0.976562	-2.340839	-0.951214	1.178666	
1	-0.927734	-2.319007	-0.933734	1.194363	
1	-0.927734	-2.319007	-0.933734	1.194363	
1	-0.878906	-2.297070	-0.916434	1.209753	
1	-0.878906	-2.297070	-0.916434	1.209753	
1	-0.874106	-2.294922	-0.914746	1.211246	
1	-0.874106	-2.294922	-0.914746	1.211246	
1	-0.830078	-2.275079	-0.899322	1.224819	
1	-0.830078	-2.275079	-0.899322	1.224819	
1	-0.781250	-2.253024	-0.882389	1.239559	
1	-0.781250	-2.253024	-0.882389	1.239559	
1	-0.765853	-2.246094	-0.877095	1.244131	
1	-0.765853	-2.246094	-0.877095	1.244131	
1	-0.732422	-2.230929	-0.865638	1.253961	
1	-0.732422	-2.230929	-0.865638	1.253961	
1	-0.683594	-2.208813	-0.849065	1.268018	
1	-0.683594	-2.208813	-0.849065	1.268018	
1	-0.658009	-2.197266	-0.840462	1.275235	
1	-0.658009	-2.197266	-0.840462	1.275235	
1	-0.634766	-2.186687	-0.832669	1.281722	
1	-0.634766	-2.186687	-0.832669	1.281722	
1	-0.585938	-2.164574	-0.816447	1.295067	
1	-0.585938	-2.164574	-0.816447	1.295067	
1	-0.550160	-2.148438	-0.804679	1.304606	
1	-0.550160	-2.148438	-0.804679	1.304606	
1	-0.537109	-2.142498	-0.800397	1.308045	
1	-0.537109	-2.142498	-0.800397	1.308045	
1	-0.488281	-2.120464	-0.784514	1.320651	
1	-0.488281	-2.120464	-0.784514	1.320651	
1	-0.441843	-2.099609	-0.769566	1.332285	
1	-0.441843	-2.099609	-0.769566	1.332285	
1	-0.439453	-2.098526	-0.768798	1.332876	
1	-0.439453	-2.098526	-0.768798	1.332876	
1	-0.390625	-2.076652	-0.753237	1.344723	
1	-0.390625	-2.076652	-0.753237	1.344723	
1	-0.341797	-2.054933	-0.737837	1.356177	
1	-0.341797	-2.054933	-0.737837	1.356177	
1	-0.332344	-2.050781	-0.734880	1.358345	
1	-0.332344	-2.050781	-0.734880	1.358345	
1	-0.292969	-2.033325	-0.722582	1.367245	
1	-0.292969	-2.033325	-0.722582	1.367245	
1	-0.244141	-2.011913	-0.707475	1.377917	
1	-0.244141	-2.011913	-0.707475	1.377917	
1	-0.221122	-2.001953	-0.700413	1.382803	
1	-0.221122	-2.001953	-0.700413	1.382803	
1	-0.195312	-1.990681	-0.692504	1.388194	
1	-0.195312	-1.990681	-0.692504	1.388194	
1	-0.146484	-1.969668	-0.677664	1.398076	
1	-0.146484	-1.969668	-0.677664	1.398076	
1	-0.107472	-1.953125	-0.665906	1.405680	
1	-0.107472	-1.953125	-0.665906	1.405680	
1	-0.097656	-1.948924	-0.662950	1.407560	
1	-0.097656	-1.948924	-0.662950	1.407560	
1	-0.048828	-1.928406	-0.648344	1.416653	
1	-0.048828	-1.928406	-0.648344	1.416653	
1	0.000000	-1.908234	-0.633850	1.425349	
1	0.000000	-1.908234	-0.633850	1.425349	
1	0.009719	-1.904297	-0.630982	1.427030	
1	0.009719	-1.904297	-0.630982	1.427030	
1	0.048828	-1.888326	-0.619443	1.433659	
1	0.048828	-1.888326	-0.619443	1.433659	
1	0.097656	-1.868789	-0.605124	1.441580	
1	0.097656	-1.868789	-0.605124	1.441580	
1	0.131663	-1.855469	-0.595205	1.446866	
1	0.131663	-1.855469	-0.595205	1.446866	
1	0.146484	-1.849620	-0.590879	1.449119	
1	0.146484	-1.849620	-0.590879	1.449119	
1	0.195312	-1.830794	-0.576689	1.456285	
1	0.195312	-1.830794	-0.576689	1.456285	
1	0.244141	-1.812414	-0.562552	1.463076	
1	0.244141	-1.812414	-0.562552	1.463076	
1	0.259851	-1.806641	-0.558017	1.465181	
1	0.259851	-1.806641	-0.558017	1.465181	
1	0.292969	-1.794403	-0.548443	1.469506	
1	0.292969	-1.794403	-0.548443	1.469506	
1	0.341797	-1.776826	-0.534354	1.475578	
1	0.341797	-1.776826	-0.534354	1.475578	
1	0.390625	-1.759722	-0.520274	1.481298	
1	0.390625	-1.759722	-0.520274	1.481298	
1	0.396216	-1.757812	-0.518663	1.481930	
1	0.396216	-1.757812	-0.518663	1.481930	
1	0.439453	-1.742996	-0.506176	1.486678	
1	0.439453	-1.742996	-0.506176	1.486678	
1	0.488281	-1.726743	-0.492055	1.491722	
1	0.488281	-1.726743	-0.492055	1.491722	
1	0.537109	-1.710965	-0.477893	1.496439	
1	0.537109	-1.710965	-0.477893	1.496439	
1	0.543401	-1.708984	-0.476066	1.497022	
1	0.543401	-1.708984	-0.476066	1.497022	
1	0.585938	-1.695579	-0.463670	1.500837	
1	0.585938	-1.695579	-0.463670	1.500837	
1	0.634766	-1.680653	-0.449374	1.504923	
1	0.634766	-1.680653	-0.449374	1.504923	
1	0.683594	-1.666179	-0.434989	1.508705	
1	0.683594	-1.666179	-0.434989	1.508705	
1	0.704474	-1.660156	-0.428809	1.510231	
1	0.704474	-1.660156	-0.428809	1.510231	
1	0.732422	-1.652107	-0.420498	1.512190	
1	0.732422	-1.652107	-0.420498	1.512190	
1	0.781250	-1.638441	-0.405885	1.515386	
1	0.781250	-1.638441	-0.405885	1.515386	
1	0.830078	-1.625186	-0.391138	1.518299	
1	0.830078	-1.625186	-0.391138	1.518299	
1	0.878906	-1.612318	-0.376241	1.520936	
1	0.878906	-1.612318	-0.376241	1.520936	
1	0.882746	-1.611328	-0.375063	1.521132	
1	0.882746	-1.611328	-0.375063	1.521132	
1	0.927734	-1.599792	-0.361179	1.523304	
1	0.927734	-1.599792	-0.361179	1.523304	
1	0.976562	-1.587619	-0.345941	1.525409	
1	0.976562	-1.587619	-0.345941	1.525409	
1	1.025391	-1.575776	-0.330512	1.527256	
1	1.025391	-1.575776	-0.330512	1.527256	
1	1.074219	-1.564235	-0.314882	1.528853	
1	1.074219	-1.564235	-0.314882	1.528853	
1	1.081694	-1.562500	-0.312471	1.529075	
1	1.081694	-1.562500	-0.312471	1.529075	
1	1.123047	-1.552977	-0.299039	1.530204	
1	1.123047	-1.552977	-0.299039	1.530204	
1	1.171875	-1.541984	-0.282973	1.531315	
1	1.171875	-1.541984	-0.282973	1.531315	
1	1.220703	-1.531231	-0.266673	1.532193	
1	1.220703	-1.531231	-0.266673	1.532193	
1	1.269531	-1.520690	-0.250131	1.532842	
1	1.269531	-1.520690	-0.250131	1.532842	
1	1.302548	-1.513672	-0.238804	1.533153	
1	1.302548	-1.513672	-0.238804	1.533153	
1	1.318359	-1.510346	-0.233339	1.533267	
1	1.318359	-1.510346	-0.233339	1.533267	
1	1.367188	-1.500197	-0.216289	1.533475	
1	1.367188	-1.500197	-0.216289	1.533475	
1	1.416016	-1.490200	-0.198975	1.533470	
1	1.416016	-1.490200	-0.198975	1.533470	
1	1.464844	-1.480330	-0.181389	1.533259	
1	1.464844	-1.480330	-0.181389	1.533259	
1	1.513672	-1.470566	-0.163528	1.532846	
1	1.513672	-1.470566	-0.163528	1.532846	
1	1.542458	-1.464844	-0.152867	1.532510	
1	1.542458	-1.464844	-0.152867	1.532510	
1	1.562500	-1.460910	-0.145385	1.532236	
1	1.562500	-1.460910	-0.145385	1.532236	
1	1.611328	-1.451360	-0.126957	1.531436	
1	1.611328	-1.451360	-0.126957	1.531436	
1	1.660156	-1.441863	-0.108239	1.530451	
1	1.660156	-1.441863	-0.108239	1.530451	
1	1.708984	-1.432400	-0.089229	1.529286	
1	1.708984	-1.432400	-0.089229	1.529286	
1	1.757812	-1.422954	-0.069923	1.527947	
1	1.757812	-1.422954	-0.069923	1.527947	
1	1.793612	-1.416016	-0.055581	1.526858	
1	1.793612	-1.416016	-0.055581	1.526858	
1	1.806641	-1.413527	-0.050321	1.526439	
1	1.806641	-1.413527	-0.050321	1.526439	
1	1.855469	-1.404147	-0.030417	1.524768	
1	1.855469	-1.404147	-0.030417	1.524768	
1	1.904297	-1.394742	-0.010212	1.522940	
1	1.904297	-1.394742	-0.010212	1.522940	
1	1.953125	-1.385297	0.010295	1.520959	
1	1.953125	-1.385297	0.010295	1.520959	
1	2.001953	-1.375797	0.031104	1.518833	
1	2.001953	-1.375797	0.031104	1.518833	
1	2.045864	-1.367188	0.050076	1.516800	
1	2.045864	-1.367188	0.050076	1.516800	
1	2.050781	-1.366238	0.052217	1.516566	
1	2.050781	-1.366238	0.052217	1.516566	
1	2.099609	-1.356693	0.073637	1.514163	
1	2.099609	-1.356693	0.073637	1.514163	
1	2.148438	-1.347061	0.095361	1.511631	
1	2.148438	-1.347061	0.095361	1.511631	
1	2.197266	-1.337331	0.117389	1.508975	
1	2.197266	-1.337331	0.117389	1.508975	
1	2.246094	-1.327491	0.139719	1.506200	
1	2.246094	-1.327491	0.139719	1.506200	
1	2.290845	-1.318359	0.160449	1.503558	
1	2.290845	-1.318359	0.160449	1.503558	
1	2.294922	-1.317540	0.162351	1.503313	
1	2.294922	-1.317540	0.162351	1.503313	
1	2.343750	-1.307573	0.185292	1.500318	
1	2.343750	-1.307573	0.185292	1.500318	
1	2.392578	-1.297471	0.208533	1.497220	
1	2.392578	-1.297471	0.208533	1.497220	
1	2.441406	-1.287227	0.232074	1.494026	
1	2.441406	-1.287227	0.232074	1.494026	
1	2.490234	-1.276829	0.255912	1.490741	
1	2.490234	-1.276829	0.255912	1.490741	
1	2.523962	-1.269531	0.272551	1.488422	
1	2.523962	-1.269531	0.272551	1.488422	
1	2.539062	-1.266313	0.280051	1.487370	
1	2.539062	-1.266313	0.280051	1.487370	
1	2.587891	-1.255728	0.304492	1.483917	
1	2.587891	-1.255728	0.304492	1.483917	
1	2.636719	-1.244971	0.329227	1.480389	
1	2.636719	-1.244971	0.329227	1.480389	
1	2.685547	-1.234035	0.354254	1.476790	
1	2.685547	-1.234035	0.354254	1.476790	
1	2.734375	-1.222913	0.379572	1.473126	
1	2.734375	-1.222913	0.379572	1.473126	
1	2.743906	-1.220703	0.384547	1.472404	
1	2.743906	-1.220703	0.384547	1.472404	
1	2.783203	-1.211722	0.405189	1.469401	
1	2.783203	-1.211722	0.405189	1.469401	
1	2.832031	-1.200368	0.431096	1.465619	
1	2.832031	-1.200368	0.431096	1.465619	
1	2.880859	-1.188811	0.457289	1.461787	
1	2.880859	-1.188811	0.457289	1.461787	
1	2.929688	-1.177046	0.483766	1.457909	
1	2.929688	-1.177046	0.483766	1.457909	
1	2.950772	-1.171875	0.495284	1.456222	
1	2.950772	-1.171875	0.495284	1.456222	
1	2.978516	-1.165163	0.510532	1.453989	
1	2.978516	-1.165163	0.510532	1.453989	
1	3.027344	-1.153137	0.537585	1.450031	
1	3.027344	-1.153137	0.537585	1.450031	
1	3.076172	-1.140890	0.564916	1.446042	
1	3.076172	-1.140890	0.564916	1.446042	
1	3.125000	-1.128415	0.592524	1.442025	
1	3.125000	-1.128415	0.592524	1.442025	
1	3.145648	-1.123047	0.604279	1.440319	
1	3.145648	-1.123047	0.604279	1.440319	
1	3.173828	-1.115813	0.620415	1.437983	
1	3.173828	-1.115813	0.620415	1.437983	
1	3.222656	-1.103053	0.648585	1.433922	
1	3.222656	-1.103053	0.648585	1.433922	
1	3.271484	-1.090055	0.677026	1.429846	
1	3.271484	-1.090055	0.677026	1.429846	
1	3.320312	-1.076812	0.705736	1.425760	
1	3.320312	-1.076812	0.705736	1.425760	
1	3.329719	-1.074219	0.711297	1.424973	
1	3.329719	-1.074219	0.711297	1.424973	
1	3.369141	-1.063476	0.734727	1.421666	
1	3.369141	-1.063476	0.734727	1.421666	
1	3.417969	-1.049926	0.763985	1.417569	
1	3.417969	-1.049926	0.763985	1.417569	
1	3.466797	-1.036122	0.793507	1.413474	
1	3.466797	-1.036122	0.793507	1.413474	
1	3.504083	-1.025391	0.816225	1.410351	
1	3.504083	-1.025391	0.816225	1.410351	
1	3.515625	-1.022105	0.823295	1.409385	
1	3.515625	-1.022105	0.823295	1.409385	
1	3.564453	-1.007977	0.853355	1.405302	
1	3.564453	-1.007977	0.853355	1.405302	
1	3.613281	-0.993586	0.883672	1.401234	
1	3.613281	-0.993586	0.883672	1.401234	
1	3.662109	-0.978925	0.914246	1.397182	
1	3.662109	-0.978925	0.914246	1.397182	
1	3.669858	-0.976562	0.919120	1.396541	
1	3.669858	-0.976562	0.919120	1.396541	
1	3.710938	-0.964162	0.945088	1.393148	
1	3.710938	-0.964162	0.945088	1.393148	
1	3.759766	-0.949157	0.976186	1.389139	
1	3.759766	-0.949157	0.976186	1.389139	
1	3.808594	-0.933874	1.007534	1.385157	
1	3.808594	-0.933874	1.007534	1.385157	
1	3.827906	-0.927734	1.020000	1.383591	
1	3.827906	-0.927734	1.020000	1.383591	
1	3.857422	-0.918433	1.039142	1.381206	
1	3.857422	-0.918433	1.039142	1.381206	
1	3.906250	-0.902790	1.071004	1.377287	
1	3.906250	-0.902790	1.071004	1.377287	
1	3.955078	-0.886860	1.103112	1.373407	
1	3.955078	-0.886860	1.103112	1.373407	
1	3.979080	-0.878906	1.118982	1.371515	
1	3.979080	-0.878906	1.118982	1.371515	
1	4.003906	-0.870744	1.135472	1.369567	
1	4.003906	-0.870744	1.135472	1.369567	
1	4.052734	-0.854437	1.168083	1.365770	
1	4.052734	-0.854437	1.168083	1.365770	
1	4.101562	-0.837834	1.200935	1.362021	
1	4.101562	-0.837834	1.200935	1.362021	
1	4.124032	-0.830078	1.216133	1.360313	
1	4.124032	-0.830078	1.216133	1.360313	
1	4.150391	-0.821043	1.234035	1.358322	
1	4.150391	-0.821043	1.234035	1.358322	
1	4.199219	-0.804046	1.267381	1.354675	
1	4.199219	-0.804046	1.267381	1.354675	
1	4.248047	-0.786744	1.300964	1.351085	
1	4.248047	-0.786744	1.300964	1.351085	
1	4.263343	-0.781250	1.311532	1.349973	
1	4.263343	-0.781250	1.311532	1.349973	
1	4.296875	-0.769276	1.334792	1.347554	
1	4.296875	-0.769276	1.334792	1.347554	
1	4.345703	-0.751563	1.368858	1.344085	
1	4.345703	-0.751563	1.368858	1.344085	
1	4.394531	-0.733536	1.403158	1.340682	
1	4.394531	-0.733536	1.403158	1.340682	
1	4.397514	-0.732422	1.405260	1.340476	
1	4.397514	-0.732422	1.405260	1.340476	
1	4.443359	-0.715385	1.437702	1.337346	
1	4.443359	-0.715385	1.437702	1.337346	
1	4.492188	-0.696927	1.472477	1.334081	
1	4.492188	-0.696927	1.472477	1.334081	
1	4.526923	-0.683594	1.497354	1.331803	
1	4.526923	-0.683594	1.497354	1.331803	
1	4.541016	-0.678206	1.507484	1.330890	
1	4.541016	-0.678206	1.507484	1.330890	
1	4.589844	-0.659303	1.542729	1.327774	
1	4.589844	-0.659303	1.542729	1.327774	
1	4.638672	-0.640074	1.578200	1.324739	
1	4.638672	-0.640074	1.578200	1.324739	
1	4.651990	-0.634766	1.587914	1.323925	
1	4.651990	-0.634766	1.587914	1.323925	
1	4.687500	-0.620656	1.613906	1.321784	
1	4.687500	-0.620656	1.613906	1.321784	
1	4.736328	-0.600960	1.649839	1.318915	
1	4.736328	-0.600960	1.649839	1.318915	
1	4.773015	-0.585938	1.676985	1.316816	
1	4.773015	-0.585938	1.676985	1.316816	
1	4.785156	-0.580977	1.685999	1.316132	
1	4.785156	-0.580977	1.685999	1.316132	
1	4.833984	-0.560798	1.722389	1.313439	
1	4.833984	-0.560798	1.722389	1.313439	
1	4.882812	-0.540279	1.759001	1.310839	
1	4.882812	-0.540279	1.759001	1.310839	
1	4.890279	-0.537109	1.764619	1.310450	
1	4.890279	-0.537109	1.764619	1.310450	
1	4.931641	-0.519571	1.795842	1.308333	
1	4.931641	-0.519571	1.795842	1.308333	
1	4.980469	-0.498547	1.832905	1.305925	
1	4.980469	-0.498547	1.832905	1.305925	
1	5.004018	-0.488281	1.850858	1.304800	
1	5.004018	-0.488281	1.850858	1.304800	
1	5.029297	-0.477264	1.870191	1.303618	
1	5.029297	-0.477264	1.870191	1.303618	
1	5.078125	-0.455715	1.907701	1.301412	
1	5.078125	-0.455715	1.907701	1.301412	
1	5.114455	-0.439453	1.935750	1.299840	
1	5.114455	-0.439453	1.935750	1.299840	
1	5.126953	-0.433855	1.945430	1.299312	
1	5.126953	-0.433855	1.945430	1.299312	
1	5.175781	-0.411761	1.983382	1.297320	
1	5.175781	-0.411761	1.983382	1.297320	
1	5.221773	-0.390625	2.019328	1.295544	
1	5.221773	-0.390625	2.019328	1.295544	
1	5.224609	-0.389319	2.021551	1.295438	
1	5.224609	-0.389319	2.021551	1.295438	
1	5.273438	-0.366659	2.059943	1.293668	
1	5.273438	-0.366659	2.059943	1.293668	
1	5.322266	-0.343639	2.098550	1.292013	
1	5.322266	-0.343639	2.098550	1.292013	
1	5.326143	-0.341797	2.101625	1.291887	
1	5.326143	-0.341797	2.101625	1.291887	
1	5.371094	-0.320380	2.137378	1.290476	
1	5.371094	-0.320380	2.137378	1.290476	
1	5.419922	-0.296769	2.176422	1.289060	
1	5.419922	-0.296769	2.176422	1.289060	
1	5.427715	-0.292969	2.182674	1.288845	
1	5.427715	-0.292969	2.182674	1.288845	
1	5.468750	-0.272890	2.215685	1.287766	
1	5.468750	-0.272890	2.215685	1.287766	
1	5.517578	-0.248664	2.255163	1.286597	
1	5.517578	-0.248664	2.255163	1.286597	
1	5.526619	-0.244141	2.262497	1.286394	
1	5.526619	-0.244141	2.262497	1.286394	
1	5.566406	-0.224150	2.294859	1.285555	
1	5.566406	-0.224150	2.294859	1.285555	
1	5.615234	-0.199285	2.334770	1.284644	
1	5.615234	-0.199285	2.334770	1.284644	
1	5.622976	-0.195312	2.341118	1.284512	
1	5.622976	-0.195312	2.341118	1.284512	
1	5.664062	-0.174117	2.374898	1.283866	
1	5.664062	-0.174117	2.374898	1.283866	
1	5.712891	-0.148589	2.415242	1.283223	
1	5.712891	-0.148589	2.415242	1.283223	
1	5.716889	-0.146484	2.418555	1.283176	
1	5.716889	-0.146484	2.418555	1.283176	
1	5.761719	-0.122743	2.455803	1.282717	
1	5.761719	-0.122743	2.455803	1.282717	
1	5.808459	-0.097656	2.494831	1.282365	
1	5.808459	-0.097656	2.494831	1.282365	
1	5.810547	-0.096528	2.496579	1.282353	
1	5.810547	-0.096528	2.496579	1.282353	
1	5.859375	-0.069974	2.537573	1.282131	
1	5.859375	-0.069974	2.537573	1.282131	
1	5.897784	-0.048828	2.569971	1.282059	
1	5.897784	-0.048828	2.569971	1.282059	
1	5.908203	-0.043046	2.578783	1.282056	
1	5.908203	-0.043046	2.578783	1.282056	
1	5.957031	-0.015752	2.620210	1.282129	
1	5.957031	-0.015752	2.620210	1.282129	
1	5.984927	0.000000	2.643976	1.282238	
1	5.984927	0.000000	2.643976	1.282238	
1	6.005859	0.011926	2.661856	1.282353	
1	6.005859	0.011926	2.661856	1.282353	
1	6.054688	0.039988	2.703720	1.282731	
1	6.054688	0.039988	2.703720	1.282731	
1	6.069953	0.048828	2.716854	1.282882	
1	6.069953	0.048828	2.716854	1.282882	
1	6.103516	0.068456	2.745804	1.283267	
1	6.103516	0.068456	2.745804	1.283267	
1	6.152344	0.097316	2.788108	1.283963	
1	6.152344	0.097316	2.788108	1.283963	
1	6.152917	0.097656	2.788606	1.283972	
1	6.152917	0.097656	2.788606	1.283972	
1	6.201172	0.126621	2.830634	1.284822	
1	6.201172	0.126621	2.830634	1.284822	
1	6.233935	0.146484	2.859293	1.285491	
1	6.233935	0.146484	2.859293	1.285491	
1	6.250000	0.156340	2.873383	1.285847	
1	6.250000	0.156340	2.873383	1.285847	
1	6.298828	0.186503	2.916357	1.287041	
1	6.298828	0.186503	2.916357	1.287041	
1	6.312996	0.195312	2.928867	1.287420	
1	6.312996	0.195312	2.928867	1.287420	
1	6.347656	0.217139	2.959557	1.288408	
1	6.347656	0.217139	2.959557	1.288408	
1	6.390160	0.244141	2.997346	1.289742	
1	6.390160	0.244141	2.997346	1.289742	
1	6.396484	0.248214	3.002985	1.289952	
1	6.396484	0.248214	3.002985	1.289952	
1	6.445312	0.279811	3.046644	1.291675	
1	6.445312	0.279811	3.046644	1.291675	
1	6.465505	0.292969	3.064766	1.292441	
1	6.465505	0.292969	3.064766	1.292441	
1	6.494141	0.311904	3.090537	1.293581	
1	6.494141	0.311904	3.090537	1.293581	
1	6.539008	0.341797	3.131075	1.295498	
1	6.539008	0.341797	3.131075	1.295498	
1	6.542969	0.344477	3.134664	1.295675	
1	6.542969	0.344477	3.134664	1.295675	
1	6.591797	0.377649	3.179033	1.297960	
1	6.591797	0.377649	3.179033	1.297960	
1	6.610781	0.390625	3.196345	1.298900	
1	6.610781	0.390625	3.196345	1.298900	
1	6.640625	0.411368	3.223644	1.300440	
1	6.640625	0.411368	3.223644	1.300440	
1	6.680781	0.439453	3.260512	1.302629	
1	6.680781	0.439453	3.260512	1.302629	
1	6.689453	0.445627	3.268499	1.303120	
1	6.689453	0.445627	3.268499	1.303120	
1	6.738281	0.480528	3.313608	1.306004	
1	6.738281	0.480528	3.313608	1.306004	
1	6.749084	0.488281	3.323619	1.306670	
1	6.749084	0.488281	3.323619	1.306670	
1	6.787109	0.516091	3.358975	1.309098	
1	6.787109	0.516091	3.358975	1.309098	
1	6.815704	0.537109	3.385656	1.311008	
1	6.815704	0.537109	3.385656	1.311008	
1	6.835938	0.552280	3.404601	1.312406	
1	6.835938	0.552280	3.404601	1.312406	
1	6.880627	0.585938	3.446590	1.315626	
1	6.880627	0.585938	3.446590	1.315626	
1	6.884766	0.589121	3.450493	1.315934	
1	6.884766	0.589121	3.450493	1.315934	
1	6.933594	0.626766	3.496664	1.319688	
1	6.933594	0.626766	3.496664	1.319688	
1	6.943938	0.634766	3.506476	1.320512	
1	6.943938	0.634766	3.506476	1.320512	
1	6.982422	0.665194	3.543121	1.323674	
1	6.982422	0.665194	3.543121	1.323674	
1	7.005617	0.683594	3.565280	1.325650	
1	7.005617	0.683594	3.565280	1.325650	
1	7.031250	0.704406	3.589868	1.327899	
1	7.031250	0.704406	3.589868	1.327899	
1	7.065663	0.732422	3.622984	1.331023	
1	7.065663	0.732422	3.622984	1.331023	
1	7.080078	0.744449	3.636914	1.332370	
1	7.080078	0.744449	3.636914	1.332370	
1	7.124094	0.781250	3.679586	1.336618	
1	7.124094	0.781250	3.679586	1.336618	
1	7.128906	0.785379	3.684272	1.337096	
1	7.128906	0.785379	3.684272	1.337096	
1	7.177734	0.827319	3.731961	1.342084	
1	7.177734	0.827319	3.731961	1.342084	
1	7.180943	0.830078	3.735104	1.342421	
1	7.180943	0.830078	3.735104	1.342421	
1	7.226562	0.870367	3.779998	1.347346	
1	7.226562	0.870367	3.779998	1.347346	
1	7.236223	0.878906	3.789533	1.348419	
1	7.236223	0.878906	3.789533	1.348419	
1	7.275391	0.914523	3.828394	1.352891	
1	7.275391	0.914523	3.828394	1.352891	
1	7.289914	0.927734	3.842846	1.354595	
1	7.289914	0.927734	3.842846	1.354595	
1	7.324219	0.959882	3.877170	1.358732	
1	7.324219	0.959882	3.877170	1.358732	
1	7.342023	0.976562	3.895035	1.360935	
1	7.342023	0.976562	3.895035	1.360935	
1	7.373047	1.006551	3.926350	1.364881	
1	7.373047	1.006551	3.926350	1.364881	
1	7.392552	1.025391	3.946092	1.367423	
1	7.392552	1.025391	3.946092	1.367423	
1	7.421875	1.054656	3.975962	1.371353	
1	7.421875	1.054656	3.975962	1.371353	
1	7.441503	1.074219	3.996008	1.374046	
1	7.441503	1.074219	3.996008	1.374046	
1	7.470703	1.104341	4.026040	1.378166	
1	7.470703	1.104341	4.026040	1.378166	
1	7.488871	1.123047	4.044771	1.380789	
1	7.488871	1.123047	4.044771	1.380789	
1	7.519531	1.155774	4.076622	1.385341	
1	7.519531	1.155774	4.076622	1.385341	
1	7.534653	1.171875	4.092369	1.387635	
1	7.534653	1.171875	4.092369	1.387635	
1	7.568359	1.209150	4.127758	1.392899	
1	7.568359	1.209150	4.127758	1.392899	
1	7.578838	1.220703	4.138785	1.394570	
1	7.578838	1.220703	4.138785	1.394570	
1	7.617188	1.264696	4.179501	1.400869	
1	7.617188	1.264696	4.179501	1.400869	
1	7.621418	1.269531	4.184003	1.401578	
1	7.621418	1.269531	4.184003	1.401578	
1	7.662397	1.318359	4.228022	1.408645	
1	7.662397	1.318359	4.228022	1.408645	
1	7.666016	1.322867	4.231950	1.409288	
1	7.666016	1.322867	4.231950	1.409288	
1	7.701769	1.367188	4.270831	1.415757	
1	7.701769	1.367188	4.270831	1.415757	
1	7.714844	1.384170	4.285218	1.418201	
1	7.714844	1.384170	4.285218	1.418201	
1	7.739492	1.416016	4.312388	1.422892	
1	7.739492	1.416016	4.312388	1.422892	
1	7.763672	1.448828	4.339388	1.427653	
1	7.763672	1.448828	4.339388	1.427653	
1	7.775543	1.464844	4.352666	1.430032	
1	7.775543	1.464844	4.352666	1.430032	
1	7.809910	1.513672	4.391653	1.437162	
1	7.809910	1.513672	4.391653	1.437162	
1	7.812500	1.517564	4.394636	1.437716	
1	7.812500	1.517564	4.394636	1.437716	
1	7.842617	1.562500	4.429366	1.444270	
1	7.842617	1.562500	4.429366	1.444270	
1	7.861328	1.592103	4.451332	1.448509	
1	7.861328	1.592103	4.451332	1.448509	
1	7.873572	1.611328	4.465722	1.451327	
1	7.873572	1.611328	4.465722	1.451327	
1	7.902775	1.660156	4.500718	1.458318	
1	7.902775	1.660156	4.500718	1.458318	
1	7.910156	1.673372	4.509757	1.460156	
1	7.910156	1.673372	4.509757	1.460156	
1	7.930217	1.708984	4.534346	1.465226	
1	7.930217	1.708984	4.534346	1.465226	
1	7.955812	1.757812	4.566528	1.472021	
1	7.955812	1.757812	4.566528	1.472021	
1	7.958984	1.764382	4.570631	1.472901	
1	7.958984	1.764382	4.570631	1.472901	
1	7.979593	1.806641	4.597295	1.478694	
1	7.979593	1.806641	4.597295	1.478694	
1	8.001450	1.855469	4.626551	1.485207	
1	8.001450	1.855469	4.626551	1.485207	
1	8.007812	1.871163	4.635407	1.487213	
1	8.007812	1.871163	4.635407	1.487213	
1	8.021391	1.904297	4.654304	1.491548	
1	8.021391	1.904297	4.654304	1.491548	
1	8.039340	1.953125	4.680490	1.497684	
1	8.039340	1.953125	4.680490	1.497684	
1	8.055232	2.001953	4.705056	1.503586	
1	8.055232	2.001953	4.705056	1.503586	
1	8.056641	2.006984	4.707395	1.504155	
1	8.056641	2.006984	4.707395	1.504155	
1	8.069054	2.050781	4.727993	1.509233	
1	8.069054	2.050781	4.727993	1.509233	
1	8.080705	2.099609	4.749220	1.514587	
1	8.080705	2.099609	4.749220	1.514587	
1	8.090116	2.148438	4.768683	1.519616	
1	8.090116	2.148438	4.768683	1.519616	
1	8.097213	2.197266	4.786326	1.524282	
1	8.097213	2.197266	4.786326	1.524282	
1	8.101915	2.246094	4.802085	1.528549	
1	8.101915	2.246094	4.802085	1.528549	
1	8.104126	2.294922	4.815888	1.532374	
1	8.104126	2.294922	4.815888	1.532374	
1	8.103742	2.343750	4.827658	1.535712	
1	8.103742	2.343750	4.827658	1.535712	
1	8.100642	2.392578	4.837304	1.538510	
1	8.100642	2.392578	4.837304	1.538510	
1	8.094696	2.441406	4.844730	1.540713	
1	8.094696	2.441406	4.844730	1.540713	
1	8.085757	2.490234	4.849828	1.542260	
1	8.085757	2.490234	4.849828	1.542260	
1	8.073663	2.539062	4.852480	1.543082	
1	8.073663	2.539062	4.852480	1.543082	
1	8.058235	2.587891	4.852557	1.543105	
1	8.058235	2.587891	4.852557	1.543105	
1	8.056641	2.592077	4.852345	1.543037	
1	8.056641	2.592077	4.852345	1.543037	
1	8.039241	2.636719	4.849890	1.542237	
1	8.039241	2.636719	4.849890	1.542237	
1	8.016468	2.685547	4.844332	1.540386	
1	8.016468	2.685547	4.844332	1.540386	
1	8.007812	2.701570	4.841579	1.539456	
1	8.007812	2.701570	4.841579	1.539456	
1	7.989614	2.734375	4.835663	1.537434	
1	7.989614	2.734375	4.835663	1.537434	
1	7.958984	2.782310	4.823921	1.533343	
1	7.958984	2.782310	4.823921	1.533343	
1	7.958397	2.783203	4.823691	1.533262	
1	7.958397	2.783203	4.823691	1.533262	
1	7.922374	2.832031	4.808097	1.527701	
1	7.922374	2.832031	4.808097	1.527701	
1	7.910156	2.846839	4.802375	1.525629	
1	7.910156	2.846839	4.802375	1.525629	
1	7.881147	2.880859	4.788610	1.520584	
1	7.881147	2.880859	4.788610	1.520584	
1	7.861328	2.901886	4.778655	1.516887	
1	7.861328	2.901886	4.778655	1.516887	
1	7.834177	2.929688	4.764857	1.511699	
1	7.834177	2.929688	4.764857	1.511699	
1	7.812500	2.949973	4.753364	1.507326	
1	7.812500	2.949973	4.753364	1.507326	
1	7.780813	2.978516	4.736390	1.500786	
1	7.780813	2.978516	4.736390	1.500786	
1	7.763672	2.992751	4.726907	1.497093	
1	7.763672	2.992751	4.726907	1.497093	
1	7.720274	3.027344	4.702676	1.487534	
1	7.720274	3.027344	4.702676	1.487534	
1	7.714844	3.031365	4.699568	1.486295	
1	7.714844	3.031365	4.699568	1.486295	
1	7.666016	3.066217	4.671417	1.474959	
1	7.666016	3.066217	4.671417	1.474959	
1	7.651467	3.076172	4.662963	1.471513	
1	7.651467	3.076172	4.662963	1.471513	
1	7.617188	3.098138	4.642678	1.463173	
1	7.617188	3.098138	4.642678	1.463173	
1	7.573195	3.125000	4.616456	1.452242	
1	7.573195	3.125000	4.616456	1.452242	
1	7.568359	3.127782	4.613533	1.451014	
1	7.568359	3.127782	4.613533	1.451014	
1	7.519531	3.154873	4.583859	1.438432	
1	7.519531	3.154873	4.583859	1.438432	
1	7.483586	3.173828	4.561880	1.428987	
1	7.483586	3.173828	4.561880	1.428987	
1	7.470703	3.180270	4.553923	1.425542	
1	7.470703	3.180270	4.553923	1.425542	
1	7.421875	3.203727	4.523620	1.412300	
1	7.421875	3.203727	4.523620	1.412300	
1	7.380342	3.222656	4.497716	1.400830	
1	7.380342	3.222656	4.497716	1.400830	
1	7.373047	3.225827	4.493134	1.398787	
1	7.373047	3.225827	4.493134	1.398787	
1	7.324219	3.246252	4.462340	1.384951	
1	7.324219	3.246252	4.462340	1.384951	
1	7.275391	3.265578	4.431427	1.370876	
1	7.275391	3.265578	4.431427	1.370876	
1	7.259806	3.271484	4.421522	1.366329	
1	7.259806	3.271484	4.421522	1.366329	
1	7.226562	3.283574	4.400301	1.356524	
1	7.226562	3.283574	4.400301	1.356524	
1	7.177734	3.300472	4.369035	1.341928	
1	7.177734	3.300472	4.369035	1.341928	
1	7.128906	3.316449	4.337685	1.327115	
1	7.128906	3.316449	4.337685	1.327115	
1	7.116561	3.320312	4.329733	1.323331	
1	7.116561	3.320312	4.329733	1.323331	
1	7.080078	3.331333	4.306180	1.312056	
1	7.080078	3.331333	4.306180	1.312056	
1	7.031250	3.345327	4.274588	1.296781	
1	7.031250	3.345327	4.274588	1.296781	
1	6.982422	3.358537	4.242940	1.281309	
1	6.982422	3.358537	4.242940	1.281309	
1	6.940947	3.369141	4.216010	1.268010	
1	6.940947	3.369141	4.216010	1.268010	
1	6.933594	3.370964	4.211232	1.265638	
1	6.933594	3.370964	4.211232	1.265638	
1	6.884766	3.382527	4.179428	1.249752	
1	6.884766	3.382527	4.179428	1.249752	
1	6.835938	3.393412	4.147594	1.233685	
1	6.835938	3.393412	4.147594	1.233685	
1	6.787109	3.403643	4.115734	1.217440	
1	6.787109	3.403643	4.115734	1.217440	
1	6.738281	3.413243	4.083852	1.201021	
1	6.738281	3.413243	4.083852	1.201021	
1	6.712778	3.417969	4.067177	1.192369	
1	6.712778	3.417969	4.067177	1.192369	
1	6.689453	3.422190	4.051938	1.184423	
1	6.689453	3.422190	4.051938	1.184423	
1	6.640625	3.430513	4.020000	1.167651	
1	6.640625	3.430513	4.020000	1.167651	
1	6.591797	3.438281	3.988060	1.150719	
1	6.591797	3.438281	3.988060	1.150719	
1	6.542969	3.445512	3.956124	1.133629	
1	6.542969	3.445512	3.956124	1.133629	
1	6.494141	3.452223	3.924194	1.116386	
1	6.494141	3.452223	3.924194	1.116386	
1	6.445312	3.458430	3.892276	1.098991	
1	6.445312	3.458430	3.892276	1.098991	
1	6.396484	3.464148	3.860374	1.081449	
1	6.396484	3.464148	3.860374	1.081449	
1	6.371953	3.466797	3.844336	1.072571	
1	6.371953	3.466797	3.844336	1.072571	
1	6.347656	3.469378	3.828486	1.063759	
1	6.347656	3.469378	3.828486	1.063759	
1	6.298828	3.474141	3.796619	1.045926	
1	6.298828	3.474141	3.796619	1.045926	
1	6.250000	3.478464	3.764781	1.027956	
1	6.250000	3.478464	3.764781	1.027956	
1	6.201172	3.482358	3.732976	1.009851	
1	6.201172	3.482358	3.732976	1.009851	
1	6.152344	3.485836	3.701209	0.991615	
1	6.152344	3.485836	3.701209	0.991615	
1	6.103516	3.488908	3.669481	0.973250	
1	6.103516	3.488908	3.669481	0.973250	
1	6.054688	3.491584	3.637796	0.954758	
1	6.054688	3.491584	3.637796	0.954758	
1	6.005859	3.493875	3.606157	0.936143	
1	6.005859	3.493875	3.606157	0.936143	
1	5.957031	3.495789	3.574568	0.917406	
1	5.957031	3.495789	3.574568	0.917406	
1	5.908203	3.497336	3.543031	0.898551	
1	5.908203	3.497336	3.543031	0.898551	
1	5.859375	3.498523	3.511550	0.879579	
1	5.859375	3.498523	3.511550	0.879579	
1	5.810547	3.499360	3.480126	0.860494	
1	5.810547	3.499360	3.480126	0.860494	
1	5.761719	3.499854	3.448763	0.841298	
1	5.761719	3.499854	3.448763	0.841298	
1	5.712891	3.500012	3.417463	0.821992	
1	5.712891	3.500012	3.417463	0.821992	
1	5.664062	3.499840	3.386229	0.802580	
1	5.664062	3.499840	3.386229	0.802580	
1	5.615234	3.499345	3.355063	0.783063	
1	5.615234	3.499345	3.355063	0.783063	
1	5.566406	3.498534	3.323968	0.763443	
1	5.566406	3.498534	3.323968	0.763443	
1	5.517578	3.497411	3.292946	0.743724	
1	5.517578	3.497411	3.292946	0.743724	
1	5.468750	3.495983	3.261999	0.723906	
1	5.468750	3.495983	3.261999	0.723906	
1	5.419922	3.494254	3.231129	0.703993	
1	5.419922	3.494254	3.231129	0.703993	
1	5.371094	3.492228	3.200338	0.683986	
1	5.371094	3.492228	3.200338	0.683986	
1	5.322266	3.489911	3.169629	0.663887	
1	5.322266	3.489911	3.169629	0.663887	
1	5.273438	3.487305	3.139003	0.643698	
1	5.273438	3.487305	3.139003	0.643698	
1	5.224609	3.484416	3.108462	0.623420	
1	5.224609	3.484416	3.108462	0.623420	
1	5.175781	3.481246	3.078008	0.603057	
1	5.175781	3.481246	3.078008	0.603057	
1	5.126953	3.477798	3.047642	0.582610	
1	5.126953	3.477798	3.047642	0.582610	
1	5.078125	3.474075	3.017366	0.562080	
1	5.078125	3.474075	3.017366	0.562080	
1	5.029297	3.470081	2.987182	0.541470	
1	5.029297	3.470081	2.987182	0.541470	
1	4.991730	3.466797	2.964012	0.525552	
1	4.991730	3.466797	2.964012	0.525552	
1	4.980469	3.465823	2.957094	0.520783	
1	4.980469	3.465823	2.957094	0.520783	
1	4.931641	3.461324	2.927110	0.500026	
1	4.931641	3.461324	2.927110	0.500026	
1	4.882812	3.456565	2.897225	0.479195	
1	4.882812	3.456565	2.897225	0.479195	
1	4.833984	3.451546	2.867438	0.458292	
1	4.833984	3.451546	2.867438	0.458292	
1	4.785156	3.446270	2.837752	0.437319	
1	4.785156	3.446270	2.837752	0.437319	
1	4.736328	3.440737	2.808167	0.416277	
1	4.736328	3.440737	2.808167	0.416277	
1	4.687500	3.434949	2.778685	0.395168	
1	4.687500	3.434949	2.778685	0.395168	
1	4.638672	3.428906	2.749307	0.373993	
1	4.638672	3.428906	2.749307	0.373993	
1	4.589844	3.422610	2.720033	0.352755	
1	4.589844	3.422610	2.720033	0.352755	
1	4.555267	3.417969	2.699356	0.337669	
1	4.555267	3.417969	2.699356	0.337669	
1	4.541016	3.416077	2.690872	0.331459	
1	4.541016	3.416077	2.690872	0.331459	
1	4.492188	3.409339	2.661837	0.310117	
1	4.492188	3.409339	2.661837	0.310117	
1	4.443359	3.402353	2.632912	0.288718	
1	4.443359	3.402353	2.632912	0.288718	
1	4.394531	3.395121	2.604098	0.267264	
1	4.394531	3.395121	2.604098	0.267264	
1	4.345703	3.387641	2.575396	0.245755	
1	4.345703	3.387641	2.575396	0.245755	
1	4.296875	3.379912	2.546806	0.224194	
1	4.296875	3.379912	2.546806	0.224194	
1	4.248047	3.371935	2.518329	0.202583	
1	4.248047	3.371935	2.518329	0.202583	
1	4.231464	3.369141	2.508672	0.195224	
1	4.231464	3.369141	2.508672	0.195224	
1	4.199219	3.363766	2.489988	0.180940	
1	4.199219	3.363766	2.489988	0.180940	
1	4.150391	3.355382	2.461776	0.159260	
1	4.150391	3.355382	2.461776	0.159260	
1	4.101562	3.346753	2.433682	0.137536	
1	4.101562	3.346753	2.433682	0.137536	
1	4.052734	3.337878	2.405705	0.115770	
1	4.052734	3.337878	2.405705	0.115770	
1	4.003906	3.328755	2.377848	0.093963	
1	4.003906	3.328755	2.377848	0.093963	
1	3.959917	3.320312	2.352849	0.074281	
1	3.959917	3.320312	2.352849	0.074281	
1	3.955078	3.319394	2.350113	0.072120	
1	3.955078	3.319394	2.350113	0.072120	
1	3.906250	3.309882	2.322538	0.050271	
1	3.906250	3.309882	2.322538	0.050271	
1	3.857422	3.300124	2.295085	0.028389	
1	3.857422	3.300124	2.295085	0.028389	
1	3.808594	3.290118	2.267755	0.006475	
1	3.808594	3.290118	2.267755	0.006475	
1	3.759766	3.279862	2.240549	-0.015470	
1	3.759766	3.279862	2.240549	-0.015470	
1	3.720822	3.271484	2.218932	-0.032998	
1	3.720822	3.271484	2.218932	-0.032998	
1	3.710938	3.269380	2.213476	-0.037434	
1	3.710938	3.269380	2.213476	-0.037434	
1	3.662109	3.258748	2.186567	-0.059393	
1	3.662109	3.258748	2.186567	-0.059393	
1	3.613281	3.247866	2.159786	-0.081374	
1	3.613281	3.247866	2.159786	-0.081374	
1	3.564453	3.236732	2.133132	-0.103376	
1	3.564453	3.236732	2.133132	-0.103376	
1	3.515625	3.225343	2.106605	-0.125397	
1	3.515625	3.225343	2.106605	-0.125397	
1	3.504338	3.222656	2.100485	-0.130495	
1	3.504338	3.222656	2.100485	-0.130495	
1	3.466797	3.213807	2.080248	-0.147400	
1	3.466797	3.213807	2.080248	-0.147400	
1	3.417969	3.202050	2.054034	-0.169405	
1	3.417969	3.202050	2.054034	-0.169405	
1	3.369141	3.190037	2.027951	-0.191421	
1	3.369141	3.190037	2.027951	-0.191421	
1	3.320312	3.177764	2.001999	-0.213445	
1	3.320312	3.177764	2.001999	-0.213445	
1	3.304944	3.173828	1.993850	-0.220385	
1	3.304944	3.173828	1.993850	-0.220385	
1	3.271484	3.165337	1.976218	-0.235442	
1	3.271484	3.165337	1.976218	-0.235442	
1	3.222656	3.152701	1.950589	-0.257425	
1	3.222656	3.152701	1.950589	-0.257425	
1	3.173828	3.139802	1.925093	-0.279408	
1	3.173828	3.139802	1.925093	-0.279408	
1	3.125000	3.126639	1.899733	-0.301388	
1	3.125000	3.126639	1.899733	-0.301388	
1	3.119021	3.125000	1.896633	-0.304082	
1	3.119021	3.125000	1.896633	-0.304082	
1	3.076172	3.113357	1.874560	-0.323316	
1	3.076172	3.113357	1.874560	-0.323316	
1	3.027344	3.099830	1.849532	-0.345228	
1	3.027344	3.099830	1.849532	-0.345228	
1	2.978516	3.086036	1.824642	-0.367127	
1	2.978516	3.086036	1.824642	-0.367127	
1	2.944222	3.076172	1.807237	-0.382503	
1	2.944222	3.076172	1.807237	-0.382503	
1	2.929688	3.072024	1.799907	-0.388994	
1	2.929688	3.072024	1.799907	-0.388994	
1	2.880859	3.057866	1.775356	-0.410803	
1	2.880859	3.057866	1.775356	-0.410803	
1	2.832031	3.043438	1.750944	-0.432588	
1	2.832031	3.043438	1.750944	-0.432588	
1	2.783203	3.028734	1.726672	-0.454348	
1	2.783203	3.028734	1.726672	-0.454348	
1	2.778648	3.027344	1.724413	-0.456378	
1	2.778648	3.027344	1.724413	-0.456378	
1	2.734375	3.013924	1.702600	-0.476025	
1	2.734375	3.013924	1.702600	-0.476025	
1	2.685547	2.998855	1.678677	-0.497662	
1	2.685547	2.998855	1.678677	-0.497662	
1	2.636719	2.983509	1.654896	-0.519261	
1	2.636719	2.983509	1.654896	-0.519261	
1	2.621050	2.978516	1.647291	-0.526187	
1	2.621050	2.978516	1.647291	-0.526187	
1	2.587891	2.968013	1.631303	-0.540778	
1	2.587891	2.968013	1.631303	-0.540778	
1	2.539062	2.952300	1.607875	-0.562229	
1	2.539062	2.952300	1.607875	-0.562229	
1	2.490234	2.936306	1.584593	-0.583630	
1	2.490234	2.936306	1.584593	-0.583630	
1	2.470301	2.929688	1.575128	-0.592353	
1	2.470301	2.929688	1.575128	-0.592353	
1	2.441406	2.920145	1.561496	-0.604939	
1	2.441406	2.920145	1.561496	-0.604939	
1	2.392578	2.903782	1.538572	-0.626163	
1	2.392578	2.903782	1.538572	-0.626163	
1	2.343750	2.887136	1.515797	-0.647322	
1	2.343750	2.887136	1.515797	-0.647322	
1	2.325568	2.880859	1.507353	-0.655185	
1	2.325568	2.880859	1.507353	-0.655185	
1	2.294922	2.870328	1.493211	-0.668374	
1	2.294922	2.870328	1.493211	-0.668374	
1	2.246094	2.853311	1.470799	-0.689327	
1	2.246094	2.853311	1.470799	-0.689327	
1	2.197266	2.836010	1.448538	-0.710199	
1	2.197266	2.836010	1.448538	-0.710199	
1	2.186154	2.832031	1.443493	-0.714937	
1	2.186154	2.832031	1.443493	-0.714937	
1	2.148438	2.818575	1.426477	-0.730939	
1	2.148438	2.818575	1.426477	-0.730939	
1	2.099609	2.800902	1.404584	-0.751573	
1	2.099609	2.800902	1.404584	-0.751573	
1	2.051473	2.783203	1.383152	-0.771817	
1	2.051473	2.783203	1.383152	-0.771817	
1	2.050781	2.782949	1.382846	-0.772107	
1	2.050781	2.782949	1.382846	-0.772107	
1	2.001953	2.764904	1.361322	-0.792480	
1	2.001953	2.764904	1.361322	-0.792480	
1	1.953125	2.746578	1.339954	-0.812741	
1	1.953125	2.746578	1.339954	-0.812741	
1	1.921008	2.734375	1.325986	-0.826003	
1	1.921008	2.734375	1.325986	-0.826003	
1	1.904297	2.728037	1.318763	-0.832865	
1	1.904297	2.728037	1.318763	-0.832865	
1	1.855469	2.709341	1.297768	-0.852828	
1	1.855469	2.709341	1.297768	-0.852828	
1	1.806641	2.690371	1.276933	-0.872659	
1	1.806641	2.690371	1.276933	-0.872659	
1	1.794320	2.685547	1.271704	-0.877639	
1	1.794320	2.685547	1.271704	-0.877639	
1	1.757812	2.671262	1.256299	-0.892311	
1	1.757812	2.671262	1.256299	-0.892311	
1	1.708984	2.651930	1.235840	-0.911803	
1	1.708984	2.651930	1.235840	-0.911803	
1	1.671011	2.636719	1.220044	-0.926853	
1	1.671011	2.636719	1.220044	-0.926853	
1	1.660156	2.632370	1.215556	-0.931129	
1	1.660156	2.632370	1.215556	-0.931129	
1	1.611328	2.612680	1.195473	-0.950255	
1	1.611328	2.612680	1.195473	-0.950255	
1	1.562500	2.592734	1.175557	-0.969208	
1	1.562500	2.592734	1.175557	-0.969208	
1	1.550709	2.587891	1.170776	-0.973755	
1	1.550709	2.587891	1.170776	-0.973755	
1	1.513672	2.572656	1.155841	-0.987949	
1	1.513672	2.572656	1.155841	-0.987949	
1	1.464844	2.552371	1.136304	-1.006490	
1	1.464844	2.552371	1.136304	-1.006490	
1	1.433078	2.539062	1.123690	-1.018442	
1	1.433078	2.539062	1.123690	-1.018442	
1	1.416016	2.531897	1.116950	-1.024820	
1	1.416016	2.531897	1.116950	-1.024820	
1	1.367188	2.511285	1.097792	-1.042917	
1	1.367188	2.511285	1.097792	-1.042917	
1	1.318359	2.490451	1.078806	-1.060798	
1	1.318359	2.490451	1.078806	-1.060798	
1	1.317852	2.490234	1.078610	-1.060982	
1	1.317852	2.490234	1.078610	-1.060982	
1	1.269531	2.469527	1.060025	-1.078420	
1	1.269531	2.469527	1.060025	-1.078420	
1	1.220703	2.448401	1.041419	-1.095806	
1	1.220703	2.448401	1.041419	-1.095806	
1	1.204583	2.441406	1.035321	-1.101486	
1	1.204583	2.441406	1.035321	-1.101486	
1	1.171875	2.427153	1.023006	-1.112927	
1	1.171875	2.427153	1.023006	-1.112927	
1	1.123047	2.405759	1.004779	-1.129784	
1	1.123047	2.405759	1.004779	-1.129784	
1	1.093089	2.392578	0.993690	-1.139989	
1	1.093089	2.392578	0.993690	-1.139989	
1	1.074219	2.384231	0.986737	-1.146367	
1	1.074219	2.384231	0.986737	-1.146367	
1	1.025391	2.362600	0.968885	-1.162661	
1	1.025391	2.362600	0.968885	-1.162661	
1	0.983060	2.343750	0.953557	-1.176552	
1	0.983060	2.343750	0.953557	-1.176552	
1	0.976562	2.340839	0.951214	-1.178666	
1	0.976562	2.340839	0.951214	-1.178666	
1	0.927734	2.319007	0.933734	-1.194363	
1	0.927734	2.319007	0.933734	-1.194363	
1	0.878906	2.297070	0.916434	-1.209753	
1	0.878906	2.297070	0.916434	-1.209753	
1	0.874106	2.294922	0.914746	-1.211246	
1	0.874106	2.294922	0.914746	-1.211246	
1	0.830078	2.275079	0.899322	-1.224819	
1	0.830078	2.275079	0.899322	-1.224819	
1	0.781250	2.253024	0.882389	-1.239559	
1	0.781250	2.253024	0.882389	-1.239559	
1	0.765853	2.246094	0.877095	-1.244131	
1	0.765853	2.246094	0.877095	-1.244131	
1	0.732422	2.230929	0.865638	-1.253961	
1	0.732422	2.230929	0.865638	-1.253961	
1	0.683594	2.208813	0.849065	-1.268018	
1	0.683594	2.208813	0.849065	-1.268018	
1	0.658009	2.197266	0.840462	-1.275235	
1	0.658009	2.197266	0.840462	-1.275235	
1	0.634766	2.186687	0.832669	-1.281722	
1	0.634766	2.186687	0.832669	-1.281722	
1	0.585938	2.164574	0.816447	-1.295067	
1	0.585938	2.164574	0.816447	-1.295067	
1	0.550160	2.148438	0.804679	-1.304606	
1	0.550160	2.148438	0.804679	-1.304606	
1	0.537109	2.142498	0.800397	-1.308045	
1	0.537109	2.142498	0.800397	-1.308045	
1	0.488281	2.120464	0.784514	-1.320651	
1	0.488281	2.120464	0.784514	-1.320651	
1	0.441843	2.099609	0.769566	-1.332285	
1	0.441843	2.099609	0.769566	-1.332285	
1	0.439453	2.098526	0.768798	-1.332876	
1	0.439453	2.098526	0.768798	-1.332876	
1	0.390625	2.076652	0.753237	-1.344723	
1	0.390625	2.076652	0.753237	-1.344723	
1	0.341797	2.054933	0.737837	-1.356177	
1	0.341797	2.054933	0.737837	-1.356177	
1	0.332344	2.050781	0.734880	-1.358345	
1	0.332344	2.050781	0.734880	-1.358345	
1	0.292969	2.033325	0.722582	-1.367245	
1	0.292969	2.033325	0.722582	-1.367245	
1	0.244141	2.011913	0.707475	-1.377917	
1	0.244141	2.011913	0.707475	-1.377917	
1	0.221122	2.001953	0.700413	-1.382803	
1	0.221122	2.001953	0.700413	-1.382803	
1	0.195312	1.990681	0.692504	-1.388194	
1	0.195312	1.990681	0.692504	-1.388194	
1	0.146484	1.969668	0.677664	-1.398076	
1	0.146484	1.969668	0.677664	-1.398076	
1	0.107472	1.953125	0.665906	-1.405680	
1	0.107472	1.953125	0.665906	-1.405680	
1	0.097656	1.948924	0.662950	-1.407560	
1	0.097656	1.948924	0.662950	-1.407560	
1	0.048828	1.928406	0.648344	-1.416653	
1	0.048828	1.928406	0.648344	-1.416653	
1	0.000000	1.908234	0.633850	-1.425349	
1	0.000000	1.908234	0.633850	-1.425349	
1	-0.009719	1.904297	0.630982	-1.427030	
1	-0.009719	1.904297	0.630982	-1.427030	
1	-0.048828	1.888326	0.619443	-1.433659	
1	-0.048828	1.888326	0.619443	-1.433659	
1	-0.097656	1.868789	0.605124	-1.441580	
1	-0.097656	1.868789	0.605124	-1.441580	
1	-0.131663	1.855469	0.595205	-1.446866	
1	-0.131663	1.855469	0.595205	-1.446866	
1	-0.146484	1.849620	0.590879	-1.449119	
1	-0.146484	1.849620	0.590879	-1.449119	
1	-0.195312	1.830794	0.576689	-1.456285	
1	-0.195312	1.830794	0.576689	-1.456285	
1	-0.244141	1.812414	0.562552	-1.463076	
1	-0.244141	1.812414	0.562552	-1.463076	
1	-0.259851	1.806641	0.558017	-1.465181	
1	-0.259851	1.806641	0.558017	-1.465181	
1	-0.292969	1.794403	0.548443	-1.469506	
1	-0.292969	1.794403	0.548443	-1.469506	
1	-0.341797	1.776826	0.534354	-1.475578	
1	-0.341797	1.776826	0.534354	-1.475578	
1	-0.390625	1.759722	0.520274	-1.481298	
1	-0.390625	1.759722	0.520274	-1.481298	
1	-0.396216	1.757812	0.518663	-1.481930	
1	-0.396216	1.757812	0.518663	-1.481930	
1	-0.439453	1.742996	0.506176	-1.486678	
1	-0.439453	1.742996	0.506176	-1.486678	
1	-0.488281	1.726743	0.492055	-1.491722	
1	-0.488281	1.726743	0.492055	-1.491722	
1	-0.537109	1.710965	0.477893	-1.496439	
1	-0.537109	1.710965	0.477893	-1.496439	
1	-0.543401	1.708984	0.476066	-1.497022	
1	-0.543401	1.708984	0.476066	-1.497022	
1	-0.585938	1.695579	0.463670	-1.500837	
1	-0.585938	1.695579	0.463670	-1.500837	
1	-0.634766	1.680653	0.449374	-1.504923	
1	-0.634766	1.680653	0.449374	-1.504923	
1	-0.683594	1.666179	0.434989	-1.508705	
1	-0.683594	1.666179	0.434989	-1.508705	
1	-0.704474	1.660156	0.428809	-1.510231	
1	-0.704474	1.660156	0.428809	-1.510231	
1	-0.732422	1.652107	0.420498	-1.512190	
1	-0.732422	1.652107	0.420498	-1.512190	
1	-0.781250	1.638441	0.405885	-1.515386	
1	-0.781250	1.638441	0.405885	-1.515386	
1	-0.830078	1.625186	0.391138	-1.518299	
1	-0.830078	1.625186	0.391138	-1.518299	
1	-0.878906	1.612318	0.376241	-1.520936	
1	-0.878906	1.612318	0.376241	-1.520936	
1	-0.882746	1.611328	0.375063	-1.521132	
1	-0.882746	1.611328	0.375063	-1.521132	
1	-0.927734	1.599792	0.361179	-1.523304	
1	-0.927734	1.599792	0.361179	-1.523304	
1	-0.976562	1.587619	0.345941	-1.525409	
1	-0.976562	1.587619	0.345941	-1.525409	
1	-1.025391	1.575776	0.330512	-1.527256	
1	-1.025391	1.575776	0.330512	-1.527256	
1	-1.074219	1.564235	0.314882	-1.528853	
1	-1.074219	1.564235	0.314882	-1.528853	
1	-1.081694	1.562500	0.312471	-1.529075	
1	-1.081694	1.562500	0.312471	-1.529075	
1	-1.123047	1.552977	0.299039	-1.530204	
1	-1.123047	1.552977	0.299039	-1.530204	
1	-1.171875	1.541984	0.282973	-1.531315	
1	-1.171875	1.541984	0.282973	-1.531315	
1	-1.220703	1.531231	0.266673	-1.532193	
1	-1.220703	1.531231	0.266673	-1.532193	
1	-1.269531	1.520690	0.250131	-1.532842	
1	-1.269531	1.520690	0.250131	-1.532842	
1	-1.302548	1.513672	0.238804	-1.533153	
1	-1.302548	1.513672	0.238804	-1.533153	
1	-1.318359	1.510346	0.233339	-1.533267	
1	-1.318359	1.510346	0.233339	-1.533267	
1	-1.367188	1.500197	0.216289	-1.533475	
1	-1.367188	1.500197	0.216289	-1.533475	
1	-1.416016	1.490200	0.198975	-1.533470	
1	-1.416016	1.490200	0.198975	-1.533470	
1	-1.464844	1.480330	0.181389	-1.533259	
1	-1.464844	1.480330	0.181389	-1.533259	
1	-1.513672	1.470566	0.163528	-1.532846	
1	-1.513672	1.470566	0.163528	-1.532846	
1	-1.542458	1.464844	0.152867	-1.532510	
1	-1.542458	1.464844	0.152867	-1.532510	
1	-1.562500	1.460910	0.145385	-1.532236	
1	-1.562500	1.460910	0.145385	-1.532236	
1	-1.611328	1.451360	0.126957	-1.531436	
1	-1.611328	1.451360	0.126957	-1.531436	
1	-1.660156	1.441863	0.108239	-1.530451	
1	-1.660156	1.441863	0.108239	-1.530451	
1	-1.708984	1.432400	0.089229	-1.529286	
1	-1.708984	1.432400	0.089229	-1.529286	
1	-1.757812	1.422954	0.069923	-1.527947	
1	-1.757812	1.422954	0.069923	-1.527947	
1	-1.793612	1.416016	0.055581	-1.526858	
1	-1.793612	1.416016	0.055581	-1.526858	
1	-1.806641	1.413527	0.050321	-1.526439	
1	-1.806641	1.413527	0.050321	-1.526439	
1	-1.855469	1.404147	0.030417	-1.524768	
1	-1.855469	1.404147	0.030417	-1.524768	
1	-1.904297	1.394742	0.010212	-1.522940	
1	-1.904297	1.394742	0.010212	-1.522940	
1	-1.953125	1.385297	-0.010295	-1.520959	
1	-1.953125	1.385297	-0.010295	-1.520959	
1	-2.001953	1.375797	-0.031104	-1.518833	
1	-2.001953	1.375797	-0.031104	-1.518833	
1	-2.045864	1.367188	-0.050076	-1.516800	
1	-2.045864	1.367188	-0.050076	-1.516800	
1	-2.050781	1.366238	-0.052217	-1.516566	
1	-2.050781	1.366238	-0.052217	-1.516566	
1	-2.099609	1.356693	-0.073637	-1.514163	
1	-2.099609	1.356693	-0.073637	-1.514163	
1	-2.148438	1.347061	-0.095361	-1.511631	
1	-2.148438	1.347061	-0.095361	-1.511631	
1	-2.197266	1.337331	-0.117389	-1.508975	
1	-2.197266	1.337331	-0.117389	-1.508975	
1	-2.246094	1.327491	-0.139719	-1.506200	
1	-2.246094	1.327491	-0.139719	-1.506200	
1	-2.290845	1.318359	-0.160449	-1.503558	
1	-2.290845	1.318359	-0.160449	-1.503558	
1	-2.294922	1.317540	-0.162351	-1.503313	
1	-2.294922	1.317540	-0.162351	-1.503313	
1	-2.343750	1.307573	-0.185292	-1.500318	
1	-2.343750	1.307573	-0.185292	-1.500318	
1	-2.392578	1.297471	-0.208533	-1.497220	
1	-2.392578	1.297471	-0.208533	-1.497220	
1	-2.441406	1.287227	-0.232074	-1.494026	
1	-2.441406	1.287227	-0.232074	-1.494026	
1	-2.490234	1.276829	-0.255912	-1.490741	
1	-2.490234	1.276829	-0.255912	-1.490741	
1	-2.523962	1.269531	-0.272551	-1.488422	
1	-2.523962	1.269531	-0.272551	-1.488422	
1	-2.539062	1.266313	-0.280051	-1.487370	
1	-2.539062	1.266313	-0.280051	-1.487370	
1	-2.587891	1.255728	-0.304492	-1.483917	
1	-2.587891	1.255728	-0.304492	-1.483917	
1	-2.636719	1.244971	-0.329227	-1.480389	
1	-2.636719	1.244971	-0.329227	-1.480389	
1	-2.685547	1.234035	-0.354254	-1.476790	
1	-2.685547	1.234035	-0.354254	-1.476790	
1	-2.734375	1.222913	-0.379572	-1.473126	
1	-2.734375	1.222913	-0.379572	-1.473126	
1	-2.743906	1.220703	-0.384547	-1.472404	
1	-2.743906	1.220703	-0.384547	-1.472404	
1	-2.783203	1.211722	-0.405189	-1.469401	
1	-2.783203	1.211722	-0.405189	-1.469401	
1	-2.832031	1.200368	-0.431096	-1.465619	
1	-2.832031	1.200368	-0.431096	-1.465619	
1	-2.880859	1.188811	-0.457289	-1.461787	
1	-2.880859	1.188811	-0.457289	-1.461787	
1	-2.929688	1.177046	-0.483766	-1.457909	
1	-2.929688	1.177046	-0.483766	-1.457909	
1	-2.950772	1.171875	-0.495284	-1.456222	
1	-2.950772	1.171875	-0.495284	-1.456222	
1	-2.978516	1.165163	-0.510532	-1.453989	
1	-2.978516	1.165163	-0.510532	-1.453989	
1	-3.027344	1.153137	-0.537585	-1.450031	
1	-3.027344	1.153137	-0.537585	-1.450031	
1	-3.076172	1.140890	-0.564916	-1.446042	
1	-3.076172	1.140890	-0.564916	-1.446042	
1	-3.125000	1.128415	-0.592524	-1.442025	
1	-3.125000	1.128415	-0.592524	-1.442025	
1	-3.145648	1.123047	-0.604279	-1.440319	
1	-3.145648	1.123047	-0.604279	-1.440319	
1	-3.173828	1.115813	-0.620415	-1.437983	
1	-3.173828	1.115813	-0.620415	-1.437983	
1	-3.222656	1.103053	-0.648585	-1.433922	
1	-3.222656	1.103053	-0.648585	-1.433922	
1	-3.271484	1.090055	-0.677026	-1.429846	
1	-3.271484	1.090055	-0.677026	-1.429846	
1	-3.320312	1.076812	-0.705736	-1.425760	
1	-3.320312	1.076812	-0.705736	-1.425760	
1	-3.329719	1.074219	-0.711297	-1.424973	
1	-3.329719	1.074219	-0.711297	-1.424973	
1	-3.369141	1.063476	-0.734727	-1.421666	
1	-3.369141	1.063476	-0.734727	-1.421666	
1	-3.417969	1.049926	-0.763985	-1.417569	
1	-3.417969	1.049926	-0.763985	-1.417569	
1	-3.466797	1.036122	-0.793507	-1.413474	
1	-3.466797	1.036122	-0.793507	-1.413474	
1	-3.504083	1.025391	-0.816225	-1.410351	
1	-3.504083	1.025391	-0.816225	-1.410351	
1	-3.515625	1.022105	-0.823295	-1.409385	
1	-3.515625	1.022105	-0.823295	-1.409385	
1	-3.564453	1.007977	-0.853355	-1.405302	
1	-3.564453	1.007977	-0.853355	-1.405302	
1	-3.613281	0.993586	-0.883672	-1.401234	
1	-3.613281	0.993586	-0.883672	-1.401234	
1	-3.662109	0.978925	-0.914246	-1.397182	
1	-3.662109	0.978925	-0.914246	-1.397182	
1	-3.669858	0.976562	-0.919120	-1.396541	
1	-3.669858	0.976562	-0.919120	-1.396541	
1	-3.710938	0.964162	-0.945088	-1.393148	
1	-3.710938	0.964162	-0.945088	-1.393148	
1	-3.759766	0.949157	-0.976186	-1.389139	
1	-3.759766	0.949157	-0.976186	-1.389139	
1	-3.808594	0.933874	-1.007534	-1.385157	
1	-3.808594	0.933874	-1.007534	-1.385157	
1	-3.827906	0.927734	-1.020000	-1.383591	
1	-3.827906	0.927734	-1.020000	-1.383591	
1	-3.857422	0.918433	-1.039142	-1.381206	
1	-3.857422	0.918433	-1.039142	-1.381206	
1	-3.906250	0.902790	-1.071004	-1.377287	
1	-3.906250	0.902790	-1.071004	-1.377287	
1	-3.955078	0.886860	-1.103112	-1.373407	
1	-3.955078	0.886860	-1.103112	-1.373407	
1	-3.979080	0.878906	-1.118982	-1.371515	
1	-3.979080	0.878906	-1.118982	-1.371515	
1	-4.003906	0.870744	-1.135472	-1.369567	
1	-4.003906	0.870744	-1.135472	-1.369567	
1	-4.052734	0.854437	-1.168083	-1.365770	
1	-4.052734	0.854437	-1.168083	-1.365770	
1	-4.101562	0.837834	-1.200935	-1.362021	
1	-4.101562	0.837834	-1.200935	-1.362021	
1	-4.124032	0.830078	-1.216133	-1.360313	
1	-4.124032	0.830078	-1.216133	-1.360313	
1	-4.150391	0.821043	-1.234035	-1.358322	
1	-4.150391	0.821043	-1.234035	-1.358322	
1	-4.199219	0.804046	-1.267381	-1.354675	
1	-4.199219	0.804046	-1.267381	-1.354675	
1	-4.248047	0.786744	-1.300964	-1.351085	
1	-4.248047	0.786744	-1.300964	-1.351085	
1	-4.263343	0.781250	-1.311532	-1.349973	
1	-4.263343	0.781250	-1.311532	-1.349973	
1	-4.296875	0.769276	-1.334792	-1.347554	
1	-4.296875	0.769276	-1.334792	-1.347554	
1	-4.345703	0.751563	-1.368858	-1.344085	
1	-4.345703	0.751563	-1.368858	-1.344085	
1	-4.394531	0.733536	-1.403158	-1.340682	
1	-4.394531	0.733536	-1.403158	-1.340682	
1	-4.397514	0.732422	-1.405260	-1.340476	
1	-4.397514	0.732422	-1.405260	-1.340476	
1	-4.443359	0.715385	-1.437702	-1.337346	
1	-4.443359	0.715385	-1.437702	-1.337346	
1	-4.492188	0.696927	-1.472477	-1.334081	
1	-4.492188	0.696927	-1.472477	-1.334081	
1	-4.526923	0.683594	-1.497354	-1.331803	
1	-4.526923	0.683594	-1.497354	-1.331803	
1	-4.541016	0.678206	-1.507484	-1.330890	
1	-4.541016	0.678206	-1.507484	-1.330890	
1	-4.589844	0.659303	-1.542729	-1.327774	
1	-4.589844	0.659303	-1.542729	-1.327774	
1	-4.638672	0.640074	-1.578200	-1.324739	
1	-4.638672	0.640074	-1.578200	-1.324739	
1	-4.651990	0.634766	-1.587914	-1.323925	
1	-4.651990	0.634766	-1.587914	-1.323925	
1	-4.687500	0.620656	-1.613906	-1.321784	
1	-4.687500	0.620656	-1.613906	-1.321784	
1	-4.736328	0.600960	-1.649839	-1.318915	
1	-4.736328	0.600960	-1.649839	-1.318915	
1	-4.773015	0.585938	-1.676985	-1.316816	
1	-4.773015	0.585938	-1.676985	-1.316816	
1	-4.785156	0.580977	-1.685999	-1.316132	
1	-4.785156	0.580977	-1.685999	-1.316132	
1	-4.833984	0.560798	-1.722389	-1.313439	
1	-4.833984	0.560798	-1.722389	-1.313439	
1	-4.882812	0.540279	-1.759001	-1.310839	
1	-4.882812	0.540279	-1.759001	-1.310839	
1	-4.890279	0.537109	-1.764619	-1.310450	
1	-4.890279	0.537109	-1.764619	-1.310450	
1	-4.931641	0.519571	-1.795842	-1.308333	
1	-4.931641	0.519571	-1.795842	-1.308333	
1	-4.980469	0.498547	-1.832905	-1.305925	
1	-4.980469	0.498547	-1.832905	-1.305925	
1	-5.004018	0.488281	-1.850858	-1.304800	
1	-5.004018	0.488281	-1.850858	-1.304800	
1	-5.029297	0.477264	-1.870191	-1.303618	
1	-5.029297	0.477264	-1.870191	-1.303618	
1	-5.078125	0.455715	-1.907701	-1.301412	
1	-5.078125	0.455715	-1.907701	-1.301412	
1	-5.114455	0.439453	-1.935750	-1.299840	
1	-5.114455	0.439453	-1.935750	-1.299840	
1	-5.126953	0.433855	-1.945430	-1.299312	
1	-5.126953	0.433855	-1.945430	-1.299312	
1	-5.175781	0.411761	-1.983382	-1.297320	
1	-5.175781	0.411761	-1.983382	-1.297320	
1	-5.221773	0.390625	-2.019328	-1.295544	
1	-5.221773	0.390625	-2.019328	-1.295544	
1	-5.224609	0.389319	-2.021551	-1.295438	
1	-5.224609	0.389319	-2.021551	-1.295438	
1	-5.273438	0.366659	-2.059943	-1.293668	
1	-5.273438	0.366659	-2.059943	-1.293668	
1	-5.322266	0.343639	-2.098550	-1.292013	
1	-5.322266	0.343639	-2.098550	-1.292013	
1	-5.326143	0.341797	-2.101625	-1.291887	
1	-5.326143	0.341797	-2.101625	-1.291887	
1	-5.371094	0.320380	-2.137378	-1.290476	
1	-5.371094	0.320380	-2.137378	-1.290476	
1	-5.419922	0.296769	-2.176422	-1.289060	
1	-5.419922	0.296769	-2.176422	-1.289060	
1	-5.427715	0.292969	-2.182674	-1.288845	
1	-5.427715	0.292969	-2.182674	-1.288845	
1	-5.468750	0.272890	-2.215685	-1.287766	
1	-5.468750	0.272890	-2.215685	-1.287766	
1	-5.517578	0.248664	-2.255163	-1.286597	
1	-5.517578	0.248664	-2.255163	-1.286597	
1	-5.526619	0.244141	-2.262497	-1.286394	
1	-5.526619	0.244141	-2.262497	-1.286394	
1	-5.566406	0.224150	-2.294859	-1.285555	
1	-5.566406	0.224150	-2.294859	-1.285555	
1	-5.615234	0.199285	-2.334770	-1.284644	
1	-5.615234	0.199285	-2.334770	-1.284644	
1	-5.622976	0.195312	-2.341118	-1.284512	
1	-5.622976	0.195312	-2.341118	-1.284512	
1	-5.664062	0.174117	-2.374898	-1.283866	
1	-5.664062	0.174117	-2.374898	-1.283866	
1	-5.712891	0.148589	-2.415242	-1.283223	
1	-5.712891	0.148589	-2.415242	-1.283223	
1	-5.716889	0.146484	-2.418555	-1.283176	
1	-5.716889	0.146484	-2.418555	-1.283176	
1	-5.761719	0.122743	-2.455803	-1.282717	
1	-5.761719	0.122743	-2.455803	-1.282717	
1	-5.808459	0.097656	-2.494831	-1.282365	
1	-5.808459	0.097656	-2.494831	-1.282365	
1	-5.810547	0.096528	-2.496579	-1.282353	
1	-5.810547	0.096528	-2.496579	-1.282353	
1	-5.859375	0.069974	-2.537573	-1.282131	
1	-5.859375	0.069974	-2.537573	-1.282131	
1	-5.897784	0.048828	-2.569971	-1.282059	
1	-5.897784	0.048828	-2.569971	-1.282059	
1	-5.908203	0.043046	-2.578783	-1.282056	
1	-5.908203	0.043046	-2.578783	-1.282056	
1	-5.957031	0.015752	-2.620210	-1.282129	
1	-5.957031	0.015752	-2.620210	-1.282129	
1	-5.984927	0.000000	-2.643976	-1.282238	
1	-5.984927	0.000000	-2.643976	-1.282238	
1	-6.005859	-0.011926	-2.661856	-1.282353	
1	-6.005859	-0.011926	-2.661856	-1.282353	
1	-6.054688	-0.039988	-2.703720	-1.282731	
1	-6.054688	-0.039988	-2.703720	-1.282731	
1	-6.069953	-0.048828	-2.716854	-1.282882	
1	-6.069953	-0.048828	-2.716854	-1.282882	
1	-6.103516	-0.068456	-2.745804	-1.283267	
1	-6.103516	-0.068456	-2.745804	-1.283267	
1	-6.152344	-0.097316	-2.788108	-1.283963	
1	-6.152344	-0.097316	-2.788108	-1.283963	
1	-6.152917	-0.097656	-2.788606	-1.283972	
1	-6.152917	-0.097656	-2.788606	-1.283972	
1	-6.201172	-0.126621	-2.830634	-1.284822	
1	-6.201172	-0.126621	-2.830634	-1.284822	
1	-6.233935	-0.146484	-2.859293	-1.285491	
1	-6.233935	-0.146484	-2.859293	-1.285491	
1	-6.250000	-0.156340	-2.873383	-1.285847	
1	-6.250000	-0.156340	-2.873383	-1.285847	
1	-6.298828	-0.186503	-2.916357	-1.287041	
1	-6.298828	-0.186503	-2.916357	-1.287041	
1	-6.312996	-0.195312	-2.928867	-1.287420	
1	-6.312996	-0.195312	-2.928867	-1.287420	
1	-6.347656	-0.217139	-2.959557	-1.288408	
1	-6.347656	-0.217139	-2.959557	-1.288408	
1	-6.390160	-0.244141	-2.997346	-1.289742	
1	-6.390160	-0.244141	-2.997346	-1.289742	
1	-6.396484	-0.248214	-3.002985	-1.289952	
1	-6.396484	-0.248214	-3.002985	-1.289952	
1	-6.445312	-0.279811	-3.046644	-1.291675	
1	-6.445312	-0.279811	-3.046644	-1.291675	
1	-6.465505	-0.292969	-3.064766	-1.292441	
1	-6.465505	-0.292969	-3.064766	-1.292441	
1	-6.494141	-0.311904	-3.090537	-1.293581	
1	-6.494141	-0.311904	-3.090537	-1.293581	
1	-6.539008	-0.341797	-3.131075	-1.295498	
1	-6.539008	-0.341797	-3.131075	-1.295498	
1	-6.542969	-0.344477	-3.134664	-1.295675	
1	-6.542969	-0.344477	-3.134664	-1.295675	
1	-6.591797	-0.377649	-3.179033	-1.297960	
1	-6.591797	-0.377649	-3.179033	-1.297960	
1	-6.610781	-0.390625	-3.196345	-1.298900	
1	-6.610781	-0.390625	-3.196345	-1.298900	
1	-6.640625	-0.411368	-3.223644	-1.300440	
1	-6.640625	-0.411368	-3.223644	-1.300440	
1	-6.680781	-0.439453	-3.260512	-1.302629	
1	-6.680781	-0.439453	-3.260512	-1.302629	
1	-6.689453	-0.445627	-3.268499	-1.303120	
1	-6.689453	-0.445627	-3.268499	-1.303120	
1	-6.738281	-0.480528	-3.313608	-1.306004	
1	-6.738281	-0.480528	-3.313608	-1.306004	
1	-6.749084	-0.488281	-3.323619	-1.306670	
1	-6.749084	-0.488281	-3.323619	-1.306670	
1	-6.787109	-0.516091	-3.358975	-1.309098	
1	-6.787109	-0.516091	-3.358975	-1.309098	
1	-6.815704	-0.537109	-3.385656	-1.311008	
1	-6.815704	-0.537109	-3.385656	-1.311008	
1	-6.835938	-0.552280	-3.404601	-1.312406	
1	-6.835938	-0.552280	-3.404601	-1.312406	
1	-6.880627	-0.585938	-3.446590	-1.315626	
1	-6.880627	-0.585938	-3.446590	-1.315626	
1	-6.884766	-0.589121	-3.450493	-1.315934	
1	-6.884766	-0.589121	-3.450493	-1.315934	
1	-6.933594	-0.626766	-3.496664	-1.319688	
1	-6.933594	-0.626766	-3.496664	-1.319688	
1	-6.943938	-0.634766	-3.506476	-1.320512	
1	-6.943938	-0.634766	-3.506476	-1.320512	
1	-6.982422	-0.665194	-3.543121	-1.323674	
1	-6.982422	-0.665194	-3.543121	-1.323674	
1	-7.005617	-0.683594	-3.565280	-1.325650	
1	-7.005617	-0.683594	-3.565280	-1.325650	
1	-7.031250	-0.704406	-3.589868	-1.327899	
1	-7.031250	-0.704406	-3.589868	-1.327899	
1	-7.065663	-0.732422	-3.622984	-1.331023	
1	-7.065663	-0.732422	-3.622984	-1.331023	
1	-7.080078	-0.744449	-3.636914	-1.332370	
1	-7.080078	-0.744449	-3.636914	-1.332370	
1	-7.124094	-0.781250	-3.679586	-1.336618	
1	-7.124094	-0.781250	-3.679586	-1.336618	
1	-7.128906	-0.785379	-3.684272	-1.337096	
1	-7.128906	-0.785379	-3.684272	-1.337096	
1	-7.177734	-0.827319	-3.731961	-1.342084	
1	-7.177734	-0.827319	-3.731961	-1.342084	
1	-7.180943	-0.830078	-3.735104	-1.342421	
1	-7.180943	-0.830078	-3.735104	-1.342421	
1	-7.226562	-0.870367	-3.779998	-1.347346	
1	-7.226562	-0.870367	-3.779998	-1.347346	
1	-7.236223	-0.878906	-3.789533	-1.348419	
1	-7.236223	-0.878906	-3.789533	-1.348419	
1	-7.275391	-0.914523	-3.828394	-1.352891	
1	-7.275391	-0.914523	-3.828394	-1.352891	
1	-7.289914	-0.927734	-3.842846	-1.354595	
1	-7.289914	-0.927734	-3.842846	-1.354595	
1	-7.324219	-0.959882	-3.877170	-1.358732	
1	-7.324219	-0.959882	-3.877170	-1.358732	
1	-7.342023	-0.976562	-3.895035	-1.360935	
1	-7.342023	-0.976562	-3.895035	-1.360935	
1	-7.373047	-1.006551	-3.926350	-1.364881	
1	-7.373047	-1.006551	-3.926350	-1.364881	
1	-7.392552	-1.025391	-3.946092	-1.367423	
1	-7.392552	-1.025391	-3.946092	-1.367423	
1	-7.421875	-1.054656	-3.975962	-1.371353	
1	-7.421875	-1.054656	-3.975962	-1.371353	
1	-7.441503	-1.074219	-3.996008	-1.374046	
1	-7.441503	-1.074219	-3.996008	-1.374046	
1	-7.470703	-1.104341	-4.026040	-1.378166	
1	-7.470703	-1.104341	-4.026040	-1.378166	
1	-7.488871	-1.123047	-4.044771	-1.380789	
1	-7.488871	-1.123047	-4.044771	-1.380789	
1	-7.519531	-1.155774	-4.076622	-1.385341	
1	-7.519531	-1.155774	-4.076622	-1.385341	
1	-7.534653	-1.171875	-4.092369	-1.387635	
1	-7.534653	-1.171875	-4.092369	-1.387635	
1	-7.568359	-1.209150	-4.127758	-1.392899	
1	-7.568359	-1.209150	-4.127758	-1.392899	
1	-7.578838	-1.220703	-4.138785	-1.394570	
1	-7.578838	-1.220703	-4.138785	-1.394570	
1	-7.617188	-1.264696	-4.179501	-1.400869	
1	-7.617188	-1.264696	-4.179501	-1.400869	
1	-7.621418	-1.269531	-4.184003	-1.401578	
1	-7.621418	-1.269531	-4.184003	-1.401578	
1	-7.662397	-1.318359	-4.228022	-1.408645	
1	-7.662397	-1.318359	-4.228022	-1.408645	
1	-7.666016	-1.322867	-4.231950	-1.409288	
1	-7.666016	-1.322867	-4.231950	-1.409288	
1	-7.701769	-1.367188	-4.270831	-1.415757	
1	-7.701769	-1.367188	-4.270831	-1.415757	
1	-7.714844	-1.384170	-4.285218	-1.418201	
1	-7.714844	-1.384170	-4.285218	-1.418201	
1	-7.739492	-1.416016	-4.312388	-1.422892	
1	-7.739492	-1.416016	-4.312388	-1.422892	
1	-7.763672	-1.448828	-4.339388	-1.427653	
1	-7.763672	-1.448828	-4.339388	-1.427653	
1	-7.775543	-1.464844	-4.352666	-1.430032	
1	-7.775543	-1.464844	-4.352666	-1.430032	
1	-7.809910	-1.513672	-4.391653	-1.437162	
1	-7.809910	-1.513672	-4.391653	-1.437162	
1	-7.812500	-1.517564	-4.394636	-1.437716	
1	-7.812500	-1.517564	-4.394636	-1.437716	
1	-7.842617	-1.562500	-4.429366	-1.444270	
1	-7.842617	-1.562500	-4.429366	-1.444270	
1	-7.861328	-1.592103	-4.451332	-1.448509	
1	-7.861328	-1.592103	-4.451332	-1.448509	
1	-7.873572	-1.611328	-4.465722	-1.451327	
1	-7.873572	-1.611328	-4.465722	-1.451327	
1	-7.902775	-1.660156	-4.500718	-1.458318	
1	-7.902775	-1.660156	-4.500718	-1.458318	
1	-7.910156	-1.673372	-4.509757	-1.460156	
1	-7.910156	-1.673372	-4.509757	-1.460156	
1	-7.930217	-1.708984	-4.534346	-1.465226	
1	-7.930217	-1.708984	-4.534346	-1.465226	
1	-7.955812	-1.757812	-4.566528	-1.472021	
1	-7.955812	-1.757812	-4.566528	-1.472021	
1	-7.958984	-1.764382	-4.570631	-1.472901	
1	-7.958984	-1.764382	-4.570631	-1.472901	
1	-7.979593	-1.806641	-4.597295	-1.478694	
1	-7.979593	-1.806641	-4.597295	-1.478694	
1	-8.001450	-1.855469	-4.626551	-1.485207	
1	-8.001450	-1.855469	-4.626551	-1.485207	
1	-8.007812	-1.871163	-4.635407	-1.487213	
1	-8.007812	-1.871163	-4.635407	-1.487213	
1	-8.021391	-1.904297	-4.654304	-1.491548	
1	-8.021391	-1.904297	-4.654304	-1.491548	
1	-8.039340	-1.953125	-4.680490	-1.497684	
1	-8.039340	-1.953125	-4.680490	-1.497684	
1	-8.055232	-2.001953	-4.705056	-1.503586	
1	-8.055232	-2.001953	-4.705056	-1.503586	
1	-8.056641	-2.006984	-4.707395	-1.504155	
1	-8.056641	-2.006984	-4.707395	-1.504155	
1	-8.069054	-2.050781	-4.727993	-1.509233	
1	-8.069054	-2.050781	-4.727993	-1.509233	
1	-8.080705	-2.099609	-4.749220	-1.514587	
1	-8.080705	-2.099609	-4.749220	-1.514587	
1	-8.090116	-2.148438	-4.768683	-1.519616	
1	-8.090116	-2.148438	-4.768683	-1.519616	
1	-8.097213	-2.197266	-4.786326	-1.524282	
1	-8.097213	-2.197266	-4.786326	-1.524282	
1	-8.101915	-2.246094	-4.802085	-1.528549	
1	-8.101915	-2.246094	-4.802085	-1.528549	
1	-8.104126	-2.294922	-4.815888	-1.532374	
1	-8.104126	-2.294922	-4.815888	-1.532374	
1	-8.103742	-2.343750	-4.827658	-1.535712	
1	-8.103742	-2.343750	-4.827658	-1.535712	
1	-8.100642	-2.392578	-4.837304	-1.538510	
1	-8.100642	-2.392578	-4.837304	-1.538510	
1	-8.094696	-2.441406	-4.844730	-1.540713	
1	-8.094696	-2.441406	-4.844730	-1.540713	
1	-8.085757	-2.490234	-4.849828	-1.542260	
1	-8.085757	-2.490234	-4.849828	-1.542260	
1	-8.073663	-2.539062	-4.852480	-1.543082	
1	-8.073663	-2.539062	-4.852480	-1.543082	
1	-8.058235	-2.587891	-4.852557	-1.543105	
1	-8.058235	-2.587891	-4.852557	-1.543105	
1	-8.056641	-2.592077	-4.852345	-1.543037	
1	-8.056641	-2.592077	-4.852345	-1.543037	
1	-8.039241	-2.636719	-4.849890	-1.542237	
1	-8.039241	-2.636719	-4.849890	-1.542237	
1	-8.016468	-2.685547	-4.844332	-1.540386	
1	-8.016468	-2.685547	-4.844332	-1.540386	
1	-8.007812	-2.701570	-4.841579	-1.539456	
1	-8.007812	-2.701570	-4.841579	-1.539456	
1	-7.989614	-2.734375	-4.835663	-1.537434	
1	-7.989614	-2.734375	-4.835663	-1.537434	
1	-7.958984	-2.782310	-4.823921	-1.533343	
1	-7.958984	-2.782310	-4.823921	-1.533343	
1	-7.958397	-2.783203	-4.823691	-1.533262	
1	-7.958397	-2.783203	-4.823691	-1.533262	
1	-7.922374	-2.832031	-4.808097	-1.527701	
1	-7.922374	-2.832031	-4.808097	-1.527701	
1	-7.910156	-2.846839	-4.802375	-1.525629	
1	-7.910156	-2.846839	-4.802375	-1.525629	
1	-7.881147	-2.880859	-4.788610	-1.520584	
1	-7.881147	-2.880859	-4.788610	-1.520584	
1	-7.861328	-2.901886	-4.778655	-1.516887	
1	-7.861328	-2.901886	-4.778655	-1.516887	
1	-7.834177	-2.929688	-4.764857	-1.511699	
1	-7.834177	-2.929688	-4.764857	-1.511699	
1	-7.812500	-2.949973	-4.753364	-1.507326	
1	-7.812500	-2.949973	-4.753364	-1.507326	
1	-7.780813	-2.978516	-4.736390	-1.500786	
1	-7.780813	-2.978516	-4.736390	-1.500786	
1	-7.763672	-2.992751	-4.726907	-1.497093	
1	-7.763672	-2.992751	-4.726907	-1.497093	
1	-7.720274	-3.027344	-4.702676	-1.487534	
1	-7.720274	-3.027344	-4.702676	-1.487534	
1	-7.714844	-3.031365	-4.699568	-1.486295	
1	-7.714844	-3.031365	-4.699568	-1.486295	
1	-7.666016	-3.066217	-4.671417	-1.474959	
1	-7.666016	-3.066217	-4.671417	-1.474959	
1	-7.651467	-3.076172	-4.662963	-1.471513	
1	-7.651467	-3.076172	-4.662963	-1.471513	
1	-7.617188	-3.098138	-4.642678	-1.463173	
1	-7.617188	-3.098138	-4.642678	-1.463173	
1	-7.573195	-3.125000	-4.616456	-1.452242	
1	-7.573195	-3.125000	-4.616456	-1.452242	
1	-7.568359	-3.127782	-4.613533	-1.451014	
1	-7.568359	-3.127782	-4.613533	-1.451014	
1	-7.519531	-3.154873	-4.583859	-1.438432	
1	-7.519531	-3.154873	-4.583859	-1.438432	
1	-7.483586	-3.173828	-4.561880	-1.428987	
1	-7.483586	-3.173828	-4.561880	-1.428987	
1	-7.470703	-3.180270	-4.553923	-1.425542	
1	-7.470703	-3.180270	-4.553923	-1.425542	
1	-7.421875	-3.203727	-4.523620	-1.412300	
1	-7.421875	-3.203727	-4.523620	-1.412300	
1	-7.380342	-3.222656	-4.497716	-1.400830	
1	-7.380342	-3.222656	-4.497716	-1.400830	
1	-7.373047	-3.225827	-4.493134	-1.398787	
1	-7.373047	-3.225827	-4.493134	-1.398787	
1	-7.324219	-3.246252	-4.462340	-1.384951	
1	-7.324219	-3.246252	-4.462340	-1.384951	
1	-7.275391	-3.265578	-4.431427	-1.370876	
1	-7.275391	-3.265578	-4.431427	-1.370876	
1	-7.259806	-3.271484	-4.421522	-1.366329	
1	-7.259806	-3.271484	-4.421522	-1.366329	
1	-7.226562	-3.283574	-4.400301	-1.356524	
1	-7.226562	-3.283574	-4.400301	-1.356524	
1	-7.177734	-3.300472	-4.369035	-1.341928	
1	-7.177734	-3.300472	-4.369035	-1.341928	
1	-7.128906	-3.316449	-4.337685	-1.327115	
1	-7.128906	-3.316449	-4.337685	-1.327115	
1	-7.116561	-3.320312	-4.329733	-1.323331	
1	-7.116561	-3.320312	-4.329733	-1.323331	
1	-7.080078	-3.331333	-4.306180	-1.312056	
1	-7.080078	-3.331333	-4.306180	-1.312056	
1	-7.031250	-3.345327	-4.274588	-1.296781	
1	-7.031250	-3.345327	-4.274588	-1.296781	
1	-6.982422	-3.358537	-4.242940	-1.281309	
1	-6.982422	-3.358537	-4.242940	-1.281309	
1	-6.940947	-3.369141	-4.216010	-1.268010	
1	-6.940947	-3.369141	-4.216010	-1.268010	
1	-6.933594	-3.370964	-4.211232	-1.265638	
1	-6.933594	-3.370964	-4.211232	-1.265638	
1	-6.884766	-3.382527	-4.179428	-1.249752	
1	-6.884766	-3.382527	-4.179428	-1.249752	
1	-6.835938	-3.393412	-4.147594	-1.233685	
1	-6.835938	-3.393412	-4.147594	-1.233685	
1	-6.787109	-3.403643	-4.115734	-1.217440	
1	-6.787109	-3.403643	-4.115734	-1.217440	
1	-6.738281	-3.413243	-4.083852	-1.201021	
1	-6.738281	-3.413243	-4.083852	-1.201021	
1	-6.712778	-3.417969	-4.067177	-1.192369	
1	-6.712778	-3.417969	-4.067177	-1.192369	
1	-6.689453	-3.422190	-4.051938	-1.184423	
1	-6.689453	-3.422190	-4.051938	-1.184423	
1	-6.640625	-3.430513	-4.020000	-1.167651	
1	-6.640625	-3.430513	-4.020000	-1.167651	
1	-6.591797	-3.438281	-3.988060	-1.150719	
1	-6.591797	-3.438281	-3.988060	-1.150719	
1	-6.542969	-3.445512	-3.956124	-1.133629	
1	-6.542969	-3.445512	-3.956124	-1.133629	
1	-6.494141	-3.452223	-3.924194	-1.116386	
1	-6.494141	-3.452223	-3.924194	-1.116386	
1	-6.445312	-3.458430	-3.892276	-1.098991	
1	-6.445312	-3.458430	-3.892276	-1.098991	
1	-6.396484	-3.464148	-3.860374	-1.081449	
1	-6.396484	-3.464148	-3.860374	-1.081449	
1	-6.371953	-3.466797	-3.844336	-1.072571	
1	-6.371953	-3.466797	-3.844336	-1.072571	
1	-6.347656	-3.469378	-3.828486	-1.063759	
1	-6.347656	-3.469378	-3.828486	-1.063759	
1	-6.298828	-3.474141	-3.796619	-1.045926	
1	-6.298828	-3.474141	-3.796619	-1.045926	
1	-6.250000	-3.478464	-3.764781	-1.027956	
1	-6.250000	-3.478464	-3.764781	-1.027956	
1	-6.201172	-3.482358	-3.732976	-1.009851	
1	-6.201172	-3.482358	-3.732976	-1.009851	
1	-6.152344	-3.485836	-3.701209	-0.991615	
1	-6.152344	-3.485836	-3.701209	-0.991615	
1	-6.103516	-3.488908	-3.669481	-0.973250	
1	-6.103516	-3.488908	-3.669481	-0.973250	
1	-6.054688	-3.491584	-3.637796	-0.954758	
1	-6.054688	-3.491584	-3.637796	-0.954758	
1	-6.005859	-3.493875	-3.606157	-0.936143	
1	-6.005859	-3.493875	-3.606157	-0.936143	
1	-5.957031	-3.495789	-3.574568	-0.917406	
1	-5.957031	-3.495789	-3.574568	-0.917406	
1	-5.908203	-3.497336	-3.543031	-0.898551	
1	-5.908203	-3.497336	-3.543031	-0.898551	
1	-5.859375	-3.498523	-3.511550	-0.879579	
1	-5.859375	-3.498523	-3.511550	-0.879579	
1	-5.810547	-3.499360	-3.480126	-0.860494	
1	-5.810547	-3.499360	-3.480126	-0.860494	
1	-5.761719	-3.499854	-3.448763	-0.841298	
1	-5.761719	-3.499854	-3.448763	-0.841298	
1	-5.712891	-3.500012	-3.417463	-0.821992	
1	-5.712891	-3.500012	-3.417463	-0.821992	
1	-5.664062	-3.499840	-3.386229	-0.802580	
1	-5.664062	-3.499840	-3.386229	-0.802580	
1	-5.615234	-3.499345	-3.355063	-0.783063	
1	-5.615234	-3.499345	-3.355063	-0.783063	
1	-5.566406	-3.498534	-3.323968	-0.763443	
1	-5.566406	-3.498534	-3.323968	-0.763443	
1	-5.517578	-3.497411	-3.292946	-0.743724	
1	-5.517578	-3.497411	-3.292946	-0.743724	
1	-5.468750	-3.495983	-3.261999	-0.723906	
1	-5.468750	-3.495983	-3.261999	-0.723906	
1	-5.419922	-3.494254	-3.231129	-0.703993	
1	-5.419922	-3.494254	-3.231129	-0.703993	
1	-5.371094	-3.492228	-3.200338	-0.683986	
1	-5.371094	-3.492228	-3.200338	-0.683986	
1	-5.322266	-3.489911	-3.169629	-0.663887	
1	-5.322266	-3.489911	-3.169629	-0.663887	
1	-5.273438	-3.487305	-3.139003	-0.643698	
1	-5.273438	-3.487305	-3.139003	-0.643698	
1	-5.224609	-3.484416	-3.108462	-0.623420	
1	-5.224609	-3.484416	-3.108462	-0.623420	
1	-5.175781	-3.481246	-3.078008	-0.603057	
1	-5.175781	-3.481246	-3.078008	-0.603057	
1	-5.126953	-3.477798	-3.047642	-0.582610	
1	-5.126953	-3.477798	-3.047642	-0.582610	
1	-5.078125	-3.474075	-3.017366	-0.562080	
1	-5.078125	-3.474075	-3.017366	-0.562080	
1	-5.029297	-3.470081	-2.987182	-0.541470	
1	-5.029297	-3.470081	-2.987182	-0.541470	
1	-4.991730	-3.466797	-2.964012	-0.525552	
1	-4.991730	-3.466797	-2.964012	-0.525552	
1	-4.980469	-3.465823	-2.957094	-0.520783	
1	-4.980469	-3.465823	-2.957094	-0.520783	
1	-4.931641	-3.461324	-2.927110	-0.500026	
1	-4.931641	-3.461324	-2.927110	-0.500026	
1	-4.882812	-3.456565	-2.897225	-0.479195	
1	-4.882812	-3.456565	-2.897225	-0.479195	
1	-4.833984	-3.451546	-2.867438	-0.458292	
1	-4.833984	-3.451546	-2.867438	-0.458292	
1	-4.785156	-3.446270	-2.837752	-0.437319	
1	-4.785156	-3.446270	-2.837752	-0.437319	
1	-4.736328	-3.440737	-2.808167	-0.416277	
1	-4.736328	-3.440737	-2.808167	-0.416277	
1	-4.687500	-3.434949	-2.778685	-0.395168	
1	-4.687500	-3.434949	-2.778685	-0.395168	
1	-4.638672	-3.428906	-2.749307	-0.373993	
1	-4.638672	-3.428906	-2.749307	-0.373993	
1	-4.589844	-3.422610	-2.720033	-0.352755	
1	-4.589844	-3.422610	-2.720033	-0.352755	
1	-4.555267	-3.417969	-2.699356	-0.337669	
1	-4.555267	-3.417969	-2.699356	-0.337669	
1	-4.541016	-3.416077	-2.690872	-0.331459	
1	-4.541016	-3.416077	-2.690872	-0.331459	
1	-4.492188	-3.409339	-2.661837	-0.310117	
1	-4.492188	-3.409339	-2.661837	-0.310117	
1	-4.443359	-3.402353	-2.632912	-0.288718	
1	-4.443359	-3.402353	-2.632912	-0.288718	
1	-4.394531	-3.395121	-2.604098	-0.267264	
1	-4.394531	-3.395121	-2.604098	-0.267264	
1	-4.345703	-3.387641	-2.575396	-0.245755	
1	-4.345703	-3.387641	-2.575396	-0.245755	
1	-4.296875	-3.379912	-2.546806	-0.224194	
1	-4.296875	-3.379912	-2.546806	-0.224194	
1	-4.248047	-3.371935	-2.518329	-0.202583	
1	-4.248047	-3.371935	-2.518329	-0.202583	
1	-4.231464	-3.369141	-2.508672	-0.195224	
1	-4.231464	-3.369141	-2.508672	-0.195224	
1	-4.199219	-3.363766	-2.489988	-0.180940	
1	-4.199219	-3.363766	-2.489988	-0.180940	
1	-4.150391	-3.355382	-2.461776	-0.159260	
1	-4.150391	-3.355382	-2.461776	-0.159260	
1	-4.101562	-3.346753	-2.433682	-0.137536	
1	-4.101562	-3.346753	-2.433682	-0.137536	
1	-4.052734	-3.337878	-2.405705	-0.115770	
1	-4.052734	-3.337878	-2.405705	-0.115770	
1	-4.003906	-3.328755	-2.377848	-0.093963	
1	-4.003906	-3.328755	-2.377848	-0.093963	
1	-3.959917	-3.320312	-2.352849	-0.074281	
1	-3.959917	-3.320312	-2.352849	-0.074281	
1	-3.955078	-3.319394	-2.350113	-0.072120	
1	-3.955078	-3.319394	-2.350113	-0.072120	
1	-3.906250	-3.309882	-2.322538	-0.050271	
1	-3.906250	-3.309882	-2.322538	-0.050271	
1	-3.857422	-3.300124	-2.295085	-0.028389	
1	-3.857422	-3.300124	-2.295085	-0.028389	
1	-3.808594	-3.290118	-2.267755	-0.006475	
1	-3.808594	-3.290118	-2.267755	-0.006475	
1	-3.759766	-3.279862	-2.240549	0.015470	
1	-3.759766	-3.279862	-2.240549	0.015470	
1	-3.720822	-3.271484	-2.218932	0.032998	
1	-3.720822	-3.271484	-2.218932	0.032998	
1	-3.710938	-3.269380	-2.213476	0.037434	
1	-3.710938	-3.269380	-2.213476	0.037434	
1	-3.662109	-3.258748	-2.186567	0.059393	
1	-3.662109	-3.258748	-2.186567	0.059393	
1	-3.613281	-3.247866	-2.159786	0.081374	
1	-3.613281	-3.247866	-2.159786	0.081374	
1	-3.564453	-3.236732	-2.133132	0.103376	
1	-3.564453	-3.236732	-2.133132	0.103376	
1	-3.515625	-3.225343	-2.106605	0.125397	
1	-3.515625	-3.225343	-2.106605	0.125397	
1	-3.504338	-3.222656	-2.100485	0.130495	
1	-3.504338	-3.222656	-2.100485	0.130495	
1	-3.466797	-3.213807	-2.080248	0.147400	
1	-3.466797	-3.213807	-2.080248	0.147400	
1	-3.417969	-3.202050	-2.054034	0.169405	
1	-3.417969	-3.202050	-2.054034	0.169405	
1	-3.369141	-3.190037	-2.027951	0.191421	
1	-3.369141	-3.190037	-2.027951	0.191421	
1	-3.320312	-3.177764	-2.001999	0.213445	
1	-3.320312	-3.177764	-2.001999	0.213445	
1	-3.304944	-3.173828	-1.993850	0.220385	
1	-3.304944	-3.173828	-1.993850	0.220385	
1	-3.271484	-3.165337	-1.976218	0.235442	
1	-3.271484	-3.165337	-1.976218	0.235442	
1	-3.222656	-3.152701	-1.950589	0.257425	
1	-3.222656	-3.152701	-1.950589	0.257425	
1	-3.173828	-3.139802	-1.925093	0.279408	
