#REFERENCE 3 87.3386950 -62.0775160
1	-2.636719	-2.598992	-1.115840	-0.019893	
1	-2.587891	-2.597195	-1.094980	-0.000012	
1	-2.587891	-2.597195	-1.094980	-0.000012	
1	-2.636719	-2.598992	-1.115840	-0.019893	
1	-2.685547	-2.600239	-1.136884	-0.039642	
1	-2.685547	-2.600239	-1.136884	-0.039642	
1	-2.734375	-2.600930	-1.158106	-0.059255	
1	-2.734375	-2.600930	-1.158106	-0.059255	
1	-2.783203	-2.601058	-1.179501	-0.078726	
1	-2.783203	-2.601058	-1.179501	-0.078726	
1	-2.832031	-2.600617	-1.201066	-0.098051	
1	-2.832031	-2.600617	-1.201066	-0.098051	
1	-2.880859	-2.599596	-1.222795	-0.117225	
1	-2.880859	-2.599596	-1.222795	-0.117225	
1	-2.929688	-2.597988	-1.244683	-0.136244	
1	-2.929688	-2.597988	-1.244683	-0.136244	
1	-2.978516	-2.595781	-1.266725	-0.155103	
1	-2.978516	-2.595781	-1.266725	-0.155103	
1	-3.027344	-2.592964	-1.288915	-0.173796	
1	-3.027344	-2.592964	-1.288915	-0.173796	
1	-3.076172	-2.589525	-1.311249	-0.192319	
1	-3.076172	-2.589525	-1.311249	-0.192319	
1	-3.095859	-2.587891	-1.320265	-0.199715	
1	-3.095859	-2.587891	-1.320265	-0.199715	
1	-3.125000	-2.585463	-1.333724	-0.210670	
1	-3.125000	-2.585463	-1.333724	-0.210670	
1	-3.173828	-2.580757	-1.356334	-0.228843	
1	-3.173828	-2.580757	-1.356334	-0.228843	
1	-3.222656	-2.575386	-1.379070	-0.246830	
1	-3.222656	-2.575386	-1.379070	-0.246830	
1	-3.271484	-2.569332	-1.401924	-0.264626	
1	-3.271484	-2.569332	-1.401924	-0.264626	
1	-3.320312	-2.562576	-1.424891	-0.282225	
1	-3.320312	-2.562576	-1.424891	-0.282225	
1	-3.369141	-2.555099	-1.447964	-0.299623	
1	-3.369141	-2.555099	-1.447964	-0.299623	
1	-3.417969	-2.546880	-1.471138	-0.316813	
1	-3.417969	-2.546880	-1.471138	-0.316813	
1	-3.460534	-2.539062	-1.491402	-0.331616	
1	-3.460534	-2.539062	-1.491402	-0.331616	
1	-3.466797	-2.537899	-1.494404	-0.333791	
1	-3.466797	-2.537899	-1.494404	-0.333791	
1	-3.515625	-2.528126	-1.517755	-0.350549	
1	-3.515625	-2.528126	-1.517755	-0.350549	
1	-3.564453	-2.517531	-1.541182	-0.367081	
1	-3.564453	-2.517531	-1.541182	-0.367081	
1	-3.613281	-2.506088	-1.564678	-0.383382	
1	-3.613281	-2.506088	-1.564678	-0.383382	
1	-3.662109	-2.493769	-1.588236	-0.399446	
1	-3.662109	-2.493769	-1.588236	-0.399446	
1	-3.675294	-2.490234	-1.594585	-0.403728	
1	-3.675294	-2.490234	-1.594585	-0.403728	
1	-3.710938	-2.480505	-1.611834	-0.415258	
1	-3.710938	-2.480505	-1.611834	-0.415258	
1	-3.759766	-2.466272	-1.635468	-0.430815	
1	-3.759766	-2.466272	-1.635468	-0.430815	
1	-3.808594	-2.451047	-1.659137	-0.446114	
1	-3.808594	-2.451047	-1.659137	-0.446114	
1	-3.837744	-2.441406	-1.673255	-0.455107	
1	-3.837744	-2.441406	-1.673255	-0.455107	
1	-3.857422	-2.434747	-1.682815	-0.461140	
1	-3.857422	-2.434747	-1.682815	-0.461140	
1	-3.906250	-2.417288	-1.706478	-0.475876	
1	-3.906250	-2.417288	-1.706478	-0.475876	
1	-3.955078	-2.398693	-1.730146	-0.490334	
1	-3.955078	-2.398693	-1.730146	-0.490334	
1	-3.970361	-2.392578	-1.737533	-0.494788	
1	-3.970361	-2.392578	-1.737533	-0.494788	
1	-4.003906	-2.378770	-1.753756	-0.504474	
1	-4.003906	-2.378770	-1.753756	-0.504474	
1	-4.052734	-2.357518	-1.777322	-0.518306	
1	-4.052734	-2.357518	-1.777322	-0.518306	
1	-4.082740	-2.343750	-1.791769	-0.526644	
1	-4.082740	-2.343750	-1.791769	-0.526644	
1	-4.101562	-2.334825	-1.800815	-0.531810	
1	-4.101562	-2.334825	-1.800815	-0.531810	
1	-4.150391	-2.310525	-1.824191	-0.544963	
1	-4.150391	-2.310525	-1.824191	-0.544963	
1	-4.180174	-2.294922	-1.838405	-0.552819	
1	-4.180174	-2.294922	-1.838405	-0.552819	
1	-4.199219	-2.284563	-1.847451	-0.557763	
1	-4.199219	-2.284563	-1.847451	-0.557763	
1	-4.248047	-2.256726	-1.870539	-0.570181	
1	-4.248047	-2.256726	-1.870539	-0.570181	
1	-4.265878	-2.246094	-1.878932	-0.574622	
1	-4.265878	-2.246094	-1.878932	-0.574622	
1	-4.296875	-2.226803	-1.893406	-0.582189	
1	-4.296875	-2.226803	-1.893406	-0.582189	
1	-4.342047	-2.197266	-1.914393	-0.592949	
1	-4.342047	-2.197266	-1.914393	-0.592949	
1	-4.345703	-2.194759	-1.916073	-0.593799	
1	-4.345703	-2.194759	-1.916073	-0.593799	
1	-4.394531	-2.159983	-1.938361	-0.604920	
1	-4.394531	-2.159983	-1.938361	-0.604920	
1	-4.410064	-2.148438	-1.945411	-0.608375	
1	-4.410064	-2.148438	-1.945411	-0.608375	
1	-4.443359	-2.122342	-1.960273	-0.615556	
1	-4.443359	-2.122342	-1.960273	-0.615556	
1	-4.471193	-2.099609	-1.972619	-0.621414	
1	-4.471193	-2.099609	-1.972619	-0.621414	
1	-4.492188	-2.081434	-1.981730	-0.625671	
1	-4.492188	-2.081434	-1.981730	-0.625671	
1	-4.526269	-2.050781	-1.996418	-0.632415	
1	-4.526269	-2.050781	-1.996418	-0.632415	
1	-4.541016	-2.036645	-2.002596	-0.635205	
1	-4.541016	-2.036645	-2.002596	-0.635205	
1	-4.575950	-2.001953	-2.017125	-0.641655	
1	-4.575950	-2.001953	-2.017125	-0.641655	
1	-4.589844	-1.987157	-2.022695	-0.644084	
1	-4.589844	-1.987157	-2.022695	-0.644084	
1	-4.620781	-1.953125	-2.035008	-0.649362	
1	-4.620781	-1.953125	-2.035008	-0.649362	
1	-4.638672	-1.931875	-2.041799	-0.652218	
1	-4.638672	-1.931875	-2.041799	-0.652218	
1	-4.661212	-1.904297	-2.050295	-0.655729	
1	-4.661212	-1.904297	-2.050295	-0.655729	
1	-4.687500	-1.869301	-2.059612	-0.659498	
1	-4.687500	-1.869301	-2.059612	-0.659498	
1	-4.697614	-1.855469	-2.063173	-0.660914	
1	-4.697614	-1.855469	-2.063173	-0.660914	
1	-4.730284	-1.806641	-2.073790	-0.665046	
1	-4.730284	-1.806641	-2.073790	-0.665046	
1	-4.736328	-1.796716	-2.075556	-0.665720	
1	-4.736328	-1.796716	-2.075556	-0.665720	
1	-4.759484	-1.757812	-2.082282	-0.668242	
1	-4.759484	-1.757812	-2.082282	-0.668242	
1	-4.785156	-1.709547	-2.088700	-0.670578	
1	-4.785156	-1.709547	-2.088700	-0.670578	
1	-4.785449	-1.708984	-2.088773	-0.670604	
1	-4.785449	-1.708984	-2.088773	-0.670604	
1	-4.808367	-1.660156	-2.093360	-0.672218	
1	-4.808367	-1.660156	-2.093360	-0.672218	
1	-4.828402	-1.611328	-2.096130	-0.673161	
1	-4.828402	-1.611328	-2.096130	-0.673161	
1	-4.833984	-1.595744	-2.096459	-0.673270	
1	-4.833984	-1.595744	-2.096459	-0.673270	
1	-4.845713	-1.562500	-2.097172	-0.673504	
1	-4.845713	-1.562500	-2.097172	-0.673504	
1	-4.860423	-1.513672	-2.096550	-0.673308	
1	-4.860423	-1.513672	-2.096550	-0.673308	
1	-4.872638	-1.464844	-2.094321	-0.672628	
1	-4.872638	-1.464844	-2.094321	-0.672628	
1	-4.882459	-1.416016	-2.090542	-0.671514	
1	-4.882459	-1.416016	-2.090542	-0.671514	
1	-4.882812	-1.413745	-2.090291	-0.671441	
1	-4.882812	-1.413745	-2.090291	-0.671441	
1	-4.890007	-1.367188	-2.085289	-0.670021	
1	-4.890007	-1.367188	-2.085289	-0.670021	
1	-4.895336	-1.318359	-2.078588	-0.668186	
1	-4.895336	-1.318359	-2.078588	-0.668186	
1	-4.898519	-1.269531	-2.070480	-0.666048	
1	-4.898519	-1.269531	-2.070480	-0.666048	
1	-4.899619	-1.220703	-2.061004	-0.663646	
1	-4.899619	-1.220703	-2.061004	-0.663646	
1	-4.898695	-1.171875	-2.050196	-0.661014	
1	-4.898695	-1.171875	-2.050196	-0.661014	
1	-4.895796	-1.123047	-2.038087	-0.658186	
1	-4.895796	-1.123047	-2.038087	-0.658186	
1	-4.890965	-1.074219	-2.024704	-0.655191	
1	-4.890965	-1.074219	-2.024704	-0.655191	
1	-4.884238	-1.025391	-2.010070	-0.652059	
1	-4.884238	-1.025391	-2.010070	-0.652059	
1	-4.882812	-1.017324	-2.007419	-0.651506	
1	-4.882812	-1.017324	-2.007419	-0.651506	
1	-4.875690	-0.976562	-1.994243	-0.648824	
1	-4.875690	-0.976562	-1.994243	-0.648824	
1	-4.865325	-0.927734	-1.977222	-0.645509	
1	-4.865325	-0.927734	-1.977222	-0.645509	
1	-4.853151	-0.878906	-1.959012	-0.642137	
1	-4.853151	-0.878906	-1.959012	-0.642137	
1	-4.839183	-0.830078	-1.939623	-0.638731	
1	-4.839183	-0.830078	-1.939623	-0.638731	
1	-4.833984	-0.813979	-1.932800	-0.637576	
1	-4.833984	-0.813979	-1.932800	-0.637576	
1	-4.823500	-0.781250	-1.919124	-0.635325	
1	-4.823500	-0.781250	-1.919124	-0.635325	
1	-4.806085	-0.732422	-1.897502	-0.631937	
1	-4.806085	-0.732422	-1.897502	-0.631937	
1	-4.786899	-0.683594	-1.874727	-0.628584	
1	-4.786899	-0.683594	-1.874727	-0.628584	
1	-4.785156	-0.679528	-1.872721	-0.628300	
1	-4.785156	-0.679528	-1.872721	-0.628300	
1	-4.766075	-0.634766	-1.850915	-0.625305	
1	-4.766075	-0.634766	-1.850915	-0.625305	
1	-4.743492	-0.585938	-1.825970	-0.622106	
1	-4.743492	-0.585938	-1.825970	-0.622106	
1	-4.736328	-0.571551	-1.818254	-0.621164	
1	-4.736328	-0.571551	-1.818254	-0.621164	
1	-4.719246	-0.537109	-1.799980	-0.619020	
1	-4.719246	-0.537109	-1.799980	-0.619020	
1	-4.693262	-0.488281	-1.772891	-0.616062	
1	-4.693262	-0.488281	-1.772891	-0.616062	
1	-4.687500	-0.478121	-1.766998	-0.615452	
1	-4.687500	-0.478121	-1.766998	-0.615452	
1	-4.665621	-0.439453	-1.744781	-0.613262	
1	-4.665621	-0.439453	-1.744781	-0.613262	
1	-4.638672	-0.394709	-1.717993	-0.610840	
1	-4.638672	-0.394709	-1.717993	-0.610840	
1	-4.636215	-0.390625	-1.715569	-0.610633	
1	-4.636215	-0.390625	-1.715569	-0.610633	
1	-4.605155	-0.341797	-1.685363	-0.608207	
1	-4.605155	-0.341797	-1.685363	-0.608207	
1	-4.589844	-0.319008	-1.670715	-0.607135	
1	-4.589844	-0.319008	-1.670715	-0.607135	
1	-4.572340	-0.292969	-1.654092	-0.606000	
1	-4.572340	-0.292969	-1.654092	-0.606000	
1	-4.541016	-0.248740	-1.624788	-0.604206	
1	-4.541016	-0.248740	-1.624788	-0.604206	
1	-4.537753	-0.244141	-1.621758	-0.604036	
1	-4.537753	-0.244141	-1.621758	-0.604036	
1	-4.501445	-0.195312	-1.588423	-0.602342	
1	-4.501445	-0.195312	-1.588423	-0.602342	
1	-4.492188	-0.183418	-1.580023	-0.601967	
1	-4.492188	-0.183418	-1.580023	-0.601967	
1	-4.463348	-0.146484	-1.554050	-0.600939	
1	-4.463348	-0.146484	-1.554050	-0.600939	
1	-4.443359	-0.121983	-1.536248	-0.600348	
1	-4.443359	-0.121983	-1.536248	-0.600348	
1	-4.423425	-0.097656	-1.518630	-0.599853	
1	-4.423425	-0.097656	-1.518630	-0.599853	
1	-4.394531	-0.063826	-1.493350	-0.599297	
1	-4.394531	-0.063826	-1.493350	-0.599297	
1	-4.381652	-0.048828	-1.482167	-0.599108	
1	-4.381652	-0.048828	-1.482167	-0.599108	
1	-4.345703	-0.008574	-1.451242	-0.598770	
1	-4.345703	-0.008574	-1.451242	-0.598770	
1	-4.337996	0.000000	-1.444663	-0.598733	
1	-4.337996	0.000000	-1.444663	-0.598733	
1	-4.296875	0.044088	-1.409858	-0.598733	
1	-4.296875	0.044088	-1.409858	-0.598733	
1	-4.292420	0.048828	-1.406117	-0.598753	
1	-4.292420	0.048828	-1.406117	-0.598753	
1	-4.248047	0.094428	-1.369144	-0.599155	
1	-4.248047	0.094428	-1.369144	-0.599155	
1	-4.244878	0.097656	-1.366524	-0.599198	
1	-4.244878	0.097656	-1.366524	-0.599198	
1	-4.199219	0.142673	-1.329055	-0.600012	
1	-4.199219	0.142673	-1.329055	-0.600012	
1	-4.195315	0.146484	-1.325877	-0.600098	
1	-4.195315	0.146484	-1.325877	-0.600098	
1	-4.150391	0.189018	-1.289557	-0.601279	
1	-4.150391	0.189018	-1.289557	-0.601279	
1	-4.143668	0.195312	-1.284165	-0.601485	
1	-4.143668	0.195312	-1.284165	-0.601485	
1	-4.101562	0.233627	-1.250618	-0.602939	
1	-4.101562	0.233627	-1.250618	-0.602939	
1	-4.089866	0.244141	-1.241375	-0.603392	
1	-4.089866	0.244141	-1.241375	-0.603392	
1	-4.052734	0.276641	-1.212217	-0.604972	
1	-4.052734	0.276641	-1.212217	-0.604972	
1	-4.033828	0.292969	-1.197491	-0.605856	
1	-4.033828	0.292969	-1.197491	-0.605856	
1	-4.003906	0.318179	-1.174332	-0.607363	
1	-4.003906	0.318179	-1.174332	-0.607363	
1	-3.975464	0.341797	-1.152498	-0.608915	
1	-3.975464	0.341797	-1.152498	-0.608915	
1	-3.955078	0.358341	-1.136946	-0.610098	
1	-3.955078	0.358341	-1.136946	-0.610098	
1	-3.914672	0.390625	-1.106378	-0.612610	
1	-3.914672	0.390625	-1.106378	-0.612610	
1	-3.906250	0.397214	-1.100045	-0.613162	
1	-3.906250	0.397214	-1.100045	-0.613162	
1	-3.857422	0.434838	-1.063615	-0.616544	
1	-3.857422	0.434838	-1.063615	-0.616544	
1	-3.851342	0.439453	-1.059111	-0.616986	
1	-3.851342	0.439453	-1.059111	-0.616986	
1	-3.808594	0.471281	-1.027643	-0.620232	
1	-3.808594	0.471281	-1.027643	-0.620232	
1	-3.785333	0.488281	-1.010668	-0.622093	
1	-3.785333	0.488281	-1.010668	-0.622093	
1	-3.759766	0.506644	-0.992124	-0.624214	
1	-3.759766	0.506644	-0.992124	-0.624214	
1	-3.716506	0.537109	-0.961029	-0.627981	
1	-3.716506	0.537109	-0.961029	-0.627981	
1	-3.710938	0.540970	-0.957051	-0.628482	
1	-3.710938	0.540970	-0.957051	-0.628482	
1	-3.662109	0.574271	-0.922412	-0.633025	
1	-3.662109	0.574271	-0.922412	-0.633025	
1	-3.644656	0.585938	-0.910135	-0.634713	
1	-3.644656	0.585938	-0.910135	-0.634713	
1	-3.613281	0.606623	-0.888205	-0.637833	
1	-3.613281	0.606623	-0.888205	-0.637833	
1	-3.569620	0.634766	-0.857979	-0.642351	
1	-3.569620	0.634766	-0.857979	-0.642351	
1	-3.564453	0.638056	-0.854425	-0.642899	
1	-3.564453	0.638056	-0.854425	-0.642899	
1	-3.515625	0.668600	-0.821067	-0.648213	
1	-3.515625	0.668600	-0.821067	-0.648213	
1	-3.491092	0.683594	-0.804462	-0.650975	
1	-3.491092	0.683594	-0.804462	-0.650975	
1	-3.466797	0.698292	-0.788128	-0.653767	
1	-3.466797	0.698292	-0.788128	-0.653767	
1	-3.417969	0.727149	-0.755605	-0.659555	
1	-3.417969	0.727149	-0.755605	-0.659555	
1	-3.408860	0.732422	-0.749580	-0.660660	
1	-3.408860	0.732422	-0.749580	-0.660660	
1	-3.369141	0.755224	-0.723498	-0.665566	
1	-3.369141	0.755224	-0.723498	-0.665566	
1	-3.322554	0.781250	-0.693244	-0.671504	
1	-3.322554	0.781250	-0.693244	-0.671504	
1	-3.320312	0.782494	-0.691799	-0.671795	
1	-3.320312	0.782494	-0.691799	-0.671795	
1	-3.271484	0.809048	-0.660517	-0.678232	
1	-3.271484	0.809048	-0.660517	-0.678232	
1	-3.231692	0.830078	-0.635318	-0.683630	
1	-3.231692	0.830078	-0.635318	-0.683630	
1	-3.222656	0.834831	-0.629640	-0.684873	
1	-3.222656	0.834831	-0.629640	-0.684873	
1	-3.173828	0.859934	-0.599178	-0.691708	
1	-3.173828	0.859934	-0.599178	-0.691708	
1	-3.135832	0.878906	-0.575744	-0.697160	
1	-3.135832	0.878906	-0.575744	-0.697160	
1	-3.125000	0.884301	-0.569119	-0.698732	
1	-3.125000	0.884301	-0.569119	-0.698732	
1	-3.076172	0.908024	-0.539477	-0.705936	
1	-3.076172	0.908024	-0.539477	-0.705936	
1	-3.034339	0.927734	-0.514394	-0.712249	
1	-3.034339	0.927734	-0.514394	-0.712249	
1	-3.027344	0.931028	-0.510237	-0.713315	
1	-3.027344	0.931028	-0.510237	-0.713315	
1	-2.978516	0.953437	-0.481418	-0.720859	
1	-2.978516	0.953437	-0.481418	-0.720859	
1	-2.929688	0.975130	-0.452999	-0.728566	
1	-2.929688	0.975130	-0.452999	-0.728566	
1	-2.926373	0.976562	-0.451082	-0.729096	
1	-2.926373	0.976562	-0.451082	-0.729096	
1	-2.880859	0.996272	-0.425007	-0.736422	
1	-2.880859	0.996272	-0.425007	-0.736422	
1	-2.832031	1.016731	-0.397420	-0.744427	
1	-2.832031	1.016731	-0.397420	-0.744427	
1	-2.810709	1.025391	-0.385488	-0.747971	
1	-2.810709	1.025391	-0.385488	-0.747971	
1	-2.783203	1.036603	-0.370254	-0.752569	
1	-2.783203	1.036603	-0.370254	-0.752569	
1	-2.734375	1.055876	-0.343507	-0.760842	
1	-2.734375	1.055876	-0.343507	-0.760842	
1	-2.686257	1.074219	-0.317548	-0.769122	
1	-2.686257	1.074219	-0.317548	-0.769122	
1	-2.685547	1.074491	-0.317169	-0.769244	
1	-2.685547	1.074491	-0.317169	-0.769244	
1	-2.636719	1.092617	-0.291273	-0.777757	
1	-2.636719	1.092617	-0.291273	-0.777757	
1	-2.587891	1.110101	-0.265792	-0.786383	
1	-2.587891	1.110101	-0.265792	-0.786383	
1	-2.550392	1.123047	-0.246495	-0.793084	
1	-2.550392	1.123047	-0.246495	-0.793084	
1	-2.539062	1.126990	-0.240735	-0.795113	
1	-2.539062	1.126990	-0.240735	-0.795113	
1	-2.490234	1.143373	-0.216122	-0.803933	
1	-2.490234	1.143373	-0.216122	-0.803933	
1	-2.441406	1.159139	-0.191934	-0.812844	
1	-2.441406	1.159139	-0.191934	-0.812844	
1	-2.400384	1.171875	-0.171935	-0.820397	
1	-2.400384	1.171875	-0.171935	-0.820397	
1	-2.392578	1.174324	-0.168179	-0.821835	
1	-2.392578	1.174324	-0.168179	-0.821835	
1	-2.343750	1.189022	-0.144880	-0.830891	
1	-2.343750	1.189022	-0.144880	-0.830891	
1	-2.294922	1.203125	-0.122018	-0.840014	
1	-2.294922	1.203125	-0.122018	-0.840014	
1	-2.246094	1.216644	-0.099597	-0.849193	
1	-2.246094	1.216644	-0.099597	-0.849193	
1	-2.230733	1.220703	-0.092620	-0.852098	
1	-2.230733	1.220703	-0.092620	-0.852098	
1	-2.197266	1.229663	-0.077640	-0.858414	
1	-2.197266	1.229663	-0.077640	-0.858414	
1	-2.148438	1.242136	-0.056140	-0.867670	
1	-2.148438	1.242136	-0.056140	-0.867670	
1	-2.099609	1.254039	-0.035096	-0.876957	
1	-2.099609	1.254039	-0.035096	-0.876957	
1	-2.050781	1.265381	-0.014515	-0.886263	
1	-2.050781	1.265381	-0.014515	-0.886263	
1	-2.031891	1.269531	-0.006659	-0.889875	
1	-2.031891	1.269531	-0.006659	-0.889875	
1	-2.001953	1.276211	0.005589	-0.895574	
1	-2.001953	1.276211	0.005589	-0.895574	
1	-1.953125	1.286504	0.025215	-0.904882	
1	-1.953125	1.286504	0.025215	-0.904882	
1	-1.904297	1.296241	0.044363	-0.914180	
1	-1.904297	1.296241	0.044363	-0.914180	
1	-1.855469	1.305427	0.063025	-0.923455	
1	-1.855469	1.305427	0.063025	-0.923455	
1	-1.806641	1.314070	0.081195	-0.932695	
1	-1.806641	1.314070	0.081195	-0.932695	
1	-1.780596	1.318359	0.090703	-0.937616	
1	-1.780596	1.318359	0.090703	-0.937616	
1	-1.757812	1.322178	0.098864	-0.941889	
1	-1.757812	1.322178	0.098864	-0.941889	
1	-1.708984	1.329737	0.116029	-0.951025	
1	-1.708984	1.329737	0.116029	-0.951025	
1	-1.660156	1.336742	0.132684	-0.960090	
1	-1.660156	1.336742	0.132684	-0.960090	
1	-1.611328	1.343196	0.148821	-0.969073	
1	-1.611328	1.343196	0.148821	-0.969073	
1	-1.562500	1.349101	0.164433	-0.977958	
1	-1.562500	1.349101	0.164433	-0.977958	
1	-1.513672	1.354455	0.179511	-0.986731	
1	-1.513672	1.354455	0.179511	-0.986731	
1	-1.464844	1.359260	0.194047	-0.995376	
1	-1.464844	1.359260	0.194047	-0.995376	
1	-1.416016	1.363514	0.208034	-1.003879	
1	-1.416016	1.363514	0.208034	-1.003879	
1	-1.367516	1.367188	0.221374	-1.012166	
1	-1.367516	1.367188	0.221374	-1.012166	
1	-1.367188	1.367213	0.221463	-1.012222	
1	-1.367188	1.367213	0.221463	-1.012222	
1	-1.318359	1.370284	0.234336	-1.020396	
1	-1.318359	1.370284	0.234336	-1.020396	
1	-1.269531	1.372777	0.246637	-1.028377	
1	-1.269531	1.372777	0.246637	-1.028377	
1	-1.220703	1.374688	0.258354	-1.036147	
1	-1.220703	1.374688	0.258354	-1.036147	
1	-1.171875	1.376010	0.269477	-1.043685	
1	-1.171875	1.376010	0.269477	-1.043685	
1	-1.123047	1.376738	0.279997	-1.050970	
1	-1.123047	1.376738	0.279997	-1.050970	
1	-1.074219	1.376867	0.289903	-1.057981	
1	-1.074219	1.376867	0.289903	-1.057981	
1	-1.025391	1.376392	0.299182	-1.064693	
1	-1.025391	1.376392	0.299182	-1.064693	
1	-0.976562	1.375310	0.307823	-1.071082	
1	-0.976562	1.375310	0.307823	-1.071082	
1	-0.927734	1.373622	0.315813	-1.077120	
1	-0.927734	1.373622	0.315813	-1.077120	
1	-0.878906	1.371337	0.323137	-1.082780	
1	-0.878906	1.371337	0.323137	-1.082780	
1	-0.830078	1.368473	0.329779	-1.088030	
1	-0.830078	1.368473	0.329779	-1.088030	
1	-0.810622	1.367188	0.332232	-1.089999	
1	-0.810622	1.367188	0.332232	-1.089999	
1	-0.781250	1.364733	0.335755	-1.092861	
1	-0.781250	1.364733	0.335755	-1.092861	
1	-0.732422	1.360034	0.341046	-1.097240	
1	-0.732422	1.360034	0.341046	-1.097240	
1	-0.683594	1.354514	0.345619	-1.101116	
1	-0.683594	1.354514	0.345619	-1.101116	
1	-0.634766	1.348159	0.349452	-1.104447	
1	-0.634766	1.348159	0.349452	-1.104447	
1	-0.585938	1.340996	0.352521	-1.107185	
1	-0.585938	1.340996	0.352521	-1.107185	
1	-0.537109	1.333163	0.354796	-1.109279	
1	-0.537109	1.333163	0.354796	-1.109279	
1	-0.488281	1.325147	0.356253	-1.110673	
1	-0.488281	1.325147	0.356253	-1.110673	
1	-0.439453	1.318887	0.356881	-1.111327	
1	-0.439453	1.318887	0.356881	-1.111327	
1	-0.390625	1.328957	0.356867	-1.111233	
1	-0.390625	1.328957	0.356867	-1.111233	
1	-0.375572	1.367188	0.357084	-1.110222	
1	-0.375572	1.367188	0.357084	-1.110222	
1	-0.341797	1.392761	0.357368	-1.108686	
1	-0.341797	1.392761	0.357368	-1.108686	
1	-0.325135	1.416016	0.357724	-1.106957	
1	-0.325135	1.416016	0.357724	-1.106957	
1	-0.292969	1.442095	0.358303	-1.104257	
1	-0.292969	1.442095	0.358303	-1.104257	
1	-0.273107	1.464844	0.358908	-1.101586	
1	-0.273107	1.464844	0.358908	-1.101586	
1	-0.244141	1.488133	0.359709	-1.098179	
1	-0.244141	1.488133	0.359709	-1.098179	
1	-0.218948	1.513672	0.360713	-1.094094	
1	-0.218948	1.513672	0.360713	-1.094094	
1	-0.195312	1.532128	0.361598	-1.090607	
1	-0.195312	1.532128	0.361598	-1.090607	
1	-0.162427	1.562500	0.363219	-1.084457	
1	-0.162427	1.562500	0.363219	-1.084457	
1	-0.146484	1.574496	0.363973	-1.081678	
1	-0.146484	1.574496	0.363973	-1.081678	
1	-0.103353	1.611328	0.366513	-1.072643	
1	-0.103353	1.611328	0.366513	-1.072643	
1	-0.097656	1.615445	0.366840	-1.071513	
1	-0.097656	1.615445	0.366840	-1.071513	
1	-0.048828	1.654215	0.370139	-1.060413	
1	-0.048828	1.654215	0.370139	-1.060413	
1	-0.041960	1.660156	0.370682	-1.058640	
1	-0.041960	1.660156	0.370682	-1.058640	
1	0.000000	1.691407	0.373886	-1.048409	
1	0.000000	1.691407	0.373886	-1.048409	
1	0.022043	1.708984	0.375824	-1.042404	
1	0.022043	1.708984	0.375824	-1.042404	
1	0.048828	1.727831	0.378130	-1.035415	
1	0.048828	1.727831	0.378130	-1.035415	
1	0.089248	1.757812	0.382060	-1.023850	
1	0.089248	1.757812	0.382060	-1.023850	
1	0.097656	1.763421	0.382868	-1.021521	
1	0.097656	1.763421	0.382868	-1.021521	
1	0.146484	1.797359	0.388011	-1.007038	
1	0.146484	1.797359	0.388011	-1.007038	
1	0.159373	1.806641	0.389497	-1.002953	
1	0.159373	1.806641	0.389497	-1.002953	
1	0.195312	1.830199	0.393596	-0.991900	
1	0.195312	1.830199	0.393596	-0.991900	
1	0.232900	1.855469	0.398278	-0.979616	
1	0.232900	1.855469	0.398278	-0.979616	
1	0.244141	1.862440	0.399671	-0.976024	
1	0.244141	1.862440	0.399671	-0.976024	
1	0.292969	1.893362	0.406142	-0.959697	
1	0.292969	1.893362	0.406142	-0.959697	
1	0.309971	1.904297	0.408549	-0.953760	
1	0.309971	1.904297	0.408549	-0.953760	
1	0.341797	1.923367	0.413042	-0.942855	
1	0.341797	1.923367	0.413042	-0.942855	
1	0.390625	1.952823	0.420418	-0.925423	
1	0.390625	1.952823	0.420418	-0.925423	
1	0.391120	1.953125	0.420496	-0.925242	
1	0.391120	1.953125	0.420496	-0.925242	
1	0.439453	1.980858	0.428126	-0.907758	
1	0.439453	1.980858	0.428126	-0.907758	
1	0.476307	2.001953	0.434296	-0.893984	
1	0.476307	2.001953	0.434296	-0.893984	
1	0.488281	2.008454	0.436308	-0.889556	
1	0.488281	2.008454	0.436308	-0.889556	
1	0.537109	2.035008	0.444855	-0.871081	
1	0.537109	2.035008	0.444855	-0.871081	
1	0.566304	2.050781	0.450204	-0.859771	
1	0.566304	2.050781	0.450204	-0.859771	
1	0.585938	2.060918	0.453823	-0.852223	
1	0.585938	2.060918	0.453823	-0.852223	
1	0.634766	2.085983	0.463168	-0.833096	
1	0.634766	2.085983	0.463168	-0.833096	
1	0.661597	2.099609	0.468501	-0.822400	
1	0.661597	2.099609	0.468501	-0.822400	
1	0.683594	2.110358	0.472907	-0.813674	
1	0.683594	2.110358	0.472907	-0.813674	
1	0.732422	2.133962	0.483016	-0.794021	
1	0.732422	2.133962	0.483016	-0.794021	
1	0.762846	2.148438	0.489530	-0.781608	
1	0.762846	2.148438	0.489530	-0.781608	
1	0.781250	2.156915	0.493508	-0.774119	
1	0.781250	2.156915	0.493508	-0.774119	
1	0.830078	2.179111	0.504351	-0.754039	
1	0.830078	2.179111	0.504351	-0.754039	
1	0.870916	2.197266	0.513722	-0.737055	
1	0.870916	2.197266	0.513722	-0.737055	
1	0.878906	2.200724	0.515575	-0.733734	
1	0.878906	2.200724	0.515575	-0.733734	
1	0.927734	2.221575	0.527130	-0.713304	
1	0.927734	2.221575	0.527130	-0.713304	
1	0.976562	2.241867	0.539054	-0.692687	
1	0.976562	2.241867	0.539054	-0.692687	
1	0.986921	2.246094	0.541629	-0.688294	
1	0.986921	2.246094	0.541629	-0.688294	
1	1.025391	2.261469	0.551307	-0.671959	
1	1.025391	2.261469	0.551307	-0.671959	
1	1.074219	2.280475	0.563903	-0.651100	
1	1.074219	2.280475	0.563903	-0.651100	
1	1.112401	2.294922	0.573987	-0.634710	
1	1.112401	2.294922	0.573987	-0.634710	
1	1.123047	2.298885	0.576835	-0.630130	
1	1.123047	2.298885	0.576835	-0.630130	
1	1.171875	2.316671	0.590088	-0.609077	
1	1.171875	2.316671	0.590088	-0.609077	
1	1.220703	2.333882	0.603666	-0.587938	
1	1.220703	2.333882	0.603666	-0.587938	
1	1.249541	2.343750	0.611827	-0.575431	
1	1.249541	2.343750	0.611827	-0.575431	
1	1.269531	2.350512	0.617560	-0.566731	
1	1.269531	2.350512	0.617560	-0.566731	
1	1.318359	2.366571	0.631767	-0.545466	
1	1.318359	2.366571	0.631767	-0.545466	
1	1.367188	2.382059	0.646278	-0.524158	
1	1.367188	2.382059	0.646278	-0.524158	
1	1.401519	2.392578	0.656650	-0.509170	
1	1.401519	2.392578	0.656650	-0.509170	
1	1.416016	2.396988	0.661090	-0.502814	
1	1.416016	2.396988	0.661090	-0.502814	
1	1.464844	2.411384	0.676204	-0.481436	
1	1.464844	2.411384	0.676204	-0.481436	
1	1.513672	2.425219	0.691605	-0.460046	
1	1.513672	2.425219	0.691605	-0.460046	
1	1.562500	2.438496	0.707288	-0.438657	
1	1.562500	2.438496	0.707288	-0.438657	
1	1.573602	2.441406	0.710882	-0.433808	
1	1.573602	2.441406	0.710882	-0.433808	
1	1.611328	2.451271	0.723263	-0.417253	
1	1.611328	2.451271	0.723263	-0.417253	
1	1.660156	2.463513	0.739516	-0.395858	
1	1.660156	2.463513	0.739516	-0.395858	
1	1.708984	2.475209	0.756036	-0.374487	
1	1.708984	2.475209	0.756036	-0.374487	
1	1.757812	2.486363	0.772818	-0.353148	
1	1.757812	2.486363	0.772818	-0.353148	
1	1.775555	2.490234	0.778964	-0.345423	
1	1.775555	2.490234	0.778964	-0.345423	
1	1.806641	2.497027	0.789874	-0.331825	
1	1.806641	2.497027	0.789874	-0.331825	
1	1.855469	2.507183	0.807194	-0.310536	
1	1.855469	2.507183	0.807194	-0.310536	
1	1.904297	2.516807	0.824763	-0.289297	
1	1.904297	2.516807	0.824763	-0.289297	
1	1.953125	2.525900	0.842578	-0.268116	
1	1.953125	2.525900	0.842578	-0.268116	
1	2.001953	2.534466	0.860633	-0.246997	
1	2.001953	2.534466	0.860633	-0.246997	
1	2.029820	2.539062	0.871024	-0.234998	
1	2.029820	2.539062	0.871024	-0.234998	
1	2.050781	2.542538	0.878937	-0.225934	
1	2.050781	2.542538	0.878937	-0.225934	
1	2.099609	2.550122	0.897488	-0.204928	
1	2.099609	2.550122	0.897488	-0.204928	
1	2.148438	2.557182	0.916267	-0.184003	
1	2.148438	2.557182	0.916267	-0.184003	
1	2.197266	2.563717	0.935272	-0.163161	
1	2.197266	2.563717	0.935272	-0.163161	
1	2.246094	2.569730	0.954498	-0.142409	
1	2.246094	2.569730	0.954498	-0.142409	
1	2.294922	2.575221	0.973941	-0.121750	
1	2.294922	2.575221	0.973941	-0.121750	
1	2.343750	2.580188	0.993598	-0.101190	
1	2.343750	2.580188	0.993598	-0.101190	
1	2.392578	2.584631	1.013464	-0.080732	
1	2.392578	2.584631	1.013464	-0.080732	
1	2.433211	2.587891	1.030140	-0.063803	
1	2.433211	2.587891	1.030140	-0.063803	
1	2.441406	2.588554	1.033539	-0.060379	
1	2.441406	2.588554	1.033539	-0.060379	
1	2.490234	2.591972	1.053825	-0.040128	
1	2.490234	2.591972	1.053825	-0.040128	
1	2.539062	2.594854	1.074306	-0.019997	
1	2.539062	2.594854	1.074306	-0.019997	
1	2.587891	2.597195	1.094980	0.000012	
1	2.587891	2.597195	1.094980	0.000012	
1	2.636719	2.598992	1.115840	0.019893	
1	2.636719	2.598992	1.115840	0.019893	
1	2.685547	2.600239	1.136884	0.039642	
1	2.685547	2.600239	1.136884	0.039642	
1	2.734375	2.600930	1.158106	0.059255	
1	2.734375	2.600930	1.158106	0.059255	
1	2.783203	2.601058	1.179501	0.078726	
1	2.783203	2.601058	1.179501	0.078726	
1	2.832031	2.600617	1.201066	0.098051	
1	2.832031	2.600617	1.201066	0.098051	
1	2.880859	2.599596	1.222795	0.117225	
1	2.880859	2.599596	1.222795	0.117225	
1	2.929688	2.597988	1.244683	0.136244	
1	2.929688	2.597988	1.244683	0.136244	
1	2.978516	2.595781	1.266725	0.155103	
1	2.978516	2.595781	1.266725	0.155103	
1	3.027344	2.592964	1.288915	0.173796	
1	3.027344	2.592964	1.288915	0.173796	
1	3.076172	2.589525	1.311249	0.192319	
1	3.076172	2.589525	1.311249	0.192319	
1	3.095859	2.587891	1.320265	0.199715	
1	3.095859	2.587891	1.320265	0.199715	
1	3.125000	2.585463	1.333724	0.210670	
1	3.125000	2.585463	1.333724	0.210670	
1	3.173828	2.580757	1.356334	0.228843	
1	3.173828	2.580757	1.356334	0.228843	
1	3.222656	2.575386	1.379070	0.246830	
1	3.222656	2.575386	1.379070	0.246830	
1	3.271484	2.569332	1.401924	0.264626	
1	3.271484	2.569332	1.401924	0.264626	
1	3.320312	2.562576	1.424891	0.282225	
1	3.320312	2.562576	1.424891	0.282225	
1	3.369141	2.555099	1.447964	0.299623	
1	3.369141	2.555099	1.447964	0.299623	
1	3.417969	2.546880	1.471138	0.316813	
1	3.417969	2.546880	1.471138	0.316813	
1	3.460534	2.539062	1.491402	0.331616	
1	3.460534	2.539062	1.491402	0.331616	
1	3.466797	2.537899	1.494404	0.333791	
1	3.466797	2.537899	1.494404	0.333791	
1	3.515625	2.528126	1.517755	0.350549	
1	3.515625	2.528126	1.517755	0.350549	
1	3.564453	2.517531	1.541182	0.367081	
1	3.564453	2.517531	1.541182	0.367081	
1	3.613281	2.506088	1.564678	0.383382	
1	3.613281	2.506088	1.564678	0.383382	
1	3.662109	2.493769	1.588236	0.399446	
1	3.662109	2.493769	1.588236	0.399446	
1	3.675294	2.490234	1.594585	0.403728	
1	3.675294	2.490234	1.594585	0.403728	
1	3.710938	2.480505	1.611834	0.415258	
1	3.710938	2.480505	1.611834	0.415258	
1	3.759766	2.466272	1.635468	0.430815	
1	3.759766	2.466272	1.635468	0.430815	
1	3.808594	2.451047	1.659137	0.446114	
1	3.808594	2.451047	1.659137	0.446114	
1	3.837744	2.441406	1.673255	0.455107	
1	3.837744	2.441406	1.673255	0.455107	
1	3.857422	2.434747	1.682815	0.461140	
1	3.857422	2.434747	1.682815	0.461140	
1	3.906250	2.417288	1.706478	0.475876	
1	3.906250	2.417288	1.706478	0.475876	
1	3.955078	2.398693	1.730146	0.490334	
1	3.955078	2.398693	1.730146	0.490334	
1	3.970361	2.392578	1.737533	0.494788	
1	3.970361	2.392578	1.737533	0.494788	
1	4.003906	2.378770	1.753756	0.504474	
1	4.003906	2.378770	1.753756	0.504474	
1	4.052734	2.357518	1.777322	0.518306	
1	4.052734	2.357518	1.777322	0.518306	
1	4.082740	2.343750	1.791769	0.526644	
1	4.082740	2.343750	1.791769	0.526644	
1	4.101562	2.334825	1.800815	0.531810	
1	4.101562	2.334825	1.800815	0.531810	
1	4.150391	2.310525	1.824191	0.544963	
1	4.150391	2.310525	1.824191	0.544963	
1	4.180174	2.294922	1.838405	0.552819	
1	4.180174	2.294922	1.838405	0.552819	
1	4.199219	2.284563	1.847451	0.557763	
1	4.199219	2.284563	1.847451	0.557763	
1	4.248047	2.256726	1.870539	0.570181	
1	4.248047	2.256726	1.870539	0.570181	
1	4.265878	2.246094	1.878932	0.574622	
1	4.265878	2.246094	1.878932	0.574622	
1	4.296875	2.226803	1.893406	0.582189	
1	4.296875	2.226803	1.893406	0.582189	
1	4.342047	2.197266	1.914393	0.592949	
1	4.342047	2.197266	1.914393	0.592949	
1	4.345703	2.194759	1.916073	0.593799	
1	4.345703	2.194759	1.916073	0.593799	
1	4.394531	2.159983	1.938361	0.604920	
1	4.394531	2.159983	1.938361	0.604920	
1	4.410064	2.148438	1.945411	0.608375	
1	4.410064	2.148438	1.945411	0.608375	
1	4.443359	2.122342	1.960273	0.615556	
1	4.443359	2.122342	1.960273	0.615556	
1	4.471193	2.099609	1.972619	0.621414	
1	4.471193	2.099609	1.972619	0.621414	
1	4.492188	2.081434	1.981730	0.625671	
1	4.492188	2.081434	1.981730	0.625671	
1	4.526269	2.050781	1.996418	0.632415	
1	4.526269	2.050781	1.996418	0.632415	
1	4.541016	2.036645	2.002596	0.635205	
1	4.541016	2.036645	2.002596	0.635205	
1	4.575950	2.001953	2.017125	0.641655	
1	4.575950	2.001953	2.017125	0.641655	
1	4.589844	1.987157	2.022695	0.644084	
1	4.589844	1.987157	2.022695	0.644084	
1	4.620781	1.953125	2.035008	0.649362	
1	4.620781	1.953125	2.035008	0.649362	
1	4.638672	1.931875	2.041799	0.652218	
1	4.638672	1.931875	2.041799	0.652218	
1	4.661212	1.904297	2.050295	0.655729	
1	4.661212	1.904297	2.050295	0.655729	
1	4.687500	1.869301	2.059612	0.659498	
1	4.687500	1.869301	2.059612	0.659498	
1	4.697614	1.855469	2.063173	0.660914	
1	4.697614	1.855469	2.063173	0.660914	
1	4.730284	1.806641	2.073790	0.665046	
1	4.730284	1.806641	2.073790	0.665046	
1	4.736328	1.796716	2.075556	0.665720	
1	4.736328	1.796716	2.075556	0.665720	
1	4.759484	1.757812	2.082282	0.668242	
1	4.759484	1.757812	2.082282	0.668242	
1	4.785156	1.709547	2.088700	0.670578	
1	4.785156	1.709547	2.088700	0.670578	
1	4.785449	1.708984	2.088773	0.670604	
1	4.785449	1.708984	2.088773	0.670604	
1	4.808367	1.660156	2.093360	0.672218	
1	4.808367	1.660156	2.093360	0.672218	
1	4.828402	1.611328	2.096130	0.673161	
1	4.828402	1.611328	2.096130	0.673161	
1	4.833984	1.595744	2.096459	0.673270	
1	4.833984	1.595744	2.096459	0.673270	
1	4.845713	1.562500	2.097172	0.673504	
1	4.845713	1.562500	2.097172	0.673504	
1	4.860423	1.513672	2.096550	0.673308	
1	4.860423	1.513672	2.096550	0.673308	
1	4.872638	1.464844	2.094321	0.672628	
1	4.872638	1.464844	2.094321	0.672628	
1	4.882459	1.416016	2.090542	0.671514	
1	4.882459	1.416016	2.090542	0.671514	
1	4.882812	1.413745	2.090291	0.671441	
1	4.882812	1.413745	2.090291	0.671441	
1	4.890007	1.367188	2.085289	0.670021	
1	4.890007	1.367188	2.085289	0.670021	
1	4.895336	1.318359	2.078588	0.668186	
1	4.895336	1.318359	2.078588	0.668186	
1	4.898519	1.269531	2.070480	0.666048	
1	4.898519	1.269531	2.070480	0.666048	
1	4.899619	1.220703	2.061004	0.663646	
1	4.899619	1.220703	2.061004	0.663646	
1	4.898695	1.171875	2.050196	0.661014	
1	4.898695	1.171875	2.050196	0.661014	
1	4.895796	1.123047	2.038087	0.658186	
1	4.895796	1.123047	2.038087	0.658186	
1	4.890965	1.074219	2.024704	0.655191	
1	4.890965	1.074219	2.024704	0.655191	
1	4.884238	1.025391	2.010070	0.652059	
1	4.884238	1.025391	2.010070	0.652059	
1	4.882812	1.017324	2.007419	0.651506	
1	4.882812	1.017324	2.007419	0.651506	
1	4.875690	0.976562	1.994243	0.648824	
1	4.875690	0.976562	1.994243	0.648824	
1	4.865325	0.927734	1.977222	0.645509	
1	4.865325	0.927734	1.977222	0.645509	
1	4.853151	0.878906	1.959012	0.642137	
1	4.853151	0.878906	1.959012	0.642137	
1	4.839183	0.830078	1.939623	0.638731	
1	4.839183	0.830078	1.939623	0.638731	
1	4.833984	0.813979	1.932800	0.637576	
1	4.833984	0.813979	1.932800	0.637576	
1	4.823500	0.781250	1.919124	0.635325	
1	4.823500	0.781250	1.919124	0.635325	
1	4.806085	0.732422	1.897502	0.631937	
1	4.806085	0.732422	1.897502	0.631937	
1	4.786899	0.683594	1.874727	0.628584	
1	4.786899	0.683594	1.874727	0.628584	
1	4.785156	0.679528	1.872721	0.628300	
1	4.785156	0.679528	1.872721	0.628300	
1	4.766075	0.634766	1.850915	0.625305	
1	4.766075	0.634766	1.850915	0.625305	
1	4.743492	0.585938	1.825970	0.622106	
1	4.743492	0.585938	1.825970	0.622106	
1	4.736328	0.571551	1.818254	0.621164	
1	4.736328	0.571551	1.818254	0.621164	
1	4.719246	0.537109	1.799980	0.619020	
1	4.719246	0.537109	1.799980	0.619020	
1	4.693262	0.488281	1.772891	0.616062	
1	4.693262	0.488281	1.772891	0.616062	
1	4.687500	0.478121	1.766998	0.615452	
1	4.687500	0.478121	1.766998	0.615452	
1	4.665621	0.439453	1.744781	0.613262	
1	4.665621	0.439453	1.744781	0.613262	
1	4.638672	0.394709	1.717993	0.610840	
1	4.638672	0.394709	1.717993	0.610840	
1	4.636215	0.390625	1.715569	0.610633	
1	4.636215	0.390625	1.715569	0.610633	
1	4.605155	0.341797	1.685363	0.608207	
1	4.605155	0.341797	1.685363	0.608207	
1	4.589844	0.319008	1.670715	0.607135	
1	4.589844	0.319008	1.670715	0.607135	
1	4.572340	0.292969	1.654092	0.606000	
1	4.572340	0.292969	1.654092	0.606000	
1	4.541016	0.248740	1.624788	0.604206	
1	4.541016	0.248740	1.624788	0.604206	
1	4.537753	0.244141	1.621758	0.604036	
1	4.537753	0.244141	1.621758	0.604036	
1	4.501445	0.195312	1.588423	0.602342	
1	4.501445	0.195312	1.588423	0.602342	
1	4.492188	0.183418	1.580023	0.601967	
1	4.492188	0.183418	1.580023	0.601967	
1	4.463348	0.146484	1.554050	0.600939	
1	4.463348	0.146484	1.554050	0.600939	
1	4.443359	0.121983	1.536248	0.600348	
1	4.443359	0.121983	1.536248	0.600348	
1	4.423425	0.097656	1.518630	0.599853	
1	4.423425	0.097656	1.518630	0.599853	
1	4.394531	0.063826	1.493350	0.599297	
1	4.394531	0.063826	1.493350	0.599297	
1	4.381652	0.048828	1.482167	0.599108	
1	4.381652	0.048828	1.482167	0.599108	
1	4.345703	0.008574	1.451242	0.598770	
1	4.345703	0.008574	1.451242	0.598770	
1	4.337996	0.000000	1.444663	0.598733	
1	4.337996	0.000000	1.444663	0.598733	
1	4.296875	-0.044088	1.409858	0.598733	
1	4.296875	-0.044088	1.409858	0.598733	
1	4.292420	-0.048828	1.406117	0.598753	
1	4.292420	-0.048828	1.406117	0.598753	
1	4.248047	-0.094428	1.369144	0.599155	
1	4.248047	-0.094428	1.369144	0.599155	
1	4.244878	-0.097656	1.366524	0.599198	
1	4.244878	-0.097656	1.366524	0.599198	
1	4.199219	-0.142673	1.329055	0.600012	
1	4.199219	-0.142673	1.329055	0.600012	
1	4.195315	-0.146484	1.325877	0.600098	
1	4.195315	-0.146484	1.325877	0.600098	
1	4.150391	-0.189018	1.289557	0.601279	
1	4.150391	-0.189018	1.289557	0.601279	
1	4.143668	-0.195312	1.284165	0.601485	
1	4.143668	-0.195312	1.284165	0.601485	
1	4.101562	-0.233627	1.250618	0.602939	
1	4.101562	-0.233627	1.250618	0.602939	
1	4.089866	-0.244141	1.241375	0.603392	
1	4.089866	-0.244141	1.241375	0.603392	
1	4.052734	-0.276641	1.212217	0.604972	
1	4.052734	-0.276641	1.212217	0.604972	
1	4.033828	-0.292969	1.197491	0.605856	
1	4.033828	-0.292969	1.197491	0.605856	
1	4.003906	-0.318179	1.174332	0.607363	
1	4.003906	-0.318179	1.174332	0.607363	
1	3.975464	-0.341797	1.152498	0.608915	
1	3.975464	-0.341797	1.152498	0.608915	
1	3.955078	-0.358341	1.136946	0.610098	
1	3.955078	-0.358341	1.136946	0.610098	
1	3.914672	-0.390625	1.106378	0.612610	
1	3.914672	-0.390625	1.106378	0.612610	
1	3.906250	-0.397214	1.100045	0.613162	
1	3.906250	-0.397214	1.100045	0.613162	
1	3.857422	-0.434838	1.063615	0.616544	
1	3.857422	-0.434838	1.063615	0.616544	
1	3.851342	-0.439453	1.059111	0.616986	
1	3.851342	-0.439453	1.059111	0.616986	
1	3.808594	-0.471281	1.027643	0.620232	
1	3.808594	-0.471281	1.027643	0.620232	
1	3.785333	-0.488281	1.010668	0.622093	
1	3.785333	-0.488281	1.010668	0.622093	
1	3.759766	-0.506644	0.992124	0.624214	
1	3.759766	-0.506644	0.992124	0.624214	
1	3.716506	-0.537109	0.961029	0.627981	
1	3.716506	-0.537109	0.961029	0.627981	
1	3.710938	-0.540970	0.957051	0.628482	
1	3.710938	-0.540970	0.957051	0.628482	
1	3.662109	-0.574271	0.922412	0.633025	
1	3.662109	-0.574271	0.922412	0.633025	
1	3.644656	-0.585938	0.910135	0.634713	
1	3.644656	-0.585938	0.910135	0.634713	
1	3.613281	-0.606623	0.888205	0.637833	
1	3.613281	-0.606623	0.888205	0.637833	
1	3.569620	-0.634766	0.857979	0.642351	
1	3.569620	-0.634766	0.857979	0.642351	
1	3.564453	-0.638056	0.854425	0.642899	
1	3.564453	-0.638056	0.854425	0.642899	
1	3.515625	-0.668600	0.821067	0.648213	
1	3.515625	-0.668600	0.821067	0.648213	
1	3.491092	-0.683594	0.804462	0.650975	
1	3.491092	-0.683594	0.804462	0.650975	
1	3.466797	-0.698292	0.788128	0.653767	
1	3.466797	-0.698292	0.788128	0.653767	
1	3.417969	-0.727149	0.755605	0.659555	
1	3.417969	-0.727149	0.755605	0.659555	
1	3.408860	-0.732422	0.749580	0.660660	
1	3.408860	-0.732422	0.749580	0.660660	
1	3.369141	-0.755224	0.723498	0.665566	
1	3.369141	-0.755224	0.723498	0.665566	
1	3.322554	-0.781250	0.693244	0.671504	
1	3.322554	-0.781250	0.693244	0.671504	
1	3.320312	-0.782494	0.691799	0.671795	
1	3.320312	-0.782494	0.691799	0.671795	
1	3.271484	-0.809048	0.660517	0.678232	
1	3.271484	-0.809048	0.660517	0.678232	
1	3.231692	-0.830078	0.635318	0.683630	
1	3.231692	-0.830078	0.635318	0.683630	
1	3.222656	-0.834831	0.629640	0.684873	
1	3.222656	-0.834831	0.629640	0.684873	
1	3.173828	-0.859934	0.599178	0.691708	
1	3.173828	-0.859934	0.599178	0.691708	
1	3.135832	-0.878906	0.575744	0.697160	
1	3.135832	-0.878906	0.575744	0.697160	
1	3.125000	-0.884301	0.569119	0.698732	
1	3.125000	-0.884301	0.569119	0.698732	
1	3.076172	-0.908024	0.539477	0.705936	
1	3.076172	-0.908024	0.539477	0.705936	
1	3.034339	-0.927734	0.514394	0.712249	
1	3.034339	-0.927734	0.514394	0.712249	
1	3.027344	-0.931028	0.510237	0.713315	
1	3.027344	-0.931028	0.510237	0.713315	
1	2.978516	-0.953437	0.481418	0.720859	
1	2.978516	-0.953437	0.481418	0.720859	
1	2.929688	-0.975130	0.452999	0.728566	
1	2.929688	-0.975130	0.452999	0.728566	
1	2.926373	-0.976562	0.451082	0.729096	
1	2.926373	-0.976562	0.451082	0.729096	
1	2.880859	-0.996272	0.425007	0.736422	
1	2.880859	-0.996272	0.425007	0.736422	
1	2.832031	-1.016731	0.397420	0.744427	
1	2.832031	-1.016731	0.397420	0.744427	
1	2.810709	-1.025391	0.385488	0.747971	
1	2.810709	-1.025391	0.385488	0.747971	
1	2.783203	-1.036603	0.370254	0.752569	
1	2.783203	-1.036603	0.370254	0.752569	
1	2.734375	-1.055876	0.343507	0.760842	
1	2.734375	-1.055876	0.343507	0.760842	
1	2.686257	-1.074219	0.317548	0.769122	
1	2.686257	-1.074219	0.317548	0.769122	
1	2.685547	-1.074491	0.317169	0.769244	
1	2.685547	-1.074491	0.317169	0.769244	
1	2.636719	-1.092617	0.291273	0.777757	
1	2.636719	-1.092617	0.291273	0.777757	
1	2.587891	-1.110101	0.265792	0.786383	
1	2.587891	-1.110101	0.265792	0.786383	
1	2.550392	-1.123047	0.246495	0.793084	
1	2.550392	-1.123047	0.246495	0.793084	
1	2.539062	-1.126990	0.240735	0.795113	
1	2.539062	-1.126990	0.240735	0.795113	
1	2.490234	-1.143373	0.216122	0.803933	
1	2.490234	-1.143373	0.216122	0.803933	
1	2.441406	-1.159139	0.191934	0.812844	
1	2.441406	-1.159139	0.191934	0.812844	
1	2.400384	-1.171875	0.171935	0.820397	
1	2.400384	-1.171875	0.171935	0.820397	
1	2.392578	-1.174324	0.168179	0.821835	
1	2.392578	-1.174324	0.168179	0.821835	
1	2.343750	-1.189022	0.144880	0.830891	
1	2.343750	-1.189022	0.144880	0.830891	
1	2.294922	-1.203125	0.122018	0.840014	
1	2.294922	-1.203125	0.122018	0.840014	
1	2.246094	-1.216644	0.099597	0.849193	
1	2.246094	-1.216644	0.099597	0.849193	
1	2.230733	-1.220703	0.092620	0.852098	
1	2.230733	-1.220703	0.092620	0.852098	
1	2.197266	-1.229663	0.077640	0.858414	
1	2.197266	-1.229663	0.077640	0.858414	
1	2.148438	-1.242136	0.056140	0.867670	
1	2.148438	-1.242136	0.056140	0.867670	
1	2.099609	-1.254039	0.035096	0.876957	
1	2.099609	-1.254039	0.035096	0.876957	
1	2.050781	-1.265381	0.014515	0.886263	
1	2.050781	-1.265381	0.014515	0.886263	
1	2.031891	-1.269531	0.006659	0.889875	
1	2.031891	-1.269531	0.006659	0.889875	
1	2.001953	-1.276211	-0.005589	0.895574	
1	2.001953	-1.276211	-0.005589	0.895574	
1	1.953125	-1.286504	-0.025215	0.904882	
1	1.953125	-1.286504	-0.025215	0.904882	
1	1.904297	-1.296241	-0.044363	0.914180	
1	1.904297	-1.296241	-0.044363	0.914180	
1	1.855469	-1.305427	-0.063025	0.923455	
1	1.855469	-1.305427	-0.063025	0.923455	
1	1.806641	-1.314070	-0.081195	0.932695	
1	1.806641	-1.314070	-0.081195	0.932695	
1	1.780596	-1.318359	-0.090703	0.937616	
1	1.780596	-1.318359	-0.090703	0.937616	
1	1.757812	-1.322178	-0.098864	0.941889	
1	1.757812	-1.322178	-0.098864	0.941889	
1	1.708984	-1.329737	-0.116029	0.951025	
1	1.708984	-1.329737	-0.116029	0.951025	
1	1.660156	-1.336742	-0.132684	0.960090	
1	1.660156	-1.336742	-0.132684	0.960090	
1	1.611328	-1.343196	-0.148821	0.969073	
1	1.611328	-1.343196	-0.148821	0.969073	
1	1.562500	-1.349101	-0.164433	0.977958	
1	1.562500	-1.349101	-0.164433	0.977958	
1	1.513672	-1.354455	-0.179511	0.986731	
1	1.513672	-1.354455	-0.179511	0.986731	
1	1.464844	-1.359260	-0.194047	0.995376	
1	1.464844	-1.359260	-0.194047	0.995376	
1	1.416016	-1.363514	-0.208034	1.003879	
1	1.416016	-1.363514	-0.208034	1.003879	
1	1.367516	-1.367188	-0.221374	1.012166	
1	1.367516	-1.367188	-0.221374	1.012166	
1	1.367188	-1.367213	-0.221463	1.012222	
1	1.367188	-1.367213	-0.221463	1.012222	
1	1.318359	-1.370284	-0.234336	1.020396	
1	1.318359	-1.370284	-0.234336	1.020396	
1	1.269531	-1.372777	-0.246637	1.028377	
1	1.269531	-1.372777	-0.246637	1.028377	
1	1.220703	-1.374688	-0.258354	1.036147	
1	1.220703	-1.374688	-0.258354	1.036147	
1	1.171875	-1.376010	-0.269477	1.043685	
1	1.171875	-1.376010	-0.269477	1.043685	
1	1.123047	-1.376738	-0.279997	1.050970	
1	1.123047	-1.376738	-0.279997	1.050970	
1	1.074219	-1.376867	-0.289903	1.057981	
1	1.074219	-1.376867	-0.289903	1.057981	
1	1.025391	-1.376392	-0.299182	1.064693	
1	1.025391	-1.376392	-0.299182	1.064693	
1	0.976562	-1.375310	-0.307823	1.071082	
1	0.976562	-1.375310	-0.307823	1.071082	
1	0.927734	-1.373622	-0.315813	1.077120	
1	0.927734	-1.373622	-0.315813	1.077120	
1	0.878906	-1.371337	-0.323137	1.082780	
1	0.878906	-1.371337	-0.323137	1.082780	
1	0.830078	-1.368473	-0.329779	1.088030	
1	0.830078	-1.368473	-0.329779	1.088030	
1	0.810622	-1.367188	-0.332232	1.089999	
1	0.810622	-1.367188	-0.332232	1.089999	
1	0.781250	-1.364733	-0.335755	1.092861	
1	0.781250	-1.364733	-0.335755	1.092861	
1	0.732422	-1.360034	-0.341046	1.097240	
1	0.732422	-1.360034	-0.341046	1.097240	
1	0.683594	-1.354514	-0.345619	1.101116	
1	0.683594	-1.354514	-0.345619	1.101116	
1	0.634766	-1.348159	-0.349452	1.104447	
1	0.634766	-1.348159	-0.349452	1.104447	
1	0.585938	-1.340996	-0.352521	1.107185	
1	0.585938	-1.340996	-0.352521	1.107185	
1	0.537109	-1.333163	-0.354796	1.109279	
1	0.537109	-1.333163	-0.354796	1.109279	
1	0.488281	-1.325147	-0.356253	1.110673	
1	0.488281	-1.325147	-0.356253	1.110673	
1	0.439453	-1.318887	-0.356881	1.111327	
1	0.439453	-1.318887	-0.356881	1.111327	
1	0.390625	-1.328957	-0.356867	1.111233	
1	0.390625	-1.328957	-0.356867	1.111233	
1	0.375572	-1.367188	-0.357084	1.110222	
1	0.375572	-1.367188	-0.357084	1.110222	
1	0.341797	-1.392761	-0.357368	1.108686	
1	0.341797	-1.392761	-0.357368	1.108686	
1	0.325135	-1.416016	-0.357724	1.106957	
1	0.325135	-1.416016	-0.357724	1.106957	
1	0.292969	-1.442095	-0.358303	1.104257	
1	0.292969	-1.442095	-0.358303	1.104257	
1	0.273107	-1.464844	-0.358908	1.101586	
1	0.273107	-1.464844	-0.358908	1.101586	
1	0.244141	-1.488133	-0.359709	1.098179	
1	0.244141	-1.488133	-0.359709	1.098179	
1	0.218948	-1.513672	-0.360713	1.094094	
1	0.218948	-1.513672	-0.360713	1.094094	
1	0.195312	-1.532128	-0.361598	1.090607	
1	0.195312	-1.532128	-0.361598	1.090607	
1	0.162427	-1.562500	-0.363219	1.084457	
1	0.162427	-1.562500	-0.363219	1.084457	
1	0.146484	-1.574496	-0.363973	1.081678	
1	0.146484	-1.574496	-0.363973	1.081678	
1	0.103353	-1.611328	-0.366513	1.072643	
1	0.103353	-1.611328	-0.366513	1.072643	
1	0.097656	-1.615445	-0.366840	1.071513	
1	0.097656	-1.615445	-0.366840	1.071513	
1	0.048828	-1.654215	-0.370139	1.060413	
1	0.048828	-1.654215	-0.370139	1.060413	
1	0.041960	-1.660156	-0.370682	1.058640	
1	0.041960	-1.660156	-0.370682	1.058640	
1	0.000000	-1.691407	-0.373886	1.048409	
1	0.000000	-1.691407	-0.373886	1.048409	
1	-0.022043	-1.708984	-0.375824	1.042404	
1	-0.022043	-1.708984	-0.375824	1.042404	
1	-0.048828	-1.727831	-0.378130	1.035415	
1	-0.048828	-1.727831	-0.378130	1.035415	
1	-0.089248	-1.757812	-0.382060	1.023850	
1	-0.089248	-1.757812	-0.382060	1.023850	
1	-0.097656	-1.763421	-0.382868	1.021521	
1	-0.097656	-1.763421	-0.382868	1.021521	
1	-0.146484	-1.797359	-0.388011	1.007038	
1	-0.146484	-1.797359	-0.388011	1.007038	
1	-0.159373	-1.806641	-0.389497	1.002953	
1	-0.159373	-1.806641	-0.389497	1.002953	
1	-0.195312	-1.830199	-0.393596	0.991900	
1	-0.195312	-1.830199	-0.393596	0.991900	
1	-0.232900	-1.855469	-0.398278	0.979616	
1	-0.232900	-1.855469	-0.398278	0.979616	
1	-0.244141	-1.862440	-0.399671	0.976024	
1	-0.244141	-1.862440	-0.399671	0.976024	
1	-0.292969	-1.893362	-0.406142	0.959697	
1	-0.292969	-1.893362	-0.406142	0.959697	
1	-0.309971	-1.904297	-0.408549	0.953760	
1	-0.309971	-1.904297	-0.408549	0.953760	
1	-0.341797	-1.923367	-0.413042	0.942855	
1	-0.341797	-1.923367	-0.413042	0.942855	
1	-0.390625	-1.952823	-0.420418	0.925423	
1	-0.390625	-1.952823	-0.420418	0.925423	
1	-0.391120	-1.953125	-0.420496	0.925242	
1	-0.391120	-1.953125	-0.420496	0.925242	
1	-0.439453	-1.980858	-0.428126	0.907758	
1	-0.439453	-1.980858	-0.428126	0.907758	
1	-0.476307	-2.001953	-0.434296	0.893984	
1	-0.476307	-2.001953	-0.434296	0.893984	
1	-0.488281	-2.008454	-0.436308	0.889556	
1	-0.488281	-2.008454	-0.436308	0.889556	
1	-0.537109	-2.035008	-0.444855	0.871081	
1	-0.537109	-2.035008	-0.444855	0.871081	
1	-0.566304	-2.050781	-0.450204	0.859771	
1	-0.566304	-2.050781	-0.450204	0.859771	
1	-0.585938	-2.060918	-0.453823	0.852223	
1	-0.585938	-2.060918	-0.453823	0.852223	
1	-0.634766	-2.085983	-0.463168	0.833096	
1	-0.634766	-2.085983	-0.463168	0.833096	
1	-0.661597	-2.099609	-0.468501	0.822400	
1	-0.661597	-2.099609	-0.468501	0.822400	
1	-0.683594	-2.110358	-0.472907	0.813674	
1	-0.683594	-2.110358	-0.472907	0.813674	
1	-0.732422	-2.133962	-0.483016	0.794021	
1	-0.732422	-2.133962	-0.483016	0.794021	
1	-0.762846	-2.148438	-0.489530	0.781608	
1	-0.762846	-2.148438	-0.489530	0.781608	
1	-0.781250	-2.156915	-0.493508	0.774119	
1	-0.781250	-2.156915	-0.493508	0.774119	
1	-0.830078	-2.179111	-0.504351	0.754039	
1	-0.830078	-2.179111	-0.504351	0.754039	
1	-0.870916	-2.197266	-0.513722	0.737055	
1	-0.870916	-2.197266	-0.513722	0.737055	
1	-0.878906	-2.200724	-0.515575	0.733734	
1	-0.878906	-2.200724	-0.515575	0.733734	
1	-0.927734	-2.221575	-0.527130	0.713304	
1	-0.927734	-2.221575	-0.527130	0.713304	
1	-0.976562	-2.241867	-0.539054	0.692687	
1	-0.976562	-2.241867	-0.539054	0.692687	
1	-0.986921	-2.246094	-0.541629	0.688294	
1	-0.986921	-2.246094	-0.541629	0.688294	
1	-1.025391	-2.261469	-0.551307	0.671959	
1	-1.025391	-2.261469	-0.551307	0.671959	
1	-1.074219	-2.280475	-0.563903	0.651100	
1	-1.074219	-2.280475	-0.563903	0.651100	
1	-1.112401	-2.294922	-0.573987	0.634710	
1	-1.112401	-2.294922	-0.573987	0.634710	
1	-1.123047	-2.298885	-0.576835	0.630130	
1	-1.123047	-2.298885	-0.576835	0.630130	
1	-1.171875	-2.316671	-0.590088	0.609077	
1	-1.171875	-2.316671	-0.590088	0.609077	
1	-1.220703	-2.333882	-0.603666	0.587938	
1	-1.220703	-2.333882	-0.603666	0.587938	
1	-1.249541	-2.343750	-0.611827	0.575431	
1	-1.249541	-2.343750	-0.611827	0.575431	
1	-1.269531	-2.350512	-0.617560	0.566731	
1	-1.269531	-2.350512	-0.617560	0.566731	
1	-1.318359	-2.366571	-0.631767	0.545466	
1	-1.318359	-2.366571	-0.631767	0.545466	
1	-1.367188	-2.382059	-0.646278	0.524158	
1	-1.367188	-2.382059	-0.646278	0.524158	
1	-1.401519	-2.392578	-0.656650	0.509170	
1	-1.401519	-2.392578	-0.656650	0.509170	
1	-1.416016	-2.396988	-0.661090	0.502814	
1	-1.416016	-2.396988	-0.661090	0.502814	
1	-1.464844	-2.411384	-0.676204	0.481436	
1	-1.464844	-2.411384	-0.676204	0.481436	
1	-1.513672	-2.425219	-0.691605	0.460046	
1	-1.513672	-2.425219	-0.691605	0.460046	
1	-1.562500	-2.438496	-0.707288	0.438657	
1	-1.562500	-2.438496	-0.707288	0.438657	
1	-1.573602	-2.441406	-0.710882	0.433808	
1	-1.573602	-2.441406	-0.710882	0.433808	
1	-1.611328	-2.451271	-0.723263	0.417253	
1	-1.611328	-2.451271	-0.723263	0.417253	
1	-1.660156	-2.463513	-0.739516	0.395858	
1	-1.660156	-2.463513	-0.739516	0.395858	
1	-1.708984	-2.475209	-0.756036	0.374487	
1	-1.708984	-2.475209	-0.756036	0.374487	
1	-1.757812	-2.486363	-0.772818	0.353148	
1	-1.757812	-2.486363	-0.772818	0.353148	
1	-1.775555	-2.490234	-0.778964	0.345423	
1	-1.775555	-2.490234	-0.778964	0.345423	
1	-1.806641	-2.497027	-0.789874	0.331825	
1	-1.806641	-2.497027	-0.789874	0.331825	
1	-1.855469	-2.507183	-0.807194	0.310536	
1	-1.855469	-2.507183	-0.807194	0.310536	
1	-1.904297	-2.516807	-0.824763	0.289297	
1	-1.904297	-2.516807	-0.824763	0.289297	
1	-1.953125	-2.525900	-0.842578	0.268116	
1	-1.953125	-2.525900	-0.842578	0.268116	
1	-2.001953	-2.534466	-0.860633	0.246997	
1	-2.001953	-2.534466	-0.860633	0.246997	
1	-2.029820	-2.539062	-0.871024	0.234998	
1	-2.029820	-2.539062	-0.871024	0.234998	
1	-2.050781	-2.542538	-0.878937	0.225934	
1	-2.050781	-2.542538	-0.878937	0.225934	
1	-2.099609	-2.550122	-0.897488	0.204928	
1	-2.099609	-2.550122	-0.897488	0.204928	
1	-2.148438	-2.557182	-0.916267	0.184003	
1	-2.148438	-2.557182	-0.916267	0.184003	
1	-2.197266	-2.563717	-0.935272	0.163161	
1	-2.197266	-2.563717	-0.935272	0.163161	
1	-2.246094	-2.569730	-0.954498	0.142409	
1	-2.246094	-2.569730	-0.954498	0.142409	
1	-2.294922	-2.575221	-0.973941	0.121750	
1	-2.294922	-2.575221	-0.973941	0.121750	
1	-2.343750	-2.580188	-0.993598	0.101190	
1	-2.343750	-2.580188	-0.993598	0.101190	
1	-2.392578	-2.584631	-1.013464	0.080732	
1	-2.392578	-2.584631	-1.013464	0.080732	
1	-2.433211	-2.587891	-1.030140	0.063803	
1	-2.433211	-2.587891	-1.030140	0.063803	
1	-2.441406	-2.588554	-1.033539	0.060379	
1	-2.441406	-2.588554	-1.033539	0.060379	
1	-2.490234	-2.591972	-1.053825	0.040128	
1	-2.490234	-2.591972	-1.053825	0.040128	
1	-2.539062	-2.594854	-1.074306	0.019997	
1	-2.539062	-2.594854	-1.074306	0.019997	
