#REFERENCE 0 87.3042530 -62.0775650
7.1 87.3031328 -62.0772471 0.095012 0.094998 136.88292 1.5420 -0.00 
1.6 87.3049164 -62.0777493 0.116281 0.025905 119.61984 2.8469 0.79 
1.6 87.3042640 -62.0775565 0.008556 0.003712 130.14213 2.8469 5.73 
1.6 87.3051484 -62.0761391 0.119285 0.077924 80.85458 2.8469 -0.43 
1.6 87.3037430 -62.0770596 0.118809 0.084821 36.91215 2.8469 -0.52 
1.6 87.3024412 -62.0779470 0.078999 0.078999 113.83163 2.8469 0.00 
1.5 87.3052504 -62.0762166 0.354158 0.056404 56.62272 2.8469 -1.21 
1.5 87.3025287 -62.0779945 0.245055 0.048408 41.39002 2.8469 -0.64 
1.5 87.3038259 -62.0771245 0.248258 0.053224 66.46084 2.8469 -0.76 
1.5 87.3042605 -62.0775538 0.012141 0.005424 46.49361 2.8469 5.00 
1.5 87.3049658 -62.0777504 0.081001 0.080999 177.57346 2.8469 -0.00 
1.4 87.3024307 -62.0781121 0.096100 0.007762 16.63432 2.8469 2.31 
1.4 87.3042789 -62.0775353 0.009475 0.001519 162.87679 2.8469 6.59 
1.4 87.3041659 -62.0771928 0.075668 0.012327 124.96185 2.8469 2.06 
1.4 87.3051672 -62.0774969 0.085930 0.015410 64.95470 2.8469 1.68 
1.4 87.3052941 -62.0767488 0.079007 0.078988 134.37150 2.8469 0.00 
1.3 87.3049422 -62.0777161 0.116476 0.009007 116.05167 2.8469 2.86 
1.3 87.3042688 -62.0775549 0.009255 0.001286 128.19374 2.8469 7.73 
1.3 87.3050945 -62.0761518 0.108624 0.031914 108.59023 2.8469 1.56 
1.3 87.3037886 -62.0770390 0.109504 0.034454 4.87482 2.8469 1.47 
1.3 87.3023864 -62.0779550 0.078368 0.025678 125.95546 2.8469 2.15 
1.3 87.3031552 -62.0766582 0.160450 0.100644 64.42608 2.8469 -0.11 
1.3 87.3029611 -62.0765655 0.121014 0.120996 69.32801 2.8469 -0.00 
1.2 87.3050262 -62.0775819 0.106409 0.030305 90.45625 2.8469 0.98 
1.2 87.3042856 -62.0775450 0.011678 0.004042 139.28974 2.8469 5.56 
1.2 87.3050099 -62.0762904 0.151531 0.090446 64.36573 2.8469 -0.60 
1.2 87.3022763 -62.0780217 0.074819 0.048304 8.04416 2.8469 0.85 
1.2 87.3040591 -62.0770531 0.088997 0.088996 135.10472 2.8469 0.00 
1.1 87.3043446 -62.0775245 0.020960 0.002307 137.13931 2.8469 5.65 
1.1 87.3045328 -62.0769294 0.246811 0.071455 152.39669 2.8469 -0.75 
1.1 87.3048568 -62.0774334 0.064075 0.019232 47.41695 2.8469 2.14 
1.1 87.3036189 -62.0762935 0.145017 0.050037 2.33236 2.8469 0.21 
1.1 87.3020339 -62.0780412 0.030438 0.019023 137.25690 2.8469 2.96 
1.1 87.3045327 -62.0763136 0.108691 0.091532 50.07890 2.8469 -0.13 
1.1 87.3039374 -62.0765823 0.093995 0.093989 56.04786 2.8469 0.00 
6.4 87.3050712 -62.0775488 0.092999 0.027721 89.10820 2.9490 0.60 
6.4 87.3042860 -62.0775411 0.009941 0.003654 136.94292 2.9490 5.23 
6.4 87.3050746 -62.0763565 0.159620 0.070256 70.64463 2.9490 -0.99 
6.4 87.3022902 -62.0780565 0.062423 0.037179 12.56025 2.9490 0.72 
6.4 87.3041170 -62.0770924 0.066998 0.066996 169.17057 2.9490 0.00 
6.3 87.3024664 -62.0781446 0.091278 0.006114 18.86957 2.9490 2.33 
6.3 87.3041851 -62.0772301 0.064862 0.009428 120.83215 2.9490 2.23 
6.3 87.3042769 -62.0775307 0.008398 0.001580 169.87674 2.9490 6.39 
6.3 87.3052272 -62.0774429 0.075819 0.019648 59.53840 2.9490 1.26 
6.3 87.3053349 -62.0769041 0.068998 0.068996 32.47559 2.9490 0.00 
6.2 87.3053770 -62.0763427 0.390980 0.049123 62.24660 2.9490 -1.22 
6.2 87.3026192 -62.0780678 0.231775 0.037830 36.32295 2.9490 -0.37 
6.2 87.3039290 -62.0771915 0.190710 0.038564 72.97369 2.9490 -0.18 
6.2 87.3042570 -62.0775483 0.013068 0.004840 45.97356 2.9490 4.99 
6.2 87.3050686 -62.0777271 0.079000 0.078999 61.77554 2.9490 0.00 
6.1 87.3050170 -62.0777151 0.123665 0.024089 115.87694 2.9490 0.51 
6.1 87.3052346 -62.0762365 0.152454 0.061679 81.37331 2.9490 -0.74 
6.1 87.3042636 -62.0775512 0.008759 0.003564 122.55638 2.9490 5.46 
6.1 87.3038840 -62.0771237 0.092197 0.060041 24.65873 2.9490 -0.16 
6.1 87.3024878 -62.0780196 0.068999 0.068999 123.22061 2.9490 0.00 
8.2 87.3043194 -62.0775257 0.016962 0.000665 144.03280 3.0359 7.02 
8.2 87.3021281 -62.0780850 0.053292 0.004068 5.53702 3.0359 3.81 
8.2 87.3049958 -62.0774025 0.075821 0.007931 42.62017 3.0359 2.70 
8.2 87.3043788 -62.0770831 0.096878 0.010846 156.00080 3.0359 2.09 
8.2 87.3049383 -62.0765157 0.084981 0.084892 173.00832 3.0359 0.00 
8.1 87.3041261 -62.0762898 5.171290 0.048267 11.34889 3.0359 -3.75 
8.1 87.3043865 -62.0775022 0.028106 0.001331 132.15711 3.0359 5.81 
8.1 87.3045976 -62.0765575 0.269009 0.027352 64.36585 3.0359 0.08 
8.1 87.3039402 -62.0762791 0.182703 0.030085 20.77632 3.0359 0.40 
8.1 87.3047552 -62.0773846 0.055383 0.010424 14.64200 3.0359 2.84 
8.1 87.3019804 -62.0780776 0.020273 0.006425 106.12043 3.0359 4.46 
8.1 87.3041055 -62.0765450 0.097615 0.037186 107.19652 3.0359 0.85 
3.2 87.3028455 -62.0782569 0.179212 0.006711 20.26092 3.4170 1.65 
3.2 87.3041465 -62.0773725 0.105659 0.005545 88.33886 3.4170 2.43 
3.2 87.3056061 -62.0770933 0.233657 0.037534 76.93841 3.4170 -0.51 
3.2 87.3054845 -62.0774357 0.074001 0.073980 24.93511 3.4170 0.00 
3.1 87.3028245 -62.0782596 0.178338 0.002974 19.00027 3.4170 2.68 
3.1 87.3041571 -62.0773748 0.100827 0.002642 91.66810 3.4170 3.42 
3.1 87.3055685 -62.0771977 0.204925 0.037688 75.86850 3.4170 -0.23 
3.1 87.3055169 -62.0773460 0.079003 0.078910 18.44469 3.4170 0.00 
5.2 87.3028626 -62.0761642 0.192018 0.047818 143.55035 4.5000 -0.98 
5.2 87.3043044 -62.0775393 0.017302 0.004464 135.52630 4.5000 4.21 
5.2 87.3050252 -62.0775319 0.106057 0.033478 83.82020 4.5000 0.05 
5.2 87.3045689 -62.0759679 0.149865 0.070097 5.30834 4.5000 -1.13 
5.2 87.3019659 -62.0780425 0.061001 0.060999 2.37249 4.5000 -0.00 
5.1 87.3052763 -62.0774176 0.123684 0.003346 89.78332 4.5000 2.24 
5.1 87.3042833 -62.0775247 0.010822 0.000481 121.90101 4.5000 6.99 
5.1 87.3052296 -62.0763383 0.095061 0.010026 96.11159 4.5000 1.33 
5.1 87.3041962 -62.0772000 0.044300 0.005316 23.18309 4.5000 2.85 
5.1 87.3022800 -62.0781903 0.035697 0.004792 154.16261 4.5000 3.20 
5.1 87.3032486 -62.0764861 0.060067 0.053872 42.44595 4.5000 0.00 
5.1 87.3031767 -62.0764413 0.057020 0.056961 173.05835 4.5000 0.00 
4.2 87.3028545 -62.0761641 0.192278 0.047334 143.19886 4.5000 -0.97 
4.2 87.3043042 -62.0775397 0.017089 0.004432 135.82732 4.5000 4.23 
4.2 87.3050227 -62.0775348 0.104885 0.033215 83.87130 4.5000 0.07 
4.2 87.3045650 -62.0759642 0.149884 0.069211 4.98623 4.5000 -1.11 
4.2 87.3019637 -62.0780395 0.061001 0.061000 72.58488 4.5000 -0.00 
4.1 87.3052629 -62.0772267 0.319680 0.002057 88.29297 4.5000 1.92 
4.1 87.3052311 -62.0765062 0.327195 0.003926 85.21993 4.5000 1.19 
4.1 87.3042994 -62.0775124 0.016940 0.000242 121.53827 4.5000 7.43 
4.1 87.3042909 -62.0772255 0.051597 0.002214 35.37102 4.5000 3.82 
4.1 87.3022071 -62.0782064 0.036010 0.001818 158.92183 4.5000 4.42 
2.3 87.3028490 -62.0761670 0.190621 0.047348 142.92199 4.5000 -0.96 
2.3 87.3043036 -62.0775399 0.016882 0.004406 135.70667 4.5000 4.25 
2.3 87.3050245 -62.0775364 0.104935 0.032999 84.30204 4.5000 0.08 
2.3 87.3045732 -62.0759647 0.148110 0.069408 5.14414 4.5000 -1.10 
2.3 87.3019671 -62.0780396 0.061000 0.060999 101.41325 4.5000 0.00 
2.2 87.3041401 -62.0764243 0.095269 0.038337 96.15424 4.5000 0.86 
2.2 87.3019088 -62.0782211 0.011238 0.005918 67.25726 4.5000 5.21 
2.2 87.3041950 -62.0763201 0.090134 0.089853 16.38999 4.5000 0.00 
2.1 87.3043617 -62.0774604 0.087309 0.001335 115.91655 4.5000 4.38 
2.1 87.3020778 -62.0782242 0.037174 0.004402 167.01748 4.5000 4.01 
2.1 87.3035406 -62.0763615 0.097432 0.068363 16.12878 4.5000 -0.02 
2.1 87.3035873 -62.0764042 0.081005 0.080833 151.65749 4.5000 0.00 
