#REFERENCE 3 87.3042530 -62.0775650
7.2 1.003 2.305 0.028 0.001 29.55 1.542 6.02 -1.503 4.799 1.99 4.03
7.2 1.003 2.305 0.028 0.001 29.55 1.542 6.02 -0.167 -0.692 0.65 5.36
7.2 1.003 2.305 0.028 0.001 29.55 1.542 6.02 -0.000 -0.090 -2.73 8.75
7.1 1.001 2.281 0.026 0.011 40.13 1.542 3.70 -1.529 4.713 2.02 1.68
7.1 1.001 2.281 0.026 0.011 40.13 1.542 3.70 0.000 -0.080 -2.89 6.59
7.1 1.001 2.281 0.026 0.011 40.13 1.542 3.70 -0.188 -0.724 0.69 3.01
7.1 1.001 2.281 0.026 0.011 40.13 1.542 3.70 2.258 0.535 3.67 0.03
7.1 1.001 2.281 0.026 0.011 40.13 1.542 3.70 1.888 1.144 3.70 -0.00
1.6 1.296 2.048 0.050 0.022 139.54 2.847 1.90 -1.118 -0.664 1.10 0.79
1.6 1.296 2.048 0.050 0.022 139.54 2.847 1.90 -0.019 0.030 -3.84 5.73
1.6 1.296 2.048 0.050 0.022 139.54 2.847 1.90 -1.509 5.133 2.33 -0.43
1.6 1.296 2.048 0.050 0.022 139.54 2.847 1.90 0.860 1.820 2.42 -0.52
1.6 1.296 2.048 0.050 0.022 139.54 2.847 1.90 3.054 -1.375 1.90 0.00
1.5 1.257 1.998 0.070 0.030 34.56 2.847 1.22 -1.681 4.854 2.43 -1.21
1.5 1.257 1.998 0.070 0.030 34.56 2.847 1.22 2.907 -1.546 1.86 -0.64
1.5 1.257 1.998 0.070 0.030 34.56 2.847 1.22 0.720 1.586 1.98 -0.76
1.5 1.257 1.998 0.070 0.030 34.56 2.847 1.22 -0.013 0.040 -3.78 5.00
1.5 1.257 1.998 0.070 0.030 34.56 2.847 1.22 -1.202 -0.667 1.22 -0.00
1.4 1.411 1.760 0.041 0.004 177.06 2.847 3.90 3.072 -1.970 1.59 2.31
1.4 1.411 1.760 0.041 0.004 177.06 2.847 3.90 -0.044 0.107 -2.70 6.59
1.4 1.411 1.760 0.041 0.004 177.06 2.847 3.90 0.147 1.340 1.83 2.06
1.4 1.411 1.760 0.041 0.004 177.06 2.847 3.90 -1.541 0.245 2.21 1.68
1.4 1.411 1.760 0.041 0.004 177.06 2.847 3.90 -1.755 2.938 3.90 0.00
1.3 1.347 2.019 0.050 0.007 134.39 2.847 4.00 -1.162 -0.544 1.13 2.86
1.3 1.347 2.019 0.050 0.007 134.39 2.847 4.00 -0.027 0.036 -3.73 7.73
1.3 1.347 2.019 0.050 0.007 134.39 2.847 4.00 -1.419 5.087 2.43 1.56
1.3 1.347 2.019 0.050 0.007 134.39 2.847 4.00 0.783 1.894 2.52 1.47
1.3 1.347 2.019 0.050 0.007 134.39 2.847 4.00 3.147 -1.404 1.84 2.15
1.3 1.347 2.019 0.050 0.007 134.39 2.847 4.00 1.851 3.264 4.10 -0.11
1.3 1.347 2.019 0.050 0.007 134.39 2.847 4.00 2.178 3.598 4.00 -0.00
1.2 1.486 1.876 0.043 0.018 152.96 2.847 2.51 -1.303 -0.061 1.53 0.98
1.2 1.486 1.876 0.043 0.018 152.96 2.847 2.51 -0.055 0.072 -3.06 5.56
1.2 1.486 1.876 0.043 0.018 152.96 2.847 2.51 -1.276 4.588 3.10 -0.60
1.2 1.486 1.876 0.043 0.018 152.96 2.847 2.51 3.332 -1.644 1.65 0.85
1.2 1.486 1.876 0.043 0.018 152.96 2.847 2.51 0.327 1.843 2.51 0.00
1.1 1.728 1.766 0.022 0.007 141.06 2.847 4.45 -0.154 0.146 -1.20 5.65
1.1 1.728 1.766 0.022 0.007 141.06 2.847 4.45 -0.472 2.288 5.20 -0.75
1.1 1.728 1.766 0.022 0.007 141.06 2.847 4.45 -1.018 0.474 2.31 2.14
1.1 1.728 1.766 0.022 0.007 141.06 2.847 4.45 1.069 4.577 4.24 0.21
1.1 1.728 1.766 0.022 0.007 141.06 2.847 4.45 3.741 -1.714 1.49 2.96
1.1 1.728 1.766 0.022 0.007 141.06 2.847 4.45 -0.471 4.505 4.58 -0.13
1.1 1.728 1.766 0.022 0.007 141.06 2.847 4.45 0.532 3.538 4.45 0.00
6.4 1.487 1.838 0.034 0.015 155.35 2.949 2.33 -1.379 0.058 1.73 0.60
6.4 1.487 1.838 0.034 0.015 155.35 2.949 2.33 -0.056 0.086 -2.89 5.23
6.4 1.487 1.838 0.034 0.015 155.35 2.949 2.33 -1.385 4.351 3.33 -0.99
6.4 1.487 1.838 0.034 0.015 155.35 2.949 2.33 3.309 -1.769 1.62 0.72
6.4 1.487 1.838 0.034 0.015 155.35 2.949 2.33 0.229 1.701 2.33 0.00
6.3 1.394 1.727 0.037 0.004 1.19 2.949 3.90 3.012 -2.087 1.57 2.33
6.3 1.394 1.727 0.037 0.004 1.19 2.949 3.90 0.114 1.206 1.67 2.23
6.3 1.394 1.727 0.037 0.004 1.19 2.949 3.90 -0.040 0.124 -2.49 6.39
6.3 1.394 1.727 0.037 0.004 1.19 2.949 3.90 -1.642 0.440 2.64 1.26
6.3 1.394 1.727 0.037 0.004 1.19 2.949 3.90 -1.824 2.379 3.90 0.00
6.2 1.226 1.917 0.069 0.024 31.05 2.949 1.42 -1.895 4.400 2.64 -1.22
6.2 1.226 1.917 0.069 0.024 31.05 2.949 1.42 2.754 -1.810 1.79 -0.37
6.2 1.226 1.917 0.069 0.024 31.05 2.949 1.42 0.546 1.345 1.60 -0.18
6.2 1.226 1.917 0.069 0.024 31.05 2.949 1.42 -0.007 0.060 -3.56 4.99
6.2 1.226 1.917 0.069 0.024 31.05 2.949 1.42 -1.375 -0.584 1.42 0.00
6.1 1.297 1.962 0.045 0.020 135.18 2.949 1.80 -1.288 -0.540 1.29 0.51
6.1 1.297 1.962 0.045 0.020 135.18 2.949 1.80 -1.655 4.783 2.54 -0.74
6.1 1.297 1.962 0.045 0.020 135.18 2.949 1.80 -0.018 0.050 -3.66 5.46
6.1 1.297 1.962 0.045 0.020 135.18 2.949 1.80 0.622 1.589 1.96 -0.16
6.1 1.297 1.962 0.045 0.020 135.18 2.949 1.80 2.976 -1.637 1.80 0.00
8.2 1.648 1.750 0.030 0.002 165.55 3.036 5.31 -0.112 0.142 -1.71 7.02
8.2 1.648 1.750 0.030 0.002 165.55 3.036 5.31 3.582 -1.872 1.50 3.81
8.2 1.648 1.750 0.030 0.002 165.55 3.036 5.31 -1.252 0.585 2.61 2.70
8.2 1.648 1.750 0.030 0.002 165.55 3.036 5.31 -0.212 1.735 3.21 2.09
8.2 1.648 1.750 0.030 0.002 165.55 3.036 5.31 -1.155 3.778 5.31 0.00
8.1 1.789 1.716 0.013 0.003 125.22 3.036 5.90 0.214 4.591 9.65 -3.75
8.1 1.789 1.716 0.013 0.003 125.22 3.036 5.90 -0.225 0.226 0.08 5.81
8.1 1.789 1.716 0.013 0.003 125.22 3.036 5.90 -0.581 3.627 5.82 0.08
8.1 1.789 1.716 0.013 0.003 125.22 3.036 5.90 0.527 4.629 5.50 0.40
8.1 1.789 1.716 0.013 0.003 125.22 3.036 5.90 -0.847 0.650 3.06 2.84
8.1 1.789 1.716 0.013 0.003 125.22 3.036 5.90 3.831 -1.846 1.44 4.46
8.1 1.789 1.716 0.013 0.003 125.22 3.036 5.90 0.249 3.672 5.05 0.85
3.2 1.152 1.670 0.059 0.005 13.98 3.417 3.27 2.373 -2.491 1.62 1.65
3.2 1.152 1.670 0.059 0.005 13.98 3.417 3.27 0.180 0.693 0.84 2.43
3.2 1.152 1.670 0.059 0.005 13.98 3.417 3.27 -2.281 1.698 3.78 -0.51
3.2 1.152 1.670 0.059 0.005 13.98 3.417 3.27 -2.076 0.465 3.27 0.00
3.1 1.167 1.659 0.060 0.002 11.06 3.417 4.28 2.408 -2.500 1.61 2.68
3.1 1.167 1.659 0.060 0.002 11.06 3.417 4.28 0.162 0.685 0.86 3.42
3.1 1.167 1.659 0.060 0.002 11.06 3.417 4.28 -2.218 1.322 4.51 -0.23
3.1 1.167 1.659 0.060 0.002 11.06 3.417 4.28 -2.131 0.788 4.28 0.00
5.2 1.688 1.926 0.045 0.019 143.87 4.500 1.59 2.344 5.043 2.57 -0.98
5.2 1.688 1.926 0.045 0.019 143.87 4.500 1.59 -0.087 0.092 -2.62 4.21
5.2 1.688 1.926 0.045 0.019 143.87 4.500 1.59 -1.302 0.119 1.54 0.05
5.2 1.688 1.926 0.045 0.019 143.87 4.500 1.59 -0.533 5.750 2.72 -1.13
5.2 1.688 1.926 0.045 0.019 143.87 4.500 1.59 3.855 -1.719 1.59 -0.00
5.1 1.501 1.763 0.024 0.002 143.11 4.500 4.72 -1.725 0.531 2.49 2.24
5.1 1.501 1.763 0.024 0.002 143.11 4.500 4.72 -0.051 0.145 -2.26 6.99
5.1 1.501 1.763 0.024 0.002 143.11 4.500 4.72 -1.646 4.416 3.39 1.33
5.1 1.501 1.763 0.024 0.002 143.11 4.500 4.72 0.096 1.314 1.87 2.85
5.1 1.501 1.763 0.024 0.002 143.11 4.500 4.72 3.326 -2.251 1.53 3.20
5.1 1.501 1.763 0.024 0.002 143.11 4.500 4.72 1.693 3.884 4.72 0.00
5.1 1.501 1.763 0.024 0.002 143.11 4.500 4.72 1.814 4.045 4.72 0.00
4.2 1.688 1.931 0.045 0.019 144.01 4.500 1.59 2.358 5.043 2.56 -0.97
4.2 1.688 1.931 0.045 0.019 144.01 4.500 1.59 -0.086 0.091 -2.63 4.23
4.2 1.688 1.931 0.045 0.019 144.01 4.500 1.59 -1.297 0.109 1.52 0.07
4.2 1.688 1.931 0.045 0.019 144.01 4.500 1.59 -0.526 5.763 2.71 -1.11
4.2 1.688 1.931 0.045 0.019 144.01 4.500 1.59 3.859 -1.708 1.59 -0.00
4.1 1.576 1.708 0.024 0.001 146.48 4.500 5.89 -1.703 1.218 3.98 1.92
4.1 1.576 1.708 0.024 0.001 146.48 4.500 5.89 -1.649 3.812 4.70 1.19
4.1 1.576 1.708 0.024 0.001 146.48 4.500 5.89 -0.078 0.189 -1.54 7.43
4.1 1.576 1.708 0.024 0.001 146.48 4.500 5.89 -0.064 1.222 2.08 3.82
4.1 1.576 1.708 0.024 0.001 146.48 4.500 5.89 3.449 -2.309 1.47 4.42
2.3 1.685 1.932 0.045 0.019 143.95 4.500 1.60 2.367 5.033 2.56 -0.96
2.3 1.685 1.932 0.045 0.019 143.95 4.500 1.60 -0.085 0.090 -2.65 4.25
2.3 1.685 1.932 0.045 0.019 143.95 4.500 1.60 -1.301 0.103 1.52 0.08
2.3 1.685 1.932 0.045 0.019 143.95 4.500 1.60 -0.540 5.761 2.70 -1.10
2.3 1.685 1.932 0.045 0.019 143.95 4.500 1.60 3.854 -1.709 1.60 0.00
2.2 1.873 1.582 0.006 0.004 109.41 4.500 6.54 0.190 4.107 5.67 0.86
2.2 1.873 1.582 0.006 0.004 109.41 4.500 6.54 3.952 -2.362 1.33 5.21
2.2 1.873 1.582 0.006 0.004 109.41 4.500 6.54 0.098 4.481 6.54 0.00
2.1 1.708 1.631 0.025 0.002 152.16 4.500 5.40 -0.183 0.377 1.02 4.38
2.1 1.708 1.631 0.025 0.002 152.16 4.500 5.40 3.667 -2.373 1.39 4.01
2.1 1.708 1.631 0.025 0.002 152.16 4.500 5.40 1.201 4.333 5.41 -0.02
2.1 1.708 1.631 0.025 0.002 152.16 4.500 5.40 1.122 4.179 5.40 0.00
