#REFERENCE 3 87.3042530 -62.0775650
1.1 1.7280439 1.7661742 0.022331 0.006554 141.06296 2.8469 4.45 
1.2 1.4856887 1.8761840 0.043159 0.018263 152.96034 2.8469 2.51 
1.3 1.3466968 2.0190435 0.049545 0.007448 134.38542 2.8469 4.00 
1.4 1.4111389 1.7600809 0.040925 0.004210 177.06043 2.8469 3.90 
1.5 1.2568186 1.9984469 0.070328 0.030375 34.55702 2.8469 1.22 
1.6 1.2963486 2.0478244 0.050008 0.021772 139.54002 2.8469 1.90 
2.1 1.7082534 1.6309425 0.025005 0.001819 152.16342 4.5000 5.40 
2.2 1.8733159 1.5820569 0.005554 0.003534 109.41068 4.5000 6.54 
2.3 1.6850450 1.9316158 0.044721 0.019139 143.95084 4.5000 1.60 
3.1 1.1671615 1.6586349 0.060109 0.002010 11.05701 3.4170 4.28 
3.2 1.1517514 1.6696872 0.059080 0.004572 13.97595 3.4170 3.27 
4.1 1.5761164 1.7079928 0.024453 0.000691 146.47681 4.5000 5.89 
4.2 1.6883454 1.9306372 0.044758 0.019154 144.00969 4.5000 1.59 
5.1 1.5007259 1.7629649 0.024292 0.001724 143.10864 4.5000 4.72 
5.2 1.6883178 1.9264122 0.044771 0.019208 143.87295 4.5000 1.59 
6.1 1.2967557 1.9621644 0.044852 0.020204 135.18231 2.9490 1.80 
6.2 1.2261149 1.9169043 0.069177 0.024318 31.04601 2.9490 1.42 
6.3 1.3941530 1.7265543 0.036960 0.003555 1.19459 2.9490 3.90 
6.4 1.4871872 1.8376289 0.033928 0.015406 155.35258 2.9490 2.33 
7.1 1.0010748 2.2806036 0.026311 0.011366 40.12967 1.5420 3.70 
7.2 1.0031552 2.3054787 0.028214 0.001333 29.54795 1.5420 6.02 
8.1 1.7887450 1.7157455 0.013135 0.002634 125.21758 3.0359 5.90 
8.2 1.6481862 1.7496788 0.030038 0.001811 165.54940 3.0359 5.31 
