#REFERENCE 3 152.6345220 -12.6646950
2.1 1.341 28.608 0.125 0.018 117.16 4.500 2.46 -3.175 46.590 2.32 0.14
2.1 1.341 28.608 0.125 0.018 117.16 4.500 2.46 -9.381 46.621 2.54 -0.09
2.1 1.341 28.608 0.125 0.018 117.16 4.500 2.46 -11.765 45.732 2.46 -0.00
2.2 1.332 28.625 0.112 0.013 102.56 4.500 2.54 -11.779 45.751 2.44 0.10
2.2 1.332 28.625 0.112 0.013 102.56 4.500 2.54 -3.240 46.615 2.32 0.21
2.2 1.332 28.625 0.112 0.013 102.56 4.500 2.54 -9.337 46.653 2.54 0.00
3.1 1.224 28.499 0.181 0.045 120.01 4.500 1.93 -3.923 46.483 2.44 -0.51
3.1 1.224 28.499 0.181 0.045 120.01 4.500 1.93 -8.364 46.687 2.24 -0.31
3.1 1.224 28.499 0.181 0.045 120.01 4.500 1.93 -12.569 45.240 1.93 0.00
3.2 1.225 28.496 0.139 0.023 95.59 4.500 2.23 -12.570 45.234 1.93 0.30
3.2 1.225 28.496 0.139 0.023 95.59 4.500 2.23 -3.912 46.477 2.44 -0.21
3.2 1.225 28.496 0.139 0.023 95.59 4.500 2.23 -8.370 46.682 2.23 -0.00
