chi multiples
 N    ID    z   Narcs    chip    chix    chiy    chia   rmss     rmsi    dx      dy    nwarn
 0   12.2 2.778   1      0.22    0.00    0.00    0.00   0.005    0.14    0.14   -0.03  0
 0   12.1 2.778   1      0.07    0.00    0.00    0.00   0.005    0.08    0.03   -0.07  0
 0   12.2 2.778   2      0.28    0.00    0.00    0.00   0.005    0.11    N/A     N/A   0
 1   11.2 3.879   1      0.02    0.00    0.00    0.00   0.009    0.04   -0.01   -0.04  0
 1   11.1 3.879   1      0.00    0.00    0.00    0.00   0.009    0.02   -0.02    0.01  0
 1   11.2 3.879   2      0.02    0.00    0.00    0.00   0.009    0.03    N/A     N/A   0
 2   10.2 3.677   1      0.00    0.00    0.00    0.00   0.006    0.02   -0.00   -0.02  0
 2   10.1 3.677   1      0.00    0.00    0.00    0.00   0.006    0.01    0.00    0.01  0
 2   10.2 3.677   2      0.00    0.00    0.00    0.00   0.006    0.01    N/A     N/A   0
 3    9.3 2.715   1      0.11    0.00    0.00    0.00   0.052    0.10   -0.03   -0.09  0
 3    9.2 2.715   1      0.63    0.00    0.00    0.00   0.090    0.24    0.01    0.24  0
 3    9.1 2.715   1      0.36    0.00    0.00    0.00   0.121    0.18   -0.05   -0.17  0
 3    9.3 2.715   3      1.10    0.00    0.00    0.00   0.092    0.18    N/A     N/A   0
 4    6.4 2.599   1      0.11    0.00    0.00    0.00   0.064    0.10   -0.08   -0.06  0
 4    6.3 2.599   1      0.03    0.00    0.00    0.00   0.029    0.05    0.04    0.03  0
 4    6.2 2.599   1      0.05    0.00    0.00    0.00   0.052    0.07   -0.07   -0.01  0
 4    6.1 2.599   1      0.13    0.00    0.00    0.00   0.083    0.11   -0.07   -0.09  0
 4    6.4 2.599   4      0.33    0.00    0.00    0.00   0.060    0.09    N/A     N/A   0
 5    5.2 3.779   1      0.03    0.00    0.00    0.00   0.040    0.05    0.03    0.05  0
 5    5.1 3.779   1      0.08    0.00    0.00    0.00   0.040    0.08    0.08   -0.01  0
 5    5.2 3.779   2      0.11    0.00    0.00    0.00   0.040    0.07    N/A     N/A   0
 6    4.2 3.789   1      0.04    0.00    0.00    0.00   0.029    0.06   -0.02    0.06  0
 6    4.1 3.789   1      0.03    0.00    0.00    0.00   0.029    0.05   -0.03   -0.05  0
 6    4.2 3.789   2      0.08    0.00    0.00    0.00   0.029    0.06    N/A     N/A   0
 7    3.2 3.628   1      0.02    0.00    0.00    0.00   0.006    0.04    0.01    0.03  0
 7    3.1 3.628   1      0.04    0.00    0.00    0.00   0.006    0.06   -0.00    0.06  0
 7    3.2 3.628   2      0.06    0.00    0.00    0.00   0.006    0.05    N/A     N/A   0
 8    2.3 3.612   1      0.14    0.00    0.00    0.00   0.054    0.11   -0.03    0.11  0
 8    2.2 3.612   1      0.14    0.00    0.00    0.00   0.046    0.11   -0.10   -0.04  0
 8    2.1 3.612   1      0.04    0.00    0.00    0.00   0.009    0.06   -0.05   -0.03  0
 8    2.3 3.612   3      0.32    0.00    0.00    0.00   0.041    0.10    N/A     N/A   0
 9    1.6 3.143   1      0.69    0.00    0.00    0.00   0.185    0.25   -0.16   -0.19  0
 9    1.5 3.143   1      0.00    0.00    0.00    0.00   0.013    0.02    0.01   -0.02  0
 9    1.4 3.143   1      0.31    0.00    0.00    0.00   0.120    0.17    0.16   -0.06  0
 9    1.3 3.143   1      0.12    0.00    0.00    0.00   0.106    0.11    0.00    0.11  0
 9    1.2 3.143   1      0.18    0.00    0.00    0.00   0.075    0.13   -0.11   -0.07  0
 9    1.1 3.143   1      0.10    0.00    0.00    0.00   0.103    0.09    0.05   -0.08  0
 9    1.6 3.143   6      1.40    0.00    0.00    0.00   0.113    0.15    N/A     N/A   0
chimul                   3.70    0.00    0.00    0.00   0.067    0.11    N/A     N/A   0
log(Likelihood)         14.11

chitot           3.70
log(Likelihood)    14.11
