#REFERENCE 0 87.3042530 -62.0775650
6.4 87.3041170 -62.0770924 0.067001 0.067000 145.55827 2.5024 -0.00 
6.3 87.3040209 -62.0771117 0.071637 0.028341 142.89858 2.5024 0.93 
6.3 87.3025221 -62.0780380 0.087528 0.043253 34.68575 2.5024 0.25 
6.3 87.3050354 -62.0777441 0.059364 0.034043 93.55977 2.5024 0.93 
6.3 87.3042585 -62.0775636 0.001278 0.000788 179.24509 2.5024 9.19 
6.3 87.3053349 -62.0769041 0.069000 0.069000 40.90402 2.5024 -0.00 
6.2 87.3025290 -62.0780646 0.180229 0.059178 44.17785 2.5024 -0.58 
6.2 87.3040529 -62.0771183 0.109214 0.052755 127.86825 2.5024 0.09 
6.2 87.3053262 -62.0769393 0.155819 0.090953 57.92933 2.5024 -0.89 
6.2 87.3042587 -62.0775632 0.002236 0.001338 30.11826 2.5024 8.30 
6.2 87.3050686 -62.0777271 0.079000 0.078996 36.61769 2.5024 0.00 
6.1 87.3040281 -62.0770996 0.090325 0.030063 160.10169 2.5024 0.61 
6.1 87.3050139 -62.0777414 0.081901 0.029376 108.29560 2.5024 0.74 
6.1 87.3053105 -62.0768867 0.110156 0.054545 121.71036 2.5024 -0.25 
6.1 87.3042590 -62.0775638 0.001569 0.000820 145.70171 2.5024 8.92 
6.1 87.3030114 -62.0765936 0.031832 0.029565 16.31479 2.5024 1.76 
6.1 87.3030114 -62.0765936 0.031833 0.029566 16.28852 2.5024 1.76 
6.1 87.3024878 -62.0780196 0.069000 0.068999 7.72479 2.5024 0.00 
9.2 87.3051000 -62.0778629 0.105132 0.032522 112.56596 2.5588 0.45 
9.2 87.3029280 -62.0781444 0.119626 0.042721 21.75282 2.5588 0.02 
9.2 87.3038773 -62.0772161 0.060773 0.025587 129.09544 2.5588 1.31 
9.2 87.3042530 -62.0775630 0.001363 0.000789 174.89135 2.5588 9.21 
9.2 87.3056428 -62.0769621 0.072000 0.072000 134.99867 2.5588 -0.00 
9.1 87.3049860 -62.0778724 0.106126 0.025334 128.61282 2.5588 0.68 
9.1 87.3038229 -62.0771874 0.066980 0.024942 153.51405 2.5588 1.20 
9.1 87.3055928 -62.0768623 0.101511 0.045324 110.75884 2.5588 0.10 
9.1 87.3042538 -62.0775641 0.001389 0.000693 134.16128 2.5588 9.30 
9.1 87.3028107 -62.0780577 0.071001 0.070999 97.46955 2.5588 0.00 
1.6 87.3038574 -62.0770872 0.094841 0.031090 148.53436 3.0344 0.81 
1.6 87.3049278 -62.0778039 0.081062 0.029868 113.91958 3.0344 1.03 
1.6 87.3042577 -62.0775651 0.001569 0.000836 152.40023 3.0344 9.19 
1.6 87.3028917 -62.0765603 0.050666 0.027040 127.03874 3.0344 1.65 
1.6 87.3054130 -62.0767048 0.101070 0.063294 109.03214 3.0344 -0.03 
1.6 87.3031135 -62.0767362 0.001739 0.001233 125.94298 3.0344 8.66 
1.6 87.3024412 -62.0779470 0.079002 0.079000 95.85106 3.0344 -0.00 
1.5 87.3023396 -62.0779760 0.196350 0.080589 54.38957 3.0344 -0.96 
1.5 87.3053142 -62.0767576 0.205318 0.096517 75.86091 3.0344 -1.20 
1.5 87.3031156 -62.0767353 0.003630 0.001921 71.02526 3.0344 7.43 
1.5 87.3039977 -62.0770558 0.132097 0.076716 135.32978 3.0344 -0.47 
1.5 87.3029519 -62.0765361 0.082252 0.053525 83.49674 3.0344 0.43 
1.5 87.3042599 -62.0775645 0.002412 0.001695 33.12799 3.0344 8.01 
1.5 87.3049658 -62.0777504 0.081000 0.080999 19.74044 3.0344 0.00 
1.4 87.3040122 -62.0770462 0.110186 0.030115 145.41092 3.0344 0.69 
1.4 87.3029536 -62.0765289 0.057014 0.025155 120.33716 3.0344 1.60 
1.4 87.3042603 -62.0775646 0.001709 0.000759 177.93926 3.0344 9.21 
1.4 87.3049555 -62.0777450 0.065026 0.030261 82.34049 3.0344 1.25 
1.4 87.3023146 -62.0779665 0.096307 0.050604 27.94029 3.0344 0.27 
1.4 87.3031160 -62.0767355 0.001596 0.001309 179.31478 3.0344 8.69 
1.4 87.3052941 -62.0767488 0.079001 0.078998 45.14546 3.0344 0.00 
1.3 87.3050190 -62.0777667 0.254154 0.122353 116.04191 3.0344 -0.82 
1.3 87.3039665 -62.0770936 0.261698 0.129583 156.85199 3.0344 -0.91 
1.3 87.3053910 -62.0768078 0.383947 0.203201 99.61676 3.0344 -1.82 
1.3 87.3024435 -62.0780265 0.305244 0.214357 61.97647 3.0344 -1.63 
1.3 87.3042584 -62.0775640 0.004612 0.003388 139.59665 3.0344 7.43 
1.3 87.3029611 -62.0765655 0.121004 0.121000 36.53337 3.0344 -0.00 
1.3 87.3029611 -62.0765655 0.121002 0.121001 170.86820 3.0344 -0.00 
1.2 87.3052826 -62.0767964 0.227405 0.068743 84.92907 3.0344 -0.74 
1.2 87.3023184 -62.0780001 0.193178 0.059951 65.78205 3.0344 -0.41 
1.2 87.3049890 -62.0777297 0.097924 0.052361 150.69318 3.0344 0.47 
1.2 87.3042606 -62.0775641 0.002339 0.001391 71.95090 3.0344 8.47 
1.2 87.3040591 -62.0770531 0.089001 0.089000 174.02482 3.0344 -0.00 
1.1 87.3053231 -62.0768169 0.315148 0.111355 95.17197 3.0344 -1.50 
1.1 87.3050153 -62.0777383 0.166381 0.076306 128.85453 3.0344 -0.39 
1.1 87.3023706 -62.0780224 0.240510 0.111850 73.96950 3.0344 -1.21 
1.1 87.3040331 -62.0770723 0.164430 0.100005 176.68357 3.0344 -0.67 
1.1 87.3029829 -62.0765500 0.104989 0.067526 37.71248 3.0344 0.24 
1.1 87.3029829 -62.0765500 0.104991 0.067528 37.71216 3.0344 0.24 
1.1 87.3042597 -62.0775639 0.003297 0.002179 105.61978 3.0344 7.72 
12.2 87.3049693 -62.0765581 0.974190 0.004139 75.59832 3.0969 0.68 
12.2 87.3049693 -62.0765581 0.974033 0.004139 75.59283 3.0969 0.68 
12.2 87.3019609 -62.0778574 0.198836 0.004321 88.66698 3.0969 2.36 
12.2 87.3044266 -62.0769066 0.151536 0.006211 18.45934 3.0969 2.26 
12.1 87.3044118 -62.0769046 0.225266 0.006889 165.03532 3.0969 1.82 
12.1 87.3019612 -62.0778483 0.107439 0.013836 146.50861 3.0969 1.86 
12.1 87.3049391 -62.0765141 0.091000 0.090937 159.03932 3.0969 0.00 
11.2 87.3043759 -62.0769738 0.139915 0.028656 150.19028 3.2295 0.69 
11.2 87.3020586 -62.0779730 0.106719 0.032890 41.36894 3.2295 0.83 
11.2 87.3050466 -62.0768005 0.087002 0.086995 53.86460 3.2295 0.00 
11.1 87.3020247 -62.0779904 0.131146 0.024127 70.58536 3.2295 0.54 
11.1 87.3049535 -62.0768556 0.189647 0.045256 107.48469 3.2295 -0.55 
11.1 87.3044874 -62.0769668 0.072000 0.072000 118.24574 3.2295 -0.00 
3.2 87.3026475 -62.0783304 0.121014 0.005744 19.91848 3.5191 2.24 
3.2 87.3041545 -62.0772124 0.063248 0.004276 136.75024 3.5191 3.27 
3.2 87.3042576 -62.0775592 0.001730 0.000173 4.27160 3.5191 10.65 
3.2 87.3055065 -62.0773362 0.135291 0.044194 62.72277 3.5191 -0.10 
3.1 87.3026650 -62.0783336 0.119423 0.005371 16.87264 3.5191 2.47 
3.1 87.3041478 -62.0772156 0.062716 0.003878 139.92288 3.5191 3.52 
3.1 87.3042574 -62.0775592 0.001757 0.000156 178.69178 3.5191 10.89 
3.1 87.3055169 -62.0773460 0.079080 0.079000 93.39641 3.5191 -0.00 
2.3 87.3045785 -62.0769649 0.259297 0.036976 163.26023 3.7158 -1.03 
2.3 87.3048915 -62.0768950 0.295950 0.047267 142.83234 3.7158 -1.44 
2.3 87.3019671 -62.0780396 0.061000 0.060999 2.22400 3.7158 0.00 
2.2 87.3049926 -62.0767703 0.498890 0.013345 105.64779 3.7158 0.21 
2.2 87.3019343 -62.0779747 0.191643 0.011390 81.83851 3.7158 1.42 
2.2 87.3044980 -62.0769371 0.148970 0.021961 24.30124 3.7158 0.98 
2.1 87.3019459 -62.0779948 0.099191 0.011810 68.83478 3.7158 1.87 
2.1 87.3049692 -62.0768133 0.169542 0.021037 102.69077 3.7158 0.66 
2.1 87.3045156 -62.0769465 0.055461 0.035408 82.13608 3.7158 1.31 
5.2 87.3045781 -62.0769659 0.257547 0.037050 163.39947 3.7463 -1.02 
5.2 87.3048928 -62.0768960 0.294202 0.047415 142.88639 3.7463 -1.43 
5.2 87.3019659 -62.0780425 0.061000 0.061000 124.64419 3.7463 0.00 
5.1 87.3050532 -62.0767849 0.181999 0.039921 100.44461 3.7463 -0.87 
5.1 87.3019962 -62.0780003 0.100710 0.030557 71.29678 3.7463 0.06 
5.1 87.3044045 -62.0769672 0.067718 0.052756 170.55093 3.7463 -0.10 
4.2 87.3045628 -62.0769654 0.234123 0.036472 163.70955 3.7752 -0.90 
4.2 87.3019637 -62.0780395 0.061000 0.061000 15.14542 3.7752 0.00 
4.1 87.3049743 -62.0768008 0.197940 0.019125 107.08150 3.7752 0.02 
4.1 87.3019345 -62.0779915 0.091354 0.013354 75.19678 3.7752 1.25 
4.1 87.3045172 -62.0769421 0.060476 0.033416 30.47816 3.7752 0.70 
10.2 87.3019194 -62.0780058 0.088033 0.013898 50.93363 3.8316 1.44 
10.2 87.3045809 -62.0769373 0.128102 0.022546 139.73358 3.8316 0.51 
10.1 87.3019147 -62.0780118 0.111831 0.012754 67.72527 3.8316 1.28 
10.1 87.3048772 -62.0768620 0.186523 0.035445 114.57873 3.8316 -0.39 
10.1 87.3046220 -62.0769330 0.068000 0.067981 85.11330 3.8316 0.00 
