#REFERENCE 3 87.3042530 -62.0775650
6.4 0.688 0.436 0.061 0.036 70.28 2.502 0.79 3.056 -1.726 1.25 -0.47
6.4 0.688 0.436 0.061 0.036 70.28 2.502 0.79 -1.668 2.281 1.64 -0.85
6.4 0.688 0.436 0.061 0.036 70.28 2.502 0.79 -1.326 -0.498 0.61 0.18
6.4 0.688 0.436 0.061 0.036 70.28 2.502 0.79 -0.012 0.006 -7.51 8.30
6.4 0.688 0.436 0.061 0.036 70.28 2.502 0.79 0.229 1.701 0.79 -0.00
6.3 0.594 0.467 0.045 0.025 4.43 2.502 1.55 0.391 1.632 0.63 0.93
6.3 0.594 0.467 0.045 0.025 4.43 2.502 1.55 2.918 -1.703 1.30 0.25
6.3 0.594 0.467 0.045 0.025 4.43 2.502 1.55 -1.319 -0.645 0.62 0.93
6.3 0.594 0.467 0.045 0.025 4.43 2.502 1.55 -0.009 0.005 -7.64 9.19
6.3 0.594 0.467 0.045 0.025 4.43 2.502 1.55 -1.824 2.379 1.55 -0.00
6.2 0.600 0.421 0.080 0.041 29.28 2.502 0.69 2.906 -1.799 1.28 -0.58
6.2 0.600 0.421 0.080 0.041 29.28 2.502 0.69 0.337 1.608 0.61 0.09
6.2 0.600 0.421 0.080 0.041 29.28 2.502 0.69 -1.809 2.252 1.59 -0.89
6.2 0.600 0.421 0.080 0.041 29.28 2.502 0.69 -0.010 0.006 -7.60 8.30
6.2 0.600 0.421 0.080 0.041 29.28 2.502 0.69 -1.375 -0.584 0.69 0.00
6.1 0.622 0.491 0.051 0.028 150.42 2.502 1.30 0.379 1.675 0.69 0.61
6.1 0.622 0.491 0.051 0.028 150.42 2.502 1.30 -1.283 -0.635 0.56 0.74
6.1 0.622 0.491 0.051 0.028 150.42 2.502 1.30 -1.783 2.442 1.56 -0.25
6.1 0.622 0.491 0.051 0.028 150.42 2.502 1.30 -0.010 0.004 -7.62 8.92
6.1 0.622 0.491 0.051 0.028 150.42 2.502 1.30 2.093 3.497 -0.46 1.76
6.1 0.622 0.491 0.051 0.028 150.42 2.502 1.30 2.093 3.497 -0.46 1.76
6.1 0.622 0.491 0.051 0.028 150.42 2.502 1.30 2.976 -1.637 1.30 0.00
9.2 0.243 0.386 0.053 0.026 177.16 2.559 1.45 -1.428 -1.073 0.99 0.45
9.2 0.243 0.386 0.053 0.026 177.16 2.559 1.45 2.234 -2.086 1.43 0.02
9.2 0.243 0.386 0.053 0.026 177.16 2.559 1.45 0.633 1.256 0.14 1.31
9.2 0.243 0.386 0.053 0.026 177.16 2.559 1.45 -0.000 0.007 -7.76 9.21
9.2 0.243 0.386 0.053 0.026 177.16 2.559 1.45 -2.343 2.170 1.45 -0.00
9.1 0.297 0.518 0.051 0.026 141.29 2.559 1.47 -1.236 -1.107 0.79 0.68
9.1 0.297 0.518 0.051 0.026 141.29 2.559 1.47 0.725 1.359 0.27 1.20
9.1 0.297 0.518 0.051 0.026 141.29 2.559 1.47 -2.259 2.530 1.37 0.10
9.1 0.297 0.518 0.051 0.026 141.29 2.559 1.47 -0.001 0.003 -7.83 9.30
9.1 0.297 0.518 0.051 0.026 141.29 2.559 1.47 2.431 -1.774 1.47 0.00
1.6 0.568 0.661 0.057 0.029 155.92 3.034 1.42 0.667 1.720 0.60 0.81
1.6 0.568 0.661 0.057 0.029 155.92 3.034 1.42 -1.138 -0.860 0.39 1.03
1.6 0.568 0.661 0.057 0.029 155.92 3.034 1.42 -0.008 -0.000 -7.78 9.19
1.6 0.568 0.661 0.057 0.029 155.92 3.034 1.42 2.295 3.617 -0.23 1.65
1.6 0.568 0.661 0.057 0.029 155.92 3.034 1.42 -1.956 3.097 1.44 -0.03
1.6 0.568 0.661 0.057 0.029 155.92 3.034 1.42 1.921 2.984 -7.24 8.66
1.6 0.568 0.661 0.057 0.029 155.92 3.034 1.42 3.054 -1.375 1.42 -0.00
1.5 0.697 0.592 0.084 0.056 33.22 3.034 0.37 3.226 -1.480 1.33 -0.96
1.5 0.697 0.592 0.084 0.056 33.22 3.034 0.37 -1.789 2.907 1.57 -1.20
1.5 0.697 0.592 0.084 0.056 33.22 3.034 0.37 1.918 2.987 -7.06 7.43
1.5 0.697 0.592 0.084 0.056 33.22 3.034 0.37 0.430 1.833 0.84 -0.47
1.5 0.697 0.592 0.084 0.056 33.22 3.034 0.37 2.193 3.704 -0.06 0.43
1.5 0.697 0.592 0.084 0.056 33.22 3.034 0.37 -0.012 0.002 -7.64 8.01
1.5 0.697 0.592 0.084 0.056 33.22 3.034 0.37 -1.202 -0.667 0.37 0.00
1.4 0.722 0.602 0.057 0.025 179.78 3.034 1.59 0.406 1.868 0.91 0.69
1.4 0.722 0.602 0.057 0.025 179.78 3.034 1.59 2.191 3.730 -0.01 1.60
1.4 0.722 0.602 0.057 0.025 179.78 3.034 1.59 -0.012 0.001 -7.61 9.21
1.4 0.722 0.602 0.057 0.025 179.78 3.034 1.59 -1.184 -0.648 0.34 1.25
1.4 0.722 0.602 0.057 0.025 179.78 3.034 1.59 3.268 -1.445 1.32 0.27
1.4 0.722 0.602 0.057 0.025 179.78 3.034 1.59 1.917 2.986 -7.10 8.69
1.4 0.722 0.602 0.057 0.025 179.78 3.034 1.59 -1.755 2.938 1.59 0.00
1.3 0.605 0.531 0.158 0.122 148.82 3.034 -0.30 -1.291 -0.726 0.52 -0.82
1.3 0.605 0.531 0.158 0.122 148.82 3.034 -0.30 0.483 1.697 0.61 -0.91
1.3 0.605 0.531 0.158 0.122 148.82 3.034 -0.30 -1.918 2.726 1.52 -1.82
1.3 0.605 0.531 0.158 0.122 148.82 3.034 -0.30 3.050 -1.661 1.33 -1.63
1.3 0.605 0.531 0.158 0.122 148.82 3.034 -0.30 -0.009 0.003 -7.73 7.43
1.3 0.605 0.531 0.158 0.122 148.82 3.034 -0.30 2.178 3.598 -0.30 -0.00
1.3 0.605 0.531 0.158 0.122 148.82 3.034 -0.30 2.178 3.598 -0.30 -0.00
1.2 0.733 0.547 0.079 0.045 68.43 3.034 0.88 -1.736 2.767 1.62 -0.74
1.2 0.733 0.547 0.079 0.045 68.43 3.034 0.88 3.261 -1.566 1.29 -0.41
1.2 0.733 0.547 0.079 0.045 68.43 3.034 0.88 -1.241 -0.593 0.41 0.47
1.2 0.733 0.547 0.079 0.045 68.43 3.034 0.88 -0.013 0.003 -7.59 8.47
1.2 0.733 0.547 0.079 0.045 68.43 3.034 0.88 0.327 1.843 0.88 -0.00
1.1 0.685 0.521 0.107 0.076 100.81 3.034 0.08 -1.804 2.693 1.58 -1.50
1.1 0.685 0.521 0.107 0.076 100.81 3.034 0.08 -1.285 -0.624 0.48 -0.39
1.1 0.685 0.521 0.107 0.076 100.81 3.034 0.08 3.173 -1.647 1.29 -1.21
1.1 0.685 0.521 0.107 0.076 100.81 3.034 0.08 0.371 1.774 0.76 -0.67
1.1 0.685 0.521 0.107 0.076 100.81 3.034 0.08 2.141 3.654 -0.15 0.24
1.1 0.685 0.521 0.107 0.076 100.81 3.034 0.08 2.141 3.654 -0.15 0.24
1.1 0.685 0.521 0.107 0.076 100.81 3.034 0.08 -0.011 0.004 -7.64 7.72
12.2 1.099 0.715 0.087 0.003 100.03 3.097 3.62 -1.208 3.625 2.94 0.68
12.2 1.099 0.715 0.087 0.003 100.03 3.097 3.62 -1.208 3.625 2.94 0.68
12.2 1.099 0.715 0.087 0.003 100.03 3.097 3.62 3.864 -1.053 1.26 2.36
12.2 1.099 0.715 0.087 0.003 100.03 3.097 3.62 -0.293 2.370 1.36 2.26
12.1 1.096 0.729 0.080 0.006 155.18 3.097 3.13 -0.268 2.377 1.31 1.82
12.1 1.096 0.729 0.080 0.006 155.18 3.097 3.13 3.864 -1.020 1.27 1.86
12.1 1.096 0.729 0.080 0.006 155.18 3.097 3.13 -1.157 3.783 3.13 0.00
11.2 1.008 0.554 0.056 0.021 21.12 3.229 2.04 -0.207 2.128 1.35 0.69
11.2 1.008 0.554 0.056 0.021 21.12 3.229 2.04 3.699 -1.469 1.21 0.83
11.2 1.008 0.554 0.056 0.021 21.12 3.229 2.04 -1.338 2.752 2.04 0.00
11.1 1.057 0.517 0.057 0.019 73.50 3.229 1.71 3.756 -1.532 1.18 0.54
11.1 1.057 0.517 0.057 0.019 73.50 3.229 1.71 -1.181 2.554 2.26 -0.55
11.1 1.057 0.517 0.057 0.019 73.50 3.229 1.71 -0.395 2.154 1.71 -0.00
3.2 0.525 0.014 0.060 0.004 8.26 3.519 3.38 2.707 -2.756 1.14 2.24
3.2 0.525 0.014 0.060 0.004 8.26 3.519 3.38 0.166 1.269 0.12 3.27
3.2 0.525 0.014 0.060 0.004 8.26 3.519 3.38 -0.008 0.021 -7.27 10.65
3.2 0.525 0.014 0.060 0.004 8.26 3.519 3.38 -2.113 0.824 3.48 -0.10
3.1 0.510 0.011 0.060 0.004 4.18 3.519 3.62 2.677 -2.767 1.15 2.47
3.1 0.510 0.011 0.060 0.004 4.18 3.519 3.62 0.177 1.258 0.09 3.52
3.1 0.510 0.011 0.060 0.004 4.18 3.519 3.62 -0.007 0.021 -7.27 10.89
3.1 0.510 0.011 0.060 0.004 4.18 3.519 3.62 -2.131 0.788 3.62 -0.00
2.3 1.105 0.452 0.048 0.027 155.41 3.716 1.14 -0.549 2.160 2.17 -1.03
2.3 1.105 0.452 0.048 0.027 155.41 3.716 1.14 -1.076 2.412 2.58 -1.44
2.3 1.105 0.452 0.048 0.027 155.41 3.716 1.14 3.854 -1.709 1.14 0.00
2.2 1.117 0.560 0.087 0.008 91.59 3.716 2.60 -1.247 2.861 2.39 0.21
2.2 1.117 0.560 0.087 0.008 91.59 3.716 2.60 3.909 -1.475 1.18 1.42
2.2 1.117 0.560 0.087 0.008 91.59 3.716 2.60 -0.413 2.260 1.62 0.98
2.1 1.111 0.527 0.043 0.009 69.68 3.716 3.04 3.889 -1.548 1.17 1.87
2.1 1.111 0.527 0.043 0.009 69.68 3.716 3.04 -1.207 2.706 2.38 0.66
2.1 1.111 0.527 0.043 0.009 69.68 3.716 3.04 -0.443 2.227 1.73 1.31
5.2 1.105 0.448 0.048 0.027 155.27 3.746 1.14 -0.548 2.157 2.16 -1.02
5.2 1.105 0.448 0.048 0.027 155.27 3.746 1.14 -1.079 2.408 2.57 -1.43
5.2 1.105 0.448 0.048 0.027 155.27 3.746 1.14 3.856 -1.719 1.14 0.00
5.1 1.049 0.530 0.044 0.024 76.67 3.746 1.24 -1.349 2.808 2.12 -0.87
5.1 1.049 0.530 0.044 0.024 76.67 3.746 1.24 3.804 -1.567 1.19 0.06
5.1 1.049 0.530 0.044 0.024 76.67 3.746 1.24 -0.255 2.152 1.35 -0.10
4.2 1.104 0.455 0.048 0.027 155.44 3.775 1.14 -0.522 2.158 2.04 -0.90
4.2 1.104 0.455 0.048 0.027 155.44 3.775 1.14 3.859 -1.708 1.14 0.00
4.1 1.119 0.534 0.040 0.010 81.31 3.775 2.42 -1.216 2.751 2.40 0.02
4.1 1.119 0.534 0.040 0.010 81.31 3.775 2.42 3.909 -1.535 1.17 1.25
4.1 1.119 0.534 0.040 0.010 81.31 3.775 2.42 -0.445 2.242 1.72 0.70
10.2 1.140 0.509 0.042 0.010 38.39 3.832 2.60 3.934 -1.587 1.15 1.44
10.2 1.140 0.509 0.042 0.010 38.39 3.832 2.60 -0.553 2.260 2.09 0.51
10.1 1.148 0.498 0.049 0.010 68.12 3.832 2.42 3.942 -1.608 1.15 1.28
10.1 1.148 0.498 0.049 0.010 68.12 3.832 2.42 -1.052 2.531 2.81 -0.39
10.1 1.148 0.498 0.049 0.010 68.12 3.832 2.42 -0.622 2.275 2.42 0.00
