#REFERENCE 3 328.3894840 17.6993580
1	-0.146484	-1.688468	-0.026880	0.034679	
1	-0.097656	-1.673322	-0.026311	0.036857	
1	-0.097656	-1.673322	-0.026311	0.036857	
1	-0.056668	-1.660156	-0.025902	0.038587	
1	-0.056668	-1.660156	-0.025902	0.038587	
1	-0.048828	-1.657091	-0.025823	0.038944	
1	-0.048828	-1.657091	-0.025823	0.038944	
1	0.000000	-1.637638	-0.025385	0.041087	
1	0.000000	-1.637638	-0.025385	0.041087	
1	0.048828	-1.618220	-0.025046	0.043038	
1	0.048828	-1.618220	-0.025046	0.043038	
1	0.066235	-1.611328	-0.024947	0.043686	
1	0.066235	-1.611328	-0.024947	0.043686	
1	0.097656	-1.596039	-0.024770	0.044984	
1	0.097656	-1.596039	-0.024770	0.044984	
1	0.146484	-1.573067	-0.024576	0.046781	
1	0.146484	-1.573067	-0.024576	0.046781	
1	0.169818	-1.562500	-0.024513	0.047545	
1	0.169818	-1.562500	-0.024513	0.047545	
1	0.195312	-1.548119	-0.024453	0.048496	
1	0.195312	-1.548119	-0.024453	0.048496	
1	0.244141	-1.522407	-0.024402	0.050046	
1	0.244141	-1.522407	-0.024402	0.050046	
1	0.261867	-1.513672	-0.024399	0.050526	
1	0.261867	-1.513672	-0.024399	0.050526	
1	0.292969	-1.494434	-0.024416	0.051508	
1	0.292969	-1.494434	-0.024416	0.051508	
1	0.341797	-1.467653	-0.024484	0.052698	
1	0.341797	-1.467653	-0.024484	0.052698	
1	0.347341	-1.464844	-0.024493	0.052809	
1	0.347341	-1.464844	-0.024493	0.052809	
1	0.390625	-1.437368	-0.024609	0.053843	
1	0.390625	-1.437368	-0.024609	0.053843	
1	0.430737	-1.416016	-0.024712	0.054477	
1	0.430737	-1.416016	-0.024712	0.054477	
1	0.439453	-1.410058	-0.024746	0.054653	
1	0.439453	-1.410058	-0.024746	0.054653	
1	0.488281	-1.381457	-0.024904	0.055322	
1	0.488281	-1.381457	-0.024904	0.055322	
1	0.518085	-1.367188	-0.024964	0.055526	
1	0.518085	-1.367188	-0.024964	0.055526	
1	0.537109	-1.355803	-0.025024	0.055704	
1	0.537109	-1.355803	-0.025024	0.055704	
1	0.585938	-1.331903	-0.025091	0.055868	
1	0.585938	-1.331903	-0.025091	0.055868	
1	0.620193	-1.318359	-0.025060	0.055797	
1	0.620193	-1.318359	-0.025060	0.055797	
1	0.634766	-1.311461	-0.025053	0.055782	
1	0.634766	-1.311461	-0.025053	0.055782	
1	0.683594	-1.291457	-0.024930	0.055559	
1	0.683594	-1.291457	-0.024930	0.055559	
1	0.732422	-1.275276	-0.024640	0.055114	
1	0.732422	-1.275276	-0.024640	0.055114	
1	0.750375	-1.269531	-0.024501	0.054919	
1	0.750375	-1.269531	-0.024501	0.054919	
1	0.781250	-1.258587	-0.024243	0.054581	
1	0.781250	-1.258587	-0.024243	0.054581	
1	0.830078	-1.242375	-0.023704	0.053936	
1	0.830078	-1.242375	-0.023704	0.053936	
1	0.878906	-1.227282	-0.022994	0.053171	
1	0.878906	-1.227282	-0.022994	0.053171	
1	0.899046	-1.220703	-0.022665	0.052838	
1	0.899046	-1.220703	-0.022665	0.052838	
1	0.927734	-1.210816	-0.022161	0.052352	
1	0.927734	-1.210816	-0.022161	0.052352	
1	0.976562	-1.193440	-0.021184	0.051472	
1	0.976562	-1.193440	-0.021184	0.051472	
1	1.025391	-1.176143	-0.020029	0.050512	
1	1.025391	-1.176143	-0.020029	0.050512	
1	1.036210	-1.171875	-0.019760	0.050299	
1	1.036210	-1.171875	-0.019760	0.050299	
1	1.074219	-1.156479	-0.018755	0.049530	
1	1.074219	-1.156479	-0.018755	0.049530	
1	1.123047	-1.136031	-0.017311	0.048495	
1	1.123047	-1.136031	-0.017311	0.048495	
1	1.152223	-1.123047	-0.016375	0.047861	
1	1.152223	-1.123047	-0.016375	0.047861	
1	1.171875	-1.114176	-0.015706	0.047423	
1	1.171875	-1.114176	-0.015706	0.047423	
1	1.220703	-1.090287	-0.013953	0.046332	
1	1.220703	-1.090287	-0.013953	0.046332	
1	1.251843	-1.074219	-0.012747	0.045622	
1	1.251843	-1.074219	-0.012747	0.045622	
1	1.269531	-1.065032	-0.012022	0.045210	
1	1.269531	-1.065032	-0.012022	0.045210	
1	1.318359	-1.037543	-0.009933	0.044077	
1	1.318359	-1.037543	-0.009933	0.044077	
1	1.338455	-1.025391	-0.009030	0.043612	
1	1.338455	-1.025391	-0.009030	0.043612	
1	1.367188	-1.007978	-0.007668	0.042934	
1	1.367188	-1.007978	-0.007668	0.042934	
1	1.416016	-0.976733	-0.005205	0.041779	
1	1.416016	-0.976733	-0.005205	0.041779	
1	1.416257	-0.976562	-0.005193	0.041773	
1	1.416257	-0.976562	-0.005193	0.041773	
1	1.464844	-0.942095	-0.002586	0.040640	
1	1.464844	-0.942095	-0.002586	0.040640	
1	1.483806	-0.927734	-0.001524	0.040202	
1	1.483806	-0.927734	-0.001524	0.040202	
1	1.513672	-0.905150	0.000240	0.039504	
1	1.513672	-0.905150	0.000240	0.039504	
1	1.545904	-0.878906	0.002208	0.038766	
1	1.545904	-0.878906	0.002208	0.038766	
1	1.562500	-0.865429	0.003276	0.038383	
1	1.562500	-0.865429	0.003276	0.038383	
1	1.602653	-0.830078	0.005926	0.037481	
1	1.602653	-0.830078	0.005926	0.037481	
1	1.611328	-0.822463	0.006529	0.037286	
1	1.611328	-0.822463	0.006529	0.037286	
1	1.654402	-0.781250	0.009581	0.036349	
1	1.654402	-0.781250	0.009581	0.036349	
1	1.660156	-0.775757	0.010010	0.036224	
1	1.660156	-0.775757	0.010010	0.036224	
1	1.701650	-0.732422	0.013152	0.035358	
1	1.701650	-0.732422	0.013152	0.035358	
1	1.708984	-0.724770	0.013737	0.035206	
1	1.708984	-0.724770	0.013737	0.035206	
1	1.744969	-0.683594	0.016641	0.034494	
1	1.744969	-0.683594	0.016641	0.034494	
1	1.757812	-0.668880	0.017734	0.034244	
1	1.757812	-0.668880	0.017734	0.034244	
1	1.784933	-0.634766	0.020066	0.033742	
1	1.784933	-0.634766	0.020066	0.033742	
1	1.806641	-0.607347	0.022036	0.033351	
1	1.806641	-0.607347	0.022036	0.033351	
1	1.822075	-0.585938	0.023453	0.033088	
1	1.822075	-0.585938	0.023453	0.033088	
1	1.855469	-0.539255	0.026694	0.032544	
1	1.855469	-0.539255	0.026694	0.032544	
1	1.856867	-0.537109	0.026832	0.032523	
1	1.856867	-0.537109	0.026832	0.032523	
1	1.887729	-0.488281	0.029967	0.032074	
1	1.887729	-0.488281	0.029967	0.032074	
1	1.904297	-0.461669	0.031749	0.031852	
1	1.904297	-0.461669	0.031749	0.031852	
1	1.916841	-0.439453	0.033117	0.031697	
1	1.916841	-0.439453	0.033117	0.031697	
1	1.943614	-0.390625	0.036184	0.031398	
1	1.943614	-0.390625	0.036184	0.031398	
1	1.953125	-0.372645	0.037323	0.031305	
1	1.953125	-0.372645	0.037323	0.031305	
1	1.967885	-0.341797	0.039124	0.031176	
1	1.967885	-0.341797	0.039124	0.031176	
1	1.990298	-0.292969	0.042013	0.031020	
1	1.990298	-0.292969	0.042013	0.031020	
1	2.001953	-0.266274	0.043593	0.030960	
1	2.001953	-0.266274	0.043593	0.030960	
1	2.010688	-0.244141	0.044811	0.030927	
1	2.010688	-0.244141	0.044811	0.030927	
1	2.028745	-0.195312	0.047458	0.030893	
1	2.028745	-0.195312	0.047458	0.030893	
1	2.045635	-0.146484	0.050120	0.030912	
1	2.045635	-0.146484	0.050120	0.030912	
1	2.050781	-0.130244	0.050974	0.030930	
1	2.050781	-0.130244	0.050974	0.030930	
1	2.060092	-0.097656	0.052591	0.030979	
1	2.060092	-0.097656	0.052591	0.030979	
1	2.072688	-0.048828	0.054950	0.031089	
1	2.072688	-0.048828	0.054950	0.031089	
1	2.083877	0.000000	0.057261	0.031241	
1	2.083877	0.000000	0.057261	0.031241	
1	2.093567	0.048828	0.059503	0.031431	
1	2.093567	0.048828	0.059503	0.031431	
1	2.099609	0.085223	0.061094	0.031594	
1	2.099609	0.085223	0.061094	0.031594	
1	2.101467	0.097656	0.061625	0.031653	
1	2.101467	0.097656	0.061625	0.031653	
1	2.107272	0.146484	0.063569	0.031893	
1	2.107272	0.146484	0.063569	0.031893	
1	2.111548	0.195312	0.065424	0.032157	
1	2.111548	0.195312	0.065424	0.032157	
1	2.114259	0.244141	0.067180	0.032440	
1	2.114259	0.244141	0.067180	0.032440	
1	2.115380	0.292969	0.068832	0.032737	
1	2.115380	0.292969	0.068832	0.032737	
1	2.114899	0.341797	0.070375	0.033045	
1	2.114899	0.341797	0.070375	0.033045	
1	2.112813	0.390625	0.071807	0.033357	
1	2.112813	0.390625	0.071807	0.033357	
1	2.109130	0.439453	0.073130	0.033672	
1	2.109130	0.439453	0.073130	0.033672	
1	2.103869	0.488281	0.074348	0.033986	
1	2.103869	0.488281	0.074348	0.033986	
1	2.099609	0.518654	0.075021	0.034171	
1	2.099609	0.518654	0.075021	0.034171	
1	2.096791	0.537109	0.075421	0.034285	
1	2.096791	0.537109	0.075421	0.034285	
1	2.087619	0.585938	0.076308	0.034549	
1	2.087619	0.585938	0.076308	0.034549	
1	2.076853	0.634766	0.077093	0.034798	
1	2.076853	0.634766	0.077093	0.034798	
1	2.064552	0.683594	0.077790	0.035034	
1	2.064552	0.683594	0.077790	0.035034	
1	2.050781	0.732398	0.078411	0.035257	
1	2.050781	0.732398	0.078411	0.035257	
1	2.050774	0.732422	0.078411	0.035257	
1	2.050774	0.732422	0.078411	0.035257	
1	2.034073	0.781250	0.078735	0.035380	
1	2.034073	0.781250	0.078735	0.035380	
1	2.015971	0.830078	0.079008	0.035489	
1	2.015971	0.830078	0.079008	0.035489	
1	2.001953	0.865063	0.079147	0.035548	
1	2.001953	0.865063	0.079147	0.035548	
1	1.995993	0.878906	0.079164	0.035555	
1	1.995993	0.878906	0.079164	0.035555	
1	1.973299	0.927734	0.079086	0.035518	
1	1.973299	0.927734	0.079086	0.035518	
1	1.953125	0.968812	0.079001	0.035476	
1	1.953125	0.968812	0.079001	0.035476	
1	1.949048	0.976562	0.078960	0.035456	
1	1.949048	0.976562	0.078960	0.035456	
1	1.921627	1.025391	0.078563	0.035254	
1	1.921627	1.025391	0.078563	0.035254	
1	1.904297	1.054819	0.078305	0.035116	
1	1.904297	1.054819	0.078305	0.035116	
1	1.892105	1.074219	0.078067	0.034987	
1	1.892105	1.074219	0.078067	0.034987	
1	1.859967	1.123047	0.077415	0.034620	
1	1.859967	1.123047	0.077415	0.034620	
1	1.855469	1.129528	0.077313	0.034562	
1	1.855469	1.129528	0.077313	0.034562	
1	1.824238	1.171875	0.076500	0.034079	
1	1.824238	1.171875	0.076500	0.034079	
1	1.806641	1.194818	0.076044	0.033798	
1	1.806641	1.194818	0.076044	0.033798	
1	1.785560	1.220703	0.075436	0.033414	
1	1.785560	1.220703	0.075436	0.033414	
1	1.757812	1.253473	0.074634	0.032892	
1	1.757812	1.253473	0.074634	0.032892	
1	1.743394	1.269531	0.074183	0.032591	
1	1.743394	1.269531	0.074183	0.032591	
1	1.708984	1.306385	0.073101	0.031846	
1	1.708984	1.306385	0.073101	0.031846	
1	1.697146	1.318359	0.072707	0.031567	
1	1.697146	1.318359	0.072707	0.031567	
1	1.660156	1.354324	0.071468	0.030666	
1	1.660156	1.354324	0.071468	0.030666	
1	1.646172	1.367188	0.070981	0.030302	
1	1.646172	1.367188	0.070981	0.030302	
1	1.611328	1.397974	0.069760	0.029366	
1	1.611328	1.397974	0.069760	0.029366	
1	1.589785	1.416016	0.068989	0.028757	
1	1.589785	1.416016	0.068989	0.028757	
1	1.562500	1.437944	0.068005	0.027961	
1	1.562500	1.437944	0.068005	0.027961	
1	1.527261	1.464844	0.066729	0.026896	
1	1.527261	1.464844	0.066729	0.026896	
1	1.513672	1.474788	0.066233	0.026473	
1	1.513672	1.474788	0.066233	0.026473	
1	1.464844	1.508576	0.064436	0.024892	
1	1.464844	1.508576	0.064436	0.024892	
1	1.456996	1.513672	0.064140	0.024625	
1	1.456996	1.513672	0.064140	0.024625	
1	1.416016	1.539097	0.062585	0.023189	
1	1.416016	1.539097	0.062585	0.023189	
1	1.376449	1.562500	0.061128	0.021795	
1	1.376449	1.562500	0.061128	0.021795	
1	1.367188	1.567727	0.060785	0.021460	
1	1.367188	1.567727	0.060785	0.021460	
1	1.318359	1.593329	0.058937	0.019606	
1	1.318359	1.593329	0.058937	0.019606	
1	1.282115	1.611328	0.057608	0.018223	
1	1.282115	1.611328	0.057608	0.018223	
1	1.269531	1.617267	0.057146	0.017732	
1	1.269531	1.617267	0.057146	0.017732	
1	1.220703	1.638485	0.055323	0.015744	
1	1.220703	1.638485	0.055323	0.015744	
1	1.171875	1.658508	0.053584	0.013768	
1	1.171875	1.658508	0.053584	0.013768	
1	1.167426	1.660156	0.053421	0.013578	
1	1.167426	1.660156	0.053421	0.013578	
1	1.123047	1.675667	0.051800	0.011656	
1	1.123047	1.675667	0.051800	0.011656	
1	1.074219	1.691386	0.050076	0.009530	
1	1.074219	1.691386	0.050076	0.009530	
1	1.025391	1.705777	0.048418	0.007399	
1	1.025391	1.705777	0.048418	0.007399	
1	1.013004	1.708984	0.047991	0.006836	
1	1.013004	1.708984	0.047991	0.006836	
1	0.976562	1.717808	0.046752	0.005168	
1	0.976562	1.717808	0.046752	0.005168	
1	0.927734	1.728153	0.045126	0.002899	
1	0.927734	1.728153	0.045126	0.002899	
1	0.878906	1.737083	0.043559	0.000615	
1	0.878906	1.737083	0.043559	0.000615	
1	0.830078	1.744561	0.042047	-0.001684	
1	0.830078	1.744561	0.042047	-0.001684	
1	0.781250	1.750548	0.040587	-0.004001	
1	0.781250	1.750548	0.040587	-0.004001	
1	0.732422	1.755010	0.039178	-0.006339	
1	0.732422	1.755010	0.039178	-0.006339	
1	0.685250	1.757812	0.037864	-0.008619	
1	0.685250	1.757812	0.037864	-0.008619	
1	0.683594	1.757902	0.037820	-0.008698	
1	0.683594	1.757902	0.037820	-0.008698	
1	0.634766	1.759070	0.036506	-0.011090	
1	0.634766	1.759070	0.036506	-0.011090	
1	0.585938	1.758829	0.035254	-0.013483	
1	0.585938	1.758829	0.035254	-0.013483	
1	0.555232	1.757812	0.034493	-0.014999	
1	0.555232	1.757812	0.034493	-0.014999	
1	0.537109	1.757110	0.034063	-0.015879	
1	0.537109	1.757110	0.034063	-0.015879	
1	0.488281	1.753676	0.032924	-0.018295	
1	0.488281	1.753676	0.032924	-0.018295	
1	0.439453	1.748708	0.031848	-0.020711	
1	0.439453	1.748708	0.031848	-0.020711	
1	0.390625	1.742266	0.030840	-0.023114	
1	0.390625	1.742266	0.030840	-0.023114	
1	0.341797	1.734434	0.029903	-0.025491	
1	0.341797	1.734434	0.029903	-0.025491	
1	0.292969	1.725323	0.029043	-0.027828	
1	0.292969	1.725323	0.029043	-0.027828	
1	0.244141	1.715063	0.028263	-0.030107	
1	0.244141	1.715063	0.028263	-0.030107	
1	0.217665	1.708984	0.027873	-0.031319	
1	0.217665	1.708984	0.027873	-0.031319	
1	0.195312	1.702838	0.027542	-0.032389	
1	0.195312	1.702838	0.027542	-0.032389	
1	0.146484	1.688468	0.026880	-0.034679	
1	0.146484	1.688468	0.026880	-0.034679	
1	0.097656	1.673322	0.026311	-0.036857	
1	0.097656	1.673322	0.026311	-0.036857	
1	0.056668	1.660156	0.025902	-0.038587	
1	0.056668	1.660156	0.025902	-0.038587	
1	0.048828	1.657091	0.025823	-0.038944	
1	0.048828	1.657091	0.025823	-0.038944	
1	0.000000	1.637638	0.025385	-0.041087	
1	0.000000	1.637638	0.025385	-0.041087	
1	-0.048828	1.618220	0.025046	-0.043038	
1	-0.048828	1.618220	0.025046	-0.043038	
1	-0.066235	1.611328	0.024947	-0.043686	
1	-0.066235	1.611328	0.024947	-0.043686	
1	-0.097656	1.596039	0.024770	-0.044984	
1	-0.097656	1.596039	0.024770	-0.044984	
1	-0.146484	1.573067	0.024576	-0.046781	
1	-0.146484	1.573067	0.024576	-0.046781	
1	-0.169818	1.562500	0.024513	-0.047545	
1	-0.169818	1.562500	0.024513	-0.047545	
1	-0.195312	1.548119	0.024453	-0.048496	
1	-0.195312	1.548119	0.024453	-0.048496	
1	-0.244141	1.522407	0.024402	-0.050046	
1	-0.244141	1.522407	0.024402	-0.050046	
1	-0.261867	1.513672	0.024399	-0.050526	
1	-0.261867	1.513672	0.024399	-0.050526	
1	-0.292969	1.494434	0.024416	-0.051508	
1	-0.292969	1.494434	0.024416	-0.051508	
1	-0.341797	1.467653	0.024484	-0.052698	
1	-0.341797	1.467653	0.024484	-0.052698	
1	-0.347341	1.464844	0.024493	-0.052809	
1	-0.347341	1.464844	0.024493	-0.052809	
1	-0.390625	1.437368	0.024609	-0.053843	
1	-0.390625	1.437368	0.024609	-0.053843	
1	-0.430737	1.416016	0.024712	-0.054477	
1	-0.430737	1.416016	0.024712	-0.054477	
1	-0.439453	1.410058	0.024746	-0.054653	
1	-0.439453	1.410058	0.024746	-0.054653	
1	-0.488281	1.381457	0.024904	-0.055322	
1	-0.488281	1.381457	0.024904	-0.055322	
1	-0.518085	1.367188	0.024964	-0.055526	
1	-0.518085	1.367188	0.024964	-0.055526	
1	-0.537109	1.355803	0.025024	-0.055704	
1	-0.537109	1.355803	0.025024	-0.055704	
1	-0.585938	1.331903	0.025091	-0.055868	
1	-0.585938	1.331903	0.025091	-0.055868	
1	-0.620193	1.318359	0.025060	-0.055797	
1	-0.620193	1.318359	0.025060	-0.055797	
1	-0.634766	1.311461	0.025053	-0.055782	
1	-0.634766	1.311461	0.025053	-0.055782	
1	-0.683594	1.291457	0.024930	-0.055559	
1	-0.683594	1.291457	0.024930	-0.055559	
1	-0.732422	1.275276	0.024640	-0.055114	
1	-0.732422	1.275276	0.024640	-0.055114	
1	-0.750375	1.269531	0.024501	-0.054919	
1	-0.750375	1.269531	0.024501	-0.054919	
1	-0.781250	1.258587	0.024243	-0.054581	
1	-0.781250	1.258587	0.024243	-0.054581	
1	-0.830078	1.242375	0.023704	-0.053936	
1	-0.830078	1.242375	0.023704	-0.053936	
1	-0.878906	1.227282	0.022994	-0.053171	
1	-0.878906	1.227282	0.022994	-0.053171	
1	-0.899046	1.220703	0.022665	-0.052838	
1	-0.899046	1.220703	0.022665	-0.052838	
1	-0.927734	1.210816	0.022161	-0.052352	
1	-0.927734	1.210816	0.022161	-0.052352	
1	-0.976562	1.193440	0.021184	-0.051472	
1	-0.976562	1.193440	0.021184	-0.051472	
1	-1.025391	1.176143	0.020029	-0.050512	
1	-1.025391	1.176143	0.020029	-0.050512	
1	-1.036210	1.171875	0.019760	-0.050299	
1	-1.036210	1.171875	0.019760	-0.050299	
1	-1.074219	1.156479	0.018755	-0.049530	
1	-1.074219	1.156479	0.018755	-0.049530	
1	-1.123047	1.136031	0.017311	-0.048495	
1	-1.123047	1.136031	0.017311	-0.048495	
1	-1.152223	1.123047	0.016375	-0.047861	
1	-1.152223	1.123047	0.016375	-0.047861	
1	-1.171875	1.114176	0.015706	-0.047423	
1	-1.171875	1.114176	0.015706	-0.047423	
1	-1.220703	1.090287	0.013953	-0.046332	
1	-1.220703	1.090287	0.013953	-0.046332	
1	-1.251843	1.074219	0.012747	-0.045622	
1	-1.251843	1.074219	0.012747	-0.045622	
1	-1.269531	1.065032	0.012022	-0.045210	
1	-1.269531	1.065032	0.012022	-0.045210	
1	-1.318359	1.037543	0.009933	-0.044077	
1	-1.318359	1.037543	0.009933	-0.044077	
1	-1.338455	1.025391	0.009030	-0.043612	
1	-1.338455	1.025391	0.009030	-0.043612	
1	-1.367188	1.007978	0.007668	-0.042934	
1	-1.367188	1.007978	0.007668	-0.042934	
1	-1.416016	0.976733	0.005205	-0.041779	
1	-1.416016	0.976733	0.005205	-0.041779	
1	-1.416257	0.976562	0.005193	-0.041773	
1	-1.416257	0.976562	0.005193	-0.041773	
1	-1.464844	0.942095	0.002586	-0.040640	
1	-1.464844	0.942095	0.002586	-0.040640	
1	-1.483806	0.927734	0.001524	-0.040202	
1	-1.483806	0.927734	0.001524	-0.040202	
1	-1.513672	0.905150	-0.000240	-0.039504	
1	-1.513672	0.905150	-0.000240	-0.039504	
1	-1.545904	0.878906	-0.002208	-0.038766	
1	-1.545904	0.878906	-0.002208	-0.038766	
1	-1.562500	0.865429	-0.003276	-0.038383	
1	-1.562500	0.865429	-0.003276	-0.038383	
1	-1.602653	0.830078	-0.005926	-0.037481	
1	-1.602653	0.830078	-0.005926	-0.037481	
1	-1.611328	0.822463	-0.006529	-0.037286	
1	-1.611328	0.822463	-0.006529	-0.037286	
1	-1.654402	0.781250	-0.009581	-0.036349	
1	-1.654402	0.781250	-0.009581	-0.036349	
1	-1.660156	0.775757	-0.010010	-0.036224	
1	-1.660156	0.775757	-0.010010	-0.036224	
1	-1.701650	0.732422	-0.013152	-0.035358	
1	-1.701650	0.732422	-0.013152	-0.035358	
1	-1.708984	0.724770	-0.013737	-0.035206	
1	-1.708984	0.724770	-0.013737	-0.035206	
1	-1.744969	0.683594	-0.016641	-0.034494	
1	-1.744969	0.683594	-0.016641	-0.034494	
1	-1.757812	0.668880	-0.017734	-0.034244	
1	-1.757812	0.668880	-0.017734	-0.034244	
1	-1.784933	0.634766	-0.020066	-0.033742	
1	-1.784933	0.634766	-0.020066	-0.033742	
1	-1.806641	0.607347	-0.022036	-0.033351	
1	-1.806641	0.607347	-0.022036	-0.033351	
1	-1.822075	0.585938	-0.023453	-0.033088	
1	-1.822075	0.585938	-0.023453	-0.033088	
1	-1.855469	0.539255	-0.026694	-0.032544	
1	-1.855469	0.539255	-0.026694	-0.032544	
1	-1.856867	0.537109	-0.026832	-0.032523	
1	-1.856867	0.537109	-0.026832	-0.032523	
1	-1.887729	0.488281	-0.029967	-0.032074	
1	-1.887729	0.488281	-0.029967	-0.032074	
1	-1.904297	0.461669	-0.031749	-0.031852	
1	-1.904297	0.461669	-0.031749	-0.031852	
1	-1.916841	0.439453	-0.033117	-0.031697	
1	-1.916841	0.439453	-0.033117	-0.031697	
1	-1.943614	0.390625	-0.036184	-0.031398	
1	-1.943614	0.390625	-0.036184	-0.031398	
1	-1.953125	0.372645	-0.037323	-0.031305	
1	-1.953125	0.372645	-0.037323	-0.031305	
1	-1.967885	0.341797	-0.039124	-0.031176	
1	-1.967885	0.341797	-0.039124	-0.031176	
1	-1.990298	0.292969	-0.042013	-0.031020	
1	-1.990298	0.292969	-0.042013	-0.031020	
1	-2.001953	0.266274	-0.043593	-0.030960	
1	-2.001953	0.266274	-0.043593	-0.030960	
1	-2.010688	0.244141	-0.044811	-0.030927	
1	-2.010688	0.244141	-0.044811	-0.030927	
1	-2.028745	0.195312	-0.047458	-0.030893	
1	-2.028745	0.195312	-0.047458	-0.030893	
1	-2.045635	0.146484	-0.050120	-0.030912	
1	-2.045635	0.146484	-0.050120	-0.030912	
1	-2.050781	0.130244	-0.050974	-0.030930	
1	-2.050781	0.130244	-0.050974	-0.030930	
1	-2.060092	0.097656	-0.052591	-0.030979	
1	-2.060092	0.097656	-0.052591	-0.030979	
1	-2.072688	0.048828	-0.054950	-0.031089	
1	-2.072688	0.048828	-0.054950	-0.031089	
1	-2.083877	0.000000	-0.057261	-0.031241	
1	-2.083877	0.000000	-0.057261	-0.031241	
1	-2.093567	-0.048828	-0.059503	-0.031431	
1	-2.093567	-0.048828	-0.059503	-0.031431	
1	-2.099609	-0.085223	-0.061094	-0.031594	
1	-2.099609	-0.085223	-0.061094	-0.031594	
1	-2.101467	-0.097656	-0.061625	-0.031653	
1	-2.101467	-0.097656	-0.061625	-0.031653	
1	-2.107272	-0.146484	-0.063569	-0.031893	
1	-2.107272	-0.146484	-0.063569	-0.031893	
1	-2.111548	-0.195312	-0.065424	-0.032157	
1	-2.111548	-0.195312	-0.065424	-0.032157	
1	-2.114259	-0.244141	-0.067180	-0.032440	
1	-2.114259	-0.244141	-0.067180	-0.032440	
1	-2.115380	-0.292969	-0.068832	-0.032737	
1	-2.115380	-0.292969	-0.068832	-0.032737	
1	-2.114899	-0.341797	-0.070375	-0.033045	
1	-2.114899	-0.341797	-0.070375	-0.033045	
1	-2.112813	-0.390625	-0.071807	-0.033357	
1	-2.112813	-0.390625	-0.071807	-0.033357	
1	-2.109130	-0.439453	-0.073130	-0.033672	
1	-2.109130	-0.439453	-0.073130	-0.033672	
1	-2.103869	-0.488281	-0.074348	-0.033986	
1	-2.103869	-0.488281	-0.074348	-0.033986	
1	-2.099609	-0.518654	-0.075021	-0.034171	
1	-2.099609	-0.518654	-0.075021	-0.034171	
1	-2.096791	-0.537109	-0.075421	-0.034285	
1	-2.096791	-0.537109	-0.075421	-0.034285	
1	-2.087619	-0.585938	-0.076308	-0.034549	
1	-2.087619	-0.585938	-0.076308	-0.034549	
1	-2.076853	-0.634766	-0.077093	-0.034798	
1	-2.076853	-0.634766	-0.077093	-0.034798	
1	-2.064552	-0.683594	-0.077790	-0.035034	
1	-2.064552	-0.683594	-0.077790	-0.035034	
1	-2.050781	-0.732398	-0.078411	-0.035257	
1	-2.050781	-0.732398	-0.078411	-0.035257	
1	-2.050774	-0.732422	-0.078411	-0.035257	
1	-2.050774	-0.732422	-0.078411	-0.035257	
1	-2.034073	-0.781250	-0.078735	-0.035380	
1	-2.034073	-0.781250	-0.078735	-0.035380	
1	-2.015971	-0.830078	-0.079008	-0.035489	
1	-2.015971	-0.830078	-0.079008	-0.035489	
1	-2.001953	-0.865063	-0.079147	-0.035548	
1	-2.001953	-0.865063	-0.079147	-0.035548	
1	-1.995993	-0.878906	-0.079164	-0.035555	
1	-1.995993	-0.878906	-0.079164	-0.035555	
1	-1.973299	-0.927734	-0.079086	-0.035518	
1	-1.973299	-0.927734	-0.079086	-0.035518	
1	-1.953125	-0.968812	-0.079001	-0.035476	
1	-1.953125	-0.968812	-0.079001	-0.035476	
1	-1.949048	-0.976562	-0.078960	-0.035456	
1	-1.949048	-0.976562	-0.078960	-0.035456	
1	-1.921627	-1.025391	-0.078563	-0.035254	
1	-1.921627	-1.025391	-0.078563	-0.035254	
1	-1.904297	-1.054819	-0.078305	-0.035116	
1	-1.904297	-1.054819	-0.078305	-0.035116	
1	-1.892105	-1.074219	-0.078067	-0.034987	
1	-1.892105	-1.074219	-0.078067	-0.034987	
1	-1.859967	-1.123047	-0.077415	-0.034620	
1	-1.859967	-1.123047	-0.077415	-0.034620	
1	-1.855469	-1.129528	-0.077313	-0.034562	
1	-1.855469	-1.129528	-0.077313	-0.034562	
1	-1.824238	-1.171875	-0.076500	-0.034079	
1	-1.824238	-1.171875	-0.076500	-0.034079	
1	-1.806641	-1.194818	-0.076044	-0.033798	
1	-1.806641	-1.194818	-0.076044	-0.033798	
1	-1.785560	-1.220703	-0.075436	-0.033414	
1	-1.785560	-1.220703	-0.075436	-0.033414	
1	-1.757812	-1.253473	-0.074634	-0.032892	
1	-1.757812	-1.253473	-0.074634	-0.032892	
1	-1.743394	-1.269531	-0.074183	-0.032591	
1	-1.743394	-1.269531	-0.074183	-0.032591	
1	-1.708984	-1.306385	-0.073101	-0.031846	
1	-1.708984	-1.306385	-0.073101	-0.031846	
1	-1.697146	-1.318359	-0.072707	-0.031567	
1	-1.697146	-1.318359	-0.072707	-0.031567	
1	-1.660156	-1.354324	-0.071468	-0.030666	
1	-1.660156	-1.354324	-0.071468	-0.030666	
1	-1.646172	-1.367188	-0.070981	-0.030302	
1	-1.646172	-1.367188	-0.070981	-0.030302	
1	-1.611328	-1.397974	-0.069760	-0.029366	
1	-1.611328	-1.397974	-0.069760	-0.029366	
1	-1.589785	-1.416016	-0.068989	-0.028757	
1	-1.589785	-1.416016	-0.068989	-0.028757	
1	-1.562500	-1.437944	-0.068005	-0.027961	
1	-1.562500	-1.437944	-0.068005	-0.027961	
1	-1.527261	-1.464844	-0.066729	-0.026896	
1	-1.527261	-1.464844	-0.066729	-0.026896	
1	-1.513672	-1.474788	-0.066233	-0.026473	
1	-1.513672	-1.474788	-0.066233	-0.026473	
1	-1.464844	-1.508576	-0.064436	-0.024892	
1	-1.464844	-1.508576	-0.064436	-0.024892	
1	-1.456996	-1.513672	-0.064140	-0.024625	
1	-1.456996	-1.513672	-0.064140	-0.024625	
1	-1.416016	-1.539097	-0.062585	-0.023189	
1	-1.416016	-1.539097	-0.062585	-0.023189	
1	-1.376449	-1.562500	-0.061128	-0.021795	
1	-1.376449	-1.562500	-0.061128	-0.021795	
1	-1.367188	-1.567727	-0.060785	-0.021460	
1	-1.367188	-1.567727	-0.060785	-0.021460	
1	-1.318359	-1.593329	-0.058937	-0.019606	
1	-1.318359	-1.593329	-0.058937	-0.019606	
1	-1.282115	-1.611328	-0.057608	-0.018223	
1	-1.282115	-1.611328	-0.057608	-0.018223	
1	-1.269531	-1.617267	-0.057146	-0.017732	
1	-1.269531	-1.617267	-0.057146	-0.017732	
1	-1.220703	-1.638485	-0.055323	-0.015744	
1	-1.220703	-1.638485	-0.055323	-0.015744	
1	-1.171875	-1.658508	-0.053584	-0.013768	
1	-1.171875	-1.658508	-0.053584	-0.013768	
1	-1.167426	-1.660156	-0.053421	-0.013578	
1	-1.167426	-1.660156	-0.053421	-0.013578	
1	-1.123047	-1.675667	-0.051800	-0.011656	
1	-1.123047	-1.675667	-0.051800	-0.011656	
1	-1.074219	-1.691386	-0.050076	-0.009530	
1	-1.074219	-1.691386	-0.050076	-0.009530	
1	-1.025391	-1.705777	-0.048418	-0.007399	
1	-1.025391	-1.705777	-0.048418	-0.007399	
1	-1.013004	-1.708984	-0.047991	-0.006836	
1	-1.013004	-1.708984	-0.047991	-0.006836	
1	-0.976562	-1.717808	-0.046752	-0.005168	
1	-0.976562	-1.717808	-0.046752	-0.005168	
1	-0.927734	-1.728153	-0.045126	-0.002899	
1	-0.927734	-1.728153	-0.045126	-0.002899	
1	-0.878906	-1.737083	-0.043559	-0.000615	
1	-0.878906	-1.737083	-0.043559	-0.000615	
1	-0.830078	-1.744561	-0.042047	0.001684	
1	-0.830078	-1.744561	-0.042047	0.001684	
1	-0.781250	-1.750548	-0.040587	0.004001	
1	-0.781250	-1.750548	-0.040587	0.004001	
1	-0.732422	-1.755010	-0.039178	0.006339	
1	-0.732422	-1.755010	-0.039178	0.006339	
1	-0.685250	-1.757812	-0.037864	0.008619	
1	-0.685250	-1.757812	-0.037864	0.008619	
1	-0.683594	-1.757902	-0.037820	0.008698	
1	-0.683594	-1.757902	-0.037820	0.008698	
1	-0.634766	-1.759070	-0.036506	0.011090	
1	-0.634766	-1.759070	-0.036506	0.011090	
1	-0.585938	-1.758829	-0.035254	0.013483	
1	-0.585938	-1.758829	-0.035254	0.013483	
1	-0.555232	-1.757812	-0.034493	0.014999	
1	-0.555232	-1.757812	-0.034493	0.014999	
1	-0.537109	-1.757110	-0.034063	0.015879	
1	-0.537109	-1.757110	-0.034063	0.015879	
1	-0.488281	-1.753676	-0.032924	0.018295	
1	-0.488281	-1.753676	-0.032924	0.018295	
1	-0.439453	-1.748708	-0.031848	0.020711	
1	-0.439453	-1.748708	-0.031848	0.020711	
1	-0.390625	-1.742266	-0.030840	0.023114	
1	-0.390625	-1.742266	-0.030840	0.023114	
1	-0.341797	-1.734434	-0.029903	0.025491	
1	-0.341797	-1.734434	-0.029903	0.025491	
1	-0.292969	-1.725323	-0.029043	0.027828	
1	-0.292969	-1.725323	-0.029043	0.027828	
1	-0.244141	-1.715063	-0.028263	0.030107	
1	-0.244141	-1.715063	-0.028263	0.030107	
1	-0.217665	-1.708984	-0.027873	0.031319	
1	-0.217665	-1.708984	-0.027873	0.031319	
1	-0.195312	-1.702838	-0.027542	0.032389	
1	-0.195312	-1.702838	-0.027542	0.032389	
1	-0.146484	-1.688468	-0.026880	0.034679	
