#REFERENCE 3 328.3894840 17.6993580
1	-0.203860	-0.976562	-0.009969	0.052521	
1	-0.195312	-0.981699	-0.010319	0.052815	
1	-0.195312	-0.981699	-0.010319	0.052815	
1	-0.203860	-0.976562	-0.009969	0.052521	
1	-0.244141	-0.953632	-0.008332	0.051094	
1	-0.244141	-0.953632	-0.008332	0.051094	
1	-0.284172	-0.927734	-0.006602	0.049497	
1	-0.284172	-0.927734	-0.006602	0.049497	
1	-0.292969	-0.922237	-0.006224	0.049136	
1	-0.292969	-0.922237	-0.006224	0.049136	
1	-0.341797	-0.888001	-0.004013	0.046937	
1	-0.341797	-0.888001	-0.004013	0.046937	
1	-0.353457	-0.878906	-0.003457	0.046360	
1	-0.353457	-0.878906	-0.003457	0.046360	
1	-0.390625	-0.850342	-0.001691	0.044465	
1	-0.390625	-0.850342	-0.001691	0.044465	
1	-0.414453	-0.830078	-0.000502	0.043133	
1	-0.414453	-0.830078	-0.000502	0.043133	
1	-0.439453	-0.808825	0.000744	0.041689	
1	-0.439453	-0.808825	0.000744	0.041689	
1	-0.469030	-0.781250	0.002285	0.039831	
1	-0.469030	-0.781250	0.002285	0.039831	
1	-0.488281	-0.763071	0.003291	0.038575	
1	-0.488281	-0.763071	0.003291	0.038575	
1	-0.518149	-0.732422	0.004914	0.036472	
1	-0.518149	-0.732422	0.004914	0.036472	
1	-0.537109	-0.712474	0.005951	0.035079	
1	-0.537109	-0.712474	0.005951	0.035079	
1	-0.562604	-0.683594	0.007394	0.033071	
1	-0.562604	-0.683594	0.007394	0.033071	
1	-0.585938	-0.656183	0.008728	0.031142	
1	-0.585938	-0.656183	0.008728	0.031142	
1	-0.603028	-0.634766	0.009733	0.029638	
1	-0.603028	-0.634766	0.009733	0.029638	
1	-0.634766	-0.593065	0.011625	0.026685	
1	-0.634766	-0.593065	0.011625	0.026685	
1	-0.639899	-0.585938	0.011938	0.026180	
1	-0.639899	-0.585938	0.011938	0.026180	
1	-0.673342	-0.537109	0.014008	0.022715	
1	-0.673342	-0.537109	0.014008	0.022715	
1	-0.683594	-0.521172	0.014656	0.021583	
1	-0.683594	-0.521172	0.014656	0.021583	
1	-0.703835	-0.488281	0.015952	0.019244	
1	-0.703835	-0.488281	0.015952	0.019244	
1	-0.731685	-0.439453	0.017774	0.015772	
1	-0.731685	-0.439453	0.017774	0.015772	
1	-0.732422	-0.438065	0.017824	0.015674	
1	-0.732422	-0.438065	0.017824	0.015674	
1	-0.756798	-0.390625	0.019474	0.012315	
1	-0.756798	-0.390625	0.019474	0.012315	
1	-0.779625	-0.341797	0.021060	0.008871	
1	-0.779625	-0.341797	0.021060	0.008871	
1	-0.781250	-0.337992	0.021178	0.008604	
1	-0.781250	-0.337992	0.021178	0.008604	
1	-0.800086	-0.292969	0.022530	0.005450	
1	-0.800086	-0.292969	0.022530	0.005450	
1	-0.818402	-0.244141	0.023889	0.002057	
1	-0.818402	-0.244141	0.023889	0.002057	
1	-0.830078	-0.209124	0.024796	-0.000352	
1	-0.830078	-0.209124	0.024796	-0.000352	
1	-0.834650	-0.195312	0.025141	-0.001303	
1	-0.834650	-0.195312	0.025141	-0.001303	
1	-0.848877	-0.146484	0.026286	-0.004623	
1	-0.848877	-0.146484	0.026286	-0.004623	
1	-0.861155	-0.097656	0.027327	-0.007899	
1	-0.861155	-0.097656	0.027327	-0.007899	
1	-0.871537	-0.048828	0.028268	-0.011126	
1	-0.871537	-0.048828	0.028268	-0.011126	
1	-0.878906	-0.006600	0.029001	-0.013871	
1	-0.878906	-0.006600	0.029001	-0.013871	
1	-0.880074	0.000000	0.029110	-0.014298	
1	-0.880074	0.000000	0.029110	-0.014298	
1	-0.886831	0.048828	0.029856	-0.017411	
1	-0.886831	0.048828	0.029856	-0.017411	
1	-0.891791	0.097656	0.030508	-0.020461	
1	-0.891791	0.097656	0.030508	-0.020461	
1	-0.894975	0.146484	0.031068	-0.023441	
1	-0.894975	0.146484	0.031068	-0.023441	
1	-0.896395	0.195312	0.031540	-0.026347	
1	-0.896395	0.195312	0.031540	-0.026347	
1	-0.896055	0.244141	0.031925	-0.029175	
1	-0.896055	0.244141	0.031925	-0.029175	
1	-0.893946	0.292969	0.032227	-0.031919	
1	-0.893946	0.292969	0.032227	-0.031919	
1	-0.890048	0.341797	0.032447	-0.034575	
1	-0.890048	0.341797	0.032447	-0.034575	
1	-0.884327	0.390625	0.032588	-0.037137	
1	-0.884327	0.390625	0.032588	-0.037137	
1	-0.878906	0.425941	0.032642	-0.038929	
1	-0.878906	0.425941	0.032642	-0.038929	
1	-0.876763	0.439453	0.032652	-0.039601	
1	-0.876763	0.439453	0.032652	-0.039601	
1	-0.867382	0.488281	0.032644	-0.041961	
1	-0.867382	0.488281	0.032644	-0.041961	
1	-0.856035	0.537109	0.032565	-0.044213	
1	-0.856035	0.537109	0.032565	-0.044213	
1	-0.842606	0.585938	0.032417	-0.046349	
1	-0.842606	0.585938	0.032417	-0.046349	
1	-0.830078	0.625548	0.032250	-0.047995	
1	-0.830078	0.625548	0.032250	-0.047995	
1	-0.826977	0.634766	0.032205	-0.048366	
1	-0.826977	0.634766	0.032205	-0.048366	
1	-0.809167	0.683594	0.031931	-0.050257	
1	-0.809167	0.683594	0.031931	-0.050257	
1	-0.788781	0.732422	0.031597	-0.052017	
1	-0.788781	0.732422	0.031597	-0.052017	
1	-0.781250	0.749347	0.031468	-0.052594	
1	-0.781250	0.749347	0.031468	-0.052594	
1	-0.765635	0.781250	0.031206	-0.053639	
1	-0.765635	0.781250	0.031206	-0.053639	
1	-0.739320	0.830078	0.030761	-0.055118	
1	-0.739320	0.830078	0.030761	-0.055118	
1	-0.732422	0.842441	0.030640	-0.055466	
1	-0.732422	0.842441	0.030640	-0.055466	
1	-0.709196	0.878906	0.030260	-0.056449	
1	-0.709196	0.878906	0.030260	-0.056449	
1	-0.683594	0.916203	0.029841	-0.057358	
1	-0.683594	0.916203	0.029841	-0.057358	
1	-0.674264	0.927734	0.029701	-0.057627	
1	-0.674264	0.927734	0.029701	-0.057627	
1	-0.634766	0.974626	0.029102	-0.058610	
1	-0.634766	0.974626	0.029102	-0.058610	
1	-0.632760	0.976562	0.029074	-0.058649	
1	-0.632760	0.976562	0.029074	-0.058649	
1	-0.585938	1.021470	0.028411	-0.059451	
1	-0.585938	1.021470	0.028411	-0.059451	
1	-0.580588	1.025391	0.028342	-0.059520	
1	-0.580588	1.025391	0.028342	-0.059520	
1	-0.537109	1.058223	0.027758	-0.060009	
1	-0.537109	1.058223	0.027758	-0.060009	
1	-0.506366	1.074219	0.027370	-0.060249	
1	-0.506366	1.074219	0.027370	-0.060249	
1	-0.488281	1.084338	0.027130	-0.060369	
1	-0.488281	1.084338	0.027130	-0.060369	
1	-0.439453	1.103156	0.026486	-0.060594	
1	-0.439453	1.103156	0.026486	-0.060594	
1	-0.390625	1.114329	0.025806	-0.060712	
1	-0.390625	1.114329	0.025806	-0.060712	
1	-0.341797	1.120220	0.025060	-0.060732	
1	-0.341797	1.120220	0.025060	-0.060732	
1	-0.292969	1.122037	0.024234	-0.060655	
1	-0.292969	1.122037	0.024234	-0.060655	
1	-0.244141	1.120430	0.023318	-0.060475	
1	-0.244141	1.120430	0.023318	-0.060475	
1	-0.195312	1.115747	0.022305	-0.060187	
1	-0.195312	1.115747	0.022305	-0.060187	
1	-0.146484	1.108155	0.021190	-0.059782	
1	-0.146484	1.108155	0.021190	-0.059782	
1	-0.097656	1.097698	0.019967	-0.059250	
1	-0.097656	1.097698	0.019967	-0.059250	
1	-0.048828	1.084328	0.018632	-0.058580	
1	-0.048828	1.084328	0.018632	-0.058580	
1	-0.018995	1.074219	0.017752	-0.058092	
1	-0.018995	1.074219	0.017752	-0.058092	
1	0.000000	1.068581	0.017188	-0.057763	
1	0.000000	1.068581	0.017188	-0.057763	
1	0.048828	1.050960	0.015642	-0.056795	
1	0.048828	1.050960	0.015642	-0.056795	
1	0.097656	1.030165	0.013974	-0.055651	
1	0.097656	1.030165	0.013974	-0.055651	
1	0.107274	1.025391	0.013624	-0.055399	
1	0.107274	1.025391	0.013624	-0.055399	
1	0.146484	1.007479	0.012207	-0.054334	
1	0.146484	1.007479	0.012207	-0.054334	
1	0.195312	0.981699	0.010319	-0.052815	
1	0.195312	0.981699	0.010319	-0.052815	
1	0.203860	0.976562	0.009969	-0.052521	
1	0.203860	0.976562	0.009969	-0.052521	
1	0.244141	0.953632	0.008332	-0.051094	
1	0.244141	0.953632	0.008332	-0.051094	
1	0.284172	0.927734	0.006602	-0.049497	
1	0.284172	0.927734	0.006602	-0.049497	
1	0.292969	0.922237	0.006224	-0.049136	
1	0.292969	0.922237	0.006224	-0.049136	
1	0.341797	0.888001	0.004013	-0.046937	
1	0.341797	0.888001	0.004013	-0.046937	
1	0.353457	0.878906	0.003457	-0.046360	
1	0.353457	0.878906	0.003457	-0.046360	
1	0.390625	0.850342	0.001691	-0.044465	
1	0.390625	0.850342	0.001691	-0.044465	
1	0.414453	0.830078	0.000502	-0.043133	
1	0.414453	0.830078	0.000502	-0.043133	
1	0.439453	0.808825	-0.000744	-0.041689	
1	0.439453	0.808825	-0.000744	-0.041689	
1	0.469030	0.781250	-0.002285	-0.039831	
1	0.469030	0.781250	-0.002285	-0.039831	
1	0.488281	0.763071	-0.003291	-0.038575	
1	0.488281	0.763071	-0.003291	-0.038575	
1	0.518149	0.732422	-0.004914	-0.036472	
1	0.518149	0.732422	-0.004914	-0.036472	
1	0.537109	0.712474	-0.005951	-0.035079	
1	0.537109	0.712474	-0.005951	-0.035079	
1	0.562604	0.683594	-0.007394	-0.033071	
1	0.562604	0.683594	-0.007394	-0.033071	
1	0.585938	0.656183	-0.008728	-0.031142	
1	0.585938	0.656183	-0.008728	-0.031142	
1	0.603028	0.634766	-0.009733	-0.029638	
1	0.603028	0.634766	-0.009733	-0.029638	
1	0.634766	0.593065	-0.011625	-0.026685	
1	0.634766	0.593065	-0.011625	-0.026685	
1	0.639899	0.585938	-0.011938	-0.026180	
1	0.639899	0.585938	-0.011938	-0.026180	
1	0.673342	0.537109	-0.014008	-0.022715	
1	0.673342	0.537109	-0.014008	-0.022715	
1	0.683594	0.521172	-0.014656	-0.021583	
1	0.683594	0.521172	-0.014656	-0.021583	
1	0.703835	0.488281	-0.015952	-0.019244	
1	0.703835	0.488281	-0.015952	-0.019244	
1	0.731685	0.439453	-0.017774	-0.015772	
1	0.731685	0.439453	-0.017774	-0.015772	
1	0.732422	0.438065	-0.017824	-0.015674	
1	0.732422	0.438065	-0.017824	-0.015674	
1	0.756798	0.390625	-0.019474	-0.012315	
1	0.756798	0.390625	-0.019474	-0.012315	
1	0.779625	0.341797	-0.021060	-0.008871	
1	0.779625	0.341797	-0.021060	-0.008871	
1	0.781250	0.337992	-0.021178	-0.008604	
1	0.781250	0.337992	-0.021178	-0.008604	
1	0.800086	0.292969	-0.022530	-0.005450	
1	0.800086	0.292969	-0.022530	-0.005450	
1	0.818402	0.244141	-0.023889	-0.002057	
1	0.818402	0.244141	-0.023889	-0.002057	
1	0.830078	0.209124	-0.024796	0.000352	
1	0.830078	0.209124	-0.024796	0.000352	
1	0.834650	0.195312	-0.025141	0.001303	
1	0.834650	0.195312	-0.025141	0.001303	
1	0.848877	0.146484	-0.026286	0.004623	
1	0.848877	0.146484	-0.026286	0.004623	
1	0.861155	0.097656	-0.027327	0.007899	
1	0.861155	0.097656	-0.027327	0.007899	
1	0.871537	0.048828	-0.028268	0.011126	
1	0.871537	0.048828	-0.028268	0.011126	
1	0.878906	0.006600	-0.029001	0.013871	
1	0.878906	0.006600	-0.029001	0.013871	
1	0.880074	0.000000	-0.029110	0.014298	
1	0.880074	0.000000	-0.029110	0.014298	
1	0.886831	-0.048828	-0.029856	0.017411	
1	0.886831	-0.048828	-0.029856	0.017411	
1	0.891791	-0.097656	-0.030508	0.020461	
1	0.891791	-0.097656	-0.030508	0.020461	
1	0.894975	-0.146484	-0.031068	0.023441	
1	0.894975	-0.146484	-0.031068	0.023441	
1	0.896395	-0.195312	-0.031540	0.026347	
1	0.896395	-0.195312	-0.031540	0.026347	
1	0.896055	-0.244141	-0.031925	0.029175	
1	0.896055	-0.244141	-0.031925	0.029175	
1	0.893946	-0.292969	-0.032227	0.031919	
1	0.893946	-0.292969	-0.032227	0.031919	
1	0.890048	-0.341797	-0.032447	0.034575	
1	0.890048	-0.341797	-0.032447	0.034575	
1	0.884327	-0.390625	-0.032588	0.037137	
1	0.884327	-0.390625	-0.032588	0.037137	
1	0.878906	-0.425941	-0.032642	0.038929	
1	0.878906	-0.425941	-0.032642	0.038929	
1	0.876763	-0.439453	-0.032652	0.039601	
1	0.876763	-0.439453	-0.032652	0.039601	
1	0.867382	-0.488281	-0.032644	0.041961	
1	0.867382	-0.488281	-0.032644	0.041961	
1	0.856035	-0.537109	-0.032565	0.044213	
1	0.856035	-0.537109	-0.032565	0.044213	
1	0.842606	-0.585938	-0.032417	0.046349	
1	0.842606	-0.585938	-0.032417	0.046349	
1	0.830078	-0.625548	-0.032250	0.047995	
1	0.830078	-0.625548	-0.032250	0.047995	
1	0.826977	-0.634766	-0.032205	0.048366	
1	0.826977	-0.634766	-0.032205	0.048366	
1	0.809167	-0.683594	-0.031931	0.050257	
1	0.809167	-0.683594	-0.031931	0.050257	
1	0.788781	-0.732422	-0.031597	0.052017	
1	0.788781	-0.732422	-0.031597	0.052017	
1	0.781250	-0.749347	-0.031468	0.052594	
1	0.781250	-0.749347	-0.031468	0.052594	
1	0.765635	-0.781250	-0.031206	0.053639	
1	0.765635	-0.781250	-0.031206	0.053639	
1	0.739320	-0.830078	-0.030761	0.055118	
1	0.739320	-0.830078	-0.030761	0.055118	
1	0.732422	-0.842441	-0.030640	0.055466	
1	0.732422	-0.842441	-0.030640	0.055466	
1	0.709196	-0.878906	-0.030260	0.056449	
1	0.709196	-0.878906	-0.030260	0.056449	
1	0.683594	-0.916203	-0.029841	0.057358	
1	0.683594	-0.916203	-0.029841	0.057358	
1	0.674264	-0.927734	-0.029701	0.057627	
1	0.674264	-0.927734	-0.029701	0.057627	
1	0.634766	-0.974626	-0.029102	0.058610	
1	0.634766	-0.974626	-0.029102	0.058610	
1	0.632760	-0.976562	-0.029074	0.058649	
1	0.632760	-0.976562	-0.029074	0.058649	
1	0.585938	-1.021470	-0.028411	0.059451	
1	0.585938	-1.021470	-0.028411	0.059451	
1	0.580588	-1.025391	-0.028342	0.059520	
1	0.580588	-1.025391	-0.028342	0.059520	
1	0.537109	-1.058223	-0.027758	0.060009	
1	0.537109	-1.058223	-0.027758	0.060009	
1	0.506366	-1.074219	-0.027370	0.060249	
1	0.506366	-1.074219	-0.027370	0.060249	
1	0.488281	-1.084338	-0.027130	0.060369	
1	0.488281	-1.084338	-0.027130	0.060369	
1	0.439453	-1.103156	-0.026486	0.060594	
1	0.439453	-1.103156	-0.026486	0.060594	
1	0.390625	-1.114329	-0.025806	0.060712	
1	0.390625	-1.114329	-0.025806	0.060712	
1	0.341797	-1.120220	-0.025060	0.060732	
1	0.341797	-1.120220	-0.025060	0.060732	
1	0.292969	-1.122037	-0.024234	0.060655	
1	0.292969	-1.122037	-0.024234	0.060655	
1	0.244141	-1.120430	-0.023318	0.060475	
1	0.244141	-1.120430	-0.023318	0.060475	
1	0.195312	-1.115747	-0.022305	0.060187	
1	0.195312	-1.115747	-0.022305	0.060187	
1	0.146484	-1.108155	-0.021190	0.059782	
1	0.146484	-1.108155	-0.021190	0.059782	
1	0.097656	-1.097698	-0.019967	0.059250	
1	0.097656	-1.097698	-0.019967	0.059250	
1	0.048828	-1.084328	-0.018632	0.058580	
1	0.048828	-1.084328	-0.018632	0.058580	
1	0.018995	-1.074219	-0.017752	0.058092	
1	0.018995	-1.074219	-0.017752	0.058092	
1	0.000000	-1.068581	-0.017188	0.057763	
1	0.000000	-1.068581	-0.017188	0.057763	
1	-0.048828	-1.050960	-0.015642	0.056795	
1	-0.048828	-1.050960	-0.015642	0.056795	
1	-0.097656	-1.030165	-0.013974	0.055651	
1	-0.097656	-1.030165	-0.013974	0.055651	
1	-0.107274	-1.025391	-0.013624	0.055399	
1	-0.107274	-1.025391	-0.013624	0.055399	
1	-0.146484	-1.007479	-0.012207	0.054334	
1	-0.146484	-1.007479	-0.012207	0.054334	
