1 -5410.194584 0.637476 9.874633 5.430025 82.936270 0.000000
1 -5410.194725 0.603311 75.458679 9.385508 471.527658 0.000000
1 -5410.194609 0.644440 -55.837616 6.737801 375.862799 0.000000
1 -5410.194584 0.290706 15.676729 11.556725 281.097631 0.000000
1 -5410.194583 0.228516 -68.993387 10.093116 206.110284 0.000000
1 -5410.194610 0.500758 17.382196 7.444086 344.323884 0.000000
1 -5410.194585 0.022416 -39.711053 6.313019 209.349172 0.000000
1 -5410.194584 0.270708 10.729738 10.027792 243.612755 0.000000
1 -5410.295878 0.616031 -22.931061 0.568250 123.749835 0.000000
1 -5410.194688 0.228561 -13.906678 6.027612 388.566738 0.000000
1 -5410.199613 0.605077 -35.125248 4.879693 492.140812 -1.733993
1 -5410.276888 0.689281 53.936621 4.881542 414.610983 -1.733993
1 -5410.194623 0.773319 -6.497032 10.696687 412.923688 -1.733993
1 -1805.838773 0.099724 36.711809 2.270229 353.050933 -1.733993
1 -5410.194613 0.391034 32.066526 7.911932 387.124809 -1.733993
1 -7.455873 0.251841 63.460607 2.160624 336.490861 -1.733993
1 -5410.194583 0.617815 16.511155 8.824461 37.738009 -1.733993
1 -1840.687864 0.539130 -26.410279 0.828191 333.111580 -1.733993
1 -5410.194584 0.652939 76.265501 12.350619 214.120237 -1.733993
1 -5410.195759 0.455168 31.369200 5.139964 390.484554 -1.733993
1 -1840.687864 0.539130 -26.410279 0.828191 333.111580 -2.346909
1 -5410.194595 0.460342 -30.004654 10.243055 452.528068 -2.346909
1 -5410.194757 0.204697 15.113446 6.863556 453.153762 -2.346909
1 -1805.075272 0.618097 19.754668 3.650819 392.738091 -2.346909
1 -7.253823 0.291540 65.785475 2.146748 330.520307 -2.346909
1 -3608.966343 0.468911 63.694351 0.266013 165.667969 -2.346909
1 -5410.195684 0.419573 -87.584013 6.770808 490.477159 -2.346909
1 -47.714496 0.504242 -59.176640 1.327561 354.492409 -2.346909
1 -5410.194589 0.777699 5.315201 5.700253 141.283740 -2.346909
1 -5410.194583 0.133405 13.288220 6.987631 136.270393 -2.346909
1 -5410.194583 0.401094 -26.816903 11.917723 72.892850 -2.840047
1 -5410.194585 0.109824 -30.251358 7.373402 259.454556 -2.840047
1 -1804.686504 0.642756 39.627894 4.171874 408.218128 -2.840047
1 -69.933600 0.654878 34.768903 1.164430 327.442768 -2.840047
1 -5410.194584 0.693814 77.461643 5.561327 96.301170 -2.840047
1 -5410.194583 0.375286 25.537325 12.700392 92.020557 -2.840047
1 -1808.506449 0.032017 -11.369367 2.685105 379.186921 -2.840047
1 -1807.001477 0.371062 64.572014 0.139684 197.688275 -2.840047
1 -5410.195162 0.301801 38.199301 6.014207 436.363393 -2.840047
1 -28.567889 0.324800 59.212067 2.106943 335.005696 -2.840047
1 -3640.229930 0.172472 77.026177 0.928973 400.123355 -3.125147
1 -1883.091174 0.285093 50.394044 0.863468 346.904318 -3.125147
1 -1809.995080 0.605793 63.340593 4.192960 426.140576 -3.125147
1 -5.971271 0.526430 70.249157 0.044197 170.399046 -3.125147
1 -5410.194776 0.254841 -70.793096 4.523331 341.646889 -3.125147
1 -55.163828 0.611866 34.609356 1.250888 348.764422 -3.125147
1 -46.367046 0.721224 -35.115302 0.989885 366.285597 -3.125147
1 -5410.194583 0.228783 -9.344805 12.718657 225.204116 -3.125147
1 -3632.835280 0.223391 61.263914 1.187935 389.743011 -3.125147
1 -11.080064 0.321710 -6.821816 1.675668 339.376714 -3.125147
1 -5410.194593 0.588327 63.216588 8.100168 273.310223 -3.487675
1 -3718.942922 0.206800 21.887335 0.549907 324.882945 -3.487675
1 -5410.206513 0.759818 60.636303 2.169547 198.460228 -3.487675
1 -1807.595404 0.436596 63.019280 0.045742 193.948081 -3.487675
1 -5410.194583 0.683972 67.850565 10.120817 65.183580 -3.487675
1 -1808.050521 0.753181 -73.545278 0.620597 317.139126 -3.487675
1 -42.386847 0.693524 -41.480328 0.809657 345.492893 -3.487675
1 -5410.194584 0.345081 42.058553 6.322035 138.547667 -3.487675
1 -9.823412 0.585241 41.550785 1.415369 302.176678 -3.487675
1 -20.025722 0.318178 -4.719618 1.547165 340.701987 -3.487675
1 -5410.194583 0.691918 -35.545889 12.001086 66.343256 -3.705645
1 -17.018566 0.748935 36.513209 0.574975 304.661187 -3.705645
1 -1833.739150 0.790346 -69.948756 0.373554 305.688250 -3.705645
1 -5.548544 0.402669 42.030060 0.691860 244.928539 -3.705645
1 -10.584017 0.565032 35.079966 1.262854 298.621797 -3.705645
1 -1834.242013 0.004373 81.102922 1.563541 336.986032 -3.705645
1 -1850.028877 0.390134 -23.649947 0.548247 259.822743 -3.705645
1 -5410.321583 0.677202 -56.251303 1.184651 437.411466 -3.705645
1 -13.377688 0.672270 42.288771 0.977781 291.548766 -3.705645
1 -1807.624320 0.641482 84.327249 0.600429 223.310173 -3.705645
1 -96.683134 0.509560 80.310813 0.525849 332.378581 -3.820421
1 -8.983381 0.742644 56.759729 1.927494 313.387464 -3.820421
1 -51.766734 0.640845 -82.877387 1.066057 356.788434 -3.820421
1 -35.598854 0.418313 48.780213 0.999362 277.938299 -3.820421
1 -55.336241 0.677495 -35.020826 1.524139 397.805492 -3.820421
1 -1991.234577 0.643317 -44.926385 0.148353 352.105992 -3.820421
1 -1824.028864 0.659926 36.849993 1.247237 287.739657 -3.820421
1 -5410.194583 0.355309 -79.476683 13.278027 114.197227 -3.820421
1 -50.370520 0.772246 33.335717 0.676806 319.722428 -3.820421
1 -6.879049 0.651036 76.934453 0.296107 188.553664 -3.820421
1 -1888.409979 0.072724 71.550284 0.424392 297.452145 -3.917797
1 -14.743213 0.762847 42.939369 0.929306 300.931827 -3.917797
1 -1806.972785 0.463733 57.249469 1.187358 262.163873 -3.917797
1 -109.764249 0.387146 72.987553 0.616086 319.797696 -3.917797
1 -1814.394107 0.775694 49.473049 0.117017 262.261633 -3.917797
1 -128.869034 0.638529 -53.033352 0.198934 342.548976 -3.917797
1 -1838.137798 0.722158 50.920178 0.099678 252.110291 -3.917797
1 -9.383241 0.776915 51.519685 1.133372 284.774861 -3.917797
1 -111.828514 0.657818 -34.882922 0.139949 322.995933 -3.917797
1 -6.834916 0.658069 78.308223 0.373635 187.541980 -3.917797
1 -1806.429340 0.191662 74.327951 0.289012 202.174885 -4.027018
1 -8.689341 0.773511 51.219413 1.061554 277.272460 -4.027018
1 -1808.062976 0.712357 -14.959753 0.305250 235.120084 -4.027018
1 -90.227659 0.382216 72.307980 0.693001 319.786506 -4.027018
1 -60.805411 0.662137 53.955903 0.159076 281.705979 -4.027018
1 -126.962554 0.638450 -51.992820 0.200235 341.435136 -4.027018
1 -1804.760313 0.728365 45.925930 0.594749 199.770541 -4.027018
1 -1825.177134 0.583912 89.153529 0.452851 259.659384 -4.027018
1 -114.580962 0.701924 -31.222677 0.066516 323.642963 -4.027018
1 -7.416062 0.674562 84.182350 0.364198 183.135347 -4.027018
1 -5.748227 0.207442 68.705513 0.421097 198.758348 -4.119411
1 -11.786408 0.682836 38.256893 1.315864 307.199806 -4.119411
1 -3679.811913 0.650267 4.374678 1.460765 324.618784 -4.119411
1 -50.221603 0.376914 67.060863 0.632042 286.472566 -4.119411
1 -126.193160 0.696056 70.521208 0.162805 343.919189 -4.119411
1 -43.497695 0.672777 -41.948580 0.413861 326.455482 -4.119411
1 -37.498797 0.189689 66.249026 0.951299 288.557235 -4.119411
1 -59.378204 0.637272 -42.209220 0.584805 310.811194 -4.119411
1 -1834.563592 0.483981 85.158385 0.346767 259.020901 -4.119411
1 -7.054030 0.625996 80.625919 0.367058 185.963892 -4.119411
1 -8.288582 0.230377 53.818344 0.582672 232.200621 -4.172113
1 -85.595221 0.572340 -33.164247 0.172892 304.340165 -4.172113
1 -3621.560943 0.606336 21.179812 0.077370 270.124932 -4.172113
1 -4.868638 0.226575 41.256372 0.902791 256.278658 -4.172113
1 -50.643821 0.775523 45.521281 1.650791 333.963774 -4.172113
1 -69.970861 0.735363 -39.893555 0.355427 321.286588 -4.172113
1 -21.952971 0.060219 59.619689 1.010485 259.850248 -4.172113
1 -58.428557 0.620393 -36.458352 0.678001 309.998367 -4.172113
1 -21.178229 0.292085 42.559490 0.304341 209.823086 -4.172113
1 -7.252496 0.787145 67.444018 0.257801 214.503028 -4.172113
1 -1810.396977 0.131761 30.371215 1.615088 305.009093 -4.222021
1 -8.095387 0.634145 46.226473 5.977702 493.618608 -4.222021
1 -1812.369373 0.671228 77.525094 0.171375 188.678879 -4.222021
1 -6.685164 0.257477 29.369256 1.197035 289.510684 -4.222021
1 -8.292687 0.345271 78.257209 3.437915 399.817052 -4.222021
1 -78.738150 0.648995 -29.524037 0.131207 299.755224 -4.222021
1 -38.592597 0.789773 49.928569 0.225048 253.004986 -4.222021
1 -23.382930 0.574549 -21.467192 0.952813 320.516230 -4.222021
1 -16.702264 0.276084 40.793795 0.300055 207.575630 -4.222021
1 -6.269772 0.705429 65.810633 0.248518 201.321392 -4.222021
1 -8.260882 0.614025 46.529368 5.746238 487.184614 -4.224455
1 -6.672791 0.622897 45.952650 5.788513 484.471744 -4.224455
1 -22.010881 0.402625 35.053498 0.102634 209.709055 -4.224455
1 -26.881684 0.260824 28.105958 0.915199 271.999750 -4.224455
1 -8.659480 0.346456 78.390271 3.477538 402.678569 -4.224455
1 -36.945395 0.624660 -33.229192 1.084430 349.804086 -4.224455
1 -9.979478 0.737786 53.187041 0.227093 244.596693 -4.224455
1 -23.689220 0.553558 -21.340893 0.984024 322.163588 -4.224455
1 -23.435469 0.233301 24.972348 0.459522 223.649574 -4.224455
1 -5.624471 0.506214 58.607030 0.113319 189.788833 -4.224455
1 -7.265692 0.608082 47.476314 5.738284 485.332166 -4.253467
1 -7.353493 0.593575 50.040360 5.761405 487.579704 -4.253467
1 -27.068645 0.303136 51.375238 0.047437 183.810346 -4.253467
1 -6.750484 0.286471 29.723258 0.997831 275.970883 -4.253467
1 -7.079927 0.295805 60.762276 3.763583 423.663929 -4.253467
1 -96.879251 0.596097 -36.838631 1.967192 420.576393 -4.253467
1 -13.186930 0.631501 40.901536 0.584359 279.896909 -4.253467
1 -98.847767 0.625491 -35.643902 0.831753 347.085955 -4.253467
1 -1806.934029 0.316831 23.485849 0.968056 230.099954 -4.253467
1 -9.114126 0.607776 53.146943 0.051820 207.528964 -4.253467
1 -7.075847 0.656557 52.353774 5.619728 473.964241 -4.256075
1 -7.651524 0.714685 66.557468 4.914287 436.987574 -4.256075
1 -6.196758 0.329589 55.578105 0.054522 182.242273 -4.256075
1 -9.049541 0.265527 13.922981 1.245377 300.791939 -4.256075
1 -7.195042 0.316837 61.912004 3.582428 412.310913 -4.256075
1 -47.172536 0.601769 -32.333908 1.820068 405.278113 -4.256075
1 -36.617710 0.719426 45.670438 0.496048 282.872401 -4.256075
1 -10.068281 0.596686 1.500430 1.810132 389.557112 -4.256075
1 -6.757961 0.574539 57.642425 5.500520 476.173530 -4.256075
1 -29.494275 0.637760 50.040721 0.106689 213.129810 -4.256075
1 -7.124876 0.728346 37.895970 5.682960 471.206334 -4.260758
1 -6.894093 0.652874 58.107318 4.106087 408.781286 -4.260758
1 -7.298257 0.255362 83.299553 0.474102 198.118461 -4.260758
1 -7.067082 0.471359 61.056944 2.331689 331.835966 -4.260758
1 -142.105300 0.782840 -36.197463 0.095544 355.463746 -4.260758
1 -51.730235 0.580336 -30.459003 1.806540 404.148849 -4.260758
1 -18.345960 0.671742 46.492309 0.397639 283.652040 -4.260758
1 -30.401442 0.473725 -19.948936 2.429514 433.023026 -4.260758
1 -6.967616 0.582900 55.065648 5.610856 480.873454 -4.260758
1 -20.212629 0.614247 73.987598 0.423741 212.889672 -4.260758
1 -7.893243 0.686476 35.264806 5.800590 482.203859 -4.264569
1 -6.909446 0.635573 54.311665 4.056091 409.428298 -4.264569
1 -14.747163 0.253821 84.428097 0.389395 194.448471 -4.264569
1 -7.175209 0.350753 47.185191 3.768547 422.704679 -4.264569
1 -128.373821 0.794438 -36.470484 0.130083 357.346663 -4.264569
1 -36.479453 0.561196 -29.948140 1.850153 406.192033 -4.264569
1 -7.014135 0.681133 74.872561 1.147822 236.851762 -4.264569
1 -17.842911 0.050501 -32.349046 3.049644 422.365705 -4.264569
1 -7.619130 0.483827 56.143288 5.129868 472.551926 -4.264569
1 -7.626699 0.622819 82.535588 0.298666 187.304747 -4.264569
1 -6.945102 0.693483 37.216486 5.775060 478.012142 -4.267383
1 -7.260870 0.470307 42.218277 3.954217 422.738160 -4.267383
1 -6.283209 0.186518 74.060895 0.607780 213.380295 -4.267383
1 -30.734914 0.293342 54.365417 3.251064 402.636626 -4.267383
1 -5.752981 0.264777 64.625071 0.951771 243.969347 -4.267383
1 -45.457417 0.536247 -22.470343 1.512833 369.698281 -4.267383
1 -7.240637 0.792254 76.258635 0.835576 219.736188 -4.267383
1 -22.630231 0.043744 -40.626584 3.667456 442.984527 -4.267383
1 -7.353372 0.536165 60.325972 4.871732 454.507384 -4.267383
1 -7.931626 0.661967 87.788163 0.463664 189.680403 -4.267383
1 -7.500182 0.620783 54.306722 5.562986 476.231856 -4.269885
1 -8.601009 0.439274 41.571669 3.948000 428.450077 -4.269885
1 -11.294502 0.076338 47.485612 0.426080 207.310617 -4.269885
1 -7.216504 0.295640 61.498519 2.700856 365.472856 -4.269885
1 -7.163642 0.283857 29.236252 1.199294 291.738668 -4.269885
1 -50.928696 0.449410 -36.300681 1.559353 367.164565 -4.269885
1 -6.751253 0.749654 71.023889 1.336364 247.228871 -4.269885
1 -15.824766 0.069639 -38.005516 3.350413 441.942131 -4.269885
1 -8.183542 0.495104 48.264496 5.205251 477.189625 -4.269885
1 -7.889919 0.651181 88.233362 0.435447 186.772901 -4.269885
1 -7.355630 0.626428 69.786266 5.579295 472.042452 -4.272707
1 -7.341019 0.519822 35.374761 4.003475 421.997955 -4.272707
1 -7.666063 0.050759 46.480718 0.102167 176.419191 -4.272707
1 -8.137473 0.300889 60.699825 2.250795 342.909524 -4.272707
1 -7.388591 0.292351 29.928118 1.160345 289.919336 -4.272707
1 -43.444523 0.455827 -53.420385 1.244312 343.244015 -4.272707
1 -6.612813 0.700952 69.553010 0.832350 221.659035 -4.272707
1 -9.308065 0.181417 -19.224254 1.390126 306.605765 -4.272707
1 -8.130933 0.483697 51.941957 5.335971 483.110005 -4.272707
1 -6.444978 0.605598 62.445102 0.691463 230.300406 -4.272707
1 -7.857475 0.678927 55.686803 5.885546 482.812321 -4.278321
1 -6.717673 0.557814 52.076095 3.809295 404.572121 -4.278321
1 -6.564113 0.066533 54.938171 0.135615 177.327369 -4.278321
1 -8.451708 0.314278 73.699238 2.628232 358.847411 -4.278321
1 -35.826221 0.238763 26.401211 0.987848 275.499930 -4.278321
1 -10.268651 0.462281 -53.770671 2.398358 330.775956 -4.278321
1 -7.308583 0.661815 74.650962 0.696113 218.945004 -4.278321
1 -28.847346 0.156723 -43.716065 0.833361 276.883862 -4.278321
1 -6.725488 0.559749 61.895913 4.914823 451.760383 -4.278321
1 -22.401717 0.509709 40.284077 0.230555 218.256826 -4.278321
1 -7.346581 0.635874 71.527475 5.996473 487.071594 -4.284899
1 -7.161140 0.609407 65.205426 3.753863 394.624641 -4.284899
1 -8.136002 0.065944 56.446180 0.112040 178.095436 -4.284899
1 -5.112579 0.321263 46.954829 0.719504 240.680097 -4.284899
1 -50.464824 0.206790 27.009313 0.962631 271.375449 -4.284899
1 -10.260350 0.461026 -54.659626 2.352558 327.950975 -4.284899
1 -5.340550 0.602387 61.373132 0.091487 181.966001 -4.284899
1 -21.960198 0.236006 -46.367461 0.853515 291.145472 -4.284899
1 -7.938741 0.599074 51.453974 5.152109 463.501037 -4.284899
1 -42.469159 0.309067 35.872118 0.188743 208.346951 -4.284899
1 -7.078801 0.645403 71.614294 6.133057 490.473239 -4.293183
1 -8.232392 0.619505 47.342867 3.791730 405.284945 -4.293183
1 -6.538825 0.073075 56.621020 0.177841 181.323013 -4.293183
1 -100.626502 0.181836 -86.817507 0.685880 311.221667 -4.293183
1 -31.318302 0.248196 43.904919 0.675155 264.834100 -4.293183
1 -9.772147 0.357261 -59.678262 2.455689 339.122682 -4.293183
1 -5.534028 0.610416 62.925027 0.216881 191.090865 -4.293183
1 -21.004536 0.231105 -41.556346 0.740764 283.722999 -4.293183
1 -7.669383 0.604323 44.963227 4.876784 452.272819 -4.293183
1 -17.952238 0.340014 40.885788 0.351238 213.874758 -4.293183
1 -7.752168 0.626867 35.995664 5.291065 468.267718 -4.300931
1 -7.198835 0.653612 55.745068 3.742737 394.363611 -4.300931
1 -7.202814 0.725244 58.079026 0.269943 224.540592 -4.300931
1 -34.468449 0.200263 89.492047 0.737274 299.223748 -4.300931
1 -7.179835 0.412964 41.584548 2.839713 371.137334 -4.300931
1 -53.769049 0.188158 -76.883872 0.693129 288.967542 -4.300931
1 -19.906508 0.512235 71.369832 0.124324 189.322898 -4.300931
1 -44.228067 0.438468 -34.302350 1.809327 377.261527 -4.300931
1 -7.524910 0.472189 51.253103 3.516208 400.337377 -4.300931
1 -6.421900 0.163491 74.639335 0.861883 235.936489 -4.300931
1 -7.430212 0.678858 41.825063 5.412927 466.396600 -4.307228
1 -8.406162 0.651939 51.703100 3.802431 402.673737 -4.307228
1 -6.361046 0.636554 62.986575 0.295374 208.490156 -4.307228
1 -39.053384 0.079488 88.517055 0.953641 285.902151 -4.307228
1 -6.754181 0.370133 60.453371 2.597486 352.318865 -4.307228
1 -40.367232 0.209455 -79.573918 0.966157 314.731639 -4.307228
1 -7.784631 0.454672 59.392875 0.107178 195.843800 -4.307228
1 -20.686270 0.467120 -36.241277 1.905070 391.069172 -4.307228
1 -7.842329 0.511561 54.684470 3.166869 380.056707 -4.307228
1 -6.896773 0.188263 79.170808 0.839325 231.714914 -4.307228
1 -6.990561 0.684852 40.511528 4.347942 421.677349 -4.319249
1 -8.641829 0.702696 38.029763 4.567675 434.572856 -4.319249
1 -6.020553 0.601153 65.464211 0.187357 192.259438 -4.319249
1 -39.506205 0.079981 88.068045 0.946888 285.896194 -4.319249
1 -40.545824 0.335025 -33.116914 1.308121 337.547879 -4.319249
1 -108.677757 0.230658 -85.299210 0.720398 315.261386 -4.319249
1 -7.450407 0.526073 83.473639 0.611731 201.650495 -4.319249
1 -35.693613 0.435267 -33.617503 1.641775 372.818777 -4.319249
1 -55.218162 0.464287 14.256861 0.987273 302.684238 -4.319249
1 -5.174577 0.184639 57.088380 1.017397 256.447901 -4.319249
1 -6.974034 0.706981 39.719495 4.567103 428.936082 -4.328460
1 -6.912661 0.696161 48.802776 4.549571 427.027139 -4.328460
1 -6.906786 0.637644 77.573750 0.427009 193.861950 -4.328460
1 -40.383928 0.097527 85.927719 0.999946 291.286944 -4.328460
1 -10.565799 0.386223 -10.937408 1.144770 301.745831 -4.328460
1 -6.715979 0.359300 76.339747 0.613227 210.883298 -4.328460
1 -10.466400 0.418159 -53.224755 1.461119 276.092834 -4.328460
1 -71.890835 0.458305 -24.347882 2.111006 408.783103 -4.328460
1 -61.156511 0.275245 -24.798376 1.173601 331.830970 -4.328460
1 -7.441170 0.182597 -23.656251 0.837968 249.260290 -4.328460
1 -8.257254 0.678735 49.991066 4.475944 429.370409 -4.338724
1 -7.750701 0.754164 37.976475 4.050845 407.302880 -4.338724
1 -7.838821 0.723791 53.831479 0.921379 261.938787 -4.338724
1 -39.872356 0.090328 86.657143 1.019680 291.826404 -4.338724
1 -11.471149 0.224941 -41.811899 0.292314 198.520094 -4.338724
1 -7.584614 0.447052 81.785538 0.817806 222.263357 -4.338724
1 -10.147307 0.422773 -52.726484 1.507602 277.274673 -4.338724
1 -88.871703 0.600796 -64.828405 0.899429 347.382603 -4.338724
1 -50.001757 0.244162 86.152144 0.880652 300.951700 -4.338724
1 -25.591594 0.222662 -29.082607 1.028866 264.179101 -4.338724
1 -6.589192 0.669506 44.808705 4.942955 445.596546 -4.354796
1 -8.418617 0.798123 45.725653 4.164201 409.764210 -4.354796
1 -13.148642 0.744358 42.182028 0.948157 295.936829 -4.354796
1 -35.077780 0.088656 72.582898 1.038498 287.376654 -4.354796
1 -11.157441 0.238883 -45.436264 0.294215 197.042928 -4.354796
1 -6.704422 0.395128 79.019708 0.476702 192.915333 -4.354796
1 -10.369695 0.411803 -54.622680 1.872432 301.052166 -4.354796
1 -49.719392 0.630941 -59.620987 1.012231 349.840280 -4.354796
1 -47.044768 0.230153 -89.480669 1.020150 314.966665 -4.354796
1 -11.660826 0.232451 -22.470004 0.864449 277.825054 -4.354796
1 -7.849568 0.651687 54.660106 5.537068 472.585980 -4.386677
1 -6.936292 0.786720 40.136245 4.091555 402.998938 -4.386677
1 -7.382865 0.639758 53.201549 0.931774 259.123668 -4.386677
1 -8.006793 0.748072 71.833035 0.863255 239.811023 -4.386677
1 -19.897232 0.243768 -46.736252 0.464220 205.554349 -4.386677
1 -6.885820 0.278266 79.721871 0.192869 175.306230 -4.386677
1 -10.389526 0.404615 -55.400662 1.920339 304.514498 -4.386677
1 -58.702670 0.524230 -60.827394 0.578805 332.789781 -4.386677
1 -50.176617 0.258109 -82.076268 1.078951 314.682389 -4.386677
1 -23.554944 0.206451 -34.351015 0.930325 254.751290 -4.386677
1 -7.034856 0.602354 50.322798 5.278308 466.426107 -4.445472
1 -6.640478 0.797217 45.911602 4.432727 412.963929 -4.445472
1 -7.940458 0.697118 52.519241 1.542781 291.969697 -4.445472
1 -6.892656 0.695437 67.348752 0.368641 213.092895 -4.445472
1 -18.905260 0.257465 -49.475875 0.544629 211.242589 -4.445472
1 -6.975513 0.287123 80.284232 0.208246 177.130088 -4.445472
1 -10.333852 0.409976 -54.979366 1.913511 303.656029 -4.445472
1 -44.109779 0.553987 -62.562593 0.708825 320.770060 -4.445472
1 -54.493621 0.266270 -79.430713 0.685135 309.188378 -4.445472
1 -13.563968 0.250431 -41.689396 0.639983 267.984436 -4.445472
1 -7.557123 0.647970 72.549488 5.264832 456.475815 -4.577117
1 -8.412949 0.776260 48.668744 3.752995 393.578451 -4.577117
1 -8.356807 0.750834 50.999026 1.105570 276.192261 -4.577117
1 -6.029774 0.642316 69.716492 0.273929 188.780162 -4.577117
1 -9.806307 0.296433 -54.347929 0.779668 226.751624 -4.577117
1 -6.941727 0.287959 80.531546 0.223851 176.544439 -4.577117
1 -10.178290 0.417396 -55.983547 2.001682 308.257526 -4.577117
1 -47.921665 0.574033 -48.400230 0.422800 322.915360 -4.577117
1 -73.136277 0.217410 -88.757684 0.367318 289.722850 -4.577117
1 -38.521199 0.343670 -85.108887 0.876570 314.828354 -4.577117
1 -7.544187 0.370119 56.116688 1.850245 315.120983 -4.790699
1 -7.323245 0.656266 71.242060 3.045020 353.728856 -4.790699
1 -7.885028 0.783425 75.723948 2.129695 299.143293 -4.790699
1 -9.356225 0.571985 -53.515087 0.036602 165.935837 -4.790699
1 -9.706367 0.286646 -54.994161 0.798840 227.630771 -4.790699
1 -16.239192 0.276701 77.894020 0.197375 181.496400 -4.790699
1 -9.948829 0.428650 -56.108816 2.039011 309.197760 -4.790699
1 -6.783980 0.686503 56.678625 6.123807 488.087996 -4.790699
1 -35.633702 0.199951 -83.991433 0.658581 292.757460 -4.790699
1 -66.302193 0.351715 -88.310627 0.965156 318.887803 -4.790699
1 -6.627444 0.383904 52.018067 1.400018 284.858746 -4.909136
1 -7.886874 0.649946 70.177083 3.018952 356.197246 -4.909136
1 -7.286907 0.737556 70.881138 1.910907 288.849096 -4.909136
1 -9.216279 0.582303 -53.900773 0.168835 174.846355 -4.909136
1 -14.385187 0.266826 -62.272289 0.765386 223.362468 -4.909136
1 -6.499173 0.311864 75.610557 0.507927 202.854768 -4.909136
1 -9.524948 0.501358 -58.810983 2.016936 301.223617 -4.909136
1 -6.461061 0.676117 52.154830 6.327871 497.089822 -4.909136
1 -6.576717 0.661682 52.775192 6.004791 486.831862 -4.909136
1 -6.769263 0.335599 78.732067 0.027563 160.357381 -4.909136
1 -6.487406 0.391814 53.191233 1.282227 276.113123 -5.042478
1 -6.805819 0.601459 65.030992 4.280278 418.521549 -5.042478
1 -7.274812 0.758622 72.110223 3.145889 350.207627 -5.042478
1 -5.862757 0.586876 63.340968 0.421734 208.110347 -5.042478
1 -6.671772 0.408866 56.301121 1.261664 273.536590 -5.042478
1 -5.759475 0.330807 68.383967 0.483952 202.828730 -5.042478
1 -9.498222 0.512080 -58.790963 2.118067 306.897587 -5.042478
1 -7.457064 0.682102 52.904986 6.325410 498.621953 -5.042478
1 -7.172237 0.717869 68.879648 6.208881 485.188494 -5.042478
1 -6.697146 0.240245 76.129931 0.124212 173.096533 -5.042478
1 -7.331251 0.321136 47.543514 1.826721 319.168658 -5.273540
1 -8.137166 0.591810 65.987584 3.545568 389.257928 -5.273540
1 -7.907211 0.747532 72.639551 2.766757 335.883262 -5.273540
1 -5.565735 0.579161 60.042464 0.404606 208.281770 -5.273540
1 -6.844601 0.604180 66.455564 4.196779 414.040614 -5.273540
1 -6.253975 0.275713 72.840346 0.378034 195.116779 -5.273540
1 -5.684223 0.575828 57.494387 0.360787 211.561120 -5.273540
1 -7.599417 0.674631 53.087473 6.158343 493.582626 -5.273540
1 -7.065238 0.743072 70.488604 6.214642 481.258886 -5.273540
1 -6.698449 0.248870 78.020610 0.185917 174.531608 -5.273540
1 -15.110848 0.294723 48.010177 1.231633 313.386238 -5.532078
1 -7.030053 0.679523 64.928192 4.055495 401.960795 -5.532078
1 -8.482818 0.697924 49.409882 0.609282 259.068795 -5.532078
1 -5.587209 0.583333 60.066846 0.447124 210.792138 -5.532078
1 -7.968050 0.607689 69.847494 4.790833 442.598011 -5.532078
1 -6.839887 0.271137 79.318918 0.162740 171.798400 -5.532078
1 -6.349645 0.596761 53.399444 0.757668 243.085813 -5.532078
1 -7.110743 0.661774 55.476464 5.883269 483.000710 -5.532078
1 -7.383728 0.797571 68.493915 5.625155 453.834541 -5.532078
1 -6.573599 0.272185 76.299012 0.191736 177.532774 -5.532078
1 -7.329601 0.292420 68.325106 1.859652 311.190374 -5.745584
1 -6.092723 0.579053 58.079506 0.419525 219.332409 -5.745584
1 -6.500564 0.742571 75.543934 0.417673 184.947761 -5.745584
1 -5.720186 0.569411 62.070162 0.305116 201.263222 -5.745584
1 -7.347845 0.595280 71.848252 5.107934 455.347962 -5.745584
1 -6.828847 0.268430 79.125364 0.152264 170.809772 -5.745584
1 -5.927802 0.409646 56.671223 0.949347 249.754668 -5.745584
1 -6.478233 0.672078 58.207850 6.239310 492.910988 -5.745584
1 -7.375353 0.752629 64.341506 6.020314 475.622993 -5.745584
1 -5.626036 0.298629 66.420564 0.098059 172.811244 -5.745584
1 -6.941355 0.269446 68.168417 1.798523 306.284077 -6.082584
1 -6.243706 0.619663 61.771557 0.594700 224.615548 -6.082584
1 -6.774520 0.605601 79.518355 0.226487 175.685231 -6.082584
1 -7.034859 0.594659 52.897347 1.336111 276.107279 -6.082584
1 -7.153943 0.591525 71.750353 4.838983 443.552904 -6.082584
1 -6.496315 0.296689 77.089363 0.358394 187.902940 -6.082584
1 -7.564851 0.249057 38.662768 1.940187 332.637532 -6.082584
1 -6.466353 0.656371 59.238459 6.304377 497.034087 -6.082584
1 -7.219838 0.752614 66.309529 5.896167 469.915113 -6.082584
1 -5.608075 0.300028 67.295863 0.190148 179.114901 -6.082584
1 -7.471534 0.258787 65.503727 1.606028 300.685493 -6.436475
1 -6.481925 0.715282 62.175858 0.073857 199.008982 -6.436475
1 -6.797654 0.606944 79.698368 0.392115 183.775889 -6.436475
1 -6.181297 0.430714 49.979836 0.744677 248.305257 -6.436475
1 -7.457875 0.378681 69.459227 1.805649 302.496839 -6.436475
1 -8.191410 0.635469 50.689868 2.176253 326.905685 -6.436475
1 -7.828458 0.361540 39.559521 1.617610 309.581027 -6.436475
1 -7.192187 0.668471 61.835909 6.037439 486.797601 -6.436475
1 -7.254376 0.777588 60.827058 6.024190 473.381654 -6.436475
1 -5.182975 0.263337 57.142902 0.576155 221.340975 -6.436475
1 -7.341620 0.196960 77.776226 1.640737 295.778565 -6.834880
1 -7.330675 0.569848 67.536493 1.321815 265.249962 -6.834880
1 -7.668904 0.539857 52.714532 3.102697 374.996018 -6.834880
1 -13.605689 0.498024 44.628728 1.047476 285.206915 -6.834880
1 -7.127525 0.422160 70.082441 1.763599 294.501635 -6.834880
1 -7.760850 0.790481 56.955701 3.060673 356.996779 -6.834880
1 -7.777928 0.326338 40.171847 1.645722 312.317208 -6.834880
1 -7.363059 0.682909 61.321086 5.945305 482.102655 -6.834880
1 -7.841688 0.795897 57.184868 5.867547 468.374278 -6.834880
1 -4.912528 0.218422 51.510672 0.803586 242.549614 -6.834880
1 -7.991192 0.771795 75.621159 2.167993 302.470509 -7.163231
1 -7.681016 0.600434 72.942864 1.407874 266.344967 -7.163231
1 -6.670074 0.506584 50.498788 3.082886 372.895786 -7.163231
1 -7.604521 0.591761 60.742336 2.927593 359.196795 -7.163231
1 -7.509892 0.363080 70.016589 1.866168 307.105480 -7.163231
1 -6.775024 0.761907 63.070872 3.414257 365.172360 -7.163231
1 -6.850696 0.203344 42.917658 2.043293 338.076168 -7.163231
1 -6.747616 0.693661 60.572745 5.880391 476.819548 -7.163231
1 -6.736387 0.744217 68.032719 6.318829 484.281002 -7.163231
1 -5.264044 0.325017 52.379911 0.882715 247.310711 -7.163231
1 -6.461911 0.793562 61.688651 2.400549 312.287989 -7.503023
1 -7.116278 0.500282 60.140243 2.120711 318.991733 -7.503023
1 -7.114885 0.530239 55.789877 2.465798 338.875906 -7.503023
1 -7.615059 0.591033 67.574008 2.108861 311.673211 -7.503023
1 -6.685323 0.386746 68.044975 0.933986 243.957527 -7.503023
1 -6.817699 0.755756 69.402463 3.591746 369.902359 -7.503023
1 -6.251649 0.182080 46.941638 1.886350 326.356008 -7.503023
1 -7.134254 0.706861 61.915211 5.927421 477.801852 -7.503023
1 -6.346266 0.708739 55.967381 6.113240 483.663374 -7.503023
1 -5.340506 0.275463 57.236871 0.748524 235.977681 -7.503023
1 -7.862713 0.792504 46.942577 1.857711 309.836626 -8.204604
1 -7.851645 0.634891 78.165003 4.287312 414.529298 -8.204604
1 -8.437470 0.618261 52.372454 1.324466 285.486173 -8.204604
1 -6.267072 0.635964 66.169898 0.430449 209.474888 -8.204604
1 -6.609146 0.315979 66.930960 1.156920 261.242680 -8.204604
1 -7.243447 0.648504 69.469401 2.226720 311.289625 -8.204604
1 -5.749043 0.142219 50.495458 1.797365 321.147339 -8.204604
1 -6.890930 0.688294 56.802609 6.305388 494.934506 -8.204604
1 -7.252509 0.710608 44.878254 5.334351 459.107107 -8.204604
1 -5.634216 0.249532 62.664585 0.923807 244.996752 -8.204604
1 -7.051077 0.753117 46.222264 2.534439 335.864400 -9.557748
1 -5.563992 0.222579 64.174458 0.863450 238.553390 -9.557748
1 -7.942556 0.748985 49.169478 1.606880 297.106806 -9.557748
1 -6.625796 0.126371 72.712421 0.252202 185.849070 -9.557748
1 -7.874768 0.535503 44.121771 4.329312 435.645441 -9.557748
1 -6.550241 0.776243 58.736034 2.730624 333.052281 -9.557748
1 -5.105393 0.148541 54.024722 1.156506 270.791278 -9.557748
1 -7.188173 0.677218 55.094065 6.265497 495.924467 -9.557748
1 -6.926040 0.704741 60.119311 3.969809 397.454448 -9.557748
1 -6.627420 0.665499 52.696120 3.366346 374.471274 -9.557748
