#REFERENCE 0 28.1644670 -13.9684820
1.1 28.1643505 -13.9681829 0.100000 0.099994 77.21843 4.5000 0.00 
1.2 28.1644463 -13.9685017 0.030153 0.001748 85.79954 4.5000 5.70 
1.2 28.1656748 -13.9688589 0.119405 0.007228 65.47502 4.5000 2.66 
1.2 28.1643730 -13.9686484 0.084716 0.008086 154.85730 4.5000 2.91 
1.2 28.1642333 -13.9682146 0.196616 0.056088 118.70378 4.5000 -0.11 
1.3 28.1644710 -13.9680471 0.807905 0.037184 0.96778 4.5000 -1.19 
1.3 28.1640403 -13.9681659 0.835952 0.055653 169.93860 4.5000 -1.67 
1.3 28.1655273 -13.9687159 0.736561 0.049989 21.54962 4.5000 -1.42 
1.4 28.1657101 -13.9687280 0.100000 0.100000 47.25113 4.5000 -0.00 
2.1 28.1644646 -13.9684818 0.025759 0.012974 89.65761 4.5000 3.69 
2.1 28.1655387 -13.9689115 0.164369 0.118507 30.89925 4.5000 -0.72 
2.1 28.1644118 -13.9687937 0.123712 0.102490 65.93564 4.5000 -0.26 
2.1 28.1639906 -13.9684046 0.176337 0.151443 87.81801 4.5000 -1.07 
2.1 28.1644705 -13.9681875 0.100001 0.100000 12.55330 4.5000 -0.00 
2.2 28.1656009 -13.9688427 0.114461 0.049495 44.79695 4.5000 0.62 
2.2 28.1644571 -13.9684997 0.019593 0.008577 81.74816 4.5000 4.44 
2.2 28.1644092 -13.9681301 0.100300 0.049221 145.13436 4.5000 0.77 
2.2 28.1644024 -13.9686964 0.064971 0.049799 133.05017 4.5000 1.23 
2.2 28.1640805 -13.9682814 0.100005 0.099998 153.45560 4.5000 -0.00 
