#REFERENCE 3 245.3426630 38.1684750
1	-0.439453	-0.490913	-0.139343	0.130451	
1	-0.390625	-0.495382	-0.116839	0.153189	
1	-0.390625	-0.495382	-0.116839	0.153189	
1	-0.341797	-0.497680	-0.096463	0.176394	
1	-0.341797	-0.497680	-0.096463	0.176394	
1	-0.292969	-0.497942	-0.078464	0.199784	
1	-0.292969	-0.497942	-0.078464	0.199784	
1	-0.244141	-0.496292	-0.063092	0.222989	
1	-0.244141	-0.496292	-0.063092	0.222989	
1	-0.195312	-0.492876	-0.050577	0.245518	
1	-0.195312	-0.492876	-0.050577	0.245518	
1	-0.150168	-0.488281	-0.041694	0.265207	
1	-0.150168	-0.488281	-0.041694	0.265207	
1	-0.146484	-0.487964	-0.041122	0.266653	
1	-0.146484	-0.487964	-0.041122	0.266653	
1	-0.097656	-0.482756	-0.034994	0.284744	
1	-0.097656	-0.482756	-0.034994	0.284744	
1	-0.048828	-0.476840	-0.031630	0.299369	
1	-0.048828	-0.476840	-0.031630	0.299369	
1	0.000000	-0.470691	-0.030416	0.309437	
1	0.000000	-0.470691	-0.030416	0.309437	
1	0.048828	-0.464808	-0.030314	0.314010	
1	0.048828	-0.464808	-0.030314	0.314010	
1	0.097656	-0.459530	-0.029943	0.312656	
1	0.097656	-0.459530	-0.029943	0.312656	
1	0.146484	-0.454893	-0.027886	0.305666	
1	0.146484	-0.454893	-0.027886	0.305666	
1	0.195312	-0.450623	-0.023018	0.293951	
1	0.195312	-0.450623	-0.023018	0.293951	
1	0.244141	-0.446267	-0.014688	0.278725	
1	0.244141	-0.446267	-0.014688	0.278725	
1	0.292969	-0.441322	-0.002683	0.261188	
1	0.292969	-0.441322	-0.002683	0.261188	
1	0.308442	-0.439453	0.001834	0.255375	
1	0.308442	-0.439453	0.001834	0.255375	
1	0.341797	-0.435991	0.013223	0.242010	
1	0.341797	-0.435991	0.013223	0.242010	
1	0.390625	-0.429654	0.032703	0.222207	
1	0.390625	-0.429654	0.032703	0.222207	
1	0.439453	-0.421634	0.055273	0.202548	
1	0.439453	-0.421634	0.055273	0.202548	
1	0.488281	-0.411596	0.080585	0.183450	
1	0.488281	-0.411596	0.080585	0.183450	
1	0.537109	-0.399219	0.108324	0.165194	
1	0.537109	-0.399219	0.108324	0.165194	
1	0.565907	-0.390625	0.125683	0.154918	
1	0.565907	-0.390625	0.125683	0.154918	
1	0.585938	-0.384897	0.138523	0.147808	
1	0.585938	-0.384897	0.138523	0.147808	
1	0.634766	-0.368578	0.171029	0.131456	
1	0.634766	-0.368578	0.171029	0.131456	
1	0.683594	-0.348855	0.205229	0.116478	
1	0.683594	-0.348855	0.205229	0.116478	
1	0.699258	-0.341797	0.216562	0.111963	
1	0.699258	-0.341797	0.216562	0.111963	
1	0.732422	-0.326331	0.241366	0.102799	
1	0.732422	-0.326331	0.241366	0.102799	
1	0.781250	-0.299833	0.279126	0.090609	
1	0.781250	-0.299833	0.279126	0.090609	
1	0.792843	-0.292969	0.288351	0.087936	
1	0.792843	-0.292969	0.288351	0.087936	
1	0.830078	-0.268724	0.318529	0.079988	
1	0.830078	-0.268724	0.318529	0.079988	
1	0.863845	-0.244141	0.346809	0.073619	
1	0.863845	-0.244141	0.346809	0.073619	
1	0.878906	-0.231406	0.359547	0.071085	
1	0.878906	-0.231406	0.359547	0.071085	
1	0.918734	-0.195312	0.394411	0.065212	
1	0.918734	-0.195312	0.394411	0.065212	
1	0.927734	-0.185224	0.402338	0.064097	
1	0.927734	-0.185224	0.402338	0.064097	
1	0.961275	-0.146484	0.433091	0.060571	
1	0.961275	-0.146484	0.433091	0.060571	
1	0.976562	-0.122922	0.447337	0.059390	
1	0.976562	-0.122922	0.447337	0.059390	
1	0.993038	-0.097656	0.463430	0.058434	
1	0.993038	-0.097656	0.463430	0.058434	
1	1.015161	-0.048828	0.486010	0.057858	
1	1.015161	-0.048828	0.486010	0.057858	
1	1.025391	-0.010222	0.497647	0.057989	
1	1.025391	-0.010222	0.497647	0.057989	
1	1.028271	0.000000	0.501147	0.058103	
1	1.028271	0.000000	0.501147	0.058103	
1	1.033277	0.048828	0.509656	0.058582	
1	1.033277	0.048828	0.509656	0.058582	
1	1.029482	0.097656	0.510755	0.058676	
1	1.029482	0.097656	0.510755	0.058676	
1	1.025391	0.113488	0.508491	0.058385	
1	1.025391	0.113488	0.508491	0.058385	
1	1.017223	0.146484	0.504920	0.057846	
1	1.017223	0.146484	0.504920	0.057846	
1	0.995707	0.195312	0.491565	0.055396	
1	0.995707	0.195312	0.491565	0.055396	
1	0.976562	0.224711	0.478283	0.052474	
1	0.976562	0.224711	0.478283	0.052474	
1	0.963660	0.244141	0.469826	0.050410	
1	0.963660	0.244141	0.469826	0.050410	
1	0.927734	0.284466	0.444554	0.043432	
1	0.927734	0.284466	0.444554	0.043432	
1	0.919699	0.292969	0.439080	0.041772	
1	0.919699	0.292969	0.439080	0.041772	
1	0.878906	0.328043	0.410293	0.032241	
1	0.878906	0.328043	0.410293	0.032241	
1	0.861191	0.341797	0.398026	0.027780	
1	0.861191	0.341797	0.398026	0.027780	
1	0.830078	0.362793	0.376323	0.019315	
1	0.830078	0.362793	0.376323	0.019315	
1	0.782242	0.390625	0.343507	0.005122	
1	0.782242	0.390625	0.343507	0.005122	
1	0.781250	0.391156	0.342835	0.004814	
1	0.781250	0.391156	0.342835	0.004814	
1	0.732422	0.415127	0.310261	-0.011021	
1	0.732422	0.415127	0.310261	-0.011021	
1	0.683594	0.434762	0.278418	-0.028261	
1	0.683594	0.434762	0.278418	-0.028261	
1	0.670027	0.439453	0.269682	-0.033316	
1	0.670027	0.439453	0.269682	-0.033316	
1	0.634766	0.451560	0.247882	-0.046586	
1	0.634766	0.451560	0.247882	-0.046586	
1	0.585938	0.465433	0.218595	-0.066015	
1	0.585938	0.465433	0.218595	-0.066015	
1	0.537109	0.476358	0.190562	-0.086576	
1	0.537109	0.476358	0.190562	-0.086576	
1	0.488281	0.484640	0.163999	-0.108165	
1	0.488281	0.484640	0.163999	-0.108165	
1	0.458914	0.488281	0.148740	-0.121669	
1	0.458914	0.488281	0.148740	-0.121669	
1	0.439453	0.490913	0.139343	-0.130451	
1	0.439453	0.490913	0.139343	-0.130451	
1	0.390625	0.495382	0.116839	-0.153189	
1	0.390625	0.495382	0.116839	-0.153189	
1	0.341797	0.497680	0.096463	-0.176394	
1	0.341797	0.497680	0.096463	-0.176394	
1	0.292969	0.497942	0.078464	-0.199784	
1	0.292969	0.497942	0.078464	-0.199784	
1	0.244141	0.496292	0.063092	-0.222989	
1	0.244141	0.496292	0.063092	-0.222989	
1	0.195312	0.492876	0.050577	-0.245518	
1	0.195312	0.492876	0.050577	-0.245518	
1	0.150168	0.488281	0.041694	-0.265207	
1	0.150168	0.488281	0.041694	-0.265207	
1	0.146484	0.487964	0.041122	-0.266653	
1	0.146484	0.487964	0.041122	-0.266653	
1	0.097656	0.482756	0.034994	-0.284744	
1	0.097656	0.482756	0.034994	-0.284744	
1	0.048828	0.476840	0.031630	-0.299369	
1	0.048828	0.476840	0.031630	-0.299369	
1	0.000000	0.470691	0.030416	-0.309437	
1	0.000000	0.470691	0.030416	-0.309437	
1	-0.048828	0.464808	0.030314	-0.314010	
1	-0.048828	0.464808	0.030314	-0.314010	
1	-0.097656	0.459530	0.029943	-0.312656	
1	-0.097656	0.459530	0.029943	-0.312656	
1	-0.146484	0.454893	0.027886	-0.305666	
1	-0.146484	0.454893	0.027886	-0.305666	
1	-0.195312	0.450623	0.023018	-0.293951	
1	-0.195312	0.450623	0.023018	-0.293951	
1	-0.244141	0.446267	0.014688	-0.278725	
1	-0.244141	0.446267	0.014688	-0.278725	
1	-0.292969	0.441322	0.002683	-0.261188	
1	-0.292969	0.441322	0.002683	-0.261188	
1	-0.308442	0.439453	-0.001834	-0.255375	
1	-0.308442	0.439453	-0.001834	-0.255375	
1	-0.341797	0.435991	-0.013223	-0.242010	
1	-0.341797	0.435991	-0.013223	-0.242010	
1	-0.390625	0.429654	-0.032703	-0.222207	
1	-0.390625	0.429654	-0.032703	-0.222207	
1	-0.439453	0.421634	-0.055273	-0.202548	
1	-0.439453	0.421634	-0.055273	-0.202548	
1	-0.488281	0.411596	-0.080585	-0.183450	
1	-0.488281	0.411596	-0.080585	-0.183450	
1	-0.537109	0.399219	-0.108324	-0.165194	
1	-0.537109	0.399219	-0.108324	-0.165194	
1	-0.565907	0.390625	-0.125683	-0.154918	
1	-0.565907	0.390625	-0.125683	-0.154918	
1	-0.585938	0.384897	-0.138523	-0.147808	
1	-0.585938	0.384897	-0.138523	-0.147808	
1	-0.634766	0.368578	-0.171029	-0.131456	
1	-0.634766	0.368578	-0.171029	-0.131456	
1	-0.683594	0.348855	-0.205229	-0.116478	
1	-0.683594	0.348855	-0.205229	-0.116478	
1	-0.699258	0.341797	-0.216562	-0.111963	
1	-0.699258	0.341797	-0.216562	-0.111963	
1	-0.732422	0.326331	-0.241366	-0.102799	
1	-0.732422	0.326331	-0.241366	-0.102799	
1	-0.781250	0.299833	-0.279126	-0.090609	
1	-0.781250	0.299833	-0.279126	-0.090609	
1	-0.792843	0.292969	-0.288351	-0.087936	
1	-0.792843	0.292969	-0.288351	-0.087936	
1	-0.830078	0.268724	-0.318529	-0.079988	
1	-0.830078	0.268724	-0.318529	-0.079988	
1	-0.863845	0.244141	-0.346809	-0.073619	
1	-0.863845	0.244141	-0.346809	-0.073619	
1	-0.878906	0.231406	-0.359547	-0.071085	
1	-0.878906	0.231406	-0.359547	-0.071085	
1	-0.918734	0.195312	-0.394411	-0.065212	
1	-0.918734	0.195312	-0.394411	-0.065212	
1	-0.927734	0.185224	-0.402338	-0.064097	
1	-0.927734	0.185224	-0.402338	-0.064097	
1	-0.961275	0.146484	-0.433091	-0.060571	
1	-0.961275	0.146484	-0.433091	-0.060571	
1	-0.976562	0.122922	-0.447337	-0.059390	
1	-0.976562	0.122922	-0.447337	-0.059390	
1	-0.993038	0.097656	-0.463430	-0.058434	
1	-0.993038	0.097656	-0.463430	-0.058434	
1	-1.015161	0.048828	-0.486010	-0.057858	
1	-1.015161	0.048828	-0.486010	-0.057858	
1	-1.025391	0.010222	-0.497647	-0.057989	
1	-1.025391	0.010222	-0.497647	-0.057989	
1	-1.028271	0.000000	-0.501147	-0.058103	
1	-1.028271	0.000000	-0.501147	-0.058103	
1	-1.033277	-0.048828	-0.509656	-0.058582	
1	-1.033277	-0.048828	-0.509656	-0.058582	
1	-1.029482	-0.097656	-0.510755	-0.058676	
1	-1.029482	-0.097656	-0.510755	-0.058676	
1	-1.025391	-0.113488	-0.508491	-0.058385	
1	-1.025391	-0.113488	-0.508491	-0.058385	
1	-1.017223	-0.146484	-0.504920	-0.057846	
1	-1.017223	-0.146484	-0.504920	-0.057846	
1	-0.995707	-0.195312	-0.491565	-0.055396	
1	-0.995707	-0.195312	-0.491565	-0.055396	
1	-0.976562	-0.224711	-0.478283	-0.052474	
1	-0.976562	-0.224711	-0.478283	-0.052474	
1	-0.963660	-0.244141	-0.469826	-0.050410	
1	-0.963660	-0.244141	-0.469826	-0.050410	
1	-0.927734	-0.284466	-0.444554	-0.043432	
1	-0.927734	-0.284466	-0.444554	-0.043432	
1	-0.919699	-0.292969	-0.439080	-0.041772	
1	-0.919699	-0.292969	-0.439080	-0.041772	
1	-0.878906	-0.328043	-0.410293	-0.032241	
1	-0.878906	-0.328043	-0.410293	-0.032241	
1	-0.861191	-0.341797	-0.398026	-0.027780	
1	-0.861191	-0.341797	-0.398026	-0.027780	
1	-0.830078	-0.362793	-0.376323	-0.019315	
1	-0.830078	-0.362793	-0.376323	-0.019315	
1	-0.782242	-0.390625	-0.343507	-0.005122	
1	-0.782242	-0.390625	-0.343507	-0.005122	
1	-0.781250	-0.391156	-0.342835	-0.004814	
1	-0.781250	-0.391156	-0.342835	-0.004814	
1	-0.732422	-0.415127	-0.310261	0.011021	
1	-0.732422	-0.415127	-0.310261	0.011021	
1	-0.683594	-0.434762	-0.278418	0.028261	
1	-0.683594	-0.434762	-0.278418	0.028261	
1	-0.670027	-0.439453	-0.269682	0.033316	
1	-0.670027	-0.439453	-0.269682	0.033316	
1	-0.634766	-0.451560	-0.247882	0.046586	
1	-0.634766	-0.451560	-0.247882	0.046586	
1	-0.585938	-0.465433	-0.218595	0.066015	
1	-0.585938	-0.465433	-0.218595	0.066015	
1	-0.537109	-0.476358	-0.190562	0.086576	
1	-0.537109	-0.476358	-0.190562	0.086576	
1	-0.488281	-0.484640	-0.163999	0.108165	
1	-0.488281	-0.484640	-0.163999	0.108165	
1	-0.458914	-0.488281	-0.148740	0.121669	
1	-0.458914	-0.488281	-0.148740	0.121669	
1	-0.439453	-0.490913	-0.139343	0.130451	
