#REFERENCE 3 245.3426630 38.1684750
   #ID       X         Y         R       EPS       TAU       AMP       E_AMP      DMAG  TIME[days]  DTIME    PARITY
   1.1     0.588    -0.567     0.817     0.976     4.461    83.580  2197.494      4.81     -17.1       0.0    ++
   1.1     0.757    -0.093     0.762     0.969     3.924   423.155  8371.213      6.57     -16.3       0.8    +-
   1.1     0.331     0.835     0.898     0.065     0.065    42.248   508.947      4.06     -21.7      -4.6    ++
   1.2    -0.016    -0.004     0.016     0.973     4.196    12.203    77.655      2.72       1.5      18.6    --
   1.2     0.296     0.853     0.903     0.967     3.808    26.238   127.654      3.55     -21.9      -4.9    ++
   1.2    -0.357    -0.068     0.363     0.941     2.771   140.581  5129.486      5.37      -1.4      15.7    +-
   1.2     0.566    -0.569     0.802     0.934     2.618    97.883  2137.167      4.98     -16.4       0.7    ++
   1.2     0.740    -0.111     0.748     0.000     0.000  2266.933  61803.802      8.39     -15.7       1.4    +-
   1.3     0.397     0.818     0.909     0.987     6.053    75.668  1315.325      4.70     -22.1      -5.1    ++
   1.3     0.785    -0.121     0.794     0.945     2.883  1170.449  73775.035      7.67     -17.4      -0.3    +-
   1.3     0.660    -0.508     0.833     0.000     0.000    83.820   939.343      4.81     -17.8      -0.7    ++
   1.4     0.405     0.856     0.947     0.852     1.626    48.763   389.320      4.22     -23.9      -6.8    ++
