#REFERENCE 3 10.8658340 -20.6025760
1	-0.048828	-0.219515	0.114881	0.034881	
1	0.000000	-0.225151	0.045238	0.027413	
1	0.000000	-0.225151	0.045238	0.027413	
1	0.048828	-0.222679	-0.027375	0.017508	
1	0.048828	-0.222679	-0.027375	0.017508	
1	0.097656	-0.211635	-0.100857	0.005275	
1	0.097656	-0.211635	-0.100857	0.005275	
1	0.138589	-0.195312	-0.161397	-0.006420	
1	0.138589	-0.195312	-0.161397	-0.006420	
1	0.146484	-0.191183	-0.172882	-0.008795	
1	0.146484	-0.191183	-0.172882	-0.008795	
1	0.195312	-0.157942	-0.241591	-0.023905	
1	0.195312	-0.157942	-0.241591	-0.023905	
1	0.210735	-0.146484	-0.261687	-0.028559	
1	0.210735	-0.146484	-0.261687	-0.028559	
1	0.244141	-0.106645	-0.305072	-0.038727	
1	0.244141	-0.106645	-0.305072	-0.038727	
1	0.252770	-0.097656	-0.315027	-0.041030	
1	0.252770	-0.097656	-0.315027	-0.041030	
1	0.278234	-0.048828	-0.345959	-0.047792	
1	0.278234	-0.048828	-0.345959	-0.047792	
1	0.286200	0.000000	-0.359051	-0.050178	
1	0.286200	0.000000	-0.359051	-0.050178	
1	0.278952	0.048828	-0.358500	-0.050103	
1	0.278952	0.048828	-0.358500	-0.050103	
1	0.251599	0.097656	-0.339995	-0.048529	
1	0.251599	0.097656	-0.339995	-0.048529	
1	0.244141	0.104747	-0.334042	-0.048152	
1	0.244141	0.104747	-0.334042	-0.048152	
1	0.204395	0.146484	-0.299293	-0.046405	
1	0.204395	0.146484	-0.299293	-0.046405	
1	0.195312	0.152494	-0.290466	-0.046013	
1	0.195312	0.152494	-0.290466	-0.046013	
1	0.146484	0.183999	-0.238683	-0.043616	
1	0.146484	0.183999	-0.238683	-0.043616	
1	0.124579	0.195312	-0.213122	-0.042231	
1	0.124579	0.195312	-0.213122	-0.042231	
1	0.097656	0.206079	-0.179828	-0.040127	
1	0.097656	0.206079	-0.179828	-0.040127	
1	0.048828	0.219515	-0.114881	-0.034881	
1	0.048828	0.219515	-0.114881	-0.034881	
1	0.000000	0.225151	-0.045238	-0.027413	
1	0.000000	0.225151	-0.045238	-0.027413	
1	-0.048828	0.222679	0.027375	-0.017508	
1	-0.048828	0.222679	0.027375	-0.017508	
1	-0.097656	0.211635	0.100857	-0.005275	
1	-0.097656	0.211635	0.100857	-0.005275	
1	-0.138589	0.195312	0.161397	0.006420	
1	-0.138589	0.195312	0.161397	0.006420	
1	-0.146484	0.191183	0.172882	0.008795	
1	-0.146484	0.191183	0.172882	0.008795	
1	-0.195312	0.157942	0.241591	0.023905	
1	-0.195312	0.157942	0.241591	0.023905	
1	-0.210735	0.146484	0.261687	0.028559	
1	-0.210735	0.146484	0.261687	0.028559	
1	-0.244141	0.106645	0.305072	0.038727	
1	-0.244141	0.106645	0.305072	0.038727	
1	-0.252770	0.097656	0.315027	0.041030	
1	-0.252770	0.097656	0.315027	0.041030	
1	-0.278234	0.048828	0.345959	0.047792	
1	-0.278234	0.048828	0.345959	0.047792	
1	-0.286200	0.000000	0.359051	0.050178	
1	-0.286200	0.000000	0.359051	0.050178	
1	-0.278952	-0.048828	0.358500	0.050103	
1	-0.278952	-0.048828	0.358500	0.050103	
1	-0.251599	-0.097656	0.339995	0.048529	
1	-0.251599	-0.097656	0.339995	0.048529	
1	-0.244141	-0.104747	0.334042	0.048152	
1	-0.244141	-0.104747	0.334042	0.048152	
1	-0.204395	-0.146484	0.299293	0.046405	
1	-0.204395	-0.146484	0.299293	0.046405	
1	-0.195312	-0.152494	0.290466	0.046013	
1	-0.195312	-0.152494	0.290466	0.046013	
1	-0.146484	-0.183999	0.238683	0.043616	
1	-0.146484	-0.183999	0.238683	0.043616	
1	-0.124579	-0.195312	0.213122	0.042231	
1	-0.124579	-0.195312	0.213122	0.042231	
1	-0.097656	-0.206079	0.179828	0.040127	
1	-0.097656	-0.206079	0.179828	0.040127	
1	-0.048828	-0.219515	0.114881	0.034881	
