chi multiples
 N    ID    z   Narcs    chip    chix    chiy    chia   rmss     rmsi    dx      dy    nwarn
 0    7.2 4.500   1      0.03    0.00    0.00    0.00   0.004    0.09   -0.04   -0.08  0
 0    7.1 4.500   1      0.01    0.00    0.00    0.00   0.004    0.04   -0.01   -0.04  0
 0    7.2 4.500   2      0.04    0.00    0.00    0.00   0.004    0.07    N/A     N/A   0
 1    6.2 4.500   1      0.00    0.00    0.00    0.00   0.001    0.01    0.00    0.01  0
 1    6.1 4.500   1      0.00    0.00    0.00    0.00   0.001    0.01   -0.01    0.00  0
 1    6.2 4.500   2      0.00    0.00    0.00    0.00   0.001    0.01    N/A     N/A   0
 2    5.2 4.500   1      0.03    0.00    0.00    0.00   0.003    0.09   -0.02   -0.09  0
 2    5.1 4.500   1      0.02    0.00    0.00    0.00   0.003    0.07    0.01   -0.07  0
 2    5.2 4.500   2      0.05    0.00    0.00    0.00   0.003    0.08    N/A     N/A   0
 3    4.2 4.500   1      0.05    0.00    0.00    0.00   0.013    0.11    0.07    0.09  0
 3    4.1 4.500   1      0.01    0.00    0.00    0.00   0.013    0.05   -0.03   -0.04  0
 3    4.2 4.500   2      0.06    0.00    0.00    0.00   0.013    0.09    N/A     N/A   0
chimul                   0.15    0.00    0.00    0.00   0.007    0.07    N/A     N/A   0
log(Likelihood)         -3.69

chitot           0.15
log(Likelihood)    -3.69
