#REFERENCE 3 328.3894840 17.6993580
4.1 -0.047 0.086 0.031 0.005 161.20 4.500 4.25 0.565 1.863 3.11 1.13
4.1 -0.047 0.086 0.031 0.005 161.20 4.500 4.25 -1.603 -0.662 4.10 0.15
4.1 -0.047 0.086 0.031 0.005 161.20 4.500 4.25 -1.557 0.421 4.25 0.00
4.2 -0.021 0.081 0.047 0.009 24.66 4.500 4.03 -1.498 0.344 4.13 -0.10
4.2 -0.021 0.081 0.047 0.009 24.66 4.500 4.03 0.758 1.811 3.02 1.01
4.2 -0.021 0.081 0.047 0.009 24.66 4.500 4.03 -1.469 -0.839 4.03 -0.00
5.1 -0.018 0.096 0.036 0.005 171.48 4.500 4.68 0.753 1.849 2.95 1.73
5.1 -0.018 0.096 0.036 0.005 171.48 4.500 4.68 -1.531 -0.604 4.64 0.04
5.1 -0.018 0.096 0.036 0.005 171.48 4.500 4.68 -1.562 0.075 4.68 0.00
5.2 -0.017 0.101 0.038 0.003 9.70 4.500 5.30 0.747 1.862 2.93 2.37
5.2 -0.017 0.101 0.038 0.003 9.70 4.500 5.30 -1.579 -0.081 5.32 -0.02
5.2 -0.017 0.101 0.038 0.003 9.70 4.500 5.30 -1.559 -0.453 5.30 -0.00
6.1 -0.087 -0.115 0.023 0.003 62.35 4.500 5.54 1.153 0.357 4.89 0.66
6.1 -0.087 -0.115 0.023 0.003 62.35 4.500 5.54 0.064 1.258 5.25 0.30
6.1 -0.087 -0.115 0.023 0.003 62.35 4.500 5.54 0.326 0.395 4.06 1.48
6.1 -0.087 -0.115 0.023 0.003 62.35 4.500 5.54 -1.271 -1.726 2.62 2.92
6.1 -0.087 -0.115 0.023 0.003 62.35 4.500 5.54 0.684 1.173 5.54 0.00
6.2 -0.086 -0.113 0.017 0.007 3.97 4.500 4.84 0.695 1.177 5.45 -0.62
6.2 -0.086 -0.113 0.017 0.007 3.97 4.500 4.84 0.034 1.260 5.15 -0.32
6.2 -0.086 -0.113 0.017 0.007 3.97 4.500 4.84 -1.269 -1.723 2.63 2.21
6.2 -0.086 -0.113 0.017 0.007 3.97 4.500 4.84 0.321 0.388 4.03 0.80
6.2 -0.086 -0.113 0.017 0.007 3.97 4.500 4.84 1.162 0.335 4.84 0.00
7.1 -0.081 -0.119 0.018 0.003 45.65 4.500 5.54 -0.034 1.205 4.87 0.67
7.1 -0.081 -0.119 0.018 0.003 45.65 4.500 5.54 1.175 0.459 5.25 0.29
7.1 -0.081 -0.119 0.018 0.003 45.65 4.500 5.54 0.268 0.435 4.06 1.48
7.1 -0.081 -0.119 0.018 0.003 45.65 4.500 5.54 -1.233 -1.753 2.62 2.92
7.1 -0.081 -0.119 0.018 0.003 45.65 4.500 5.54 0.902 1.017 5.54 -0.00
7.2 -0.084 -0.125 0.018 0.002 17.90 4.500 5.94 0.049 1.190 5.07 0.86
7.2 -0.084 -0.125 0.018 0.002 17.90 4.500 5.94 0.934 0.931 6.15 -0.21
7.2 -0.084 -0.125 0.018 0.002 17.90 4.500 5.94 -1.239 -1.766 2.60 3.34
7.2 -0.084 -0.125 0.018 0.002 17.90 4.500 5.94 0.284 0.469 4.19 1.75
7.2 -0.084 -0.125 0.018 0.002 17.90 4.500 5.94 1.110 0.604 5.93 0.00
