#REFERENCE 0 28.1644760 -13.9684790
1.1 28.1647259 -13.9690429 0.315316 0.008859 56.42999 4.5000 1.38 
1.1 28.1657208 -13.9687858 0.072128 0.006229 74.18650 4.5000 3.37 
1.1 28.1644091 -13.9693073 0.133607 0.012540 62.79887 4.5000 1.94 
1.1 28.1641296 -13.9686367 0.200732 0.022374 81.04759 4.5000 0.87 
1.1 28.1642223 -13.9682495 0.281324 0.040010 125.66596 4.5000 -0.13 
1.1 28.1644158 -13.9685486 0.144488 0.022356 79.46663 4.5000 1.23 
1.1 28.1643505 -13.9681829 0.100080 0.099975 169.17520 4.5000 -0.00 
1.2 28.1646857 -13.9689886 0.285320 0.004341 55.82975 4.5000 2.27 
1.2 28.1643938 -13.9692761 0.170513 0.005544 58.65452 4.5000 2.56 
1.2 28.1657159 -13.9687681 0.083825 0.002815 68.02517 4.5000 4.07 
1.2 28.1641404 -13.9686821 0.201098 0.010031 84.10236 4.5000 1.74 
1.2 28.1644226 -13.9685847 0.164157 0.010200 66.47331 4.5000 1.94 
1.3 28.1647045 -13.9689799 0.192656 0.042088 64.12842 4.5000 0.23 
1.3 28.1641292 -13.9683056 0.262557 0.066113 133.12392 4.5000 -0.60 
1.3 28.1644605 -13.9681455 0.204806 0.065318 169.01062 4.5000 -0.32 
1.3 28.1643715 -13.9692907 0.113488 0.053049 38.75977 4.5000 0.55 
1.3 28.1640942 -13.9686732 0.146088 0.094148 96.37162 4.5000 -0.35 
1.3 28.1657054 -13.9687799 0.050690 0.033629 56.74350 4.5000 1.92 
1.3 28.1644588 -13.9685519 0.100001 0.099998 52.51337 4.5000 0.00 
1.4 28.1646036 -13.9689113 0.420276 0.196575 70.85927 4.5000 -2.15 
1.4 28.1641934 -13.9687550 0.472546 0.230735 153.49899 4.5000 -2.45 
1.4 28.1644243 -13.9686734 0.460599 0.256417 169.54746 4.5000 -2.53 
1.4 28.1643735 -13.9691977 0.280659 0.220670 26.55185 4.5000 -1.83 
1.4 28.1657101 -13.9687280 0.106999 0.106999 24.00435 4.5000 0.00 
2.1 28.1648549 -13.9692525 1.138102 0.025691 71.00355 4.5000 -0.98 
2.1 28.1648747 -13.9693143 0.855009 0.026475 74.29523 4.5000 -0.70 
2.1 28.1647649 -13.9690624 0.377502 0.029993 60.37999 4.5000 0.05 
2.1 28.1640808 -13.9684334 0.509619 0.060760 104.55881 4.5000 -1.04 
2.1 28.1640694 -13.9685702 0.432209 0.065719 85.85108 4.5000 -0.95 
2.1 28.1657083 -13.9688061 0.058290 0.025325 80.24526 4.5000 2.26 
2.1 28.1644619 -13.9684909 0.145132 0.063927 96.58050 4.5000 0.27 
2.1 28.1643839 -13.9693315 0.099603 0.046773 57.84335 4.5000 1.02 
2.1 28.1644705 -13.9681875 0.109016 0.108989 177.48765 4.5000 -0.00 
2.2 28.1646339 -13.9688344 0.422893 0.029536 64.37438 4.5000 -0.16 
2.2 28.1642979 -13.9692171 0.249802 0.032310 49.50509 4.5000 0.32 
2.2 28.1645252 -13.9686319 0.324555 0.043871 58.51757 4.5000 -0.30 
2.2 28.1640854 -13.9687924 0.270139 0.044108 85.16763 4.5000 -0.11 
2.2 28.1656765 -13.9687454 0.102133 0.019420 53.76586 4.5000 1.84 
2.2 28.1645637 -13.9680994 0.210846 0.043198 160.10382 4.5000 0.19 
2.2 28.1640805 -13.9682814 0.104013 0.104003 155.41936 4.5000 -0.00 
