#REFERENCE 3 203.8541010 41.0050560
1	-0.439453	-0.402565	0.297744	0.494791	
1	-0.390625	-0.417756	0.307245	0.502530	
1	-0.390625	-0.417756	0.307245	0.502530	
1	-0.439453	-0.402565	0.297744	0.494791	
1	-0.477230	-0.390625	0.288490	0.488320	
1	-0.477230	-0.390625	0.288490	0.488320	
1	-0.488281	-0.387533	0.285378	0.486307	
1	-0.488281	-0.387533	0.285378	0.486307	
1	-0.537109	-0.372189	0.270324	0.477426	
1	-0.537109	-0.372189	0.270324	0.477426	
1	-0.585938	-0.355752	0.252862	0.468463	
1	-0.585938	-0.355752	0.252862	0.468463	
1	-0.623467	-0.341797	0.237997	0.461678	
1	-0.623467	-0.341797	0.237997	0.461678	
1	-0.634766	-0.337986	0.233152	0.459607	
1	-0.634766	-0.337986	0.233152	0.459607	
1	-0.683594	-0.319454	0.211184	0.450950	
1	-0.683594	-0.319454	0.211184	0.450950	
1	-0.732422	-0.298979	0.187301	0.442710	
1	-0.732422	-0.298979	0.187301	0.442710	
1	-0.745516	-0.292969	0.180615	0.440593	
1	-0.745516	-0.292969	0.180615	0.440593	
1	-0.781250	-0.277599	0.161387	0.434917	
1	-0.781250	-0.277599	0.161387	0.434917	
1	-0.830078	-0.254453	0.133688	0.427715	
1	-0.830078	-0.254453	0.133688	0.427715	
1	-0.850155	-0.244141	0.121837	0.424951	
1	-0.850155	-0.244141	0.121837	0.424951	
1	-0.878906	-0.230042	0.104189	0.421158	
1	-0.878906	-0.230042	0.104189	0.421158	
1	-0.927734	-0.203944	0.073022	0.415336	
1	-0.927734	-0.203944	0.073022	0.415336	
1	-0.942857	-0.195312	0.063063	0.413695	
1	-0.942857	-0.195312	0.063063	0.413695	
1	-0.976562	-0.176626	0.040186	0.410302	
1	-0.976562	-0.176626	0.040186	0.410302	
1	-1.025391	-0.147247	0.005822	0.406130	
1	-1.025391	-0.147247	0.005822	0.406130	
1	-1.026606	-0.146484	0.004947	0.406037	
1	-1.026606	-0.146484	0.004947	0.406037	
1	-1.074219	-0.117026	-0.030131	0.402864	
1	-1.074219	-0.117026	-0.030131	0.402864	
1	-1.103490	-0.097656	-0.052368	0.401369	
1	-1.103490	-0.097656	-0.052368	0.401369	
1	-1.123047	-0.084777	-0.067537	0.400568	
1	-1.123047	-0.084777	-0.067537	0.400568	
1	-1.171875	-0.050748	-0.106394	0.399290	
1	-1.171875	-0.050748	-0.106394	0.399290	
1	-1.174547	-0.048828	-0.108562	0.399251	
1	-1.174547	-0.048828	-0.108562	0.399251	
1	-1.220703	-0.015422	-0.146677	0.399083	
1	-1.220703	-0.015422	-0.146677	0.399083	
1	-1.241069	0.000000	-0.163893	0.399325	
1	-1.241069	0.000000	-0.163893	0.399325	
1	-1.269531	0.021894	-0.188356	0.399998	
1	-1.269531	0.021894	-0.188356	0.399998	
1	-1.303260	0.048828	-0.217959	0.401314	
1	-1.303260	0.048828	-0.217959	0.401314	
1	-1.318359	0.061182	-0.231426	0.402089	
1	-1.318359	0.061182	-0.231426	0.402089	
1	-1.361642	0.097656	-0.270763	0.404973	
1	-1.361642	0.097656	-0.270763	0.404973	
1	-1.367188	0.102485	-0.275885	0.405415	
1	-1.367188	0.102485	-0.275885	0.405415	
1	-1.416016	0.145904	-0.321742	0.410038	
1	-1.416016	0.145904	-0.321742	0.410038	
1	-1.416660	0.146484	-0.322356	0.410108	
1	-1.416660	0.146484	-0.322356	0.410108	
1	-1.464844	0.191634	-0.369024	0.416030	
1	-1.464844	0.191634	-0.369024	0.416030	
1	-1.468721	0.195312	-0.372834	0.416566	
1	-1.468721	0.195312	-0.372834	0.416566	
1	-1.513672	0.240026	-0.417796	0.423479	
1	-1.513672	0.240026	-0.417796	0.423479	
1	-1.517783	0.244141	-0.421960	0.424174	
1	-1.517783	0.244141	-0.421960	0.424174	
1	-1.562500	0.291399	-0.468143	0.432491	
1	-1.562500	0.291399	-0.468143	0.432491	
1	-1.563985	0.292969	-0.469692	0.432790	
1	-1.563985	0.292969	-0.469692	0.432790	
1	-1.607593	0.341797	-0.516136	0.442316	
1	-1.607593	0.341797	-0.516136	0.442316	
1	-1.611328	0.346287	-0.520213	0.443206	
1	-1.611328	0.346287	-0.520213	0.443206	
1	-1.648640	0.390625	-0.561217	0.452635	
1	-1.648640	0.390625	-0.561217	0.452635	
1	-1.660156	0.405451	-0.574244	0.455814	
1	-1.660156	0.405451	-0.574244	0.455814	
1	-1.687018	0.439453	-0.604762	0.463609	
1	-1.687018	0.439453	-0.604762	0.463609	
1	-1.708984	0.469803	-0.630563	0.470582	
1	-1.708984	0.469803	-0.630563	0.470582	
1	-1.722652	0.488281	-0.646646	0.475107	
1	-1.722652	0.488281	-0.646646	0.475107	
1	-1.755534	0.537109	-0.686819	0.487020	
1	-1.755534	0.537109	-0.686819	0.487020	
1	-1.757812	0.540854	-0.689718	0.487914	
1	-1.757812	0.540854	-0.689718	0.487914	
1	-1.786128	0.585938	-0.725637	0.499378	
1	-1.786128	0.585938	-0.725637	0.499378	
1	-1.806641	0.622716	-0.753115	0.508644	
1	-1.806641	0.622716	-0.753115	0.508644	
1	-1.813606	0.634766	-0.762386	0.511870	
1	-1.813606	0.634766	-0.762386	0.511870	
1	-1.838440	0.683594	-0.797450	0.524545	
1	-1.838440	0.683594	-0.797450	0.524545	
1	-1.855469	0.722498	-0.823476	0.534455	
1	-1.855469	0.722498	-0.823476	0.534455	
1	-1.860010	0.732422	-0.830324	0.537137	
1	-1.860010	0.732422	-0.830324	0.537137	
1	-1.878624	0.781250	-0.861274	0.549666	
1	-1.878624	0.781250	-0.861274	0.549666	
1	-1.893559	0.830078	-0.889749	0.561823	
1	-1.893559	0.830078	-0.889749	0.561823	
1	-1.904297	0.877388	-0.914847	0.573094	
1	-1.904297	0.877388	-0.914847	0.573094	
1	-1.904661	0.878906	-0.915675	0.573476	
1	-1.904661	0.878906	-0.915675	0.573476	
1	-1.911705	0.927734	-0.938940	0.584476	
1	-1.911705	0.927734	-0.938940	0.584476	
1	-1.913893	0.976562	-0.959021	0.594457	
1	-1.913893	0.976562	-0.959021	0.594457	
1	-1.910499	1.025391	-0.975497	0.603067	
1	-1.910499	1.025391	-0.975497	0.603067	
1	-1.904297	1.056408	-0.983330	0.607332	
1	-1.904297	1.056408	-0.983330	0.607332	
1	-1.900464	1.074219	-0.987764	0.609810	
1	-1.900464	1.074219	-0.987764	0.609810	
1	-1.882093	1.123047	-0.994856	0.613910	
1	-1.882093	1.123047	-0.994856	0.613910	
1	-1.855469	1.168170	-0.995580	0.614333	
1	-1.855469	1.168170	-0.995580	0.614333	
1	-1.852976	1.171875	-0.995476	0.614267	
1	-1.852976	1.171875	-0.995476	0.614267	
1	-1.808160	1.220703	-0.986918	0.608637	
1	-1.808160	1.220703	-0.986918	0.608637	
1	-1.806641	1.222000	-0.986500	0.608354	
1	-1.806641	1.222000	-0.986500	0.608354	
1	-1.757812	1.257331	-0.971033	0.597562	
1	-1.757812	1.257331	-0.971033	0.597562	
1	-1.736540	1.269531	-0.963299	0.591961	
1	-1.736540	1.269531	-0.963299	0.591961	
1	-1.708984	1.282983	-0.952561	0.583995	
1	-1.708984	1.282983	-0.952561	0.583995	
1	-1.660156	1.301752	-0.932098	0.568270	
1	-1.660156	1.301752	-0.932098	0.568270	
1	-1.611328	1.315602	-0.910401	0.550891	
1	-1.611328	1.315602	-0.910401	0.550891	
1	-1.598254	1.318359	-0.904315	0.545894	
1	-1.598254	1.318359	-0.904315	0.545894	
1	-1.562500	1.325307	-0.887738	0.532019	
1	-1.562500	1.325307	-0.887738	0.532019	
1	-1.513672	1.331760	-0.864469	0.511912	
1	-1.513672	1.331760	-0.864469	0.511912	
1	-1.464844	1.335459	-0.840790	0.490707	
1	-1.464844	1.335459	-0.840790	0.490707	
1	-1.416016	1.336749	-0.816842	0.468504	
1	-1.416016	1.336749	-0.816842	0.468504	
1	-1.367188	1.335901	-0.792740	0.445383	
1	-1.367188	1.335901	-0.792740	0.445383	
1	-1.318359	1.333119	-0.768577	0.421408	
1	-1.318359	1.333119	-0.768577	0.421408	
1	-1.269531	1.328555	-0.744426	0.396628	
1	-1.269531	1.328555	-0.744426	0.396628	
1	-1.220703	1.322317	-0.720348	0.371076	
1	-1.220703	1.322317	-0.720348	0.371076	
1	-1.196255	1.318359	-0.708229	0.357885	
1	-1.196255	1.318359	-0.708229	0.357885	
1	-1.171875	1.314637	-0.696461	0.344857	
1	-1.171875	1.314637	-0.696461	0.344857	
1	-1.123047	1.305678	-0.672858	0.318049	
1	-1.123047	1.305678	-0.672858	0.318049	
1	-1.074219	1.295308	-0.649499	0.290584	
1	-1.074219	1.295308	-0.649499	0.290584	
1	-1.025391	1.283513	-0.626403	0.262452	
1	-1.025391	1.283513	-0.626403	0.262452	
1	-0.976562	1.270255	-0.603586	0.233631	
1	-0.976562	1.270255	-0.603586	0.233631	
1	-0.974157	1.269531	-0.602455	0.232175	
1	-0.974157	1.269531	-0.602455	0.232175	
1	-0.927734	1.256295	-0.581411	0.204558	
1	-0.927734	1.256295	-0.581411	0.204558	
1	-0.878906	1.240947	-0.559612	0.174861	
1	-0.878906	1.240947	-0.559612	0.174861	
1	-0.830078	1.224076	-0.538180	0.144471	
1	-0.830078	1.224076	-0.538180	0.144471	
1	-0.821053	1.220703	-0.534226	0.138726	
1	-0.821053	1.220703	-0.534226	0.138726	
1	-0.781250	1.206534	-0.517509	0.113917	
1	-0.781250	1.206534	-0.517509	0.113917	
1	-0.732422	1.187608	-0.497352	0.082799	
1	-0.732422	1.187608	-0.497352	0.082799	
1	-0.695019	1.171875	-0.482181	0.058409	
1	-0.695019	1.171875	-0.482181	0.058409	
1	-0.683594	1.167273	-0.477758	0.051129	
1	-0.683594	1.167273	-0.477758	0.051129	
1	-0.634766	1.146225	-0.459048	0.019387	
1	-0.634766	1.146225	-0.459048	0.019387	
1	-0.585938	1.123283	-0.440842	-0.013135	
1	-0.585938	1.123283	-0.440842	-0.013135	
1	-0.585460	1.123047	-0.440666	-0.013459	
1	-0.585460	1.123047	-0.440666	-0.013459	
1	-0.537109	1.099904	-0.423733	-0.045435	
1	-0.537109	1.099904	-0.423733	-0.045435	
1	-0.488281	1.074427	-0.407215	-0.078534	
1	-0.488281	1.074427	-0.407215	-0.078534	
1	-0.487899	1.074219	-0.407088	-0.078796	
1	-0.487899	1.074219	-0.407088	-0.078796	
1	-0.439453	1.048401	-0.391879	-0.111322	
1	-0.439453	1.048401	-0.391879	-0.111322	
1	-0.399520	1.025391	-0.379863	-0.138724	
1	-0.399520	1.025391	-0.379863	-0.138724	
1	-0.390625	1.020338	-0.377340	-0.144701	
1	-0.390625	1.020338	-0.377340	-0.144701	
1	-0.341797	0.991203	-0.363979	-0.177903	
1	-0.341797	0.991203	-0.363979	-0.177903	
1	-0.318630	0.976562	-0.357962	-0.193855	
1	-0.318630	0.976562	-0.357962	-0.193855	
1	-0.292969	0.960338	-0.351710	-0.211235	
1	-0.292969	0.960338	-0.351710	-0.211235	
1	-0.244437	0.927734	-0.340665	-0.244475	
1	-0.244437	0.927734	-0.340665	-0.244475	
1	-0.244141	0.927533	-0.340602	-0.244676	
1	-0.244141	0.927533	-0.340602	-0.244676	
1	-0.195312	0.893396	-0.330903	-0.277606	
1	-0.195312	0.893396	-0.330903	-0.277606	
1	-0.175445	0.878906	-0.327340	-0.290953	
1	-0.175445	0.878906	-0.327340	-0.290953	
1	-0.146484	0.857088	-0.322560	-0.310348	
1	-0.146484	0.857088	-0.322560	-0.310348	
1	-0.111702	0.830078	-0.317548	-0.333272	
1	-0.111702	0.830078	-0.317548	-0.333272	
1	-0.097656	0.818598	-0.315717	-0.342600	
1	-0.097656	0.818598	-0.315717	-0.342600	
1	-0.052599	0.781250	-0.310860	-0.371529	
1	-0.052599	0.781250	-0.310860	-0.371529	
1	-0.048828	0.777883	-0.310505	-0.374006	
1	-0.048828	0.777883	-0.310505	-0.374006	
1	0.000000	0.734745	-0.307029	-0.404221	
1	0.000000	0.734745	-0.307029	-0.404221	
1	0.002691	0.732422	-0.306896	-0.405765	
1	0.002691	0.732422	-0.306896	-0.405765	
1	0.048828	0.688862	-0.305382	-0.432845	
1	0.048828	0.688862	-0.305382	-0.432845	
1	0.054677	0.683594	-0.305316	-0.435901	
1	0.054677	0.683594	-0.305316	-0.435901	
1	0.097656	0.640389	-0.305636	-0.459053	
1	0.097656	0.640389	-0.305636	-0.459053	
1	0.103741	0.634766	-0.305782	-0.461800	
1	0.103741	0.634766	-0.305782	-0.461800	
1	0.146484	0.589995	-0.307705	-0.481667	
1	0.146484	0.589995	-0.307705	-0.481667	
1	0.150910	0.585938	-0.307933	-0.483234	
1	0.150910	0.585938	-0.307933	-0.483234	
1	0.195312	0.539710	-0.311116	-0.499034	
1	0.195312	0.539710	-0.311116	-0.499034	
1	0.198364	0.537109	-0.311302	-0.499728	
1	0.198364	0.537109	-0.311302	-0.499728	
1	0.244141	0.493895	-0.314600	-0.509381	
1	0.244141	0.493895	-0.314600	-0.509381	
1	0.252135	0.488281	-0.314886	-0.510011	
1	0.252135	0.488281	-0.314886	-0.510011	
1	0.292969	0.458469	-0.315983	-0.512052	
1	0.292969	0.458469	-0.315983	-0.512052	
1	0.333665	0.439453	-0.313978	-0.509368	
1	0.333665	0.439453	-0.313978	-0.509368	
1	0.341797	0.435861	-0.313336	-0.508620	
1	0.341797	0.435861	-0.313336	-0.508620	
1	0.390625	0.417756	-0.307245	-0.502530	
1	0.390625	0.417756	-0.307245	-0.502530	
1	0.439453	0.402565	-0.297744	-0.494791	
1	0.439453	0.402565	-0.297744	-0.494791	
1	0.477230	0.390625	-0.288490	-0.488320	
1	0.477230	0.390625	-0.288490	-0.488320	
1	0.488281	0.387533	-0.285378	-0.486307	
1	0.488281	0.387533	-0.285378	-0.486307	
1	0.537109	0.372189	-0.270324	-0.477426	
1	0.537109	0.372189	-0.270324	-0.477426	
1	0.585938	0.355752	-0.252862	-0.468463	
1	0.585938	0.355752	-0.252862	-0.468463	
1	0.623467	0.341797	-0.237997	-0.461678	
1	0.623467	0.341797	-0.237997	-0.461678	
1	0.634766	0.337986	-0.233152	-0.459607	
1	0.634766	0.337986	-0.233152	-0.459607	
1	0.683594	0.319454	-0.211184	-0.450950	
1	0.683594	0.319454	-0.211184	-0.450950	
1	0.732422	0.298979	-0.187301	-0.442710	
1	0.732422	0.298979	-0.187301	-0.442710	
1	0.745516	0.292969	-0.180615	-0.440593	
1	0.745516	0.292969	-0.180615	-0.440593	
1	0.781250	0.277599	-0.161387	-0.434917	
1	0.781250	0.277599	-0.161387	-0.434917	
1	0.830078	0.254453	-0.133688	-0.427715	
1	0.830078	0.254453	-0.133688	-0.427715	
1	0.850155	0.244141	-0.121837	-0.424951	
1	0.850155	0.244141	-0.121837	-0.424951	
1	0.878906	0.230042	-0.104189	-0.421158	
1	0.878906	0.230042	-0.104189	-0.421158	
1	0.927734	0.203944	-0.073022	-0.415336	
1	0.927734	0.203944	-0.073022	-0.415336	
1	0.942857	0.195312	-0.063063	-0.413695	
1	0.942857	0.195312	-0.063063	-0.413695	
1	0.976562	0.176626	-0.040186	-0.410302	
1	0.976562	0.176626	-0.040186	-0.410302	
1	1.025391	0.147247	-0.005822	-0.406130	
1	1.025391	0.147247	-0.005822	-0.406130	
1	1.026606	0.146484	-0.004947	-0.406037	
1	1.026606	0.146484	-0.004947	-0.406037	
1	1.074219	0.117026	0.030131	-0.402864	
1	1.074219	0.117026	0.030131	-0.402864	
1	1.103490	0.097656	0.052368	-0.401369	
1	1.103490	0.097656	0.052368	-0.401369	
1	1.123047	0.084777	0.067537	-0.400568	
1	1.123047	0.084777	0.067537	-0.400568	
1	1.171875	0.050748	0.106394	-0.399290	
1	1.171875	0.050748	0.106394	-0.399290	
1	1.174547	0.048828	0.108562	-0.399251	
1	1.174547	0.048828	0.108562	-0.399251	
1	1.220703	0.015422	0.146677	-0.399083	
1	1.220703	0.015422	0.146677	-0.399083	
1	1.241069	0.000000	0.163893	-0.399325	
1	1.241069	0.000000	0.163893	-0.399325	
1	1.269531	-0.021894	0.188356	-0.399998	
1	1.269531	-0.021894	0.188356	-0.399998	
1	1.303260	-0.048828	0.217959	-0.401314	
1	1.303260	-0.048828	0.217959	-0.401314	
1	1.318359	-0.061182	0.231426	-0.402089	
1	1.318359	-0.061182	0.231426	-0.402089	
1	1.361642	-0.097656	0.270763	-0.404973	
1	1.361642	-0.097656	0.270763	-0.404973	
1	1.367188	-0.102485	0.275885	-0.405415	
1	1.367188	-0.102485	0.275885	-0.405415	
1	1.416016	-0.145904	0.321742	-0.410038	
1	1.416016	-0.145904	0.321742	-0.410038	
1	1.416660	-0.146484	0.322356	-0.410108	
1	1.416660	-0.146484	0.322356	-0.410108	
1	1.464844	-0.191634	0.369024	-0.416030	
1	1.464844	-0.191634	0.369024	-0.416030	
1	1.468721	-0.195312	0.372834	-0.416566	
1	1.468721	-0.195312	0.372834	-0.416566	
1	1.513672	-0.240026	0.417796	-0.423479	
1	1.513672	-0.240026	0.417796	-0.423479	
1	1.517783	-0.244141	0.421960	-0.424174	
1	1.517783	-0.244141	0.421960	-0.424174	
1	1.562500	-0.291399	0.468143	-0.432491	
1	1.562500	-0.291399	0.468143	-0.432491	
1	1.563985	-0.292969	0.469692	-0.432790	
1	1.563985	-0.292969	0.469692	-0.432790	
1	1.607593	-0.341797	0.516136	-0.442316	
1	1.607593	-0.341797	0.516136	-0.442316	
1	1.611328	-0.346287	0.520213	-0.443206	
1	1.611328	-0.346287	0.520213	-0.443206	
1	1.648640	-0.390625	0.561217	-0.452635	
1	1.648640	-0.390625	0.561217	-0.452635	
1	1.660156	-0.405451	0.574244	-0.455814	
1	1.660156	-0.405451	0.574244	-0.455814	
1	1.687018	-0.439453	0.604762	-0.463609	
1	1.687018	-0.439453	0.604762	-0.463609	
1	1.708984	-0.469803	0.630563	-0.470582	
1	1.708984	-0.469803	0.630563	-0.470582	
1	1.722652	-0.488281	0.646646	-0.475107	
1	1.722652	-0.488281	0.646646	-0.475107	
1	1.755534	-0.537109	0.686819	-0.487020	
1	1.755534	-0.537109	0.686819	-0.487020	
1	1.757812	-0.540854	0.689718	-0.487914	
1	1.757812	-0.540854	0.689718	-0.487914	
1	1.786128	-0.585938	0.725637	-0.499378	
1	1.786128	-0.585938	0.725637	-0.499378	
1	1.806641	-0.622716	0.753115	-0.508644	
1	1.806641	-0.622716	0.753115	-0.508644	
1	1.813606	-0.634766	0.762386	-0.511870	
1	1.813606	-0.634766	0.762386	-0.511870	
1	1.838440	-0.683594	0.797450	-0.524545	
1	1.838440	-0.683594	0.797450	-0.524545	
1	1.855469	-0.722498	0.823476	-0.534455	
1	1.855469	-0.722498	0.823476	-0.534455	
1	1.860010	-0.732422	0.830324	-0.537137	
1	1.860010	-0.732422	0.830324	-0.537137	
1	1.878624	-0.781250	0.861274	-0.549666	
1	1.878624	-0.781250	0.861274	-0.549666	
1	1.893559	-0.830078	0.889749	-0.561823	
1	1.893559	-0.830078	0.889749	-0.561823	
1	1.904297	-0.877388	0.914847	-0.573094	
1	1.904297	-0.877388	0.914847	-0.573094	
1	1.904661	-0.878906	0.915675	-0.573476	
1	1.904661	-0.878906	0.915675	-0.573476	
1	1.911705	-0.927734	0.938940	-0.584476	
1	1.911705	-0.927734	0.938940	-0.584476	
1	1.913893	-0.976562	0.959021	-0.594457	
1	1.913893	-0.976562	0.959021	-0.594457	
1	1.910499	-1.025391	0.975497	-0.603067	
1	1.910499	-1.025391	0.975497	-0.603067	
1	1.904297	-1.056408	0.983330	-0.607332	
1	1.904297	-1.056408	0.983330	-0.607332	
1	1.900464	-1.074219	0.987764	-0.609810	
1	1.900464	-1.074219	0.987764	-0.609810	
1	1.882093	-1.123047	0.994856	-0.613910	
1	1.882093	-1.123047	0.994856	-0.613910	
1	1.855469	-1.168170	0.995580	-0.614333	
1	1.855469	-1.168170	0.995580	-0.614333	
1	1.852976	-1.171875	0.995476	-0.614267	
1	1.852976	-1.171875	0.995476	-0.614267	
1	1.808160	-1.220703	0.986918	-0.608637	
1	1.808160	-1.220703	0.986918	-0.608637	
1	1.806641	-1.222000	0.986500	-0.608354	
1	1.806641	-1.222000	0.986500	-0.608354	
1	1.757812	-1.257331	0.971033	-0.597562	
1	1.757812	-1.257331	0.971033	-0.597562	
1	1.736540	-1.269531	0.963299	-0.591961	
1	1.736540	-1.269531	0.963299	-0.591961	
1	1.708984	-1.282983	0.952561	-0.583995	
1	1.708984	-1.282983	0.952561	-0.583995	
1	1.660156	-1.301752	0.932098	-0.568270	
1	1.660156	-1.301752	0.932098	-0.568270	
1	1.611328	-1.315602	0.910401	-0.550891	
1	1.611328	-1.315602	0.910401	-0.550891	
1	1.598254	-1.318359	0.904315	-0.545894	
1	1.598254	-1.318359	0.904315	-0.545894	
1	1.562500	-1.325307	0.887738	-0.532019	
1	1.562500	-1.325307	0.887738	-0.532019	
1	1.513672	-1.331760	0.864469	-0.511912	
1	1.513672	-1.331760	0.864469	-0.511912	
1	1.464844	-1.335459	0.840790	-0.490707	
1	1.464844	-1.335459	0.840790	-0.490707	
1	1.416016	-1.336749	0.816842	-0.468504	
1	1.416016	-1.336749	0.816842	-0.468504	
1	1.367188	-1.335901	0.792740	-0.445383	
1	1.367188	-1.335901	0.792740	-0.445383	
1	1.318359	-1.333119	0.768577	-0.421408	
1	1.318359	-1.333119	0.768577	-0.421408	
1	1.269531	-1.328555	0.744426	-0.396628	
1	1.269531	-1.328555	0.744426	-0.396628	
1	1.220703	-1.322317	0.720348	-0.371076	
1	1.220703	-1.322317	0.720348	-0.371076	
1	1.196255	-1.318359	0.708229	-0.357885	
1	1.196255	-1.318359	0.708229	-0.357885	
1	1.171875	-1.314637	0.696461	-0.344857	
1	1.171875	-1.314637	0.696461	-0.344857	
1	1.123047	-1.305678	0.672858	-0.318049	
1	1.123047	-1.305678	0.672858	-0.318049	
1	1.074219	-1.295308	0.649499	-0.290584	
1	1.074219	-1.295308	0.649499	-0.290584	
1	1.025391	-1.283513	0.626403	-0.262452	
1	1.025391	-1.283513	0.626403	-0.262452	
1	0.976562	-1.270255	0.603586	-0.233631	
1	0.976562	-1.270255	0.603586	-0.233631	
1	0.974157	-1.269531	0.602455	-0.232175	
1	0.974157	-1.269531	0.602455	-0.232175	
1	0.927734	-1.256295	0.581411	-0.204558	
1	0.927734	-1.256295	0.581411	-0.204558	
1	0.878906	-1.240947	0.559612	-0.174861	
1	0.878906	-1.240947	0.559612	-0.174861	
1	0.830078	-1.224076	0.538180	-0.144471	
1	0.830078	-1.224076	0.538180	-0.144471	
1	0.821053	-1.220703	0.534226	-0.138726	
1	0.821053	-1.220703	0.534226	-0.138726	
1	0.781250	-1.206534	0.517509	-0.113917	
1	0.781250	-1.206534	0.517509	-0.113917	
1	0.732422	-1.187608	0.497352	-0.082799	
1	0.732422	-1.187608	0.497352	-0.082799	
1	0.695019	-1.171875	0.482181	-0.058409	
1	0.695019	-1.171875	0.482181	-0.058409	
1	0.683594	-1.167273	0.477758	-0.051129	
1	0.683594	-1.167273	0.477758	-0.051129	
1	0.634766	-1.146225	0.459048	-0.019387	
1	0.634766	-1.146225	0.459048	-0.019387	
1	0.585938	-1.123283	0.440842	0.013135	
1	0.585938	-1.123283	0.440842	0.013135	
1	0.585460	-1.123047	0.440666	0.013459	
1	0.585460	-1.123047	0.440666	0.013459	
1	0.537109	-1.099904	0.423733	0.045435	
1	0.537109	-1.099904	0.423733	0.045435	
1	0.488281	-1.074427	0.407215	0.078534	
1	0.488281	-1.074427	0.407215	0.078534	
1	0.487899	-1.074219	0.407088	0.078796	
1	0.487899	-1.074219	0.407088	0.078796	
1	0.439453	-1.048401	0.391879	0.111322	
1	0.439453	-1.048401	0.391879	0.111322	
1	0.399520	-1.025391	0.379863	0.138724	
1	0.399520	-1.025391	0.379863	0.138724	
1	0.390625	-1.020338	0.377340	0.144701	
1	0.390625	-1.020338	0.377340	0.144701	
1	0.341797	-0.991203	0.363979	0.177903	
1	0.341797	-0.991203	0.363979	0.177903	
1	0.318630	-0.976562	0.357962	0.193855	
1	0.318630	-0.976562	0.357962	0.193855	
1	0.292969	-0.960338	0.351710	0.211235	
1	0.292969	-0.960338	0.351710	0.211235	
1	0.244437	-0.927734	0.340665	0.244475	
1	0.244437	-0.927734	0.340665	0.244475	
1	0.244141	-0.927533	0.340602	0.244676	
1	0.244141	-0.927533	0.340602	0.244676	
1	0.195312	-0.893396	0.330903	0.277606	
1	0.195312	-0.893396	0.330903	0.277606	
1	0.175445	-0.878906	0.327340	0.290953	
1	0.175445	-0.878906	0.327340	0.290953	
1	0.146484	-0.857088	0.322560	0.310348	
1	0.146484	-0.857088	0.322560	0.310348	
1	0.111702	-0.830078	0.317548	0.333272	
1	0.111702	-0.830078	0.317548	0.333272	
1	0.097656	-0.818598	0.315717	0.342600	
1	0.097656	-0.818598	0.315717	0.342600	
1	0.052599	-0.781250	0.310860	0.371529	
1	0.052599	-0.781250	0.310860	0.371529	
1	0.048828	-0.777883	0.310505	0.374006	
1	0.048828	-0.777883	0.310505	0.374006	
1	0.000000	-0.734745	0.307029	0.404221	
1	0.000000	-0.734745	0.307029	0.404221	
1	-0.002691	-0.732422	0.306896	0.405765	
1	-0.002691	-0.732422	0.306896	0.405765	
1	-0.048828	-0.688862	0.305382	0.432845	
1	-0.048828	-0.688862	0.305382	0.432845	
1	-0.054677	-0.683594	0.305316	0.435901	
1	-0.054677	-0.683594	0.305316	0.435901	
1	-0.097656	-0.640389	0.305636	0.459053	
1	-0.097656	-0.640389	0.305636	0.459053	
1	-0.103741	-0.634766	0.305782	0.461800	
1	-0.103741	-0.634766	0.305782	0.461800	
1	-0.146484	-0.589995	0.307705	0.481667	
1	-0.146484	-0.589995	0.307705	0.481667	
1	-0.150910	-0.585938	0.307933	0.483234	
1	-0.150910	-0.585938	0.307933	0.483234	
1	-0.195312	-0.539710	0.311116	0.499034	
1	-0.195312	-0.539710	0.311116	0.499034	
1	-0.198364	-0.537109	0.311302	0.499728	
1	-0.198364	-0.537109	0.311302	0.499728	
1	-0.244141	-0.493895	0.314600	0.509381	
1	-0.244141	-0.493895	0.314600	0.509381	
1	-0.252135	-0.488281	0.314886	0.510011	
1	-0.252135	-0.488281	0.314886	0.510011	
1	-0.292969	-0.458469	0.315983	0.512052	
1	-0.292969	-0.458469	0.315983	0.512052	
1	-0.333665	-0.439453	0.313978	0.509368	
1	-0.333665	-0.439453	0.313978	0.509368	
1	-0.341797	-0.435861	0.313336	0.508620	
1	-0.341797	-0.435861	0.313336	0.508620	
