#REFERENCE 3 203.8541010 41.0050560
   #ID       X         Y         R       EPS       TAU       AMP       E_AMP      DMAG  TIME[days]  DTIME    PARITY
   3.1    -1.231    -0.728     1.430     0.706     0.996   158.194  1686.999      5.50     -16.8       0.0    ++
   3.1     0.150     1.469     1.476     0.696     0.969    68.616   445.656      4.59     -18.6      -1.8    ++
   3.1    -1.076     0.623     1.243     0.000     0.000   143.914  2313.437      5.40     -10.9       5.9    +-
   3.2     0.399     1.396     1.452     0.658     0.873   153.846  2088.799      5.47     -18.6      -1.7    ++
   3.2    -0.957     0.528     1.093     0.567     0.689   239.934  6423.297      5.95      -7.6       9.2    +-
   3.2    -1.035    -0.875     1.355     0.000     0.000    60.089   415.952      4.45     -14.9       1.9    ++
   4.1    -0.933    -0.591     1.104     0.792     1.297   181.827  1485.127      5.65      -6.2       0.0    ++
   4.1     0.603     1.569     1.680     0.711     1.010    60.674   730.506      4.46     -27.4     -21.2    ++
   4.1    -0.997     0.224     1.022     0.000     0.000   357.146  3945.054      6.38      -4.8       1.4    +-
   4.2     0.556     1.593     1.687     0.841     1.557    97.381  1866.068      4.97     -27.6     -21.4    ++
   4.2    -1.036     0.214     1.058     0.816     1.414   336.934  4515.320      6.32      -5.5       0.7    +-
   4.2    -0.990    -0.522     1.119     0.000     0.000   347.474  3401.277      6.35      -6.5      -0.3    ++
