#REFERENCE 3 203.8541010 41.0050560
3.1 -0.254 0.184 0.060 0.049 149.84 4.500 0.65 -1.231 -0.728 1.04 -0.39
3.1 -0.254 0.184 0.060 0.049 149.84 4.500 0.65 0.150 1.469 0.97 -0.32
3.1 -0.254 0.184 0.060 0.049 149.84 4.500 0.65 -1.076 0.623 0.65 -0.00
3.2 -0.140 0.140 0.067 0.033 40.13 4.500 1.02 0.399 1.396 0.91 0.11
3.2 -0.140 0.140 0.067 0.033 40.13 4.500 1.02 -0.957 0.528 0.45 0.56
3.2 -0.140 0.140 0.067 0.033 40.13 4.500 1.02 -1.035 -0.875 1.02 -0.00
4.1 -0.005 0.318 0.058 0.041 165.82 4.500 0.99 -0.933 -0.591 1.51 -0.52
4.1 -0.005 0.318 0.058 0.041 165.82 4.500 0.99 0.603 1.569 0.72 0.26
4.1 -0.005 0.318 0.058 0.041 165.82 4.500 0.99 -0.997 0.224 0.99 0.00
4.2 -0.030 0.334 0.065 0.022 26.61 4.500 1.59 0.556 1.593 0.73 0.86
4.2 -0.030 0.334 0.065 0.022 26.61 4.500 1.59 -1.036 0.214 1.13 0.46
4.2 -0.030 0.334 0.065 0.022 26.61 4.500 1.59 -0.990 -0.522 1.59 -0.00
