#REFERENCE 3 328.4078120 17.6977430
1	-1.757812	-1.744244	-1.018871	-0.509700	
1	-1.708984	-1.739263	-0.992054	-0.482263	
1	-1.708984	-1.739263	-0.992054	-0.482263	
1	-1.757812	-1.744244	-1.018871	-0.509700	
1	-1.806641	-1.748222	-1.045821	-0.536566	
1	-1.806641	-1.748222	-1.045821	-0.536566	
1	-1.855469	-1.751132	-1.072867	-0.562841	
1	-1.855469	-1.751132	-1.072867	-0.562841	
1	-1.904297	-1.752891	-1.099964	-0.588495	
1	-1.904297	-1.752891	-1.099964	-0.588495	
1	-1.953125	-1.753398	-1.127060	-0.613495	
1	-1.953125	-1.753398	-1.127060	-0.613495	
1	-2.001953	-1.752526	-1.154094	-0.637800	
1	-2.001953	-1.752526	-1.154094	-0.637800	
1	-2.050781	-1.750118	-1.180994	-0.661360	
1	-2.050781	-1.750118	-1.180994	-0.661360	
1	-2.099609	-1.745988	-1.207676	-0.684118	
1	-2.099609	-1.745988	-1.207676	-0.684118	
1	-2.148438	-1.739906	-1.234041	-0.706008	
1	-2.148438	-1.739906	-1.234041	-0.706008	
1	-2.197266	-1.731598	-1.259977	-0.726952	
1	-2.197266	-1.731598	-1.259977	-0.726952	
1	-2.246094	-1.720732	-1.285351	-0.746864	
1	-2.246094	-1.720732	-1.285351	-0.746864	
1	-2.287941	-1.708984	-1.306486	-0.762997	
1	-2.287941	-1.708984	-1.306486	-0.762997	
1	-2.294922	-1.706852	-1.309982	-0.765624	
1	-2.294922	-1.706852	-1.309982	-0.765624	
1	-2.343750	-1.688968	-1.333448	-0.782944	
1	-2.343750	-1.688968	-1.333448	-0.782944	
1	-2.392578	-1.666612	-1.355613	-0.798762	
1	-2.392578	-1.666612	-1.355613	-0.798762	
1	-2.404645	-1.660156	-1.360787	-0.802372	
1	-2.404645	-1.660156	-1.360787	-0.802372	
1	-2.441406	-1.637476	-1.375505	-0.812449	
1	-2.441406	-1.637476	-1.375505	-0.812449	
1	-2.476799	-1.611328	-1.388248	-0.820911	
1	-2.476799	-1.611328	-1.388248	-0.820911	
1	-2.490234	-1.599358	-1.392309	-0.823546	
1	-2.490234	-1.599358	-1.392309	-0.823546	
1	-2.526065	-1.562500	-1.401418	-0.829317	
1	-2.526065	-1.562500	-1.401418	-0.829317	
1	-2.539062	-1.545372	-1.403243	-0.830442	
1	-2.539062	-1.545372	-1.403243	-0.830442	
1	-2.560543	-1.513672	-1.405074	-0.831550	
1	-2.560543	-1.513672	-1.405074	-0.831550	
1	-2.584417	-1.464844	-1.401738	-0.829635	
1	-2.584417	-1.464844	-1.401738	-0.829635	
1	-2.587891	-1.454585	-1.399958	-0.828633	
1	-2.587891	-1.454585	-1.399958	-0.828633	
1	-2.600038	-1.416016	-1.392831	-0.824708	
1	-2.600038	-1.416016	-1.392831	-0.824708	
1	-2.609054	-1.367188	-1.379380	-0.817557	
1	-2.609054	-1.367188	-1.379380	-0.817557	
1	-2.612542	-1.318359	-1.362057	-0.808703	
1	-2.612542	-1.318359	-1.362057	-0.808703	
1	-2.611302	-1.269531	-1.341372	-0.798531	
1	-2.611302	-1.269531	-1.341372	-0.798531	
1	-2.605929	-1.220703	-1.317706	-0.787335	
1	-2.605929	-1.220703	-1.317706	-0.787335	
1	-2.596858	-1.171875	-1.291337	-0.775335	
1	-2.596858	-1.171875	-1.291337	-0.775335	
1	-2.587891	-1.136980	-1.270607	-0.766214	
1	-2.587891	-1.136980	-1.270607	-0.766214	
1	-2.584490	-1.123047	-1.262535	-0.762731	
1	-2.584490	-1.123047	-1.262535	-0.762731	
1	-2.569322	-1.074219	-1.231676	-0.749754	
1	-2.569322	-1.074219	-1.231676	-0.749754	
1	-2.551266	-1.025391	-1.198640	-0.736416	
1	-2.551266	-1.025391	-1.198640	-0.736416	
1	-2.539062	-0.996955	-1.178064	-0.728380	
1	-2.539062	-0.996955	-1.178064	-0.728380	
1	-2.530683	-0.976562	-1.163706	-0.722891	
1	-2.530683	-0.976562	-1.163706	-0.722891	
1	-2.507866	-0.927734	-1.127107	-0.709324	
1	-2.507866	-0.927734	-1.127107	-0.709324	
1	-2.490234	-0.893955	-1.100315	-0.699766	
1	-2.490234	-0.893955	-1.100315	-0.699766	
1	-2.482675	-0.878906	-1.088697	-0.695716	
1	-2.482675	-0.878906	-1.088697	-0.695716	
1	-2.455574	-0.830078	-1.048878	-0.682262	
1	-2.455574	-0.830078	-1.048878	-0.682262	
1	-2.441406	-0.806733	-1.028848	-0.675739	
1	-2.441406	-0.806733	-1.028848	-0.675739	
1	-2.426445	-0.781250	-1.007538	-0.668974	
1	-2.426445	-0.781250	-1.007538	-0.668974	
1	-2.395257	-0.732422	-0.964635	-0.655897	
1	-2.395257	-0.732422	-0.964635	-0.655897	
1	-2.392578	-0.728509	-0.961044	-0.654835	
1	-2.392578	-0.728509	-0.961044	-0.654835	
1	-2.362666	-0.683594	-0.920786	-0.643266	
1	-2.362666	-0.683594	-0.920786	-0.643266	
1	-2.343750	-0.657155	-0.896003	-0.636452	
1	-2.343750	-0.657155	-0.896003	-0.636452	
1	-2.328136	-0.634766	-0.875492	-0.630988	
1	-2.328136	-0.634766	-0.875492	-0.630988	
1	-2.294922	-0.590242	-0.832898	-0.620147	
1	-2.294922	-0.590242	-0.832898	-0.620147	
1	-2.291786	-0.585938	-0.828871	-0.619157	
1	-2.291786	-0.585938	-0.828871	-0.619157	
1	-2.254115	-0.537109	-0.781420	-0.607954	
1	-2.254115	-0.537109	-0.781420	-0.607954	
1	-2.246094	-0.527256	-0.771494	-0.605717	
1	-2.246094	-0.527256	-0.771494	-0.605717	
1	-2.214929	-0.488281	-0.732973	-0.597387	
1	-2.214929	-0.488281	-0.732973	-0.597387	
1	-2.197266	-0.467320	-0.711510	-0.592989	
1	-2.197266	-0.467320	-0.711510	-0.592989	
1	-2.174150	-0.439453	-0.683486	-0.587509	
1	-2.174150	-0.439453	-0.683486	-0.587509	
1	-2.148438	-0.409927	-0.652791	-0.581850	
1	-2.148438	-0.409927	-0.652791	-0.581850	
1	-2.131853	-0.390625	-0.633062	-0.578404	
1	-2.131853	-0.390625	-0.633062	-0.578404	
1	-2.099609	-0.354748	-0.595243	-0.572220	
1	-2.099609	-0.354748	-0.595243	-0.572220	
1	-2.088099	-0.341797	-0.581805	-0.570158	
1	-2.088099	-0.341797	-0.581805	-0.570158	
1	-2.050781	-0.301508	-0.538802	-0.564039	
1	-2.050781	-0.301508	-0.538802	-0.564039	
1	-2.042941	-0.292969	-0.529820	-0.562855	
1	-2.042941	-0.292969	-0.529820	-0.562855	
1	-2.001953	-0.249979	-0.483429	-0.557260	
1	-2.001953	-0.249979	-0.483429	-0.557260	
1	-1.996421	-0.244141	-0.477211	-0.556578	
1	-1.996421	-0.244141	-0.477211	-0.556578	
1	-1.953125	-0.199973	-0.429102	-0.551848	
1	-1.953125	-0.199973	-0.429102	-0.551848	
1	-1.948574	-0.195312	-0.424086	-0.551412	
1	-1.948574	-0.195312	-0.424086	-0.551412	
1	-1.904297	-0.151333	-0.375822	-0.547774	
1	-1.904297	-0.151333	-0.375822	-0.547774	
1	-1.899423	-0.146484	-0.370557	-0.547440	
1	-1.899423	-0.146484	-0.370557	-0.547440	
1	-1.855469	-0.103931	-0.323600	-0.545016	
1	-1.855469	-0.103931	-0.323600	-0.545016	
1	-1.848982	-0.097656	-0.316741	-0.544747	
1	-1.848982	-0.097656	-0.316741	-0.544747	
1	-1.806641	-0.057662	-0.272464	-0.543553	
1	-1.806641	-0.057662	-0.272464	-0.543553	
1	-1.797258	-0.048828	-0.262765	-0.543419	
1	-1.797258	-0.048828	-0.262765	-0.543419	
1	-1.757812	-0.012443	-0.222452	-0.543367	
1	-1.757812	-0.012443	-0.222452	-0.543367	
1	-1.744249	0.000000	-0.208766	-0.543539	
1	-1.744249	0.000000	-0.208766	-0.543539	
1	-1.708984	0.031794	-0.173610	-0.544439	
1	-1.708984	0.031794	-0.173610	-0.544439	
1	-1.689945	0.048828	-0.154895	-0.545193	
1	-1.689945	0.048828	-0.154895	-0.545193	
1	-1.660156	0.075100	-0.125994	-0.546748	
1	-1.660156	0.075100	-0.125994	-0.546748	
1	-1.634328	0.097656	-0.101324	-0.548462	
1	-1.634328	0.097656	-0.101324	-0.548462	
1	-1.611328	0.117515	-0.079668	-0.550272	
1	-1.611328	0.117515	-0.079668	-0.550272	
1	-1.577373	0.146484	-0.048247	-0.553424	
1	-1.577373	0.146484	-0.048247	-0.553424	
1	-1.562500	0.159066	-0.034700	-0.554983	
1	-1.562500	0.159066	-0.034700	-0.554983	
1	-1.519049	0.195312	0.004116	-0.560148	
1	-1.519049	0.195312	0.004116	-0.560148	
1	-1.513672	0.199773	0.008835	-0.560849	
1	-1.513672	0.199773	0.008835	-0.560849	
1	-1.464844	0.239881	0.050817	-0.567824	
1	-1.464844	0.239881	0.050817	-0.567824	
1	-1.459602	0.244141	0.055229	-0.568637	
1	-1.459602	0.244141	0.055229	-0.568637	
1	-1.416016	0.279463	0.091128	-0.575851	
1	-1.416016	0.279463	0.091128	-0.575851	
1	-1.399036	0.292969	0.104765	-0.578884	
1	-1.399036	0.292969	0.104765	-0.578884	
1	-1.367188	0.318294	0.129713	-0.584876	
1	-1.367188	0.318294	0.129713	-0.584876	
1	-1.337017	0.341797	0.152681	-0.590928	
1	-1.337017	0.341797	0.152681	-0.590928	
1	-1.318359	0.356362	0.166483	-0.594827	
1	-1.318359	0.356362	0.166483	-0.594827	
1	-1.273482	0.390625	0.198614	-0.604727	
1	-1.273482	0.390625	0.198614	-0.604727	
1	-1.269531	0.393655	0.201351	-0.605626	
1	-1.269531	0.393655	0.201351	-0.605626	
1	-1.220703	0.430714	0.234046	-0.617109	
1	-1.220703	0.430714	0.234046	-0.617109	
1	-1.208948	0.439453	0.241629	-0.619979	
1	-1.208948	0.439453	0.241629	-0.619979	
1	-1.171875	0.467211	0.264555	-0.629175	
1	-1.171875	0.467211	0.264555	-0.629175	
1	-1.142970	0.488281	0.281649	-0.636580	
1	-1.142970	0.488281	0.281649	-0.636580	
1	-1.123047	0.502936	0.292865	-0.641716	
1	-1.123047	0.502936	0.292865	-0.641716	
1	-1.075255	0.537109	0.318396	-0.654322	
1	-1.075255	0.537109	0.318396	-0.654322	
1	-1.074219	0.537858	0.318919	-0.654594	
1	-1.074219	0.537858	0.318919	-0.654594	
1	-1.025391	0.572842	0.342278	-0.667431	
1	-1.025391	0.572842	0.342278	-0.667431	
1	-1.006552	0.585938	0.350738	-0.672430	
1	-1.006552	0.585938	0.350738	-0.672430	
1	-0.976562	0.607062	0.363230	-0.680198	
1	-0.976562	0.607062	0.363230	-0.680198	
1	-0.935922	0.634766	0.378918	-0.690698	
1	-0.935922	0.634766	0.378918	-0.690698	
1	-0.927734	0.640429	0.381805	-0.692732	
1	-0.927734	0.640429	0.381805	-0.692732	
1	-0.878906	0.673606	0.397679	-0.704583	
1	-0.878906	0.673606	0.397679	-0.704583	
1	-0.863800	0.683594	0.402165	-0.708163	
1	-0.863800	0.683594	0.402165	-0.708163	
1	-0.830078	0.706272	0.411032	-0.715600	
1	-0.830078	0.706272	0.411032	-0.715600	
1	-0.789709	0.732422	0.420453	-0.724129	
1	-0.789709	0.732422	0.420453	-0.724129	
1	-0.781250	0.738002	0.422145	-0.725743	
1	-0.781250	0.738002	0.422145	-0.725743	
1	-0.732422	0.769589	0.430710	-0.734395	
1	-0.732422	0.769589	0.430710	-0.734395	
1	-0.713809	0.781250	0.433507	-0.737434	
1	-0.713809	0.781250	0.433507	-0.737434	
1	-0.683594	0.800572	0.437099	-0.741540	
1	-0.683594	0.800572	0.437099	-0.741540	
1	-0.635466	0.830078	0.441652	-0.747196	
1	-0.635466	0.830078	0.441652	-0.747196	
1	-0.634766	0.830517	0.441698	-0.747257	
1	-0.634766	0.830517	0.441698	-0.747257	
1	-0.585938	0.860714	0.444063	-0.750519	
1	-0.585938	0.860714	0.444063	-0.750519	
1	-0.555180	0.878906	0.444975	-0.751895	
1	-0.555180	0.878906	0.444975	-0.751895	
1	-0.537109	0.889855	0.445068	-0.752038	
1	-0.537109	0.889855	0.445068	-0.752038	
1	-0.488281	0.918548	0.444662	-0.751273	
1	-0.488281	0.918548	0.444662	-0.751273	
1	-0.472165	0.927734	0.444342	-0.750654	
1	-0.472165	0.927734	0.444342	-0.750654	
1	-0.439453	0.946884	0.443079	-0.748049	
1	-0.439453	0.946884	0.443079	-0.748049	
1	-0.390625	0.974215	0.440837	-0.742869	
1	-0.390625	0.974215	0.440837	-0.742869	
1	-0.386349	0.976562	0.440616	-0.742322	
1	-0.386349	0.976562	0.440616	-0.742322	
1	-0.341797	1.001754	0.437758	-0.734659	
1	-0.341797	1.001754	0.437758	-0.734659	
1	-0.297796	1.025391	0.434938	-0.725912	
1	-0.297796	1.025391	0.434938	-0.725912	
1	-0.292969	1.028064	0.434589	-0.724738	
1	-0.292969	1.028064	0.434589	-0.724738	
1	-0.244141	1.054620	0.431136	-0.711789	
1	-0.244141	1.054620	0.431136	-0.711789	
1	-0.206298	1.074219	0.428703	-0.700832	
1	-0.206298	1.074219	0.428703	-0.700832	
1	-0.195312	1.080099	0.427976	-0.697163	
1	-0.195312	1.080099	0.427976	-0.697163	
1	-0.146484	1.105631	0.425068	-0.679864	
1	-0.146484	1.105631	0.425068	-0.679864	
1	-0.111627	1.123047	0.423384	-0.666795	
1	-0.111627	1.123047	0.423384	-0.666795	
1	-0.097656	1.130280	0.422759	-0.660954	
1	-0.097656	1.130280	0.422759	-0.660954	
1	-0.048828	1.154911	0.421100	-0.639699	
1	-0.048828	1.154911	0.421100	-0.639699	
1	-0.013652	1.171875	0.420434	-0.623807	
1	-0.013652	1.171875	0.420434	-0.623807	
1	0.000000	1.178713	0.420289	-0.617080	
1	0.000000	1.178713	0.420289	-0.617080	
1	0.048828	1.202549	0.420406	-0.592366	
1	0.048828	1.202549	0.420406	-0.592366	
1	0.087821	1.220703	0.421210	-0.572160	
1	0.087821	1.220703	0.421210	-0.572160	
1	0.097656	1.225470	0.421531	-0.566688	
1	0.097656	1.225470	0.421531	-0.566688	
1	0.146484	1.248593	0.423783	-0.539056	
1	0.146484	1.248593	0.423783	-0.539056	
1	0.193073	1.269531	0.426908	-0.512344	
1	0.193073	1.269531	0.426908	-0.512344	
1	0.195312	1.270581	0.427092	-0.510982	
1	0.195312	1.270581	0.427092	-0.510982	
1	0.244141	1.293055	0.431686	-0.480968	
1	0.244141	1.293055	0.431686	-0.480968	
1	0.292969	1.314368	0.437336	-0.450805	
1	0.292969	1.314368	0.437336	-0.450805	
1	0.302357	1.318359	0.438544	-0.444971	
1	0.302357	1.318359	0.438544	-0.444971	
1	0.341797	1.335910	0.444294	-0.419238	
1	0.341797	1.335910	0.444294	-0.419238	
1	0.390625	1.356664	0.452344	-0.387381	
1	0.390625	1.356664	0.452344	-0.387381	
1	0.416343	1.367188	0.456983	-0.370603	
1	0.416343	1.367188	0.456983	-0.370603	
1	0.439453	1.377101	0.461571	-0.354884	
1	0.439453	1.377101	0.461571	-0.354884	
1	0.488281	1.397318	0.471990	-0.321756	
1	0.488281	1.397318	0.471990	-0.321756	
1	0.535827	1.416016	0.483013	-0.289692	
1	0.535827	1.416016	0.483013	-0.289692	
1	0.537109	1.416545	0.483334	-0.288795	
1	0.537109	1.416545	0.483334	-0.288795	
1	0.585938	1.436232	0.496037	-0.254762	
1	0.585938	1.436232	0.496037	-0.254762	
1	0.634766	1.454922	0.509585	-0.221043	
1	0.634766	1.454922	0.509585	-0.221043	
1	0.661771	1.464844	0.517422	-0.202532	
1	0.661771	1.464844	0.517422	-0.202532	
1	0.683594	1.473284	0.524166	-0.187103	
1	0.683594	1.473284	0.524166	-0.187103	
1	0.732422	1.491462	0.539804	-0.152881	
1	0.732422	1.491462	0.539804	-0.152881	
1	0.781250	1.508716	0.556171	-0.119050	
1	0.781250	1.508716	0.556171	-0.119050	
1	0.795817	1.513672	0.561181	-0.109046	
1	0.795817	1.513672	0.561181	-0.109046	
1	0.830078	1.525969	0.573598	-0.084887	
1	0.830078	1.525969	0.573598	-0.084887	
1	0.878906	1.542698	0.591839	-0.050867	
1	0.878906	1.542698	0.591839	-0.050867	
1	0.927734	1.558562	0.610705	-0.017281	
1	0.927734	1.558562	0.610705	-0.017281	
1	0.940370	1.562500	0.615672	-0.008682	
1	0.940370	1.562500	0.615672	-0.008682	
1	0.976562	1.574420	0.630536	0.016504	
1	0.976562	1.574420	0.630536	0.016504	
1	1.025391	1.589708	0.651053	0.050027	
1	1.025391	1.589708	0.651053	0.050027	
1	1.074219	1.604176	0.672104	0.083087	
1	1.074219	1.604176	0.672104	0.083087	
1	1.099618	1.611328	0.683230	0.100065	
1	1.099618	1.611328	0.683230	0.100065	
1	1.123047	1.618308	0.693880	0.116021	
1	1.123047	1.618308	0.693880	0.116021	
1	1.171875	1.632107	0.716357	0.148807	
1	1.171875	1.632107	0.716357	0.148807	
1	1.220703	1.645102	0.739283	0.181106	
1	1.220703	1.645102	0.739283	0.181106	
1	1.269531	1.657324	0.762641	0.212939	
1	1.269531	1.657324	0.762641	0.212939	
1	1.281564	1.660156	0.768430	0.220672	
1	1.281564	1.660156	0.768430	0.220672	
1	1.318359	1.669329	0.786679	0.244662	
1	1.318359	1.669329	0.786679	0.244662	
1	1.367188	1.680698	0.811170	0.275989	
1	1.367188	1.680698	0.811170	0.275989	
1	1.416016	1.691267	0.836011	0.306818	
1	1.416016	1.691267	0.836011	0.306818	
1	1.464844	1.701050	0.861186	0.337158	
1	1.464844	1.701050	0.861186	0.337158	
1	1.507917	1.708984	0.883636	0.363498	
1	1.507917	1.708984	0.883636	0.363498	
1	1.513672	1.710107	0.886708	0.367052	
1	1.513672	1.710107	0.886708	0.367052	
1	1.562500	1.718729	0.912707	0.396663	
1	1.562500	1.718729	0.912707	0.396663	
1	1.611328	1.726474	0.938946	0.425737	
1	1.611328	1.726474	0.938946	0.425737	
1	1.660156	1.733327	0.965403	0.454272	
1	1.660156	1.733327	0.965403	0.454272	
1	1.708984	1.739263	0.992054	0.482263	
1	1.708984	1.739263	0.992054	0.482263	
1	1.757812	1.744244	1.018871	0.509700	
1	1.757812	1.744244	1.018871	0.509700	
1	1.806641	1.748222	1.045821	0.536566	
1	1.806641	1.748222	1.045821	0.536566	
1	1.855469	1.751132	1.072867	0.562841	
1	1.855469	1.751132	1.072867	0.562841	
1	1.904297	1.752891	1.099964	0.588495	
1	1.904297	1.752891	1.099964	0.588495	
1	1.953125	1.753398	1.127060	0.613495	
1	1.953125	1.753398	1.127060	0.613495	
1	2.001953	1.752526	1.154094	0.637800	
1	2.001953	1.752526	1.154094	0.637800	
1	2.050781	1.750118	1.180994	0.661360	
1	2.050781	1.750118	1.180994	0.661360	
1	2.099609	1.745988	1.207676	0.684118	
1	2.099609	1.745988	1.207676	0.684118	
1	2.148438	1.739906	1.234041	0.706008	
1	2.148438	1.739906	1.234041	0.706008	
1	2.197266	1.731598	1.259977	0.726952	
1	2.197266	1.731598	1.259977	0.726952	
1	2.246094	1.720732	1.285351	0.746864	
1	2.246094	1.720732	1.285351	0.746864	
1	2.287941	1.708984	1.306486	0.762997	
1	2.287941	1.708984	1.306486	0.762997	
1	2.294922	1.706852	1.309982	0.765624	
1	2.294922	1.706852	1.309982	0.765624	
1	2.343750	1.688968	1.333448	0.782944	
1	2.343750	1.688968	1.333448	0.782944	
1	2.392578	1.666612	1.355613	0.798762	
1	2.392578	1.666612	1.355613	0.798762	
1	2.404645	1.660156	1.360787	0.802372	
1	2.404645	1.660156	1.360787	0.802372	
1	2.441406	1.637476	1.375505	0.812449	
1	2.441406	1.637476	1.375505	0.812449	
1	2.476799	1.611328	1.388248	0.820911	
1	2.476799	1.611328	1.388248	0.820911	
1	2.490234	1.599358	1.392309	0.823546	
1	2.490234	1.599358	1.392309	0.823546	
1	2.526065	1.562500	1.401418	0.829317	
1	2.526065	1.562500	1.401418	0.829317	
1	2.539062	1.545372	1.403243	0.830442	
1	2.539062	1.545372	1.403243	0.830442	
1	2.560543	1.513672	1.405074	0.831550	
1	2.560543	1.513672	1.405074	0.831550	
1	2.584417	1.464844	1.401738	0.829635	
1	2.584417	1.464844	1.401738	0.829635	
1	2.587891	1.454585	1.399958	0.828633	
1	2.587891	1.454585	1.399958	0.828633	
1	2.600038	1.416016	1.392831	0.824708	
1	2.600038	1.416016	1.392831	0.824708	
1	2.609054	1.367188	1.379380	0.817557	
1	2.609054	1.367188	1.379380	0.817557	
1	2.612542	1.318359	1.362057	0.808703	
1	2.612542	1.318359	1.362057	0.808703	
1	2.611302	1.269531	1.341372	0.798531	
1	2.611302	1.269531	1.341372	0.798531	
1	2.605929	1.220703	1.317706	0.787335	
1	2.605929	1.220703	1.317706	0.787335	
1	2.596858	1.171875	1.291337	0.775335	
1	2.596858	1.171875	1.291337	0.775335	
1	2.587891	1.136980	1.270607	0.766214	
1	2.587891	1.136980	1.270607	0.766214	
1	2.584490	1.123047	1.262535	0.762731	
1	2.584490	1.123047	1.262535	0.762731	
1	2.569322	1.074219	1.231676	0.749754	
1	2.569322	1.074219	1.231676	0.749754	
1	2.551266	1.025391	1.198640	0.736416	
1	2.551266	1.025391	1.198640	0.736416	
1	2.539062	0.996955	1.178064	0.728380	
1	2.539062	0.996955	1.178064	0.728380	
1	2.530683	0.976562	1.163706	0.722891	
1	2.530683	0.976562	1.163706	0.722891	
1	2.507866	0.927734	1.127107	0.709324	
1	2.507866	0.927734	1.127107	0.709324	
1	2.490234	0.893955	1.100315	0.699766	
1	2.490234	0.893955	1.100315	0.699766	
1	2.482675	0.878906	1.088697	0.695716	
1	2.482675	0.878906	1.088697	0.695716	
1	2.455574	0.830078	1.048878	0.682262	
1	2.455574	0.830078	1.048878	0.682262	
1	2.441406	0.806733	1.028848	0.675739	
1	2.441406	0.806733	1.028848	0.675739	
1	2.426445	0.781250	1.007538	0.668974	
1	2.426445	0.781250	1.007538	0.668974	
1	2.395257	0.732422	0.964635	0.655897	
1	2.395257	0.732422	0.964635	0.655897	
1	2.392578	0.728509	0.961044	0.654835	
1	2.392578	0.728509	0.961044	0.654835	
1	2.362666	0.683594	0.920786	0.643266	
1	2.362666	0.683594	0.920786	0.643266	
1	2.343750	0.657155	0.896003	0.636452	
1	2.343750	0.657155	0.896003	0.636452	
1	2.328136	0.634766	0.875492	0.630988	
1	2.328136	0.634766	0.875492	0.630988	
1	2.294922	0.590242	0.832898	0.620147	
1	2.294922	0.590242	0.832898	0.620147	
1	2.291786	0.585938	0.828871	0.619157	
1	2.291786	0.585938	0.828871	0.619157	
1	2.254115	0.537109	0.781420	0.607954	
1	2.254115	0.537109	0.781420	0.607954	
1	2.246094	0.527256	0.771494	0.605717	
1	2.246094	0.527256	0.771494	0.605717	
1	2.214929	0.488281	0.732973	0.597387	
1	2.214929	0.488281	0.732973	0.597387	
1	2.197266	0.467320	0.711510	0.592989	
1	2.197266	0.467320	0.711510	0.592989	
1	2.174150	0.439453	0.683486	0.587509	
1	2.174150	0.439453	0.683486	0.587509	
1	2.148438	0.409927	0.652791	0.581850	
1	2.148438	0.409927	0.652791	0.581850	
1	2.131853	0.390625	0.633062	0.578404	
1	2.131853	0.390625	0.633062	0.578404	
1	2.099609	0.354748	0.595243	0.572220	
1	2.099609	0.354748	0.595243	0.572220	
1	2.088099	0.341797	0.581805	0.570158	
1	2.088099	0.341797	0.581805	0.570158	
1	2.050781	0.301508	0.538802	0.564039	
1	2.050781	0.301508	0.538802	0.564039	
1	2.042941	0.292969	0.529820	0.562855	
1	2.042941	0.292969	0.529820	0.562855	
1	2.001953	0.249979	0.483429	0.557260	
1	2.001953	0.249979	0.483429	0.557260	
1	1.996421	0.244141	0.477211	0.556578	
1	1.996421	0.244141	0.477211	0.556578	
1	1.953125	0.199973	0.429102	0.551848	
1	1.953125	0.199973	0.429102	0.551848	
1	1.948574	0.195312	0.424086	0.551412	
1	1.948574	0.195312	0.424086	0.551412	
1	1.904297	0.151333	0.375822	0.547774	
1	1.904297	0.151333	0.375822	0.547774	
1	1.899423	0.146484	0.370557	0.547440	
1	1.899423	0.146484	0.370557	0.547440	
1	1.855469	0.103931	0.323600	0.545016	
1	1.855469	0.103931	0.323600	0.545016	
1	1.848982	0.097656	0.316741	0.544747	
1	1.848982	0.097656	0.316741	0.544747	
1	1.806641	0.057662	0.272464	0.543553	
1	1.806641	0.057662	0.272464	0.543553	
1	1.797258	0.048828	0.262765	0.543419	
1	1.797258	0.048828	0.262765	0.543419	
1	1.757812	0.012443	0.222452	0.543367	
1	1.757812	0.012443	0.222452	0.543367	
1	1.744249	0.000000	0.208766	0.543539	
1	1.744249	0.000000	0.208766	0.543539	
1	1.708984	-0.031794	0.173610	0.544439	
1	1.708984	-0.031794	0.173610	0.544439	
1	1.689945	-0.048828	0.154895	0.545193	
1	1.689945	-0.048828	0.154895	0.545193	
1	1.660156	-0.075100	0.125994	0.546748	
1	1.660156	-0.075100	0.125994	0.546748	
1	1.634328	-0.097656	0.101324	0.548462	
1	1.634328	-0.097656	0.101324	0.548462	
1	1.611328	-0.117515	0.079668	0.550272	
1	1.611328	-0.117515	0.079668	0.550272	
1	1.577373	-0.146484	0.048247	0.553424	
1	1.577373	-0.146484	0.048247	0.553424	
1	1.562500	-0.159066	0.034700	0.554983	
1	1.562500	-0.159066	0.034700	0.554983	
1	1.519049	-0.195312	-0.004116	0.560148	
1	1.519049	-0.195312	-0.004116	0.560148	
1	1.513672	-0.199773	-0.008835	0.560849	
1	1.513672	-0.199773	-0.008835	0.560849	
1	1.464844	-0.239881	-0.050817	0.567824	
1	1.464844	-0.239881	-0.050817	0.567824	
1	1.459602	-0.244141	-0.055229	0.568637	
1	1.459602	-0.244141	-0.055229	0.568637	
1	1.416016	-0.279463	-0.091128	0.575851	
1	1.416016	-0.279463	-0.091128	0.575851	
1	1.399036	-0.292969	-0.104765	0.578884	
1	1.399036	-0.292969	-0.104765	0.578884	
1	1.367188	-0.318294	-0.129713	0.584876	
1	1.367188	-0.318294	-0.129713	0.584876	
1	1.337017	-0.341797	-0.152681	0.590928	
1	1.337017	-0.341797	-0.152681	0.590928	
1	1.318359	-0.356362	-0.166483	0.594827	
1	1.318359	-0.356362	-0.166483	0.594827	
1	1.273482	-0.390625	-0.198614	0.604727	
1	1.273482	-0.390625	-0.198614	0.604727	
1	1.269531	-0.393655	-0.201351	0.605626	
1	1.269531	-0.393655	-0.201351	0.605626	
1	1.220703	-0.430714	-0.234046	0.617109	
1	1.220703	-0.430714	-0.234046	0.617109	
1	1.208948	-0.439453	-0.241629	0.619979	
1	1.208948	-0.439453	-0.241629	0.619979	
1	1.171875	-0.467211	-0.264555	0.629175	
1	1.171875	-0.467211	-0.264555	0.629175	
1	1.142970	-0.488281	-0.281649	0.636580	
1	1.142970	-0.488281	-0.281649	0.636580	
1	1.123047	-0.502936	-0.292865	0.641716	
1	1.123047	-0.502936	-0.292865	0.641716	
1	1.075255	-0.537109	-0.318396	0.654322	
1	1.075255	-0.537109	-0.318396	0.654322	
1	1.074219	-0.537858	-0.318919	0.654594	
1	1.074219	-0.537858	-0.318919	0.654594	
1	1.025391	-0.572842	-0.342278	0.667431	
1	1.025391	-0.572842	-0.342278	0.667431	
1	1.006552	-0.585938	-0.350738	0.672430	
1	1.006552	-0.585938	-0.350738	0.672430	
1	0.976562	-0.607062	-0.363230	0.680198	
1	0.976562	-0.607062	-0.363230	0.680198	
1	0.935922	-0.634766	-0.378918	0.690698	
1	0.935922	-0.634766	-0.378918	0.690698	
1	0.927734	-0.640429	-0.381805	0.692732	
1	0.927734	-0.640429	-0.381805	0.692732	
1	0.878906	-0.673606	-0.397679	0.704583	
1	0.878906	-0.673606	-0.397679	0.704583	
1	0.863800	-0.683594	-0.402165	0.708163	
1	0.863800	-0.683594	-0.402165	0.708163	
1	0.830078	-0.706272	-0.411032	0.715600	
1	0.830078	-0.706272	-0.411032	0.715600	
1	0.789709	-0.732422	-0.420453	0.724129	
1	0.789709	-0.732422	-0.420453	0.724129	
1	0.781250	-0.738002	-0.422145	0.725743	
1	0.781250	-0.738002	-0.422145	0.725743	
1	0.732422	-0.769589	-0.430710	0.734395	
1	0.732422	-0.769589	-0.430710	0.734395	
1	0.713809	-0.781250	-0.433507	0.737434	
1	0.713809	-0.781250	-0.433507	0.737434	
1	0.683594	-0.800572	-0.437099	0.741540	
1	0.683594	-0.800572	-0.437099	0.741540	
1	0.635466	-0.830078	-0.441652	0.747196	
1	0.635466	-0.830078	-0.441652	0.747196	
1	0.634766	-0.830517	-0.441698	0.747257	
1	0.634766	-0.830517	-0.441698	0.747257	
1	0.585938	-0.860714	-0.444063	0.750519	
1	0.585938	-0.860714	-0.444063	0.750519	
1	0.555180	-0.878906	-0.444975	0.751895	
1	0.555180	-0.878906	-0.444975	0.751895	
1	0.537109	-0.889855	-0.445068	0.752038	
1	0.537109	-0.889855	-0.445068	0.752038	
1	0.488281	-0.918548	-0.444662	0.751273	
1	0.488281	-0.918548	-0.444662	0.751273	
1	0.472165	-0.927734	-0.444342	0.750654	
1	0.472165	-0.927734	-0.444342	0.750654	
1	0.439453	-0.946884	-0.443079	0.748049	
1	0.439453	-0.946884	-0.443079	0.748049	
1	0.390625	-0.974215	-0.440837	0.742869	
1	0.390625	-0.974215	-0.440837	0.742869	
1	0.386349	-0.976562	-0.440616	0.742322	
1	0.386349	-0.976562	-0.440616	0.742322	
1	0.341797	-1.001754	-0.437758	0.734659	
1	0.341797	-1.001754	-0.437758	0.734659	
1	0.297796	-1.025391	-0.434938	0.725912	
1	0.297796	-1.025391	-0.434938	0.725912	
1	0.292969	-1.028064	-0.434589	0.724738	
1	0.292969	-1.028064	-0.434589	0.724738	
1	0.244141	-1.054620	-0.431136	0.711789	
1	0.244141	-1.054620	-0.431136	0.711789	
1	0.206298	-1.074219	-0.428703	0.700832	
1	0.206298	-1.074219	-0.428703	0.700832	
1	0.195312	-1.080099	-0.427976	0.697163	
1	0.195312	-1.080099	-0.427976	0.697163	
1	0.146484	-1.105631	-0.425068	0.679864	
1	0.146484	-1.105631	-0.425068	0.679864	
1	0.111627	-1.123047	-0.423384	0.666795	
1	0.111627	-1.123047	-0.423384	0.666795	
1	0.097656	-1.130280	-0.422759	0.660954	
1	0.097656	-1.130280	-0.422759	0.660954	
1	0.048828	-1.154911	-0.421100	0.639699	
1	0.048828	-1.154911	-0.421100	0.639699	
1	0.013652	-1.171875	-0.420434	0.623807	
1	0.013652	-1.171875	-0.420434	0.623807	
1	0.000000	-1.178713	-0.420289	0.617080	
1	0.000000	-1.178713	-0.420289	0.617080	
1	-0.048828	-1.202549	-0.420406	0.592366	
1	-0.048828	-1.202549	-0.420406	0.592366	
1	-0.087821	-1.220703	-0.421210	0.572160	
1	-0.087821	-1.220703	-0.421210	0.572160	
1	-0.097656	-1.225470	-0.421531	0.566688	
1	-0.097656	-1.225470	-0.421531	0.566688	
1	-0.146484	-1.248593	-0.423783	0.539056	
1	-0.146484	-1.248593	-0.423783	0.539056	
1	-0.193073	-1.269531	-0.426908	0.512344	
1	-0.193073	-1.269531	-0.426908	0.512344	
1	-0.195312	-1.270581	-0.427092	0.510982	
1	-0.195312	-1.270581	-0.427092	0.510982	
1	-0.244141	-1.293055	-0.431686	0.480968	
1	-0.244141	-1.293055	-0.431686	0.480968	
1	-0.292969	-1.314368	-0.437336	0.450805	
1	-0.292969	-1.314368	-0.437336	0.450805	
1	-0.302357	-1.318359	-0.438544	0.444971	
1	-0.302357	-1.318359	-0.438544	0.444971	
1	-0.341797	-1.335910	-0.444294	0.419238	
1	-0.341797	-1.335910	-0.444294	0.419238	
1	-0.390625	-1.356664	-0.452344	0.387381	
1	-0.390625	-1.356664	-0.452344	0.387381	
1	-0.416343	-1.367188	-0.456983	0.370603	
1	-0.416343	-1.367188	-0.456983	0.370603	
1	-0.439453	-1.377101	-0.461571	0.354884	
1	-0.439453	-1.377101	-0.461571	0.354884	
1	-0.488281	-1.397318	-0.471990	0.321756	
1	-0.488281	-1.397318	-0.471990	0.321756	
1	-0.535827	-1.416016	-0.483013	0.289692	
1	-0.535827	-1.416016	-0.483013	0.289692	
1	-0.537109	-1.416545	-0.483334	0.288795	
1	-0.537109	-1.416545	-0.483334	0.288795	
1	-0.585938	-1.436232	-0.496037	0.254762	
1	-0.585938	-1.436232	-0.496037	0.254762	
1	-0.634766	-1.454922	-0.509585	0.221043	
1	-0.634766	-1.454922	-0.509585	0.221043	
1	-0.661771	-1.464844	-0.517422	0.202532	
1	-0.661771	-1.464844	-0.517422	0.202532	
1	-0.683594	-1.473284	-0.524166	0.187103	
1	-0.683594	-1.473284	-0.524166	0.187103	
1	-0.732422	-1.491462	-0.539804	0.152881	
1	-0.732422	-1.491462	-0.539804	0.152881	
1	-0.781250	-1.508716	-0.556171	0.119050	
1	-0.781250	-1.508716	-0.556171	0.119050	
1	-0.795817	-1.513672	-0.561181	0.109046	
1	-0.795817	-1.513672	-0.561181	0.109046	
1	-0.830078	-1.525969	-0.573598	0.084887	
1	-0.830078	-1.525969	-0.573598	0.084887	
1	-0.878906	-1.542698	-0.591839	0.050867	
1	-0.878906	-1.542698	-0.591839	0.050867	
1	-0.927734	-1.558562	-0.610705	0.017281	
1	-0.927734	-1.558562	-0.610705	0.017281	
1	-0.940370	-1.562500	-0.615672	0.008682	
1	-0.940370	-1.562500	-0.615672	0.008682	
1	-0.976562	-1.574420	-0.630536	-0.016504	
1	-0.976562	-1.574420	-0.630536	-0.016504	
1	-1.025391	-1.589708	-0.651053	-0.050027	
1	-1.025391	-1.589708	-0.651053	-0.050027	
1	-1.074219	-1.604176	-0.672104	-0.083087	
1	-1.074219	-1.604176	-0.672104	-0.083087	
1	-1.099618	-1.611328	-0.683230	-0.100065	
1	-1.099618	-1.611328	-0.683230	-0.100065	
1	-1.123047	-1.618308	-0.693880	-0.116021	
1	-1.123047	-1.618308	-0.693880	-0.116021	
1	-1.171875	-1.632107	-0.716357	-0.148807	
1	-1.171875	-1.632107	-0.716357	-0.148807	
1	-1.220703	-1.645102	-0.739283	-0.181106	
1	-1.220703	-1.645102	-0.739283	-0.181106	
1	-1.269531	-1.657324	-0.762641	-0.212939	
1	-1.269531	-1.657324	-0.762641	-0.212939	
1	-1.281564	-1.660156	-0.768430	-0.220672	
1	-1.281564	-1.660156	-0.768430	-0.220672	
1	-1.318359	-1.669329	-0.786679	-0.244662	
1	-1.318359	-1.669329	-0.786679	-0.244662	
1	-1.367188	-1.680698	-0.811170	-0.275989	
1	-1.367188	-1.680698	-0.811170	-0.275989	
1	-1.416016	-1.691267	-0.836011	-0.306818	
1	-1.416016	-1.691267	-0.836011	-0.306818	
1	-1.464844	-1.701050	-0.861186	-0.337158	
1	-1.464844	-1.701050	-0.861186	-0.337158	
1	-1.507917	-1.708984	-0.883636	-0.363498	
1	-1.507917	-1.708984	-0.883636	-0.363498	
1	-1.513672	-1.710107	-0.886708	-0.367052	
1	-1.513672	-1.710107	-0.886708	-0.367052	
1	-1.562500	-1.718729	-0.912707	-0.396663	
1	-1.562500	-1.718729	-0.912707	-0.396663	
1	-1.611328	-1.726474	-0.938946	-0.425737	
1	-1.611328	-1.726474	-0.938946	-0.425737	
1	-1.660156	-1.733327	-0.965403	-0.454272	
1	-1.660156	-1.733327	-0.965403	-0.454272	
