#REFERENCE 3 328.4078120 17.6977430
1	-0.128577	-0.097656	0.753051	0.811574	
1	-0.097656	-0.132373	0.304849	1.265400	
1	-0.097656	-0.132373	0.304849	1.265400	
1	-0.128577	-0.097656	0.753051	0.811574	
1	-0.146484	-0.059456	1.108340	0.189153	
1	-0.146484	-0.059456	1.108340	0.189153	
1	-0.154421	-0.048828	1.175051	0.006300	
1	-0.154421	-0.048828	1.175051	0.006300	
1	-0.162095	0.000000	1.272969	-0.562323	
1	-0.162095	0.000000	1.272969	-0.562323	
1	-0.146484	0.044594	1.224657	-0.933069	
1	-0.146484	0.044594	1.224657	-0.933069	
1	-0.145689	0.048828	1.215854	-0.961545	
1	-0.145689	0.048828	1.215854	-0.961545	
1	-0.119513	0.097656	1.059369	-1.255579	
1	-0.119513	0.097656	1.059369	-1.255579	
1	-0.097656	0.120368	0.943987	-1.371725	
1	-0.097656	0.120368	0.943987	-1.371725	
1	-0.048828	0.144316	0.703229	-1.504316	
1	-0.048828	0.144316	0.703229	-1.504316	
1	-0.030174	0.146484	0.607095	-1.529851	
1	-0.030174	0.146484	0.607095	-1.529851	
1	0.000000	0.155903	0.432187	-1.545984	
1	0.000000	0.155903	0.432187	-1.545984	
1	0.046181	0.146484	0.120345	-1.492977	
1	0.046181	0.146484	0.120345	-1.492977	
1	0.048828	0.146385	0.101485	-1.486656	
1	0.048828	0.146385	0.101485	-1.486656	
1	0.097656	0.132373	-0.304849	-1.265400	
1	0.097656	0.132373	-0.304849	-1.265400	
1	0.128577	0.097656	-0.753051	-0.811574	
1	0.128577	0.097656	-0.753051	-0.811574	
1	0.146484	0.059456	-1.108340	-0.189153	
1	0.146484	0.059456	-1.108340	-0.189153	
1	0.154421	0.048828	-1.175051	-0.006300	
1	0.154421	0.048828	-1.175051	-0.006300	
1	0.162095	0.000000	-1.272969	0.562323	
1	0.162095	0.000000	-1.272969	0.562323	
1	0.146484	-0.044594	-1.224657	0.933069	
1	0.146484	-0.044594	-1.224657	0.933069	
1	0.145689	-0.048828	-1.215854	0.961545	
1	0.145689	-0.048828	-1.215854	0.961545	
1	0.119513	-0.097656	-1.059369	1.255579	
1	0.119513	-0.097656	-1.059369	1.255579	
1	0.097656	-0.120368	-0.943987	1.371725	
1	0.097656	-0.120368	-0.943987	1.371725	
1	0.048828	-0.144316	-0.703229	1.504316	
1	0.048828	-0.144316	-0.703229	1.504316	
1	0.030174	-0.146484	-0.607095	1.529851	
1	0.030174	-0.146484	-0.607095	1.529851	
1	0.000000	-0.155903	-0.432187	1.545984	
1	0.000000	-0.155903	-0.432187	1.545984	
1	-0.046181	-0.146484	-0.120345	1.492977	
1	-0.046181	-0.146484	-0.120345	1.492977	
1	-0.048828	-0.146385	-0.101485	1.486656	
1	-0.048828	-0.146385	-0.101485	1.486656	
