chi multiples
 N    ID    z   Narcs    chip    chix    chiy    chia   rmss     rmsi    dx      dy    nwarn
 0    6.2 4.500   1      0.00    0.00    0.00    0.00  0.00  0.00    0
 0    5.2 4.500   1      0.05    0.02    0.03    0.00  0.00  0.12    0
 0    5.2 4.500   1      0.84    0.07    0.77    0.00  0.00  0.46    0
 0    5.2 4.500   1      9.09    0.22    8.87    0.00  0.00  1.51    0
 0    5.2 4.500   3      9.98    0.00    0.00    0.00  0.00  0.91    0
 0    4.2 4.500   1      0.00    0.00    0.00    0.00  0.00  0.00    0
 0    7.2 4.500   1      0.00    0.00    0.00    0.00  0.00  0.00    0
 0    6.1 4.500   1      0.00    0.00    0.00    0.00  0.00  0.00    0
 0    5.1 4.500   1      0.00    0.00    0.00    0.00  0.00  0.00    0
 0    4.1 4.500   1      0.00    0.00    0.00    0.00  0.00  0.00    0
 0    7.1 4.500   1      0.09    0.04    0.06    0.00  0.00  0.15    0
 0    7.1 4.500   1      0.19    0.16    0.03    0.00  0.00  0.22    0
 0    7.1 4.500   1      4.35    0.05    4.29    0.00  0.00  1.04    0
 0    7.1 4.500   3      4.63    0.00    0.00    0.00  0.00  0.62    0
 0    8.2 4.500   1      0.38    0.13    0.25    0.00  0.00  0.31    0
 0    8.2 4.500   1      0.01    0.00    0.01    0.00  0.00  0.05    0
 0    8.2 4.500   1      1.40    0.00    1.39    0.00  0.00  0.59    0
 0    8.2 4.500   3      1.79    0.00    0.00    0.00  0.00  0.39    0
 0    8.1 4.500   1      1.64    0.07    1.57    0.00  0.00  0.64    0
 0    8.1 4.500   1      0.07    0.02    0.04    0.00  0.00  0.13    0
 0    8.1 4.500   1      1.14    0.02    1.12    0.00  0.00  0.53    0
 0    8.1 4.500   3      2.85    0.00    0.00    0.00  0.00  0.49    0
 9    9.1 4.500   1      0.01    0.00    0.00    0.00   0.020    0.04   -0.03   -0.03  0
 9    9.2 4.500   1      0.00    0.00    0.00    0.00   0.020    0.03    0.03    0.01  0
 9    9.1 4.500   2      0.01    0.00    0.00    0.00   0.020    0.04    N/A     N/A   0
chimul                  19.26    0.00    0.00    0.00   0.020    0.04    N/A     N/A   0
log(Likelihood)        -10.53

chitot           19.26
log(Likelihood)    -10.53
