1 -3884.841591 0.072832 61.598127 0.349370 341.503229 0.289656 24.389344 0.000000
1 -3603.494410 0.117945 74.552065 1.234040 72.397902 0.821338 -53.215278 0.000000
1 -3603.494171 0.355549 66.981534 7.982334 65.456974 1.068639 -80.592422 0.000000
1 -4155.557443 0.053403 65.515071 3.852511 163.022096 1.178157 -73.053893 0.000000
1 -3603.494186 0.550378 56.637907 2.697635 53.430599 1.040217 -64.081010 0.000000
1 -4021.628295 0.673891 59.215732 0.050300 368.421666 0.350490 -64.537985 0.000000
1 -4474.010565 0.498142 62.094199 3.360688 358.227856 0.956235 -39.702732 0.000000
1 -3603.497953 0.064294 69.652774 4.194392 383.038929 0.426527 3.476860 0.000000
1 -3603.494171 0.547279 72.907011 8.835931 178.694290 0.095670 44.509549 0.000000
1 -3603.494574 0.751605 67.807270 8.548747 449.729961 0.461218 -39.262129 0.000000
1 -3603.494334 0.228968 58.262365 1.130575 109.130879 0.296514 68.439294 -5.481279
1 -3.083397 0.274761 72.576327 2.760673 270.100143 0.792193 4.058063 -5.481279
1 -3603.494171 0.588970 64.970267 5.751501 77.042911 0.302751 60.758154 -5.481279
1 -3603.494182 0.289648 65.291688 2.452608 77.475759 0.735104 -88.602850 -5.481279
1 -3603.494174 0.493871 64.386928 6.553712 122.292158 0.896657 -61.748879 -5.481279
1 -2004.488636 0.798343 65.185149 1.545878 345.727012 0.675303 40.279683 -5.481279
1 -3603.494197 0.037353 64.126254 7.113482 322.001668 0.287230 -51.831407 -5.481279
1 -1839.536751 0.014889 57.589388 0.228765 238.184283 0.160239 74.984562 -5.481279
1 -3603.495071 0.650831 55.809867 0.209531 118.126183 0.312326 -17.143559 -5.481279
1 -3603.494865 0.585809 66.431265 2.031770 152.499488 0.957680 26.379140 -5.481279
1 -3.030663 0.211612 55.036197 2.410255 276.616684 0.759573 5.792026 -6.155910
1 -1854.656002 0.168218 55.517935 2.633647 268.199143 0.819645 9.905089 -6.155910
1 -3603.494434 0.073742 60.307429 0.075747 60.238745 0.387399 -27.808460 -6.155910
1 -3603.494219 0.713566 58.034464 9.110122 425.253870 0.270286 -28.767838 -6.155910
1 -3.090335 0.272201 72.664345 2.724578 269.145550 0.795460 4.261518 -6.155910
1 -87.244307 0.408020 68.369311 0.213113 254.438214 0.557516 -76.433821 -6.155910
1 -3603.502154 0.191515 73.712771 2.273046 341.744421 0.001593 63.218759 -6.155910
1 -98.087062 0.391233 59.003509 3.753790 489.251470 0.237399 75.849220 -6.155910
1 -3603.494206 0.591526 73.229593 7.904703 194.460872 1.034665 -57.372158 -6.155910
1 -3603.495297 0.325294 60.756228 5.844446 365.844201 0.680930 87.941770 -6.155910
1 -43.544065 0.203101 74.829301 2.647474 281.149061 0.738897 2.950744 -6.313548
1 -96.655119 0.227818 70.359250 2.013680 270.330709 0.731715 -3.380239 -6.313548
1 -3603.494186 0.200063 74.374747 6.471336 316.599937 0.280037 75.660869 -6.313548
1 -94.077767 0.270996 71.846334 2.501832 247.185101 0.858705 -4.959663 -6.313548
1 -98.196446 0.265315 70.974135 2.204673 232.504668 0.891055 -12.625023 -6.313548
1 -176.371403 0.429442 69.484702 0.472149 282.367005 0.691155 -58.667715 -6.313548
1 -107.817630 0.400358 57.807275 3.551510 480.869505 0.208055 81.445834 -6.313548
1 -88.860935 0.409030 60.082535 3.963884 487.113151 0.287854 78.121789 -6.313548
1 -96.425687 0.310258 65.872567 0.783710 296.169116 0.322664 18.179260 -6.313548
1 -3603.507993 0.094082 65.861251 4.394403 481.592407 0.140937 16.838350 -6.313548
1 -99.060594 0.199722 73.669727 2.889329 305.113975 0.682694 18.044871 -6.355687
1 -102.960015 0.193968 72.100082 1.939728 282.918354 0.709581 -17.357028 -6.355687
1 -78.348865 0.257786 68.111383 1.050038 321.177919 0.201405 7.215270 -6.355687
1 -3.123862 0.261595 72.288112 2.338803 224.135030 0.911469 2.636150 -6.355687
1 -90.053062 0.230584 70.938609 2.490754 237.369230 0.885432 -2.293661 -6.355687
1 -184.841978 0.430279 69.275744 0.513797 285.286520 0.688298 -60.977763 -6.355687
1 -80.947463 0.333673 58.417152 3.858021 479.014728 0.206328 -88.593368 -6.355687
1 -78.220563 0.413621 60.314861 3.941083 491.743116 0.250659 77.555266 -6.355687
1 -44.620633 0.296450 67.713271 2.005205 349.131505 0.333434 14.175938 -6.355687
1 -1915.421046 0.484125 56.581104 0.363833 169.871004 1.032317 83.553319 -6.355687
1 -93.515323 0.313296 74.042890 2.139359 287.759180 0.670762 -7.704975 -6.374300
1 -126.360589 0.039909 70.177519 1.287055 293.961485 0.656767 -46.454216 -6.374300
1 -240.489953 0.753117 55.559879 0.244803 127.037858 1.151161 12.947686 -6.374300
1 -96.921012 0.215578 74.645275 2.367609 210.670594 0.950629 5.659292 -6.374300
1 -71.789140 0.174335 56.110590 2.453775 291.552848 0.717881 -57.952678 -6.374300
1 -164.653555 0.281907 68.508779 1.226346 289.210182 0.716074 -60.739293 -6.374300
1 -88.927361 0.377470 58.252390 3.792926 467.427487 0.246307 -82.542823 -6.374300
1 -61.270815 0.401197 59.927165 5.111394 483.355324 0.340761 -71.649409 -6.374300
1 -118.483017 0.332285 64.957937 2.034772 363.951303 0.342464 0.026319 -6.374300
1 -94.515942 0.594716 71.721327 3.950312 419.505430 0.330960 -22.417477 -6.374300
1 -143.203080 0.220427 58.259581 0.978971 141.714205 1.108694 -67.432546 -6.394777
1 -154.156266 0.055766 71.216522 1.376743 320.734305 0.590503 -50.361167 -6.394777
1 -194.455017 0.688196 57.634299 0.177015 162.766056 1.047417 12.941533 -6.394777
1 -78.717454 0.284243 74.463329 3.695660 377.157769 0.493586 -1.648919 -6.394777
1 -141.287841 0.525719 73.072669 1.633719 280.643008 0.784794 -52.513809 -6.394777
1 -107.539847 0.278152 67.654965 1.791419 202.903515 0.983357 -71.327588 -6.394777
1 -92.961796 0.334183 58.404442 3.552042 450.057214 0.277481 -82.426744 -6.394777
1 -87.185807 0.452914 60.882745 4.012540 469.673445 0.290183 -81.189937 -6.394777
1 -107.569520 0.426896 67.579118 3.064567 459.045774 0.047844 31.666453 -6.394777
1 -113.832914 0.583233 72.938630 2.832831 429.649640 0.108822 -6.642030 -6.394777
1 -215.353344 0.237259 56.932120 0.047230 147.769773 1.091549 -65.911447 -6.417335
1 -76.738795 0.601626 58.529244 4.442327 308.805877 0.833190 -63.845815 -6.417335
1 -229.502264 0.646103 56.998583 0.106331 128.304025 1.134267 9.959052 -6.417335
1 -3.098562 0.300438 73.731267 4.124864 371.112944 0.577452 4.969084 -6.417335
1 -204.208793 0.427773 70.659373 1.266305 386.105285 0.295058 -44.654942 -6.417335
1 -118.819469 0.487604 67.479520 2.704448 256.481724 0.921996 70.493390 -6.417335
1 -90.044628 0.334734 59.186400 3.688995 461.927762 0.217916 -70.534950 -6.417335
1 -101.080954 0.264016 57.179921 0.628897 236.056609 0.669016 -89.666797 -6.417335
1 -75.068727 0.152205 63.323319 3.136281 381.157288 0.427371 -1.963970 -6.417335
1 -131.741716 0.555111 55.314329 2.231591 420.811526 0.156986 -62.890997 -6.417335
1 -116.922087 0.274696 58.785968 1.235684 124.614145 1.138250 -71.004268 -6.446196
1 -130.788513 0.674522 58.906812 3.095407 283.592496 0.895195 -78.161644 -6.446196
1 -2.842372 0.439967 57.483057 1.132601 159.277339 1.056898 14.760311 -6.446196
1 -81.723340 0.309918 72.824045 4.218582 370.849598 0.592066 12.835223 -6.446196
1 -420.715400 0.663957 68.231429 0.415625 380.353756 0.404458 -26.182409 -6.446196
1 -121.811029 0.467841 67.721031 2.705925 262.237088 0.897534 66.343852 -6.446196
1 -82.773027 0.430592 60.246509 3.611979 418.299892 0.399889 -72.740443 -6.446196
1 -46.722098 0.231420 60.836360 0.824153 237.163033 0.713310 -81.827572 -6.446196
1 -268.770644 0.030522 62.473620 2.768649 472.364423 0.127121 5.820387 -6.446196
1 -182.959449 0.488753 56.809550 0.676892 336.035008 0.297111 -68.782309 -6.446196
1 -73.213986 0.213432 57.329389 2.752510 360.916896 0.472526 -68.051364 -6.475950
1 -91.805674 0.612046 58.557003 3.509407 307.859180 0.827703 -80.961848 -6.475950
1 -274.479654 0.619559 64.325698 0.730464 277.634726 0.784350 6.430897 -6.475950
1 -90.171599 0.298433 73.327855 3.944662 345.285763 0.658675 17.745142 -6.475950
1 -438.957818 0.625862 68.300458 0.253427 371.667782 0.449328 -29.100961 -6.475950
1 -83.166951 0.479900 68.827082 4.195460 440.113548 0.419628 -64.416982 -6.475950
1 -98.519504 0.400552 56.965852 3.117839 411.759647 0.371555 -79.900535 -6.475950
1 -72.519593 0.237001 59.453931 0.113067 189.361074 0.771734 -80.934149 -6.475950
1 -90.596967 0.247437 63.024551 2.033463 385.964676 0.157618 13.877883 -6.475950
1 -175.385009 0.462362 73.923463 0.311374 292.315923 0.338677 -77.326580 -6.475950
1 -227.323643 0.339193 55.411907 0.257204 308.204127 0.369457 -51.221020 -6.499878
1 -167.940795 0.792508 58.130433 2.928768 317.323786 0.906739 81.814252 -6.499878
1 -249.384128 0.581441 63.810267 0.361344 257.249348 0.790753 2.725737 -6.499878
1 -95.915765 0.298719 73.372003 3.930023 345.551896 0.662202 18.703654 -6.499878
1 -2.898280 0.207763 63.702690 3.160533 420.591466 0.261264 13.428685 -6.499878
1 -80.967365 0.588311 71.487652 5.112004 428.903646 0.592116 -65.297415 -6.499878
1 -3.359212 0.216572 59.724590 2.463812 492.642999 0.231674 42.032280 -6.499878
1 -59.160676 0.292504 60.600076 0.030393 202.533542 0.789000 -84.627652 -6.499878
1 -124.743022 0.353101 58.778501 2.009059 398.350856 0.175793 11.998410 -6.499878
1 -2.743188 0.776442 74.913991 0.498418 161.125173 1.094368 16.638010 -6.499878
1 -291.701785 0.527385 55.074187 0.408003 339.143585 0.408296 -52.190957 -6.516361
1 -70.990729 0.722179 58.228616 3.271401 313.034522 0.918233 74.294729 -6.516361
1 -22.172727 0.043163 56.674465 1.192469 319.651159 0.152661 -78.690483 -6.516361
1 -3.015641 0.332228 71.975922 3.299225 322.160878 0.667622 8.569439 -6.516361
1 -36.798424 0.109511 63.609311 3.929942 442.546439 0.303564 -1.120047 -6.516361
1 -75.687934 0.513650 70.952676 5.258167 449.980126 0.527722 -65.181207 -6.516361
1 -3.363859 0.214421 59.691682 2.476541 494.713962 0.224869 41.530194 -6.516361
1 -78.684904 0.323448 60.223688 0.031835 184.963856 0.772707 -89.102317 -6.516361
1 -115.372647 0.390942 58.332885 2.005468 395.114030 0.195681 18.428826 -6.516361
1 -2.755866 0.777450 55.550148 0.774557 173.867509 1.071000 26.393711 -6.516361
1 -197.280615 0.502924 56.595361 0.599455 336.099582 0.307392 -58.037636 -6.562216
1 -144.068929 0.677357 74.836097 2.806064 337.334412 0.704672 45.367689 -6.562216
1 -21.893066 0.044434 56.230662 1.357312 335.767565 0.149729 -71.634353 -6.562216
1 -48.419825 0.313236 73.097341 3.447649 323.442381 0.683320 11.129077 -6.562216
1 -407.599538 0.176021 60.329719 0.708995 474.579453 0.197646 -30.150442 -6.562216
1 -79.514983 0.541643 70.853899 5.205135 447.111523 0.497533 -58.692271 -6.562216
1 -110.629633 0.104636 61.198558 1.162327 166.302119 1.047064 -59.800908 -6.562216
1 -102.095406 0.621147 62.207350 4.244217 241.361359 1.034767 -79.650358 -6.562216
1 -125.064335 0.520328 58.303233 1.752075 388.962262 0.242128 28.627758 -6.562216
1 -443.339456 0.762588 57.617677 0.631767 228.748837 1.038833 -3.827270 -6.562216
1 -236.047685 0.559335 55.822760 0.183791 318.268380 0.190987 -53.417792 -6.604226
1 -140.903452 0.646538 74.619582 2.695824 326.411936 0.706478 44.307618 -6.604226
1 -20.115006 0.049991 56.753265 1.493769 338.827955 0.154733 -76.351417 -6.604226
1 -483.753768 0.127210 65.199682 1.278614 419.222034 0.277773 -19.065899 -6.604226
1 -83.284487 0.238361 65.761284 7.458762 317.252305 0.970159 15.701912 -6.604226
1 -84.845207 0.019355 69.409823 2.557080 324.074859 0.591320 0.607870 -6.604226
1 -109.462774 0.118495 61.668749 1.643715 172.297368 1.059780 -49.062608 -6.604226
1 -90.397598 0.607005 61.583145 4.050446 243.492969 1.014870 -78.772762 -6.604226
1 -133.407928 0.511161 58.142563 1.717785 394.001655 0.209104 28.364945 -6.604226
1 -74.148700 0.533828 70.511192 5.162401 447.875530 0.487277 -59.561983 -6.604226
1 -1.891006 0.055978 61.460384 5.279746 287.244574 0.939413 73.482188 -6.654976
1 -129.796654 0.573961 73.963804 1.995597 317.926578 0.576073 36.546265 -6.654976
1 -23.685398 0.027509 56.096420 1.537251 339.264612 0.171187 -75.562529 -6.654976
1 -425.616826 0.101964 63.305212 1.574958 417.859330 0.350001 -53.153062 -6.654976
1 -59.410254 0.139157 63.301651 8.428213 257.748911 1.082782 -9.489679 -6.654976
1 -92.968601 0.532547 55.817155 2.004078 186.919734 1.029214 -79.003885 -6.654976
1 -78.331739 0.114468 60.565424 1.791959 179.007328 1.033381 -53.040616 -6.654976
1 -90.311622 0.579534 60.915372 3.859822 263.792546 0.982978 88.218605 -6.654976
1 -136.502047 0.510387 58.057053 1.860225 402.432393 0.209268 27.018452 -6.654976
1 -77.825649 0.533824 68.360975 5.283798 437.075706 0.464177 -44.082543 -6.654976
1 -48.328137 0.123415 60.690539 5.020653 300.313491 0.906123 71.853184 -6.748461
1 -127.931163 0.616771 70.647874 2.033971 346.173019 0.453434 14.533452 -6.748461
1 -1.891127 0.005262 71.576984 1.626037 324.577700 0.222379 84.933495 -6.748461
1 -414.360287 0.069918 63.080532 1.496567 411.544976 0.356516 -51.877013 -6.748461
1 -61.529351 0.141315 63.318857 8.445934 257.927610 1.083083 -8.518175 -6.748461
1 -95.886646 0.463977 56.923439 1.766310 191.301855 0.999434 -87.688315 -6.748461
1 -85.674417 0.115717 63.418129 2.259669 194.462083 1.022068 -38.935546 -6.748461
1 -71.153988 0.146810 68.654759 2.664538 219.163050 0.975089 -43.515276 -6.748461
1 -142.659873 0.525674 57.613862 1.882652 393.375031 0.272043 15.091758 -6.748461
1 -74.390573 0.530347 68.552996 5.312219 436.341271 0.477286 -45.753803 -6.748461
1 -101.096905 0.310521 64.055258 2.435873 342.300888 0.542889 -41.590814 -6.848363
1 -114.541459 0.622694 70.014034 1.372653 135.702065 1.139729 88.424552 -6.848363
1 -183.195754 0.749852 67.595915 1.331254 388.310922 0.325741 22.537869 -6.848363
1 -1.858441 0.008265 71.441123 1.822308 335.347792 0.230388 82.092930 -6.848363
1 -58.973940 0.139734 63.301525 8.447255 257.525426 1.083365 -9.419093 -6.848363
1 -114.953349 0.527664 56.294006 2.575980 195.682783 1.052082 -87.245127 -6.848363
1 -104.280819 0.231636 65.404200 1.630346 157.631252 1.079414 -75.210170 -6.848363
1 -69.391892 0.149492 68.571081 2.579337 224.153624 0.952126 -47.497724 -6.848363
1 -142.981594 0.487289 57.121456 1.266798 345.503059 0.375146 9.628930 -6.848363
1 -71.283732 0.539206 68.547009 5.308166 435.015457 0.480820 -46.467918 -6.848363
1 -65.762999 0.284117 61.299869 4.362022 384.330261 0.583403 -45.782609 -7.025199
1 -1.876515 0.057340 69.843696 1.533287 311.216193 0.294752 81.039800 -7.025199
1 -205.221089 0.775168 67.297780 1.054165 393.152129 0.296156 23.484456 -7.025199
1 -1.875595 0.006630 72.826455 2.139579 369.073124 0.144278 87.892685 -7.025199
1 -59.401369 0.138137 63.180932 8.365073 254.815720 1.085788 -9.031269 -7.025199
1 -128.611329 0.602054 58.702890 2.214854 193.565243 1.048651 -74.499346 -7.025199
1 -77.517126 0.083156 60.485304 1.791222 136.848155 1.099598 -85.663498 -7.025199
1 -113.810387 0.013330 56.687654 0.436894 102.518003 1.136706 -86.164293 -7.025199
1 -126.018800 0.476861 56.957387 1.451685 342.030418 0.397368 8.221127 -7.025199
1 -71.822999 0.520317 68.248980 5.241707 436.686226 0.484396 -50.248512 -7.025199
1 -69.235250 0.272524 60.807635 3.986154 375.546892 0.574413 -41.024093 -7.153669
1 -37.353517 0.027577 69.470013 1.557688 334.951603 0.299935 -76.005083 -7.153669
1 -191.704180 0.770693 67.032111 1.003034 385.800189 0.301417 24.397315 -7.153669
1 -1.853298 0.057923 70.932909 2.400875 398.936716 0.092171 88.379020 -7.153669
1 -35.634640 0.130999 63.306492 8.528585 257.257242 1.086390 -6.482748 -7.153669
1 -2.054333 0.047245 70.472742 1.730197 315.996299 0.314752 79.697741 -7.153669
1 -32.339408 0.033134 60.391995 1.768201 133.732131 1.091370 88.290702 -7.153669
1 -68.728182 0.006999 57.437020 0.264991 95.548272 1.165530 -76.982195 -7.153669
1 -104.573962 0.511090 65.899523 2.285983 236.944486 0.919592 -55.128576 -7.153669
1 -79.377845 0.509070 67.991314 5.112805 442.384801 0.461033 -52.244911 -7.153669
1 -68.351087 0.285500 60.338934 4.040977 376.231096 0.579017 -46.398845 -7.309422
1 -70.656013 0.033789 57.851095 1.600443 302.500995 0.449611 -82.274974 -7.309422
1 -226.513494 0.743967 67.205873 0.658712 380.243972 0.275356 0.237258 -7.309422
1 -9.362203 0.117383 70.533121 2.413460 405.302530 0.083917 -86.586990 -7.309422
1 -35.634456 0.130812 63.276123 8.523971 257.107059 1.086577 -6.364369 -7.309422
1 -119.557715 0.262519 65.616145 2.208859 383.992605 0.352386 -49.782475 -7.309422
1 -38.545449 0.017149 60.400923 1.695143 127.647142 1.105044 86.475839 -7.309422
1 -37.129990 0.010721 57.003826 0.309672 120.816016 1.016887 81.655213 -7.309422
1 -58.666392 0.038514 72.857849 0.402673 246.997443 0.521667 -66.838029 -7.309422
1 -77.241077 0.512992 68.328791 5.195360 449.312551 0.442654 -51.877730 -7.309422
1 -67.901244 0.427306 64.259697 5.134393 424.986562 0.511552 -50.858294 -7.619439
1 -2.023736 0.007705 60.718618 1.521283 300.862681 0.335663 86.337006 -7.619439
1 -290.768784 0.734470 66.586936 0.064946 335.832542 0.356165 -10.248201 -7.619439
1 -2.329404 0.016279 74.037078 1.525178 340.361438 0.132053 -67.631889 -7.619439
1 -35.596555 0.133301 63.203037 8.523951 257.475909 1.085682 -5.599352 -7.619439
1 -92.110660 0.261689 65.470424 2.828714 399.156493 0.348270 -50.006859 -7.619439
1 -92.346504 0.043084 61.040762 1.892109 144.569823 1.090179 -88.459972 -7.619439
1 -39.370281 0.029100 70.045804 0.323563 160.360658 0.843677 83.838744 -7.619439
1 -70.479455 0.047516 73.358387 1.132937 271.564625 0.538498 -76.724417 -7.619439
1 -71.803187 0.490364 68.990995 5.110625 457.593961 0.408829 -53.433307 -7.619439
1 -85.464498 0.361924 64.450416 3.073715 357.296899 0.551581 -52.224674 -7.843798
1 -1.944995 0.002903 60.027470 1.474852 298.822374 0.339479 86.413369 -7.843798
1 -84.492133 0.112896 72.484913 2.834802 437.828768 0.141865 -72.668829 -7.843798
1 -8.111963 0.040786 74.249809 1.082433 320.172719 0.120059 -52.524581 -7.843798
1 -3.300260 0.128768 62.880055 8.419788 259.357779 1.081946 -3.682318 -7.843798
1 -71.662379 0.248409 63.028920 3.017844 383.167038 0.422781 -50.005447 -7.843798
1 -78.178113 0.110226 57.375616 1.414652 146.390753 1.055647 -86.558295 -7.843798
1 -32.230317 0.054441 69.178572 0.238329 151.644166 0.874793 87.624237 -7.843798
1 -133.303063 0.603954 55.862610 2.338438 290.402287 0.799773 23.057641 -7.843798
1 -68.969767 0.492075 69.016267 5.192122 461.176848 0.406059 -53.971062 -7.843798
1 -77.836227 0.327155 64.061554 3.407408 362.946834 0.537571 -29.455479 -8.146321
1 -1.882899 0.069925 62.281450 1.577091 339.718545 0.154098 -88.811496 -8.146321
1 -145.766771 0.767514 65.767877 3.661600 465.227838 0.520140 45.495935 -8.146321
1 -26.537568 0.042352 71.963387 0.874041 312.939313 0.159317 -43.638214 -8.146321
1 -3.325640 0.115091 62.737749 8.460354 250.915330 1.094375 -4.354781 -8.146321
1 -89.384529 0.173563 67.351896 2.344827 360.256268 0.450878 -47.358819 -8.146321
1 -86.053248 0.163573 55.005928 1.876237 149.168121 1.076883 88.823342 -8.146321
1 -74.684325 0.078937 71.321201 0.683267 187.581719 0.830094 -86.672225 -8.146321
1 -133.533163 0.611335 55.098393 2.629729 297.580331 0.793570 11.672192 -8.146321
1 -1.879010 0.016835 60.294178 1.687508 317.582013 0.304608 80.529434 -8.146321
1 -87.229572 0.353372 64.784172 3.103692 337.211356 0.630611 -48.388153 -8.363581
1 -18.206506 0.104025 62.441454 1.106249 320.870772 0.133400 -78.453116 -8.363581
1 -3.309393 0.119477 62.673280 8.456704 252.932702 1.091905 -3.281361 -8.363581
1 -66.517772 0.010164 72.365372 0.948705 166.289913 0.964171 -76.172594 -8.363581
1 -3.324315 0.115213 62.738277 8.469190 250.923884 1.094331 -4.492942 -8.363581
1 -82.773667 0.144852 68.272804 2.427050 353.450097 0.496341 -44.544316 -8.363581
1 -39.482580 0.134224 74.161524 2.200004 147.005507 1.111716 -71.167784 -8.363581
1 -1.841160 0.047634 70.776257 1.200774 180.982371 0.872353 68.277895 -8.363581
1 -181.905235 0.694047 56.909018 1.804128 279.972889 0.824672 3.173724 -8.363581
1 -1.869857 0.018380 60.215170 1.600625 312.292385 0.306677 81.828474 -8.363581
1 -2.152294 0.026721 59.738913 1.555228 315.584667 0.280915 -86.659695 -8.572120
1 -27.408468 0.186148 61.661605 1.119340 314.550844 0.211048 88.830271 -8.572120
1 -3.301550 0.123303 62.688007 8.471981 252.503857 1.092673 -2.811472 -8.572120
1 -106.138016 0.003151 70.311495 1.238517 287.518432 0.633143 -57.097130 -8.572120
1 -3.326860 0.116823 62.720478 8.487264 252.203568 1.093123 -4.411352 -8.572120
1 -82.092689 0.115410 65.211397 2.740639 406.537906 0.302071 -46.527777 -8.572120
1 -75.631146 0.105676 55.321975 2.249556 149.658622 1.102361 -72.415617 -8.572120
1 -43.813286 0.014147 71.014054 0.925915 166.985930 0.891353 67.450632 -8.572120
1 -159.464402 0.678980 74.990422 2.036773 289.206695 0.726345 1.628226 -8.572120
1 -1.884455 0.065309 60.445654 2.051499 350.463956 0.251421 76.541456 -8.572120
1 -2.112846 0.020301 59.989933 1.611116 315.813210 0.285973 -89.996282 -8.795311
1 -64.161496 0.182134 62.671992 1.145893 314.527078 0.292865 -82.447688 -8.795311
1 -31.551831 0.124675 62.680788 8.446497 251.974978 1.092308 -2.642045 -8.795311
1 -3.305216 0.124844 62.768461 8.419375 252.557562 1.091082 -3.806368 -8.795311
1 -35.632065 0.126519 62.703147 8.478602 255.791713 1.087851 -6.220330 -8.795311
1 -63.549847 0.075271 64.328631 2.812963 415.544554 0.238638 -50.957374 -8.795311
1 -76.517648 0.032504 74.335358 2.188077 132.320332 1.136067 -69.411790 -8.795311
1 -45.100989 0.008717 71.713866 0.654089 152.160034 0.904571 64.766426 -8.795311
1 -136.389252 0.702262 55.792146 2.611301 298.977775 0.773081 -49.651988 -8.795311
1 -1.881982 0.040794 60.616068 2.007536 342.148177 0.263276 79.483340 -8.795311
1 -1.942811 0.041913 56.518141 2.079683 384.047381 0.053449 -81.950290 -8.931215
1 -24.649184 0.140825 62.482780 1.491166 319.990794 0.269663 89.702567 -8.931215
1 -3.318763 0.121159 62.954690 8.303492 249.578894 1.093092 -4.042855 -8.931215
1 -3.285015 0.123719 62.638674 8.458979 252.891605 1.092036 -2.218240 -8.931215
1 -35.630260 0.123027 62.692981 8.714058 261.794596 1.084512 -6.134024 -8.931215
1 -69.717008 0.083141 64.224979 2.727125 413.999520 0.235014 -49.728325 -8.931215
1 -36.741325 0.054172 74.559594 1.975713 117.652727 1.156666 -65.191930 -8.931215
1 -45.892767 0.002974 73.231425 0.517418 133.503525 0.975187 67.359900 -8.931215
1 -1.913831 0.017942 59.633281 1.586369 317.471827 0.272843 80.037565 -8.931215
1 -26.585032 0.106824 57.004394 1.355094 340.308708 0.102436 -64.848022 -8.931215
1 -1.950868 0.040243 56.678569 2.151879 387.861009 0.040803 -82.252360 -9.121553
1 -46.968605 0.299864 74.990886 2.791108 431.794018 0.206538 84.311583 -9.121553
1 -3.311095 0.127066 62.862200 8.263489 244.083217 1.098855 -4.070929 -9.121553
1 -3.284802 0.122433 62.582791 8.465420 253.327271 1.091628 -2.291490 -9.121553
1 -31.525369 0.111868 65.023001 6.986118 289.848566 1.000153 -1.579827 -9.121553
1 -70.826624 0.182679 64.603611 2.533394 407.647179 0.203915 -72.356829 -9.121553
1 -79.122075 0.108945 72.039977 0.481346 152.613898 1.061201 -76.823692 -9.121553
1 -1.918860 0.086047 74.270766 0.450043 172.053610 0.786916 76.375805 -9.121553
1 -2.187067 0.041754 59.271234 2.012220 324.897937 0.350087 79.982360 -9.121553
1 -22.583604 0.220248 69.001875 2.053384 373.082579 0.231964 -87.784994 -9.121553
1 -15.106068 0.031427 56.334462 2.070202 383.582380 0.071835 -70.960656 -9.323854
1 -21.680821 0.297676 74.903497 2.871761 432.605251 0.212257 84.132653 -9.323854
1 -3.312360 0.127106 62.913973 8.247123 244.674507 1.097822 -4.118107 -9.323854
1 -3.341833 0.127732 63.336202 8.049832 233.950469 1.107666 -5.152947 -9.323854
1 -33.057368 0.104915 65.170726 7.050528 289.597944 1.003510 -0.929297 -9.323854
1 -79.677786 0.086018 63.269165 1.853738 379.653586 0.185569 -55.889104 -9.323854
1 -3.313583 0.128249 62.850431 8.272762 244.037593 1.099218 -4.050151 -9.323854
1 -45.191567 0.086712 74.357328 0.484303 171.159969 0.808302 69.545642 -9.323854
1 -40.044349 0.048811 58.598392 1.869039 329.210473 0.329641 82.541866 -9.323854
1 -63.925508 0.261011 72.699556 2.005651 365.455470 0.288447 84.362781 -9.323854
1 -2.825879 0.045693 56.604657 2.501424 411.474521 0.018290 -71.539741 -9.494564
1 -87.243372 0.307914 72.635011 2.486828 400.944661 0.323246 -83.902695 -9.494564
1 -3.312128 0.126891 62.816457 8.281093 245.977553 1.097342 -3.338157 -9.494564
1 -3.332358 0.128844 63.348452 8.068657 234.393186 1.107414 -4.826081 -9.494564
1 -36.423567 0.108384 65.183247 7.065424 291.095630 1.002114 -0.407524 -9.494564
1 -85.586999 0.087403 65.215533 2.340660 400.883490 0.230204 -54.182111 -9.494564
1 -3.302667 0.127508 62.649855 8.351322 248.379800 1.095340 -3.476816 -9.494564
1 -2.106411 0.097234 74.999556 0.656505 168.304025 0.844257 77.428825 -9.494564
1 -1.980530 0.055533 58.684896 1.884434 324.785635 0.332680 82.831900 -9.494564
1 -1.888781 0.146525 64.728615 2.582082 395.928858 0.208071 77.357564 -9.494564
1 -2.356194 0.044966 56.785818 2.444603 408.269934 0.024417 -71.252127 -9.633103
1 -84.077389 0.283554 72.982852 2.605127 405.853794 0.315533 -77.906945 -9.633103
1 -37.117841 0.134645 63.167839 8.254512 247.648486 1.094036 -4.304469 -9.633103
1 -38.091814 0.106205 64.616193 7.406917 304.735699 0.990055 0.395784 -9.633103
1 -33.490230 0.108400 65.201833 7.047987 290.707411 1.001389 -0.473880 -9.633103
1 -2.203719 0.097402 56.890819 0.593594 153.013900 0.906132 78.530271 -9.633103
1 -3.308798 0.126843 62.666602 8.396985 248.101425 1.096289 -3.934889 -9.633103
1 -2.132872 0.084837 74.203809 0.870645 195.707480 0.748230 77.698271 -9.633103
1 -1.853236 0.041276 56.107654 1.252825 254.937263 0.524468 75.244924 -9.633103
1 -2.201204 0.145145 65.080493 2.599345 392.246497 0.226645 82.691376 -9.633103
1 -2.893035 0.049690 56.424560 2.514684 412.496392 0.017850 -72.621724 -9.752874
1 -33.079159 0.323717 73.622652 3.508267 463.329498 0.260410 78.694280 -9.752874
1 -35.283484 0.009605 74.734859 2.594559 396.754825 0.253430 -8.821717 -9.752874
1 -2.270418 0.185506 66.648703 2.665199 391.482316 0.267959 76.386220 -9.752874
1 -36.417988 0.118910 65.368801 7.110789 292.252787 1.000366 -0.818387 -9.752874
1 -2.195204 0.073521 56.116284 0.418023 143.835777 0.917275 79.325450 -9.752874
1 -3.315287 0.127317 62.659926 8.397779 247.410116 1.096940 -4.201785 -9.752874
1 -39.894987 0.134976 74.965298 1.303240 203.682649 0.833772 80.648974 -9.752874
1 -2.202686 0.009360 55.835511 1.479474 266.072367 0.511813 83.223592 -9.752874
1 -1.964327 0.160102 64.933345 2.581064 394.978390 0.216639 77.199194 -9.752874
1 -2.724982 0.051754 56.796498 2.534958 414.602253 0.014535 -72.327420 -9.868645
1 -1.964650 0.342439 73.627590 3.672043 473.499029 0.257463 75.629112 -9.868645
1 -36.122078 0.004584 74.840785 2.557153 395.320643 0.250659 -3.351643 -9.868645
1 -1.968360 0.191267 66.693024 2.589234 389.444457 0.265715 75.904331 -9.868645
1 -33.102938 0.114613 65.334716 7.083027 292.529218 0.999087 -2.268365 -9.868645
1 -2.236274 0.075866 55.869385 0.586251 150.253851 0.913933 79.372987 -9.868645
1 -3.334576 0.127177 62.641558 8.403999 247.600610 1.096756 -4.892993 -9.868645
1 -53.755525 0.229004 55.769563 0.280411 199.479643 0.811458 -79.499838 -9.868645
1 -2.157822 0.026677 56.562856 1.677609 280.142789 0.508006 85.886895 -9.868645
1 -1.844146 0.167104 66.804115 2.760198 394.529591 0.276969 71.720427 -9.868645
1 -2.036264 0.001244 74.166055 2.332105 397.082704 0.051538 -68.670633 -9.964914
1 -1.993728 0.348023 73.955650 3.616963 465.677188 0.278672 73.792038 -9.964914
1 -42.176668 0.001893 74.603723 2.496269 393.481160 0.265498 -4.588435 -9.964914
1 -1.994341 0.191274 66.686218 2.592138 389.322947 0.266287 75.887203 -9.964914
1 -31.471495 0.113243 65.233345 7.070325 291.333854 1.000844 -2.870842 -9.964914
1 -2.178780 0.070668 55.753697 0.564767 149.724501 0.912649 78.892862 -9.964914
1 -3.305528 0.115480 62.841000 8.355146 248.319516 1.095869 -3.672282 -9.964914
1 -2.176300 0.077347 55.960999 0.722976 155.068342 0.915098 78.870264 -9.964914
1 -2.233027 0.017329 57.067171 1.862324 298.111910 0.451532 84.770594 -9.964914
1 -1.985276 0.173630 66.341193 2.666412 380.382572 0.321035 74.597819 -9.964914
1 -2.078489 0.001742 74.248669 2.319901 399.261112 0.042522 -68.354821 -10.022919
1 -1.952128 0.348654 74.013370 3.630526 466.611740 0.278796 74.116395 -10.022919
1 -32.830096 0.011879 74.654535 2.703384 393.414260 0.289401 -3.181913 -10.022919
1 -1.881360 0.156027 65.718187 2.215277 370.338100 0.236255 72.323294 -10.022919
1 -2.097714 0.159266 65.187782 2.523722 358.006384 0.381075 74.040280 -10.022919
1 -2.316987 0.069292 55.933189 0.551496 148.487738 0.907841 75.980961 -10.022919
1 -3.317008 0.117352 62.832261 8.367883 247.582950 1.097023 -3.853969 -10.022919
1 -2.038100 0.072466 55.524453 0.827134 154.764650 0.925415 71.441736 -10.022919
1 -2.296306 0.015163 56.097517 1.552899 283.124111 0.456754 89.858202 -10.022919
1 -2.245471 0.112603 62.795431 2.226938 325.675081 0.436790 76.206717 -10.022919
1 -1.858378 0.005964 73.906141 2.244235 394.133864 0.067159 -66.538384 -10.098036
1 -4.404443 0.348406 73.891565 3.608417 465.702186 0.275624 74.780447 -10.098036
1 -2.805302 0.002555 74.209208 2.345956 397.216873 0.033139 -67.966658 -10.098036
1 -5.536066 0.095168 68.999449 3.091948 448.242516 0.053414 88.593865 -10.098036
1 -1.853230 0.089563 64.114483 1.751895 315.662493 0.353405 72.493979 -10.098036
1 -40.698414 0.105559 59.333451 1.125149 222.739958 0.707936 78.336907 -10.098036
1 -3.316209 0.115539 62.834943 8.335780 247.279483 1.097101 -3.450421 -10.098036
1 -2.194014 0.072143 55.533438 0.859358 154.274551 0.930564 71.525525 -10.098036
1 -2.263719 0.004387 55.759610 1.445627 277.274944 0.459636 -89.178565 -10.098036
1 -2.127224 0.121711 63.775603 2.321612 335.147196 0.419956 73.477269 -10.098036
1 -12.849566 0.009026 73.869234 2.249900 395.565035 0.066974 -66.215822 -10.134327
1 -2.037188 0.346391 73.796106 3.586655 463.098118 0.283363 75.877819 -10.134327
1 -2.296471 0.002054 74.295744 2.282636 395.836632 0.029475 -67.688880 -10.134327
1 -1.983160 0.089413 69.561520 3.128208 451.240926 0.050439 85.153583 -10.134327
1 -1.854353 0.054447 58.053712 0.930746 245.510270 0.472941 69.835297 -10.134327
1 -1.968623 0.101276 62.094469 1.683408 274.378659 0.556762 77.018678 -10.134327
1 -3.318047 0.114960 62.796761 8.337349 247.175634 1.097338 -3.377421 -10.134327
1 -2.381605 0.072919 55.156377 0.828951 149.089180 0.947409 75.776926 -10.134327
1 -1.981512 0.000224 56.079273 1.424886 279.970087 0.442460 86.940330 -10.134327
1 -2.036032 0.111165 65.223948 2.745521 384.928253 0.284747 74.733085 -10.134327
1 -2.298931 0.000626 71.953872 2.187338 384.994756 0.100012 -65.768243 -10.197807
1 -2.163837 0.329410 73.740776 3.629405 461.230143 0.288779 76.286690 -10.197807
1 -2.347118 0.010411 74.796916 2.347353 400.088033 0.033147 -61.847734 -10.197807
1 -2.290487 0.095115 69.324349 3.138507 442.544407 0.100478 87.044335 -10.197807
1 -1.842200 0.035742 57.667374 0.743514 233.555834 0.480552 72.080202 -10.197807
1 -1.956623 0.120571 63.336175 1.631813 292.168453 0.452579 75.055801 -10.197807
1 -3.352118 0.111051 62.546594 8.305430 244.091780 1.100260 -5.435669 -10.197807
1 -2.149271 0.059061 56.312828 0.912438 150.844685 0.956191 78.210855 -10.197807
1 -34.620745 0.007764 55.520181 1.303847 281.337280 0.444032 -87.830281 -10.197807
1 -2.324203 0.089746 65.186896 2.765842 386.047001 0.270526 77.832483 -10.197807
1 -2.007285 0.004965 72.041948 2.240867 392.472194 0.078255 -64.687439 -10.223899
1 -1.998634 0.327378 74.062915 3.684872 465.568435 0.280346 73.138883 -10.223899
1 -3.144018 0.016031 74.615096 2.259855 395.228760 0.025284 -65.838482 -10.223899
1 -2.051175 0.097863 67.983814 2.815584 401.573546 0.224292 83.812293 -10.223899
1 -2.658223 0.182983 56.445773 0.950234 242.559937 0.530979 72.166680 -10.223899
1 -1.887721 0.035431 65.572401 2.098897 288.953259 0.569605 76.613809 -10.223899
1 -3.358190 0.112621 62.476496 8.292633 243.943504 1.100101 -5.662925 -10.223899
1 -1.934744 0.054733 56.636047 0.929079 154.497221 0.942303 73.155240 -10.223899
1 -2.244160 0.001713 71.997478 2.195757 386.155109 0.096376 -65.886502 -10.223899
1 -2.115132 0.074627 65.544404 2.824479 390.699878 0.256820 74.761762 -10.223899
1 -2.198888 0.004229 71.787591 2.383095 402.503047 0.057612 -59.471791 -10.254256
1 -1.943602 0.318096 74.847753 3.843677 478.650299 0.256165 73.425529 -10.254256
1 -2.080993 0.009067 73.770658 2.115001 384.108903 0.048859 -67.296461 -10.254256
1 -1.975591 0.091093 69.434640 2.766293 400.750460 0.203126 68.824882 -10.254256
1 -2.383031 0.183435 56.382461 0.934708 241.673544 0.533907 73.869286 -10.254256
1 -2.297321 0.004373 64.210996 1.451532 280.395937 0.457888 -85.815461 -10.254256
1 -3.348094 0.111730 62.450865 8.293555 243.761781 1.100329 -5.278198 -10.254256
1 -2.274613 0.056131 56.536009 0.916057 151.693447 0.950208 78.229623 -10.254256
1 -1.885120 0.003694 72.178955 2.301299 399.170991 0.061230 -60.280053 -10.254256
1 -1.859631 0.098515 64.632648 2.557968 387.974968 0.209640 71.780232 -10.254256
1 -2.027806 0.000939 70.690823 2.243013 395.372218 0.054858 -54.770524 -10.296680
1 -1.878021 0.318380 74.675432 3.815498 474.465318 0.270746 75.592175 -10.296680
1 -2.619209 0.060014 56.213604 1.520501 344.791057 0.038768 82.801631 -10.296680
1 -2.297574 0.074675 66.521603 2.592663 390.143020 0.197088 85.355547 -10.296680
1 -2.263600 0.186018 56.347906 0.928850 241.691243 0.537011 75.546128 -10.296680
1 -2.396839 0.174569 65.389900 1.577501 307.066169 0.368250 75.386023 -10.296680
1 -3.350951 0.110830 62.477198 8.236386 242.810834 1.100813 -5.320731 -10.296680
1 -2.226372 0.044061 56.571403 0.734157 145.027136 0.947659 75.167958 -10.296680
1 -1.940121 0.006255 72.339885 2.306089 400.863601 0.050840 -58.107678 -10.296680
1 -1.998579 0.044600 59.015925 1.791923 329.279386 0.251957 77.377352 -10.296680
1 -2.147250 0.001629 70.511481 2.186925 391.956853 0.059723 -52.716365 -10.338457
1 -2.034984 0.318101 74.526653 3.811395 472.763325 0.275773 76.730548 -10.338457
1 -2.763041 0.085912 60.213958 2.220834 393.438609 0.038623 -89.913016 -10.338457
1 -1.943049 0.075773 66.512546 2.564419 395.314719 0.177627 86.338457 -10.338457
1 -2.149384 0.166204 56.022987 0.978814 256.712194 0.459847 77.233562 -10.338457
1 -1.952676 0.193800 63.276758 1.178949 284.641484 0.383188 76.003316 -10.338457
1 -3.346829 0.111887 62.494151 8.232965 242.706561 1.100963 -5.024111 -10.338457
1 -2.057958 0.032293 55.865035 0.740242 147.776380 0.943233 78.046952 -10.338457
1 -2.085742 0.001655 72.166168 2.370241 403.980738 0.051204 -52.073698 -10.338457
1 -2.048888 0.086805 58.215714 1.643266 312.690965 0.314597 69.972853 -10.338457
1 -2.527388 0.004864 70.519234 2.162728 389.477061 0.066321 -52.546192 -10.392030
1 -2.152279 0.323542 74.155975 3.776484 470.874090 0.277401 75.596997 -10.392030
1 -1.971584 0.003595 66.671380 0.395600 212.977328 0.480458 67.398236 -10.392030
1 -1.856121 0.017412 72.443460 1.206931 291.187679 0.283967 79.306666 -10.392030
1 -2.061808 0.167936 57.851894 0.905566 257.283760 0.428627 73.015497 -10.392030
1 -2.652796 0.222517 64.226103 1.455238 302.362858 0.376108 73.480364 -10.392030
1 -3.345922 0.112585 62.304379 8.258721 243.810436 1.099803 -5.232910 -10.392030
1 -2.655790 0.028066 74.846820 0.925465 146.297524 0.964483 72.801777 -10.392030
1 -2.360508 0.001772 72.183577 2.274729 396.612584 0.040815 -51.423451 -10.392030
1 -2.134831 0.020299 56.748511 1.166436 248.899539 0.504547 69.313727 -10.392030
1 -7.799224 0.021200 71.212438 2.454985 410.664612 0.051702 -54.761809 -10.460244
1 -2.349585 0.325486 74.080310 3.930272 475.334419 0.292887 73.544114 -10.460244
1 -2.084027 0.109102 65.813309 0.155031 207.424471 0.459118 76.011113 -10.460244
1 -1.935858 0.107652 72.706619 1.307352 294.906940 0.321564 77.993213 -10.460244
1 -2.184564 0.227535 60.083043 1.016180 276.506737 0.378010 73.715805 -10.460244
1 -2.619529 0.232455 64.497540 1.504796 305.001223 0.383693 74.323116 -10.460244
1 -3.363058 0.113229 62.278159 8.231969 244.009052 1.098932 -5.823462 -10.460244
1 -1.935939 0.021088 74.752630 0.955900 149.494331 0.959785 73.174740 -10.460244
1 -3.644862 0.024309 72.417062 2.379766 405.542239 0.039917 -49.589523 -10.460244
1 -1.867915 0.059570 74.487256 1.132257 267.772065 0.432100 78.929335 -10.460244
1 -2.057296 0.042628 72.291384 2.558938 414.732705 0.042474 -75.217123 -10.518152
1 -3.461372 0.325979 74.052252 3.918219 473.518017 0.297823 74.477027 -10.518152
1 -1.848146 0.093374 68.234196 0.600696 220.126788 0.539310 72.644383 -10.518152
1 -2.199040 0.128114 55.221549 1.831492 316.265386 0.374419 76.441854 -10.518152
1 -2.064788 0.204356 59.690135 1.109743 285.075827 0.350858 68.287837 -10.518152
1 -2.188012 0.059746 68.210889 2.791399 392.910119 0.243105 87.383030 -10.518152
1 -3.363853 0.113161 62.279734 8.233019 244.080418 1.098834 -5.838960 -10.518152
1 -2.073105 0.022220 74.142954 1.063006 150.824535 0.975217 80.345951 -10.518152
1 -2.695302 0.002368 71.849602 2.301051 399.302628 0.043863 -44.464728 -10.518152
1 -1.852073 0.064721 73.937866 1.301131 268.184057 0.472530 75.732279 -10.518152
1 -1.956976 0.029859 71.606315 2.376429 396.876820 0.079903 -82.439913 -10.576429
1 -3.201810 0.326070 73.921360 3.934118 472.662533 0.304525 74.325656 -10.576429
1 -1.869695 0.085375 67.166733 0.569465 211.782108 0.575821 72.120536 -10.576429
1 -2.212166 0.134319 72.771876 1.833846 315.771224 0.395540 82.170775 -10.576429
1 -2.315751 0.129390 56.788902 1.282307 286.091649 0.370596 81.570542 -10.576429
1 -1.919928 0.069302 70.433973 3.200045 414.808565 0.243550 69.190999 -10.576429
1 -3.348923 0.103036 61.775794 8.218908 237.336013 1.107584 -5.294637 -10.576429
1 -2.109826 0.018962 55.099897 1.348854 153.798366 0.987458 72.313712 -10.576429
1 -3.170122 0.006430 71.950592 2.293548 399.929609 0.048894 -43.613547 -10.576429
1 -1.988938 0.038487 72.170387 0.239573 215.314741 0.411621 78.020700 -10.576429
1 -1.876609 0.004735 70.131573 2.291048 394.019958 0.073851 -78.242367 -10.630238
1 -2.184992 0.335383 73.680440 4.184024 494.027535 0.279352 74.943609 -10.630238
1 -1.980281 0.038036 67.636410 0.666524 213.040677 0.593888 79.587907 -10.630238
1 -1.911442 0.132862 74.462948 2.243194 344.772778 0.354993 68.907414 -10.630238
1 -2.376971 0.049616 55.506677 0.326887 208.847936 0.483847 77.926977 -10.630238
1 -1.885533 0.066468 70.295508 3.029389 408.699382 0.235461 76.515877 -10.630238
1 -3.329621 0.101865 61.801625 8.249419 237.630431 1.108210 -4.224277 -10.630238
1 -2.020546 0.006469 74.346528 1.806207 160.390644 1.012798 76.242003 -10.630238
1 -2.830254 0.006380 72.711733 2.321372 400.685924 0.043097 -44.755917 -10.630238
1 -1.866501 0.022790 71.015590 0.658212 245.046340 0.364860 77.470491 -10.630238
1 -2.294534 0.032174 69.377922 1.928935 365.596221 0.097866 -79.383467 -10.692383
1 -5.252451 0.333758 73.356717 4.126103 490.481897 0.279925 74.558206 -10.692383
1 -2.032253 0.062817 67.793528 0.902405 229.974855 0.590412 84.585934 -10.692383
1 -1.864923 0.096025 73.372810 1.674636 304.453093 0.386147 70.281846 -10.692383
1 -2.212778 0.114566 55.470734 0.198285 200.251031 0.542406 81.588104 -10.692383
1 -1.923499 0.060718 70.434717 3.139155 416.418558 0.218359 71.742361 -10.692383
1 -3.325313 0.103579 61.912216 8.034002 235.473114 1.107161 -4.267948 -10.692383
1 -2.168266 0.001862 74.665419 1.563258 160.950329 0.987874 79.292233 -10.692383
1 -2.772648 0.007806 73.148138 2.441475 408.373090 0.036407 -44.556249 -10.692383
1 -1.919310 0.051206 65.716552 0.164282 221.765592 0.339776 73.411763 -10.692383
1 -2.320591 0.073575 69.796319 2.067665 378.501005 0.088905 -82.979286 -10.748574
1 -2.387199 0.305283 73.893870 4.170771 495.979309 0.248043 75.553053 -10.748574
1 -2.099548 0.027301 67.618397 0.715381 215.015901 0.607185 84.912854 -10.748574
1 -1.890980 0.095461 68.458551 0.919631 240.123568 0.516814 73.559251 -10.748574
1 -2.425854 0.111384 55.434312 0.174576 195.317789 0.549827 78.843807 -10.748574
1 -1.875938 0.054023 71.212656 3.237339 424.039309 0.195734 70.974982 -10.748574
1 -3.323383 0.103751 61.904054 8.025934 235.191454 1.107363 -4.223837 -10.748574
1 -2.178983 0.004263 74.437038 1.514709 159.420760 0.985102 75.657198 -10.748574
1 -2.797373 0.007130 73.314668 2.422357 406.965733 0.035501 -44.666862 -10.748574
1 -1.953583 0.059632 64.391063 0.297712 232.667862 0.335204 74.620797 -10.748574
1 -2.238149 0.007022 67.518531 0.913961 288.318592 0.196855 -78.774160 -10.866326
1 -2.228632 0.306429 73.585274 4.202529 497.555719 0.249475 74.076239 -10.866326
1 -2.155193 0.018697 67.353571 0.810929 226.942359 0.575181 88.872214 -10.866326
1 -1.972062 0.083101 66.976004 0.956011 253.075957 0.459854 81.262615 -10.866326
1 -1.846877 0.139555 74.286669 0.012270 191.068743 0.564195 74.281242 -10.866326
1 -1.881405 0.058686 72.339798 2.988905 415.009439 0.189500 78.782750 -10.866326
1 -3.314617 0.105403 61.895094 8.085804 235.600757 1.108029 -3.460186 -10.866326
1 -1.862489 0.008666 73.421174 2.221561 161.561543 1.042981 69.332084 -10.866326
1 -5.250063 0.014935 73.471230 2.444127 409.360764 0.048213 -54.869790 -10.866326
1 -1.992541 0.047251 64.073437 0.204666 220.230763 0.355584 74.296042 -10.866326
1 -1.992659 0.030434 68.827747 1.174470 312.676224 0.181258 -76.856251 -11.072916
1 -1.959360 0.317665 73.736800 3.960809 492.287800 0.229481 76.619861 -11.072916
1 -2.120197 0.000125 65.789881 0.722949 225.666278 0.495076 75.106872 -11.072916
1 -1.943384 0.209734 70.524075 0.457633 224.804020 0.511592 78.376475 -11.072916
1 -1.873916 0.198860 74.182302 0.452394 215.105645 0.562371 75.429873 -11.072916
1 -2.062872 0.097121 74.221557 2.742347 402.115786 0.200333 85.118588 -11.072916
1 -3.324846 0.100200 61.786227 8.121593 235.340204 1.109097 -3.862808 -11.072916
1 -2.001859 0.034677 72.889134 1.646628 135.649865 1.075567 78.328083 -11.072916
1 -2.240556 0.013240 73.452927 2.464534 410.125870 0.046014 -53.311695 -11.072916
1 -1.853529 0.001818 62.637735 0.241622 214.325582 0.468852 81.689326 -11.072916
1 -1.906692 0.010909 68.126534 1.106081 307.883310 0.185848 -84.364257 -11.296649
1 -2.230900 0.320179 74.058428 4.025263 498.513630 0.217423 77.253876 -11.296649
1 -2.057684 0.080572 64.815857 0.661583 229.369446 0.481529 71.076529 -11.296649
1 -1.842684 0.197759 69.089094 0.029108 200.968122 0.538280 78.807674 -11.296649
1 -1.981145 0.168754 64.106850 0.195012 208.204303 0.512823 79.205929 -11.296649
1 -1.938756 0.008242 74.298238 2.122943 352.304860 0.245896 79.877996 -11.296649
1 -3.332790 0.099589 61.827302 8.122598 233.569782 1.111301 -4.036138 -11.296649
1 -1.845652 0.041748 56.571047 2.910568 410.533439 0.169794 74.174950 -11.296649
1 -2.048445 0.056616 62.527091 0.437183 234.205784 0.435812 -87.649687 -11.296649
1 -2.074457 0.005446 62.189475 0.097618 209.831863 0.432796 89.146377 -11.296649
1 -1.856483 0.087965 64.795649 0.374322 260.567669 0.195485 -86.946608 -11.512712
1 -1.854962 0.329486 73.848794 3.891915 489.235493 0.234839 75.374641 -11.512712
1 -1.906839 0.095458 65.104592 0.525412 207.692750 0.587848 71.266280 -11.512712
1 -2.034092 0.128702 71.631767 0.096238 187.221804 0.588880 70.974438 -11.512712
1 -2.029516 0.200870 66.869460 0.290556 213.758074 0.525628 80.659615 -11.512712
1 -1.869909 0.085446 74.114408 2.269557 373.853005 0.192615 79.856719 -11.512712
1 -3.332281 0.099575 61.833063 8.103609 233.297170 1.111246 -4.236350 -11.512712
1 -2.002430 0.006497 57.054245 3.150207 425.568681 0.152306 75.563517 -11.512712
1 -1.856187 0.037740 60.035958 0.935633 260.600122 0.400634 79.037951 -11.512712
1 -1.879221 0.010163 63.412628 0.107277 209.167936 0.411884 79.037633 -11.512712
