chi multiples
 N    ID    z   Narcs    chip    chix    chiy    chia   rmss     rmsi    dx      dy    nwarn
 0    7.3 4.500   1      0.00    0.00    0.00    0.00  0.00  0.00    0
 0    6.3 4.500   1      0.00    0.00    0.00    0.00  0.00  0.00    0
 2    7.2 4.500   1      0.02    0.00    0.00    0.00   0.007    0.07    0.03   -0.07  0
 2    7.1 4.500   1      0.02    0.00    0.00    0.00   0.007    0.07    0.02   -0.06  0
 2    7.2 4.500   2      0.04    0.00    0.00    0.00   0.007    0.07    N/A     N/A   0
 3    6.2 4.500   1      0.00    0.00    0.00    0.00   0.029    0.03    0.01    0.03  0
 3    6.1 4.500   1      0.02    0.00    0.00    0.00   0.029    0.07   -0.05    0.04  0
 3    6.2 4.500   2      0.02    0.00    0.00    0.00   0.029    0.05    N/A     N/A   0
chimul                   0.06    0.00    0.00    0.00   0.021    0.06    N/A     N/A   0
log(Likelihood)         -1.84

chitot           0.06
log(Likelihood)    -1.84
