#REFERENCE 3 328.4033970 17.6954390
   #ID       X         Y         R       EPS       TAU       AMP       E_AMP      DMAG  TIME[days]  DTIME    PARITY
   2.1     2.933   -18.950    19.176     0.801     1.338     6.799     0.025      2.08  -15134.7       0.0    ++
   2.1   -13.522    -2.688    13.787     0.766     1.192    13.274     0.246      2.81  -14200.3     934.4    +-
   2.1   -14.641     6.370    15.967     0.663     0.885    35.155    28.666      3.86  -14261.6     873.1    ++
   2.1   -15.105     7.486    16.858     0.643     0.839   301.264  2884.236      6.20  -14260.7     874.0    +-
   2.1   -16.176     9.696    18.860     0.000     0.000    12.826     3.563      2.77  -14269.1     865.6    ++
   2.2     2.658   -18.962    19.147     0.966     3.713     6.534     0.022      2.04  -15156.1     -21.4    ++
   2.2   -16.401     9.615    19.012     0.885     1.899    12.624     3.407      2.75  -14339.5     795.1    ++
   2.2   -13.618    -2.912    13.926     0.632     0.815    14.082     0.249      2.87  -14268.4     866.2    +-
   1.1   -13.707    -3.115    14.056     0.845     1.581    14.963     0.255      2.94  -14331.7       0.0    +-
   1.1     2.418   -18.975    19.129     0.821     1.436     6.391     0.020      2.01  -15179.1    -847.3    ++
   1.1   -16.596     9.517    19.131     0.000     0.000    12.700     3.479      2.76  -14403.4     -71.7    ++
   1.2     2.962   -18.955    19.185     0.945     2.899     6.834     0.025      2.09  -15134.6    -802.8    ++
   1.2   -15.104     7.547    16.885     0.882     1.870   361.895  11176.737      6.40  -14253.3      78.4    +-
   1.2   -13.521    -2.651    13.778     0.751     1.138    13.269     0.248      2.81  -14193.8     137.9    +-
   1.2   -16.153     9.688    18.836     0.641     0.836    12.996     3.665      2.78  -14261.3      70.5    ++
   1.2   -14.607     6.338    15.923     0.000     0.000    33.695    25.383      3.82  -14254.4      77.4    ++
