#REFERENCE 3 24.9892100 -5.9099060
1	-0.264063	-0.244141	0.360050	0.937132	
1	-0.244141	-0.256036	0.322645	0.975244	
1	-0.244141	-0.256036	0.322645	0.975244	
1	-0.264063	-0.244141	0.360050	0.937132	
1	-0.292969	-0.230714	0.408157	0.881772	
1	-0.292969	-0.230714	0.408157	0.881772	
1	-0.341797	-0.198146	0.496512	0.757506	
1	-0.341797	-0.198146	0.496512	0.757506	
1	-0.345482	-0.195312	0.503327	0.746441	
1	-0.345482	-0.195312	0.503327	0.746441	
1	-0.390625	-0.162581	0.578664	0.605206	
1	-0.390625	-0.162581	0.578664	0.605206	
1	-0.408506	-0.146484	0.609126	0.535481	
1	-0.408506	-0.146484	0.609126	0.535481	
1	-0.439453	-0.115086	0.659607	0.395207	
1	-0.439453	-0.115086	0.659607	0.395207	
1	-0.455454	-0.097656	0.682947	0.314706	
1	-0.455454	-0.097656	0.682947	0.314706	
1	-0.488079	-0.048828	0.729500	0.091992	
1	-0.488079	-0.048828	0.729500	0.091992	
1	-0.488281	-0.048336	0.729837	0.089801	
1	-0.488281	-0.048336	0.729837	0.089801	
1	-0.514205	0.000000	0.752538	-0.126319	
1	-0.514205	0.000000	0.752538	-0.126319	
1	-0.527511	0.048828	0.755238	-0.326248	
1	-0.527511	0.048828	0.755238	-0.326248	
1	-0.531929	0.097656	0.742061	-0.503138	
1	-0.531929	0.097656	0.742061	-0.503138	
1	-0.528038	0.146484	0.716959	-0.654605	
1	-0.528038	0.146484	0.716959	-0.654605	
1	-0.513409	0.195312	0.682383	-0.783327	
1	-0.513409	0.195312	0.682383	-0.783327	
1	-0.488281	0.236938	0.644887	-0.880149	
1	-0.488281	0.236938	0.644887	-0.880149	
1	-0.482733	0.244141	0.637559	-0.895826	
1	-0.482733	0.244141	0.637559	-0.895826	
1	-0.439453	0.285784	0.587547	-0.983409	
1	-0.439453	0.285784	0.587547	-0.983409	
1	-0.427943	0.292969	0.576247	-0.999468	
1	-0.427943	0.292969	0.576247	-0.999468	
1	-0.390625	0.315493	0.537984	-1.046214	
1	-0.390625	0.315493	0.537984	-1.046214	
1	-0.341797	0.332921	0.491647	-1.090399	
1	-0.341797	0.332921	0.491647	-1.090399	
1	-0.297222	0.341797	0.449146	-1.121874	
1	-0.297222	0.341797	0.449146	-1.121874	
1	-0.292969	0.342840	0.444741	-1.124723	
1	-0.292969	0.342840	0.444741	-1.124723	
1	-0.244141	0.350789	0.393676	-1.152930	
1	-0.244141	0.350789	0.393676	-1.152930	
1	-0.195312	0.354025	0.339776	-1.174424	
1	-0.195312	0.354025	0.339776	-1.174424	
1	-0.146484	0.353553	0.282082	-1.189597	
1	-0.146484	0.353553	0.282082	-1.189597	
1	-0.097656	0.349717	0.220062	-1.198100	
1	-0.097656	0.349717	0.220062	-1.198100	
1	-0.048828	0.342368	0.153294	-1.199135	
1	-0.048828	0.342368	0.153294	-1.199135	
1	-0.046360	0.341797	0.149777	-1.198968	
1	-0.046360	0.341797	0.149777	-1.198968	
1	0.000000	0.335734	0.082330	-1.191623	
1	0.000000	0.335734	0.082330	-1.191623	
1	0.048828	0.326540	0.007790	-1.174498	
1	0.048828	0.326540	0.007790	-1.174498	
1	0.097656	0.313445	-0.070710	-1.146222	
1	0.097656	0.313445	-0.070710	-1.146222	
1	0.146484	0.294695	-0.154710	-1.103783	
1	0.146484	0.294695	-0.154710	-1.103783	
1	0.150160	0.292969	-0.161352	-1.099855	
1	0.150160	0.292969	-0.161352	-1.099855	
1	0.195312	0.278741	-0.236362	-1.049205	
1	0.195312	0.278741	-0.236362	-1.049205	
1	0.244141	0.256036	-0.322645	-0.975244	
1	0.244141	0.256036	-0.322645	-0.975244	
1	0.264063	0.244141	-0.360050	-0.937132	
1	0.264063	0.244141	-0.360050	-0.937132	
1	0.292969	0.230714	-0.408157	-0.881772	
1	0.292969	0.230714	-0.408157	-0.881772	
1	0.341797	0.198146	-0.496512	-0.757506	
1	0.341797	0.198146	-0.496512	-0.757506	
1	0.345482	0.195312	-0.503327	-0.746441	
1	0.345482	0.195312	-0.503327	-0.746441	
1	0.390625	0.162581	-0.578664	-0.605206	
1	0.390625	0.162581	-0.578664	-0.605206	
1	0.408506	0.146484	-0.609126	-0.535481	
1	0.408506	0.146484	-0.609126	-0.535481	
1	0.439453	0.115086	-0.659607	-0.395207	
1	0.439453	0.115086	-0.659607	-0.395207	
1	0.455454	0.097656	-0.682947	-0.314706	
1	0.455454	0.097656	-0.682947	-0.314706	
1	0.488079	0.048828	-0.729500	-0.091992	
1	0.488079	0.048828	-0.729500	-0.091992	
1	0.488281	0.048336	-0.729837	-0.089801	
1	0.488281	0.048336	-0.729837	-0.089801	
1	0.514205	0.000000	-0.752538	0.126319	
1	0.514205	0.000000	-0.752538	0.126319	
1	0.527511	-0.048828	-0.755238	0.326248	
1	0.527511	-0.048828	-0.755238	0.326248	
1	0.531929	-0.097656	-0.742061	0.503138	
1	0.531929	-0.097656	-0.742061	0.503138	
1	0.528038	-0.146484	-0.716959	0.654605	
1	0.528038	-0.146484	-0.716959	0.654605	
1	0.513409	-0.195312	-0.682383	0.783327	
1	0.513409	-0.195312	-0.682383	0.783327	
1	0.488281	-0.236938	-0.644887	0.880149	
1	0.488281	-0.236938	-0.644887	0.880149	
1	0.482733	-0.244141	-0.637559	0.895826	
1	0.482733	-0.244141	-0.637559	0.895826	
1	0.439453	-0.285784	-0.587547	0.983409	
1	0.439453	-0.285784	-0.587547	0.983409	
1	0.427943	-0.292969	-0.576247	0.999468	
1	0.427943	-0.292969	-0.576247	0.999468	
1	0.390625	-0.315493	-0.537984	1.046214	
1	0.390625	-0.315493	-0.537984	1.046214	
1	0.341797	-0.332921	-0.491647	1.090399	
1	0.341797	-0.332921	-0.491647	1.090399	
1	0.297222	-0.341797	-0.449146	1.121874	
1	0.297222	-0.341797	-0.449146	1.121874	
1	0.292969	-0.342840	-0.444741	1.124723	
1	0.292969	-0.342840	-0.444741	1.124723	
1	0.244141	-0.350789	-0.393676	1.152930	
1	0.244141	-0.350789	-0.393676	1.152930	
1	0.195312	-0.354025	-0.339776	1.174424	
1	0.195312	-0.354025	-0.339776	1.174424	
1	0.146484	-0.353553	-0.282082	1.189597	
1	0.146484	-0.353553	-0.282082	1.189597	
1	0.097656	-0.349717	-0.220062	1.198100	
1	0.097656	-0.349717	-0.220062	1.198100	
1	0.048828	-0.342368	-0.153294	1.199135	
1	0.048828	-0.342368	-0.153294	1.199135	
1	0.046360	-0.341797	-0.149777	1.198968	
1	0.046360	-0.341797	-0.149777	1.198968	
1	0.000000	-0.335734	-0.082330	1.191623	
1	0.000000	-0.335734	-0.082330	1.191623	
1	-0.048828	-0.326540	-0.007790	1.174498	
1	-0.048828	-0.326540	-0.007790	1.174498	
1	-0.097656	-0.313445	0.070710	1.146222	
1	-0.097656	-0.313445	0.070710	1.146222	
1	-0.146484	-0.294695	0.154710	1.103783	
1	-0.146484	-0.294695	0.154710	1.103783	
1	-0.150160	-0.292969	0.161352	1.099855	
1	-0.150160	-0.292969	0.161352	1.099855	
1	-0.195312	-0.278741	0.236362	1.049205	
1	-0.195312	-0.278741	0.236362	1.049205	
