#REFERENCE 3 24.9892100 -5.9099060
1.1 0.650 0.188 0.258 0.044 105.89 4.500 -0.19 2.982 -1.230 0.83 -1.03
1.2 0.665 0.096 0.107 0.085 93.05 4.500 0.77 3.005 -1.350 0.77 0.00
2.1 0.427 0.338 0.120 0.069 120.25 4.500 -0.09 1.280 1.290 2.42 -2.51
2.1 0.427 0.338 0.120 0.069 120.25 4.500 -0.09 -0.097 1.808 2.09 -2.18
2.1 0.427 0.338 0.120 0.069 120.25 4.500 -0.09 -0.152 -0.044 -3.02 2.93
2.1 0.427 0.338 0.120 0.069 120.25 4.500 -0.09 2.632 -1.021 1.05 -1.14
2.1 0.427 0.338 0.120 0.069 120.25 4.500 -0.09 -0.873 -0.330 -0.09 -0.00
2.2 0.425 0.330 0.051 0.045 132.63 4.500 1.04 1.251 1.301 2.42 -1.38
2.2 0.425 0.330 0.051 0.045 132.63 4.500 1.04 -0.103 1.803 2.10 -1.06
2.2 0.425 0.330 0.051 0.045 132.63 4.500 1.04 -0.151 -0.043 -3.04 4.08
2.2 0.425 0.330 0.051 0.045 132.63 4.500 1.04 -0.882 -0.330 -0.08 1.13
2.2 0.425 0.330 0.051 0.045 132.63 4.500 1.04 2.628 -1.034 1.04 -0.00
