#REFERENCE 3 180.3146860 23.1330970
1	-0.195312	-0.941729	-0.024071	-0.007537	
1	-0.146484	-0.947062	-0.023447	-0.004211	
1	-0.146484	-0.947062	-0.023447	-0.004211	
1	-0.097656	-0.949784	-0.022979	-0.000773	
1	-0.097656	-0.949784	-0.022979	-0.000773	
1	-0.048828	-0.949982	-0.022685	0.002706	
1	-0.048828	-0.949982	-0.022685	0.002706	
1	0.000000	-0.947687	-0.022569	0.006189	
1	0.000000	-0.947687	-0.022569	0.006189	
1	0.048828	-0.942878	-0.022634	0.009669	
1	0.048828	-0.942878	-0.022634	0.009669	
1	0.097656	-0.935480	-0.022890	0.013174	
1	0.097656	-0.935480	-0.022890	0.013174	
1	0.135266	-0.927734	-0.023257	0.016118	
1	0.135266	-0.927734	-0.023257	0.016118	
1	0.146484	-0.925573	-0.023324	0.016552	
1	0.146484	-0.925573	-0.023324	0.016552	
1	0.195312	-0.913669	-0.023809	0.019234	
1	0.195312	-0.913669	-0.023809	0.019234	
1	0.244141	-0.898838	-0.024457	0.022011	
1	0.244141	-0.898838	-0.024457	0.022011	
1	0.292969	-0.880797	-0.025340	0.024988	
1	0.292969	-0.880797	-0.025340	0.024988	
1	0.297451	-0.878906	-0.025455	0.025330	
1	0.297451	-0.878906	-0.025455	0.025330	
1	0.341797	-0.860727	-0.026042	0.026956	
1	0.341797	-0.860727	-0.026042	0.026956	
1	0.390625	-0.837010	-0.026971	0.029156	
1	0.390625	-0.837010	-0.026971	0.029156	
1	0.403332	-0.830078	-0.027307	0.029862	
1	0.403332	-0.830078	-0.027307	0.029862	
1	0.439453	-0.810497	-0.027707	0.030657	
1	0.439453	-0.810497	-0.027707	0.030657	
1	0.486153	-0.781250	-0.028588	0.032197	
1	0.486153	-0.781250	-0.028588	0.032197	
1	0.488281	-0.779906	-0.028595	0.032207	
1	0.488281	-0.779906	-0.028595	0.032207	
1	0.537109	-0.746062	-0.029054	0.032909	
1	0.537109	-0.746062	-0.029054	0.032909	
1	0.554825	-0.732422	-0.029312	0.033265	
1	0.554825	-0.732422	-0.029312	0.033265	
1	0.585938	-0.707660	-0.029362	0.033338	
1	0.585938	-0.707660	-0.029362	0.033338	
1	0.613574	-0.683594	-0.029473	0.033478	
1	0.613574	-0.683594	-0.029473	0.033478	
1	0.634766	-0.664189	-0.029359	0.033362	
1	0.634766	-0.664189	-0.029359	0.033362	
1	0.664678	-0.634766	-0.029109	0.033124	
1	0.664678	-0.634766	-0.029109	0.033124	
1	0.683594	-0.614848	-0.028866	0.032904	
1	0.683594	-0.614848	-0.028866	0.032904	
1	0.709612	-0.585938	-0.028242	0.032376	
1	0.709612	-0.585938	-0.028242	0.032376	
1	0.732422	-0.558303	-0.027709	0.031960	
1	0.732422	-0.558303	-0.027709	0.031960	
1	0.749285	-0.537109	-0.026947	0.031403	
1	0.749285	-0.537109	-0.026947	0.031403	
1	0.781250	-0.492478	-0.025635	0.030530	
1	0.781250	-0.492478	-0.025635	0.030530	
1	0.784194	-0.488281	-0.025412	0.030391	
1	0.784194	-0.488281	-0.025412	0.030391	
1	0.815583	-0.439453	-0.023151	0.029094	
1	0.815583	-0.439453	-0.023151	0.029094	
1	0.830078	-0.413651	-0.022288	0.028651	
1	0.830078	-0.413651	-0.022288	0.028651	
1	0.843058	-0.390625	-0.020761	0.027919	
1	0.843058	-0.390625	-0.020761	0.027919	
1	0.867202	-0.341797	-0.018075	0.026789	
1	0.867202	-0.341797	-0.018075	0.026789	
1	0.878906	-0.314220	-0.016924	0.026359	
1	0.878906	-0.314220	-0.016924	0.026359	
1	0.888168	-0.292969	-0.015201	0.025767	
1	0.888168	-0.292969	-0.015201	0.025767	
1	0.906461	-0.244141	-0.011882	0.024795	
1	0.906461	-0.244141	-0.011882	0.024795	
1	0.921464	-0.195312	-0.008852	0.024085	
1	0.921464	-0.195312	-0.008852	0.024085	
1	0.927734	-0.170254	-0.007613	0.023839	
1	0.927734	-0.170254	-0.007613	0.023839	
1	0.934028	-0.146484	-0.005463	0.023472	
1	0.934028	-0.146484	-0.005463	0.023472	
1	0.944231	-0.097656	-0.001737	0.023004	
1	0.944231	-0.097656	-0.001737	0.023004	
1	0.951678	-0.048828	0.001851	0.022752	
1	0.951678	-0.048828	0.001851	0.022752	
1	0.956503	0.000000	0.005360	0.022688	
1	0.956503	0.000000	0.005360	0.022688	
1	0.958785	0.048828	0.008820	0.022801	
1	0.958785	0.048828	0.008820	0.022801	
1	0.958548	0.097656	0.012229	0.023086	
1	0.958548	0.097656	0.012229	0.023086	
1	0.955757	0.146484	0.015548	0.023534	
1	0.955757	0.146484	0.015548	0.023534	
1	0.950319	0.195312	0.018702	0.024124	
1	0.950319	0.195312	0.018702	0.024124	
1	0.942080	0.244141	0.021587	0.024816	
1	0.942080	0.244141	0.021587	0.024816	
1	0.930829	0.292969	0.024080	0.025543	
1	0.930829	0.292969	0.024080	0.025543	
1	0.927734	0.303696	0.024389	0.025642	
1	0.927734	0.303696	0.024389	0.025642	
1	0.917174	0.341797	0.026819	0.026493	
1	0.917174	0.341797	0.026819	0.026493	
1	0.900297	0.390625	0.029182	0.027464	
1	0.900297	0.390625	0.029182	0.027464	
1	0.879526	0.439453	0.030792	0.028225	
1	0.879526	0.439453	0.030792	0.028225	
1	0.878906	0.440733	0.030807	0.028233	
1	0.878906	0.440733	0.030807	0.028233	
1	0.855928	0.488281	0.032706	0.029257	
1	0.855928	0.488281	0.032706	0.029257	
1	0.830078	0.532918	0.033553	0.029778	
1	0.830078	0.532918	0.033553	0.029778	
1	0.827615	0.537109	0.033721	0.029886	
1	0.827615	0.537109	0.033721	0.029886	
1	0.795286	0.585938	0.034691	0.030563	
1	0.795286	0.585938	0.034691	0.030563	
1	0.781250	0.604625	0.034736	0.030600	
1	0.781250	0.604625	0.034736	0.030600	
1	0.757564	0.634766	0.035087	0.030886	
1	0.757564	0.634766	0.035087	0.030886	
1	0.732422	0.663473	0.035012	0.030825	
1	0.732422	0.663473	0.035012	0.030825	
1	0.713586	0.683594	0.034963	0.030782	
1	0.713586	0.683594	0.034963	0.030782	
1	0.683594	0.713028	0.034680	0.030505	
1	0.683594	0.713028	0.034680	0.030505	
1	0.661989	0.732422	0.034325	0.030127	
1	0.661989	0.732422	0.034325	0.030127	
1	0.634766	0.755383	0.033950	0.029702	
1	0.634766	0.755383	0.033950	0.029702	
1	0.600442	0.781250	0.033119	0.028672	
1	0.600442	0.781250	0.033119	0.028672	
1	0.585938	0.791739	0.032906	0.028392	
1	0.585938	0.791739	0.032906	0.028392	
1	0.537109	0.823124	0.031715	0.026690	
1	0.537109	0.823124	0.031715	0.026690	
1	0.524769	0.830078	0.031279	0.026012	
1	0.524769	0.830078	0.031279	0.026012	
1	0.488281	0.850412	0.030554	0.024819	
1	0.488281	0.850412	0.030554	0.024819	
1	0.439453	0.873407	0.029197	0.022320	
1	0.439453	0.873407	0.029197	0.022320	
1	0.425796	0.878906	0.028710	0.021333	
1	0.425796	0.878906	0.028710	0.021333	
1	0.390625	0.893312	0.028038	0.019881	
1	0.390625	0.893312	0.028038	0.019881	
1	0.341797	0.909853	0.026893	0.017111	
1	0.341797	0.909853	0.026893	0.017111	
1	0.292969	0.923016	0.025742	0.013826	
1	0.292969	0.923016	0.025742	0.013826	
1	0.270651	0.927734	0.025173	0.011952	
1	0.270651	0.927734	0.025173	0.011952	
1	0.244141	0.933641	0.024816	0.010655	
1	0.244141	0.933641	0.024816	0.010655	
1	0.195312	0.941729	0.024071	0.007537	
1	0.195312	0.941729	0.024071	0.007537	
1	0.146484	0.947062	0.023447	0.004211	
1	0.146484	0.947062	0.023447	0.004211	
1	0.097656	0.949784	0.022979	0.000773	
1	0.097656	0.949784	0.022979	0.000773	
1	0.048828	0.949982	0.022685	-0.002706	
1	0.048828	0.949982	0.022685	-0.002706	
1	0.000000	0.947687	0.022569	-0.006189	
1	0.000000	0.947687	0.022569	-0.006189	
1	-0.048828	0.942878	0.022634	-0.009669	
1	-0.048828	0.942878	0.022634	-0.009669	
1	-0.097656	0.935480	0.022890	-0.013174	
1	-0.097656	0.935480	0.022890	-0.013174	
1	-0.135266	0.927734	0.023257	-0.016118	
1	-0.135266	0.927734	0.023257	-0.016118	
1	-0.146484	0.925573	0.023324	-0.016552	
1	-0.146484	0.925573	0.023324	-0.016552	
1	-0.195312	0.913669	0.023809	-0.019234	
1	-0.195312	0.913669	0.023809	-0.019234	
1	-0.244141	0.898838	0.024457	-0.022011	
1	-0.244141	0.898838	0.024457	-0.022011	
1	-0.292969	0.880797	0.025340	-0.024988	
1	-0.292969	0.880797	0.025340	-0.024988	
1	-0.297451	0.878906	0.025455	-0.025330	
1	-0.297451	0.878906	0.025455	-0.025330	
1	-0.341797	0.860727	0.026042	-0.026956	
1	-0.341797	0.860727	0.026042	-0.026956	
1	-0.390625	0.837010	0.026971	-0.029156	
1	-0.390625	0.837010	0.026971	-0.029156	
1	-0.403332	0.830078	0.027307	-0.029862	
1	-0.403332	0.830078	0.027307	-0.029862	
1	-0.439453	0.810497	0.027707	-0.030657	
1	-0.439453	0.810497	0.027707	-0.030657	
1	-0.486153	0.781250	0.028588	-0.032197	
1	-0.486153	0.781250	0.028588	-0.032197	
1	-0.488281	0.779906	0.028595	-0.032207	
1	-0.488281	0.779906	0.028595	-0.032207	
1	-0.537109	0.746062	0.029054	-0.032909	
1	-0.537109	0.746062	0.029054	-0.032909	
1	-0.554825	0.732422	0.029312	-0.033265	
1	-0.554825	0.732422	0.029312	-0.033265	
1	-0.585938	0.707660	0.029362	-0.033338	
1	-0.585938	0.707660	0.029362	-0.033338	
1	-0.613574	0.683594	0.029473	-0.033478	
1	-0.613574	0.683594	0.029473	-0.033478	
1	-0.634766	0.664189	0.029359	-0.033362	
1	-0.634766	0.664189	0.029359	-0.033362	
1	-0.664678	0.634766	0.029109	-0.033124	
1	-0.664678	0.634766	0.029109	-0.033124	
1	-0.683594	0.614848	0.028866	-0.032904	
1	-0.683594	0.614848	0.028866	-0.032904	
1	-0.709612	0.585938	0.028242	-0.032376	
1	-0.709612	0.585938	0.028242	-0.032376	
1	-0.732422	0.558303	0.027709	-0.031960	
1	-0.732422	0.558303	0.027709	-0.031960	
1	-0.749285	0.537109	0.026947	-0.031403	
1	-0.749285	0.537109	0.026947	-0.031403	
1	-0.781250	0.492478	0.025635	-0.030530	
1	-0.781250	0.492478	0.025635	-0.030530	
1	-0.784194	0.488281	0.025412	-0.030391	
1	-0.784194	0.488281	0.025412	-0.030391	
1	-0.815583	0.439453	0.023151	-0.029094	
1	-0.815583	0.439453	0.023151	-0.029094	
1	-0.830078	0.413651	0.022288	-0.028651	
1	-0.830078	0.413651	0.022288	-0.028651	
1	-0.843058	0.390625	0.020761	-0.027919	
1	-0.843058	0.390625	0.020761	-0.027919	
1	-0.867202	0.341797	0.018075	-0.026789	
1	-0.867202	0.341797	0.018075	-0.026789	
1	-0.878906	0.314220	0.016924	-0.026359	
1	-0.878906	0.314220	0.016924	-0.026359	
1	-0.888168	0.292969	0.015201	-0.025767	
1	-0.888168	0.292969	0.015201	-0.025767	
1	-0.906461	0.244141	0.011882	-0.024795	
1	-0.906461	0.244141	0.011882	-0.024795	
1	-0.921464	0.195312	0.008852	-0.024085	
1	-0.921464	0.195312	0.008852	-0.024085	
1	-0.927734	0.170254	0.007613	-0.023839	
1	-0.927734	0.170254	0.007613	-0.023839	
1	-0.934028	0.146484	0.005463	-0.023472	
1	-0.934028	0.146484	0.005463	-0.023472	
1	-0.944231	0.097656	0.001737	-0.023004	
1	-0.944231	0.097656	0.001737	-0.023004	
1	-0.951678	0.048828	-0.001851	-0.022752	
1	-0.951678	0.048828	-0.001851	-0.022752	
1	-0.956503	0.000000	-0.005360	-0.022688	
1	-0.956503	0.000000	-0.005360	-0.022688	
1	-0.958785	-0.048828	-0.008820	-0.022801	
1	-0.958785	-0.048828	-0.008820	-0.022801	
1	-0.958548	-0.097656	-0.012229	-0.023086	
1	-0.958548	-0.097656	-0.012229	-0.023086	
1	-0.955757	-0.146484	-0.015548	-0.023534	
1	-0.955757	-0.146484	-0.015548	-0.023534	
1	-0.950319	-0.195312	-0.018702	-0.024124	
1	-0.950319	-0.195312	-0.018702	-0.024124	
1	-0.942080	-0.244141	-0.021587	-0.024816	
1	-0.942080	-0.244141	-0.021587	-0.024816	
1	-0.930829	-0.292969	-0.024080	-0.025543	
1	-0.930829	-0.292969	-0.024080	-0.025543	
1	-0.927734	-0.303696	-0.024389	-0.025642	
1	-0.927734	-0.303696	-0.024389	-0.025642	
1	-0.917174	-0.341797	-0.026819	-0.026493	
1	-0.917174	-0.341797	-0.026819	-0.026493	
1	-0.900297	-0.390625	-0.029182	-0.027464	
1	-0.900297	-0.390625	-0.029182	-0.027464	
1	-0.879526	-0.439453	-0.030792	-0.028225	
1	-0.879526	-0.439453	-0.030792	-0.028225	
1	-0.878906	-0.440733	-0.030807	-0.028233	
1	-0.878906	-0.440733	-0.030807	-0.028233	
1	-0.855928	-0.488281	-0.032706	-0.029257	
1	-0.855928	-0.488281	-0.032706	-0.029257	
1	-0.830078	-0.532918	-0.033553	-0.029778	
1	-0.830078	-0.532918	-0.033553	-0.029778	
1	-0.827615	-0.537109	-0.033721	-0.029886	
1	-0.827615	-0.537109	-0.033721	-0.029886	
1	-0.795286	-0.585938	-0.034691	-0.030563	
1	-0.795286	-0.585938	-0.034691	-0.030563	
1	-0.781250	-0.604625	-0.034736	-0.030600	
1	-0.781250	-0.604625	-0.034736	-0.030600	
1	-0.757564	-0.634766	-0.035087	-0.030886	
1	-0.757564	-0.634766	-0.035087	-0.030886	
1	-0.732422	-0.663473	-0.035012	-0.030825	
1	-0.732422	-0.663473	-0.035012	-0.030825	
1	-0.713586	-0.683594	-0.034963	-0.030782	
1	-0.713586	-0.683594	-0.034963	-0.030782	
1	-0.683594	-0.713028	-0.034680	-0.030505	
1	-0.683594	-0.713028	-0.034680	-0.030505	
1	-0.661989	-0.732422	-0.034325	-0.030127	
1	-0.661989	-0.732422	-0.034325	-0.030127	
1	-0.634766	-0.755383	-0.033950	-0.029702	
1	-0.634766	-0.755383	-0.033950	-0.029702	
1	-0.600442	-0.781250	-0.033119	-0.028672	
1	-0.600442	-0.781250	-0.033119	-0.028672	
1	-0.585938	-0.791739	-0.032906	-0.028392	
1	-0.585938	-0.791739	-0.032906	-0.028392	
1	-0.537109	-0.823124	-0.031715	-0.026690	
1	-0.537109	-0.823124	-0.031715	-0.026690	
1	-0.524769	-0.830078	-0.031279	-0.026012	
1	-0.524769	-0.830078	-0.031279	-0.026012	
1	-0.488281	-0.850412	-0.030554	-0.024819	
1	-0.488281	-0.850412	-0.030554	-0.024819	
1	-0.439453	-0.873407	-0.029197	-0.022320	
1	-0.439453	-0.873407	-0.029197	-0.022320	
1	-0.425796	-0.878906	-0.028710	-0.021333	
1	-0.425796	-0.878906	-0.028710	-0.021333	
1	-0.390625	-0.893312	-0.028038	-0.019881	
1	-0.390625	-0.893312	-0.028038	-0.019881	
1	-0.341797	-0.909853	-0.026893	-0.017111	
1	-0.341797	-0.909853	-0.026893	-0.017111	
1	-0.292969	-0.923016	-0.025742	-0.013826	
1	-0.292969	-0.923016	-0.025742	-0.013826	
1	-0.270651	-0.927734	-0.025173	-0.011952	
1	-0.270651	-0.927734	-0.025173	-0.011952	
1	-0.244141	-0.933641	-0.024816	-0.010655	
1	-0.244141	-0.933641	-0.024816	-0.010655	
1	-0.195312	-0.941729	-0.024071	-0.007537	
