#REFERENCE 3 28.1644670 -13.9684820
1	0.000000	-5.090468	0.084159	-3.263092	
1	-0.016505	-5.078125	0.080980	-3.251209	
1	-0.016505	-5.078125	0.080980	-3.251209	
1	-0.019531	-5.075865	0.080402	-3.249036	
1	-0.019531	-5.075865	0.080402	-3.249036	
1	0.000000	-5.090468	0.084159	-3.263092	
1	0.009939	-5.097656	0.086045	-3.270088	
1	0.009939	-5.097656	0.086045	-3.270088	
1	0.019531	-5.104605	0.087880	-3.276859	
1	0.019531	-5.104605	0.087880	-3.276859	
1	0.037507	-5.117188	0.091266	-3.289263	
1	0.037507	-5.117188	0.091266	-3.289263	
1	0.039062	-5.118279	0.091561	-3.290340	
1	0.039062	-5.118279	0.091561	-3.290340	
1	0.058594	-5.131484	0.095202	-3.303530	
1	0.058594	-5.131484	0.095202	-3.303530	
1	0.066627	-5.136719	0.096675	-3.308828	
1	0.066627	-5.136719	0.096675	-3.308828	
1	0.078125	-5.144228	0.098801	-3.316434	
1	0.078125	-5.144228	0.098801	-3.316434	
1	0.097238	-5.156250	0.102279	-3.328781	
1	0.097238	-5.156250	0.102279	-3.328781	
1	0.097656	-5.156514	0.102356	-3.329053	
1	0.097656	-5.156514	0.102356	-3.329053	
1	0.117188	-5.168333	0.105866	-3.341380	
1	0.117188	-5.168333	0.105866	-3.341380	
1	0.130004	-5.175781	0.108132	-3.349272	
1	0.130004	-5.175781	0.108132	-3.349272	
1	0.136719	-5.179695	0.109329	-3.353422	
1	0.136719	-5.179695	0.109329	-3.353422	
1	0.156250	-5.190594	0.112743	-3.365174	
1	0.156250	-5.190594	0.112743	-3.365174	
1	0.165096	-5.195312	0.114260	-3.370356	
1	0.165096	-5.195312	0.114260	-3.370356	
1	0.175781	-5.201031	0.116107	-3.376638	
1	0.175781	-5.201031	0.116107	-3.376638	
1	0.195312	-5.211006	0.119419	-3.387811	
1	0.195312	-5.211006	0.119419	-3.387811	
1	0.203212	-5.214844	0.120729	-3.392202	
1	0.203212	-5.214844	0.120729	-3.392202	
1	0.214844	-5.220516	0.122675	-3.398692	
1	0.214844	-5.220516	0.122675	-3.398692	
1	0.234375	-5.229560	0.125876	-3.409281	
1	0.234375	-5.229560	0.125876	-3.409281	
1	0.245362	-5.234375	0.127636	-3.415061	
1	0.245362	-5.234375	0.127636	-3.415061	
1	0.253906	-5.238135	0.129017	-3.419575	
1	0.253906	-5.238135	0.129017	-3.419575	
1	0.273438	-5.246237	0.132097	-3.429570	
1	0.273438	-5.246237	0.132097	-3.429570	
1	0.292969	-5.253870	0.135115	-3.439269	
1	0.292969	-5.253870	0.135115	-3.439269	
1	0.293069	-5.253906	0.135130	-3.439317	
1	0.293069	-5.253906	0.135130	-3.439317	
1	0.312500	-5.261016	0.138064	-3.448660	
1	0.312500	-5.261016	0.138064	-3.448660	
1	0.332031	-5.267683	0.140946	-3.457750	
1	0.332031	-5.267683	0.140946	-3.457750	
1	0.350216	-5.273438	0.143562	-3.465924	
1	0.350216	-5.273438	0.143562	-3.465924	
1	0.351562	-5.273866	0.143757	-3.466532	
1	0.351562	-5.273866	0.143757	-3.466532	
1	0.371094	-5.279548	0.146492	-3.474997	
1	0.371094	-5.279548	0.146492	-3.474997	
1	0.390625	-5.284733	0.149150	-3.483148	
1	0.390625	-5.284733	0.149150	-3.483148	
1	0.410156	-5.289416	0.151727	-3.490979	
1	0.410156	-5.289416	0.151727	-3.490979	
1	0.426815	-5.292969	0.153850	-3.497377	
1	0.426815	-5.292969	0.153850	-3.497377	
1	0.429688	-5.293585	0.154220	-3.498485	
1	0.429688	-5.293585	0.154220	-3.498485	
1	0.449219	-5.297227	0.156623	-3.505656	
1	0.449219	-5.297227	0.156623	-3.505656	
1	0.468750	-5.300340	0.158934	-3.512490	
1	0.468750	-5.300340	0.158934	-3.512490	
1	0.488281	-5.302914	0.161150	-3.518982	
1	0.488281	-5.302914	0.161150	-3.518982	
1	0.507812	-5.304939	0.163265	-3.525123	
1	0.507812	-5.304939	0.163265	-3.525123	
1	0.527344	-5.306401	0.165274	-3.530907	
1	0.527344	-5.306401	0.165274	-3.530907	
1	0.546875	-5.307288	0.167173	-3.536325	
1	0.546875	-5.307288	0.167173	-3.536325	
1	0.566406	-5.307587	0.168957	-3.541367	
1	0.566406	-5.307587	0.168957	-3.541367	
1	0.585938	-5.307282	0.170618	-3.546025	
1	0.585938	-5.307282	0.170618	-3.546025	
1	0.605469	-5.306357	0.172153	-3.550288	
1	0.605469	-5.306357	0.172153	-3.550288	
1	0.625000	-5.304795	0.173553	-3.554144	
1	0.625000	-5.304795	0.173553	-3.554144	
1	0.644531	-5.302578	0.174812	-3.557582	
1	0.644531	-5.302578	0.174812	-3.557582	
1	0.664062	-5.299685	0.175924	-3.560590	
1	0.664062	-5.299685	0.175924	-3.560590	
1	0.683594	-5.296095	0.176879	-3.563153	
1	0.683594	-5.296095	0.176879	-3.563153	
1	0.697811	-5.292969	0.177455	-3.564688	
1	0.697811	-5.292969	0.177455	-3.564688	
1	0.703125	-5.291781	0.177669	-3.565255	
1	0.703125	-5.291781	0.177669	-3.565255	
1	0.722656	-5.286708	0.178282	-3.566871	
1	0.722656	-5.286708	0.178282	-3.566871	
1	0.742188	-5.280859	0.178711	-3.567994	
1	0.742188	-5.280859	0.178711	-3.567994	
1	0.761719	-5.274208	0.178947	-3.568605	
1	0.761719	-5.274208	0.178947	-3.568605	
1	0.763754	-5.273438	0.178952	-3.568618	
1	0.763754	-5.273438	0.178952	-3.568618	
1	0.781250	-5.266693	0.178970	-3.568665	
1	0.781250	-5.266693	0.178970	-3.568665	
1	0.800781	-5.258301	0.178774	-3.568167	
1	0.800781	-5.258301	0.178774	-3.568167	
1	0.810083	-5.253906	0.178579	-3.567672	
1	0.810083	-5.253906	0.178579	-3.567672	
1	0.820312	-5.248978	0.178342	-3.567076	
1	0.820312	-5.248978	0.178342	-3.567076	
1	0.839844	-5.238680	0.177658	-3.565364	
1	0.839844	-5.238680	0.177658	-3.565364	
1	0.847360	-5.234375	0.177305	-3.564485	
1	0.847360	-5.234375	0.177305	-3.564485	
1	0.859375	-5.227350	0.176704	-3.562996	
1	0.859375	-5.227350	0.176704	-3.562996	
1	0.878906	-5.214948	0.175465	-3.559947	
1	0.878906	-5.214948	0.175465	-3.559947	
1	0.879059	-5.214844	0.175453	-3.559919	
1	0.879059	-5.214844	0.175453	-3.559919	
1	0.898438	-5.201371	0.173908	-3.556151	
1	0.898438	-5.201371	0.173908	-3.556151	
1	0.906545	-5.195312	0.173146	-3.554304	
1	0.906545	-5.195312	0.173146	-3.554304	
1	0.917969	-5.186580	0.172019	-3.551585	
1	0.917969	-5.186580	0.172019	-3.551585	
1	0.931176	-5.175781	0.170521	-3.547989	
1	0.931176	-5.175781	0.170521	-3.547989	
1	0.937500	-5.170487	0.169770	-3.546193	
1	0.937500	-5.170487	0.169770	-3.546193	
1	0.953471	-5.156250	0.167628	-3.541100	
1	0.953471	-5.156250	0.167628	-3.541100	
1	0.957031	-5.152998	0.167128	-3.539917	
1	0.957031	-5.152998	0.167128	-3.539917	
1	0.973831	-5.136719	0.164505	-3.533735	
1	0.973831	-5.136719	0.164505	-3.533735	
1	0.976562	-5.134003	0.164059	-3.532688	
1	0.976562	-5.134003	0.164059	-3.532688	
1	0.992567	-5.117188	0.161184	-3.525972	
1	0.992567	-5.117188	0.161184	-3.525972	
1	0.996094	-5.113382	0.160521	-3.524431	
1	0.996094	-5.113382	0.160521	-3.524431	
1	1.009927	-5.097656	0.157690	-3.517872	
1	1.009927	-5.097656	0.157690	-3.517872	
1	1.015625	-5.090998	0.156470	-3.515060	
1	1.015625	-5.090998	0.156470	-3.515060	
1	1.026110	-5.078125	0.154044	-3.509487	
1	1.026110	-5.078125	0.154044	-3.509487	
1	1.035156	-5.066696	0.151856	-3.504481	
1	1.035156	-5.066696	0.151856	-3.504481	
1	1.041276	-5.058594	0.150265	-3.500856	
1	1.041276	-5.058594	0.150265	-3.500856	
1	1.054688	-5.040303	0.146619	-3.492585	
1	1.054688	-5.040303	0.146619	-3.492585	
1	1.055558	-5.039062	0.146366	-3.492013	
1	1.055558	-5.039062	0.146366	-3.492013	
1	1.068923	-5.019531	0.142342	-3.482945	
1	1.068923	-5.019531	0.142342	-3.482945	
1	1.074219	-5.011554	0.140675	-3.479206	
1	1.074219	-5.011554	0.140675	-3.479206	
1	1.081576	-5.000000	0.138217	-3.473709	
1	1.081576	-5.000000	0.138217	-3.473709	
1	1.093617	-4.980469	0.134004	-3.464330	
1	1.093617	-4.980469	0.134004	-3.464330	
1	1.093750	-4.980248	0.133956	-3.464223	
1	1.093750	-4.980248	0.133956	-3.464223	
1	1.104927	-4.960938	0.129685	-3.454771	
1	1.104927	-4.960938	0.129685	-3.454771	
1	1.113281	-4.946000	0.126336	-3.447395	
1	1.113281	-4.946000	0.126336	-3.447395	
1	1.115756	-4.941406	0.125293	-3.445103	
1	1.115756	-4.941406	0.125293	-3.445103	
1	1.126004	-4.921875	0.120814	-3.435295	
1	1.126004	-4.921875	0.120814	-3.435295	
1	1.132812	-4.908466	0.117703	-3.428512	
1	1.132812	-4.908466	0.117703	-3.428512	
1	1.135813	-4.902344	0.116267	-3.425388	
1	1.135813	-4.902344	0.116267	-3.425388	
1	1.145128	-4.882812	0.111643	-3.415362	
1	1.145128	-4.882812	0.111643	-3.415362	
1	1.152344	-4.867159	0.107896	-3.407273	
1	1.152344	-4.867159	0.107896	-3.407273	
1	1.154073	-4.863281	0.106959	-3.405254	
1	1.154073	-4.863281	0.106959	-3.405254	
1	1.162560	-4.843750	0.102203	-3.395036	
1	1.162560	-4.843750	0.102203	-3.395036	
1	1.170746	-4.824219	0.097396	-3.384754	
1	1.170746	-4.824219	0.097396	-3.384754	
1	1.171875	-4.821455	0.096711	-3.383293	
1	1.171875	-4.821455	0.096711	-3.383293	
1	1.178516	-4.804688	0.092521	-3.374373	
1	1.178516	-4.804688	0.092521	-3.374373	
1	1.185992	-4.785156	0.087596	-3.363927	
1	1.185992	-4.785156	0.087596	-3.363927	
1	1.191406	-4.770541	0.083879	-3.356072	
1	1.191406	-4.770541	0.083879	-3.356072	
1	1.193174	-4.765625	0.082621	-3.353417	
1	1.193174	-4.765625	0.082621	-3.353417	
1	1.200015	-4.746094	0.077587	-3.342826	
1	1.200015	-4.746094	0.077587	-3.342826	
1	1.206615	-4.726562	0.072511	-3.332185	
1	1.206615	-4.726562	0.072511	-3.332185	
1	1.210938	-4.713358	0.069054	-3.324961	
1	1.210938	-4.713358	0.069054	-3.324961	
1	1.212952	-4.707031	0.067388	-3.321486	
1	1.212952	-4.707031	0.067388	-3.321486	
1	1.219001	-4.687500	0.062215	-3.310720	
1	1.219001	-4.687500	0.062215	-3.310720	
1	1.224838	-4.667969	0.057003	-3.299911	
1	1.224838	-4.667969	0.057003	-3.299911	
1	1.230469	-4.648441	0.051753	-3.289062	
1	1.230469	-4.648441	0.051753	-3.289062	
1	1.230470	-4.648438	0.051752	-3.289060	
1	1.230470	-4.648438	0.051752	-3.289060	
1	1.235824	-4.628906	0.046452	-3.278144	
1	1.235824	-4.628906	0.046452	-3.278144	
1	1.240991	-4.609375	0.041116	-3.267190	
1	1.240991	-4.609375	0.041116	-3.267190	
1	1.245976	-4.589844	0.035745	-3.256199	
1	1.245976	-4.589844	0.035745	-3.256199	
1	1.250000	-4.573523	0.031230	-3.246986	
1	1.250000	-4.573523	0.031230	-3.246986	
1	1.250773	-4.570312	0.030339	-3.245170	
1	1.250773	-4.570312	0.030339	-3.245170	
1	1.255348	-4.550781	0.024891	-3.234090	
1	1.255348	-4.550781	0.024891	-3.234090	
1	1.259761	-4.531250	0.019411	-3.222979	
1	1.259761	-4.531250	0.019411	-3.222979	
1	1.264016	-4.511719	0.013900	-3.211837	
1	1.264016	-4.511719	0.013900	-3.211837	
1	1.268117	-4.492188	0.008357	-3.200664	
1	1.268117	-4.492188	0.008357	-3.200664	
1	1.269531	-4.485241	0.006378	-3.196681	
1	1.269531	-4.485241	0.006378	-3.196681	
1	1.272039	-4.472656	0.002780	-3.189454	
1	1.272039	-4.472656	0.002780	-3.189454	
1	1.275802	-4.453125	-0.002828	-3.178211	
1	1.275802	-4.453125	-0.002828	-3.178211	
1	1.279427	-4.433594	-0.008465	-3.166942	
1	1.279427	-4.433594	-0.008465	-3.166942	
1	1.282919	-4.414062	-0.014130	-3.155648	
1	1.282919	-4.414062	-0.014130	-3.155648	
1	1.286280	-4.394531	-0.019822	-3.144329	
1	1.286280	-4.394531	-0.019822	-3.144329	
1	1.289062	-4.377754	-0.024733	-3.134587	
1	1.289062	-4.377754	-0.024733	-3.134587	
1	1.289510	-4.375000	-0.025541	-3.132986	
1	1.289510	-4.375000	-0.025541	-3.132986	
1	1.292590	-4.355469	-0.031291	-3.121611	
1	1.292590	-4.355469	-0.031291	-3.121611	
1	1.295552	-4.335938	-0.037066	-3.110215	
1	1.295552	-4.335938	-0.037066	-3.110215	
1	1.298400	-4.316406	-0.042865	-3.098799	
1	1.298400	-4.316406	-0.042865	-3.098799	
1	1.301137	-4.296875	-0.048688	-3.087363	
1	1.301137	-4.296875	-0.048688	-3.087363	
1	1.303766	-4.277344	-0.054535	-3.075909	
1	1.303766	-4.277344	-0.054535	-3.075909	
1	1.306290	-4.257812	-0.060406	-3.064436	
1	1.306290	-4.257812	-0.060406	-3.064436	
1	1.308594	-4.239239	-0.066009	-3.053509	
1	1.308594	-4.239239	-0.066009	-3.053509	
1	1.308710	-4.238281	-0.066298	-3.052945	
1	1.308710	-4.238281	-0.066298	-3.052945	
1	1.311012	-4.218750	-0.072217	-3.041432	
1	1.311012	-4.218750	-0.072217	-3.041432	
1	1.313218	-4.199219	-0.078157	-3.029902	
1	1.313218	-4.199219	-0.078157	-3.029902	
1	1.315332	-4.179688	-0.084118	-3.018358	
1	1.315332	-4.179688	-0.084118	-3.018358	
1	1.317355	-4.160156	-0.090099	-3.006799	
1	1.317355	-4.160156	-0.090099	-3.006799	
1	1.319290	-4.140625	-0.096101	-2.995226	
1	1.319290	-4.140625	-0.096101	-2.995226	
1	1.321140	-4.121094	-0.102123	-2.983640	
1	1.321140	-4.121094	-0.102123	-2.983640	
1	1.322906	-4.101562	-0.108164	-2.972042	
1	1.322906	-4.101562	-0.108164	-2.972042	
1	1.324591	-4.082031	-0.114225	-2.960431	
1	1.324591	-4.082031	-0.114225	-2.960431	
1	1.326197	-4.062500	-0.120304	-2.948808	
1	1.326197	-4.062500	-0.120304	-2.948808	
1	1.327726	-4.042969	-0.126401	-2.937175	
1	1.327726	-4.042969	-0.126401	-2.937175	
1	1.328125	-4.037644	-0.128068	-2.934000	
1	1.328125	-4.037644	-0.128068	-2.934000	
1	1.329173	-4.023438	-0.132518	-2.925528	
1	1.329173	-4.023438	-0.132518	-2.925528	
1	1.330545	-4.003906	-0.138653	-2.913871	
1	1.330545	-4.003906	-0.138653	-2.913871	
1	1.331847	-3.984375	-0.144805	-2.902205	
1	1.331847	-3.984375	-0.144805	-2.902205	
1	1.333081	-3.964844	-0.150975	-2.890529	
1	1.333081	-3.964844	-0.150975	-2.890529	
1	1.334248	-3.945312	-0.157161	-2.878845	
1	1.334248	-3.945312	-0.157161	-2.878845	
1	1.335350	-3.925781	-0.163363	-2.867154	
1	1.335350	-3.925781	-0.163363	-2.867154	
1	1.336389	-3.906250	-0.169582	-2.855454	
1	1.336389	-3.906250	-0.169582	-2.855454	
1	1.337366	-3.886719	-0.175816	-2.843748	
1	1.337366	-3.886719	-0.175816	-2.843748	
1	1.338283	-3.867188	-0.182066	-2.832035	
1	1.338283	-3.867188	-0.182066	-2.832035	
1	1.339142	-3.847656	-0.188331	-2.820316	
1	1.339142	-3.847656	-0.188331	-2.820316	
1	1.339944	-3.828125	-0.194611	-2.808591	
1	1.339944	-3.828125	-0.194611	-2.808591	
1	1.340690	-3.808594	-0.200907	-2.796860	
1	1.340690	-3.808594	-0.200907	-2.796860	
1	1.341382	-3.789062	-0.207217	-2.785125	
1	1.341382	-3.789062	-0.207217	-2.785125	
1	1.342021	-3.769531	-0.213541	-2.773385	
1	1.342021	-3.769531	-0.213541	-2.773385	
1	1.342609	-3.750000	-0.219879	-2.761640	
1	1.342609	-3.750000	-0.219879	-2.761640	
1	1.343147	-3.730469	-0.226232	-2.749892	
1	1.343147	-3.730469	-0.226232	-2.749892	
1	1.343637	-3.710938	-0.232598	-2.738140	
1	1.343637	-3.710938	-0.232598	-2.738140	
1	1.344079	-3.691406	-0.238978	-2.726384	
1	1.344079	-3.691406	-0.238978	-2.726384	
1	1.344474	-3.671875	-0.245371	-2.714626	
1	1.344474	-3.671875	-0.245371	-2.714626	
1	1.344824	-3.652344	-0.251778	-2.702866	
1	1.344824	-3.652344	-0.251778	-2.702866	
1	1.345131	-3.632812	-0.258197	-2.691103	
1	1.345131	-3.632812	-0.258197	-2.691103	
1	1.345394	-3.613281	-0.264630	-2.679338	
1	1.345394	-3.613281	-0.264630	-2.679338	
1	1.345616	-3.593750	-0.271075	-2.667572	
1	1.345616	-3.593750	-0.271075	-2.667572	
1	1.345797	-3.574219	-0.277532	-2.655805	
1	1.345797	-3.574219	-0.277532	-2.655805	
1	1.345938	-3.554688	-0.284003	-2.644037	
1	1.345938	-3.554688	-0.284003	-2.644037	
1	1.346041	-3.535156	-0.290485	-2.632268	
1	1.346041	-3.535156	-0.290485	-2.632268	
1	1.346106	-3.515625	-0.296980	-2.620499	
1	1.346106	-3.515625	-0.296980	-2.620499	
1	1.346134	-3.496094	-0.303487	-2.608730	
1	1.346134	-3.496094	-0.303487	-2.608730	
1	1.346126	-3.476562	-0.310005	-2.596962	
1	1.346126	-3.476562	-0.310005	-2.596962	
1	1.346083	-3.457031	-0.316536	-2.585194	
1	1.346083	-3.457031	-0.316536	-2.585194	
1	1.346006	-3.437500	-0.323078	-2.573427	
1	1.346006	-3.437500	-0.323078	-2.573427	
1	1.345896	-3.417969	-0.329632	-2.561661	
1	1.345896	-3.417969	-0.329632	-2.561661	
1	1.345754	-3.398438	-0.336197	-2.549897	
1	1.345754	-3.398438	-0.336197	-2.549897	
1	1.345580	-3.378906	-0.342774	-2.538134	
1	1.345580	-3.378906	-0.342774	-2.538134	
1	1.345375	-3.359375	-0.349362	-2.526374	
1	1.345375	-3.359375	-0.349362	-2.526374	
1	1.345140	-3.339844	-0.355961	-2.514616	
1	1.345140	-3.339844	-0.355961	-2.514616	
1	1.344875	-3.320312	-0.362572	-2.502861	
1	1.344875	-3.320312	-0.362572	-2.502861	
1	1.344582	-3.300781	-0.369194	-2.491109	
1	1.344582	-3.300781	-0.369194	-2.491109	
1	1.344261	-3.281250	-0.375827	-2.479360	
1	1.344261	-3.281250	-0.375827	-2.479360	
1	1.343912	-3.261719	-0.382471	-2.467614	
1	1.343912	-3.261719	-0.382471	-2.467614	
1	1.343537	-3.242188	-0.389125	-2.455872	
1	1.343537	-3.242188	-0.389125	-2.455872	
1	1.343136	-3.222656	-0.395791	-2.444135	
1	1.343136	-3.222656	-0.395791	-2.444135	
1	1.342709	-3.203125	-0.402468	-2.432401	
1	1.342709	-3.203125	-0.402468	-2.432401	
1	1.342257	-3.183594	-0.409156	-2.420672	
1	1.342257	-3.183594	-0.409156	-2.420672	
1	1.341781	-3.164062	-0.415854	-2.408948	
1	1.341781	-3.164062	-0.415854	-2.408948	
1	1.341281	-3.144531	-0.422564	-2.397229	
1	1.341281	-3.144531	-0.422564	-2.397229	
1	1.340758	-3.125000	-0.429284	-2.385515	
1	1.340758	-3.125000	-0.429284	-2.385515	
1	1.340212	-3.105469	-0.436015	-2.373807	
1	1.340212	-3.105469	-0.436015	-2.373807	
1	1.339644	-3.085938	-0.442757	-2.362105	
1	1.339644	-3.085938	-0.442757	-2.362105	
1	1.339054	-3.066406	-0.449509	-2.350409	
1	1.339054	-3.066406	-0.449509	-2.350409	
1	1.338442	-3.046875	-0.456273	-2.338719	
1	1.338442	-3.046875	-0.456273	-2.338719	
1	1.337810	-3.027344	-0.463047	-2.327036	
1	1.337810	-3.027344	-0.463047	-2.327036	
1	1.337157	-3.007812	-0.469832	-2.315360	
1	1.337157	-3.007812	-0.469832	-2.315360	
1	1.336484	-2.988281	-0.476628	-2.303691	
1	1.336484	-2.988281	-0.476628	-2.303691	
1	1.335791	-2.968750	-0.483436	-2.292029	
1	1.335791	-2.968750	-0.483436	-2.292029	
1	1.335078	-2.949219	-0.490254	-2.280375	
1	1.335078	-2.949219	-0.490254	-2.280375	
1	1.334347	-2.929688	-0.497083	-2.268729	
1	1.334347	-2.929688	-0.497083	-2.268729	
1	1.333596	-2.910156	-0.503923	-2.257092	
1	1.333596	-2.910156	-0.503923	-2.257092	
1	1.332827	-2.890625	-0.510774	-2.245463	
1	1.332827	-2.890625	-0.510774	-2.245463	
1	1.332040	-2.871094	-0.517636	-2.233842	
1	1.332040	-2.871094	-0.517636	-2.233842	
1	1.331235	-2.851562	-0.524510	-2.222231	
1	1.331235	-2.851562	-0.524510	-2.222231	
1	1.330413	-2.832031	-0.531395	-2.210629	
1	1.330413	-2.832031	-0.531395	-2.210629	
1	1.329572	-2.812500	-0.538291	-2.199037	
1	1.329572	-2.812500	-0.538291	-2.199037	
1	1.328715	-2.792969	-0.545198	-2.187455	
1	1.328715	-2.792969	-0.545198	-2.187455	
1	1.328125	-2.779818	-0.549857	-2.179660	
1	1.328125	-2.779818	-0.549857	-2.179660	
1	1.327841	-2.773438	-0.552117	-2.175883	
1	1.327841	-2.773438	-0.552117	-2.175883	
1	1.326953	-2.753906	-0.559047	-2.164322	
1	1.326953	-2.753906	-0.559047	-2.164322	
1	1.326048	-2.734375	-0.565989	-2.152772	
1	1.326048	-2.734375	-0.565989	-2.152772	
1	1.325127	-2.714844	-0.572942	-2.141233	
1	1.325127	-2.714844	-0.572942	-2.141233	
1	1.324190	-2.695312	-0.579908	-2.129705	
1	1.324190	-2.695312	-0.579908	-2.129705	
1	1.323237	-2.675781	-0.586885	-2.118189	
1	1.323237	-2.675781	-0.586885	-2.118189	
1	1.322269	-2.656250	-0.593874	-2.106686	
1	1.322269	-2.656250	-0.593874	-2.106686	
1	1.321284	-2.636719	-0.600875	-2.095194	
1	1.321284	-2.636719	-0.600875	-2.095194	
1	1.320285	-2.617188	-0.607889	-2.083715	
1	1.320285	-2.617188	-0.607889	-2.083715	
1	1.319269	-2.597656	-0.614914	-2.072249	
1	1.319269	-2.597656	-0.614914	-2.072249	
1	1.318238	-2.578125	-0.621953	-2.060797	
1	1.318238	-2.578125	-0.621953	-2.060797	
1	1.317192	-2.558594	-0.629004	-2.049358	
1	1.317192	-2.558594	-0.629004	-2.049358	
1	1.316130	-2.539062	-0.636067	-2.037932	
1	1.316130	-2.539062	-0.636067	-2.037932	
1	1.315052	-2.519531	-0.643144	-2.026521	
1	1.315052	-2.519531	-0.643144	-2.026521	
1	1.313960	-2.500000	-0.650233	-2.015125	
1	1.313960	-2.500000	-0.650233	-2.015125	
1	1.312851	-2.480469	-0.657336	-2.003743	
1	1.312851	-2.480469	-0.657336	-2.003743	
1	1.311727	-2.460938	-0.664452	-1.992377	
1	1.311727	-2.460938	-0.664452	-1.992377	
1	1.310588	-2.441406	-0.671582	-1.981026	
1	1.310588	-2.441406	-0.671582	-1.981026	
1	1.309433	-2.421875	-0.678725	-1.969691	
1	1.309433	-2.421875	-0.678725	-1.969691	
1	1.308594	-2.407903	-0.683844	-1.961591	
1	1.308594	-2.407903	-0.683844	-1.961591	
1	1.308264	-2.402344	-0.685882	-1.958373	
1	1.308264	-2.402344	-0.685882	-1.958373	
1	1.307084	-2.382812	-0.693051	-1.947073	
1	1.307084	-2.382812	-0.693051	-1.947073	
1	1.305889	-2.363281	-0.700234	-1.935791	
1	1.305889	-2.363281	-0.700234	-1.935791	
1	1.304679	-2.343750	-0.707432	-1.924526	
1	1.304679	-2.343750	-0.707432	-1.924526	
1	1.303452	-2.324219	-0.714644	-1.913279	
1	1.303452	-2.324219	-0.714644	-1.913279	
1	1.302210	-2.304688	-0.721870	-1.902051	
1	1.302210	-2.304688	-0.721870	-1.902051	
1	1.300951	-2.285156	-0.729111	-1.890841	
1	1.300951	-2.285156	-0.729111	-1.890841	
1	1.299676	-2.265625	-0.736367	-1.879650	
1	1.299676	-2.265625	-0.736367	-1.879650	
1	1.298385	-2.246094	-0.743638	-1.868479	
1	1.298385	-2.246094	-0.743638	-1.868479	
1	1.297076	-2.226562	-0.750925	-1.857328	
1	1.297076	-2.226562	-0.750925	-1.857328	
1	1.295751	-2.207031	-0.758227	-1.846197	
1	1.295751	-2.207031	-0.758227	-1.846197	
1	1.294408	-2.187500	-0.765545	-1.835087	
1	1.294408	-2.187500	-0.765545	-1.835087	
1	1.293047	-2.167969	-0.772879	-1.823998	
1	1.293047	-2.167969	-0.772879	-1.823998	
1	1.291669	-2.148438	-0.780228	-1.812930	
1	1.291669	-2.148438	-0.780228	-1.812930	
1	1.290272	-2.128906	-0.787595	-1.801885	
1	1.290272	-2.128906	-0.787595	-1.801885	
1	1.289062	-2.112236	-0.793896	-1.792475	
1	1.289062	-2.112236	-0.793896	-1.792475	
1	1.288858	-2.109375	-0.794977	-1.790863	
1	1.288858	-2.109375	-0.794977	-1.790863	
1	1.287436	-2.089844	-0.802374	-1.779869	
1	1.287436	-2.089844	-0.802374	-1.779869	
1	1.285995	-2.070312	-0.809787	-1.768897	
1	1.285995	-2.070312	-0.809787	-1.768897	
1	1.284536	-2.050781	-0.817217	-1.757951	
1	1.284536	-2.050781	-0.817217	-1.757951	
1	1.283057	-2.031250	-0.824665	-1.747029	
1	1.283057	-2.031250	-0.824665	-1.747029	
1	1.281558	-2.011719	-0.832130	-1.736132	
1	1.281558	-2.011719	-0.832130	-1.736132	
1	1.280038	-1.992188	-0.839613	-1.725261	
1	1.280038	-1.992188	-0.839613	-1.725261	
1	1.278498	-1.972656	-0.847114	-1.714417	
1	1.278498	-1.972656	-0.847114	-1.714417	
1	1.276936	-1.953125	-0.854633	-1.703599	
1	1.276936	-1.953125	-0.854633	-1.703599	
1	1.275352	-1.933594	-0.862171	-1.692809	
1	1.275352	-1.933594	-0.862171	-1.692809	
1	1.273746	-1.914062	-0.869727	-1.682047	
1	1.273746	-1.914062	-0.869727	-1.682047	
1	1.272117	-1.894531	-0.877302	-1.671313	
1	1.272117	-1.894531	-0.877302	-1.671313	
1	1.270465	-1.875000	-0.884897	-1.660608	
1	1.270465	-1.875000	-0.884897	-1.660608	
1	1.269531	-1.864152	-0.889124	-1.654674	
1	1.269531	-1.864152	-0.889124	-1.654674	
1	1.268796	-1.855469	-0.892508	-1.649937	
1	1.268796	-1.855469	-0.892508	-1.649937	
1	1.267114	-1.835938	-0.900137	-1.639300	
1	1.267114	-1.835938	-0.900137	-1.639300	
1	1.265408	-1.816406	-0.907785	-1.628694	
1	1.265408	-1.816406	-0.907785	-1.628694	
1	1.263676	-1.796875	-0.915453	-1.618120	
1	1.263676	-1.796875	-0.915453	-1.618120	
1	1.261919	-1.777344	-0.923141	-1.607579	
1	1.261919	-1.777344	-0.923141	-1.607579	
1	1.260135	-1.757812	-0.930850	-1.597071	
1	1.260135	-1.757812	-0.930850	-1.597071	
1	1.258323	-1.738281	-0.938579	-1.586597	
1	1.258323	-1.738281	-0.938579	-1.586597	
1	1.256484	-1.718750	-0.946329	-1.576157	
1	1.256484	-1.718750	-0.946329	-1.576157	
1	1.254616	-1.699219	-0.954101	-1.565753	
1	1.254616	-1.699219	-0.954101	-1.565753	
1	1.252719	-1.679688	-0.961894	-1.555385	
1	1.252719	-1.679688	-0.961894	-1.555385	
1	1.250791	-1.660156	-0.969709	-1.545054	
1	1.250791	-1.660156	-0.969709	-1.545054	
1	1.250000	-1.652295	-0.972862	-1.540904	
1	1.250000	-1.652295	-0.972862	-1.540904	
1	1.248847	-1.640625	-0.977541	-1.534766	
1	1.248847	-1.640625	-0.977541	-1.534766	
1	1.246883	-1.621094	-0.985392	-1.524520	
1	1.246883	-1.621094	-0.985392	-1.524520	
1	1.244887	-1.601562	-0.993265	-1.514314	
1	1.244887	-1.601562	-0.993265	-1.514314	
1	1.242858	-1.582031	-1.001161	-1.504149	
1	1.242858	-1.582031	-1.001161	-1.504149	
1	1.240795	-1.562500	-1.009079	-1.494024	
1	1.240795	-1.562500	-1.009079	-1.494024	
1	1.238697	-1.542969	-1.017020	-1.483942	
1	1.238697	-1.542969	-1.017020	-1.483942	
1	1.236564	-1.523438	-1.024985	-1.473902	
1	1.236564	-1.523438	-1.024985	-1.473902	
1	1.234393	-1.503906	-1.032973	-1.463906	
1	1.234393	-1.503906	-1.032973	-1.463906	
1	1.232185	-1.484375	-1.040984	-1.453954	
1	1.232185	-1.484375	-1.040984	-1.453954	
1	1.230469	-1.469473	-1.047114	-1.446389	
1	1.230469	-1.469473	-1.047114	-1.446389	
1	1.229946	-1.464844	-1.049017	-1.444050	
1	1.229946	-1.464844	-1.049017	-1.444050	
1	1.227693	-1.445312	-1.057065	-1.434203	
1	1.227693	-1.445312	-1.057065	-1.434203	
1	1.225401	-1.425781	-1.065138	-1.424404	
1	1.225401	-1.425781	-1.065138	-1.424404	
1	1.223068	-1.406250	-1.073234	-1.414653	
1	1.223068	-1.406250	-1.073234	-1.414653	
1	1.220692	-1.386719	-1.081355	-1.404953	
1	1.220692	-1.386719	-1.081355	-1.404953	
1	1.218272	-1.367188	-1.089501	-1.395302	
1	1.218272	-1.367188	-1.089501	-1.395302	
1	1.215806	-1.347656	-1.097671	-1.385704	
1	1.215806	-1.347656	-1.097671	-1.385704	
1	1.213295	-1.328125	-1.105867	-1.376158	
1	1.213295	-1.328125	-1.105867	-1.376158	
1	1.210938	-1.310143	-1.113435	-1.367415	
1	1.210938	-1.310143	-1.113435	-1.367415	
1	1.210738	-1.308594	-1.114086	-1.366666	
1	1.210738	-1.308594	-1.114086	-1.366666	
1	1.208174	-1.289062	-1.122318	-1.357246	
1	1.208174	-1.289062	-1.122318	-1.357246	
1	1.205561	-1.269531	-1.130574	-1.347882	
1	1.205561	-1.269531	-1.130574	-1.347882	
1	1.202896	-1.250000	-1.138856	-1.338575	
1	1.202896	-1.250000	-1.138856	-1.338575	
1	1.200180	-1.230469	-1.147163	-1.329327	
1	1.200180	-1.230469	-1.147163	-1.329327	
1	1.197409	-1.210938	-1.155496	-1.320140	
1	1.197409	-1.210938	-1.155496	-1.320140	
1	1.194583	-1.191406	-1.163854	-1.311013	
1	1.194583	-1.191406	-1.163854	-1.311013	
1	1.191699	-1.171875	-1.172239	-1.301948	
1	1.191699	-1.171875	-1.172239	-1.301948	
1	1.191406	-1.169937	-1.173073	-1.301051	
1	1.191406	-1.169937	-1.173073	-1.301051	
1	1.188805	-1.152344	-1.180632	-1.292966	
1	1.188805	-1.152344	-1.180632	-1.292966	
1	1.185858	-1.132812	-1.189049	-1.284051	
1	1.185858	-1.132812	-1.189049	-1.284051	
1	1.182850	-1.113281	-1.197491	-1.275203	
1	1.182850	-1.113281	-1.197491	-1.275203	
1	1.179779	-1.093750	-1.205959	-1.266424	
1	1.179779	-1.093750	-1.205959	-1.266424	
1	1.176643	-1.074219	-1.214453	-1.257713	
1	1.176643	-1.074219	-1.214453	-1.257713	
1	1.173440	-1.054688	-1.222973	-1.249074	
1	1.173440	-1.054688	-1.222973	-1.249074	
1	1.171875	-1.045350	-1.227060	-1.244965	
1	1.171875	-1.045350	-1.227060	-1.244965	
1	1.170202	-1.035156	-1.231507	-1.240520	
1	1.170202	-1.035156	-1.231507	-1.240520	
1	1.166927	-1.015625	-1.240053	-1.232052	
1	1.166927	-1.015625	-1.240053	-1.232052	
1	1.163580	-0.996094	-1.248625	-1.223660	
1	1.163580	-0.996094	-1.248625	-1.223660	
1	1.160159	-0.976562	-1.257221	-1.215345	
1	1.160159	-0.976562	-1.257221	-1.215345	
1	1.156663	-0.957031	-1.265843	-1.207110	
1	1.156663	-0.957031	-1.265843	-1.207110	
1	1.153089	-0.937500	-1.274490	-1.198955	
1	1.153089	-0.937500	-1.274490	-1.198955	
1	1.152344	-0.933518	-1.276259	-1.197300	
1	1.152344	-0.933518	-1.276259	-1.197300	
1	1.149495	-0.917969	-1.283138	-1.190905	
1	1.149495	-0.917969	-1.283138	-1.190905	
1	1.145837	-0.898438	-1.291802	-1.182947	
1	1.145837	-0.898438	-1.291802	-1.182947	
1	1.142096	-0.878906	-1.300491	-1.175074	
1	1.142096	-0.878906	-1.300491	-1.175074	
1	1.138268	-0.859375	-1.309202	-1.167290	
1	1.138268	-0.859375	-1.309202	-1.167290	
1	1.134352	-0.839844	-1.317937	-1.159596	
1	1.134352	-0.839844	-1.317937	-1.159596	
1	1.132812	-0.832332	-1.321307	-1.156658	
1	1.132812	-0.832332	-1.321307	-1.156658	
1	1.130400	-0.820312	-1.326672	-1.152015	
1	1.130400	-0.820312	-1.326672	-1.152015	
1	1.126389	-0.800781	-1.335414	-1.144540	
1	1.126389	-0.800781	-1.335414	-1.144540	
1	1.122285	-0.781250	-1.344177	-1.137162	
1	1.122285	-0.781250	-1.344177	-1.137162	
1	1.118084	-0.761719	-1.352960	-1.129883	
1	1.118084	-0.761719	-1.352960	-1.129883	
1	1.113782	-0.742188	-1.361763	-1.122704	
1	1.113782	-0.742188	-1.361763	-1.122704	
1	1.113281	-0.739961	-1.362769	-1.121891	
1	1.113281	-0.739961	-1.362769	-1.121891	
1	1.109467	-0.722656	-1.370545	-1.115661	
1	1.109467	-0.722656	-1.370545	-1.115661	
1	1.105060	-0.703125	-1.379340	-1.108728	
1	1.105060	-0.703125	-1.379340	-1.108728	
1	1.100547	-0.683594	-1.388151	-1.101903	
1	1.100547	-0.683594	-1.388151	-1.101903	
1	1.095924	-0.664062	-1.396977	-1.095189	
1	1.095924	-0.664062	-1.396977	-1.095189	
1	1.093750	-0.655072	-1.401049	-1.092134	
1	1.093750	-0.655072	-1.401049	-1.092134	
1	1.091249	-0.644531	-1.405790	-1.088610	
1	1.091249	-0.644531	-1.405790	-1.088610	
1	1.086513	-0.625000	-1.414591	-1.082164	
1	1.086513	-0.625000	-1.414591	-1.082164	
1	1.081661	-0.605469	-1.423402	-1.075837	
1	1.081661	-0.605469	-1.423402	-1.075837	
1	1.076691	-0.585938	-1.432222	-1.069633	
1	1.076691	-0.585938	-1.432222	-1.069633	
1	1.074219	-0.576425	-1.436524	-1.066654	
1	1.074219	-0.576425	-1.436524	-1.066654	
1	1.071662	-0.566406	-1.441019	-1.063575	
1	1.071662	-0.566406	-1.441019	-1.063575	
1	1.066569	-0.546875	-1.449791	-1.057663	
1	1.066569	-0.546875	-1.449791	-1.057663	
1	1.061353	-0.527344	-1.458564	-1.051884	
1	1.061353	-0.527344	-1.458564	-1.051884	
1	1.056010	-0.507812	-1.467336	-1.046240	
1	1.056010	-0.507812	-1.467336	-1.046240	
1	1.054688	-0.503063	-1.469471	-1.044887	
1	1.054688	-0.503063	-1.469471	-1.044887	
1	1.050637	-0.488281	-1.476055	-1.040764	
1	1.050637	-0.488281	-1.476055	-1.040764	
1	1.045166	-0.468750	-1.484750	-1.035440	
1	1.045166	-0.468750	-1.484750	-1.035440	
1	1.039565	-0.449219	-1.493432	-1.030262	
1	1.039565	-0.449219	-1.493432	-1.030262	
1	1.035156	-0.434164	-1.500114	-1.026373	
1	1.035156	-0.434164	-1.500114	-1.026373	
1	1.033864	-0.429688	-1.502081	-1.025243	
1	1.033864	-0.429688	-1.502081	-1.025243	
1	1.028134	-0.410156	-1.510657	-1.020407	
1	1.028134	-0.410156	-1.510657	-1.020407	
1	1.022274	-0.390625	-1.519205	-1.015729	
1	1.022274	-0.390625	-1.519205	-1.015729	
1	1.016282	-0.371094	-1.527719	-1.011212	
1	1.016282	-0.371094	-1.527719	-1.011212	
1	1.015625	-0.368977	-1.528640	-1.010733	
1	1.015625	-0.368977	-1.528640	-1.010733	
1	1.010282	-0.351562	-1.536131	-1.006895	
1	1.010282	-0.351562	-1.536131	-1.006895	
1	1.004168	-0.332031	-1.544487	-1.002751	
1	1.004168	-0.332031	-1.544487	-1.002751	
1	0.997928	-0.312500	-1.552788	-0.998781	
1	0.997928	-0.312500	-1.552788	-0.998781	
1	0.996094	-0.306821	-1.555188	-0.997661	
1	0.996094	-0.306821	-1.555188	-0.997661	
1	0.991663	-0.292969	-1.560973	-0.995014	
1	0.991663	-0.292969	-1.560973	-0.995014	
1	0.985316	-0.273438	-1.569063	-0.991440	
1	0.985316	-0.273438	-1.569063	-0.991440	
1	0.978858	-0.253906	-1.577067	-0.988052	
1	0.978858	-0.253906	-1.577067	-0.988052	
1	0.976562	-0.247020	-1.579863	-0.986905	
1	0.976562	-0.247020	-1.579863	-0.986905	
1	0.972378	-0.234375	-1.584928	-0.984876	
1	0.972378	-0.234375	-1.584928	-0.984876	
1	0.965844	-0.214844	-1.592654	-0.981903	
1	0.965844	-0.214844	-1.592654	-0.981903	
1	0.959221	-0.195312	-1.600255	-0.979130	
1	0.959221	-0.195312	-1.600255	-0.979130	
1	0.957031	-0.188873	-1.602725	-0.978262	
1	0.957031	-0.188873	-1.602725	-0.978262	
1	0.952601	-0.175781	-1.607670	-0.976574	
1	0.952601	-0.175781	-1.607670	-0.976574	
1	0.945954	-0.156250	-1.614906	-0.974230	
1	0.945954	-0.156250	-1.614906	-0.974230	
1	0.939258	-0.136719	-1.621964	-0.972092	
1	0.939258	-0.136719	-1.621964	-0.972092	
1	0.937500	-0.131565	-1.623786	-0.971565	
1	0.937500	-0.131565	-1.623786	-0.971565	
1	0.932607	-0.117188	-1.628781	-0.970175	
1	0.932607	-0.117188	-1.628781	-0.970175	
1	0.925967	-0.097656	-1.635365	-0.968469	
1	0.925967	-0.097656	-1.635365	-0.968469	
1	0.919336	-0.078125	-1.641706	-0.966969	
1	0.919336	-0.078125	-1.641706	-0.966969	
1	0.917969	-0.074037	-1.642990	-0.966684	
1	0.917969	-0.074037	-1.642990	-0.966684	
1	0.912804	-0.058594	-1.647741	-0.965682	
1	0.912804	-0.058594	-1.647741	-0.965682	
1	0.906346	-0.039062	-1.653475	-0.964594	
1	0.906346	-0.039062	-1.653475	-0.964594	
1	0.899974	-0.019531	-1.658889	-0.963699	
1	0.899974	-0.019531	-1.658889	-0.963699	
1	0.898438	-0.014694	-1.660164	-0.963508	
1	0.898438	-0.014694	-1.660164	-0.963508	
1	0.893765	0.000000	-1.663930	-0.962991	
1	0.893765	0.000000	-1.663930	-0.962991	
1	0.887717	0.019531	-1.668590	-0.962456	
1	0.887717	0.019531	-1.668590	-0.962456	
1	0.881847	0.039062	-1.672850	-0.962077	
1	0.881847	0.039062	-1.672850	-0.962077	
1	0.878906	0.049255	-1.674882	-0.961938	
1	0.878906	0.049255	-1.674882	-0.961938	
1	0.876210	0.058594	-1.676672	-0.961839	
1	0.876210	0.058594	-1.676672	-0.961839	
1	0.870833	0.078125	-1.680034	-0.961721	
1	0.870833	0.078125	-1.680034	-0.961721	
1	0.865730	0.097656	-1.682925	-0.961700	
1	0.865730	0.097656	-1.682925	-0.961700	
1	0.860928	0.117188	-1.685327	-0.961751	
1	0.860928	0.117188	-1.685327	-0.961751	
1	0.859375	0.123970	-1.686022	-0.961779	
1	0.859375	0.123970	-1.686022	-0.961779	
1	0.856465	0.136719	-1.687218	-0.961845	
1	0.856465	0.136719	-1.687218	-0.961845	
1	0.852355	0.156250	-1.688593	-0.961954	
1	0.852355	0.156250	-1.688593	-0.961954	
1	0.848605	0.175781	-1.689451	-0.962047	
1	0.848605	0.175781	-1.689451	-0.962047	
1	0.845223	0.195312	-1.689795	-0.962093	
1	0.845223	0.195312	-1.689795	-0.962093	
1	0.842212	0.214844	-1.689629	-0.962063	
1	0.842212	0.214844	-1.689629	-0.962063	
1	0.839844	0.232342	-1.689049	-0.961946	
1	0.839844	0.232342	-1.689049	-0.961946	
1	0.839572	0.234375	-1.688964	-0.961928	
1	0.839572	0.234375	-1.688964	-0.961928	
1	0.837309	0.253906	-1.687808	-0.961658	
1	0.837309	0.253906	-1.687808	-0.961658	
1	0.835395	0.273438	-1.686187	-0.961230	
1	0.835395	0.273438	-1.686187	-0.961230	
1	0.833813	0.292969	-1.684124	-0.960622	
1	0.833813	0.292969	-1.684124	-0.960622	
1	0.832541	0.312500	-1.681644	-0.959813	
1	0.832541	0.312500	-1.681644	-0.959813	
1	0.831556	0.332031	-1.678773	-0.958787	
1	0.831556	0.332031	-1.678773	-0.958787	
1	0.830833	0.351562	-1.675539	-0.957530	
1	0.830833	0.351562	-1.675539	-0.957530	
1	0.830345	0.371094	-1.671967	-0.956033	
1	0.830345	0.371094	-1.671967	-0.956033	
1	0.830066	0.390625	-1.668086	-0.954285	
1	0.830066	0.390625	-1.668086	-0.954285	
1	0.829971	0.410156	-1.663922	-0.952282	
1	0.829971	0.410156	-1.663922	-0.952282	
1	0.830033	0.429688	-1.659500	-0.950020	
1	0.830033	0.429688	-1.659500	-0.950020	
1	0.830229	0.449219	-1.654844	-0.947496	
1	0.830229	0.449219	-1.654844	-0.947496	
1	0.830536	0.468750	-1.649978	-0.944710	
1	0.830536	0.468750	-1.649978	-0.944710	
1	0.830931	0.488281	-1.644921	-0.941664	
1	0.830931	0.488281	-1.644921	-0.941664	
1	0.831396	0.507812	-1.639695	-0.938359	
1	0.831396	0.507812	-1.639695	-0.938359	
1	0.831913	0.527344	-1.634317	-0.934798	
1	0.831913	0.527344	-1.634317	-0.934798	
1	0.832463	0.546875	-1.628804	-0.930984	
1	0.832463	0.546875	-1.628804	-0.930984	
1	0.833034	0.566406	-1.623171	-0.926921	
1	0.833034	0.566406	-1.623171	-0.926921	
1	0.833610	0.585938	-1.617434	-0.922614	
1	0.833610	0.585938	-1.617434	-0.922614	
1	0.834180	0.605469	-1.611604	-0.918068	
1	0.834180	0.605469	-1.611604	-0.918068	
1	0.834732	0.625000	-1.605694	-0.913286	
1	0.834732	0.625000	-1.605694	-0.913286	
1	0.835258	0.644531	-1.599714	-0.908275	
1	0.835258	0.644531	-1.599714	-0.908275	
1	0.835747	0.664062	-1.593674	-0.903039	
1	0.835747	0.664062	-1.593674	-0.903039	
1	0.836194	0.683594	-1.587583	-0.897583	
1	0.836194	0.683594	-1.587583	-0.897583	
1	0.836590	0.703125	-1.581450	-0.891913	
1	0.836590	0.703125	-1.581450	-0.891913	
1	0.836930	0.722656	-1.575282	-0.886032	
1	0.836930	0.722656	-1.575282	-0.886032	
1	0.837209	0.742188	-1.569085	-0.879946	
1	0.837209	0.742188	-1.569085	-0.879946	
1	0.837421	0.761719	-1.562867	-0.873660	
1	0.837421	0.761719	-1.562867	-0.873660	
1	0.837563	0.781250	-1.556632	-0.867178	
1	0.837563	0.781250	-1.556632	-0.867178	
1	0.837630	0.800781	-1.550386	-0.860506	
1	0.837630	0.800781	-1.550386	-0.860506	
1	0.837620	0.820312	-1.544134	-0.853646	
1	0.837620	0.820312	-1.544134	-0.853646	
1	0.837529	0.839844	-1.537881	-0.846605	
1	0.837529	0.839844	-1.537881	-0.846605	
1	0.837355	0.859375	-1.531630	-0.839385	
1	0.837355	0.859375	-1.531630	-0.839385	
1	0.837095	0.878906	-1.525385	-0.831992	
1	0.837095	0.878906	-1.525385	-0.831992	
1	0.836748	0.898438	-1.519150	-0.824429	
1	0.836748	0.898438	-1.519150	-0.824429	
1	0.836311	0.917969	-1.512928	-0.816701	
1	0.836311	0.917969	-1.512928	-0.816701	
1	0.835782	0.937500	-1.506722	-0.808810	
1	0.835782	0.937500	-1.506722	-0.808810	
1	0.835160	0.957031	-1.500535	-0.800761	
1	0.835160	0.957031	-1.500535	-0.800761	
1	0.834444	0.976562	-1.494369	-0.792557	
1	0.834444	0.976562	-1.494369	-0.792557	
1	0.833631	0.996094	-1.488226	-0.784203	
1	0.833631	0.996094	-1.488226	-0.784203	
1	0.832721	1.015625	-1.482110	-0.775700	
1	0.832721	1.015625	-1.482110	-0.775700	
1	0.831712	1.035156	-1.476022	-0.767054	
1	0.831712	1.035156	-1.476022	-0.767054	
1	0.830603	1.054688	-1.469963	-0.758266	
1	0.830603	1.054688	-1.469963	-0.758266	
1	0.829394	1.074219	-1.463936	-0.749341	
1	0.829394	1.074219	-1.463936	-0.749341	
1	0.828082	1.093750	-1.457943	-0.740281	
1	0.828082	1.093750	-1.457943	-0.740281	
1	0.826667	1.113281	-1.451984	-0.731089	
1	0.826667	1.113281	-1.451984	-0.731089	
1	0.825148	1.132812	-1.446062	-0.721767	
1	0.825148	1.132812	-1.446062	-0.721767	
1	0.823524	1.152344	-1.440177	-0.712320	
1	0.823524	1.152344	-1.440177	-0.712320	
1	0.821793	1.171875	-1.434332	-0.702750	
1	0.821793	1.171875	-1.434332	-0.702750	
1	0.820312	1.187620	-1.429650	-0.694949	
1	0.820312	1.187620	-1.429650	-0.694949	
1	0.819966	1.191406	-1.428524	-0.693056	
1	0.819966	1.191406	-1.428524	-0.693056	
1	0.818074	1.210938	-1.422750	-0.683229	
1	0.818074	1.210938	-1.422750	-0.683229	
1	0.816075	1.230469	-1.417017	-0.673287	
1	0.816075	1.230469	-1.417017	-0.673287	
1	0.813968	1.250000	-1.411328	-0.663231	
1	0.813968	1.250000	-1.411328	-0.663231	
1	0.811751	1.269531	-1.405684	-0.653065	
1	0.811751	1.269531	-1.405684	-0.653065	
1	0.809423	1.289062	-1.400084	-0.642789	
1	0.809423	1.289062	-1.400084	-0.642789	
1	0.806984	1.308594	-1.394530	-0.632407	
1	0.806984	1.308594	-1.394530	-0.632407	
1	0.804432	1.328125	-1.389022	-0.621921	
1	0.804432	1.328125	-1.389022	-0.621921	
1	0.801766	1.347656	-1.383562	-0.611333	
1	0.801766	1.347656	-1.383562	-0.611333	
1	0.800781	1.354599	-1.381634	-0.607548	
1	0.800781	1.354599	-1.381634	-0.607548	
1	0.799031	1.367188	-1.378143	-0.600630	
1	0.799031	1.367188	-1.378143	-0.600630	
1	0.796206	1.386719	-1.372768	-0.589823	
1	0.796206	1.386719	-1.372768	-0.589823	
1	0.793265	1.406250	-1.367443	-0.578919	
1	0.793265	1.406250	-1.367443	-0.578919	
1	0.790206	1.425781	-1.362168	-0.567921	
1	0.790206	1.425781	-1.362168	-0.567921	
1	0.787028	1.445312	-1.356943	-0.556831	
1	0.787028	1.445312	-1.356943	-0.556831	
1	0.783730	1.464844	-1.351768	-0.545650	
1	0.783730	1.464844	-1.351768	-0.545650	
1	0.781250	1.479038	-1.348041	-0.537471	
1	0.781250	1.479038	-1.348041	-0.537471	
1	0.780333	1.484375	-1.346642	-0.534375	
1	0.780333	1.484375	-1.346642	-0.534375	
1	0.776872	1.503906	-1.341561	-0.522995	
1	0.776872	1.503906	-1.341561	-0.522995	
1	0.773287	1.523438	-1.336532	-0.511531	
1	0.773287	1.523438	-1.336532	-0.511531	
1	0.769576	1.542969	-1.331555	-0.499983	
1	0.769576	1.542969	-1.331555	-0.499983	
1	0.765739	1.562500	-1.326632	-0.488353	
1	0.765739	1.562500	-1.326632	-0.488353	
1	0.761774	1.582031	-1.321762	-0.476642	
1	0.761774	1.582031	-1.321762	-0.476642	
1	0.761719	1.582298	-1.321696	-0.476482	
1	0.761719	1.582298	-1.321696	-0.476482	
1	0.757764	1.601562	-1.316936	-0.464829	
1	0.757764	1.601562	-1.316936	-0.464829	
1	0.753624	1.621094	-1.312165	-0.452939	
1	0.753624	1.621094	-1.312165	-0.452939	
1	0.749351	1.640625	-1.307449	-0.440973	
1	0.749351	1.640625	-1.307449	-0.440973	
1	0.744944	1.660156	-1.302787	-0.428931	
1	0.744944	1.660156	-1.302787	-0.428931	
1	0.742188	1.672047	-1.299976	-0.421566	
1	0.742188	1.672047	-1.299976	-0.421566	
1	0.740435	1.679688	-1.298177	-0.416808	
1	0.740435	1.679688	-1.298177	-0.416808	
1	0.735841	1.699219	-1.293617	-0.404599	
1	0.735841	1.699219	-1.293617	-0.404599	
1	0.731108	1.718750	-1.289113	-0.392319	
1	0.731108	1.718750	-1.289113	-0.392319	
1	0.726233	1.738281	-1.284666	-0.379969	
1	0.726233	1.738281	-1.284666	-0.379969	
1	0.722656	1.752241	-1.281522	-0.371101	
1	0.722656	1.752241	-1.281522	-0.371101	
1	0.721240	1.757812	-1.280272	-0.367544	
1	0.721240	1.757812	-1.280272	-0.367544	
1	0.716163	1.777344	-1.275930	-0.355037	
1	0.716163	1.777344	-1.275930	-0.355037	
1	0.710938	1.796875	-1.271645	-0.342464	
1	0.710938	1.796875	-1.271645	-0.342464	
1	0.705565	1.816406	-1.267418	-0.329826	
1	0.705565	1.816406	-1.267418	-0.329826	
1	0.703125	1.825080	-1.265559	-0.324194	
1	0.703125	1.825080	-1.265559	-0.324194	
1	0.700086	1.835938	-1.263244	-0.317112	
1	0.700086	1.835938	-1.263244	-0.317112	
1	0.694490	1.855469	-1.259125	-0.304327	
1	0.694490	1.855469	-1.259125	-0.304327	
1	0.688739	1.875000	-1.255064	-0.291479	
1	0.688739	1.875000	-1.255064	-0.291479	
1	0.683594	1.892026	-1.251572	-0.280229	
1	0.683594	1.892026	-1.251572	-0.280229	
1	0.682839	1.894531	-1.251061	-0.278567	
1	0.682839	1.894531	-1.251061	-0.278567	
1	0.676847	1.914062	-1.247112	-0.265580	
1	0.676847	1.914062	-1.247112	-0.265580	
1	0.670691	1.933594	-1.243222	-0.252532	
1	0.670691	1.933594	-1.243222	-0.252532	
1	0.664369	1.953125	-1.239391	-0.239426	
1	0.664369	1.953125	-1.239391	-0.239426	
1	0.664062	1.954059	-1.239209	-0.238798	
1	0.664062	1.954059	-1.239209	-0.238798	
1	0.657949	1.972656	-1.235615	-0.226246	
1	0.657949	1.972656	-1.235615	-0.226246	
1	0.651359	1.992188	-1.231899	-0.213008	
1	0.651359	1.992188	-1.231899	-0.213008	
1	0.644596	2.011719	-1.228243	-0.199712	
1	0.644596	2.011719	-1.228243	-0.199712	
1	0.644531	2.011903	-1.228208	-0.199586	
1	0.644531	2.011903	-1.228208	-0.199586	
1	0.637720	2.031250	-1.224643	-0.186347	
1	0.637720	2.031250	-1.224643	-0.186347	
1	0.630663	2.050781	-1.221104	-0.172926	
1	0.630663	2.050781	-1.221104	-0.172926	
1	0.625000	2.066101	-1.218372	-0.162360	
1	0.625000	2.066101	-1.218372	-0.162360	
1	0.623436	2.070312	-1.217626	-0.159446	
1	0.623436	2.070312	-1.217626	-0.159446	
1	0.616064	2.089844	-1.214207	-0.145903	
1	0.616064	2.089844	-1.214207	-0.145903	
1	0.608503	2.109375	-1.210850	-0.132306	
1	0.608503	2.109375	-1.210850	-0.132306	
1	0.605469	2.117078	-1.209543	-0.126928	
1	0.605469	2.117078	-1.209543	-0.126928	
1	0.600776	2.128906	-1.207553	-0.118648	
1	0.600776	2.128906	-1.207553	-0.118648	
1	0.592868	2.148438	-1.204319	-0.104933	
1	0.592868	2.148438	-1.204319	-0.104933	
1	0.585938	2.165164	-1.201598	-0.093145	
1	0.585938	2.165164	-1.201598	-0.093145	
1	0.584764	2.167969	-1.201147	-0.091163	
1	0.584764	2.167969	-1.201147	-0.091163	
1	0.576483	2.187500	-1.198037	-0.077334	
1	0.576483	2.187500	-1.198037	-0.077334	
1	0.567993	2.207031	-1.194991	-0.063451	
1	0.567993	2.207031	-1.194991	-0.063451	
1	0.566406	2.210632	-1.194436	-0.060886	
1	0.566406	2.210632	-1.194436	-0.060886	
1	0.559304	2.226562	-1.192009	-0.049512	
1	0.559304	2.226562	-1.192009	-0.049512	
1	0.550401	2.246094	-1.189091	-0.035518	
1	0.550401	2.246094	-1.189091	-0.035518	
1	0.546875	2.253706	-1.187971	-0.030049	
1	0.546875	2.253706	-1.187971	-0.030049	
1	0.541277	2.265625	-1.186239	-0.021469	
1	0.541277	2.265625	-1.186239	-0.021469	
1	0.531927	2.285156	-1.183452	-0.007366	
1	0.531927	2.285156	-1.183452	-0.007366	
1	0.527344	2.294569	-1.182133	-0.000548	
1	0.527344	2.294569	-1.182133	-0.000548	
1	0.522337	2.304688	-1.180733	0.006792	
1	0.522337	2.304688	-1.180733	0.006792	
1	0.512502	2.324219	-1.178081	0.021003	
1	0.512502	2.324219	-1.178081	0.021003	
1	0.507812	2.333381	-1.176860	0.027690	
1	0.507812	2.333381	-1.176860	0.027690	
1	0.502406	2.343750	-1.175497	0.035269	
1	0.502406	2.343750	-1.175497	0.035269	
1	0.492046	2.363281	-1.172982	0.049588	
1	0.492046	2.363281	-1.172982	0.049588	
1	0.488281	2.370276	-1.172098	0.054732	
1	0.488281	2.370276	-1.172098	0.054732	
1	0.481394	2.382812	-1.170538	0.063961	
1	0.481394	2.382812	-1.170538	0.063961	
1	0.470463	2.402344	-1.168164	0.078389	
1	0.470463	2.402344	-1.168164	0.078389	
1	0.468750	2.405369	-1.167803	0.080630	
1	0.468750	2.405369	-1.167803	0.080630	
1	0.459191	2.421875	-1.165864	0.092868	
1	0.459191	2.421875	-1.165864	0.092868	
1	0.449219	2.438770	-1.163932	0.105442	
1	0.449219	2.438770	-1.163932	0.105442	
1	0.447623	2.441406	-1.163636	0.107405	
1	0.447623	2.441406	-1.163636	0.107405	
1	0.435675	2.460938	-1.161483	0.121994	
1	0.435675	2.460938	-1.161483	0.121994	
1	0.429688	2.470574	-1.160448	0.129216	
1	0.429688	2.470574	-1.160448	0.129216	
1	0.423369	2.480469	-1.159406	0.136638	
1	0.423369	2.480469	-1.159406	0.136638	
1	0.410700	2.500000	-1.157406	0.151343	
1	0.410700	2.500000	-1.157406	0.151343	
1	0.410156	2.500830	-1.157323	0.151970	
1	0.410156	2.500830	-1.157323	0.151970	
1	0.397551	2.519531	-1.155487	0.166097	
1	0.397551	2.519531	-1.155487	0.166097	
1	0.390625	2.529657	-1.154522	0.173776	
1	0.390625	2.529657	-1.154522	0.173776	
1	0.383982	2.539062	-1.153647	0.180912	
1	0.383982	2.539062	-1.153647	0.180912	
1	0.371094	2.557066	-1.152025	0.194626	
1	0.371094	2.557066	-1.152025	0.194626	
1	0.369962	2.558594	-1.151890	0.195790	
1	0.369962	2.558594	-1.151890	0.195790	
1	0.355366	2.578125	-1.150219	0.210723	
1	0.355366	2.578125	-1.150219	0.210723	
1	0.351562	2.583160	-1.149801	0.214588	
1	0.351562	2.583160	-1.149801	0.214588	
1	0.340200	2.597656	-1.148635	0.225720	
1	0.340200	2.597656	-1.148635	0.225720	
1	0.332031	2.607966	-1.147833	0.233669	
1	0.332031	2.607966	-1.147833	0.233669	
1	0.324432	2.617188	-1.147140	0.240783	
1	0.324432	2.617188	-1.147140	0.240783	
1	0.312500	2.631527	-1.146100	0.251891	
1	0.312500	2.631527	-1.146100	0.251891	
1	0.307995	2.636719	-1.145737	0.255915	
1	0.307995	2.636719	-1.145737	0.255915	
1	0.292969	2.653890	-1.144583	0.269282	
1	0.292969	2.653890	-1.144583	0.269282	
1	0.290809	2.656250	-1.144431	0.271121	
1	0.290809	2.656250	-1.144431	0.271121	
1	0.273438	2.675099	-1.143265	0.285868	
1	0.273438	2.675099	-1.143265	0.285868	
1	0.272778	2.675781	-1.143224	0.286402	
1	0.272778	2.675781	-1.143224	0.286402	
1	0.253906	2.695191	-1.142128	0.301670	
1	0.253906	2.695191	-1.142128	0.301670	
1	0.253782	2.695312	-1.142121	0.301766	
1	0.253782	2.695312	-1.142121	0.301766	
1	0.234375	2.714200	-1.141158	0.316708	
1	0.234375	2.714200	-1.141158	0.316708	
1	0.233677	2.714844	-1.141127	0.317218	
1	0.233677	2.714844	-1.141127	0.317218	
1	0.214844	2.732157	-1.140341	0.331001	
1	0.214844	2.732157	-1.140341	0.331001	
1	0.212290	2.734375	-1.140248	0.332771	
1	0.212290	2.734375	-1.140248	0.332771	
1	0.195312	2.749086	-1.139665	0.344564	
1	0.195312	2.749086	-1.139665	0.344564	
1	0.189407	2.753906	-1.139490	0.348437	
1	0.189407	2.753906	-1.139490	0.348437	
1	0.175781	2.765011	-1.139116	0.357408	
1	0.175781	2.765011	-1.139116	0.357408	
1	0.164767	2.773438	-1.138862	0.364238	
1	0.164767	2.773438	-1.138862	0.364238	
1	0.156250	2.779951	-1.138683	0.369546	
1	0.156250	2.779951	-1.138683	0.369546	
1	0.138050	2.792969	-1.138375	0.380201	
1	0.138050	2.792969	-1.138375	0.380201	
1	0.136719	2.793922	-1.138355	0.380985	
1	0.136719	2.793922	-1.138355	0.380985	
1	0.117188	2.806988	-1.138120	0.391778	
1	0.117188	2.806988	-1.138120	0.391778	
1	0.108307	2.812500	-1.138043	0.396359	
1	0.108307	2.812500	-1.138043	0.396359	
1	0.097656	2.819128	-1.137969	0.401901	
1	0.097656	2.819128	-1.137969	0.401901	
1	0.078125	2.830357	-1.137893	0.411365	
1	0.078125	2.830357	-1.137893	0.411365	
1	0.074962	2.832031	-1.137887	0.412786	
1	0.074962	2.832031	-1.137887	0.412786	
1	0.058594	2.840736	-1.137881	0.420219	
1	0.058594	2.840736	-1.137881	0.420219	
1	0.039062	2.850222	-1.137926	0.428424	
1	0.039062	2.850222	-1.137926	0.428424	
1	0.036027	2.851562	-1.137937	0.429595	
1	0.036027	2.851562	-1.137937	0.429595	
1	0.019531	2.858894	-1.138018	0.436045	
1	0.019531	2.858894	-1.138018	0.436045	
1	0.000000	2.866715	-1.138149	0.443049	
1	0.000000	2.866715	-1.138149	0.443049	
1	-0.012248	2.871094	-1.138246	0.447048	
1	-0.012248	2.871094	-1.138246	0.447048	
1	-0.019531	2.873718	-1.138312	0.449464	
1	-0.019531	2.873718	-1.138312	0.449464	
1	-0.039062	2.879937	-1.138500	0.455317	
1	-0.039062	2.879937	-1.138500	0.455317	
1	-0.058594	2.885348	-1.138703	0.460587	
1	-0.058594	2.885348	-1.138703	0.460587	
1	-0.078125	2.889971	-1.138916	0.465292	
1	-0.078125	2.889971	-1.138916	0.465292	
1	-0.081444	2.890625	-1.138950	0.465989	
1	-0.081444	2.890625	-1.138950	0.465989	
1	-0.097656	2.893853	-1.139133	0.469470	
1	-0.097656	2.893853	-1.139133	0.469470	
1	-0.117188	2.896978	-1.139345	0.473109	
1	-0.117188	2.896978	-1.139345	0.473109	
1	-0.136719	2.899355	-1.139547	0.476217	
1	-0.136719	2.899355	-1.139547	0.476217	
1	-0.156250	2.900997	-1.139732	0.478806	
1	-0.156250	2.900997	-1.139732	0.478806	
1	-0.175781	2.901917	-1.139895	0.480887	
1	-0.175781	2.901917	-1.139895	0.480887	
1	-0.195312	2.902124	-1.140029	0.482471	
1	-0.195312	2.902124	-1.140029	0.482471	
1	-0.214844	2.901631	-1.140129	0.483567	
1	-0.214844	2.901631	-1.140129	0.483567	
1	-0.234375	2.900445	-1.140190	0.484186	
1	-0.234375	2.900445	-1.140190	0.484186	
1	-0.253906	2.898575	-1.140205	0.484336	
1	-0.253906	2.898575	-1.140205	0.484336	
1	-0.273438	2.896030	-1.140170	0.484026	
1	-0.273438	2.896030	-1.140170	0.484026	
1	-0.292969	2.892817	-1.140080	0.483264	
1	-0.292969	2.892817	-1.140080	0.483264	
1	-0.304064	2.890625	-1.139995	0.482573	
1	-0.304064	2.890625	-1.139995	0.482573	
1	-0.312500	2.888956	-1.139931	0.482070	
1	-0.312500	2.888956	-1.139931	0.482070	
1	-0.332031	2.884462	-1.139718	0.480459	
1	-0.332031	2.884462	-1.139718	0.480459	
1	-0.351562	2.879325	-1.139436	0.478424	
1	-0.351562	2.879325	-1.139436	0.478424	
1	-0.371094	2.873549	-1.139080	0.475973	
1	-0.371094	2.873549	-1.139080	0.475973	
1	-0.378630	2.871094	-1.138914	0.474870	
1	-0.378630	2.871094	-1.138914	0.474870	
1	-0.390625	2.867170	-1.138647	0.473138	
1	-0.390625	2.867170	-1.138647	0.473138	
1	-0.410156	2.860186	-1.138135	0.469921	
1	-0.410156	2.860186	-1.138135	0.469921	
1	-0.429688	2.852586	-1.137535	0.466314	
1	-0.429688	2.852586	-1.137535	0.466314	
1	-0.432148	2.851562	-1.137450	0.465814	
1	-0.432148	2.851562	-1.137450	0.465814	
1	-0.449219	2.844422	-1.136850	0.462367	
1	-0.449219	2.844422	-1.136850	0.462367	
1	-0.468750	2.835664	-1.136072	0.458055	
1	-0.468750	2.835664	-1.136072	0.458055	
1	-0.476397	2.832031	-1.135734	0.456234	
1	-0.476397	2.832031	-1.135734	0.456234	
1	-0.488281	2.826345	-1.135201	0.453412	
1	-0.488281	2.826345	-1.135201	0.453412	
1	-0.507812	2.816463	-1.134231	0.448437	
1	-0.507812	2.816463	-1.134231	0.448437	
1	-0.515276	2.812500	-1.133828	0.446418	
1	-0.515276	2.812500	-1.133828	0.446418	
1	-0.527344	2.806039	-1.133163	0.443153	
1	-0.527344	2.806039	-1.133163	0.443153	
1	-0.546875	2.795068	-1.131992	0.437559	
1	-0.546875	2.795068	-1.131992	0.437559	
1	-0.550472	2.792969	-1.131761	0.436480	
1	-0.550472	2.792969	-1.131761	0.436480	
1	-0.566406	2.783585	-1.130719	0.431687	
1	-0.566406	2.783585	-1.130719	0.431687	
1	-0.582926	2.773438	-1.129554	0.426479	
1	-0.582926	2.773438	-1.129554	0.426479	
1	-0.585938	2.771569	-1.129337	0.425526	
1	-0.585938	2.771569	-1.129337	0.425526	
1	-0.605469	2.759063	-1.127851	0.419112	
1	-0.605469	2.759063	-1.127851	0.419112	
1	-0.613265	2.753906	-1.127222	0.416460	
1	-0.613265	2.753906	-1.127222	0.416460	
1	-0.625000	2.746060	-1.126255	0.412446	
1	-0.625000	2.746060	-1.126255	0.412446	
1	-0.641939	2.734375	-1.124779	0.406457	
1	-0.641939	2.734375	-1.124779	0.406457	
1	-0.644531	2.732567	-1.124548	0.405535	
1	-0.644531	2.732567	-1.124548	0.405535	
1	-0.664062	2.718613	-1.122733	0.398408	
1	-0.664062	2.718613	-1.122733	0.398408	
1	-0.669216	2.714844	-1.122234	0.396484	
1	-0.669216	2.714844	-1.122234	0.396484	
1	-0.683594	2.704201	-1.120808	0.391072	
1	-0.683594	2.704201	-1.120808	0.391072	
1	-0.695332	2.695312	-1.119595	0.386559	
1	-0.695332	2.695312	-1.119595	0.386559	
1	-0.703125	2.689338	-1.118771	0.383536	
1	-0.703125	2.689338	-1.118771	0.383536	
1	-0.720455	2.675781	-1.116870	0.376692	
1	-0.720455	2.675781	-1.116870	0.376692	
1	-0.722656	2.674037	-1.116623	0.375814	
1	-0.722656	2.674037	-1.116623	0.375814	
1	-0.742188	2.658319	-1.114365	0.367927	
1	-0.742188	2.658319	-1.114365	0.367927	
1	-0.744723	2.656250	-1.114065	0.366893	
1	-0.744723	2.656250	-1.114065	0.366893	
1	-0.761719	2.642194	-1.112000	0.359887	
1	-0.761719	2.642194	-1.112000	0.359887	
1	-0.768249	2.636719	-1.111186	0.357171	
1	-0.768249	2.636719	-1.111186	0.357171	
1	-0.781250	2.625669	-1.109525	0.351704	
1	-0.781250	2.625669	-1.109525	0.351704	
1	-0.791114	2.617188	-1.108237	0.347530	
1	-0.791114	2.617188	-1.108237	0.347530	
1	-0.800781	2.608757	-1.106943	0.343391	
1	-0.800781	2.608757	-1.106943	0.343391	
1	-0.813389	2.597656	-1.105225	0.337975	
1	-0.813389	2.597656	-1.105225	0.337975	
1	-0.820312	2.591472	-1.104256	0.334963	
1	-0.820312	2.591472	-1.104256	0.334963	
1	-0.835138	2.578125	-1.102151	0.328509	
1	-0.835138	2.578125	-1.102151	0.328509	
1	-0.839844	2.573825	-1.101466	0.326434	
1	-0.839844	2.573825	-1.101466	0.326434	
1	-0.856414	2.558594	-1.099022	0.319137	
1	-0.856414	2.558594	-1.099022	0.319137	
1	-0.859375	2.555830	-1.098573	0.317815	
1	-0.859375	2.555830	-1.098573	0.317815	
1	-0.877263	2.539062	-1.095840	0.309862	
1	-0.877263	2.539062	-1.095840	0.309862	
1	-0.878906	2.537498	-1.095582	0.309122	
1	-0.878906	2.537498	-1.095582	0.309122	
1	-0.897726	2.519531	-1.092609	0.300688	
1	-0.897726	2.519531	-1.092609	0.300688	
1	-0.898438	2.518842	-1.092494	0.300364	
1	-0.898438	2.518842	-1.092494	0.300364	
1	-0.917838	2.500000	-1.089334	0.291615	
1	-0.917838	2.500000	-1.089334	0.291615	
1	-0.917969	2.499871	-1.089312	0.291555	
1	-0.917969	2.499871	-1.089312	0.291555	
1	-0.937500	2.480597	-1.086038	0.282706	
1	-0.937500	2.480597	-1.086038	0.282706	
1	-0.937630	2.480469	-1.086016	0.282648	
1	-0.937630	2.480469	-1.086016	0.282648	
1	-0.957031	2.461030	-1.082676	0.273828	
1	-0.957031	2.461030	-1.082676	0.273828	
1	-0.957124	2.460938	-1.082660	0.273787	
1	-0.957124	2.460938	-1.082660	0.273787	
1	-0.976343	2.441406	-1.079268	0.265032	
1	-0.976343	2.441406	-1.079268	0.265032	
1	-0.976562	2.441180	-1.079228	0.264930	
1	-0.976562	2.441180	-1.079228	0.264930	
1	-0.995311	2.421875	-1.075842	0.256386	
1	-0.995311	2.421875	-1.075842	0.256386	
1	-0.996094	2.421055	-1.075697	0.256023	
1	-0.996094	2.421055	-1.075697	0.256023	
1	-1.014042	2.402344	-1.072386	0.247849	
1	-1.014042	2.402344	-1.072386	0.247849	
1	-1.015625	2.400665	-1.072086	0.247116	
1	-1.015625	2.400665	-1.072086	0.247116	
1	-1.032551	2.382812	-1.068902	0.239422	
1	-1.032551	2.382812	-1.068902	0.239422	
1	-1.035156	2.380016	-1.068398	0.238216	
1	-1.035156	2.380016	-1.068398	0.238216	
1	-1.050850	2.363281	-1.065392	0.231103	
1	-1.050850	2.363281	-1.065392	0.231103	
1	-1.054688	2.359116	-1.064635	0.229332	
1	-1.054688	2.359116	-1.064635	0.229332	
1	-1.068949	2.343750	-1.061858	0.222893	
1	-1.068949	2.343750	-1.061858	0.222893	
1	-1.074219	2.337970	-1.060801	0.220469	
1	-1.074219	2.337970	-1.060801	0.220469	
1	-1.086858	2.324219	-1.058301	0.214790	
1	-1.086858	2.324219	-1.058301	0.214790	
1	-1.093750	2.316583	-1.056897	0.211634	
1	-1.093750	2.316583	-1.056897	0.211634	
1	-1.104583	2.304688	-1.054724	0.206795	
1	-1.104583	2.304688	-1.054724	0.206795	
1	-1.113281	2.294959	-1.052926	0.202832	
1	-1.113281	2.294959	-1.052926	0.202832	
1	-1.122130	2.285156	-1.051128	0.198905	
1	-1.122130	2.285156	-1.051128	0.198905	
1	-1.132812	2.273100	-1.048890	0.194067	
1	-1.132812	2.273100	-1.048890	0.194067	
1	-1.139503	2.265625	-1.047514	0.191118	
1	-1.139503	2.265625	-1.047514	0.191118	
1	-1.152344	2.251007	-1.044790	0.185341	
1	-1.152344	2.251007	-1.044790	0.185341	
1	-1.156707	2.246094	-1.043883	0.183434	
1	-1.156707	2.246094	-1.043883	0.183434	
1	-1.171875	2.228681	-1.040628	0.176658	
1	-1.171875	2.228681	-1.040628	0.176658	
1	-1.173741	2.226562	-1.040236	0.175849	
1	-1.173741	2.226562	-1.040236	0.175849	
1	-1.190629	2.207031	-1.036577	0.168367	
1	-1.190629	2.207031	-1.036577	0.168367	
1	-1.191406	2.206115	-1.036403	0.168016	
1	-1.191406	2.206115	-1.036403	0.168016	
1	-1.207401	2.187500	-1.032912	0.160998	
1	-1.207401	2.187500	-1.032912	0.160998	
1	-1.210938	2.183300	-1.032114	0.159409	
1	-1.210938	2.183300	-1.032114	0.159409	
1	-1.224009	2.167969	-1.029233	0.153721	
1	-1.224009	2.167969	-1.029233	0.153721	
1	-1.230469	2.160237	-1.027761	0.150842	
1	-1.230469	2.160237	-1.027761	0.150842	
1	-1.240453	2.148438	-1.025542	0.146535	
1	-1.240453	2.148438	-1.025542	0.146535	
1	-1.250000	2.136919	-1.023345	0.142313	
1	-1.250000	2.136919	-1.023345	0.142313	
1	-1.256729	2.128906	-1.021836	0.139435	
1	-1.256729	2.128906	-1.021836	0.139435	
1	-1.269531	2.113336	-1.018864	0.133818	
1	-1.269531	2.113336	-1.018864	0.133818	
1	-1.272833	2.109375	-1.018117	0.132418	
1	-1.272833	2.109375	-1.018117	0.132418	
1	-1.288768	2.089844	-1.014385	0.125481	
1	-1.288768	2.089844	-1.014385	0.125481	
1	-1.289062	2.089475	-1.014314	0.125350	
1	-1.289062	2.089475	-1.014314	0.125350	
1	-1.304613	2.070312	-1.010654	0.118650	
1	-1.304613	2.070312	-1.010654	0.118650	
1	-1.308594	2.065295	-1.009682	0.116886	
1	-1.308594	2.065295	-1.009682	0.116886	
1	-1.320275	2.050781	-1.006908	0.111890	
1	-1.320275	2.050781	-1.006908	0.111890	
1	-1.328125	2.040802	-1.004973	0.108435	
1	-1.328125	2.040802	-1.004973	0.108435	
1	-1.335748	2.031250	-1.003146	0.105197	
1	-1.335748	2.031250	-1.003146	0.105197	
1	-1.347656	2.015976	-1.000180	0.099986	
1	-1.347656	2.015976	-1.000180	0.099986	
1	-1.351024	2.011719	-0.999365	0.098565	
1	-1.351024	2.011719	-0.999365	0.098565	
1	-1.366124	1.992188	-0.995570	0.091998	
1	-1.366124	1.992188	-0.995570	0.091998	
1	-1.367188	1.990781	-0.995293	0.091522	
1	-1.367188	1.990781	-0.995293	0.091522	
1	-1.381104	1.972656	-0.991772	0.085515	
1	-1.381104	1.972656	-0.991772	0.085515	
1	-1.386719	1.965158	-0.990292	0.083011	
1	-1.386719	1.965158	-0.990292	0.083011	
1	-1.395866	1.953125	-0.987952	0.079079	
1	-1.395866	1.953125	-0.987952	0.079079	
1	-1.406250	1.939112	-0.985180	0.074462	
1	-1.406250	1.939112	-0.985180	0.074462	
1	-1.410401	1.933594	-0.984105	0.072683	
1	-1.410401	1.933594	-0.984105	0.072683	
1	-1.424726	1.914062	-0.980236	0.066331	
1	-1.424726	1.914062	-0.980236	0.066331	
1	-1.425781	1.912589	-0.979939	0.065848	
1	-1.425781	1.912589	-0.979939	0.065848	
1	-1.438916	1.894531	-0.976361	0.060049	
1	-1.438916	1.894531	-0.976361	0.060049	
1	-1.445312	1.885493	-0.974537	0.057119	
1	-1.445312	1.885493	-0.974537	0.057119	
1	-1.452852	1.875000	-0.972452	0.053789	
1	-1.452852	1.875000	-0.972452	0.053789	
1	-1.464844	1.857834	-0.968978	0.048289	
1	-1.464844	1.857834	-0.968978	0.048289	
1	-1.466522	1.855469	-0.968507	0.047547	
1	-1.466522	1.855469	-0.968507	0.047547	
1	-1.480028	1.835938	-0.964547	0.041357	
1	-1.480028	1.835938	-0.964547	0.041357	
1	-1.484375	1.829470	-0.963212	0.039286	
1	-1.484375	1.829470	-0.963212	0.039286	
1	-1.493292	1.816406	-0.960555	0.035188	
1	-1.493292	1.816406	-0.960555	0.035188	
1	-1.503906	1.800374	-0.957231	0.030104	
1	-1.503906	1.800374	-0.957231	0.030104	
1	-1.506258	1.796875	-0.956517	0.029017	
1	-1.506258	1.796875	-0.956517	0.029017	
1	-1.519029	1.777344	-0.952454	0.022880	
1	-1.519029	1.777344	-0.952454	0.022880	
1	-1.523438	1.770393	-0.950981	0.020672	
1	-1.523438	1.770393	-0.950981	0.020672	
1	-1.531541	1.757812	-0.948353	0.016752	
1	-1.531541	1.757812	-0.948353	0.016752	
1	-1.542969	1.739470	-0.944443	0.010971	
1	-1.542969	1.739470	-0.944443	0.010971	
1	-1.543721	1.738281	-0.944193	0.010604	
1	-1.543721	1.738281	-0.944193	0.010604	
1	-1.555729	1.718750	-0.940013	0.004492	
1	-1.555729	1.718750	-0.940013	0.004492	
1	-1.562500	1.707349	-0.937524	0.000882	
1	-1.562500	1.707349	-0.937524	0.000882	
1	-1.567403	1.699219	-0.935772	-0.001645	
1	-1.567403	1.699219	-0.935772	-0.001645	
1	-1.578791	1.679688	-0.931481	-0.007791	
1	-1.578791	1.679688	-0.931481	-0.007791	
1	-1.582031	1.673943	-0.930195	-0.009621	
1	-1.582031	1.673943	-0.930195	-0.009621	
1	-1.589927	1.660156	-0.927148	-0.013935	
1	-1.589927	1.660156	-0.927148	-0.013935	
1	-1.600695	1.640625	-0.922740	-0.020123	
1	-1.600695	1.640625	-0.922740	-0.020123	
1	-1.601562	1.638998	-0.922366	-0.020645	
1	-1.601562	1.638998	-0.922366	-0.020645	
1	-1.611259	1.621094	-0.918300	-0.026294	
1	-1.611259	1.621094	-0.918300	-0.026294	
1	-1.621094	1.602168	-0.913911	-0.032338	
1	-1.621094	1.602168	-0.913911	-0.032338	
1	-1.621413	1.601562	-0.913772	-0.032528	
1	-1.621413	1.601562	-0.913772	-0.032528	
1	-1.631367	1.582031	-0.909212	-0.038746	
1	-1.631367	1.582031	-0.909212	-0.038746	
1	-1.640625	1.563045	-0.904686	-0.044863	
1	-1.640625	1.563045	-0.904686	-0.044863	
1	-1.640895	1.562500	-0.904557	-0.045036	
1	-1.640895	1.562500	-0.904557	-0.045036	
1	-1.650214	1.542969	-0.899865	-0.051317	
1	-1.650214	1.542969	-0.899865	-0.051317	
1	-1.659109	1.523438	-0.895076	-0.057671	
1	-1.659109	1.523438	-0.895076	-0.057671	
1	-1.660156	1.521044	-0.894478	-0.058460	
1	-1.660156	1.521044	-0.894478	-0.058460	
1	-1.667767	1.503906	-0.890240	-0.064029	
1	-1.667767	1.503906	-0.890240	-0.064029	
1	-1.676032	1.484375	-0.885313	-0.070451	
1	-1.676032	1.484375	-0.885313	-0.070451	
1	-1.679688	1.475328	-0.882987	-0.073462	
1	-1.679688	1.475328	-0.882987	-0.073462	
1	-1.683989	1.464844	-0.880317	-0.076905	
1	-1.683989	1.464844	-0.880317	-0.076905	
1	-1.691621	1.445312	-0.875247	-0.083399	
1	-1.691621	1.445312	-0.875247	-0.083399	
1	-1.698853	1.425781	-0.870080	-0.089963	
1	-1.698853	1.425781	-0.870080	-0.089963	
1	-1.699219	1.424744	-0.869800	-0.090316	
1	-1.699219	1.424744	-0.869800	-0.090316	
1	-1.705840	1.406250	-0.864859	-0.096538	
1	-1.705840	1.406250	-0.864859	-0.096538	
1	-1.712440	1.386719	-0.859544	-0.103179	
1	-1.712440	1.386719	-0.859544	-0.103179	
1	-1.718653	1.367188	-0.854131	-0.109886	
1	-1.718653	1.367188	-0.854131	-0.109886	
1	-1.718750	1.366864	-0.854039	-0.109998	
1	-1.718750	1.366864	-0.854039	-0.109998	
1	-1.724613	1.347656	-0.848660	-0.116609	
1	-1.724613	1.347656	-0.848660	-0.116609	
1	-1.730194	1.328125	-0.843093	-0.123397	
1	-1.730194	1.328125	-0.843093	-0.123397	
1	-1.735398	1.308594	-0.837429	-0.130248	
1	-1.735398	1.308594	-0.837429	-0.130248	
1	-1.738281	1.296969	-0.834001	-0.134369	
1	-1.738281	1.296969	-0.834001	-0.134369	
1	-1.740274	1.289062	-0.831683	-0.137145	
1	-1.740274	1.289062	-0.831683	-0.137145	
1	-1.744841	1.269531	-0.825858	-0.144081	
1	-1.744841	1.269531	-0.825858	-0.144081	
1	-1.749042	1.250000	-0.819937	-0.151077	
1	-1.749042	1.250000	-0.819937	-0.151077	
1	-1.752880	1.230469	-0.813921	-0.158133	
1	-1.752880	1.230469	-0.813921	-0.158133	
1	-1.756360	1.210938	-0.807809	-0.165246	
1	-1.756360	1.210938	-0.807809	-0.165246	
1	-1.757812	1.201890	-0.804933	-0.168574	
1	-1.757812	1.201890	-0.804933	-0.168574	
1	-1.759524	1.191406	-0.801614	-0.172401	
1	-1.759524	1.191406	-0.801614	-0.172401	
1	-1.762362	1.171875	-0.795332	-0.179601	
1	-1.762362	1.171875	-0.795332	-0.179601	
1	-1.764848	1.152344	-0.788955	-0.186856	
1	-1.764848	1.152344	-0.788955	-0.186856	
1	-1.766984	1.132812	-0.782483	-0.194165	
1	-1.766984	1.132812	-0.782483	-0.194165	
1	-1.768773	1.113281	-0.775917	-0.201526	
1	-1.768773	1.113281	-0.775917	-0.201526	
1	-1.770219	1.093750	-0.769255	-0.208937	
1	-1.770219	1.093750	-0.769255	-0.208937	
1	-1.771323	1.074219	-0.762500	-0.216399	
1	-1.771323	1.074219	-0.762500	-0.216399	
1	-1.772088	1.054688	-0.755650	-0.223908	
1	-1.772088	1.054688	-0.755650	-0.223908	
1	-1.772514	1.035156	-0.748706	-0.231464	
1	-1.772514	1.035156	-0.748706	-0.231464	
1	-1.772602	1.015625	-0.741668	-0.239067	
1	-1.772602	1.015625	-0.741668	-0.239067	
1	-1.772353	0.996094	-0.734536	-0.246715	
1	-1.772353	0.996094	-0.734536	-0.246715	
1	-1.771767	0.976562	-0.727310	-0.254407	
1	-1.771767	0.976562	-0.727310	-0.254407	
1	-1.770845	0.957031	-0.719988	-0.262142	
1	-1.770845	0.957031	-0.719988	-0.262142	
1	-1.769584	0.937500	-0.712572	-0.269921	
1	-1.769584	0.937500	-0.712572	-0.269921	
1	-1.767984	0.917969	-0.705059	-0.277741	
1	-1.767984	0.917969	-0.705059	-0.277741	
1	-1.766043	0.898438	-0.697450	-0.285603	
1	-1.766043	0.898438	-0.697450	-0.285603	
1	-1.763759	0.878906	-0.689744	-0.293506	
1	-1.763759	0.878906	-0.689744	-0.293506	
1	-1.761129	0.859375	-0.681939	-0.301450	
1	-1.761129	0.859375	-0.681939	-0.301450	
1	-1.758151	0.839844	-0.674034	-0.309434	
1	-1.758151	0.839844	-0.674034	-0.309434	
1	-1.757812	0.837857	-0.673219	-0.310255	
1	-1.757812	0.837857	-0.673219	-0.310255	
1	-1.754881	0.820312	-0.666050	-0.317438	
1	-1.754881	0.820312	-0.666050	-0.317438	
1	-1.751267	0.800781	-0.657969	-0.325476	
1	-1.751267	0.800781	-0.657969	-0.325476	
1	-1.747299	0.781250	-0.649787	-0.333553	
1	-1.747299	0.781250	-0.649787	-0.333553	
1	-1.742971	0.761719	-0.641501	-0.341667	
1	-1.742971	0.761719	-0.641501	-0.341667	
1	-1.738281	0.742209	-0.633120	-0.349811	
1	-1.738281	0.742209	-0.633120	-0.349811	
1	-1.738276	0.742188	-0.633110	-0.349820	
1	-1.738276	0.742188	-0.633110	-0.349820	
1	-1.733314	0.722656	-0.624650	-0.357974	
1	-1.733314	0.722656	-0.624650	-0.357974	
1	-1.727978	0.703125	-0.616083	-0.366165	
1	-1.727978	0.703125	-0.616083	-0.366165	
1	-1.722261	0.683594	-0.607406	-0.374393	
1	-1.722261	0.683594	-0.607406	-0.374393	
1	-1.718750	0.672339	-0.602341	-0.379165	
1	-1.718750	0.672339	-0.602341	-0.379165	
1	-1.716209	0.664062	-0.598637	-0.382640	
1	-1.716209	0.664062	-0.598637	-0.382640	
1	-1.709839	0.644531	-0.589783	-0.390897	
1	-1.709839	0.644531	-0.589783	-0.390897	
1	-1.703067	0.625000	-0.580813	-0.399190	
1	-1.703067	0.625000	-0.580813	-0.399190	
1	-1.699219	0.614503	-0.575929	-0.403676	
1	-1.699219	0.614503	-0.575929	-0.403676	
1	-1.695954	0.605469	-0.571751	-0.407496	
1	-1.695954	0.605469	-0.571751	-0.407496	
1	-1.688507	0.585938	-0.562599	-0.415811	
1	-1.688507	0.585938	-0.562599	-0.415811	
1	-1.680630	0.566406	-0.553324	-0.424161	
1	-1.680630	0.566406	-0.553324	-0.424161	
1	-1.679688	0.564177	-0.552252	-0.425122	
1	-1.679688	0.564177	-0.552252	-0.425122	
1	-1.672470	0.546875	-0.543980	-0.432497	
1	-1.672470	0.546875	-0.543980	-0.432497	
1	-1.663880	0.527344	-0.534515	-0.440862	
1	-1.663880	0.527344	-0.534515	-0.440862	
1	-1.660156	0.519265	-0.530548	-0.444344	
1	-1.660156	0.519265	-0.530548	-0.444344	
1	-1.654943	0.507812	-0.524959	-0.449226	
1	-1.654943	0.507812	-0.524959	-0.449226	
1	-1.645615	0.488281	-0.515299	-0.457599	
1	-1.645615	0.488281	-0.515299	-0.457599	
1	-1.640625	0.478302	-0.510297	-0.461903	
1	-1.640625	0.478302	-0.510297	-0.461903	
1	-1.635904	0.468750	-0.505539	-0.465975	
1	-1.635904	0.468750	-0.505539	-0.465975	
1	-1.625805	0.449219	-0.495677	-0.474351	
1	-1.625805	0.449219	-0.495677	-0.474351	
1	-1.621094	0.440496	-0.491213	-0.478114	
1	-1.621094	0.440496	-0.491213	-0.478114	
1	-1.615319	0.429688	-0.485717	-0.482721	
1	-1.615319	0.429688	-0.485717	-0.482721	
1	-1.604407	0.410156	-0.475645	-0.491094	
1	-1.604407	0.410156	-0.475645	-0.491094	
1	-1.601562	0.405261	-0.473088	-0.493205	
1	-1.601562	0.405261	-0.473088	-0.493205	
1	-1.593139	0.390625	-0.465490	-0.499442	
1	-1.593139	0.390625	-0.465490	-0.499442	
1	-1.582031	0.372182	-0.455773	-0.507341	
1	-1.582031	0.372182	-0.455773	-0.507341	
1	-1.581382	0.371094	-0.455203	-0.507801	
1	-1.581382	0.371094	-0.455203	-0.507801	
1	-1.569302	0.351562	-0.444850	-0.516114	
1	-1.569302	0.351562	-0.444850	-0.516114	
1	-1.562500	0.341017	-0.439179	-0.520625	
1	-1.562500	0.341017	-0.439179	-0.520625	
1	-1.556751	0.332031	-0.434378	-0.524420	
1	-1.556751	0.332031	-0.434378	-0.524420	
1	-1.543732	0.312500	-0.423791	-0.532711	
1	-1.543732	0.312500	-0.423791	-0.532711	
1	-1.542969	0.311392	-0.423183	-0.533184	
1	-1.542969	0.311392	-0.423183	-0.533184	
1	-1.530363	0.292969	-0.413135	-0.540945	
1	-1.530363	0.292969	-0.413135	-0.540945	
1	-1.523438	0.283238	-0.407752	-0.545063	
1	-1.523438	0.283238	-0.407752	-0.545063	
1	-1.516506	0.273438	-0.402363	-0.549156	
1	-1.516506	0.273438	-0.402363	-0.549156	
1	-1.503906	0.256295	-0.392802	-0.556345	
1	-1.503906	0.256295	-0.392802	-0.556345	
1	-1.502161	0.253906	-0.391479	-0.557334	
1	-1.502161	0.253906	-0.391479	-0.557334	
1	-1.487406	0.234375	-0.380515	-0.565449	
1	-1.487406	0.234375	-0.380515	-0.565449	
1	-1.484375	0.230496	-0.378309	-0.567066	
1	-1.484375	0.230496	-0.378309	-0.567066	
1	-1.472200	0.214844	-0.369462	-0.573503	
1	-1.472200	0.214844	-0.369462	-0.573503	
1	-1.464844	0.205710	-0.364229	-0.577270	
1	-1.464844	0.205710	-0.364229	-0.577270	
1	-1.456500	0.195312	-0.358307	-0.581498	
1	-1.456500	0.195312	-0.358307	-0.581498	
1	-1.445312	0.181832	-0.350528	-0.586994	
1	-1.445312	0.181832	-0.350528	-0.586994	
1	-1.440306	0.175781	-0.347057	-0.589425	
1	-1.440306	0.175781	-0.347057	-0.589425	
1	-1.425781	0.158789	-0.337183	-0.596264	
1	-1.425781	0.158789	-0.337183	-0.596264	
1	-1.423616	0.156250	-0.335717	-0.597270	
1	-1.423616	0.156250	-0.335717	-0.597270	
1	-1.406437	0.136719	-0.324296	-0.605021	
1	-1.406437	0.136719	-0.324296	-0.605021	
1	-1.406250	0.136512	-0.324174	-0.605103	
1	-1.406250	0.136512	-0.324174	-0.605103	
1	-1.388808	0.117188	-0.312817	-0.612655	
1	-1.388808	0.117188	-0.312817	-0.612655	
1	-1.386719	0.114937	-0.311480	-0.613534	
1	-1.386719	0.114937	-0.311480	-0.613534	
1	-1.370672	0.097656	-0.301266	-0.620173	
1	-1.370672	0.097656	-0.301266	-0.620173	
1	-1.367188	0.094003	-0.299085	-0.621573	
1	-1.367188	0.094003	-0.299085	-0.621573	
1	-1.352029	0.078125	-0.289654	-0.627559	
1	-1.352029	0.078125	-0.289654	-0.627559	
1	-1.347656	0.073658	-0.286976	-0.629237	
1	-1.347656	0.073658	-0.286976	-0.629237	
1	-1.332881	0.058594	-0.277990	-0.634797	
1	-1.332881	0.058594	-0.277990	-0.634797	
1	-1.328125	0.053857	-0.275142	-0.636536	
1	-1.328125	0.053857	-0.275142	-0.636536	
1	-1.313231	0.039062	-0.266289	-0.641870	
1	-1.313231	0.039062	-0.266289	-0.641870	
1	-1.308594	0.034555	-0.263573	-0.643483	
1	-1.308594	0.034555	-0.263573	-0.643483	
1	-1.293084	0.019531	-0.254565	-0.648757	
1	-1.293084	0.019531	-0.254565	-0.648757	
1	-1.289062	0.015712	-0.252262	-0.650086	
1	-1.289062	0.015712	-0.252262	-0.650086	
1	-1.272449	0.000000	-0.242835	-0.655439	
1	-1.272449	0.000000	-0.242835	-0.655439	
1	-1.269531	-0.002711	-0.241202	-0.656352	
1	-1.269531	-0.002711	-0.241202	-0.656352	
1	-1.251338	-0.019531	-0.231120	-0.661893	
1	-1.251338	-0.019531	-0.231120	-0.661893	
1	-1.250000	-0.020750	-0.230388	-0.662288	
1	-1.250000	-0.020750	-0.230388	-0.662288	
1	-1.230469	-0.038450	-0.219816	-0.667899	
1	-1.230469	-0.038450	-0.219816	-0.667899	
1	-1.229791	-0.039062	-0.219453	-0.668089	
1	-1.229791	-0.039062	-0.219453	-0.668089	
1	-1.210938	-0.055868	-0.209480	-0.673191	
1	-1.210938	-0.055868	-0.209480	-0.673191	
1	-1.207859	-0.058594	-0.207872	-0.673996	
1	-1.207859	-0.058594	-0.207872	-0.673996	
1	-1.191406	-0.073023	-0.199383	-0.678163	
1	-1.191406	-0.073023	-0.199383	-0.678163	
1	-1.185546	-0.078125	-0.196400	-0.679593	
1	-1.185546	-0.078125	-0.196400	-0.679593	
1	-1.171875	-0.089952	-0.189525	-0.682818	
1	-1.171875	-0.089952	-0.189525	-0.682818	
1	-1.162901	-0.097656	-0.185078	-0.684849	
1	-1.162901	-0.097656	-0.185078	-0.684849	
1	-1.152344	-0.106694	-0.179910	-0.687155	
1	-1.152344	-0.106694	-0.179910	-0.687155	
1	-1.139990	-0.117188	-0.173957	-0.689732	
1	-1.139990	-0.117188	-0.173957	-0.689732	
1	-1.132812	-0.123291	-0.170540	-0.691173	
1	-1.132812	-0.123291	-0.170540	-0.691173	
1	-1.116901	-0.136719	-0.163094	-0.694208	
1	-1.116901	-0.136719	-0.163094	-0.694208	
1	-1.113281	-0.139791	-0.161421	-0.694870	
1	-1.113281	-0.139791	-0.161421	-0.694870	
1	-1.093750	-0.156249	-0.152561	-0.698245	
1	-1.093750	-0.156249	-0.152561	-0.698245	
1	-1.093749	-0.156250	-0.152560	-0.698245	
1	-1.093749	-0.156250	-0.152560	-0.698245	
1	-1.074219	-0.172858	-0.143953	-0.701297	
1	-1.074219	-0.172858	-0.143953	-0.701297	
1	-1.070759	-0.175781	-0.142460	-0.701802	
1	-1.070759	-0.175781	-0.142460	-0.701802	
1	-1.054688	-0.189604	-0.135624	-0.704017	
1	-1.054688	-0.189604	-0.135624	-0.704017	
1	-1.048019	-0.195312	-0.132852	-0.704867	
1	-1.048019	-0.195312	-0.132852	-0.704867	
1	-1.035156	-0.206597	-0.127588	-0.706398	
1	-1.035156	-0.206597	-0.127588	-0.706398	
1	-1.025735	-0.214844	-0.123830	-0.707421	
1	-1.025735	-0.214844	-0.123830	-0.707421	
1	-1.015625	-0.223988	-0.119867	-0.708432	
1	-1.015625	-0.223988	-0.119867	-0.708432	
1	-1.004152	-0.234375	-0.115495	-0.709460	
1	-1.004152	-0.234375	-0.115495	-0.709460	
1	-0.996094	-0.241983	-0.112487	-0.710109	
1	-0.996094	-0.241983	-0.112487	-0.710109	
1	-0.983533	-0.253906	-0.107943	-0.710993	
1	-0.983533	-0.253906	-0.107943	-0.710993	
1	-0.976562	-0.260885	-0.105484	-0.711419	
1	-0.976562	-0.260885	-0.105484	-0.711419	
1	-0.964157	-0.273438	-0.101260	-0.712053	
1	-0.964157	-0.273438	-0.101260	-0.712053	
1	-0.957031	-0.281146	-0.098913	-0.712348	
1	-0.957031	-0.281146	-0.098913	-0.712348	
1	-0.946287	-0.292969	-0.095516	-0.712691	
1	-0.946287	-0.292969	-0.095516	-0.712691	
1	-0.937500	-0.303481	-0.092861	-0.712882	
1	-0.937500	-0.303481	-0.092861	-0.712882	
1	-0.930144	-0.312500	-0.090745	-0.712979	
1	-0.930144	-0.312500	-0.090745	-0.712979	
1	-0.917969	-0.329087	-0.087478	-0.713015	
1	-0.917969	-0.329087	-0.087478	-0.713015	
1	-0.915877	-0.332031	-0.086951	-0.713005	
1	-0.915877	-0.332031	-0.086951	-0.713005	
1	-0.903683	-0.351562	-0.084129	-0.712867	
1	-0.903683	-0.351562	-0.084129	-0.712867	
1	-0.898438	-0.361375	-0.083082	-0.712768	
1	-0.898438	-0.361375	-0.083082	-0.712768	
1	-0.893489	-0.371094	-0.082198	-0.712659	
1	-0.893489	-0.371094	-0.082198	-0.712659	
1	-0.885277	-0.390625	-0.081087	-0.712474	
1	-0.885277	-0.390625	-0.081087	-0.712474	
1	-0.878906	-0.409903	-0.080681	-0.712384	
1	-0.878906	-0.409903	-0.080681	-0.712384	
1	-0.878828	-0.410156	-0.080678	-0.712383	
1	-0.878828	-0.410156	-0.080678	-0.712383	
1	-0.874223	-0.429688	-0.080923	-0.712460	
1	-0.874223	-0.429688	-0.080923	-0.712460	
1	-0.871093	-0.449219	-0.081684	-0.712740	
1	-0.871093	-0.449219	-0.081684	-0.712740	
1	-0.869281	-0.468750	-0.082878	-0.713257	
1	-0.869281	-0.468750	-0.082878	-0.713257	
1	-0.868627	-0.488281	-0.084429	-0.714032	
1	-0.868627	-0.488281	-0.084429	-0.714032	
1	-0.868976	-0.507812	-0.086269	-0.715076	
1	-0.868976	-0.507812	-0.086269	-0.715076	
1	-0.870183	-0.527344	-0.088341	-0.716393	
1	-0.870183	-0.527344	-0.088341	-0.716393	
1	-0.872116	-0.546875	-0.090593	-0.717983	
1	-0.872116	-0.546875	-0.090593	-0.717983	
1	-0.874654	-0.566406	-0.092985	-0.719839	
1	-0.874654	-0.566406	-0.092985	-0.719839	
1	-0.877694	-0.585938	-0.095481	-0.721954	
1	-0.877694	-0.585938	-0.095481	-0.721954	
1	-0.878906	-0.592658	-0.096367	-0.722747	
1	-0.878906	-0.592658	-0.096367	-0.722747	
1	-0.881275	-0.605469	-0.098069	-0.724333	
1	-0.881275	-0.605469	-0.098069	-0.724333	
1	-0.885283	-0.625000	-0.100717	-0.726964	
1	-0.885283	-0.625000	-0.100717	-0.726964	
1	-0.889574	-0.644531	-0.103397	-0.729827	
1	-0.889574	-0.644531	-0.103397	-0.729827	
1	-0.894087	-0.664062	-0.106092	-0.732912	
1	-0.894087	-0.664062	-0.106092	-0.732912	
1	-0.898438	-0.682166	-0.108593	-0.735962	
1	-0.898438	-0.682166	-0.108593	-0.735962	
1	-0.898791	-0.683594	-0.108791	-0.736211	
1	-0.898791	-0.683594	-0.108791	-0.736211	
1	-0.903892	-0.703125	-0.111504	-0.739742	
1	-0.903892	-0.703125	-0.111504	-0.739742	
1	-0.909090	-0.722656	-0.114197	-0.743467	
1	-0.909090	-0.722656	-0.114197	-0.743467	
1	-0.914352	-0.742188	-0.116862	-0.747375	
1	-0.914352	-0.742188	-0.116862	-0.747375	
1	-0.917969	-0.755418	-0.118652	-0.750127	
1	-0.917969	-0.755418	-0.118652	-0.750127	
1	-0.919750	-0.761719	-0.119503	-0.751471	
1	-0.919750	-0.761719	-0.119503	-0.751471	
1	-0.925378	-0.781250	-0.122119	-0.755758	
1	-0.925378	-0.781250	-0.122119	-0.755758	
1	-0.930999	-0.800781	-0.124691	-0.760205	
1	-0.930999	-0.800781	-0.124691	-0.760205	
1	-0.936598	-0.820312	-0.127217	-0.764806	
1	-0.936598	-0.820312	-0.127217	-0.764806	
1	-0.937500	-0.823426	-0.127616	-0.765554	
1	-0.937500	-0.823426	-0.127616	-0.765554	
1	-0.942429	-0.839844	-0.129709	-0.769582	
1	-0.942429	-0.839844	-0.129709	-0.769582	
1	-0.948260	-0.859375	-0.132152	-0.774504	
1	-0.948260	-0.859375	-0.132152	-0.774504	
1	-0.954029	-0.878906	-0.134540	-0.779561	
1	-0.954029	-0.878906	-0.134540	-0.779561	
1	-0.957031	-0.889107	-0.135767	-0.782255	
1	-0.957031	-0.889107	-0.135767	-0.782255	
1	-0.959878	-0.898438	-0.136882	-0.784762	
1	-0.959878	-0.898438	-0.136882	-0.784762	
1	-0.965813	-0.917969	-0.139174	-0.790104	
1	-0.965813	-0.917969	-0.139174	-0.790104	
1	-0.971659	-0.937500	-0.141409	-0.795564	
1	-0.971659	-0.937500	-0.141409	-0.795564	
1	-0.976562	-0.954106	-0.143264	-0.800297	
1	-0.976562	-0.954106	-0.143264	-0.800297	
1	-0.977458	-0.957031	-0.143588	-0.801144	
1	-0.977458	-0.957031	-0.143588	-0.801144	
1	-0.983419	-0.976562	-0.145720	-0.806859	
1	-0.983419	-0.976562	-0.145720	-0.806859	
1	-0.989274	-0.996094	-0.147793	-0.812680	
1	-0.989274	-0.996094	-0.147793	-0.812680	
1	-0.995021	-1.015625	-0.149809	-0.818603	
1	-0.995021	-1.015625	-0.149809	-0.818603	
1	-0.996094	-1.019298	-0.150182	-0.819729	
1	-0.996094	-1.019298	-0.150182	-0.819729	
1	-1.000894	-1.035156	-0.151775	-0.824648	
1	-1.000894	-1.035156	-0.151775	-0.824648	
1	-1.006705	-1.054688	-0.153685	-0.830792	
1	-1.006705	-1.054688	-0.153685	-0.830792	
1	-1.012398	-1.074219	-0.155538	-0.837030	
1	-1.012398	-1.074219	-0.155538	-0.837030	
1	-1.015625	-1.085461	-0.156580	-0.840661	
1	-1.015625	-1.085461	-0.156580	-0.840661	
1	-1.018090	-1.093750	-0.157338	-0.843367	
1	-1.018090	-1.093750	-0.157338	-0.843367	
1	-1.023813	-1.113281	-0.159086	-0.849804	
1	-1.023813	-1.113281	-0.159086	-0.849804	
1	-1.029413	-1.132812	-0.160779	-0.856325	
1	-1.029413	-1.132812	-0.160779	-0.856325	
1	-1.034890	-1.152344	-0.162418	-0.862929	
1	-1.034890	-1.152344	-0.162418	-0.862929	
1	-1.035156	-1.153303	-0.162497	-0.863256	
1	-1.035156	-1.153303	-0.162497	-0.863256	
1	-1.040480	-1.171875	-0.164007	-0.869632	
1	-1.040480	-1.171875	-0.164007	-0.869632	
1	-1.045953	-1.191406	-0.165544	-0.876413	
1	-1.045953	-1.191406	-0.165544	-0.876413	
1	-1.051299	-1.210938	-0.167030	-0.883270	
1	-1.051299	-1.210938	-0.167030	-0.883270	
1	-1.054688	-1.223571	-0.167963	-0.887745	
1	-1.054688	-1.223571	-0.167963	-0.887745	
1	-1.056600	-1.230469	-0.168465	-0.890207	
1	-1.056600	-1.230469	-0.168465	-0.890207	
1	-1.061916	-1.250000	-0.169852	-0.897227	
1	-1.061916	-1.250000	-0.169852	-0.897227	
1	-1.067103	-1.269531	-0.171189	-0.904317	
1	-1.067103	-1.269531	-0.171189	-0.904317	
1	-1.072162	-1.289062	-0.172478	-0.911477	
1	-1.072162	-1.289062	-0.172478	-0.911477	
1	-1.074219	-1.297166	-0.172999	-0.914468	
1	-1.074219	-1.297166	-0.172999	-0.914468	
1	-1.077212	-1.308594	-0.173721	-0.918713	
1	-1.077212	-1.308594	-0.173721	-0.918713	
1	-1.082214	-1.328125	-0.174918	-0.926021	
1	-1.082214	-1.328125	-0.174918	-0.926021	
1	-1.087086	-1.347656	-0.176068	-0.933394	
1	-1.087086	-1.347656	-0.176068	-0.933394	
1	-1.091831	-1.367188	-0.177174	-0.940831	
1	-1.091831	-1.367188	-0.177174	-0.940831	
1	-1.093750	-1.375267	-0.177618	-0.943926	
1	-1.093750	-1.375267	-0.177618	-0.943926	
1	-1.096552	-1.386719	-0.178236	-0.948338	
1	-1.096552	-1.386719	-0.178236	-0.948338	
1	-1.101215	-1.406250	-0.179255	-0.955911	
1	-1.101215	-1.406250	-0.179255	-0.955911	
1	-1.105748	-1.425781	-0.180231	-0.963545	
1	-1.105748	-1.425781	-0.180231	-0.963545	
1	-1.110154	-1.445312	-0.181166	-0.971240	
1	-1.110154	-1.445312	-0.181166	-0.971240	
1	-1.113281	-1.459555	-0.181822	-0.976889	
1	-1.113281	-1.459555	-0.181822	-0.976889	
1	-1.114476	-1.464844	-0.182060	-0.978997	
1	-1.114476	-1.464844	-0.182060	-0.978997	
1	-1.118777	-1.484375	-0.182914	-0.986817	
1	-1.118777	-1.484375	-0.182914	-0.986817	
1	-1.122949	-1.503906	-0.183729	-0.994696	
1	-1.122949	-1.503906	-0.183729	-0.994696	
1	-1.126996	-1.523438	-0.184506	-1.002632	
1	-1.126996	-1.523438	-0.184506	-1.002632	
1	-1.130918	-1.542969	-0.185244	-1.010625	
1	-1.130918	-1.542969	-0.185244	-1.010625	
1	-1.132812	-1.552684	-0.185598	-1.014622	
1	-1.132812	-1.552684	-0.185598	-1.014622	
1	-1.134777	-1.562500	-0.185946	-1.018677	
1	-1.134777	-1.562500	-0.185946	-1.018677	
1	-1.138570	-1.582031	-0.186611	-1.026787	
1	-1.138570	-1.582031	-0.186611	-1.026787	
1	-1.142237	-1.601562	-0.187241	-1.034952	
1	-1.142237	-1.601562	-0.187241	-1.034952	
1	-1.145780	-1.621094	-0.187835	-1.043172	
1	-1.145780	-1.621094	-0.187835	-1.043172	
1	-1.149201	-1.640625	-0.188396	-1.051446	
1	-1.149201	-1.640625	-0.188396	-1.051446	
1	-1.152344	-1.659217	-0.188898	-1.059372	
1	-1.152344	-1.659217	-0.188898	-1.059372	
1	-1.152506	-1.660156	-0.188922	-1.059775	
1	-1.152506	-1.660156	-0.188922	-1.059775	
1	-1.155777	-1.679688	-0.189416	-1.068159	
1	-1.155777	-1.679688	-0.189416	-1.068159	
1	-1.158925	-1.699219	-0.189877	-1.076596	
1	-1.158925	-1.699219	-0.189877	-1.076596	
1	-1.161950	-1.718750	-0.190307	-1.085085	
1	-1.161950	-1.718750	-0.190307	-1.085085	
1	-1.164855	-1.738281	-0.190705	-1.093627	
1	-1.164855	-1.738281	-0.190705	-1.093627	
1	-1.167642	-1.757812	-0.191072	-1.102221	
1	-1.167642	-1.757812	-0.191072	-1.102221	
1	-1.170310	-1.777344	-0.191410	-1.110867	
1	-1.170310	-1.777344	-0.191410	-1.110867	
1	-1.171875	-1.789308	-0.191602	-1.116188	
1	-1.171875	-1.789308	-0.191602	-1.116188	
1	-1.172886	-1.796875	-0.191718	-1.119564	
1	-1.172886	-1.796875	-0.191718	-1.119564	
1	-1.175382	-1.816406	-0.191997	-1.128313	
1	-1.175382	-1.816406	-0.191997	-1.128313	
1	-1.177759	-1.835938	-0.192247	-1.137113	
1	-1.177759	-1.835938	-0.192247	-1.137113	
1	-1.180018	-1.855469	-0.192469	-1.145963	
1	-1.180018	-1.855469	-0.192469	-1.145963	
1	-1.182161	-1.875000	-0.192664	-1.154863	
1	-1.182161	-1.875000	-0.192664	-1.154863	
1	-1.184188	-1.894531	-0.192831	-1.163813	
1	-1.184188	-1.894531	-0.192831	-1.163813	
1	-1.186100	-1.914062	-0.192972	-1.172813	
1	-1.186100	-1.914062	-0.192972	-1.172813	
1	-1.187899	-1.933594	-0.193087	-1.181862	
1	-1.187899	-1.933594	-0.193087	-1.181862	
1	-1.189585	-1.953125	-0.193176	-1.190961	
1	-1.189585	-1.953125	-0.193176	-1.190961	
1	-1.191159	-1.972656	-0.193239	-1.200109	
1	-1.191159	-1.972656	-0.193239	-1.200109	
1	-1.191406	-1.975949	-0.193247	-1.201656	
1	-1.191406	-1.975949	-0.193247	-1.201656	
1	-1.192647	-1.992188	-0.193277	-1.209306	
1	-1.192647	-1.992188	-0.193277	-1.209306	
1	-1.194027	-2.011719	-0.193291	-1.218551	
1	-1.194027	-2.011719	-0.193291	-1.218551	
1	-1.195293	-2.031250	-0.193281	-1.227845	
1	-1.195293	-2.031250	-0.193281	-1.227845	
1	-1.196448	-2.050781	-0.193246	-1.237187	
1	-1.196448	-2.050781	-0.193246	-1.237187	
1	-1.197491	-2.070312	-0.193188	-1.246577	
1	-1.197491	-2.070312	-0.193188	-1.246577	
1	-1.198424	-2.089844	-0.193107	-1.256015	
1	-1.198424	-2.089844	-0.193107	-1.256015	
1	-1.199247	-2.109375	-0.193002	-1.265501	
1	-1.199247	-2.109375	-0.193002	-1.265501	
1	-1.199961	-2.128906	-0.192875	-1.275034	
1	-1.199961	-2.128906	-0.192875	-1.275034	
1	-1.200566	-2.148438	-0.192726	-1.284615	
1	-1.200566	-2.148438	-0.192726	-1.284615	
1	-1.201063	-2.167969	-0.192554	-1.294243	
1	-1.201063	-2.167969	-0.192554	-1.294243	
1	-1.201452	-2.187500	-0.192361	-1.303918	
1	-1.201452	-2.187500	-0.192361	-1.303918	
1	-1.201735	-2.207031	-0.192146	-1.313640	
1	-1.201735	-2.207031	-0.192146	-1.313640	
1	-1.201911	-2.226562	-0.191910	-1.323409	
1	-1.201911	-2.226562	-0.191910	-1.323409	
1	-1.201981	-2.246094	-0.191653	-1.333224	
1	-1.201981	-2.246094	-0.191653	-1.333224	
1	-1.201946	-2.265625	-0.191375	-1.343086	
1	-1.201946	-2.265625	-0.191375	-1.343086	
1	-1.201805	-2.285156	-0.191076	-1.352994	
1	-1.201805	-2.285156	-0.191076	-1.352994	
1	-1.201560	-2.304688	-0.190757	-1.362948	
1	-1.201560	-2.304688	-0.190757	-1.362948	
1	-1.201210	-2.324219	-0.190418	-1.372949	
1	-1.201210	-2.324219	-0.190418	-1.372949	
1	-1.200757	-2.343750	-0.190058	-1.382995	
1	-1.200757	-2.343750	-0.190058	-1.382995	
1	-1.200200	-2.363281	-0.189679	-1.393087	
1	-1.200200	-2.363281	-0.189679	-1.393087	
1	-1.199540	-2.382812	-0.189280	-1.403225	
1	-1.199540	-2.382812	-0.189280	-1.403225	
1	-1.198777	-2.402344	-0.188862	-1.413409	
1	-1.198777	-2.402344	-0.188862	-1.413409	
1	-1.197911	-2.421875	-0.188424	-1.423638	
1	-1.197911	-2.421875	-0.188424	-1.423638	
1	-1.196944	-2.441406	-0.187967	-1.433912	
1	-1.196944	-2.441406	-0.187967	-1.433912	
1	-1.195874	-2.460938	-0.187491	-1.444231	
1	-1.195874	-2.460938	-0.187491	-1.444231	
1	-1.194703	-2.480469	-0.186996	-1.454596	
1	-1.194703	-2.480469	-0.186996	-1.454596	
1	-1.193431	-2.500000	-0.186482	-1.465005	
1	-1.193431	-2.500000	-0.186482	-1.465005	
1	-1.192058	-2.519531	-0.185949	-1.475460	
1	-1.192058	-2.519531	-0.185949	-1.475460	
1	-1.191406	-2.528168	-0.185708	-1.480097	
1	-1.191406	-2.528168	-0.185708	-1.480097	
1	-1.190593	-2.539062	-0.185398	-1.485958	
1	-1.190593	-2.539062	-0.185398	-1.485958	
1	-1.189036	-2.558594	-0.184828	-1.496502	
1	-1.189036	-2.558594	-0.184828	-1.496502	
1	-1.187380	-2.578125	-0.184240	-1.507090	
1	-1.187380	-2.578125	-0.184240	-1.507090	
1	-1.185623	-2.597656	-0.183634	-1.517722	
1	-1.185623	-2.597656	-0.183634	-1.517722	
1	-1.183768	-2.617188	-0.183009	-1.528399	
1	-1.183768	-2.617188	-0.183009	-1.528399	
1	-1.181813	-2.636719	-0.182366	-1.539120	
1	-1.181813	-2.636719	-0.182366	-1.539120	
1	-1.179760	-2.656250	-0.181706	-1.549885	
1	-1.179760	-2.656250	-0.181706	-1.549885	
1	-1.177607	-2.675781	-0.181027	-1.560694	
1	-1.177607	-2.675781	-0.181027	-1.560694	
1	-1.175357	-2.695312	-0.180330	-1.571547	
1	-1.175357	-2.695312	-0.180330	-1.571547	
1	-1.173008	-2.714844	-0.179615	-1.582444	
1	-1.173008	-2.714844	-0.179615	-1.582444	
1	-1.171875	-2.723891	-0.179278	-1.587507	
1	-1.171875	-2.723891	-0.179278	-1.587507	
1	-1.170573	-2.734375	-0.178883	-1.593385	
1	-1.170573	-2.734375	-0.178883	-1.593385	
1	-1.168050	-2.753906	-0.178132	-1.604368	
1	-1.168050	-2.753906	-0.178132	-1.604368	
1	-1.165430	-2.773438	-0.177364	-1.615396	
1	-1.165430	-2.773438	-0.177364	-1.615396	
1	-1.162712	-2.792969	-0.176578	-1.626467	
1	-1.162712	-2.792969	-0.176578	-1.626467	
1	-1.159896	-2.812500	-0.175775	-1.637581	
1	-1.159896	-2.812500	-0.175775	-1.637581	
1	-1.156983	-2.832031	-0.174953	-1.648739	
1	-1.156983	-2.832031	-0.174953	-1.648739	
1	-1.153973	-2.851562	-0.174114	-1.659940	
1	-1.153973	-2.851562	-0.174114	-1.659940	
1	-1.152344	-2.861813	-0.173667	-1.665837	
1	-1.152344	-2.861813	-0.173667	-1.665837	
1	-1.150878	-2.871094	-0.173258	-1.671184	
1	-1.150878	-2.871094	-0.173258	-1.671184	
1	-1.147697	-2.890625	-0.172383	-1.682471	
1	-1.147697	-2.890625	-0.172383	-1.682471	
1	-1.144420	-2.910156	-0.171491	-1.693801	
1	-1.144420	-2.910156	-0.171491	-1.693801	
1	-1.141045	-2.929688	-0.170581	-1.705174	
1	-1.141045	-2.929688	-0.170581	-1.705174	
1	-1.137574	-2.949219	-0.169654	-1.716590	
1	-1.137574	-2.949219	-0.169654	-1.716590	
1	-1.134007	-2.968750	-0.168709	-1.728049	
1	-1.134007	-2.968750	-0.168709	-1.728049	
1	-1.132812	-2.975124	-0.168396	-1.731799	
1	-1.132812	-2.975124	-0.168396	-1.731799	
1	-1.130359	-2.988281	-0.167746	-1.739551	
1	-1.130359	-2.988281	-0.167746	-1.739551	
1	-1.126621	-3.007812	-0.166765	-1.751094	
1	-1.126621	-3.007812	-0.166765	-1.751094	
1	-1.122787	-3.027344	-0.165766	-1.762681	
1	-1.122787	-3.027344	-0.165766	-1.762681	
1	-1.118856	-3.046875	-0.164750	-1.774310	
1	-1.118856	-3.046875	-0.164750	-1.774310	
1	-1.114829	-3.066406	-0.163715	-1.785983	
1	-1.114829	-3.066406	-0.163715	-1.785983	
1	-1.113281	-3.073746	-0.163322	-1.790380	
1	-1.113281	-3.073746	-0.163322	-1.790380	
1	-1.110719	-3.085938	-0.162663	-1.797697	
1	-1.110719	-3.085938	-0.162663	-1.797697	
1	-1.106521	-3.105469	-0.161593	-1.809453	
1	-1.106521	-3.105469	-0.161593	-1.809453	
1	-1.102226	-3.125000	-0.160505	-1.821252	
1	-1.102226	-3.125000	-0.160505	-1.821252	
1	-1.097835	-3.144531	-0.159398	-1.833094	
1	-1.097835	-3.144531	-0.159398	-1.833094	
1	-1.093750	-3.162313	-0.158375	-1.843912	
1	-1.093750	-3.162313	-0.158375	-1.843912	
1	-1.093349	-3.164062	-0.158274	-1.844978	
1	-1.093349	-3.164062	-0.158274	-1.844978	
1	-1.088785	-3.183594	-0.157131	-1.856904	
1	-1.088785	-3.183594	-0.157131	-1.856904	
1	-1.084124	-3.203125	-0.155970	-1.868872	
1	-1.084124	-3.203125	-0.155970	-1.868872	
1	-1.079366	-3.222656	-0.154790	-1.880883	
1	-1.079366	-3.222656	-0.154790	-1.880883	
1	-1.074512	-3.242188	-0.153592	-1.892936	
1	-1.074512	-3.242188	-0.153592	-1.892936	
1	-1.074219	-3.243346	-0.153521	-1.893653	
1	-1.074219	-3.243346	-0.153521	-1.893653	
1	-1.069577	-3.261719	-0.152376	-1.905031	
1	-1.069577	-3.261719	-0.152376	-1.905031	
1	-1.064547	-3.281250	-0.151140	-1.917168	
1	-1.064547	-3.281250	-0.151140	-1.917168	
1	-1.059419	-3.300781	-0.149886	-1.929348	
1	-1.059419	-3.300781	-0.149886	-1.929348	
1	-1.054688	-3.318475	-0.148734	-1.940419	
1	-1.054688	-3.318475	-0.148734	-1.940419	
1	-1.054196	-3.320312	-0.148614	-1.941570	
1	-1.054196	-3.320312	-0.148614	-1.941570	
1	-1.048890	-3.339844	-0.147322	-1.953834	
1	-1.048890	-3.339844	-0.147322	-1.953834	
1	-1.043486	-3.359375	-0.146011	-1.966140	
1	-1.043486	-3.359375	-0.146011	-1.966140	
1	-1.037984	-3.378906	-0.144681	-1.978488	
1	-1.037984	-3.378906	-0.144681	-1.978488	
1	-1.035156	-3.388784	-0.144000	-1.984751	
1	-1.035156	-3.388784	-0.144000	-1.984751	
1	-1.032391	-3.398438	-0.143331	-1.990879	
1	-1.032391	-3.398438	-0.143331	-1.990879	
1	-1.026707	-3.417969	-0.141962	-2.003312	
1	-1.026707	-3.417969	-0.141962	-2.003312	
1	-1.020924	-3.437500	-0.140574	-2.015788	
1	-1.020924	-3.437500	-0.140574	-2.015788	
1	-1.015625	-3.455106	-0.139305	-2.027070	
1	-1.015625	-3.455106	-0.139305	-2.027070	
1	-1.015045	-3.457031	-0.139165	-2.028306	
1	-1.015045	-3.457031	-0.139165	-2.028306	
1	-1.009075	-3.476562	-0.137737	-2.040866	
1	-1.009075	-3.476562	-0.137737	-2.040866	
1	-1.003007	-3.496094	-0.136289	-2.053468	
1	-1.003007	-3.496094	-0.136289	-2.053468	
1	-0.996841	-3.515625	-0.134821	-2.066114	
1	-0.996841	-3.515625	-0.134821	-2.066114	
1	-0.996094	-3.517959	-0.134644	-2.067628	
1	-0.996094	-3.517959	-0.134644	-2.067628	
1	-0.990580	-3.535156	-0.133332	-2.078801	
1	-0.990580	-3.535156	-0.133332	-2.078801	
1	-0.984221	-3.554688	-0.131823	-2.091532	
1	-0.984221	-3.554688	-0.131823	-2.091532	
1	-0.977764	-3.574219	-0.130293	-2.104305	
1	-0.977764	-3.574219	-0.130293	-2.104305	
1	-0.976562	-3.577806	-0.130010	-2.106656	
1	-0.976562	-3.577806	-0.130010	-2.106656	
1	-0.971208	-3.593750	-0.128743	-2.117121	
1	-0.971208	-3.593750	-0.128743	-2.117121	
1	-0.964553	-3.613281	-0.127171	-2.129979	
1	-0.964553	-3.613281	-0.127171	-2.129979	
1	-0.957799	-3.632812	-0.125578	-2.142881	
1	-0.957799	-3.632812	-0.125578	-2.142881	
1	-0.957031	-3.635007	-0.125398	-2.144333	
1	-0.957031	-3.635007	-0.125398	-2.144333	
1	-0.950943	-3.652344	-0.123964	-2.155826	
1	-0.950943	-3.652344	-0.123964	-2.155826	
1	-0.943986	-3.671875	-0.122328	-2.168814	
1	-0.943986	-3.671875	-0.122328	-2.168814	
1	-0.937500	-3.689832	-0.120805	-2.180793	
1	-0.937500	-3.689832	-0.120805	-2.180793	
1	-0.936929	-3.691406	-0.120670	-2.181845	
1	-0.936929	-3.691406	-0.120670	-2.181845	
1	-0.929764	-3.710938	-0.118990	-2.194920	
1	-0.929764	-3.710938	-0.118990	-2.194920	
1	-0.922500	-3.730469	-0.117289	-2.208038	
1	-0.922500	-3.730469	-0.117289	-2.208038	
1	-0.917969	-3.742499	-0.116229	-2.216140	
1	-0.917969	-3.742499	-0.116229	-2.216140	
1	-0.915130	-3.750000	-0.115564	-2.221200	
1	-0.915130	-3.750000	-0.115564	-2.221200	
1	-0.907652	-3.769531	-0.113817	-2.234406	
1	-0.907652	-3.769531	-0.113817	-2.234406	
1	-0.900073	-3.789062	-0.112047	-2.247655	
1	-0.900073	-3.789062	-0.112047	-2.247655	
1	-0.898438	-3.793233	-0.111666	-2.250490	
1	-0.898438	-3.793233	-0.111666	-2.250490	
1	-0.892380	-3.808594	-0.110254	-2.260949	
1	-0.892380	-3.808594	-0.110254	-2.260949	
1	-0.884581	-3.828125	-0.108437	-2.274288	
1	-0.884581	-3.828125	-0.108437	-2.274288	
1	-0.878906	-3.842168	-0.107116	-2.283906	
1	-0.878906	-3.842168	-0.107116	-2.283906	
1	-0.876675	-3.847656	-0.106597	-2.287670	
1	-0.876675	-3.847656	-0.106597	-2.287670	
1	-0.868651	-3.867188	-0.104732	-2.301099	
1	-0.868651	-3.867188	-0.104732	-2.301099	
1	-0.860525	-3.886719	-0.102844	-2.314571	
1	-0.860525	-3.886719	-0.102844	-2.314571	
1	-0.859375	-3.889457	-0.102577	-2.316463	
1	-0.859375	-3.889457	-0.102577	-2.316463	
1	-0.852273	-3.906250	-0.100931	-2.328089	
1	-0.852273	-3.906250	-0.100931	-2.328089	
1	-0.843916	-3.925781	-0.098993	-2.341652	
1	-0.843916	-3.925781	-0.098993	-2.341652	
1	-0.839844	-3.935198	-0.098049	-2.348208	
1	-0.839844	-3.935198	-0.098049	-2.348208	
1	-0.835438	-3.945312	-0.097029	-2.355261	
1	-0.835438	-3.945312	-0.097029	-2.355261	
1	-0.826842	-3.964844	-0.095041	-2.368917	
1	-0.826842	-3.964844	-0.095041	-2.368917	
1	-0.820312	-3.979517	-0.093530	-2.379205	
1	-0.820312	-3.979517	-0.093530	-2.379205	
1	-0.818134	-3.984375	-0.093027	-2.382618	
1	-0.818134	-3.984375	-0.093027	-2.382618	
1	-0.809292	-4.003906	-0.090986	-2.396366	
1	-0.809292	-4.003906	-0.090986	-2.396366	
1	-0.800781	-4.022495	-0.089020	-2.409493	
1	-0.800781	-4.022495	-0.089020	-2.409493	
1	-0.800346	-4.023438	-0.088919	-2.410160	
1	-0.800346	-4.023438	-0.088919	-2.410160	
1	-0.791252	-4.042969	-0.086825	-2.424004	
1	-0.791252	-4.042969	-0.086825	-2.424004	
1	-0.782057	-4.062500	-0.084705	-2.437892	
1	-0.782057	-4.062500	-0.084705	-2.437892	
1	-0.781250	-4.064199	-0.084519	-2.439103	
1	-0.781250	-4.064199	-0.084519	-2.439103	
1	-0.772708	-4.082031	-0.082556	-2.451831	
1	-0.772708	-4.082031	-0.082556	-2.451831	
1	-0.763253	-4.101562	-0.080380	-2.465816	
1	-0.763253	-4.101562	-0.080380	-2.465816	
1	-0.761719	-4.104707	-0.080027	-2.468073	
1	-0.761719	-4.104707	-0.080027	-2.468073	
1	-0.753644	-4.121094	-0.078175	-2.479853	
1	-0.753644	-4.121094	-0.078175	-2.479853	
1	-0.743923	-4.140625	-0.075941	-2.493936	
1	-0.743923	-4.140625	-0.075941	-2.493936	
1	-0.742188	-4.144084	-0.075543	-2.496435	
1	-0.742188	-4.144084	-0.075543	-2.496435	
1	-0.734042	-4.160156	-0.073678	-2.508071	
1	-0.734042	-4.160156	-0.073678	-2.508071	
1	-0.724047	-4.179688	-0.071386	-2.522254	
1	-0.724047	-4.179688	-0.071386	-2.522254	
1	-0.722656	-4.182386	-0.071067	-2.524217	
1	-0.722656	-4.182386	-0.071067	-2.524217	
1	-0.713884	-4.199219	-0.069063	-2.536491	
1	-0.713884	-4.199219	-0.069063	-2.536491	
1	-0.703608	-4.218750	-0.066710	-2.550775	
1	-0.703608	-4.218750	-0.066710	-2.550775	
1	-0.703125	-4.219662	-0.066599	-2.551443	
1	-0.703125	-4.219662	-0.066599	-2.551443	
1	-0.693149	-4.238281	-0.064325	-2.565115	
1	-0.693149	-4.238281	-0.064325	-2.565115	
1	-0.683594	-4.255952	-0.062141	-2.578130	
1	-0.683594	-4.255952	-0.062141	-2.578130	
1	-0.682575	-4.257812	-0.061910	-2.579504	
1	-0.682575	-4.257812	-0.061910	-2.579504	
1	-0.671816	-4.277344	-0.059461	-2.593950	
1	-0.671816	-4.277344	-0.059461	-2.593950	
1	-0.664062	-4.291299	-0.057692	-2.604301	
1	-0.664062	-4.291299	-0.057692	-2.604301	
1	-0.660926	-4.296875	-0.056980	-2.608446	
1	-0.660926	-4.296875	-0.056980	-2.608446	
1	-0.649861	-4.316406	-0.054466	-2.622999	
1	-0.649861	-4.316406	-0.054466	-2.622999	
1	-0.644531	-4.325745	-0.053252	-2.629975	
1	-0.644531	-4.325745	-0.053252	-2.629975	
1	-0.638638	-4.335938	-0.051918	-2.637607	
1	-0.638638	-4.335938	-0.051918	-2.637607	
1	-0.627262	-4.355469	-0.049335	-2.652269	
1	-0.627262	-4.355469	-0.049335	-2.652269	
1	-0.625000	-4.359327	-0.048821	-2.655172	
1	-0.625000	-4.359327	-0.048821	-2.655172	
1	-0.615688	-4.375000	-0.046717	-2.666992	
1	-0.615688	-4.375000	-0.046717	-2.666992	
1	-0.605469	-4.392070	-0.044400	-2.679901	
1	-0.605469	-4.392070	-0.044400	-2.679901	
1	-0.603974	-4.394531	-0.044064	-2.681768	
1	-0.603974	-4.394531	-0.044064	-2.681768	
1	-0.592047	-4.414062	-0.041373	-2.696607	
1	-0.592047	-4.414062	-0.041373	-2.696607	
1	-0.585938	-4.423999	-0.039990	-2.704176	
1	-0.585938	-4.423999	-0.039990	-2.704176	
1	-0.579952	-4.433594	-0.038645	-2.711504	
1	-0.579952	-4.433594	-0.038645	-2.711504	
1	-0.567687	-4.453125	-0.035880	-2.726460	
1	-0.567687	-4.453125	-0.035880	-2.726460	
1	-0.566406	-4.455154	-0.035590	-2.728016	
1	-0.566406	-4.455154	-0.035590	-2.728016	
1	-0.555188	-4.472656	-0.033075	-2.741483	
1	-0.555188	-4.472656	-0.033075	-2.741483	
1	-0.546875	-4.485544	-0.031203	-2.751425	
1	-0.546875	-4.485544	-0.031203	-2.751425	
1	-0.542522	-4.492188	-0.030230	-2.756565	
1	-0.542522	-4.492188	-0.030230	-2.756565	
1	-0.529653	-4.511719	-0.027345	-2.771711	
1	-0.529653	-4.511719	-0.027345	-2.771711	
1	-0.527344	-4.515205	-0.026826	-2.774421	
1	-0.527344	-4.515205	-0.026826	-2.774421	
1	-0.516544	-4.531250	-0.024418	-2.786928	
1	-0.516544	-4.531250	-0.024418	-2.786928	
1	-0.507812	-4.544149	-0.022463	-2.797008	
1	-0.507812	-4.544149	-0.022463	-2.797008	
1	-0.503247	-4.550781	-0.021449	-2.802208	
1	-0.503247	-4.550781	-0.021449	-2.802208	
1	-0.489734	-4.570312	-0.018437	-2.817556	
1	-0.489734	-4.570312	-0.018437	-2.817556	
1	-0.488281	-4.572403	-0.018112	-2.819202	
1	-0.488281	-4.572403	-0.018112	-2.819202	
1	-0.475949	-4.589844	-0.015379	-2.832981	
1	-0.475949	-4.589844	-0.015379	-2.832981	
1	-0.468750	-4.599975	-0.013776	-2.841004	
1	-0.468750	-4.599975	-0.013776	-2.841004	
1	-0.461951	-4.609375	-0.012275	-2.848474	
1	-0.461951	-4.609375	-0.012275	-2.848474	
1	-0.449219	-4.626895	-0.009453	-2.862431	
1	-0.449219	-4.626895	-0.009453	-2.862431	
1	-0.447730	-4.628906	-0.009126	-2.864039	
1	-0.447730	-4.628906	-0.009126	-2.864039	
1	-0.433216	-4.648438	-0.005927	-2.879685	
1	-0.433216	-4.648438	-0.005927	-2.879685	
1	-0.429688	-4.653167	-0.005145	-2.883482	
1	-0.429688	-4.653167	-0.005145	-2.883482	
1	-0.418433	-4.667969	-0.002678	-2.895411	
1	-0.418433	-4.667969	-0.002678	-2.895411	
1	-0.410156	-4.678811	-0.000854	-2.904169	
1	-0.410156	-4.678811	-0.000854	-2.904169	
1	-0.403394	-4.687500	0.000622	-2.911216	
1	-0.403394	-4.687500	0.000622	-2.911216	
1	-0.390625	-4.703845	0.003422	-2.924501	
1	-0.390625	-4.703845	0.003422	-2.924501	
1	-0.388085	-4.707031	0.003973	-2.927101	
1	-0.388085	-4.707031	0.003973	-2.927101	
1	-0.372468	-4.726562	0.007379	-2.943075	
1	-0.372468	-4.726562	0.007379	-2.943075	
1	-0.371094	-4.728276	0.007680	-2.944479	
1	-0.371094	-4.728276	0.007680	-2.944479	
1	-0.356507	-4.746094	0.010842	-2.959144	
1	-0.356507	-4.746094	0.010842	-2.959144	
1	-0.351562	-4.752114	0.011920	-2.964110	
1	-0.351562	-4.752114	0.011920	-2.964110	
1	-0.340232	-4.765625	0.014363	-2.975304	
1	-0.340232	-4.765625	0.014363	-2.975304	
1	-0.332031	-4.775377	0.016142	-2.983400	
1	-0.332031	-4.775377	0.016142	-2.983400	
1	-0.323628	-4.785156	0.017944	-2.991559	
1	-0.323628	-4.785156	0.017944	-2.991559	
1	-0.312500	-4.798073	0.020344	-3.002357	
1	-0.312500	-4.798073	0.020344	-3.002357	
1	-0.306674	-4.804688	0.021586	-3.007914	
1	-0.306674	-4.804688	0.021586	-3.007914	
1	-0.292969	-4.820212	0.024526	-3.020982	
1	-0.292969	-4.820212	0.024526	-3.020982	
1	-0.289350	-4.824219	0.025292	-3.024373	
1	-0.289350	-4.824219	0.025292	-3.024373	
1	-0.273438	-4.841803	0.028686	-3.039282	
1	-0.273438	-4.841803	0.028686	-3.039282	
1	-0.271634	-4.843750	0.029066	-3.040942	
1	-0.271634	-4.843750	0.029066	-3.040942	
1	-0.253906	-4.862855	0.032824	-3.057260	
1	-0.253906	-4.862855	0.032824	-3.057260	
1	-0.253501	-4.863281	0.032909	-3.057626	
1	-0.253501	-4.863281	0.032909	-3.057626	
1	-0.234911	-4.882812	0.036826	-3.074434	
1	-0.234911	-4.882812	0.036826	-3.074434	
1	-0.234375	-4.883375	0.036940	-3.074919	
1	-0.234375	-4.883375	0.036940	-3.074919	
1	-0.215848	-4.902344	0.040819	-3.091370	
1	-0.215848	-4.902344	0.040819	-3.091370	
1	-0.214844	-4.903371	0.041031	-3.092263	
1	-0.214844	-4.903371	0.041031	-3.092263	
1	-0.196292	-4.921875	0.044892	-3.108442	
1	-0.196292	-4.921875	0.044892	-3.108442	
1	-0.195312	-4.922851	0.045097	-3.109296	
1	-0.195312	-4.922851	0.045097	-3.109296	
1	-0.176208	-4.941406	0.049049	-3.125656	
1	-0.176208	-4.941406	0.049049	-3.125656	
1	-0.175781	-4.941821	0.049138	-3.126022	
1	-0.175781	-4.941821	0.049138	-3.126022	
1	-0.156250	-4.960287	0.053152	-3.142442	
1	-0.156250	-4.960287	0.053152	-3.142442	
1	-0.155543	-4.960938	0.053295	-3.143025	
1	-0.155543	-4.960938	0.053295	-3.143025	
1	-0.136719	-4.978254	0.057137	-3.158559	
1	-0.136719	-4.978254	0.057137	-3.158559	
1	-0.134243	-4.980469	0.057636	-3.160561	
1	-0.134243	-4.980469	0.057636	-3.160561	
1	-0.117188	-4.995728	0.061094	-3.174377	
1	-0.117188	-4.995728	0.061094	-3.174377	
1	-0.112275	-5.000000	0.062076	-3.178275	
1	-0.112275	-5.000000	0.062076	-3.178275	
1	-0.097656	-5.012715	0.065020	-3.189896	
1	-0.097656	-5.012715	0.065020	-3.189896	
1	-0.089586	-5.019531	0.066623	-3.196179	
1	-0.089586	-5.019531	0.066623	-3.196179	
1	-0.078125	-5.029218	0.068915	-3.205120	
1	-0.078125	-5.029218	0.068915	-3.205120	
1	-0.066122	-5.039062	0.071282	-3.214288	
1	-0.066122	-5.039062	0.071282	-3.214288	
1	-0.058594	-5.045242	0.072778	-3.220051	
1	-0.058594	-5.045242	0.072778	-3.220051	
1	-0.041820	-5.058594	0.076063	-3.232619	
1	-0.041820	-5.058594	0.076063	-3.232619	
1	-0.039062	-5.060791	0.076608	-3.234689	
1	-0.039062	-5.060791	0.076608	-3.234689	
