1 -5410.035176 0.438298 -85.758405 4.865231 222.016057 0.303543 -46.315238 0.000000
1 -3605.435357 0.645396 -33.065374 1.039928 253.047392 0.642643 -64.294823 0.000000
1 -5410.035108 0.146975 71.870426 6.296980 63.075227 0.319229 42.555461 0.000000
1 -5410.035109 0.017352 -52.995568 9.166427 111.007123 0.035736 30.518891 0.000000
1 -3612.620492 0.293557 -20.405264 3.315479 292.400356 0.764503 62.980309 0.000000
1 -3616.344606 0.337752 -37.295257 2.219909 156.038590 1.069831 -39.743119 0.000000
1 -5410.052712 0.135656 63.601120 2.943256 344.374420 1.070741 -61.848895 0.000000
1 -5410.035460 0.255705 31.024310 6.088468 263.221026 0.389232 -86.686906 0.000000
1 -5410.035309 0.758126 -48.319991 5.990474 358.082432 0.103836 -44.398233 0.000000
1 -5410.083694 0.536432 -31.050948 4.922576 297.303392 0.881679 80.078789 0.000000
1 -5410.036237 0.316312 -48.185031 7.892177 413.062852 0.878050 46.585187 -1.216290
1 -5410.047635 0.766695 87.722656 2.987412 217.092688 0.789189 -56.107419 -1.216290
1 -5410.035839 0.335138 54.348407 7.710856 421.985735 1.199073 -47.351675 -1.216290
1 -5410.145299 0.113269 -0.487370 0.471071 109.955153 0.103105 29.663945 -1.216290
1 -5410.035122 0.592112 14.682962 7.537919 159.314835 0.605793 35.364861 -1.216290
1 -1807.988453 0.019364 -25.890343 0.814278 131.860173 0.942966 44.364605 -1.216290
1 -5410.035110 0.422753 89.733183 5.799809 127.009276 0.729044 52.681540 -1.216290
1 -5410.035159 0.173802 74.598054 5.895398 290.179746 0.548076 28.564732 -1.216290
1 -5410.035475 0.569044 75.797099 5.792830 476.640820 1.106872 29.430236 -1.216290
1 -5410.035108 0.082035 44.970128 7.970440 66.798208 0.563925 -36.755380 -1.216290
1 -5410.057916 0.229508 25.905115 4.111105 485.583713 0.638985 85.237745 -2.382496
1 -5410.036371 0.692173 -86.401859 2.335161 190.800085 0.275395 -13.084559 -2.382496
1 -5410.052225 0.089770 -18.086133 5.184684 299.136606 0.984417 74.116334 -2.382496
1 -3628.792448 0.443666 1.736376 2.212829 489.375570 0.089470 -46.645964 -2.382496
1 -5410.035139 0.068004 -58.865692 7.981019 175.600032 0.884462 80.570878 -2.382496
1 -5410.035175 0.510163 45.054531 0.828222 18.537613 0.945473 58.101647 -2.382496
1 -5410.966034 0.401456 -54.486282 1.946054 442.458512 0.764698 15.686725 -2.382496
1 -5410.035401 0.057133 -19.079179 4.814528 201.729621 0.749140 49.824458 -2.382496
1 -3605.416780 0.003745 -20.763627 0.719778 385.854745 0.695981 15.380560 -2.382496
1 -5410.035180 0.048423 41.734280 2.688172 83.184520 0.415429 -48.667427 -2.382496
1 -5410.061120 0.268436 -40.946658 2.569750 363.433548 0.928056 -27.579540 -3.468936
1 -5410.037720 0.147538 -27.910230 1.172942 84.415899 0.850770 31.611276 -3.468936
1 -3608.035564 0.471986 -88.650821 0.397087 125.405630 0.920382 -31.039799 -3.468936
1 -3620.304511 0.515805 -5.383360 2.381430 468.699983 0.048002 -49.385809 -3.468936
1 -5410.035117 0.075474 -50.575956 8.494081 144.179367 0.885334 81.477156 -3.468936
1 -3606.201178 0.257317 26.856411 0.076428 81.554524 1.062179 55.200197 -3.468936
1 -3606.448792 0.450291 -42.322380 1.705714 494.238304 0.657289 16.888017 -3.468936
1 -5410.035991 0.150876 -68.968675 7.229060 459.123751 0.933203 59.667640 -3.468936
1 -5410.035110 0.582710 -51.779921 3.982283 62.660905 0.692342 49.423967 -3.468936
1 -1803.096251 0.572714 -14.925426 0.021255 90.665299 1.057930 -71.654141 -3.468936
1 -5410.035109 0.133920 37.472014 6.811162 102.123300 0.537318 35.264031 -4.303323
1 -5410.035347 0.171801 -83.034107 1.967112 86.876625 0.499704 -28.413197 -4.303323
1 -3608.012749 0.510415 -47.417549 0.796380 450.335605 0.881166 -3.965991 -4.303323
1 -3874.717578 0.002191 22.823175 0.097852 341.357667 0.764135 64.293796 -4.303323
1 -5410.035325 0.001409 14.776992 5.275416 267.856994 0.196896 68.894834 -4.303323
1 -3717.432838 0.191609 71.338192 1.009974 453.974863 0.153076 -59.213561 -4.303323
1 -5410.035159 0.505711 -29.970916 8.611733 333.547061 0.102669 26.002430 -4.303323
1 -3611.263206 0.486582 36.056142 4.775820 490.698863 0.290536 10.448878 -4.303323
1 -2063.530513 0.650819 10.851165 0.541554 345.454961 0.721958 76.439960 -4.303323
1 -1802.450029 0.470457 -27.869029 0.590189 101.404866 1.055440 -83.196256 -4.303323
1 -61.144636 0.489152 -19.945556 0.058988 142.559889 1.108718 88.489570 -4.887793
1 -10.028170 0.739074 60.893961 0.222518 218.375330 0.771690 73.834480 -4.887793
1 -5410.079324 0.061957 42.257157 2.091970 461.109602 1.007107 -70.740644 -4.887793
1 -1830.873766 0.053289 -21.018828 0.168824 257.142689 0.618240 -88.378173 -4.887793
1 -5410.035254 0.694971 -52.532491 7.799437 274.236277 0.792738 57.302549 -4.887793
1 -3617.745513 0.373917 -20.152797 2.053356 440.944534 0.066328 -52.914566 -4.887793
1 -5410.035109 0.480449 -5.671474 5.891430 38.255710 0.831517 -86.988412 -4.887793
1 -3610.727216 0.500567 40.651262 0.482868 469.358732 1.191740 28.344098 -4.887793
1 -1804.941639 0.566158 74.582114 0.617791 315.931138 0.884337 48.176139 -4.887793
1 -1812.007610 0.564109 -7.181690 0.425649 123.750595 1.069868 -85.540748 -4.887793
1 -3.063113 0.728896 -17.246431 1.618377 254.511418 0.359687 83.713791 -5.181622
1 -2.759160 0.762374 59.523264 0.217181 177.936315 0.708701 81.504529 -5.181622
1 -3602.874766 0.343065 -86.226123 0.357170 244.940612 0.193823 -8.450419 -5.181622
1 -5.763535 0.053657 -56.540529 0.470770 179.715831 0.649863 66.880668 -5.181622
1 -3612.989309 0.147500 89.261255 0.924352 460.391595 0.454600 2.742595 -5.181622
1 -1817.488979 0.684790 66.314494 0.369345 260.482712 0.727855 89.545995 -5.181622
1 -5410.035109 0.514192 -13.154876 6.005318 31.828824 0.780906 -80.066768 -5.181622
1 -1819.461822 0.619428 66.577430 0.188325 449.998229 1.109039 35.201169 -5.181622
1 -1804.781987 0.567250 74.409300 0.658839 316.629440 0.882662 48.010749 -5.181622
1 -1821.210502 0.556827 -3.052777 0.382424 126.548891 1.093427 -87.149100 -5.181622
1 -2.562589 0.200276 -27.088087 0.745504 346.737361 0.905718 0.266058 -5.288390
1 -2.675285 0.760373 58.948563 0.224406 177.762604 0.707367 83.746763 -5.288390
1 -6.546215 0.430093 -39.448138 0.839946 115.547933 1.008957 54.849775 -5.288390
1 -3.872351 0.085545 -64.838736 0.372345 170.713838 0.735826 88.271964 -5.288390
1 -3.050519 0.730472 -17.003709 1.616896 254.038365 0.359135 83.941456 -5.288390
1 -1808.338077 0.773001 -38.163924 0.948705 422.123079 0.451934 62.533621 -5.288390
1 -3607.832974 0.575434 10.487493 0.182547 260.582873 0.411500 -30.684669 -5.288390
1 -5.213861 0.492733 47.671845 0.607257 287.050034 0.081077 1.159497 -5.288390
1 -1806.096692 0.492199 74.754071 0.505311 294.334418 0.978334 52.513245 -5.288390
1 -4.985579 0.574361 10.273117 0.233943 139.086223 0.908396 -71.093923 -5.288390
1 -3.067125 0.146216 -33.771535 0.890051 356.638286 0.887539 12.563536 -5.425593
1 -4.446784 0.769452 35.417540 0.002114 180.003109 0.687858 -88.616098 -5.425593
1 -6.688657 0.429902 -39.320712 0.815864 116.007337 1.005461 54.444406 -5.425593
1 -5.331696 0.030645 -68.016516 0.367622 178.568909 0.708373 79.534046 -5.425593
1 -3.955823 0.774998 -13.171950 1.645918 232.776803 0.506650 66.443562 -5.425593
1 -3604.317475 0.387566 46.437238 0.520237 175.079113 0.724633 -64.677887 -5.425593
1 -3606.463913 0.411424 5.039349 1.489743 348.879429 0.082274 -54.291474 -5.425593
1 -37.145132 0.313970 60.735057 0.830856 275.183216 0.314027 40.440043 -5.425593
1 -2727.250584 0.557207 61.089350 0.027601 266.373031 1.137661 42.889159 -5.425593
1 -3.539372 0.544931 -7.204994 0.188437 147.302466 0.807743 -68.174833 -5.425593
1 -1802.769302 0.320167 -16.292401 0.453851 326.406041 1.031483 -0.528586 -5.499662
1 -2.379910 0.785755 28.926235 0.117913 170.741401 0.454709 -81.423357 -5.499662
1 -4.152514 0.408083 -55.571903 1.312100 119.096871 1.060079 69.023853 -5.499662
1 -3.383759 0.050482 -42.197713 0.722507 171.933748 0.734877 77.989738 -5.499662
1 -3.246673 0.792806 -28.450185 1.382420 217.071937 0.651419 88.831080 -5.499662
1 -3620.517106 0.512776 -12.511837 0.559902 423.795642 0.533787 20.833535 -5.499662
1 -13.128193 0.325280 53.575471 0.434807 262.087757 0.227448 37.073865 -5.499662
1 -36.426884 0.313327 60.639669 0.833485 274.221723 0.314785 40.742944 -5.499662
1 -5.099711 0.354505 -41.958718 1.482956 238.849574 0.471080 63.785413 -5.499662
1 -3.315044 0.545206 -4.466433 0.077358 136.674254 0.762725 -58.971171 -5.499662
1 -5.656982 0.274133 -17.215298 0.352670 355.990850 0.936432 8.102926 -5.552379
1 -2.662302 0.042425 26.157971 0.061229 170.860266 0.465915 -89.281235 -5.552379
1 -4.339617 0.387963 -56.036559 1.328186 119.746021 1.056096 67.049274 -5.552379
1 -4.314830 0.780931 -33.947207 1.797484 311.225523 0.165965 -67.914720 -5.552379
1 -1806.592445 0.185226 -49.058561 0.483716 321.207440 0.335699 -24.807619 -5.552379
1 -1875.581163 0.451153 -54.207771 0.188143 257.565087 0.664817 29.812390 -5.552379
1 -29.582625 0.217327 43.517437 0.242655 292.751139 0.268014 27.288205 -5.552379
1 -31.209503 0.258059 68.121708 0.754585 278.041524 0.320896 37.181709 -5.552379
1 -5.206616 0.357610 -41.868410 1.486615 239.050087 0.470935 62.964578 -5.552379
1 -3.127144 0.459274 -13.814012 0.054143 113.775259 0.858225 -61.385866 -5.552379
1 -2.715567 0.307943 20.407785 0.537717 313.488220 0.759418 1.793319 -5.581667
1 -4.549147 0.098477 -36.513072 0.034388 106.829663 0.789807 -50.616948 -5.581667
1 -1806.640431 0.396339 -43.629914 0.249604 285.170314 1.117715 45.192702 -5.581667
1 -4.286026 0.774685 -34.997837 1.824118 312.947673 0.184026 -68.855043 -5.581667
1 -3.313329 0.213018 -69.665814 0.417917 308.981913 0.495198 -6.352385 -5.581667
1 -7.572567 0.618841 -85.624763 1.037999 191.637857 0.659498 54.346205 -5.581667
1 -30.255325 0.210786 46.588273 0.210258 294.149490 0.279664 33.670147 -5.581667
1 -2.695916 0.324976 73.807137 0.509542 282.827262 0.276907 14.341249 -5.581667
1 -3.486926 0.496906 -8.132388 0.605289 192.492570 0.555865 81.274845 -5.581667
1 -2.696872 0.799809 26.481731 0.402369 139.115591 0.882751 -81.140205 -5.581667
1 -9.900031 0.306442 10.622270 0.266504 371.157422 0.740020 -6.388934 -5.595381
1 -2.472038 0.345950 -38.900944 0.566871 155.463797 0.807007 -80.416718 -5.595381
1 -839.135164 0.703535 38.133669 0.331128 388.410382 1.095569 -58.002514 -5.595381
1 -3.537086 0.776139 -21.373416 1.792328 315.781538 0.091525 -52.182260 -5.595381
1 -5.109240 0.213484 -59.265758 0.356313 313.111213 0.403048 -12.085866 -5.595381
1 -7.807686 0.624316 -86.091460 1.034112 188.539516 0.671383 52.465248 -5.595381
1 -12.367025 0.241618 31.987734 0.674017 272.053862 0.325575 35.506866 -5.595381
1 -10.491781 0.395452 17.827401 0.212459 346.056301 0.833117 23.134115 -5.595381
1 -7.859330 0.540253 0.862375 0.824303 199.321511 0.637466 43.429570 -5.595381
1 -2.794559 0.670469 47.147174 0.189648 122.821609 0.813147 -75.238516 -5.595381
1 -12.013707 0.372617 -8.954289 0.317074 342.671335 0.554295 -23.641402 -5.597076
1 -2.547086 0.363589 -44.560742 0.202520 164.034048 0.562349 -66.007772 -5.597076
1 -41.471845 0.732380 -19.710254 0.223450 329.242379 0.371238 47.924319 -5.597076
1 -8.870220 0.702379 -51.313768 1.706623 296.611532 0.026667 -34.341765 -5.597076
1 -2.818214 0.221738 -56.535784 0.710381 318.698352 0.455872 -1.641434 -5.597076
1 -6.484969 0.195504 -62.081648 0.316827 319.866366 0.439293 9.413035 -5.597076
1 -20.353890 0.236214 30.827019 0.228068 275.457673 0.325543 42.096732 -5.597076
1 -5.449010 0.437049 11.377467 0.373642 361.684930 0.973474 -3.086809 -5.597076
1 -7.097540 0.537158 5.651170 0.595366 189.203095 0.645526 51.205474 -5.597076
1 -2.894793 0.706650 42.548704 0.125484 131.669178 0.858120 -74.511676 -5.597076
1 -9.253465 0.672031 -82.427229 1.188115 100.551460 1.061264 30.819453 -5.599190
1 -3.232623 0.384911 -27.782185 0.442227 190.211006 0.584901 -85.114586 -5.599190
1 -49.390879 0.782305 -19.624078 0.569110 343.023843 0.370156 59.736359 -5.599190
1 -9.065194 0.705145 -52.493785 1.706952 296.153246 0.028768 -33.899220 -5.599190
1 -4.678392 0.188886 -36.109197 0.860312 310.901289 0.359258 21.193974 -5.599190
1 -4.108491 0.338780 46.019523 0.721344 340.880750 0.672794 -12.725125 -5.599190
1 -41.292828 0.241317 30.128099 0.172076 311.222092 0.344975 35.711621 -5.599190
1 -7.129979 0.524551 14.733740 0.392891 376.554135 0.917569 -1.359999 -5.599190
1 -8.123845 0.494438 59.660220 0.477410 307.268811 0.412896 -51.103879 -5.599190
1 -2.433511 0.006990 31.164590 0.411704 142.118909 0.791703 -87.025445 -5.599190
1 -9.442585 0.639849 -85.643631 1.250301 91.545297 1.102089 28.743445 -5.600462
1 -2.644668 0.480747 -41.812575 0.605583 185.576996 0.691164 -71.644564 -5.600462
1 -3.224380 0.620665 -9.194450 0.744261 262.238643 0.047145 -30.033826 -5.600462
1 -8.887644 0.708589 -51.198550 1.737901 298.269741 0.033312 -31.525226 -5.600462
1 -3.387930 0.159536 -34.423583 0.698596 298.174055 0.377846 6.565135 -5.600462
1 -4.684832 0.303336 6.846034 0.432859 325.596766 0.588671 0.252251 -5.600462
1 -30.010932 0.214945 25.204754 0.185170 301.383467 0.287167 43.741861 -5.600462
1 -6.016875 0.521249 31.411847 0.367353 364.456410 1.051676 -9.602180 -5.600462
1 -5.572020 0.398289 85.878188 0.421609 285.984344 0.248005 -50.887224 -5.600462
1 -2.484801 0.107825 27.328859 0.625091 149.934938 0.795789 -78.822968 -5.600462
1 -9.697395 0.630275 -81.599931 1.269593 91.358915 1.105538 27.732380 -5.601518
1 -2.725899 0.481271 -39.511843 0.727500 191.699743 0.681310 -78.903274 -5.601518
1 -2.570276 0.673210 -10.068378 0.786962 267.896432 0.163350 -40.442645 -5.601518
1 -3.798499 0.703271 85.549313 1.167063 287.237231 0.598071 88.969251 -5.601518
1 -19.206187 0.223021 -13.776149 0.573900 281.756766 0.275248 11.137105 -5.601518
1 -3.823265 0.344361 -8.469110 0.875024 326.632800 0.678375 -16.319928 -5.601518
1 -5.085321 0.546204 -30.334460 1.158711 222.453373 0.450301 64.211132 -5.601518
1 -3.087642 0.496892 11.785795 0.435570 342.746032 1.177354 8.565062 -5.601518
1 -7.366358 0.398430 80.441559 0.410777 283.485988 0.241854 -58.895686 -5.601518
1 -3.959407 0.114921 28.356368 0.121010 162.819441 0.698475 85.759995 -5.601518
1 -9.594339 0.627727 -81.729609 1.283480 90.274414 1.107517 27.437539 -5.633187
1 -3.694408 0.463557 -35.761924 0.723861 183.645944 0.644463 79.942257 -5.633187
1 -1812.442490 0.586237 18.618087 0.567370 317.002373 0.227400 -64.162395 -5.633187
1 -4.092315 0.702222 83.528055 1.168824 287.421046 0.607104 86.844257 -5.633187
1 -40.082192 0.352078 -40.802463 0.327624 308.099279 0.304571 -11.059526 -5.633187
1 -4.578831 0.338784 1.280740 0.851748 333.983910 0.638466 -14.769743 -5.633187
1 -6.767660 0.660334 -41.916618 1.454313 213.930630 0.562205 52.169045 -5.633187
1 -19.973730 0.457918 -0.649839 0.208236 429.614438 0.901641 -11.800066 -5.633187
1 -6.838376 0.407808 77.989437 0.434544 278.554342 0.193476 -62.043403 -5.633187
1 -18.786287 0.113411 5.824533 0.106635 132.413931 1.050763 -89.529619 -5.633187
1 -9.705791 0.623116 -81.836549 1.235345 89.924719 1.104333 26.667347 -5.635795
1 -2.972242 0.518651 -14.116930 0.542316 187.871848 0.571856 -89.213592 -5.635795
1 -55.950245 0.658559 -32.200509 0.305620 304.627974 0.641973 62.100814 -5.635795
1 -4.181366 0.698616 84.189526 1.157488 288.048527 0.603118 87.066476 -5.635795
1 -38.935991 0.335171 -31.169153 0.291839 329.308807 0.241066 -22.411898 -5.635795
1 -4.152694 0.274583 17.553022 0.416740 322.126392 0.632649 5.289363 -5.635795
1 -6.590542 0.660742 -42.959829 1.459300 213.056060 0.568950 53.673519 -5.635795
1 -19.579838 0.469764 2.862045 0.231355 430.748050 0.894278 -9.588349 -5.635795
1 -4.144703 0.424622 74.071976 0.446543 266.703812 0.207505 -73.077964 -5.635795
1 -10.242127 0.085159 -7.037487 0.150415 113.364011 1.068992 84.898837 -5.635795
1 -10.184421 0.622568 -81.089867 1.242144 88.809433 1.105751 22.529230 -5.671896
1 -2.603746 0.541819 -15.160991 0.130939 166.784819 0.592909 -75.333507 -5.671896
1 -32.975209 0.527981 -11.342703 0.359365 276.655072 0.504996 41.747697 -5.671896
1 -17.662451 0.280623 39.628453 0.308808 283.822507 0.118143 17.612016 -5.671896
1 -32.438786 0.334241 -45.775200 0.480346 299.494315 0.278278 -22.997829 -5.671896
1 -3.525813 0.251297 18.730919 0.548182 302.654465 0.701087 17.815833 -5.671896
1 -37.380693 0.691574 -35.769170 0.282525 274.568171 0.511421 65.754277 -5.671896
1 -22.486893 0.576731 10.326678 0.183672 418.007053 0.947115 21.709998 -5.671896
1 -1814.474163 0.275808 -78.920459 0.251020 354.585082 1.049073 63.454572 -5.671896
1 -4.944750 0.078472 -6.682870 0.279969 99.375276 1.080210 84.042730 -5.671896
1 -9.996282 0.631834 -81.651356 1.168847 88.930746 1.095750 23.202374 -5.706440
1 -3.175618 0.354626 7.381239 0.097254 155.287763 0.711222 -80.935794 -5.706440
1 -7.774348 0.523607 -23.062295 0.328480 336.883477 0.902810 30.894733 -5.706440
1 -6.162927 0.085577 42.939100 0.305027 324.003393 1.111138 35.524906 -5.706440
1 -6.627109 0.380482 -52.023055 0.426244 313.562854 0.344867 -21.253200 -5.706440
1 -2.945069 0.292300 10.700761 0.566756 295.153761 0.630104 9.919019 -5.706440
1 -10.113858 0.156466 42.779218 0.115744 340.244517 1.194302 41.645370 -5.706440
1 -7.073787 0.786962 -49.525557 0.335321 332.179643 0.160018 21.676652 -5.706440
1 -1805.623481 0.798070 -64.480786 0.493595 355.709666 0.914964 60.301189 -5.706440
1 -3.053118 0.094264 -31.165164 0.527780 91.148433 1.108071 -88.467828 -5.706440
1 -9.814409 0.626989 -80.897703 1.212846 86.183266 1.117028 26.782270 -5.717999
1 -144.410594 0.223862 46.166793 0.125360 423.048143 0.261764 -8.406407 -5.717999
1 -4.148495 0.469576 -14.292699 0.963563 353.127107 0.809534 12.882084 -5.717999
1 -8.949001 0.012098 75.083020 0.200345 363.204808 0.839207 16.574028 -5.717999
1 -4.098687 0.330743 -53.838338 0.447208 302.439359 0.388043 -21.666477 -5.717999
1 -6.772819 0.362085 -40.096325 0.335539 319.258677 0.927474 41.131064 -5.717999
1 -376.634083 0.139964 57.948833 0.056711 311.555203 1.162242 55.756847 -5.717999
1 -2.588161 0.724185 -2.699185 1.326997 303.775504 0.217421 -11.503921 -5.717999
1 -7.945836 0.074714 31.562094 0.300017 316.112016 0.342921 -20.849094 -5.717999
1 -2.436861 0.148946 -48.009742 0.609325 82.060499 1.124517 -82.341726 -5.717999
1 -9.411806 0.591599 -80.826105 0.295551 67.624832 1.131406 38.798565 -5.733509
1 -97.302498 0.263524 29.530574 0.208321 371.794494 0.335481 -6.601420 -5.733509
1 -23.628487 0.500178 -38.439714 0.185361 424.209048 0.677905 6.228035 -5.733509
1 -3.733810 0.147737 85.978879 0.495103 323.610643 1.137413 26.578440 -5.733509
1 -2.671589 0.235293 -66.162108 0.816033 374.311170 1.017439 8.601215 -5.733509
1 -8.046689 0.263490 -19.181472 0.280509 300.517370 1.083206 48.515822 -5.733509
1 -544.631477 0.166903 34.349472 0.066711 292.418321 1.195629 58.431147 -5.733509
1 -9.609879 0.674363 -36.737488 0.422124 315.870526 0.178613 13.875622 -5.733509
1 -4.322839 0.039258 23.300510 0.421276 295.720511 0.297056 -13.588662 -5.733509
1 -3.102845 0.169731 -49.959811 0.298952 92.647007 1.089838 -81.637429 -5.733509
1 -10.884220 0.560119 -78.320021 0.182360 89.268648 1.037754 36.219591 -5.735401
1 -8.367283 0.731944 28.671474 0.380307 314.764864 0.045101 10.223428 -5.735401
1 -8.980374 0.486225 -56.234589 0.250120 375.897198 0.693871 -4.553040 -5.735401
1 -8.207855 0.040274 -31.152056 0.240316 382.533197 1.070936 17.091110 -5.735401
1 -2.464632 0.234693 -66.758573 0.765120 369.126224 1.034505 -0.469086 -5.735401
1 -8.691098 0.274932 -20.660754 0.179920 314.767859 1.091520 44.923244 -5.735401
1 -9.230372 0.089694 82.652308 0.199222 241.956409 1.010263 62.918909 -5.735401
1 -15.993637 0.593807 -70.505943 0.160183 421.825491 0.540454 6.452779 -5.735401
1 -9.741022 0.122156 10.452314 0.777962 287.313392 0.252762 17.357175 -5.735401
1 -2.847216 0.135447 -35.722719 0.926161 151.325244 0.884528 83.249809 -5.735401
1 -12.685955 0.486750 89.958920 0.137085 94.442876 1.056459 39.159268 -5.740626
1 -5.900808 0.657480 30.708284 0.472951 301.632503 0.165655 16.832368 -5.740626
1 -4.219554 0.575743 -43.072919 0.649377 380.617493 1.092538 18.558164 -5.740626
1 -14.318357 0.081246 -24.192450 0.206369 414.790395 0.968636 10.572188 -5.740626
1 -2.523159 0.237367 -63.523997 0.800240 372.194416 1.058291 2.183676 -5.740626
1 -57.537193 0.030616 -38.535772 0.143394 342.343538 0.245048 44.733561 -5.740626
1 -94.807109 0.107610 75.640333 0.189261 226.818033 1.016864 63.490284 -5.740626
1 -29.990978 0.798304 5.404755 0.449794 334.718641 0.573026 6.075393 -5.740626
1 -12.161188 0.185272 -4.140522 0.891431 288.473674 0.211765 17.546366 -5.740626
1 -2.877812 0.121800 -23.647936 1.004882 152.130177 0.885969 83.103256 -5.740626
1 -11.165187 0.484687 -89.160624 0.097463 102.394682 1.010629 44.553871 -5.743746
1 -6.097011 0.768080 23.588772 1.034934 348.844427 0.202504 9.305007 -5.743746
1 -4.942735 0.502084 -33.628471 0.645278 377.295188 1.194916 25.132251 -5.743746
1 -10.959164 0.105570 -32.691803 0.156468 405.535023 1.139618 11.791222 -5.743746
1 -2.624125 0.111560 -35.407227 0.786319 349.450933 0.922920 -8.160750 -5.743746
1 -3.394691 0.221256 -64.996298 0.489432 363.615665 1.067411 -8.732589 -5.743746
1 -7.463895 0.311234 75.021534 0.246622 258.963073 0.947075 52.738949 -5.743746
1 -12.052727 0.195418 28.738669 0.276995 337.462356 0.529753 -28.501121 -5.743746
1 -32.707844 0.120908 -17.892921 0.215875 337.879144 0.081815 -26.605183 -5.743746
1 -2.836490 0.122401 -23.179332 1.015152 153.287013 0.885566 82.996319 -5.743746
1 -8.931544 0.436063 -73.999625 3.615470 408.370899 0.159508 57.602422 -5.746670
1 -10.783449 0.449110 43.983793 0.294472 375.471733 0.797089 -23.967457 -5.746670
1 -3.443487 0.579646 -48.458061 0.859257 411.162998 1.105644 10.729289 -5.746670
1 -2.780296 0.663143 -43.322596 1.274573 421.778195 0.988273 -9.971977 -5.746670
1 -8.980516 0.385222 -1.752350 0.215968 335.895455 1.126824 35.305814 -5.746670
1 -4.232337 0.756659 -40.383351 0.943196 435.013606 1.117511 -0.231735 -5.746670
1 -3.964082 0.472203 -4.356127 0.546136 324.294375 0.615013 -5.966661 -5.746670
1 -13.431236 0.305597 24.716132 0.332672 355.001561 0.655382 -29.854975 -5.746670
1 -28.993287 0.604245 -22.309956 0.226498 359.569730 0.273625 -24.779838 -5.746670
1 -2.938488 0.123329 -26.468359 0.991595 150.939627 0.892737 81.408443 -5.746670
1 -8.876002 0.434051 -74.061651 3.624173 409.305517 0.160734 58.204294 -5.749176
1 -3.740950 0.288234 41.480255 0.364871 341.635204 0.902495 1.882574 -5.749176
1 -2.891262 0.608020 -65.272710 0.822025 423.793015 1.109781 9.208515 -5.749176
1 -3.473104 0.633178 -32.825460 1.239361 426.052651 1.096192 2.992543 -5.749176
1 -9.545595 0.376563 4.199713 0.206938 319.169185 1.196859 44.961549 -5.749176
1 -4.708589 0.753716 -38.707414 0.928785 437.955796 1.136719 -0.588929 -5.749176
1 -7.080893 0.527128 -5.850336 0.691947 330.264917 0.697561 21.977691 -5.749176
1 -10.668058 0.322956 28.764908 0.392414 345.856139 0.626462 -26.056525 -5.749176
1 -21.742174 0.616729 -16.704637 0.286555 351.020319 0.253377 -22.270356 -5.749176
1 -3.080209 0.079570 -26.464524 0.883565 143.295955 0.914597 79.554560 -5.749176
1 -9.218098 0.424809 -77.071411 3.348054 396.616030 0.152476 57.267622 -5.752152
1 -2.921699 0.216852 -1.589004 0.543384 335.600510 0.921280 -1.693416 -5.752152
1 -4.092949 0.539752 -63.476884 0.437085 346.020135 1.112086 28.169658 -5.752152
1 -10.092293 0.788627 -22.935662 0.440255 434.518498 1.140388 -16.636834 -5.752152
1 -11.632107 0.287286 7.654872 0.176591 372.158564 1.034037 25.856539 -5.752152
1 -10.915049 0.696940 -26.220834 0.395020 425.074227 1.084060 -9.031049 -5.752152
1 -7.566918 0.502420 -40.654170 0.306662 394.359032 1.098865 17.289653 -5.752152
1 -4.140110 0.468211 40.572712 0.566452 351.659363 0.823914 -1.589808 -5.752152
1 -26.136474 0.607819 -21.608703 0.292630 338.801044 0.258973 -15.660640 -5.752152
1 -3.346274 0.067532 -25.553493 0.792146 144.399460 0.903813 78.363665 -5.752152
1 -9.227806 0.427380 -77.124351 3.391846 398.797397 0.154008 57.214431 -5.761299
1 -17.332404 0.317326 2.217186 0.185520 425.954869 1.095318 17.186510 -5.761299
1 -3.268988 0.589561 -77.361269 0.588746 383.877064 1.162823 22.878722 -5.761299
1 -14.357627 0.007158 -24.628369 0.223864 424.942498 1.091690 -16.252660 -5.761299
1 -3.638704 0.371426 20.244333 0.626628 339.609734 0.979795 -8.486126 -5.761299
1 -12.691410 0.731111 -28.514263 0.322085 416.196572 0.969828 -7.426399 -5.761299
1 -14.019850 0.386816 -17.624507 0.177850 398.824922 1.125633 31.581042 -5.761299
1 -8.040157 0.486360 43.159621 0.249741 373.762495 0.856963 15.354007 -5.761299
1 -75.314997 0.709414 -45.754065 0.258607 380.973257 0.404408 -24.920183 -5.761299
1 -14.627856 0.113797 -40.230378 0.129614 171.976028 0.878105 88.069409 -5.761299
1 -9.258529 0.429452 -76.809888 3.393326 398.839733 0.151871 57.194164 -5.771385
1 -15.431675 0.314540 21.944702 0.193457 412.635882 1.066317 21.199027 -5.771385
1 -3.224447 0.131212 -72.103897 0.042070 57.427889 1.141021 -66.865215 -5.771385
1 -10.475436 0.750467 -11.483000 0.925688 371.342929 0.921723 -26.025412 -5.771385
1 -3.221541 0.347396 24.025326 0.628424 335.821184 0.966610 -5.640854 -5.771385
1 -11.806579 0.718034 4.020629 0.279586 408.391145 0.898377 -4.393019 -5.771385
1 -3.023895 0.215647 31.339983 0.549188 292.826324 0.617857 15.923640 -5.771385
1 -13.812041 0.489933 29.966538 0.186910 336.948138 0.862438 37.515806 -5.771385
1 -3.657994 0.358622 14.371940 0.647194 349.956498 1.011501 -7.897056 -5.771385
1 -2.382339 0.144610 -37.656724 0.469295 146.297669 0.800417 -83.339766 -5.771385
1 -9.238833 0.394310 -77.838498 3.354107 402.285271 0.143366 59.390056 -5.790149
1 -7.413318 0.301301 -4.748923 0.311401 341.666884 0.971036 25.833181 -5.790149
1 -7.290598 0.137510 -83.164883 0.130075 105.429731 1.084756 -87.230377 -5.790149
1 -3.650563 0.764349 -11.527595 1.136638 361.941184 0.843611 -13.440231 -5.790149
1 -5.272747 0.508731 47.978988 0.263950 307.191468 0.894863 31.132800 -5.790149
1 -25.540073 0.632803 -15.930015 0.230242 442.505294 0.899120 8.277828 -5.790149
1 -2.863921 0.222036 32.481710 0.694791 301.166384 0.554771 15.766153 -5.790149
1 -4.677226 0.687343 5.840005 0.726073 340.691500 0.850738 13.859480 -5.790149
1 -2.539166 0.462738 -5.076068 0.850456 345.487680 0.927127 1.343363 -5.790149
1 -2.485232 0.098638 -60.496317 0.528453 145.148221 0.847900 -86.717507 -5.790149
1 -9.215491 0.393471 -78.140902 3.357426 402.229588 0.143340 59.261642 -5.830379
1 -4.633739 0.315220 -16.152201 0.474063 347.747785 1.043522 17.040484 -5.830379
1 -5.587648 0.110625 89.369154 0.143351 98.895754 1.090396 -88.522130 -5.830379
1 -2.509084 0.207465 42.382556 0.792782 341.869115 0.835102 6.771263 -5.830379
1 -2.639277 0.561426 70.140867 0.428844 323.547324 0.781349 18.871924 -5.830379
1 -14.037101 0.586167 -38.332899 0.248870 422.283083 0.940680 3.738797 -5.830379
1 -2.819079 0.238718 37.742658 0.502758 299.857937 0.609171 12.352076 -5.830379
1 -8.725080 0.686380 -3.901132 0.753687 357.675911 0.879183 26.748069 -5.830379
1 -24.818387 0.471476 -37.911225 0.233184 321.691750 0.090775 -32.227880 -5.830379
1 -2.796184 0.084323 -55.782134 0.581565 144.641729 0.816735 -73.703808 -5.830379
1 -9.306205 0.396366 -78.021206 3.349691 401.831009 0.143709 58.992711 -5.923512
1 -7.255698 0.282863 -60.641222 0.228561 364.543489 0.948950 23.749366 -5.923512
1 -6.340344 0.085523 84.768604 0.214932 97.140282 1.107537 -88.726911 -5.923512
1 -41.105192 0.223135 -2.719456 0.276121 319.183046 0.295734 18.541447 -5.923512
1 -3.836991 0.573417 59.809666 0.310244 316.694398 0.484340 17.235645 -5.923512
1 -19.201677 0.596186 -72.415655 0.156883 491.494403 0.992936 5.380384 -5.923512
1 -5.690935 0.378110 59.112164 0.568474 274.842694 0.056435 42.250360 -5.923512
1 -3.527296 0.718275 53.230827 0.366068 355.328029 0.991198 20.229040 -5.923512
1 -3.451982 0.038045 -55.783816 0.479251 343.600541 1.069403 16.776815 -5.923512
1 -2.450845 0.098874 -66.556633 0.837860 168.442263 0.788206 -87.152912 -5.923512
1 -9.305596 0.400376 -76.952180 3.393698 400.906354 0.141691 55.668456 -6.042271
1 -4.732755 0.282170 -49.261573 0.318446 368.399660 1.105811 7.190748 -6.042271
1 -6.212691 0.742730 -53.135001 0.499597 312.158452 0.003379 15.685526 -6.042271
1 -5.755350 0.152759 -80.173049 0.245127 354.637859 0.853265 9.428394 -6.042271
1 -3.183641 0.657533 76.860425 0.368259 304.080428 0.481425 31.744581 -6.042271
1 -13.841995 0.624502 -71.930360 0.191341 473.038120 1.025012 2.760898 -6.042271
1 -3.974316 0.394891 60.007682 0.648861 280.477298 0.028660 46.917851 -6.042271
1 -3.020631 0.787590 48.875835 0.592191 364.176237 1.023863 19.879790 -6.042271
1 -3.559426 0.007232 -51.266300 0.541147 322.720653 1.038939 22.063724 -6.042271
1 -2.560741 0.092620 -60.616524 0.947916 175.468683 0.774516 89.525787 -6.042271
1 -8.925350 0.396681 -76.258743 3.377321 402.198145 0.155966 60.274378 -6.307786
1 -2.795857 0.169350 -23.376077 0.635843 363.454607 1.147897 -1.070537 -6.307786
1 -8.446723 0.698275 -57.335084 0.330057 319.938939 0.037359 19.203565 -6.307786
1 -5.044218 0.140034 82.683528 0.288571 355.772918 0.895998 8.442513 -6.307786
1 -2.705311 0.796583 77.769227 0.384809 329.110161 0.314969 21.954019 -6.307786
1 -18.459064 0.527270 55.695503 0.164921 471.045496 1.052078 -1.275104 -6.307786
1 -4.651592 0.396336 64.667726 0.588018 276.758944 0.024012 45.802141 -6.307786
1 -2.912616 0.587662 28.028885 0.687909 331.153091 0.919360 19.215445 -6.307786
1 -8.493767 0.014823 -27.699766 0.563814 333.721578 0.907952 -42.506573 -6.307786
1 -2.536638 0.095288 -62.327901 0.943014 176.074160 0.769678 -89.199532 -6.307786
1 -9.048431 0.397073 -79.281242 3.268035 396.410492 0.165705 59.789128 -6.542924
1 -2.605571 0.138227 24.628125 0.558498 307.964259 0.719557 7.577253 -6.542924
1 -2.900985 0.196547 -52.019466 0.353019 190.005362 0.456351 89.675114 -6.542924
1 -3.420276 0.186546 83.095721 0.504225 320.888372 0.937602 24.120054 -6.542924
1 -2.629676 0.659383 84.055159 0.419501 328.393447 0.657574 17.737339 -6.542924
1 -3.887010 0.664403 89.531526 0.279647 398.386716 1.144733 18.093657 -6.542924
1 -2.910485 0.452179 75.323601 0.529804 278.022697 0.038556 47.258582 -6.542924
1 -5.220879 0.617806 13.883093 0.419162 317.655486 0.903862 19.927585 -6.542924
1 -8.692921 0.019147 -10.719426 0.416253 350.276408 0.984643 -35.459083 -6.542924
1 -2.894606 0.265576 -88.062362 0.876708 339.759385 0.491902 -16.346981 -6.542924
1 -9.678080 0.409141 -85.499300 3.337630 400.263786 0.173895 56.084962 -6.799386
1 -6.000361 0.469180 -33.179172 0.517614 302.619454 0.530635 26.047419 -6.799386
1 -2.442099 0.327205 -9.467599 1.149233 222.532236 0.490076 -82.107331 -6.799386
1 -3.548333 0.071095 68.609339 0.429839 300.323227 0.929272 21.710210 -6.799386
1 -4.602620 0.698145 58.838037 0.422463 371.536278 0.819361 -12.379491 -6.799386
1 -2.907116 0.212017 -80.176464 0.490196 341.827954 1.117886 14.915857 -6.799386
1 -3.442289 0.791688 25.330752 0.753253 244.857858 0.054746 31.051541 -6.799386
1 -4.815196 0.064717 -40.766169 0.329087 325.899025 0.726177 12.970795 -6.799386
1 -9.518201 0.335074 19.969304 0.494445 379.911511 1.171969 -31.346194 -6.799386
1 -2.622871 0.215480 78.707699 0.703039 320.557931 0.488896 -3.719335 -6.799386
1 -3.904232 0.115498 88.105407 0.555639 310.276674 0.859724 27.023308 -7.087500
1 -7.527287 0.425099 -36.720222 0.453667 285.802261 0.409964 43.673174 -7.087500
1 -2.602214 0.315205 -10.237614 1.182755 223.779646 0.490822 -81.711084 -7.087500
1 -2.994414 0.308248 54.934614 0.407641 319.983777 0.714944 5.191786 -7.087500
1 -12.896940 0.599376 12.839638 0.508108 390.759483 1.027199 -26.290337 -7.087500
1 -3.748206 0.024500 -57.589659 0.693342 356.442601 1.103481 -20.042537 -7.087500
1 -3.253371 0.702809 3.915330 0.218707 217.390149 0.067461 48.973147 -7.087500
1 -2.845401 0.639383 -47.308176 0.885279 363.986120 0.810583 -18.089315 -7.087500
1 -4.651936 0.429826 56.645807 0.580926 377.185453 1.013985 -17.639328 -7.087500
1 -2.550360 0.149448 80.762997 0.804754 320.443502 0.439175 -2.816270 -7.087500
1 -3.847336 0.494192 15.956998 0.562709 344.187321 0.838939 1.181452 -7.554788
1 -6.624828 0.479819 -48.972528 0.330433 274.068489 0.477525 44.426547 -7.554788
1 -2.541570 0.316377 -9.297503 1.189584 225.236219 0.484189 -80.966754 -7.554788
1 -3.577553 0.296594 42.269646 0.570447 303.475901 0.456630 -5.000588 -7.554788
1 -13.133828 0.788595 -46.770522 0.298282 238.894476 0.024531 62.618841 -7.554788
1 -6.140458 0.087927 -38.489397 0.654900 268.620944 0.012987 -14.937032 -7.554788
1 -2.452578 0.715664 14.143655 0.198921 214.867219 0.042734 55.613899 -7.554788
1 -3.158968 0.390590 -61.148432 1.292610 395.794394 0.895240 -26.759675 -7.554788
1 -6.199959 0.467093 48.002988 0.716317 390.874032 1.071053 -31.157086 -7.554788
1 -8.714426 0.730770 45.715599 0.567580 414.390667 1.152130 -49.833903 -7.554788
1 -2.936889 0.477202 1.452219 0.498269 328.119837 0.943363 2.483579 -7.873999
1 -8.306992 0.343061 -50.310799 0.281031 264.797984 0.513435 55.425362 -7.873999
1 -2.430976 0.320291 -22.646385 0.702943 204.613039 0.474509 -70.510418 -7.873999
1 -2.673945 0.388272 19.282591 0.842051 281.847791 0.217663 9.650760 -7.873999
1 -3.141396 0.435520 -56.871924 1.344511 405.810714 0.970310 -26.523240 -7.873999
1 -2.531317 0.074085 -52.286688 1.069279 308.797573 0.167192 -11.692287 -7.873999
1 -2.770547 0.715254 19.184323 0.135330 198.934787 0.031862 65.854980 -7.873999
1 -3.540559 0.390596 -61.688065 1.328343 394.482282 0.899126 -30.784453 -7.873999
1 -3.059962 0.334140 53.756029 0.591453 330.183864 0.722287 -3.674493 -7.873999
1 -7.621773 0.726296 49.575409 0.721329 427.138764 1.119294 -50.141632 -7.873999
1 -2.894377 0.587899 4.737909 0.676134 344.530694 0.954546 0.851006 -8.173969
1 -6.602726 0.316207 -54.885099 0.321032 274.237979 0.600744 44.564867 -8.173969
1 -3.575646 0.314624 -18.548927 0.449537 203.011128 0.505447 -86.710786 -8.173969
1 -3.522121 0.034965 -3.159666 0.418181 326.173009 0.734766 -5.028658 -8.173969
1 -2.794685 0.361738 -80.555095 0.777763 368.968616 0.958051 -16.443160 -8.173969
1 -2.880141 0.007827 -62.445141 1.015140 317.702273 0.304487 -12.363695 -8.173969
1 -2.553025 0.749655 19.157225 0.269501 224.820431 0.027428 79.061309 -8.173969
1 -3.155814 0.455522 -60.938172 1.431360 414.815967 0.975364 -28.239119 -8.173969
1 -3.080135 0.310628 49.831879 0.526632 317.492230 0.694386 -3.920829 -8.173969
1 -2.418704 0.010451 -26.147415 0.071071 161.162792 0.400405 -79.240219 -8.173969
1 -2.991176 0.510512 -10.251709 0.696841 351.578477 1.008175 1.657077 -8.511268
1 -2.333079 0.072416 5.989283 0.116209 164.506303 0.465299 -84.341981 -8.511268
1 -2.873010 0.461203 -12.945174 0.845320 216.978959 0.435773 88.807976 -8.511268
1 -3.081147 0.100852 -23.097646 0.674387 312.943337 0.655907 12.338294 -8.511268
1 -2.569585 0.437290 80.326194 0.481235 311.498945 0.586990 12.270588 -8.511268
1 -2.902618 0.063900 -17.725739 0.693034 298.949577 0.321250 -1.981088 -8.511268
1 -2.560272 0.748053 16.521747 0.722186 242.373799 0.127537 56.747544 -8.511268
1 -3.081104 0.422508 -56.914767 1.478250 415.521623 0.959225 -25.774176 -8.511268
1 -2.795467 0.262209 51.173935 0.727824 343.029228 0.789214 -1.516063 -8.511268
1 -2.294603 0.189289 -11.187321 0.421258 189.835591 0.438339 -78.074515 -8.511268
1 -2.828175 0.698696 37.465260 0.505815 323.635780 0.822830 18.106805 -8.940944
1 -4.614179 0.134297 38.932330 0.069455 178.240736 0.574747 80.405107 -8.940944
1 -2.567176 0.412666 33.928123 0.662901 334.683393 0.910820 11.324395 -8.940944
1 -2.621365 0.021802 -32.592696 0.660208 334.305379 0.785936 -2.068726 -8.940944
1 -4.878478 0.277652 -68.077847 0.490755 275.033569 0.364944 31.579795 -8.940944
1 -2.891785 0.482875 -70.458855 0.597156 378.683585 1.130613 -15.130803 -8.940944
1 -2.370432 0.767504 25.286482 0.515868 240.725720 0.216114 43.851450 -8.940944
1 -2.673360 0.454119 -48.827962 1.449848 410.384160 0.946152 -19.848110 -8.940944
1 -3.192781 0.278525 53.521037 0.691438 332.417394 0.708340 -6.899438 -8.940944
1 -2.599312 0.151497 -15.865487 0.390754 185.332571 0.531637 -85.746308 -8.940944
