#REFERENCE 3 208.6393620 77.2572740
1	-0.781250	-0.756744	-0.395096	0.071567	
1	-0.732422	-0.758895	-0.365684	0.088961	
1	-0.732422	-0.758895	-0.365684	0.088961	
1	-0.683594	-0.759105	-0.336913	0.106590	
1	-0.683594	-0.759105	-0.336913	0.106590	
1	-0.634766	-0.757392	-0.308837	0.124399	
1	-0.634766	-0.757392	-0.308837	0.124399	
1	-0.585938	-0.753759	-0.281516	0.142327	
1	-0.585938	-0.753759	-0.281516	0.142327	
1	-0.537109	-0.748190	-0.255010	0.160302	
1	-0.537109	-0.748190	-0.255010	0.160302	
1	-0.488281	-0.740664	-0.229389	0.178242	
1	-0.488281	-0.740664	-0.229389	0.178242	
1	-0.445841	-0.732422	-0.207871	0.193749	
1	-0.445841	-0.732422	-0.207871	0.193749	
1	-0.439453	-0.731172	-0.204736	0.196042	
1	-0.439453	-0.731172	-0.204736	0.196042	
1	-0.390625	-0.719753	-0.181160	0.213566	
1	-0.390625	-0.719753	-0.181160	0.213566	
1	-0.341797	-0.706249	-0.158719	0.230698	
1	-0.341797	-0.706249	-0.158719	0.230698	
1	-0.292969	-0.690702	-0.137544	0.247245	
1	-0.292969	-0.690702	-0.137544	0.247245	
1	-0.272522	-0.683594	-0.129086	0.253947	
1	-0.272522	-0.683594	-0.129086	0.253947	
1	-0.244141	-0.672940	-0.117720	0.263021	
1	-0.244141	-0.672940	-0.117720	0.263021	
1	-0.195312	-0.653036	-0.099405	0.277748	
1	-0.195312	-0.653036	-0.099405	0.277748	
1	-0.153009	-0.634766	-0.084999	0.289310	
1	-0.153009	-0.634766	-0.084999	0.289310	
1	-0.146484	-0.631488	-0.082830	0.291038	
1	-0.146484	-0.631488	-0.082830	0.291038	
1	-0.097656	-0.607364	-0.067939	0.302682	
1	-0.097656	-0.607364	-0.067939	0.302682	
1	-0.052440	-0.585938	-0.056193	0.311320	
1	-0.052440	-0.585938	-0.056193	0.311320	
1	-0.048828	-0.583711	-0.055265	0.311966	
1	-0.048828	-0.583711	-0.055265	0.311966	
1	0.000000	-0.559003	-0.044482	0.318800	
1	0.000000	-0.559003	-0.044482	0.318800	
1	0.048828	-0.541943	-0.035941	0.322782	
1	0.048828	-0.541943	-0.035941	0.322782	
1	0.081989	-0.537109	-0.030905	0.324154	
1	0.081989	-0.537109	-0.030905	0.324154	
1	0.097656	-0.533992	-0.028523	0.324505	
1	0.097656	-0.533992	-0.028523	0.324505	
1	0.143531	-0.537109	-0.021366	0.324489	
1	0.143531	-0.537109	-0.021366	0.324489	
1	0.146484	-0.537240	-0.020876	0.324438	
1	0.146484	-0.537240	-0.020876	0.324438	
1	0.195312	-0.546063	-0.011862	0.322734	
1	0.195312	-0.546063	-0.011862	0.322734	
1	0.244141	-0.558170	-0.000945	0.319443	
1	0.244141	-0.558170	-0.000945	0.319443	
1	0.292969	-0.571109	0.012020	0.314702	
1	0.292969	-0.571109	0.012020	0.314702	
1	0.341797	-0.583406	0.026976	0.308727	
1	0.341797	-0.583406	0.026976	0.308727	
1	0.352376	-0.585938	0.030472	0.307291	
1	0.352376	-0.585938	0.030472	0.307291	
1	0.390625	-0.594143	0.043783	0.301762	
1	0.390625	-0.594143	0.043783	0.301762	
1	0.439453	-0.603466	0.062386	0.293995	
1	0.439453	-0.603466	0.062386	0.293995	
1	0.488281	-0.611220	0.082687	0.285609	
1	0.488281	-0.611220	0.082687	0.285609	
1	0.537109	-0.617294	0.104584	0.276764	
1	0.537109	-0.617294	0.104584	0.276764	
1	0.585938	-0.621646	0.127993	0.267597	
1	0.585938	-0.621646	0.127993	0.267597	
1	0.634766	-0.624264	0.152835	0.258226	
1	0.634766	-0.624264	0.152835	0.258226	
1	0.683594	-0.625135	0.179044	0.248753	
1	0.683594	-0.625135	0.179044	0.248753	
1	0.732422	-0.624238	0.206554	0.239268	
1	0.732422	-0.624238	0.206554	0.239268	
1	0.781250	-0.621535	0.235307	0.229850	
1	0.781250	-0.621535	0.235307	0.229850	
1	0.830078	-0.616974	0.265249	0.220571	
1	0.830078	-0.616974	0.265249	0.220571	
1	0.878906	-0.610484	0.296333	0.211495	
1	0.878906	-0.610484	0.296333	0.211495	
1	0.927734	-0.601984	0.328516	0.202680	
1	0.927734	-0.601984	0.328516	0.202680	
1	0.976562	-0.591376	0.361763	0.194180	
1	0.976562	-0.591376	0.361763	0.194180	
1	0.997616	-0.585938	0.376386	0.190633	
1	0.997616	-0.585938	0.376386	0.190633	
1	1.025391	-0.578611	0.396058	0.186043	
1	1.025391	-0.578611	0.396058	0.186043	
1	1.074219	-0.563511	0.431373	0.178318	
1	1.074219	-0.563511	0.431373	0.178318	
1	1.123047	-0.545878	0.467693	0.171054	
1	1.123047	-0.545878	0.467693	0.171054	
1	1.144598	-0.537109	0.484023	0.168011	
1	1.144598	-0.537109	0.484023	0.168011	
1	1.171875	-0.525442	0.505007	0.164301	
1	1.171875	-0.525442	0.505007	0.164301	
1	1.220703	-0.501952	0.543330	0.158106	
1	1.220703	-0.501952	0.543330	0.158106	
1	1.246308	-0.488281	0.563835	0.155099	
1	1.246308	-0.488281	0.563835	0.155099	
1	1.269531	-0.474945	0.582674	0.152526	
1	1.269531	-0.474945	0.582674	0.152526	
1	1.318359	-0.444018	0.623099	0.147619	
1	1.318359	-0.444018	0.623099	0.147619	
1	1.325069	-0.439453	0.628744	0.147001	
1	1.325069	-0.439453	0.628744	0.147001	
1	1.367188	-0.407937	0.664631	0.143464	
1	1.367188	-0.407937	0.664631	0.143464	
1	1.388644	-0.390625	0.683300	0.141895	
1	1.388644	-0.390625	0.683300	0.141895	
1	1.416016	-0.365849	0.707436	0.140147	
1	1.416016	-0.365849	0.707436	0.140147	
1	1.441080	-0.341797	0.729991	0.138807	
1	1.441080	-0.341797	0.729991	0.138807	
1	1.464844	-0.315654	0.751725	0.137793	
1	1.464844	-0.315654	0.751725	0.137793	
1	1.484596	-0.292969	0.770170	0.137154	
1	1.484596	-0.292969	0.770170	0.137154	
1	1.513672	-0.253747	0.797942	0.136592	
1	1.513672	-0.253747	0.797942	0.136592	
1	1.520588	-0.244141	0.804694	0.136532	
1	1.520588	-0.244141	0.804694	0.136532	
1	1.550128	-0.195312	0.834277	0.136644	
1	1.550128	-0.195312	0.834277	0.136644	
1	1.562500	-0.169912	0.847185	0.136897	
1	1.562500	-0.169912	0.847185	0.136897	
1	1.573807	-0.146484	0.859273	0.137258	
1	1.573807	-0.146484	0.859273	0.137258	
1	1.592164	-0.097656	0.880051	0.138185	
1	1.592164	-0.097656	0.880051	0.138185	
1	1.605398	-0.048828	0.896693	0.139252	
1	1.605398	-0.048828	0.896693	0.139252	
1	1.611328	-0.014563	0.905552	0.139961	
1	1.611328	-0.014563	0.905552	0.139961	
1	1.613886	0.000000	0.909500	0.140316	
1	1.613886	0.000000	0.909500	0.140316	
1	1.617804	0.048828	0.918600	0.141243	
1	1.617804	0.048828	0.918600	0.141243	
1	1.617106	0.097656	0.923925	0.141883	
1	1.617106	0.097656	0.923925	0.141883	
1	1.611789	0.146484	0.925474	0.142095	
1	1.611789	0.146484	0.925474	0.142095	
1	1.611328	0.148762	0.925352	0.142077	
1	1.611328	0.148762	0.925352	0.142077	
1	1.601962	0.195312	0.923384	0.141757	
1	1.601962	0.195312	0.923384	0.141757	
1	1.587311	0.244141	0.917391	0.140684	
1	1.587311	0.244141	0.917391	0.140684	
1	1.567515	0.292969	0.907256	0.138670	
1	1.567515	0.292969	0.907256	0.138670	
1	1.562500	0.302887	0.904339	0.138056	
1	1.562500	0.302887	0.904339	0.138056	
1	1.542472	0.341797	0.893001	0.135547	
1	1.542472	0.341797	0.893001	0.135547	
1	1.513672	0.387214	0.875401	0.131330	
1	1.513672	0.387214	0.875401	0.131330	
1	1.511443	0.390625	0.874061	0.130994	
1	1.511443	0.390625	0.874061	0.130994	
1	1.473933	0.439453	0.850186	0.124719	
1	1.473933	0.439453	0.850186	0.124719	
1	1.464844	0.449690	0.844196	0.123061	
1	1.464844	0.449690	0.844196	0.123061	
1	1.428797	0.488281	0.820599	0.116232	
1	1.428797	0.488281	0.820599	0.116232	
1	1.416016	0.500366	0.812038	0.113642	
1	1.416016	0.500366	0.812038	0.113642	
1	1.374533	0.537109	0.784357	0.104888	
1	1.374533	0.537109	0.784357	0.104888	
1	1.367188	0.542974	0.779389	0.103257	
1	1.367188	0.542974	0.779389	0.103257	
1	1.318359	0.579281	0.746433	0.092001	
1	1.318359	0.579281	0.746433	0.092001	
1	1.308640	0.585938	0.739872	0.089671	
1	1.308640	0.585938	0.739872	0.089671	
1	1.269531	0.610613	0.713362	0.079967	
1	1.269531	0.610613	0.713362	0.079967	
1	1.226796	0.634766	0.684474	0.068870	
1	1.226796	0.634766	0.684474	0.068870	
1	1.220703	0.637992	0.680366	0.067248	
1	1.220703	0.637992	0.680366	0.067248	
1	1.171875	0.661653	0.647422	0.053859	
1	1.171875	0.661653	0.647422	0.053859	
1	1.123047	0.682253	0.614688	0.039879	
1	1.123047	0.682253	0.614688	0.039879	
1	1.119488	0.683594	0.612295	0.038831	
1	1.119488	0.683594	0.612295	0.038831	
1	1.074219	0.699981	0.582185	0.025335	
1	1.074219	0.699981	0.582185	0.025335	
1	1.025391	0.715100	0.549976	0.010269	
1	1.025391	0.715100	0.549976	0.010269	
1	0.976562	0.727760	0.518102	-0.005288	
1	0.976562	0.727760	0.518102	-0.005288	
1	0.954891	0.732422	0.503999	-0.012378	
1	0.954891	0.732422	0.503999	-0.012378	
1	0.927734	0.738174	0.486636	-0.021285	
1	0.927734	0.738174	0.486636	-0.021285	
1	0.878906	0.746448	0.455624	-0.037685	
1	0.878906	0.746448	0.455624	-0.037685	
1	0.830078	0.752614	0.425093	-0.054460	
1	0.830078	0.752614	0.425093	-0.054460	
1	0.781250	0.756744	0.395096	-0.071567	
1	0.781250	0.756744	0.395096	-0.071567	
1	0.732422	0.758895	0.365684	-0.088961	
1	0.732422	0.758895	0.365684	-0.088961	
1	0.683594	0.759105	0.336913	-0.106590	
1	0.683594	0.759105	0.336913	-0.106590	
1	0.634766	0.757392	0.308837	-0.124399	
1	0.634766	0.757392	0.308837	-0.124399	
1	0.585938	0.753759	0.281516	-0.142327	
1	0.585938	0.753759	0.281516	-0.142327	
1	0.537109	0.748190	0.255010	-0.160302	
1	0.537109	0.748190	0.255010	-0.160302	
1	0.488281	0.740664	0.229389	-0.178242	
1	0.488281	0.740664	0.229389	-0.178242	
1	0.445841	0.732422	0.207871	-0.193749	
1	0.445841	0.732422	0.207871	-0.193749	
1	0.439453	0.731172	0.204736	-0.196042	
1	0.439453	0.731172	0.204736	-0.196042	
1	0.390625	0.719753	0.181160	-0.213566	
1	0.390625	0.719753	0.181160	-0.213566	
1	0.341797	0.706249	0.158719	-0.230698	
1	0.341797	0.706249	0.158719	-0.230698	
1	0.292969	0.690702	0.137544	-0.247245	
1	0.292969	0.690702	0.137544	-0.247245	
1	0.272522	0.683594	0.129086	-0.253947	
1	0.272522	0.683594	0.129086	-0.253947	
1	0.244141	0.672940	0.117720	-0.263021	
1	0.244141	0.672940	0.117720	-0.263021	
1	0.195312	0.653036	0.099405	-0.277748	
1	0.195312	0.653036	0.099405	-0.277748	
1	0.153009	0.634766	0.084999	-0.289310	
1	0.153009	0.634766	0.084999	-0.289310	
1	0.146484	0.631488	0.082830	-0.291038	
1	0.146484	0.631488	0.082830	-0.291038	
1	0.097656	0.607364	0.067939	-0.302682	
1	0.097656	0.607364	0.067939	-0.302682	
1	0.052440	0.585938	0.056193	-0.311320	
1	0.052440	0.585938	0.056193	-0.311320	
1	0.048828	0.583711	0.055265	-0.311966	
1	0.048828	0.583711	0.055265	-0.311966	
1	0.000000	0.559003	0.044482	-0.318800	
1	0.000000	0.559003	0.044482	-0.318800	
1	-0.048828	0.541943	0.035941	-0.322782	
1	-0.048828	0.541943	0.035941	-0.322782	
1	-0.081989	0.537109	0.030905	-0.324154	
1	-0.081989	0.537109	0.030905	-0.324154	
1	-0.097656	0.533992	0.028523	-0.324505	
1	-0.097656	0.533992	0.028523	-0.324505	
1	-0.143531	0.537109	0.021366	-0.324489	
1	-0.143531	0.537109	0.021366	-0.324489	
1	-0.146484	0.537240	0.020876	-0.324438	
1	-0.146484	0.537240	0.020876	-0.324438	
1	-0.195312	0.546063	0.011862	-0.322734	
1	-0.195312	0.546063	0.011862	-0.322734	
1	-0.244141	0.558170	0.000945	-0.319443	
1	-0.244141	0.558170	0.000945	-0.319443	
1	-0.292969	0.571109	-0.012020	-0.314702	
1	-0.292969	0.571109	-0.012020	-0.314702	
1	-0.341797	0.583406	-0.026976	-0.308727	
1	-0.341797	0.583406	-0.026976	-0.308727	
1	-0.352376	0.585938	-0.030472	-0.307291	
1	-0.352376	0.585938	-0.030472	-0.307291	
1	-0.390625	0.594143	-0.043783	-0.301762	
1	-0.390625	0.594143	-0.043783	-0.301762	
1	-0.439453	0.603466	-0.062386	-0.293995	
1	-0.439453	0.603466	-0.062386	-0.293995	
1	-0.488281	0.611220	-0.082687	-0.285609	
1	-0.488281	0.611220	-0.082687	-0.285609	
1	-0.537109	0.617294	-0.104584	-0.276764	
1	-0.537109	0.617294	-0.104584	-0.276764	
1	-0.585938	0.621646	-0.127993	-0.267597	
1	-0.585938	0.621646	-0.127993	-0.267597	
1	-0.634766	0.624264	-0.152835	-0.258226	
1	-0.634766	0.624264	-0.152835	-0.258226	
1	-0.683594	0.625135	-0.179044	-0.248753	
1	-0.683594	0.625135	-0.179044	-0.248753	
1	-0.732422	0.624238	-0.206554	-0.239268	
1	-0.732422	0.624238	-0.206554	-0.239268	
1	-0.781250	0.621535	-0.235307	-0.229850	
1	-0.781250	0.621535	-0.235307	-0.229850	
1	-0.830078	0.616974	-0.265249	-0.220571	
1	-0.830078	0.616974	-0.265249	-0.220571	
1	-0.878906	0.610484	-0.296333	-0.211495	
1	-0.878906	0.610484	-0.296333	-0.211495	
1	-0.927734	0.601984	-0.328516	-0.202680	
1	-0.927734	0.601984	-0.328516	-0.202680	
1	-0.976562	0.591376	-0.361763	-0.194180	
1	-0.976562	0.591376	-0.361763	-0.194180	
1	-0.997616	0.585938	-0.376386	-0.190633	
1	-0.997616	0.585938	-0.376386	-0.190633	
1	-1.025391	0.578611	-0.396058	-0.186043	
1	-1.025391	0.578611	-0.396058	-0.186043	
1	-1.074219	0.563511	-0.431373	-0.178318	
1	-1.074219	0.563511	-0.431373	-0.178318	
1	-1.123047	0.545878	-0.467693	-0.171054	
1	-1.123047	0.545878	-0.467693	-0.171054	
1	-1.144598	0.537109	-0.484023	-0.168011	
1	-1.144598	0.537109	-0.484023	-0.168011	
1	-1.171875	0.525442	-0.505007	-0.164301	
1	-1.171875	0.525442	-0.505007	-0.164301	
1	-1.220703	0.501952	-0.543330	-0.158106	
1	-1.220703	0.501952	-0.543330	-0.158106	
1	-1.246308	0.488281	-0.563835	-0.155099	
1	-1.246308	0.488281	-0.563835	-0.155099	
1	-1.269531	0.474945	-0.582674	-0.152526	
1	-1.269531	0.474945	-0.582674	-0.152526	
1	-1.318359	0.444018	-0.623099	-0.147619	
1	-1.318359	0.444018	-0.623099	-0.147619	
1	-1.325069	0.439453	-0.628744	-0.147001	
1	-1.325069	0.439453	-0.628744	-0.147001	
1	-1.367188	0.407937	-0.664631	-0.143464	
1	-1.367188	0.407937	-0.664631	-0.143464	
1	-1.388644	0.390625	-0.683300	-0.141895	
1	-1.388644	0.390625	-0.683300	-0.141895	
1	-1.416016	0.365849	-0.707436	-0.140147	
1	-1.416016	0.365849	-0.707436	-0.140147	
1	-1.441080	0.341797	-0.729991	-0.138807	
1	-1.441080	0.341797	-0.729991	-0.138807	
1	-1.464844	0.315654	-0.751725	-0.137793	
1	-1.464844	0.315654	-0.751725	-0.137793	
1	-1.484596	0.292969	-0.770170	-0.137154	
1	-1.484596	0.292969	-0.770170	-0.137154	
1	-1.513672	0.253747	-0.797942	-0.136592	
1	-1.513672	0.253747	-0.797942	-0.136592	
1	-1.520588	0.244141	-0.804694	-0.136532	
1	-1.520588	0.244141	-0.804694	-0.136532	
1	-1.550128	0.195312	-0.834277	-0.136644	
1	-1.550128	0.195312	-0.834277	-0.136644	
1	-1.562500	0.169912	-0.847185	-0.136897	
1	-1.562500	0.169912	-0.847185	-0.136897	
1	-1.573807	0.146484	-0.859273	-0.137258	
1	-1.573807	0.146484	-0.859273	-0.137258	
1	-1.592164	0.097656	-0.880051	-0.138185	
1	-1.592164	0.097656	-0.880051	-0.138185	
1	-1.605398	0.048828	-0.896693	-0.139252	
1	-1.605398	0.048828	-0.896693	-0.139252	
1	-1.611328	0.014563	-0.905552	-0.139961	
1	-1.611328	0.014563	-0.905552	-0.139961	
1	-1.613886	0.000000	-0.909500	-0.140316	
1	-1.613886	0.000000	-0.909500	-0.140316	
1	-1.617804	-0.048828	-0.918600	-0.141243	
1	-1.617804	-0.048828	-0.918600	-0.141243	
1	-1.617106	-0.097656	-0.923925	-0.141883	
1	-1.617106	-0.097656	-0.923925	-0.141883	
1	-1.611789	-0.146484	-0.925474	-0.142095	
1	-1.611789	-0.146484	-0.925474	-0.142095	
1	-1.611328	-0.148762	-0.925352	-0.142077	
1	-1.611328	-0.148762	-0.925352	-0.142077	
1	-1.601962	-0.195312	-0.923384	-0.141757	
1	-1.601962	-0.195312	-0.923384	-0.141757	
1	-1.587311	-0.244141	-0.917391	-0.140684	
1	-1.587311	-0.244141	-0.917391	-0.140684	
1	-1.567515	-0.292969	-0.907256	-0.138670	
1	-1.567515	-0.292969	-0.907256	-0.138670	
1	-1.562500	-0.302887	-0.904339	-0.138056	
1	-1.562500	-0.302887	-0.904339	-0.138056	
1	-1.542472	-0.341797	-0.893001	-0.135547	
1	-1.542472	-0.341797	-0.893001	-0.135547	
1	-1.513672	-0.387214	-0.875401	-0.131330	
1	-1.513672	-0.387214	-0.875401	-0.131330	
1	-1.511443	-0.390625	-0.874061	-0.130994	
1	-1.511443	-0.390625	-0.874061	-0.130994	
1	-1.473933	-0.439453	-0.850186	-0.124719	
1	-1.473933	-0.439453	-0.850186	-0.124719	
1	-1.464844	-0.449690	-0.844196	-0.123061	
1	-1.464844	-0.449690	-0.844196	-0.123061	
1	-1.428797	-0.488281	-0.820599	-0.116232	
1	-1.428797	-0.488281	-0.820599	-0.116232	
1	-1.416016	-0.500366	-0.812038	-0.113642	
1	-1.416016	-0.500366	-0.812038	-0.113642	
1	-1.374533	-0.537109	-0.784357	-0.104888	
1	-1.374533	-0.537109	-0.784357	-0.104888	
1	-1.367188	-0.542974	-0.779389	-0.103257	
1	-1.367188	-0.542974	-0.779389	-0.103257	
1	-1.318359	-0.579281	-0.746433	-0.092001	
1	-1.318359	-0.579281	-0.746433	-0.092001	
1	-1.308640	-0.585938	-0.739872	-0.089671	
1	-1.308640	-0.585938	-0.739872	-0.089671	
1	-1.269531	-0.610613	-0.713362	-0.079967	
1	-1.269531	-0.610613	-0.713362	-0.079967	
1	-1.226796	-0.634766	-0.684474	-0.068870	
1	-1.226796	-0.634766	-0.684474	-0.068870	
1	-1.220703	-0.637992	-0.680366	-0.067248	
1	-1.220703	-0.637992	-0.680366	-0.067248	
1	-1.171875	-0.661653	-0.647422	-0.053859	
1	-1.171875	-0.661653	-0.647422	-0.053859	
1	-1.123047	-0.682253	-0.614688	-0.039879	
1	-1.123047	-0.682253	-0.614688	-0.039879	
1	-1.119488	-0.683594	-0.612295	-0.038831	
1	-1.119488	-0.683594	-0.612295	-0.038831	
1	-1.074219	-0.699981	-0.582185	-0.025335	
1	-1.074219	-0.699981	-0.582185	-0.025335	
1	-1.025391	-0.715100	-0.549976	-0.010269	
1	-1.025391	-0.715100	-0.549976	-0.010269	
1	-0.976562	-0.727760	-0.518102	0.005288	
1	-0.976562	-0.727760	-0.518102	0.005288	
1	-0.954891	-0.732422	-0.503999	0.012378	
1	-0.954891	-0.732422	-0.503999	0.012378	
1	-0.927734	-0.738174	-0.486636	0.021285	
1	-0.927734	-0.738174	-0.486636	0.021285	
1	-0.878906	-0.746448	-0.455624	0.037685	
1	-0.878906	-0.746448	-0.455624	0.037685	
1	-0.830078	-0.752614	-0.425093	0.054460	
1	-0.830078	-0.752614	-0.425093	0.054460	
1	-0.781250	-0.756744	-0.395096	0.071567	
