#REFERENCE 0 208.6393620 77.2572740
1.1 208.6388502 77.2568006 0.090999 0.090999 86.29710 4.5000 0.00 
1.2 208.6392945 77.2575320 0.156161 0.095984 155.29264 4.5000 -0.12 
1.2 208.6388847 77.2568069 0.083050 0.060818 22.85732 4.5000 1.06 
1.2 208.6388302 77.2573926 0.116028 0.115995 112.82754 4.5000 -0.00 
1.3 208.6389239 77.2567941 0.085142 0.050596 49.41070 4.5000 1.43 
1.3 208.6389476 77.2573968 0.156440 0.098711 174.88876 4.5000 0.05 
1.3 208.6393425 77.2575132 0.127008 0.127003 52.96891 4.5000 -0.00 
2.1 208.6388811 77.2567822 0.028730 0.004516 40.70200 4.5000 2.98 
2.2 208.6388696 77.2567851 0.029514 0.006322 34.48291 4.5000 2.59 
