#REFERENCE 3 180.3146860 23.1330970
1	-0.097656	-0.882097	0.059531	0.011670	
1	-0.105637	-0.878906	0.059830	0.013365	
1	-0.105637	-0.878906	0.059830	0.013365	
1	-0.097656	-0.882097	0.059531	0.011670	
1	-0.048828	-0.899118	0.058173	0.002041	
1	-0.048828	-0.899118	0.058173	0.002041	
1	0.000000	-0.913162	0.057382	-0.007453	
1	0.000000	-0.913162	0.057382	-0.007453	
1	0.048828	-0.924424	0.057105	-0.016871	
1	0.048828	-0.924424	0.057105	-0.016871	
1	0.067396	-0.927734	0.057124	-0.020178	
1	0.067396	-0.927734	0.057124	-0.020178	
1	0.097656	-0.933581	0.057343	-0.026767	
1	0.097656	-0.933581	0.057343	-0.026767	
1	0.146484	-0.940254	0.058120	-0.036693	
1	0.146484	-0.940254	0.058120	-0.036693	
1	0.195312	-0.944118	0.059394	-0.046285	
1	0.195312	-0.944118	0.059394	-0.046285	
1	0.244141	-0.945105	0.061111	-0.055464	
1	0.244141	-0.945105	0.061111	-0.055464	
1	0.292969	-0.943069	0.063204	-0.064106	
1	0.292969	-0.943069	0.063204	-0.064106	
1	0.341797	-0.937770	0.065574	-0.072049	
1	0.341797	-0.937770	0.065574	-0.072049	
1	0.390625	-0.928866	0.068085	-0.079099	
1	0.390625	-0.928866	0.068085	-0.079099	
1	0.395077	-0.927734	0.068274	-0.079588	
1	0.395077	-0.927734	0.068274	-0.079588	
1	0.439453	-0.916711	0.070832	-0.085670	
1	0.439453	-0.916711	0.070832	-0.085670	
1	0.488281	-0.900120	0.073423	-0.091000	
1	0.488281	-0.900120	0.073423	-0.091000	
1	0.535703	-0.878906	0.075454	-0.094654	
1	0.535703	-0.878906	0.075454	-0.094654	
1	0.537109	-0.878265	0.075533	-0.094789	
1	0.537109	-0.878265	0.075533	-0.094789	
1	0.585938	-0.851351	0.077302	-0.097570	
1	0.585938	-0.851351	0.077302	-0.097570	
1	0.617161	-0.830078	0.077709	-0.098146	
1	0.617161	-0.830078	0.077709	-0.098146	
1	0.634766	-0.817266	0.077971	-0.098492	
1	0.634766	-0.817266	0.077971	-0.098492	
1	0.676631	-0.781250	0.077374	-0.097784	
1	0.676631	-0.781250	0.077374	-0.097784	
1	0.683594	-0.774633	0.077181	-0.097568	
1	0.683594	-0.774633	0.077181	-0.097568	
1	0.722790	-0.732422	0.075012	-0.095318	
1	0.722790	-0.732422	0.075012	-0.095318	
1	0.732422	-0.720542	0.074131	-0.094469	
1	0.732422	-0.720542	0.074131	-0.094469	
1	0.759898	-0.683594	0.071117	-0.091755	
1	0.759898	-0.683594	0.071117	-0.091755	
1	0.781250	-0.649455	0.067387	-0.088699	
1	0.781250	-0.649455	0.067387	-0.088699	
1	0.789970	-0.634766	0.065862	-0.087525	
1	0.789970	-0.634766	0.065862	-0.087525	
1	0.814695	-0.585938	0.059651	-0.083109	
1	0.814695	-0.585938	0.059651	-0.083109	
1	0.830078	-0.548178	0.053866	-0.079435	
1	0.830078	-0.548178	0.053866	-0.079435	
1	0.834553	-0.537109	0.052384	-0.078552	
1	0.834553	-0.537109	0.052384	-0.078552	
1	0.850957	-0.488281	0.044761	-0.074340	
1	0.850957	-0.488281	0.044761	-0.074340	
1	0.863601	-0.439453	0.036374	-0.070280	
1	0.863601	-0.439453	0.036374	-0.070280	
1	0.872978	-0.390625	0.027435	-0.066536	
1	0.872978	-0.390625	0.027435	-0.066536	
1	0.878906	-0.346312	0.018953	-0.063491	
1	0.878906	-0.346312	0.018953	-0.063491	
1	0.879545	-0.341797	0.018217	-0.063249	
1	0.879545	-0.341797	0.018217	-0.063249	
1	0.883890	-0.292969	0.009189	-0.060557	
1	0.883890	-0.292969	0.009189	-0.060557	
1	0.885700	-0.244141	0.000062	-0.058345	
1	0.885700	-0.244141	0.000062	-0.058345	
1	0.885117	-0.195312	-0.009041	-0.056638	
1	0.885117	-0.195312	-0.009041	-0.056638	
1	0.882222	-0.146484	-0.018029	-0.055443	
1	0.882222	-0.146484	-0.018029	-0.055443	
1	0.878906	-0.115186	-0.023952	-0.054925	
1	0.878906	-0.115186	-0.023952	-0.054925	
1	0.877216	-0.097656	-0.026665	-0.054762	
1	0.877216	-0.097656	-0.026665	-0.054762	
1	0.870425	-0.048828	-0.034569	-0.054556	
1	0.870425	-0.048828	-0.034569	-0.054556	
1	0.861448	0.000000	-0.042066	-0.054751	
1	0.861448	0.000000	-0.042066	-0.054751	
1	0.850148	0.048828	-0.049210	-0.055320	
1	0.850148	0.048828	-0.049210	-0.055320	
1	0.836342	0.097656	-0.056085	-0.056259	
1	0.836342	0.097656	-0.056085	-0.056259	
1	0.830078	0.116584	-0.058883	-0.056761	
1	0.830078	0.116584	-0.058883	-0.056761	
1	0.820738	0.146484	-0.061878	-0.057384	
1	0.820738	0.146484	-0.061878	-0.057384	
1	0.802884	0.195312	-0.066919	-0.058652	
1	0.802884	0.195312	-0.066919	-0.058652	
1	0.781861	0.244141	-0.071917	-0.060232	
1	0.781861	0.244141	-0.071917	-0.060232	
1	0.781250	0.245424	-0.072060	-0.060282	
1	0.781250	0.245424	-0.072060	-0.060282	
1	0.759281	0.292969	-0.075234	-0.061493	
1	0.759281	0.292969	-0.075234	-0.061493	
1	0.732909	0.341797	-0.078677	-0.063047	
1	0.732909	0.341797	-0.078677	-0.063047	
1	0.732422	0.342627	-0.078740	-0.063078	
1	0.732422	0.342627	-0.078740	-0.063078	
1	0.704476	0.390625	-0.080566	-0.064035	
1	0.704476	0.390625	-0.080566	-0.064035	
1	0.683594	0.422249	-0.081938	-0.064852	
1	0.683594	0.422249	-0.081938	-0.064852	
1	0.672161	0.439453	-0.082145	-0.064981	
1	0.672161	0.439453	-0.082145	-0.064981	
1	0.636072	0.488281	-0.082996	-0.065570	
1	0.636072	0.488281	-0.082996	-0.065570	
1	0.634766	0.489934	-0.083020	-0.065588	
1	0.634766	0.489934	-0.083020	-0.065588	
1	0.596361	0.537109	-0.082727	-0.065331	
1	0.596361	0.537109	-0.082727	-0.065331	
1	0.585938	0.548941	-0.082612	-0.065225	
1	0.585938	0.548941	-0.082612	-0.065225	
1	0.551827	0.585938	-0.081742	-0.064368	
1	0.551827	0.585938	-0.081742	-0.064368	
1	0.537109	0.600940	-0.081267	-0.063864	
1	0.537109	0.600940	-0.081267	-0.063864	
1	0.501833	0.634766	-0.079939	-0.062347	
1	0.501833	0.634766	-0.079939	-0.062347	
1	0.488281	0.647184	-0.079287	-0.061546	
1	0.488281	0.647184	-0.079287	-0.061546	
1	0.445391	0.683594	-0.077282	-0.058865	
1	0.445391	0.683594	-0.077282	-0.058865	
1	0.439453	0.688489	-0.076926	-0.058354	
1	0.439453	0.688489	-0.076926	-0.058354	
1	0.390625	0.725827	-0.074200	-0.054091	
1	0.390625	0.725827	-0.074200	-0.054091	
1	0.381157	0.732422	-0.073744	-0.053314	
1	0.381157	0.732422	-0.073744	-0.053314	
1	0.341797	0.759680	-0.071276	-0.048753	
1	0.341797	0.759680	-0.071276	-0.048753	
1	0.306721	0.781250	-0.069447	-0.044936	
1	0.306721	0.781250	-0.069447	-0.044936	
1	0.292969	0.789774	-0.068545	-0.042898	
1	0.292969	0.789774	-0.068545	-0.042898	
1	0.244141	0.817144	-0.065818	-0.035964	
1	0.244141	0.817144	-0.065818	-0.035964	
1	0.217874	0.830078	-0.064622	-0.032463	
1	0.217874	0.830078	-0.064622	-0.032463	
1	0.195312	0.841510	-0.063376	-0.028431	
1	0.195312	0.841510	-0.063376	-0.028431	
1	0.146484	0.863332	-0.061214	-0.020108	
1	0.146484	0.863332	-0.061214	-0.020108	
1	0.105637	0.878906	-0.059830	-0.013365	
1	0.105637	0.878906	-0.059830	-0.013365	
1	0.097656	0.882097	-0.059531	-0.011670	
1	0.097656	0.882097	-0.059531	-0.011670	
1	0.048828	0.899118	-0.058173	-0.002041	
1	0.048828	0.899118	-0.058173	-0.002041	
1	0.000000	0.913162	-0.057382	0.007453	
1	0.000000	0.913162	-0.057382	0.007453	
1	-0.048828	0.924424	-0.057105	0.016871	
1	-0.048828	0.924424	-0.057105	0.016871	
1	-0.067396	0.927734	-0.057124	0.020178	
1	-0.067396	0.927734	-0.057124	0.020178	
1	-0.097656	0.933581	-0.057343	0.026767	
1	-0.097656	0.933581	-0.057343	0.026767	
1	-0.146484	0.940254	-0.058120	0.036693	
1	-0.146484	0.940254	-0.058120	0.036693	
1	-0.195312	0.944118	-0.059394	0.046285	
1	-0.195312	0.944118	-0.059394	0.046285	
1	-0.244141	0.945105	-0.061111	0.055464	
1	-0.244141	0.945105	-0.061111	0.055464	
1	-0.292969	0.943069	-0.063204	0.064106	
1	-0.292969	0.943069	-0.063204	0.064106	
1	-0.341797	0.937770	-0.065574	0.072049	
1	-0.341797	0.937770	-0.065574	0.072049	
1	-0.390625	0.928866	-0.068085	0.079099	
1	-0.390625	0.928866	-0.068085	0.079099	
1	-0.395077	0.927734	-0.068274	0.079588	
1	-0.395077	0.927734	-0.068274	0.079588	
1	-0.439453	0.916711	-0.070832	0.085670	
1	-0.439453	0.916711	-0.070832	0.085670	
1	-0.488281	0.900120	-0.073423	0.091000	
1	-0.488281	0.900120	-0.073423	0.091000	
1	-0.535703	0.878906	-0.075454	0.094654	
1	-0.535703	0.878906	-0.075454	0.094654	
1	-0.537109	0.878265	-0.075533	0.094789	
1	-0.537109	0.878265	-0.075533	0.094789	
1	-0.585938	0.851351	-0.077302	0.097570	
1	-0.585938	0.851351	-0.077302	0.097570	
1	-0.617161	0.830078	-0.077709	0.098146	
1	-0.617161	0.830078	-0.077709	0.098146	
1	-0.634766	0.817266	-0.077971	0.098492	
1	-0.634766	0.817266	-0.077971	0.098492	
1	-0.676631	0.781250	-0.077374	0.097784	
1	-0.676631	0.781250	-0.077374	0.097784	
1	-0.683594	0.774633	-0.077181	0.097568	
1	-0.683594	0.774633	-0.077181	0.097568	
1	-0.722790	0.732422	-0.075012	0.095318	
1	-0.722790	0.732422	-0.075012	0.095318	
1	-0.732422	0.720542	-0.074131	0.094469	
1	-0.732422	0.720542	-0.074131	0.094469	
1	-0.759898	0.683594	-0.071117	0.091755	
1	-0.759898	0.683594	-0.071117	0.091755	
1	-0.781250	0.649455	-0.067387	0.088699	
1	-0.781250	0.649455	-0.067387	0.088699	
1	-0.789970	0.634766	-0.065862	0.087525	
1	-0.789970	0.634766	-0.065862	0.087525	
1	-0.814695	0.585938	-0.059651	0.083109	
1	-0.814695	0.585938	-0.059651	0.083109	
1	-0.830078	0.548178	-0.053866	0.079435	
1	-0.830078	0.548178	-0.053866	0.079435	
1	-0.834553	0.537109	-0.052384	0.078552	
1	-0.834553	0.537109	-0.052384	0.078552	
1	-0.850957	0.488281	-0.044761	0.074340	
1	-0.850957	0.488281	-0.044761	0.074340	
1	-0.863601	0.439453	-0.036374	0.070280	
1	-0.863601	0.439453	-0.036374	0.070280	
1	-0.872978	0.390625	-0.027435	0.066536	
1	-0.872978	0.390625	-0.027435	0.066536	
1	-0.878906	0.346312	-0.018953	0.063491	
1	-0.878906	0.346312	-0.018953	0.063491	
1	-0.879545	0.341797	-0.018217	0.063249	
1	-0.879545	0.341797	-0.018217	0.063249	
1	-0.883890	0.292969	-0.009189	0.060557	
1	-0.883890	0.292969	-0.009189	0.060557	
1	-0.885700	0.244141	-0.000062	0.058345	
1	-0.885700	0.244141	-0.000062	0.058345	
1	-0.885117	0.195312	0.009041	0.056638	
1	-0.885117	0.195312	0.009041	0.056638	
1	-0.882222	0.146484	0.018029	0.055443	
1	-0.882222	0.146484	0.018029	0.055443	
1	-0.878906	0.115186	0.023952	0.054925	
1	-0.878906	0.115186	0.023952	0.054925	
1	-0.877216	0.097656	0.026665	0.054762	
1	-0.877216	0.097656	0.026665	0.054762	
1	-0.870425	0.048828	0.034569	0.054556	
1	-0.870425	0.048828	0.034569	0.054556	
1	-0.861448	0.000000	0.042066	0.054751	
1	-0.861448	0.000000	0.042066	0.054751	
1	-0.850148	-0.048828	0.049210	0.055320	
1	-0.850148	-0.048828	0.049210	0.055320	
1	-0.836342	-0.097656	0.056085	0.056259	
1	-0.836342	-0.097656	0.056085	0.056259	
1	-0.830078	-0.116584	0.058883	0.056761	
1	-0.830078	-0.116584	0.058883	0.056761	
1	-0.820738	-0.146484	0.061878	0.057384	
1	-0.820738	-0.146484	0.061878	0.057384	
1	-0.802884	-0.195312	0.066919	0.058652	
1	-0.802884	-0.195312	0.066919	0.058652	
1	-0.781861	-0.244141	0.071917	0.060232	
1	-0.781861	-0.244141	0.071917	0.060232	
1	-0.781250	-0.245424	0.072060	0.060282	
1	-0.781250	-0.245424	0.072060	0.060282	
1	-0.759281	-0.292969	0.075234	0.061493	
1	-0.759281	-0.292969	0.075234	0.061493	
1	-0.732909	-0.341797	0.078677	0.063047	
1	-0.732909	-0.341797	0.078677	0.063047	
1	-0.732422	-0.342627	0.078740	0.063078	
1	-0.732422	-0.342627	0.078740	0.063078	
1	-0.704476	-0.390625	0.080566	0.064035	
1	-0.704476	-0.390625	0.080566	0.064035	
1	-0.683594	-0.422249	0.081938	0.064852	
1	-0.683594	-0.422249	0.081938	0.064852	
1	-0.672161	-0.439453	0.082145	0.064981	
1	-0.672161	-0.439453	0.082145	0.064981	
1	-0.636072	-0.488281	0.082996	0.065570	
1	-0.636072	-0.488281	0.082996	0.065570	
1	-0.634766	-0.489934	0.083020	0.065588	
1	-0.634766	-0.489934	0.083020	0.065588	
1	-0.596361	-0.537109	0.082727	0.065331	
1	-0.596361	-0.537109	0.082727	0.065331	
1	-0.585938	-0.548941	0.082612	0.065225	
1	-0.585938	-0.548941	0.082612	0.065225	
1	-0.551827	-0.585938	0.081742	0.064368	
1	-0.551827	-0.585938	0.081742	0.064368	
1	-0.537109	-0.600940	0.081267	0.063864	
1	-0.537109	-0.600940	0.081267	0.063864	
1	-0.501833	-0.634766	0.079939	0.062347	
1	-0.501833	-0.634766	0.079939	0.062347	
1	-0.488281	-0.647184	0.079287	0.061546	
1	-0.488281	-0.647184	0.079287	0.061546	
1	-0.445391	-0.683594	0.077282	0.058865	
1	-0.445391	-0.683594	0.077282	0.058865	
1	-0.439453	-0.688489	0.076926	0.058354	
1	-0.439453	-0.688489	0.076926	0.058354	
1	-0.390625	-0.725827	0.074200	0.054091	
1	-0.390625	-0.725827	0.074200	0.054091	
1	-0.381157	-0.732422	0.073744	0.053314	
1	-0.381157	-0.732422	0.073744	0.053314	
1	-0.341797	-0.759680	0.071276	0.048753	
1	-0.341797	-0.759680	0.071276	0.048753	
1	-0.306721	-0.781250	0.069447	0.044936	
1	-0.306721	-0.781250	0.069447	0.044936	
1	-0.292969	-0.789774	0.068545	0.042898	
1	-0.292969	-0.789774	0.068545	0.042898	
1	-0.244141	-0.817144	0.065818	0.035964	
1	-0.244141	-0.817144	0.065818	0.035964	
1	-0.217874	-0.830078	0.064622	0.032463	
1	-0.217874	-0.830078	0.064622	0.032463	
1	-0.195312	-0.841510	0.063376	0.028431	
1	-0.195312	-0.841510	0.063376	0.028431	
1	-0.146484	-0.863332	0.061214	0.020108	
1	-0.146484	-0.863332	0.061214	0.020108	
