#REFERENCE 3 87.3042530 -62.0775650
1	-0.027950	-0.195312	0.517999	2.447259	
1	0.000000	-0.211122	0.232303	2.476313	
1	0.000000	-0.211122	0.232303	2.476313	
1	-0.027950	-0.195312	0.517999	2.447259	
1	-0.048828	-0.190181	0.729151	2.399142	
1	-0.048828	-0.190181	0.729151	2.399142	
1	-0.097656	-0.159653	1.257925	2.164836	
1	-0.097656	-0.159653	1.257925	2.164836	
1	-0.112258	-0.146484	1.420843	2.051406	
1	-0.112258	-0.146484	1.420843	2.051406	
1	-0.146484	-0.112002	1.764724	1.710654	
1	-0.146484	-0.112002	1.764724	1.710654	
1	-0.160577	-0.097656	1.874668	1.555079	
1	-0.160577	-0.097656	1.874668	1.555079	
1	-0.191150	-0.048828	2.088131	1.085038	
1	-0.191150	-0.048828	2.088131	1.085038	
1	-0.195312	-0.032527	2.123253	0.944226	
1	-0.195312	-0.032527	2.123253	0.944226	
1	-0.214874	0.000000	2.157763	0.662500	
1	-0.214874	0.000000	2.157763	0.662500	
1	-0.226154	0.048828	2.134066	0.302920	
1	-0.226154	0.048828	2.134066	0.302920	
1	-0.225605	0.097656	2.044110	-0.015373	
1	-0.225605	0.097656	2.044110	-0.015373	
1	-0.209311	0.146484	1.883422	-0.318428	
1	-0.209311	0.146484	1.883422	-0.318428	
1	-0.195312	0.165785	1.786390	-0.446432	
1	-0.195312	0.165785	1.786390	-0.446432	
1	-0.164229	0.195312	1.575698	-0.653947	
1	-0.164229	0.195312	1.575698	-0.653947	
1	-0.146484	0.206401	1.456746	-0.742748	
1	-0.146484	0.206401	1.456746	-0.742748	
1	-0.097656	0.222033	1.121278	-0.920766	
1	-0.097656	0.222033	1.121278	-0.920766	
1	-0.048828	0.222465	0.748447	-1.027825	
1	-0.048828	0.222465	0.748447	-1.027825	
1	0.000000	0.210519	0.315656	-1.059080	
1	0.000000	0.210519	0.315656	-1.059080	
1	0.025538	0.195312	0.053055	-1.033438	
1	0.025538	0.195312	0.053055	-1.033438	
1	0.048828	0.189277	-0.184760	-0.980311	
1	0.048828	0.189277	-0.184760	-0.980311	
1	0.097656	0.158278	-0.719112	-0.742340	
1	0.097656	0.158278	-0.719112	-0.742340	
1	0.111291	0.146484	-0.870002	-0.637655	
1	0.111291	0.146484	-0.870002	-0.637655	
1	0.146484	0.113169	-1.215735	-0.299499	
1	0.146484	0.113169	-1.215735	-0.299499	
1	0.162571	0.097656	-1.337012	-0.128706	
1	0.162571	0.097656	-1.337012	-0.128706	
1	0.192996	0.048828	-1.547189	0.335942	
1	0.192996	0.048828	-1.547189	0.335942	
1	0.195312	0.039676	-1.568046	0.413910	
1	0.195312	0.039676	-1.568046	0.413910	
1	0.218954	0.000000	-1.615675	0.754033	
1	0.218954	0.000000	-1.615675	0.754033	
1	0.228580	-0.048828	-1.591969	1.107874	
1	0.228580	-0.048828	-1.591969	1.107874	
1	0.225780	-0.097656	-1.500501	1.427534	
1	0.225780	-0.097656	-1.500501	1.427534	
1	0.204078	-0.146484	-1.326260	1.747088	
1	0.204078	-0.146484	-1.326260	1.747088	
1	0.195312	-0.157165	-1.268994	1.823203	
1	0.195312	-0.157165	-1.268994	1.823203	
1	0.150767	-0.195312	-0.967381	2.113766	
1	0.150767	-0.195312	-0.967381	2.113766	
1	0.146484	-0.197910	-0.937495	2.135542	
1	0.146484	-0.197910	-0.937495	2.135542	
1	0.097656	-0.217897	-0.583564	2.330697	
1	0.097656	-0.217897	-0.583564	2.330697	
1	0.048828	-0.221026	-0.201628	2.443450	
1	0.048828	-0.221026	-0.201628	2.443450	
2	2.001953	3.069129	-0.121246	0.387190	
2	2.001953	3.069129	-0.121246	0.387190	
2	1.995878	3.076172	-0.049385	0.328325	
2	1.995878	3.076172	-0.049385	0.328325	
2	1.953125	3.119281	0.461323	0.076607	
2	1.953125	3.119281	0.461323	0.076607	
2	1.929519	3.125000	0.687697	0.033157	
2	1.828705	3.125000	1.487720	0.187750	
2	1.806641	3.105524	1.652621	0.303585	
2	1.806641	3.105524	1.652621	0.303585	
2	1.788892	3.076172	1.809425	0.467152	
2	1.788892	3.076172	1.809425	0.467152	
2	1.775223	3.027344	1.973851	0.764811	
2	1.775223	3.027344	1.973851	0.764811	
2	1.775430	2.978516	2.041019	1.107708	
2	1.775430	2.978516	2.041019	1.107708	
2	1.790917	2.929688	1.986577	1.509450	
2	1.790917	2.929688	1.986577	1.509450	
2	1.806641	2.907507	1.893496	1.728135	
2	1.806641	2.907507	1.893496	1.728135	
2	1.816626	2.880859	1.746349	1.942530	
2	1.816626	2.880859	1.746349	1.942530	
2	1.855469	2.837823	1.311246	2.287195	
2	1.855469	2.837823	1.311246	2.287195	
2	1.867847	2.832031	1.187270	2.343962	
2	1.867847	2.832031	1.187270	2.343962	
2	1.904297	2.800960	0.792321	2.443034	
2	1.904297	2.800960	0.792321	2.443034	
2	1.953125	2.792039	0.384856	2.430657	
2	1.953125	2.792039	0.384856	2.430657	
2	2.001953	2.803786	0.033136	2.313623	
2	2.001953	2.803786	0.033136	2.313623	
2	2.030915	2.832031	-0.192164	2.162018	
2	2.030915	2.832031	-0.192164	2.162018	
2	2.049855	2.880859	-0.409909	1.902836	
2	2.049855	2.880859	-0.409909	1.902836	
2	2.050781	2.899667	-0.466702	1.794921	
2	2.050781	2.899667	-0.466702	1.794921	
2	2.054012	2.929688	-0.537237	1.587764	
2	2.054012	2.929688	-0.537237	1.587764	
2	2.050781	2.938487	-0.549572	1.527359	
2	2.050781	2.938487	-0.549572	1.527359	
2	2.048302	2.978516	-0.559484	1.204853	
2	2.048302	2.978516	-0.559484	1.204853	
2	2.035293	3.027344	-0.433779	0.788065	
2	2.035293	3.027344	-0.433779	0.788065	
3	0.048828	3.530092	0.955253	-0.213725	
3	0.048828	3.530092	0.955253	-0.213725	
3	0.066938	3.515625	0.789712	-0.130231	
3	0.066938	3.515625	0.789712	-0.130231	
3	0.097656	3.490727	0.540157	0.098351	
3	0.097656	3.490727	0.540157	0.098351	
3	0.116754	3.466797	0.406883	0.326960	
3	0.116754	3.466797	0.406883	0.326960	
3	0.130850	3.417969	0.321639	0.761646	
3	0.130850	3.417969	0.321639	0.761646	
3	0.116601	3.369141	0.414629	1.193734	
3	0.116601	3.369141	0.414629	1.193734	
3	0.097656	3.344521	0.552992	1.420877	
3	0.097656	3.344521	0.552992	1.420877	
3	0.067128	3.320312	0.797361	1.637912	
3	0.067128	3.320312	0.797361	1.637912	
3	0.048828	3.305632	0.961695	1.718774	
3	0.048828	3.305632	0.961695	1.718774	
3	0.000000	3.295907	1.335306	1.776945	
3	0.000000	3.295907	1.335306	1.776945	
3	-0.044299	3.320312	1.716240	1.676542	
3	-0.044299	3.320312	1.716240	1.676542	
3	-0.048828	3.321100	1.749459	1.658890	
3	-0.048828	3.321100	1.749459	1.658890	
3	-0.096859	3.369141	2.163268	1.220156	
3	-0.096859	3.369141	2.163268	1.220156	
3	-0.097656	3.374402	2.183218	1.177175	
3	-0.097656	3.374402	2.183218	1.177175	
3	-0.118376	3.417969	2.271309	0.761322	
3	-0.118376	3.417969	2.271309	0.761322	
3	-0.097656	3.464798	2.181185	0.317610	
3	-0.097656	3.464798	2.181185	0.317610	
3	-0.097401	3.466797	2.173792	0.301294	
3	-0.097401	3.466797	2.173792	0.301294	
3	-0.048828	3.515597	1.756538	-0.154637	
3	-0.048828	3.515597	1.756538	-0.154637	
3	-0.048663	3.515625	1.755343	-0.155310	
3	-0.048663	3.515625	1.755343	-0.155310	
3	0.000000	3.541261	1.336528	-0.275243	
3	0.000000	3.541261	1.336528	-0.275243	
