#REFERENCE 3 10.8527080 -20.6282150
1	-10.081623	15.625000	-1.465381	22.291874	
1	-9.375000	15.258059	-1.590855	22.249322	
2	-9.375000	15.258059	-1.590855	22.249322	
2	-8.693859	15.625000	-1.877658	22.152336	
3	-9.375000	16.013582	-1.672271	22.185812	
3	-8.693859	15.625000	-1.877658	22.152336	
4	-10.081623	15.625000	-1.465381	22.291874	
4	-9.375000	16.013582	-1.672271	22.185812	
5	-1.293176	13.281250	-2.764618	20.609841	
5	-0.781250	12.929917	-2.963970	20.561031	
6	-0.781250	12.929917	-2.963970	20.561031	
6	0.000000	13.255448	-3.580877	20.412862	
7	-0.781250	13.547149	-3.017261	20.491195	
7	0.000000	13.308726	-3.591975	20.406869	
8	-1.293176	13.281250	-2.764618	20.609841	
8	-0.781250	13.547149	-3.017261	20.491195	
9	-7.034315	36.718750	-3.579149	29.342531	
9	-7.031250	36.716471	-3.580334	29.342459	
10	-7.031250	36.716471	-3.580334	29.342459	
10	-7.030638	36.718750	-3.580640	29.342439	
11	-7.031250	36.720199	-3.580428	29.342452	
11	-7.030638	36.718750	-3.580640	29.342439	
12	-7.034315	36.718750	-3.579149	29.342531	
12	-7.031250	36.720199	-3.580428	29.342452	
1	1.562500	11.528879	-5.337596	21.753720	
1	2.343750	11.624376	-5.984451	21.536451	
2	2.343750	11.624376	-5.984451	21.536451	
2	2.568674	11.718750	-6.155924	21.492634	
3	2.568674	11.718750	-6.155924	21.492634	
3	2.728106	12.500000	-6.351731	21.450685	
4	1.562500	12.111061	-5.456495	21.512060	
4	2.119743	12.500000	-5.918783	21.484726	
5	0.137036	11.718750	-3.986702	21.860293	
5	0.781250	11.243629	-4.475755	21.817488	
6	0.781250	11.243629	-4.475755	21.817488	
6	1.562500	11.528879	-5.337596	21.753720	
7	0.781250	12.247041	-4.603452	21.680747	
7	1.562500	12.111061	-5.456495	21.512060	
8	0.137036	11.718750	-3.986702	21.860293	
8	0.781250	12.247041	-4.603452	21.680747	
9	6.250000	21.425668	-8.408214	23.197099	
9	6.964121	21.875000	-8.739709	23.141730	
10	6.250000	22.280519	-8.405714	23.024901	
10	6.964121	21.875000	-8.739709	23.141730	
11	5.468750	21.742734	-7.896455	23.131458	
11	6.250000	21.425668	-8.408214	23.197099	
12	5.237073	21.875000	-7.819735	23.122571	
12	5.468750	21.742734	-7.896455	23.131458	
13	5.237073	21.875000	-7.819735	23.122571	
13	5.468750	21.992060	-7.893961	23.114588	
14	5.468750	21.992060	-7.893961	23.114588	
14	6.250000	22.280519	-8.405714	23.024901	
15	6.574610	25.781250	-8.335625	24.271142	
15	7.031250	25.505670	-8.478151	24.285084	
16	7.031250	25.505670	-8.478151	24.285084	
16	7.705677	25.781250	-8.782412	24.267836	
17	7.031250	26.084649	-8.491998	24.255506	
17	7.705677	25.781250	-8.782412	24.267836	
18	6.574610	25.781250	-8.335625	24.271142	
18	7.031250	26.084649	-8.491998	24.255506	
19	-10.134560	15.625000	0.249680	23.614443	
19	-9.375000	15.011388	-0.043828	23.549159	
20	-8.593750	15.585714	-0.551261	23.433606	
20	-8.489872	15.625000	-0.583436	23.418540	
21	-9.375000	15.011388	-0.043828	23.549159	
21	-8.593750	15.585714	-0.551261	23.433606	
22	-9.375000	16.266945	-0.203057	23.473195	
22	-8.593750	15.703823	-0.563778	23.424336	
23	-8.593750	15.703823	-0.563778	23.424336	
23	-8.489872	15.625000	-0.583436	23.418540	
24	-10.134560	15.625000	0.249680	23.614443	
24	-9.375000	16.266945	-0.203057	23.473195	
25	-1.562500	13.113828	-2.871219	22.106245	
25	-0.781250	12.645534	-3.382192	22.054128	
26	-0.781250	12.645534	-3.382192	22.054128	
26	0.000000	12.777976	-4.121701	21.901151	
27	-0.781250	13.792944	-3.562934	21.838368	
27	0.000000	13.780203	-4.334581	21.725543	
28	-1.562500	13.358960	-2.906305	22.093700	
28	-0.781250	13.792944	-3.562934	21.838368	
29	-13.117082	34.375000	0.791332	27.535432	
29	-12.500000	34.146351	0.511321	27.620254	
30	-14.143269	35.937500	1.235124	27.423780	
30	-14.062500	35.737076	1.204241	27.428577	
31	-13.964591	35.156250	1.143209	27.441538	
31	-13.281250	34.545681	0.869712	27.512918	
32	-13.281250	34.545681	0.869712	27.512918	
32	-13.117082	34.375000	0.791332	27.535432	
33	-14.062500	35.737076	1.204241	27.428577	
33	-13.964591	35.156250	1.143209	27.441538	
34	-14.062500	36.064821	1.217135	27.426064	
34	-13.612384	36.718750	1.091877	27.433490	
35	-13.281250	36.912658	0.975003	27.437170	
35	-12.500000	37.010693	0.640067	27.447384	
36	-13.612384	36.718750	1.091877	27.433490	
36	-13.281250	36.912658	0.975003	27.437170	
37	-14.143269	35.937500	1.235124	27.423780	
37	-14.062500	36.064821	1.217135	27.426064	
38	-5.468750	35.646746	-4.359388	28.070357	
38	-4.687500	35.848501	-4.898909	27.943150	
39	-5.739185	35.937500	-4.191382	28.125809	
39	-5.468750	35.646746	-4.359388	28.070357	
40	-4.687500	35.848501	-4.898909	27.943150	
40	-4.530745	35.937500	-4.991954	27.928973	
41	-4.530745	35.937500	-4.991954	27.928973	
41	-4.535938	36.718750	-5.002213	27.919981	
42	-4.687500	36.827377	-4.913831	27.912454	
42	-4.535938	36.718750	-5.002213	27.919981	
43	-6.250000	36.717567	-3.581869	27.714354	
43	-5.739185	35.937500	-4.191382	28.125809	
44	-5.468750	37.088811	-4.391612	27.819853	
44	-4.687500	36.827377	-4.913831	27.912454	
45	-6.250000	36.720104	-3.582889	27.714076	
45	-5.468750	37.088811	-4.391612	27.819853	
46	-10.156250	33.732885	-1.096276	27.870464	
46	-9.375000	33.821982	-1.620199	27.847822	
47	-10.586454	34.375000	-0.840143	27.854160	
47	-10.156250	33.732885	-1.096276	27.870464	
48	-11.718750	34.028676	0.104360	27.755282	
48	-11.490387	34.375000	0.048139	27.773155	
49	-12.500000	34.146351	0.511321	27.620254	
49	-11.718750	34.028676	0.104360	27.755282	
50	-9.375000	33.821982	-1.620199	27.847822	
50	-8.734650	34.375000	-2.003567	27.861984	
51	-8.734650	34.375000	-2.003567	27.861984	
51	-8.593750	34.923898	-2.049245	27.867404	
52	-8.593750	34.923898	-2.049245	27.867404	
52	-8.460172	35.156250	-2.110866	27.876940	
53	-8.460172	35.156250	-2.110866	27.876940	
53	-7.812500	35.476833	-2.495068	27.941797	
54	-7.031250	35.609844	-3.002571	28.034442	
54	-6.844369	35.937500	-3.083311	28.049012	
55	-7.812500	35.476833	-2.495068	27.941797	
55	-7.031250	35.609844	-3.002571	28.034442	
56	-6.844369	35.937500	-3.083311	28.049012	
56	-6.250000	36.717567	-3.581869	27.714354	
57	-6.250000	36.720104	-3.582889	27.714076	
57	-6.939844	37.500000	-3.024286	27.794617	
58	-11.490387	34.375000	0.048139	27.773155	
58	-11.233775	35.156250	-0.132743	27.480645	
59	-11.233775	35.156250	-0.132743	27.480645	
59	-11.503655	35.937500	0.051267	27.472465	
60	-10.586454	34.375000	-0.840143	27.854160	
60	-10.400208	35.156250	-0.885660	27.597247	
61	-10.156250	35.661422	-0.950882	27.619539	
61	-9.541177	35.937500	-1.315503	27.709986	
62	-10.400208	35.156250	-0.885660	27.597247	
62	-10.156250	35.661422	-0.950882	27.619539	
63	-9.541177	35.937500	-1.315503	27.709986	
63	-9.685838	36.718750	-1.110646	27.668007	
64	-9.685838	36.718750	-1.110646	27.668007	
64	-10.029956	37.500000	-0.789889	27.612974	
65	-11.718750	36.453351	0.203071	27.467724	
65	-12.211562	36.718750	0.488828	27.453812	
66	-11.718750	36.453351	0.203071	27.467724	
66	-11.503655	35.937500	0.051267	27.472465	
67	-12.500000	37.010693	0.640067	27.447384	
67	-12.211562	36.718750	0.488828	27.453812	
68	-10.242384	38.281250	-0.577839	27.582053	
68	-10.156250	38.076248	-0.651206	27.592117	
69	-10.156250	38.076248	-0.651206	27.592117	
69	-10.029956	37.500000	-0.789889	27.612974	
70	-10.156250	38.470229	-0.617091	27.587139	
70	-9.836201	39.062500	-0.776054	27.606392	
71	-10.242384	38.281250	-0.577839	27.582053	
71	-10.156250	38.470229	-0.617091	27.587139	
72	-9.836201	39.062500	-0.776054	27.606392	
72	-9.375000	39.422737	-1.053567	27.639940	
73	-7.812500	38.194700	-2.310551	27.786646	
73	-8.050567	38.281250	-2.119474	27.771683	
74	-8.050567	38.281250	-2.119474	27.771683	
74	-8.578780	39.062500	-1.650779	27.718431	
75	-7.812500	38.194700	-2.310551	27.786646	
75	-7.031250	37.662839	-2.953192	27.798207	
76	-7.031250	37.662839	-2.953192	27.798207	
76	-6.939844	37.500000	-3.024286	27.794617	
77	-7.812500	39.766913	-2.151091	27.799702	
77	-7.789096	39.843750	-2.157992	27.801058	
78	-7.031250	40.154282	-2.718091	27.940300	
78	-6.250000	40.113965	-3.526391	27.996653	
79	-7.789096	39.843750	-2.157992	27.801058	
79	-7.031250	40.154282	-2.718091	27.940300	
80	-9.375000	39.422737	-1.053567	27.639940	
80	-8.937697	39.843750	-1.318024	27.672802	
81	-8.578780	39.062500	-1.650779	27.718431	
81	-7.812500	39.766913	-2.151091	27.799702	
82	-8.593750	40.077624	-1.538372	27.700822	
82	-8.444222	40.625000	-1.597398	27.706673	
83	-8.937697	39.843750	-1.318024	27.672802	
83	-8.593750	40.077624	-1.538372	27.700822	
84	-8.444222	40.625000	-1.597398	27.706673	
84	-7.812500	40.895033	-2.033190	27.746601	
85	-7.812500	40.895033	-2.033190	27.746601	
85	-7.031250	41.061252	-2.655002	27.777563	
86	-7.031250	41.061252	-2.655002	27.777563	
86	-6.250000	40.854389	-3.415507	27.899172	
87	-6.250000	40.113965	-3.526391	27.996653	
87	-5.760161	40.625000	-3.823936	28.009806	
88	-6.250000	40.854389	-3.415507	27.899172	
88	-5.760161	40.625000	-3.823936	28.009806	
1	3.125000	11.356167	-7.239922	22.208099	
1	3.709041	11.718750	-7.737258	22.102659	
2	3.709041	11.718750	-7.737258	22.102659	
2	3.890855	12.500000	-7.960716	22.062985	
3	1.562500	11.241203	-5.804985	22.580204	
3	2.343750	11.196780	-6.559495	22.375003	
4	2.343750	11.196780	-6.559495	22.375003	
4	3.125000	11.356167	-7.239922	22.208099	
5	0.000000	11.191800	-4.134206	22.721273	
5	0.781250	11.042004	-4.890855	22.671804	
6	0.781250	11.042004	-4.890855	22.671804	
6	1.562500	11.241203	-5.804985	22.580204	
7	0.781250	12.486069	-5.119999	22.408564	
7	0.895530	12.500000	-5.240876	22.369200	
8	0.000000	12.096411	-4.262401	22.675893	
8	0.781250	12.486069	-5.119999	22.408564	
9	0.000000	12.582180	-4.389264	22.651080	
9	0.781250	12.574099	-5.148890	22.399673	
10	0.781250	12.574099	-5.148890	22.399673	
10	1.429645	13.281250	-5.952283	22.229146	
11	0.895530	12.500000	-5.240876	22.369200	
11	1.562500	13.085188	-6.058885	22.214531	
12	0.781250	13.812532	-5.412554	22.300407	
12	1.429645	13.281250	-5.952283	22.229146	
13	0.000000	13.960471	-4.692192	22.361779	
13	0.781250	13.812532	-5.412554	22.300407	
14	1.562500	13.085188	-6.058885	22.214531	
14	2.044528	13.281250	-6.535466	22.173382	
15	2.343750	13.380098	-6.810279	22.155040	
15	3.125000	13.307912	-7.456450	22.111697	
16	2.044528	13.281250	-6.535466	22.173382	
16	2.343750	13.380098	-6.810279	22.155040	
17	3.890855	12.500000	-7.960716	22.062985	
17	3.188122	13.281250	-7.504293	22.108008	
18	3.125000	13.307912	-7.456450	22.111697	
18	3.188122	13.281250	-7.504293	22.108008	
19	7.016042	20.312500	-9.865618	23.137311	
19	7.031250	20.322663	-9.871986	23.140030	
20	7.031250	20.322663	-9.871986	23.140030	
20	7.071413	20.312500	-9.902976	23.154267	
21	6.250000	21.324952	-9.577526	23.313609	
21	7.017023	21.875000	-10.023130	23.243055	
22	6.250000	22.380297	-9.570618	23.110931	
22	7.017023	21.875000	-10.023130	23.243055	
23	5.468750	21.569692	-8.997301	23.261108	
23	6.250000	21.324952	-9.577526	23.313609	
24	4.979950	21.875000	-8.763761	23.227258	
24	5.468750	21.569692	-8.997301	23.261108	
25	4.979950	21.875000	-8.763761	23.227258	
25	5.468750	22.134656	-8.987623	23.193375	
26	5.468750	22.134656	-8.987623	23.193375	
26	6.250000	22.380297	-9.570618	23.110931	
27	6.468099	25.781250	-9.508330	24.150451	
27	7.031250	25.399233	-9.749178	24.158468	
28	7.031250	25.399233	-9.749178	24.158468	
28	7.752517	25.781250	-10.120678	24.147416	
29	7.031250	26.188672	-9.760451	24.137148	
29	7.752517	25.781250	-10.120678	24.147416	
30	6.468099	25.781250	-9.508330	24.150451	
30	7.031250	26.188672	-9.760451	24.137148	
31	-5.891514	5.468750	0.070039	22.187533	
31	-5.468750	5.322704	-0.057980	22.186224	
32	-5.468750	5.322704	-0.057980	22.186224	
32	-4.687500	5.296753	-0.830622	22.236469	
33	-5.468750	5.623184	-0.099829	22.144226	
33	-4.687500	5.653851	-0.714379	22.113174	
34	-5.891514	5.468750	0.070039	22.187533	
34	-5.468750	5.623184	-0.099829	22.144226	
35	-0.463077	11.718750	-3.771674	22.763610	
35	0.000000	11.191800	-4.134206	22.721273	
36	-0.463077	11.718750	-3.771674	22.763610	
36	0.000000	12.096411	-4.262401	22.675893	
37	-1.562500	12.210181	-2.887808	22.881913	
37	-1.252421	12.500000	-3.160154	22.851337	
38	-2.046523	12.500000	-2.560312	22.925616	
38	-1.562500	12.210181	-2.887808	22.881913	
39	-10.156250	15.612260	1.095741	24.261542	
39	-9.375000	14.967209	0.711981	24.225139	
40	-10.188539	15.625000	1.105034	24.264226	
40	-10.156250	15.612260	1.095741	24.261542	
41	-8.593750	15.434035	0.126477	24.087655	
41	-8.146905	15.625000	-0.072871	24.006113	
42	-9.375000	14.967209	0.711981	24.225139	
42	-8.593750	15.434035	0.126477	24.087655	
43	-9.375000	16.312211	0.528120	24.063346	
43	-8.593750	15.989112	0.078730	24.017991	
44	-8.593750	15.989112	0.078730	24.017991	
44	-8.146905	15.625000	-0.072871	24.006113	
45	-10.188539	15.625000	1.105034	24.264226	
45	-10.156250	15.631065	1.093946	24.260938	
46	-10.156250	15.631065	1.093946	24.260938	
46	-9.375000	16.312211	0.528120	24.063346	
47	-10.156250	16.988372	0.713314	24.262961	
47	-9.674353	17.187500	0.529524	24.179676	
48	-10.609210	17.187500	1.131770	24.233782	
48	-10.156250	16.988372	0.713314	24.262961	
49	-2.046523	12.500000	-2.560312	22.925616	
49	-2.321685	13.281250	-2.480429	22.935454	
50	-2.321685	13.281250	-2.480429	22.935454	
50	-1.562500	13.763747	-3.104485	22.745494	
51	-1.252421	12.500000	-3.160154	22.851337	
51	-0.781250	12.533228	-3.581636	22.812261	
52	-0.781250	12.533228	-3.581636	22.812261	
52	0.000000	12.582180	-4.389264	22.651080	
53	-0.781250	13.893971	-3.823919	22.485912	
53	0.000000	13.960471	-4.692192	22.361779	
54	-1.562500	13.763747	-3.104485	22.745494	
54	-0.781250	13.893971	-3.823919	22.485912	
55	-15.706619	34.375000	2.838978	26.726148	
55	-15.625000	34.328811	2.816484	26.734100	
56	-14.062500	33.469632	2.224769	26.929996	
56	-13.281250	33.338467	1.854725	27.039337	
57	-13.281250	33.338467	1.854725	27.039337	
57	-12.500000	33.396476	1.442198	27.153401	
58	-14.456171	33.593750	2.392324	26.877388	
58	-14.062500	33.469632	2.224769	26.929996	
59	-14.843750	33.790282	2.547836	26.826542	
59	-14.456171	33.593750	2.392324	26.877388	
60	-15.625000	34.328811	2.816484	26.734100	
60	-14.843750	33.790282	2.547836	26.826542	
61	-15.706619	34.375000	2.838978	26.726148	
61	-16.347525	35.156250	3.009290	26.666889	
62	-16.406250	35.436947	3.030417	26.660117	
62	-16.347525	35.156250	3.009290	26.666889	
63	-16.742366	35.937500	3.086147	26.645691	
63	-16.406250	35.436947	3.030417	26.660117	
64	-16.742366	35.937500	3.086147	26.645691	
64	-16.406250	36.629538	3.059090	26.649689	
65	-16.406250	36.629538	3.059090	26.649689	
65	-16.391244	36.718750	3.057759	26.649736	
66	-16.391244	36.718750	3.057759	26.649736	
66	-15.666953	37.500000	2.938664	26.647116	
67	-5.468750	35.370884	-4.216305	27.468169	
67	-4.687500	35.356047	-4.852749	27.338174	
68	-6.084131	35.937500	-3.591162	27.570364	
68	-5.468750	35.370884	-4.216305	27.468169	
69	-3.906250	35.822839	-5.419417	27.242379	
69	-3.779620	35.937500	-5.504333	27.233442	
70	-4.687500	35.356047	-4.852749	27.338174	
70	-3.906250	35.822839	-5.419417	27.242379	
71	-3.779620	35.937500	-5.504333	27.233442	
71	-3.662935	36.718750	-5.594119	27.228135	
72	-3.906250	37.131013	-5.432723	27.221358	
72	-3.662935	36.718750	-5.594119	27.228135	
73	-3.906250	37.131013	-5.432723	27.221358	
73	-4.522653	37.500000	-4.992695	27.175541	
74	-6.250000	36.115146	-3.313330	27.539311	
74	-6.084131	35.937500	-3.591162	27.570364	
75	-5.468750	37.393465	-4.254282	27.062468	
75	-4.755990	37.500000	-4.821832	27.152585	
76	-6.250000	37.326508	-3.446058	26.978844	
76	-5.468750	37.393465	-4.254282	27.062468	
77	-10.499483	33.593750	-0.056784	27.414043	
77	-10.156250	33.280219	-0.351926	27.408591	
78	-10.156250	33.280219	-0.351926	27.408591	
78	-9.375000	33.155250	-0.984848	27.393399	
79	-10.499483	33.593750	-0.056784	27.414043	
79	-10.909693	34.375000	0.364006	27.413790	
80	-12.500000	33.396476	1.442198	27.153401	
80	-12.179404	33.593750	1.280109	27.196905	
81	-11.718750	33.666102	0.985431	27.275862	
81	-10.990932	34.375000	0.487622	27.406538	
82	-12.179404	33.593750	1.280109	27.196905	
82	-11.718750	33.666102	0.985431	27.275862	
83	-7.812500	34.148976	-2.180264	27.395860	
83	-7.642055	34.375000	-2.302602	27.403382	
84	-9.375000	33.155250	-0.984848	27.393399	
84	-8.593750	33.412767	-1.594293	27.383223	
85	-8.593750	33.412767	-1.594293	27.383223	
85	-8.327237	33.593750	-1.797952	27.383981	
86	-8.327237	33.593750	-1.797952	27.383981	
86	-7.812500	34.148976	-2.180264	27.395860	
87	-7.642055	34.375000	-2.302602	27.403382	
87	-7.031250	35.101358	-2.741427	27.445955	
88	-7.031250	35.101358	-2.741427	27.445955	
88	-7.003378	35.156250	-2.759217	27.448173	
89	-7.003378	35.156250	-2.759217	27.448173	
89	-6.460180	35.937500	-3.127279	27.497210	
90	-6.460180	35.937500	-3.127279	27.497210	
90	-6.250000	36.115146	-3.313330	27.539311	
91	-6.250000	37.326508	-3.446058	26.978844	
91	-6.484002	37.500000	-3.187190	26.987036	
92	-10.990932	34.375000	0.487622	27.406538	
92	-10.937500	34.709207	0.268265	26.883159	
93	-10.937500	34.709207	0.268265	26.883159	
93	-10.909693	34.375000	0.364006	27.413790	
94	-12.500000	40.372050	1.720969	26.522307	
94	-11.988132	40.625000	1.456476	26.516196	
95	-6.484002	37.500000	-3.187190	26.987036	
95	-6.820628	38.281250	-2.832203	26.985852	
96	-7.031250	38.640725	-2.600595	26.974558	
96	-6.820628	38.281250	-2.832203	26.985852	
97	-7.031250	38.640725	-2.600595	26.974558	
97	-7.250962	39.062500	-2.342486	26.952814	
98	-7.250962	39.062500	-2.342486	26.952814	
98	-7.207375	39.843750	-2.265507	26.941340	
99	-6.759926	39.843750	-2.764688	27.023678	
99	-6.250000	39.392040	-3.330723	27.047598	
100	-7.031250	39.907155	-2.440993	26.977994	
100	-6.759926	39.843750	-2.764688	27.023678	
101	-7.207375	39.843750	-2.265507	26.941340	
101	-7.031250	39.907155	-2.440993	26.977994	
102	-8.593750	41.575980	-0.856270	26.612418	
102	-7.812500	41.444813	-1.535766	26.663144	
103	-9.375000	41.530282	-0.236984	26.568529	
103	-8.593750	41.575980	-0.856270	26.612418	
104	-7.031250	41.262604	-2.287805	26.712219	
104	-7.774795	41.406250	-1.571974	26.665694	
105	-7.031250	41.262604	-2.287805	26.712219	
105	-6.250000	41.132966	-3.114706	26.840431	
106	-7.812500	41.444813	-1.535766	26.663144	
106	-7.774795	41.406250	-1.571974	26.665694	
107	-11.988132	40.625000	1.456476	26.516196	
107	-11.718750	40.732805	1.308189	26.515071	
108	-11.718750	40.732805	1.308189	26.515071	
108	-10.937500	41.082207	0.843447	26.519781	
109	-10.937500	41.082207	0.843447	26.519781	
109	-10.156250	41.364532	0.328900	26.537225	
110	-10.156250	41.364532	0.328900	26.537225	
110	-9.997362	41.406250	0.217982	26.542463	
111	-9.997362	41.406250	0.217982	26.542463	
111	-9.375000	41.530282	-0.236984	26.568529	
112	-4.755990	37.500000	-4.821832	27.152585	
112	-4.687500	37.574159	-4.865232	27.158605	
113	-4.687500	37.574159	-4.865232	27.158605	
113	-4.522653	37.500000	-4.992695	27.175541	
114	-6.250000	39.392040	-3.330723	27.047598	
114	-5.468750	39.409348	-4.044612	27.102182	
115	-5.468750	39.409348	-4.044612	27.102182	
115	-4.909805	39.843750	-4.456778	27.152558	
116	-4.909805	39.843750	-4.456778	27.152558	
116	-4.969801	40.625000	-4.303385	27.124503	
117	-6.250000	41.132966	-3.114706	26.840431	
117	-5.468750	40.918361	-3.853489	27.024865	
118	-5.468750	40.918361	-3.853489	27.024865	
118	-4.969801	40.625000	-4.303385	27.124503	
119	-15.666953	37.500000	2.938664	26.647116	
119	-15.625000	37.516795	2.930021	26.646656	
120	-15.625000	37.516795	2.930021	26.646656	
120	-14.843750	38.039727	2.726833	26.632350	
121	-14.843750	38.039727	2.726833	26.632350	
121	-14.606185	38.281250	2.647132	26.625277	
122	-14.606185	38.281250	2.647132	26.625277	
122	-14.062500	39.021836	2.426230	26.599906	
123	-14.062500	39.021836	2.426230	26.599906	
123	-14.039973	39.062500	2.415694	26.598289	
124	-14.062500	39.122748	2.420375	26.599077	
124	-14.039973	39.062500	2.415694	26.598289	
125	-13.281250	40.127962	2.074163	26.542979	
125	-12.500000	40.372050	1.720969	26.522307	
126	-14.062500	40.086210	2.354653	26.579467	
126	-13.281250	40.127962	2.074163	26.542979	
127	-3.181494	51.562500	-3.204113	29.260984	
127	-3.125000	51.518797	-3.309257	29.257537	
128	-3.181494	51.562500	-3.204113	29.260984	
128	-3.125000	51.603097	-3.331939	29.225727	
129	-3.125000	51.518797	-3.309257	29.257537	
129	-3.065163	51.562500	-3.361570	29.251972	
130	-3.125000	51.603097	-3.331939	29.225727	
130	-3.065163	51.562500	-3.361570	29.251972	
