chi multiples
 N    ID    z   Narcs    chip    chix    chiy    chia   rmss     rmsi    dx      dy    nwarn
 0    3.2 4.500   1      0.00    0.00    0.00    0.00   0.003    0.00    0.00   -0.00  0
 0    3.1 4.500   1      0.00    0.00    0.00    0.00   0.003    0.01   -0.01   -0.00  0
 0    3.2 4.500   2      0.00    0.00    0.00    0.00   0.003    0.00    N/A     N/A   0
 1    2.2 4.500   1      0.02    0.00    0.00    0.00   0.042    0.07    0.07   -0.00  0
 1    2.1 4.500   1      0.01    0.00    0.00    0.00   0.042    0.05   -0.04   -0.03  0
 1    2.2 4.500   2      0.03    0.00    0.00    0.00   0.042    0.06    N/A     N/A   0
chimul                   0.03    0.00    0.00    0.00   0.030    0.04    N/A     N/A   0
log(Likelihood)         -1.82

chitot           0.03
log(Likelihood)    -1.82
