#REFERENCE 3 38.7178230 -58.5065200
   #ID       X         Y         R       EPS       TAU       AMP       E_AMP      DMAG  TIME[days]  DTIME    PARITY
   2.1    -2.445    -0.104     2.448     0.989     6.739    44.190   416.505      4.11     -97.5       0.0    ++
   2.1    -1.737     1.611     2.369     0.893     1.986   147.806  1098.528      5.42     -85.4      12.0    +-
   2.1    -1.287     1.988     2.368     0.000     0.000   626.723  27265.880      6.99     -85.9      11.5    ++
   2.2    -2.381    -0.290     2.399     0.984     5.609    44.122   514.207      4.11     -95.8       1.6    ++
   2.2    -1.205     1.933     2.278     0.883     1.886   387.187  7780.871      6.47     -79.1      18.3    ++
   2.2    -1.602     1.621     2.279     0.000     0.000   152.906   769.791      5.46     -78.8      18.7    +-
   3.1    -2.298     0.234     2.310     0.981     5.124    77.034  2056.243      4.72     -82.4       0.0    ++
   3.1    -2.068     1.017     2.304     0.959     3.399    20.763    61.430      3.29     -81.0       1.4    +-
   3.1    -0.746     2.273     2.392     0.000     0.000    23.264   123.575      3.42     -93.9     -11.5    ++
   3.2    -0.735     2.272     2.388     0.959     3.363    23.393   122.360      3.42     -93.7     -11.3    ++
   3.2    -2.293     0.225     2.304     0.886     1.909    74.255  2300.787      4.68     -82.0       0.4    ++
   3.2    -2.063     1.014     2.299     0.000     0.000    20.811    59.903      3.30     -80.6       1.8    +-
