#REFERENCE 0 38.7178230 -58.5065200
2.1 38.7185071 -58.5059677 0.103000 0.102987 135.65121 4.5000 0.00 
2.2 38.7190892 -58.5066004 0.212019 0.018751 115.10912 4.5000 1.17 
2.2 38.7184637 -58.5059830 0.220500 0.054852 6.71445 4.5000 -0.04 
2.2 38.7186749 -58.5060698 0.108001 0.107982 140.04234 4.5000 0.00 
3.1 38.7190448 -58.5064549 0.467722 0.045214 89.24734 4.5000 -0.67 
3.1 38.7189225 -58.5062375 0.379800 0.054713 54.69588 4.5000 -0.65 
3.1 38.7182199 -58.5058887 0.107001 0.106997 133.55963 4.5000 0.00 
3.2 38.7182141 -58.5058889 0.214845 0.031262 177.82000 4.5000 0.64 
3.2 38.7190424 -58.5064575 0.224033 0.055131 108.37331 4.5000 -0.02 
3.2 38.7189199 -58.5062383 0.110001 0.109983 138.87630 4.5000 0.00 
