#REFERENCE 3 38.7178230 -58.5065200
2.1 -0.920 0.513 0.098 0.015 122.12 4.500 2.12 -2.445 -0.104 1.13 0.99
2.1 -0.920 0.513 0.098 0.015 122.12 4.500 2.12 -1.737 1.611 2.12 -0.00
2.1 -0.920 0.513 0.098 0.015 122.12 4.500 2.12 -1.287 1.988 2.12 0.00
2.2 -0.870 0.444 0.101 0.015 134.49 4.500 2.19 -2.381 -0.290 1.02 1.17
2.2 -0.870 0.444 0.101 0.015 134.49 4.500 2.19 -1.205 1.933 2.23 -0.04
2.2 -0.870 0.444 0.101 0.015 134.49 4.500 2.19 -1.602 1.621 2.19 0.00
3.1 -0.780 0.611 0.103 0.040 106.37 4.500 1.10 -2.298 0.234 1.76 -0.67
3.1 -0.780 0.611 0.103 0.040 106.37 4.500 1.10 -2.068 1.017 1.74 -0.65
3.1 -0.780 0.611 0.103 0.040 106.37 4.500 1.10 -0.746 2.273 1.10 0.00
3.2 -0.775 0.609 0.102 0.024 153.92 4.500 1.73 -0.735 2.272 1.09 0.64
3.2 -0.775 0.609 0.102 0.024 153.92 4.500 1.73 -2.293 0.225 1.75 -0.02
3.2 -0.775 0.609 0.102 0.024 153.92 4.500 1.73 -2.063 1.014 1.73 0.00
