#REFERENCE 0 328.4033970 17.6954390
2.2 328.4077673 17.6972130 0.182006 0.181998 142.42348 4.5000 -0.00 
1.1 328.3965977 17.6849960 0.204029 0.068325 51.75390 4.5000 0.94 
1.1 328.4079854 17.6979405 0.130521 0.077110 114.76768 4.5000 1.29 
1.1 328.4082359 17.6980825 0.182007 0.181999 172.84945 4.5000 -0.00 
1.2 328.4091665 17.7012946 0.505027 0.061133 42.16366 4.5000 0.08 
1.2 328.4090566 17.6957038 0.446972 0.090684 22.84203 4.5000 -0.22 
1.2 328.3989018 17.6871310 0.291308 0.062998 22.46755 4.5000 0.64 
1.3 328.3965294 17.6861037 0.683185 0.021524 116.80333 4.5000 0.88 
1.4 328.3986377 17.6851390 1.161407 0.061582 145.60633 4.5000 -0.84 
