#REFERENCE 3 99.7096370 -53.9831290
1	-0.048828	-0.503152	0.018727	0.145665	
1	0.000000	-0.513075	-0.026491	0.149915	
1	0.000000	-0.513075	-0.026491	0.149915	
1	0.048828	-0.517113	-0.070829	0.151444	
1	0.048828	-0.517113	-0.070829	0.151444	
1	0.097656	-0.515570	-0.113628	0.150389	
1	0.097656	-0.515570	-0.113628	0.150389	
1	0.146484	-0.508313	-0.154267	0.146924	
1	0.146484	-0.508313	-0.154267	0.146924	
1	0.195312	-0.494777	-0.192250	0.141246	
1	0.195312	-0.494777	-0.192250	0.141246	
1	0.212626	-0.488281	-0.205013	0.138734	
1	0.212626	-0.488281	-0.205013	0.138734	
1	0.244141	-0.475487	-0.226995	0.133585	
1	0.244141	-0.475487	-0.226995	0.133585	
1	0.292969	-0.448711	-0.258255	0.124111	
1	0.292969	-0.448711	-0.258255	0.124111	
1	0.307783	-0.439453	-0.266912	0.120933	
1	0.307783	-0.439453	-0.266912	0.120933	
1	0.341797	-0.413189	-0.285728	0.112942	
1	0.341797	-0.413189	-0.285728	0.112942	
1	0.368418	-0.390625	-0.298792	0.106259	
1	0.368418	-0.390625	-0.298792	0.106259	
1	0.390625	-0.365047	-0.309377	0.099888	
1	0.390625	-0.365047	-0.309377	0.099888	
1	0.411719	-0.341797	-0.317906	0.093861	
1	0.411719	-0.341797	-0.317906	0.093861	
1	0.439453	-0.295134	-0.329259	0.083864	
1	0.439453	-0.295134	-0.329259	0.083864	
1	0.440986	-0.292969	-0.329742	0.083363	
1	0.440986	-0.292969	-0.329742	0.083363	
1	0.465549	-0.244141	-0.337838	0.073332	
1	0.465549	-0.244141	-0.337838	0.073332	
1	0.479044	-0.195312	-0.342778	0.064270	
1	0.479044	-0.195312	-0.342778	0.064270	
1	0.485765	-0.146484	-0.345684	0.055311	
1	0.485765	-0.146484	-0.345684	0.055311	
1	0.487636	-0.097656	-0.346868	0.046070	
1	0.487636	-0.097656	-0.346868	0.046070	
1	0.485457	-0.048828	-0.346374	0.036349	
1	0.485457	-0.048828	-0.346374	0.036349	
1	0.479351	0.000000	-0.344125	0.026005	
1	0.479351	0.000000	-0.344125	0.026005	
1	0.468878	0.048828	-0.339922	0.014858	
1	0.468878	0.048828	-0.339922	0.014858	
1	0.452961	0.097656	-0.333353	0.002596	
1	0.452961	0.097656	-0.333353	0.002596	
1	0.439453	0.126998	-0.327869	-0.005615	
1	0.439453	0.126998	-0.327869	-0.005615	
1	0.432783	0.146484	-0.323942	-0.010825	
1	0.432783	0.146484	-0.323942	-0.010825	
1	0.410032	0.195312	-0.311398	-0.025125	
1	0.410032	0.195312	-0.311398	-0.025125	
1	0.390625	0.225821	-0.300903	-0.035270	
1	0.390625	0.225821	-0.300903	-0.035270	
1	0.380877	0.244141	-0.294374	-0.040988	
1	0.380877	0.244141	-0.294374	-0.040988	
1	0.346324	0.292969	-0.271951	-0.058154	
1	0.346324	0.292969	-0.271951	-0.058154	
1	0.341797	0.298163	-0.269005	-0.060180	
1	0.341797	0.298163	-0.269005	-0.060180	
1	0.306120	0.341797	-0.242913	-0.076360	
1	0.306120	0.341797	-0.242913	-0.076360	
1	0.292969	0.354812	-0.233184	-0.081705	
1	0.292969	0.354812	-0.233184	-0.081705	
1	0.255695	0.390625	-0.203557	-0.096149	
1	0.255695	0.390625	-0.203557	-0.096149	
1	0.244141	0.400169	-0.194144	-0.100236	
1	0.244141	0.400169	-0.194144	-0.100236	
1	0.195312	0.436305	-0.152576	-0.115869	
1	0.195312	0.436305	-0.152576	-0.115869	
1	0.190288	0.439453	-0.148205	-0.117307	
1	0.190288	0.439453	-0.148205	-0.117307	
1	0.146484	0.465603	-0.108892	-0.128694	
1	0.146484	0.465603	-0.108892	-0.128694	
1	0.097656	0.486814	-0.064202	-0.138586	
1	0.097656	0.486814	-0.064202	-0.138586	
1	0.092977	0.488281	-0.059912	-0.139379	
1	0.092977	0.488281	-0.059912	-0.139379	
1	0.048828	0.503152	-0.018727	-0.145665	
1	0.048828	0.503152	-0.018727	-0.145665	
1	0.000000	0.513075	0.026491	-0.149915	
1	0.000000	0.513075	0.026491	-0.149915	
1	-0.048828	0.517113	0.070829	-0.151444	
1	-0.048828	0.517113	0.070829	-0.151444	
1	-0.097656	0.515570	0.113628	-0.150389	
1	-0.097656	0.515570	0.113628	-0.150389	
1	-0.146484	0.508313	0.154267	-0.146924	
1	-0.146484	0.508313	0.154267	-0.146924	
1	-0.195312	0.494777	0.192250	-0.141246	
1	-0.195312	0.494777	0.192250	-0.141246	
1	-0.212626	0.488281	0.205013	-0.138734	
1	-0.212626	0.488281	0.205013	-0.138734	
1	-0.244141	0.475487	0.226995	-0.133585	
1	-0.244141	0.475487	0.226995	-0.133585	
1	-0.292969	0.448711	0.258255	-0.124111	
1	-0.292969	0.448711	0.258255	-0.124111	
1	-0.307783	0.439453	0.266912	-0.120933	
1	-0.307783	0.439453	0.266912	-0.120933	
1	-0.341797	0.413189	0.285728	-0.112942	
1	-0.341797	0.413189	0.285728	-0.112942	
1	-0.368418	0.390625	0.298792	-0.106259	
1	-0.368418	0.390625	0.298792	-0.106259	
1	-0.390625	0.365047	0.309377	-0.099888	
1	-0.390625	0.365047	0.309377	-0.099888	
1	-0.411719	0.341797	0.317906	-0.093861	
1	-0.411719	0.341797	0.317906	-0.093861	
1	-0.439453	0.295134	0.329259	-0.083864	
1	-0.439453	0.295134	0.329259	-0.083864	
1	-0.440986	0.292969	0.329742	-0.083363	
1	-0.440986	0.292969	0.329742	-0.083363	
1	-0.465549	0.244141	0.337838	-0.073332	
1	-0.465549	0.244141	0.337838	-0.073332	
1	-0.479044	0.195312	0.342778	-0.064270	
1	-0.479044	0.195312	0.342778	-0.064270	
1	-0.485765	0.146484	0.345684	-0.055311	
1	-0.485765	0.146484	0.345684	-0.055311	
1	-0.487636	0.097656	0.346868	-0.046070	
1	-0.487636	0.097656	0.346868	-0.046070	
1	-0.485457	0.048828	0.346374	-0.036349	
1	-0.485457	0.048828	0.346374	-0.036349	
1	-0.479351	0.000000	0.344125	-0.026005	
1	-0.479351	0.000000	0.344125	-0.026005	
1	-0.468878	-0.048828	0.339922	-0.014858	
1	-0.468878	-0.048828	0.339922	-0.014858	
1	-0.452961	-0.097656	0.333353	-0.002596	
1	-0.452961	-0.097656	0.333353	-0.002596	
1	-0.439453	-0.126998	0.327869	0.005615	
1	-0.439453	-0.126998	0.327869	0.005615	
1	-0.432783	-0.146484	0.323942	0.010825	
1	-0.432783	-0.146484	0.323942	0.010825	
1	-0.410032	-0.195312	0.311398	0.025125	
1	-0.410032	-0.195312	0.311398	0.025125	
1	-0.390625	-0.225821	0.300903	0.035270	
1	-0.390625	-0.225821	0.300903	0.035270	
1	-0.380877	-0.244141	0.294374	0.040988	
1	-0.380877	-0.244141	0.294374	0.040988	
1	-0.346324	-0.292969	0.271951	0.058154	
1	-0.346324	-0.292969	0.271951	0.058154	
1	-0.341797	-0.298163	0.269005	0.060180	
1	-0.341797	-0.298163	0.269005	0.060180	
1	-0.306120	-0.341797	0.242913	0.076360	
1	-0.306120	-0.341797	0.242913	0.076360	
1	-0.292969	-0.354812	0.233184	0.081705	
1	-0.292969	-0.354812	0.233184	0.081705	
1	-0.255695	-0.390625	0.203557	0.096149	
1	-0.255695	-0.390625	0.203557	0.096149	
1	-0.244141	-0.400169	0.194144	0.100236	
1	-0.244141	-0.400169	0.194144	0.100236	
1	-0.195312	-0.436305	0.152576	0.115869	
1	-0.195312	-0.436305	0.152576	0.115869	
1	-0.190288	-0.439453	0.148205	0.117307	
1	-0.190288	-0.439453	0.148205	0.117307	
1	-0.146484	-0.465603	0.108892	0.128694	
1	-0.146484	-0.465603	0.108892	0.128694	
1	-0.097656	-0.486814	0.064202	0.138586	
1	-0.097656	-0.486814	0.064202	0.138586	
1	-0.092977	-0.488281	0.059912	0.139379	
1	-0.092977	-0.488281	0.059912	0.139379	
1	-0.048828	-0.503152	0.018727	0.145665	
