#REFERENCE 3 180.3007650 23.0992140
1	0.000000	-3.687756	0.803581	-1.061053	
1	-0.007860	-3.662109	0.796025	-1.052350	
1	-0.007860	-3.662109	0.796025	-1.052350	
1	0.000000	-3.687756	0.803581	-1.061053	
1	0.006896	-3.710938	0.810385	-1.068921	
1	0.006896	-3.710938	0.810385	-1.068921	
1	0.021049	-3.759766	0.824696	-1.085558	
1	0.021049	-3.759766	0.824696	-1.085558	
1	0.034619	-3.808594	0.838961	-1.102254	
1	0.034619	-3.808594	0.838961	-1.102254	
1	0.047695	-3.857422	0.853199	-1.119017	
1	0.047695	-3.857422	0.853199	-1.119017	
1	0.048828	-3.861655	0.854437	-1.120478	
1	0.048828	-3.861655	0.854437	-1.120478	
1	0.060411	-3.906250	0.867437	-1.135868	
1	0.060411	-3.906250	0.867437	-1.135868	
1	0.072760	-3.955078	0.881673	-1.152793	
1	0.072760	-3.955078	0.881673	-1.152793	
1	0.084804	-4.003906	0.895918	-1.169796	
1	0.084804	-4.003906	0.895918	-1.169796	
1	0.096607	-4.052734	0.910185	-1.186880	
1	0.096607	-4.052734	0.910185	-1.186880	
1	0.097656	-4.057013	0.911442	-1.188387	
1	0.097656	-4.057013	0.911442	-1.188387	
1	0.108243	-4.101562	0.924488	-1.204052	
1	0.108243	-4.101562	0.924488	-1.204052	
1	0.119725	-4.150391	0.938828	-1.221305	
1	0.119725	-4.150391	0.938828	-1.221305	
1	0.131104	-4.199219	0.953215	-1.238639	
1	0.131104	-4.199219	0.953215	-1.238639	
1	0.142428	-4.248047	0.967656	-1.256055	
1	0.142428	-4.248047	0.967656	-1.256055	
1	0.146484	-4.265220	0.972765	-1.262219	
1	0.146484	-4.265220	0.972765	-1.262219	
1	0.153729	-4.296875	0.982156	-1.273549	
1	0.153729	-4.296875	0.982156	-1.273549	
1	0.165033	-4.345703	0.996719	-1.291118	
1	0.165033	-4.345703	0.996719	-1.291118	
1	0.176386	-4.394531	1.011352	-1.308760	
1	0.176386	-4.394531	1.011352	-1.308760	
1	0.187827	-4.443359	1.026062	-1.326476	
1	0.187827	-4.443359	1.026062	-1.326476	
1	0.195312	-4.474659	1.035553	-1.337891	
1	0.195312	-4.474659	1.035553	-1.337891	
1	0.199373	-4.492188	1.040849	-1.344257	
1	0.199373	-4.492188	1.040849	-1.344257	
1	0.211022	-4.541016	1.055711	-1.362092	
1	0.211022	-4.541016	1.055711	-1.362092	
1	0.222842	-4.589844	1.070659	-1.379986	
1	0.222842	-4.589844	1.070659	-1.379986	
1	0.234867	-4.638672	1.085697	-1.397937	
1	0.234867	-4.638672	1.085697	-1.397937	
1	0.244141	-4.675384	1.097082	-1.411488	
1	0.244141	-4.675384	1.097082	-1.411488	
1	0.247105	-4.687500	1.100824	-1.415935	
1	0.247105	-4.687500	1.100824	-1.415935	
1	0.259517	-4.736328	1.116027	-1.433957	
1	0.259517	-4.736328	1.116027	-1.433957	
1	0.272205	-4.785156	1.131326	-1.452019	
1	0.272205	-4.785156	1.131326	-1.452019	
1	0.285202	-4.833984	1.146723	-1.470117	
1	0.285202	-4.833984	1.146723	-1.470117	
1	0.292969	-4.862180	1.155684	-1.480609	
1	0.292969	-4.862180	1.155684	-1.480609	
1	0.298477	-4.882812	1.162208	-1.488229	
1	0.298477	-4.882812	1.162208	-1.488229	
1	0.312011	-4.931641	1.177770	-1.506339	
1	0.312011	-4.931641	1.177770	-1.506339	
1	0.325922	-4.980469	1.193432	-1.524464	
1	0.325922	-4.980469	1.193432	-1.524464	
1	0.340243	-5.029297	1.209194	-1.542600	
1	0.340243	-5.029297	1.209194	-1.542600	
1	0.341797	-5.034366	1.210846	-1.544494	
1	0.341797	-5.034366	1.210846	-1.544494	
1	0.354817	-5.078125	1.225017	-1.560693	
1	0.354817	-5.078125	1.225017	-1.560693	
1	0.369815	-5.126953	1.240930	-1.578773	
1	0.369815	-5.126953	1.240930	-1.578773	
1	0.385293	-5.175781	1.256941	-1.596840	
1	0.385293	-5.175781	1.256941	-1.596840	
1	0.390625	-5.191924	1.262279	-1.602836	
1	0.390625	-5.191924	1.262279	-1.602836	
1	0.401117	-5.224609	1.273010	-1.614847	
1	0.401117	-5.224609	1.273010	-1.614847	
1	0.417379	-5.273438	1.289150	-1.632802	
1	0.417379	-5.273438	1.289150	-1.632802	
1	0.434197	-5.322266	1.305379	-1.650719	
1	0.434197	-5.322266	1.305379	-1.650719	
1	0.439453	-5.336913	1.310287	-1.656110	
1	0.439453	-5.336913	1.310287	-1.656110	
1	0.451400	-5.371094	1.321648	-1.668541	
1	0.451400	-5.371094	1.321648	-1.668541	
1	0.469116	-5.419922	1.337974	-1.686283	
1	0.469116	-5.419922	1.337974	-1.686283	
1	0.487469	-5.468750	1.354375	-1.703960	
1	0.487469	-5.468750	1.354375	-1.703960	
1	0.488281	-5.470823	1.355077	-1.704714	
1	0.488281	-5.470823	1.355077	-1.704714	
1	0.506178	-5.517578	1.370771	-1.721486	
1	0.506178	-5.517578	1.370771	-1.721486	
1	0.525557	-5.566406	1.387222	-1.738921	
1	0.525557	-5.566406	1.387222	-1.738921	
1	0.537109	-5.594428	1.396711	-1.748909	
1	0.537109	-5.594428	1.396711	-1.748909	
1	0.545513	-5.615234	1.403689	-1.756223	
1	0.545513	-5.615234	1.403689	-1.756223	
1	0.566012	-5.664062	1.420148	-1.773367	
1	0.566012	-5.664062	1.420148	-1.773367	
1	0.585938	-5.709797	1.435592	-1.789319	
1	0.585938	-5.709797	1.435592	-1.789319	
1	0.587263	-5.712891	1.436626	-1.790383	
1	0.587263	-5.712891	1.436626	-1.790383	
1	0.608982	-5.761719	1.453039	-1.807184	
1	0.608982	-5.761719	1.453039	-1.807184	
1	0.631527	-5.810547	1.469444	-1.823834	
1	0.631527	-5.810547	1.469444	-1.823834	
1	0.634766	-5.817325	1.471729	-1.826142	
1	0.634766	-5.817325	1.471729	-1.826142	
1	0.654629	-5.859375	1.485755	-1.840250	
1	0.654629	-5.859375	1.485755	-1.840250	
1	0.678555	-5.908203	1.502003	-1.856470	
1	0.678555	-5.908203	1.502003	-1.856470	
1	0.683594	-5.918167	1.505320	-1.859766	
1	0.683594	-5.918167	1.505320	-1.859766	
1	0.703127	-5.957031	1.518117	-1.872433	
1	0.703127	-5.957031	1.518117	-1.872433	
1	0.728541	-6.005859	1.534107	-1.888159	
1	0.728541	-6.005859	1.534107	-1.888159	
1	0.732422	-6.013115	1.536477	-1.890481	
1	0.732422	-6.013115	1.536477	-1.890481	
1	0.754658	-6.054688	1.549904	-1.903593	
1	0.754658	-6.054688	1.549904	-1.903593	
1	0.781250	-6.102802	1.565277	-1.918530	
1	0.781250	-6.102802	1.565277	-1.918530	
1	0.781646	-6.103516	1.565502	-1.918749	
1	0.781646	-6.103516	1.565502	-1.918749	
1	0.809392	-6.152344	1.580831	-1.933577	
1	0.809392	-6.152344	1.580831	-1.933577	
1	0.830078	-6.187776	1.591773	-1.944135	
1	0.830078	-6.187776	1.591773	-1.944135	
1	0.838001	-6.201172	1.595861	-1.948076	
1	0.838001	-6.201172	1.595861	-1.948076	
1	0.867434	-6.250000	1.610529	-1.962214	
1	0.867434	-6.250000	1.610529	-1.962214	
1	0.878906	-6.268740	1.616042	-1.967531	
1	0.878906	-6.268740	1.616042	-1.967531	
1	0.897725	-6.298828	1.624781	-1.975973	
1	0.897725	-6.298828	1.624781	-1.975973	
1	0.927734	-6.346129	1.638099	-1.988895	
1	0.927734	-6.346129	1.638099	-1.988895	
1	0.928733	-6.347656	1.638524	-1.989308	
1	0.928733	-6.347656	1.638524	-1.989308	
1	0.960661	-6.396484	1.651722	-2.002234	
1	0.960661	-6.396484	1.651722	-2.002234	
1	0.976562	-6.420802	1.658015	-2.008461	
1	0.976562	-6.420802	1.658015	-2.008461	
1	0.993228	-6.445312	1.664255	-2.014690	
1	0.993228	-6.445312	1.664255	-2.014690	
1	1.025391	-6.493054	1.675751	-2.026364	
1	1.025391	-6.493054	1.675751	-2.026364	
1	1.026159	-6.494141	1.676007	-2.026629	
1	1.026159	-6.494141	1.676007	-2.026629	
1	1.059826	-6.542969	1.686956	-2.038102	
1	1.059826	-6.542969	1.686956	-2.038102	
1	1.074219	-6.564534	1.691431	-2.042930	
1	1.074219	-6.564534	1.691431	-2.042930	
1	1.093475	-6.591797	1.696934	-2.049017	
1	1.093475	-6.591797	1.696934	-2.049017	
1	1.123047	-6.635859	1.704986	-2.058326	
1	1.123047	-6.635859	1.704986	-2.058326	
1	1.126467	-6.640625	1.705827	-2.059334	
1	1.126467	-6.640625	1.705827	-2.059334	
1	1.159033	-6.689453	1.713633	-2.069133	
1	1.159033	-6.689453	1.713633	-2.069133	
1	1.171875	-6.710552	1.716589	-2.073119	
1	1.171875	-6.710552	1.716589	-2.073119	
1	1.189893	-6.738281	1.720254	-2.078364	
1	1.189893	-6.738281	1.720254	-2.078364	
1	1.217777	-6.787109	1.725683	-2.087044	
1	1.217777	-6.787109	1.725683	-2.087044	
1	1.220703	-6.792989	1.726252	-2.088043	
1	1.220703	-6.792989	1.726252	-2.088043	
1	1.243246	-6.835938	1.730048	-2.095380	
1	1.243246	-6.835938	1.730048	-2.095380	
1	1.264013	-6.884766	1.733399	-2.103408	
1	1.264013	-6.884766	1.733399	-2.103408	
1	1.269531	-6.900743	1.734299	-2.105997	
1	1.269531	-6.900743	1.734299	-2.105997	
1	1.281230	-6.933594	1.735907	-2.111418	
1	1.281230	-6.933594	1.735907	-2.111418	
1	1.294455	-6.982422	1.737676	-2.119598	
1	1.294455	-6.982422	1.737676	-2.119598	
1	1.304133	-7.031250	1.738799	-2.128161	
1	1.304133	-7.031250	1.738799	-2.128161	
1	1.311173	-7.080078	1.739336	-2.137295	
1	1.311173	-7.080078	1.739336	-2.137295	
1	1.316351	-7.128906	1.739332	-2.147130	
1	1.316351	-7.128906	1.739332	-2.147130	
1	1.318359	-7.153061	1.739140	-2.152285	
1	1.318359	-7.153061	1.739140	-2.152285	
1	1.320352	-7.177734	1.738821	-2.157756	
1	1.320352	-7.177734	1.738821	-2.157756	
1	1.323609	-7.226562	1.737836	-2.169226	
1	1.323609	-7.226562	1.737836	-2.169226	
1	1.326480	-7.275391	1.736414	-2.181575	
1	1.326480	-7.275391	1.736414	-2.181575	
1	1.329291	-7.324219	1.734590	-2.194815	
1	1.329291	-7.324219	1.734590	-2.194815	
1	1.332287	-7.373047	1.732404	-2.208949	
1	1.332287	-7.373047	1.732404	-2.208949	
1	1.335655	-7.421875	1.729895	-2.223971	
1	1.335655	-7.421875	1.729895	-2.223971	
1	1.339542	-7.470703	1.727101	-2.239869	
1	1.339542	-7.470703	1.727101	-2.239869	
1	1.344060	-7.519531	1.724060	-2.256630	
1	1.344060	-7.519531	1.724060	-2.256630	
1	1.349304	-7.568359	1.720809	-2.274237	
1	1.349304	-7.568359	1.720809	-2.274237	
1	1.355350	-7.617188	1.717385	-2.292672	
1	1.355350	-7.617188	1.717385	-2.292672	
1	1.362265	-7.666016	1.713821	-2.311917	
1	1.362265	-7.666016	1.713821	-2.311917	
1	1.367188	-7.696509	1.711540	-2.324330	
1	1.367188	-7.696509	1.711540	-2.324330	
1	1.370053	-7.714844	1.710148	-2.331961	
1	1.370053	-7.714844	1.710148	-2.331961	
1	1.378703	-7.763672	1.706398	-2.352791	
1	1.378703	-7.763672	1.706398	-2.352791	
1	1.388359	-7.812500	1.702600	-2.374383	
1	1.388359	-7.812500	1.702600	-2.374383	
1	1.399071	-7.861328	1.698783	-2.396721	
1	1.399071	-7.861328	1.698783	-2.396721	
1	1.410890	-7.910156	1.694974	-2.419792	
1	1.410890	-7.910156	1.694974	-2.419792	
1	1.416016	-7.929458	1.693478	-2.429100	
1	1.416016	-7.929458	1.693478	-2.429100	
1	1.423721	-7.958984	1.691196	-2.443594	
1	1.423721	-7.958984	1.691196	-2.443594	
1	1.437648	-8.007812	1.687476	-2.468111	
1	1.437648	-8.007812	1.687476	-2.468111	
1	1.452817	-8.056641	1.683838	-2.493325	
1	1.452817	-8.056641	1.683838	-2.493325	
1	1.464844	-8.092390	1.681240	-2.512215	
1	1.464844	-8.092390	1.681240	-2.512215	
1	1.469213	-8.105469	1.680304	-2.519233	
1	1.469213	-8.105469	1.680304	-2.519233	
1	1.486772	-8.154297	1.676896	-2.545836	
1	1.486772	-8.154297	1.676896	-2.545836	
1	1.505728	-8.203125	1.673638	-2.573116	
1	1.505728	-8.203125	1.673638	-2.573116	
1	1.513672	-8.222286	1.672406	-2.583997	
1	1.513672	-8.222286	1.672406	-2.583997	
1	1.526014	-8.251953	1.670550	-2.601077	
1	1.526014	-8.251953	1.670550	-2.601077	
1	1.547736	-8.300781	1.667656	-2.629716	
1	1.547736	-8.300781	1.667656	-2.629716	
1	1.562500	-8.331912	1.665922	-2.648321	
1	1.562500	-8.331912	1.665922	-2.648321	
1	1.570990	-8.349609	1.664976	-2.659032	
1	1.570990	-8.349609	1.664976	-2.659032	
1	1.595816	-8.398438	1.662534	-2.689031	
1	1.595816	-8.398438	1.662534	-2.689031	
1	1.611328	-8.427208	1.661216	-2.707024	
1	1.611328	-8.427208	1.661216	-2.707024	
1	1.622356	-8.447266	1.660352	-2.719717	
1	1.622356	-8.447266	1.660352	-2.719717	
1	1.650695	-8.496094	1.658455	-2.751102	
1	1.650695	-8.496094	1.658455	-2.751102	
1	1.660156	-8.511618	1.657916	-2.761226	
1	1.660156	-8.511618	1.657916	-2.761226	
1	1.681016	-8.544922	1.656868	-2.783198	
1	1.681016	-8.544922	1.656868	-2.783198	
1	1.708984	-8.587282	1.655764	-2.811635	
1	1.708984	-8.587282	1.655764	-2.811635	
1	1.713402	-8.593750	1.655619	-2.816027	
1	1.713402	-8.593750	1.655619	-2.816027	
1	1.748163	-8.642578	1.654738	-2.849613	
1	1.748163	-8.642578	1.654738	-2.849613	
1	1.757812	-8.655579	1.654569	-2.858688	
1	1.757812	-8.655579	1.654569	-2.858688	
1	1.785531	-8.691406	1.654257	-2.883993	
1	1.785531	-8.691406	1.654257	-2.883993	
1	1.806641	-8.717615	1.654178	-2.902791	
1	1.806641	-8.717615	1.654178	-2.902791	
1	1.825758	-8.740234	1.654216	-2.919215	
1	1.825758	-8.740234	1.654216	-2.919215	
1	1.855469	-8.774156	1.654470	-2.944210	
1	1.855469	-8.774156	1.654470	-2.944210	
1	1.869265	-8.789062	1.654660	-2.955341	
1	1.869265	-8.789062	1.654660	-2.955341	
1	1.904297	-8.825756	1.655343	-2.983134	
1	1.904297	-8.825756	1.655343	-2.983134	
1	1.916629	-8.837891	1.655641	-2.992462	
1	1.916629	-8.837891	1.655641	-2.992462	
1	1.953125	-8.872863	1.656711	-3.019721	
1	1.953125	-8.872863	1.656711	-3.019721	
1	1.968633	-8.886719	1.657228	-3.030703	
1	1.968633	-8.886719	1.657228	-3.030703	
1	2.001953	-8.915835	1.658498	-3.054100	
1	2.001953	-8.915835	1.658498	-3.054100	
1	2.026342	-8.935547	1.659511	-3.070253	
1	2.026342	-8.935547	1.659511	-3.070253	
1	2.050781	-8.954948	1.660636	-3.086367	
1	2.050781	-8.954948	1.660636	-3.086367	
1	2.091204	-8.984375	1.662614	-3.111391	
1	2.091204	-8.984375	1.662614	-3.111391	
1	2.099609	-8.990409	1.663062	-3.116590	
1	2.099609	-8.990409	1.663062	-3.116590	
1	2.148438	-9.022430	1.665721	-3.144856	
1	2.148438	-9.022430	1.665721	-3.144856	
1	2.166672	-9.033203	1.666736	-3.154662	
1	2.166672	-9.033203	1.666736	-3.154662	
1	2.197266	-9.051140	1.668560	-3.171203	
1	2.197266	-9.051140	1.668560	-3.171203	
1	2.246094	-9.076614	1.671524	-3.195641	
1	2.246094	-9.076614	1.671524	-3.195641	
1	2.257887	-9.082031	1.672226	-3.201057	
1	2.257887	-9.082031	1.672226	-3.201057	
1	2.294922	-9.099013	1.674571	-3.218254	
1	2.294922	-9.099013	1.674571	-3.218254	
1	2.343750	-9.118327	1.677644	-3.239002	
1	2.343750	-9.118327	1.677644	-3.239002	
1	2.381358	-9.130859	1.679965	-3.253509	
1	2.381358	-9.130859	1.679965	-3.253509	
1	2.392578	-9.134613	1.680698	-3.257907	
1	2.392578	-9.134613	1.680698	-3.257907	
1	2.441406	-9.147954	1.683691	-3.275018	
1	2.441406	-9.147954	1.683691	-3.275018	
1	2.490234	-9.158281	1.686565	-3.290269	
1	2.490234	-9.158281	1.686565	-3.290269	
1	2.539062	-9.165596	1.689269	-3.303659	
1	2.539062	-9.165596	1.689269	-3.303659	
1	2.587891	-9.169877	1.691751	-3.315173	
1	2.587891	-9.169877	1.691751	-3.315173	
1	2.636719	-9.171076	1.693956	-3.324782	
1	2.636719	-9.171076	1.693956	-3.324782	
1	2.685547	-9.169120	1.695822	-3.332446	
1	2.685547	-9.169120	1.695822	-3.332446	
1	2.734375	-9.163910	1.697281	-3.338110	
1	2.734375	-9.163910	1.697281	-3.338110	
1	2.783203	-9.155318	1.698260	-3.341707	
1	2.783203	-9.155318	1.698260	-3.341707	
1	2.832031	-9.143193	1.698675	-3.343161	
1	2.832031	-9.143193	1.698675	-3.343161	
1	2.870234	-9.130859	1.698488	-3.342549	
1	2.870234	-9.130859	1.698488	-3.342549	
1	2.880859	-9.127350	1.698436	-3.342382	
1	2.880859	-9.127350	1.698436	-3.342382	
1	2.929688	-9.107546	1.697434	-3.339250	
1	2.929688	-9.107546	1.697434	-3.339250	
1	2.978516	-9.083524	1.695551	-3.333650	
1	2.978516	-9.083524	1.695551	-3.333650	
1	2.981146	-9.082031	1.695403	-3.333223	
1	2.981146	-9.082031	1.695403	-3.333223	
1	3.027344	-9.054841	1.692619	-3.325354	
1	3.027344	-9.054841	1.692619	-3.325354	
1	3.059155	-9.033203	1.689999	-3.318235	
1	3.059155	-9.033203	1.689999	-3.318235	
1	3.076172	-9.021122	1.688480	-3.314208	
1	3.076172	-9.021122	1.688480	-3.314208	
1	3.121916	-8.984375	1.683290	-3.300894	
1	3.121916	-8.984375	1.683290	-3.300894	
1	3.125000	-8.981771	1.682908	-3.299937	
1	3.125000	-8.981771	1.682908	-3.299937	
1	3.173828	-8.935954	1.675602	-3.282147	
1	3.173828	-8.935954	1.675602	-3.282147	
1	3.174224	-8.935547	1.675533	-3.281983	
1	3.174224	-8.935547	1.675533	-3.281983	
1	3.219080	-8.886719	1.666928	-3.262051	
1	3.219080	-8.886719	1.666928	-3.262051	
1	3.222656	-8.882567	1.666167	-3.260334	
1	3.222656	-8.882567	1.666167	-3.260334	
1	3.258276	-8.837891	1.657609	-3.241434	
1	3.258276	-8.837891	1.657609	-3.241434	
1	3.271484	-8.820079	1.654063	-3.233812	
1	3.271484	-8.820079	1.654063	-3.233812	
1	3.293026	-8.789062	1.647681	-3.220368	
1	3.293026	-8.789062	1.647681	-3.220368	
1	3.320312	-8.746475	1.638581	-3.201744	
1	3.320312	-8.746475	1.638581	-3.201744	
1	3.324098	-8.740234	1.637216	-3.199000	
1	3.324098	-8.740234	1.637216	-3.199000	
1	3.351727	-8.691406	1.626215	-3.177333	
1	3.351727	-8.691406	1.626215	-3.177333	
1	3.369141	-8.657691	1.618348	-3.162280	
1	3.369141	-8.657691	1.618348	-3.162280	
1	3.376625	-8.642578	1.614768	-3.155541	
1	3.376625	-8.642578	1.614768	-3.155541	
1	3.398910	-8.593750	1.602876	-3.133621	
1	3.398910	-8.593750	1.602876	-3.133621	
1	3.417969	-8.547437	1.591232	-3.112791	
1	3.417969	-8.547437	1.591232	-3.112791	
1	3.418973	-8.544922	1.590594	-3.111667	
1	3.418973	-8.544922	1.590594	-3.111667	
1	3.436887	-8.496094	1.577925	-3.089679	
1	3.436887	-8.496094	1.577925	-3.089679	
1	3.452896	-8.447266	1.564904	-3.067716	
1	3.452896	-8.447266	1.564904	-3.067716	
1	3.466797	-8.399506	1.551841	-3.046271	
1	3.466797	-8.399506	1.551841	-3.046271	
1	3.467103	-8.398438	1.551548	-3.045796	
1	3.467103	-8.398438	1.551548	-3.045796	
1	3.479656	-8.349609	1.537880	-3.023958	
1	3.479656	-8.349609	1.537880	-3.023958	
1	3.490616	-8.300781	1.523913	-3.002212	
1	3.490616	-8.300781	1.523913	-3.002212	
1	3.500058	-8.251953	1.509659	-2.980575	
1	3.500058	-8.251953	1.509659	-2.980575	
1	3.508047	-8.203125	1.495135	-2.959065	
1	3.508047	-8.203125	1.495135	-2.959065	
1	3.514643	-8.154297	1.480353	-2.937699	
1	3.514643	-8.154297	1.480353	-2.937699	
1	3.515625	-8.145250	1.477566	-2.933727	
1	3.515625	-8.145250	1.477566	-2.933727	
1	3.519959	-8.105469	1.465344	-2.916514	
1	3.519959	-8.105469	1.465344	-2.916514	
1	3.523989	-8.056641	1.450110	-2.895507	
1	3.523989	-8.056641	1.450110	-2.895507	
1	3.526758	-8.007812	1.434662	-2.874688	
1	3.526758	-8.007812	1.434662	-2.874688	
1	3.528297	-7.958984	1.419014	-2.854071	
1	3.528297	-7.958984	1.419014	-2.854071	
1	3.528632	-7.910156	1.403179	-2.833667	
1	3.528632	-7.910156	1.403179	-2.833667	
1	3.527782	-7.861328	1.387170	-2.813488	
1	3.527782	-7.861328	1.387170	-2.813488	
1	3.525762	-7.812500	1.371001	-2.793545	
1	3.525762	-7.812500	1.371001	-2.793545	
1	3.522580	-7.763672	1.354685	-2.773848	
1	3.522580	-7.763672	1.354685	-2.773848	
1	3.518241	-7.714844	1.338236	-2.754407	
1	3.518241	-7.714844	1.338236	-2.754407	
1	3.515625	-7.691505	1.330294	-2.745166	
1	3.515625	-7.691505	1.330294	-2.745166	
1	3.512799	-7.666016	1.321681	-2.735246	
1	3.512799	-7.666016	1.321681	-2.735246	
1	3.506265	-7.617188	1.305041	-2.716380	
1	3.506265	-7.617188	1.305041	-2.716380	
1	3.498583	-7.568359	1.288315	-2.697802	
1	3.498583	-7.568359	1.288315	-2.697802	
1	3.489737	-7.519531	1.271521	-2.679518	
1	3.489737	-7.519531	1.271521	-2.679518	
1	3.479713	-7.470703	1.254675	-2.661538	
1	3.479713	-7.470703	1.254675	-2.661538	
1	3.468494	-7.421875	1.237797	-2.643872	
1	3.468494	-7.421875	1.237797	-2.643872	
1	3.466797	-7.415098	1.235441	-2.641433	
1	3.466797	-7.415098	1.235441	-2.641433	
1	3.456224	-7.373047	1.220950	-2.626573	
1	3.456224	-7.373047	1.220950	-2.626573	
1	3.442752	-7.324219	1.204125	-2.609615	
1	3.442752	-7.324219	1.204125	-2.609615	
1	3.428034	-7.275391	1.187339	-2.593003	
1	3.428034	-7.275391	1.187339	-2.593003	
1	3.417969	-7.244349	1.176690	-2.582614	
1	3.417969	-7.244349	1.176690	-2.582614	
1	3.412115	-7.226562	1.170643	-2.576765	
1	3.412115	-7.226562	1.170643	-2.576765	
1	3.395012	-7.177734	1.154078	-2.560925	
1	3.395012	-7.177734	1.154078	-2.560925	
1	3.376621	-7.128906	1.137662	-2.545475	
1	3.376621	-7.128906	1.137662	-2.545475	
1	3.369141	-7.109992	1.131351	-2.539597	
1	3.369141	-7.109992	1.131351	-2.539597	
1	3.356976	-7.080078	1.121451	-2.530442	
1	3.356976	-7.080078	1.121451	-2.530442	
1	3.336056	-7.031250	1.105494	-2.515840	
1	3.336056	-7.031250	1.105494	-2.515840	
1	3.320312	-6.996237	1.094249	-2.505654	
1	3.320312	-6.996237	1.094249	-2.505654	
1	3.313850	-6.982422	1.089845	-2.501686	
1	3.313850	-6.982422	1.089845	-2.501686	
1	3.290314	-6.933594	1.074558	-2.487989	
1	3.290314	-6.933594	1.074558	-2.487989	
1	3.271484	-6.895992	1.063121	-2.477804	
1	3.271484	-6.895992	1.063121	-2.477804	
1	3.265562	-6.884766	1.059729	-2.474791	
1	3.265562	-6.884766	1.059729	-2.474791	
1	3.239448	-6.835938	1.045401	-2.462077	
1	3.239448	-6.835938	1.045401	-2.462077	
1	3.222656	-6.805087	1.036724	-2.454372	
1	3.222656	-6.805087	1.036724	-2.454372	
1	3.212215	-6.787109	1.031705	-2.449905	
1	3.212215	-6.787109	1.031705	-2.449905	
1	3.183879	-6.738281	1.018723	-2.438280	
1	3.183879	-6.738281	1.018723	-2.438280	
1	3.173828	-6.720743	1.014317	-2.434298	
1	3.173828	-6.720743	1.014317	-2.434298	
1	3.154480	-6.689453	1.006546	-2.427208	
1	3.154480	-6.689453	1.006546	-2.427208	
1	3.125000	-6.640808	0.995423	-2.416835	
1	3.125000	-6.640808	0.995423	-2.416835	
1	3.124879	-6.640625	0.995382	-2.416796	
1	3.124879	-6.640625	0.995382	-2.416796	
1	3.094288	-6.591797	0.985175	-2.406906	
1	3.094288	-6.591797	0.985175	-2.406906	
1	3.076172	-6.561119	0.979468	-2.401133	
1	3.076172	-6.561119	0.979468	-2.401133	
1	3.064418	-6.542969	0.976187	-2.397703	
1	3.064418	-6.542969	0.976187	-2.397703	
1	3.035627	-6.494141	0.968428	-2.389132	
1	3.035627	-6.494141	0.968428	-2.389132	
1	3.027344	-6.478413	0.966243	-2.386560	
1	3.027344	-6.478413	0.966243	-2.386560	
1	3.008378	-6.445312	0.961881	-2.381126	
1	3.008378	-6.445312	0.961881	-2.381126	
1	2.984525	-6.396484	0.956552	-2.373696	
1	2.984525	-6.396484	0.956552	-2.373696	
1	2.978516	-6.381827	0.955186	-2.371585	
1	2.978516	-6.381827	0.955186	-2.371585	
1	2.963602	-6.347656	0.952251	-2.366624	
1	2.963602	-6.347656	0.952251	-2.366624	
1	2.946819	-6.298828	0.948856	-2.359812	
1	2.946819	-6.298828	0.948856	-2.359812	
1	2.934090	-6.250000	0.946197	-2.353064	
1	2.934090	-6.250000	0.946197	-2.353064	
1	2.929688	-6.227823	0.945194	-2.349976	
1	2.929688	-6.227823	0.945194	-2.349976	
1	2.924324	-6.201172	0.944126	-2.346173	
1	2.924324	-6.201172	0.944126	-2.346173	
1	2.917160	-6.152344	0.942551	-2.339006	
1	2.917160	-6.152344	0.942551	-2.339006	
1	2.912111	-6.103516	0.941401	-2.331456	
1	2.912111	-6.103516	0.941401	-2.331456	
1	2.908518	-6.054688	0.940622	-2.323447	
1	2.908518	-6.054688	0.940622	-2.323447	
1	2.905873	-6.005859	0.940172	-2.314930	
1	2.905873	-6.005859	0.940172	-2.314930	
1	2.903790	-5.957031	0.940011	-2.305882	
1	2.903790	-5.957031	0.940011	-2.305882	
1	2.901976	-5.908203	0.940107	-2.296293	
1	2.901976	-5.908203	0.940107	-2.296293	
1	2.900213	-5.859375	0.940424	-2.286164	
1	2.900213	-5.859375	0.940424	-2.286164	
1	2.898337	-5.810547	0.940933	-2.275503	
1	2.898337	-5.810547	0.940933	-2.275503	
1	2.896223	-5.761719	0.941602	-2.264323	
1	2.896223	-5.761719	0.941602	-2.264323	
1	2.893778	-5.712891	0.942403	-2.252640	
1	2.893778	-5.712891	0.942403	-2.252640	
1	2.890931	-5.664062	0.943308	-2.240470	
1	2.890931	-5.664062	0.943308	-2.240470	
1	2.887628	-5.615234	0.944293	-2.227832	
1	2.887628	-5.615234	0.944293	-2.227832	
1	2.883828	-5.566406	0.945331	-2.214745	
1	2.883828	-5.566406	0.945331	-2.214745	
1	2.880859	-5.532980	0.946063	-2.205539	
1	2.880859	-5.532980	0.946063	-2.205539	
1	2.879530	-5.517578	0.946403	-2.201227	
1	2.879530	-5.517578	0.946403	-2.201227	
1	2.874768	-5.468750	0.947486	-2.187296	
1	2.874768	-5.468750	0.947486	-2.187296	
1	2.869451	-5.419922	0.948561	-2.172971	
1	2.869451	-5.419922	0.948561	-2.172971	
1	2.863561	-5.371094	0.949610	-2.158272	
1	2.863561	-5.371094	0.949610	-2.158272	
1	2.857084	-5.322266	0.950616	-2.143216	
1	2.857084	-5.322266	0.950616	-2.143216	
1	2.850008	-5.273438	0.951564	-2.127822	
1	2.850008	-5.273438	0.951564	-2.127822	
1	2.842326	-5.224609	0.952440	-2.112105	
1	2.842326	-5.224609	0.952440	-2.112105	
1	2.834028	-5.175781	0.953229	-2.096083	
1	2.834028	-5.175781	0.953229	-2.096083	
1	2.832031	-5.164727	0.953394	-2.092415	
1	2.832031	-5.164727	0.953394	-2.092415	
1	2.825283	-5.126953	0.953920	-2.079769	
1	2.825283	-5.126953	0.953920	-2.079769	
1	2.815973	-5.078125	0.954500	-2.063181	
1	2.815973	-5.078125	0.954500	-2.063181	
1	2.806045	-5.029297	0.954961	-2.046336	
1	2.806045	-5.029297	0.954961	-2.046336	
1	2.795497	-4.980469	0.955291	-2.029247	
1	2.795497	-4.980469	0.955291	-2.029247	
1	2.784328	-4.931641	0.955482	-2.011930	
1	2.784328	-4.931641	0.955482	-2.011930	
1	2.783203	-4.926892	0.955493	-2.010234	
1	2.783203	-4.926892	0.955493	-2.010234	
1	2.772763	-4.882812	0.955525	-1.994398	
1	2.772763	-4.882812	0.955525	-1.994398	
1	2.760605	-4.833984	0.955413	-1.976665	
1	2.760605	-4.833984	0.955413	-1.976665	
1	2.747834	-4.785156	0.955137	-1.958747	
1	2.747834	-4.785156	0.955137	-1.958747	
1	2.734454	-4.736328	0.954693	-1.940654	
1	2.734454	-4.736328	0.954693	-1.940654	
1	2.734375	-4.736045	0.954690	-1.940549	
1	2.734375	-4.736045	0.954690	-1.940549	
1	2.720707	-4.687500	0.954072	-1.922403	
1	2.720707	-4.687500	0.954072	-1.922403	
1	2.706363	-4.638672	0.953271	-1.904005	
1	2.706363	-4.638672	0.953271	-1.904005	
1	2.691430	-4.589844	0.952283	-1.885472	
1	2.691430	-4.589844	0.952283	-1.885472	
1	2.685547	-4.571009	0.951852	-1.878290	
1	2.685547	-4.571009	0.951852	-1.878290	
1	2.676046	-4.541016	0.951105	-1.866819	
1	2.676046	-4.541016	0.951105	-1.866819	
1	2.660172	-4.492188	0.949731	-1.848059	
1	2.660172	-4.492188	0.949731	-1.848059	
1	2.643741	-4.443359	0.948157	-1.829201	
1	2.643741	-4.443359	0.948157	-1.829201	
1	2.636719	-4.422809	0.947434	-1.821239	
1	2.636719	-4.422809	0.947434	-1.821239	
1	2.626866	-4.394531	0.946381	-1.810261	
1	2.626866	-4.394531	0.946381	-1.810261	
1	2.609532	-4.345703	0.944398	-1.791251	
1	2.609532	-4.345703	0.944398	-1.791251	
1	2.591689	-4.296875	0.942207	-1.772181	
1	2.591689	-4.296875	0.942207	-1.772181	
1	2.587891	-4.286511	0.941715	-1.768130	
1	2.587891	-4.286511	0.941715	-1.768130	
1	2.573449	-4.248047	0.939804	-1.753068	
1	2.573449	-4.248047	0.939804	-1.753068	
1	2.554765	-4.199219	0.937188	-1.733922	
1	2.554765	-4.199219	0.937188	-1.733922	
1	2.539062	-4.158910	0.934866	-1.718103	
1	2.539062	-4.158910	0.934866	-1.718103	
1	2.535650	-4.150391	0.934356	-1.714755	
1	2.535650	-4.150391	0.934356	-1.714755	
1	2.516168	-4.101562	0.931308	-1.695583	
1	2.516168	-4.101562	0.931308	-1.695583	
1	2.496298	-4.052734	0.928042	-1.676416	
1	2.496298	-4.052734	0.928042	-1.676416	
1	2.490234	-4.037766	0.926998	-1.670551	
1	2.490234	-4.037766	0.926998	-1.670551	
1	2.476076	-4.003906	0.924558	-1.657270	
1	2.476076	-4.003906	0.924558	-1.657270	
1	2.455533	-3.955078	0.920856	-1.638157	
1	2.455533	-3.955078	0.920856	-1.638157	
1	2.441406	-3.921616	0.918195	-1.625096	
1	2.441406	-3.921616	0.918195	-1.625096	
1	2.434689	-3.906250	0.916936	-1.619093	
1	2.434689	-3.906250	0.916936	-1.619093	
1	2.413565	-3.857422	0.912798	-1.600090	
1	2.413565	-3.857422	0.912798	-1.600090	
1	2.392578	-3.809341	0.908513	-1.581457	
1	2.392578	-3.809341	0.908513	-1.581457	
1	2.392240	-3.808594	0.908445	-1.581168	
1	2.392240	-3.808594	0.908445	-1.581168	
1	2.370650	-3.759766	0.903876	-1.562333	
1	2.370650	-3.759766	0.903876	-1.562333	
1	2.348959	-3.710938	0.899097	-1.543613	
1	2.348959	-3.710938	0.899097	-1.543613	
1	2.343750	-3.698950	0.897895	-1.539048	
1	2.343750	-3.698950	0.897895	-1.539048	
1	2.327090	-3.662109	0.894108	-1.525013	
1	2.327090	-3.662109	0.894108	-1.525013	
1	2.305193	-3.613281	0.888914	-1.506560	
1	2.305193	-3.613281	0.888914	-1.506560	
1	2.294922	-3.589918	0.886364	-1.497808	
1	2.294922	-3.589918	0.886364	-1.497808	
1	2.283247	-3.564453	0.883519	-1.488266	
1	2.283247	-3.564453	0.883519	-1.488266	
1	2.261337	-3.515625	0.877929	-1.470151	
1	2.261337	-3.515625	0.877929	-1.470151	
1	2.246094	-3.481022	0.873860	-1.457457	
1	2.246094	-3.481022	0.873860	-1.457457	
1	2.239548	-3.466797	0.872150	-1.452239	
1	2.239548	-3.466797	0.872150	-1.452239	
1	2.217853	-3.417969	0.866187	-1.434539	
1	2.217853	-3.417969	0.866187	-1.434539	
1	2.197266	-3.370825	0.860270	-1.417693	
1	2.197266	-3.370825	0.860270	-1.417693	
1	2.196496	-3.369141	0.860054	-1.417091	
1	2.196496	-3.369141	0.860054	-1.417091	
1	2.175284	-3.320312	0.853750	-1.399888	
1	2.175284	-3.320312	0.853750	-1.399888	
1	2.154587	-3.271484	0.847297	-1.382985	
1	2.154587	-3.271484	0.847297	-1.382985	
1	2.148438	-3.256235	0.845262	-1.377794	
1	2.148438	-3.256235	0.845262	-1.377794	
1	2.134262	-3.222656	0.840696	-1.366379	
1	2.134262	-3.222656	0.840696	-1.366379	
1	2.114536	-3.173828	0.833967	-1.350110	
1	2.114536	-3.173828	0.833967	-1.350110	
1	2.099609	-3.135138	0.828565	-1.337500	
1	2.099609	-3.135138	0.828565	-1.337500	
1	2.095511	-3.125000	0.827125	-1.334203	
1	2.095511	-3.125000	0.827125	-1.334203	
1	2.077119	-3.076172	0.820177	-1.318664	
1	2.077119	-3.076172	0.820177	-1.318664	
1	2.059694	-3.027344	0.813151	-1.303546	
1	2.059694	-3.027344	0.813151	-1.303546	
1	2.050781	-3.000404	0.809263	-1.295425	
1	2.050781	-3.000404	0.809263	-1.295425	
1	2.043194	-2.978516	0.806058	-1.288856	
1	2.043194	-2.978516	0.806058	-1.288856	
1	2.027719	-2.929688	0.798917	-1.274618	
1	2.027719	-2.929688	0.798917	-1.274618	
1	2.013512	-2.880859	0.791758	-1.260875	
1	2.013512	-2.880859	0.791758	-1.260875	
1	2.001953	-2.836811	0.785309	-1.248933	
1	2.001953	-2.836811	0.785309	-1.248933	
1	2.000640	-2.832031	0.784601	-1.247647	
1	2.000640	-2.832031	0.784601	-1.247647	
1	1.989063	-2.783203	0.777459	-1.234936	
1	1.989063	-2.783203	0.777459	-1.234936	
1	1.979080	-2.734375	0.770370	-1.222791	
1	1.979080	-2.734375	0.770370	-1.222791	
1	1.970786	-2.685547	0.763360	-1.211233	
1	1.970786	-2.685547	0.763360	-1.211233	
1	1.964286	-2.636719	0.756456	-1.200280	
1	1.964286	-2.636719	0.756456	-1.200280	
1	1.959686	-2.587891	0.749689	-1.189954	
1	1.959686	-2.587891	0.749689	-1.189954	
1	1.957100	-2.539062	0.743088	-1.180271	
1	1.957100	-2.539062	0.743088	-1.180271	
1	1.956646	-2.490234	0.736687	-1.171251	
1	1.956646	-2.490234	0.736687	-1.171251	
1	1.958449	-2.441406	0.730521	-1.162911	
1	1.958449	-2.441406	0.730521	-1.162911	
1	1.962639	-2.392578	0.724629	-1.155266	
1	1.962639	-2.392578	0.724629	-1.155266	
1	1.969355	-2.343750	0.719051	-1.148332	
1	1.969355	-2.343750	0.719051	-1.148332	
1	1.978740	-2.294922	0.713831	-1.142123	
1	1.978740	-2.294922	0.713831	-1.142123	
1	1.990947	-2.246094	0.709017	-1.136650	
1	1.990947	-2.246094	0.709017	-1.136650	
1	2.001953	-2.210402	0.705809	-1.133148	
1	2.001953	-2.210402	0.705809	-1.133148	
1	2.006123	-2.197266	0.704660	-1.131924	
1	2.006123	-2.197266	0.704660	-1.131924	
1	2.024427	-2.148438	0.700816	-1.127953	
1	2.024427	-2.148438	0.700816	-1.127953	
1	2.046089	-2.099609	0.697554	-1.124749	
1	2.046089	-2.099609	0.697554	-1.124749	
1	2.050781	-2.090268	0.697022	-1.124242	
1	2.050781	-2.090268	0.697022	-1.124242	
1	2.071334	-2.050781	0.694950	-1.122322	
1	2.071334	-2.050781	0.694950	-1.122322	
1	2.099609	-2.003226	0.693128	-1.120714	
1	2.099609	-2.003226	0.693128	-1.120714	
1	2.100396	-2.001953	0.693087	-1.120679	
1	2.100396	-2.001953	0.693087	-1.120679	
1	2.133652	-1.953125	0.692076	-1.119837	
1	2.133652	-1.953125	0.692076	-1.119837	
1	2.148438	-1.933498	0.691960	-1.119744	
1	2.148438	-1.933498	0.691960	-1.119744	
1	2.171421	-1.904297	0.692035	-1.119800	
1	2.171421	-1.904297	0.692035	-1.119800	
1	2.197266	-1.874212	0.692576	-1.120198	
1	2.197266	-1.874212	0.692576	-1.120198	
1	2.214142	-1.855469	0.693110	-1.120580	
1	2.214142	-1.855469	0.693110	-1.120580	
1	2.246094	-1.822574	0.694573	-1.121584	
1	2.246094	-1.822574	0.694573	-1.121584	
1	2.262362	-1.806641	0.695487	-1.122190	
1	2.262362	-1.806641	0.695487	-1.122190	
1	2.294922	-1.776784	0.697691	-1.123600	
1	2.294922	-1.776784	0.697691	-1.123600	
1	2.316730	-1.757812	0.699390	-1.124646	
1	2.316730	-1.757812	0.699390	-1.124646	
1	2.343750	-1.735615	0.701754	-1.126051	
1	2.343750	-1.735615	0.701754	-1.126051	
1	2.378005	-1.708984	0.705096	-1.127956	
1	2.378005	-1.708984	0.705096	-1.127956	
1	2.392578	-1.698203	0.706637	-1.128805	
1	2.392578	-1.698203	0.706637	-1.128805	
1	2.441406	-1.663980	0.712255	-1.131773	
1	2.441406	-1.663980	0.712255	-1.131773	
1	2.447137	-1.660156	0.712960	-1.132132	
1	2.447137	-1.660156	0.712960	-1.132132	
1	2.490234	-1.632543	0.718547	-1.134891	
1	2.490234	-1.632543	0.718547	-1.134891	
1	2.525405	-1.611328	0.723456	-1.137196	
1	2.525405	-1.611328	0.723456	-1.137196	
1	2.539062	-1.603370	0.725443	-1.138100	
1	2.539062	-1.603370	0.725443	-1.138100	
1	2.587891	-1.576275	0.732912	-1.141369	
1	2.587891	-1.576275	0.732912	-1.141369	
1	2.614122	-1.562500	0.737149	-1.143138	
1	2.614122	-1.562500	0.737149	-1.143138	
1	2.636719	-1.550952	0.740912	-1.144664	
1	2.636719	-1.550952	0.740912	-1.144664	
1	2.685547	-1.527220	0.749419	-1.147963	
1	2.685547	-1.527220	0.749419	-1.147963	
1	2.714927	-1.513672	0.754773	-1.149944	
1	2.714927	-1.513672	0.754773	-1.149944	
1	2.734375	-1.504885	0.758405	-1.151249	
1	2.734375	-1.504885	0.758405	-1.151249	
1	2.783203	-1.483797	0.767850	-1.154505	
1	2.783203	-1.483797	0.767850	-1.154505	
1	2.829557	-1.464844	0.777228	-1.157561	
1	2.829557	-1.464844	0.777228	-1.157561	
1	2.832031	-1.463846	0.777739	-1.157723	
1	2.832031	-1.463846	0.777739	-1.157723	
1	2.880859	-1.444833	0.788051	-1.160890	
1	2.880859	-1.444833	0.788051	-1.160890	
1	2.929688	-1.426743	0.798778	-1.164002	
1	2.929688	-1.426743	0.798778	-1.164002	
1	2.959865	-1.416016	0.805614	-1.165896	
1	2.959865	-1.416016	0.805614	-1.165896	
1	2.978516	-1.409432	0.809907	-1.167052	
1	2.978516	-1.409432	0.809907	-1.167052	
1	3.027344	-1.392770	0.821424	-1.170035	
1	3.027344	-1.392770	0.821424	-1.170035	
1	3.076172	-1.376776	0.833328	-1.172949	
1	3.076172	-1.376776	0.833328	-1.172949	
1	3.106424	-1.367188	0.840894	-1.174719	
1	3.106424	-1.367188	0.840894	-1.174719	
1	3.125000	-1.361302	0.845605	-1.175791	
1	3.125000	-1.361302	0.845605	-1.175791	
1	3.173828	-1.346225	0.858245	-1.178558	
1	3.173828	-1.346225	0.858245	-1.178558	
1	3.222656	-1.331607	0.871249	-1.181251	
1	3.222656	-1.331607	0.871249	-1.181251	
1	3.268118	-1.318359	0.883681	-1.183690	
1	3.268118	-1.318359	0.883681	-1.183690	
1	3.271484	-1.317373	0.884612	-1.183868	
1	3.271484	-1.317373	0.884612	-1.183868	
1	3.320312	-1.303249	0.898316	-1.186406	
1	3.320312	-1.303249	0.898316	-1.186406	
1	3.369141	-1.289407	0.912369	-1.188869	
1	3.369141	-1.289407	0.912369	-1.188869	
1	3.417969	-1.275797	0.926767	-1.191256	
1	3.417969	-1.275797	0.926767	-1.191256	
1	3.440650	-1.269531	0.933571	-1.192338	
1	3.440650	-1.269531	0.933571	-1.192338	
1	3.466797	-1.262213	0.941499	-1.193565	
1	3.466797	-1.262213	0.941499	-1.193565	
1	3.515625	-1.248621	0.956561	-1.195798	
1	3.515625	-1.248621	0.956561	-1.195798	
1	3.564453	-1.235111	0.971958	-1.197957	
1	3.564453	-1.235111	0.971958	-1.197957	
1	3.613281	-1.221640	0.987686	-1.200041	
1	3.613281	-1.221640	0.987686	-1.200041	
1	3.616658	-1.220703	0.988786	-1.200182	
1	3.616658	-1.220703	0.988786	-1.200182	
1	3.662109	-1.207834	1.003729	-1.202050	
1	3.662109	-1.207834	1.003729	-1.202050	
1	3.710938	-1.193947	1.020098	-1.203985	
1	3.710938	-1.193947	1.020098	-1.203985	
1	3.759766	-1.179964	1.036790	-1.205849	
1	3.759766	-1.179964	1.036790	-1.205849	
1	3.787692	-1.171875	1.046481	-1.206882	
1	3.787692	-1.171875	1.046481	-1.206882	
1	3.808594	-1.165662	1.053798	-1.207639	
1	3.808594	-1.165662	1.053798	-1.207639	
1	3.857422	-1.150923	1.071116	-1.209358	
1	3.857422	-1.150923	1.071116	-1.209358	
1	3.906250	-1.135956	1.088753	-1.211007	
1	3.906250	-1.135956	1.088753	-1.211007	
1	3.947619	-1.123047	1.103943	-1.212348	
1	3.947619	-1.123047	1.103943	-1.212348	
1	3.955078	-1.120644	1.106704	-1.212585	
1	3.955078	-1.120644	1.106704	-1.212585	
1	4.003906	-1.104552	1.124956	-1.214092	
1	4.003906	-1.104552	1.124956	-1.214092	
1	4.052734	-1.088098	1.143522	-1.215530	
1	4.052734	-1.088098	1.143522	-1.215530	
1	4.092941	-1.074219	1.159045	-1.216661	
1	4.092941	-1.074219	1.159045	-1.216661	
1	4.101562	-1.071126	1.162399	-1.216898	
1	4.101562	-1.071126	1.162399	-1.216898	
1	4.150391	-1.053126	1.181572	-1.218196	
1	4.150391	-1.053126	1.181572	-1.218196	
1	4.199219	-1.034620	1.201057	-1.219424	
1	4.199219	-1.034620	1.201057	-1.219424	
1	4.222876	-1.025391	1.210608	-1.219994	
1	4.222876	-1.025391	1.210608	-1.219994	
1	4.248047	-1.015116	1.220843	-1.220582	
1	4.248047	-1.015116	1.220843	-1.220582	
1	4.296875	-0.994560	1.240932	-1.221668	
1	4.296875	-0.994560	1.240932	-1.221668	
1	4.338286	-0.976562	1.258212	-1.222534	
1	4.338286	-0.976562	1.258212	-1.222534	
1	4.345703	-0.973167	1.261329	-1.222683	
1	4.345703	-0.973167	1.261329	-1.222683	
1	4.394531	-0.950078	1.282020	-1.223624	
1	4.394531	-0.950078	1.282020	-1.223624	
1	4.440177	-0.927734	1.301647	-1.224437	
1	4.440177	-0.927734	1.301647	-1.224437	
1	4.443359	-0.926081	1.303025	-1.224491	
1	4.443359	-0.926081	1.303025	-1.224491	
1	4.492188	-0.899848	1.324324	-1.225280	
1	4.492188	-0.899848	1.324324	-1.225280	
1	4.529780	-0.878906	1.340939	-1.225835	
1	4.529780	-0.878906	1.340939	-1.225835	
1	4.541016	-0.872208	1.345938	-1.225991	
1	4.541016	-0.872208	1.345938	-1.225991	
1	4.589844	-0.842042	1.367858	-1.226618	
1	4.589844	-0.842042	1.367858	-1.226618	
1	4.608520	-0.830078	1.376328	-1.226835	
1	4.608520	-0.830078	1.376328	-1.226835	
1	4.638672	-0.809204	1.390093	-1.227159	
1	4.638672	-0.809204	1.390093	-1.227159	
1	4.677549	-0.781250	1.408033	-1.227523	
1	4.677549	-0.781250	1.408033	-1.227523	
1	4.687500	-0.773438	1.412655	-1.227607	
1	4.687500	-0.773438	1.412655	-1.227607	
1	4.736328	-0.733619	1.435552	-1.227956	
1	4.736328	-0.733619	1.435552	-1.227956	
1	4.737744	-0.732422	1.436221	-1.227965	
1	4.737744	-0.732422	1.436221	-1.227965	
1	4.785156	-0.688033	1.458801	-1.228197	
1	4.785156	-0.688033	1.458801	-1.228197	
1	4.789723	-0.683594	1.460995	-1.228213	
1	4.789723	-0.683594	1.460995	-1.228213	
1	4.833984	-0.635198	1.482441	-1.228316	
1	4.833984	-0.635198	1.482441	-1.228316	
1	4.834365	-0.634766	1.482628	-1.228316	
1	4.834365	-0.634766	1.482628	-1.228316	
1	4.871976	-0.585938	1.501146	-1.228311	
1	4.871976	-0.585938	1.501146	-1.228311	
1	4.882812	-0.569421	1.506542	-1.228292	
1	4.882812	-0.569421	1.506542	-1.228292	
1	4.903236	-0.537109	1.516792	-1.228232	
1	4.903236	-0.537109	1.516792	-1.228232	
1	4.928629	-0.488281	1.529733	-1.228107	
1	4.928629	-0.488281	1.529733	-1.228107	
1	4.931641	-0.480959	1.531291	-1.228088	
1	4.931641	-0.480959	1.531291	-1.228088	
1	4.948098	-0.439453	1.539882	-1.227964	
1	4.948098	-0.439453	1.539882	-1.227964	
1	4.962228	-0.390625	1.547487	-1.227823	
1	4.962228	-0.390625	1.547487	-1.227823	
1	4.971201	-0.341797	1.552610	-1.227707	
1	4.971201	-0.341797	1.552610	-1.227707	
1	4.975135	-0.292969	1.555284	-1.227636	
1	4.975135	-0.292969	1.555284	-1.227636	
1	4.974156	-0.244141	1.555559	-1.227628	
1	4.974156	-0.244141	1.555559	-1.227628	
1	4.968397	-0.195312	1.553493	-1.227702	
1	4.968397	-0.195312	1.553493	-1.227702	
1	4.957997	-0.146484	1.549156	-1.227872	
1	4.957997	-0.146484	1.549156	-1.227872	
1	4.943096	-0.097656	1.542625	-1.228153	
1	4.943096	-0.097656	1.542625	-1.228153	
1	4.931641	-0.068750	1.537466	-1.228390	
1	4.931641	-0.068750	1.537466	-1.228390	
1	4.923659	-0.048828	1.533889	-1.228561	
1	4.923659	-0.048828	1.533889	-1.228561	
1	4.899659	0.000000	1.522951	-1.229112	
1	4.899659	0.000000	1.522951	-1.229112	
1	4.882812	0.029088	1.515203	-1.229525	
1	4.882812	0.029088	1.515203	-1.229525	
1	4.871260	0.048828	1.509913	-1.229816	
1	4.871260	0.048828	1.509913	-1.229816	
1	4.838410	0.097656	1.494776	-1.230687	
1	4.838410	0.097656	1.494776	-1.230687	
1	4.833984	0.103472	1.492726	-1.230809	
1	4.833984	0.103472	1.492726	-1.230809	
1	4.800929	0.146484	1.477480	-1.231741	
1	4.800929	0.146484	1.477480	-1.231741	
1	4.785156	0.164949	1.470188	-1.232203	
1	4.785156	0.164949	1.470188	-1.232203	
1	4.758966	0.195312	1.458134	-1.232986	
1	4.758966	0.195312	1.458134	-1.232986	
1	4.736328	0.219176	1.447699	-1.233682	
1	4.736328	0.219176	1.447699	-1.233682	
1	4.712419	0.244141	1.436731	-1.234432	
1	4.712419	0.244141	1.436731	-1.234432	
1	4.687500	0.268010	1.425288	-1.235231	
1	4.687500	0.268010	1.425288	-1.235231	
1	4.661201	0.292969	1.413272	-1.236089	
1	4.661201	0.292969	1.413272	-1.236089	
1	4.638672	0.312728	1.402976	-1.236838	
1	4.638672	0.312728	1.402976	-1.236838	
1	4.605232	0.341797	1.387774	-1.237967	
1	4.605232	0.341797	1.387774	-1.237967	
1	4.589844	0.354238	1.380780	-1.238494	
1	4.589844	0.354238	1.380780	-1.238494	
1	4.544449	0.390625	1.360264	-1.240069	
1	4.544449	0.390625	1.360264	-1.240069	
1	4.541016	0.393199	1.358713	-1.240190	
1	4.541016	0.393199	1.358713	-1.240190	
1	4.492188	0.429395	1.336760	-1.241921	
1	4.492188	0.429395	1.336760	-1.241921	
1	4.478497	0.439453	1.330640	-1.242411	
1	4.478497	0.439453	1.330640	-1.242411	
1	4.443359	0.463702	1.314946	-1.243680	
1	4.443359	0.463702	1.314946	-1.243680	
1	4.407463	0.488281	1.299018	-1.244986	
1	4.407463	0.488281	1.299018	-1.244986	
1	4.394531	0.496635	1.293287	-1.245460	
1	4.394531	0.496635	1.293287	-1.245460	
1	4.345703	0.527854	1.271766	-1.247259	
1	4.345703	0.527854	1.271766	-1.247259	
1	4.331084	0.537109	1.265357	-1.247799	
1	4.331084	0.537109	1.265357	-1.247799	
1	4.296875	0.557612	1.250387	-1.249070	
1	4.296875	0.557612	1.250387	-1.249070	
1	4.249292	0.585938	1.229719	-1.250843	
1	4.249292	0.585938	1.229719	-1.250843	
1	4.248047	0.586642	1.229179	-1.250889	
1	4.248047	0.586642	1.229179	-1.250889	
1	4.199219	0.613892	1.208096	-1.252715	
1	4.199219	0.613892	1.208096	-1.252715	
1	4.161582	0.634766	1.191973	-1.254121	
1	4.161582	0.634766	1.191973	-1.254121	
1	4.150391	0.640679	1.187189	-1.254540	
1	4.150391	0.640679	1.187189	-1.254540	
1	4.101562	0.666181	1.166423	-1.256364	
1	4.101562	0.666181	1.166423	-1.256364	
1	4.067978	0.683594	1.152245	-1.257613	
1	4.067978	0.683594	1.152245	-1.257613	
1	4.052734	0.691143	1.145826	-1.258180	
1	4.052734	0.691143	1.145826	-1.258180	
1	4.003906	0.715060	1.125376	-1.259989	
1	4.003906	0.715060	1.125376	-1.259989	
1	3.968207	0.732422	1.110538	-1.261302	
1	3.968207	0.732422	1.110538	-1.261302	
1	3.955078	0.738536	1.105095	-1.261784	
1	3.955078	0.738536	1.105095	-1.261784	
1	3.906250	0.761015	1.084961	-1.263565	
1	3.906250	0.761015	1.084961	-1.263565	
1	3.862045	0.781250	1.066888	-1.265160	
1	3.862045	0.781250	1.066888	-1.265160	
1	3.857422	0.783281	1.065003	-1.265326	
1	3.857422	0.783281	1.065003	-1.265326	
1	3.808594	0.804456	1.045185	-1.267068	
1	3.808594	0.804456	1.045185	-1.267068	
1	3.759766	0.825526	1.025543	-1.268785	
1	3.759766	0.825526	1.025543	-1.268785	
1	3.749098	0.830078	1.021274	-1.269157	
1	3.749098	0.830078	1.021274	-1.269157	
1	3.710938	0.845730	1.006049	-1.270477	
1	3.710938	0.845730	1.006049	-1.270477	
1	3.662109	0.865623	0.986721	-1.272139	
1	3.662109	0.865623	0.986721	-1.272139	
1	3.629269	0.878906	0.973816	-1.273239	
1	3.629269	0.878906	0.973816	-1.273239	
1	3.613281	0.885134	0.967554	-1.273769	
1	3.613281	0.885134	0.967554	-1.273769	
1	3.564453	0.903961	0.948539	-1.275367	
1	3.564453	0.903961	0.948539	-1.275367	
1	3.515625	0.922708	0.929693	-1.276927	
1	3.515625	0.922708	0.929693	-1.276927	
1	3.502402	0.927734	0.924618	-1.277343	
1	3.502402	0.927734	0.924618	-1.277343	
1	3.466797	0.940788	0.910997	-1.278449	
1	3.466797	0.940788	0.910997	-1.278449	
1	3.417969	0.958579	0.892460	-1.279930	
1	3.417969	0.958579	0.892460	-1.279930	
1	3.369141	0.976307	0.874090	-1.281368	
1	3.369141	0.976307	0.874090	-1.281368	
1	3.368430	0.976562	0.873823	-1.281388	
1	3.368430	0.976562	0.873823	-1.281388	
1	3.320312	0.993248	0.855861	-1.282761	
1	3.320312	0.993248	0.855861	-1.282761	
1	3.271484	1.010125	0.837795	-1.284106	
1	3.271484	1.010125	0.837795	-1.284106	
1	3.227168	1.025391	0.821537	-1.285284	
1	3.227168	1.025391	0.821537	-1.285284	
1	3.222656	1.026894	0.819888	-1.285401	
1	3.222656	1.026894	0.819888	-1.285401	
1	3.173828	1.043007	0.802124	-1.286646	
1	3.173828	1.043007	0.802124	-1.286646	
1	3.125000	1.059086	0.784518	-1.287836	
1	3.125000	1.059086	0.784518	-1.287836	
1	3.078954	1.074219	0.768057	-1.288908	
1	3.078954	1.074219	0.768057	-1.288908	
1	3.076172	1.075104	0.767066	-1.288971	
1	3.076172	1.075104	0.767066	-1.288971	
1	3.027344	1.090511	0.749755	-1.290049	
1	3.027344	1.090511	0.749755	-1.290049	
1	2.978516	1.105904	0.732596	-1.291067	
1	2.978516	1.105904	0.732596	-1.291067	
1	2.929688	1.121294	0.715587	-1.292024	
1	2.929688	1.121294	0.715587	-1.292024	
1	2.924090	1.123047	0.713647	-1.292130	
1	2.924090	1.123047	0.713647	-1.292130	
1	2.880859	1.136168	0.698716	-1.292919	
1	2.880859	1.136168	0.698716	-1.292919	
1	2.832031	1.150982	0.681990	-1.293748	
1	2.832031	1.150982	0.681990	-1.293748	
1	2.783203	1.165814	0.665407	-1.294511	
1	2.783203	1.165814	0.665407	-1.294511	
1	2.763197	1.171875	0.658653	-1.294804	
1	2.763197	1.171875	0.658653	-1.294804	
1	2.734375	1.180346	0.648961	-1.295206	
1	2.734375	1.180346	0.648961	-1.295206	
1	2.685547	1.194683	0.632650	-1.295832	
1	2.685547	1.194683	0.632650	-1.295832	
1	2.636719	1.209058	0.616475	-1.296386	
1	2.636719	1.209058	0.616475	-1.296386	
1	2.597240	1.220703	0.603495	-1.296780	
1	2.597240	1.220703	0.603495	-1.296780	
1	2.587891	1.223381	0.600432	-1.296867	
1	2.587891	1.223381	0.600432	-1.296867	
1	2.539062	1.237336	0.584517	-1.297273	
1	2.539062	1.237336	0.584517	-1.297273	
1	2.490234	1.251349	0.568729	-1.297604	
1	2.490234	1.251349	0.568729	-1.297604	
1	2.441406	1.265430	0.553066	-1.297857	
1	2.441406	1.265430	0.553066	-1.297857	
1	2.427195	1.269531	0.548530	-1.297916	
1	2.427195	1.269531	0.548530	-1.297916	
1	2.392578	1.279235	0.537523	-1.298032	
1	2.392578	1.279235	0.537523	-1.298032	
1	2.343750	1.292974	0.522099	-1.298126	
1	2.343750	1.292974	0.522099	-1.298126	
1	2.294922	1.306799	0.506790	-1.298139	
1	2.294922	1.306799	0.506790	-1.298139	
1	2.254333	1.318359	0.494149	-1.298086	
1	2.254333	1.318359	0.494149	-1.298086	
1	2.246094	1.320640	0.491593	-1.298069	
1	2.246094	1.320640	0.491593	-1.298069	
1	2.197266	1.334184	0.476505	-1.297914	
1	2.197266	1.334184	0.476505	-1.297914	
1	2.148438	1.347832	0.461523	-1.297674	
1	2.148438	1.347832	0.461523	-1.297674	
1	2.099609	1.361592	0.446642	-1.297347	
1	2.099609	1.361592	0.446642	-1.297347	
1	2.079857	1.367188	0.440650	-1.297190	
1	2.079857	1.367188	0.440650	-1.297190	
1	2.050781	1.375196	0.431860	-1.296933	
1	2.050781	1.375196	0.431860	-1.296933	
1	2.001953	1.388734	0.417175	-1.296429	
1	2.001953	1.388734	0.417175	-1.296429	
1	1.953125	1.402398	0.402579	-1.295835	
1	1.953125	1.402398	0.402579	-1.295835	
1	1.904928	1.416016	0.388256	-1.295158	
1	1.904928	1.416016	0.388256	-1.295158	
1	1.904297	1.416189	0.388069	-1.295149	
1	1.904297	1.416189	0.388069	-1.295149	
1	1.855469	1.429674	0.373647	-1.294371	
1	1.855469	1.429674	0.373647	-1.294371	
1	1.806641	1.443295	0.359304	-1.293499	
1	1.806641	1.443295	0.359304	-1.293499	
1	1.757812	1.457060	0.345035	-1.292532	
1	1.757812	1.457060	0.345035	-1.292532	
1	1.730439	1.464844	0.337066	-1.291948	
1	1.730439	1.464844	0.337066	-1.291948	
1	1.708984	1.470781	0.330838	-1.291469	
1	1.708984	1.470781	0.330838	-1.291469	
1	1.660156	1.484402	0.316713	-1.290310	
1	1.660156	1.484402	0.316713	-1.290310	
1	1.611328	1.498173	0.302649	-1.289052	
1	1.611328	1.498173	0.302649	-1.289052	
1	1.562500	1.512098	0.288640	-1.287695	
1	1.562500	1.512098	0.288640	-1.287695	
1	1.557022	1.513672	0.287072	-1.287537	
1	1.557022	1.513672	0.287072	-1.287537	
1	1.513672	1.525797	0.274695	-1.286239	
1	1.513672	1.525797	0.274695	-1.286239	
1	1.464844	1.539600	0.260800	-1.284682	
1	1.464844	1.539600	0.260800	-1.284682	
1	1.416016	1.553558	0.246948	-1.283023	
1	1.416016	1.553558	0.246948	-1.283023	
1	1.385041	1.562500	0.238181	-1.281918	
1	1.385041	1.562500	0.238181	-1.281918	
1	1.367188	1.567519	0.233140	-1.281262	
1	1.367188	1.567519	0.233140	-1.281262	
1	1.318359	1.581368	0.219376	-1.279397	
1	1.318359	1.581368	0.219376	-1.279397	
1	1.269531	1.595368	0.205643	-1.277428	
1	1.269531	1.595368	0.205643	-1.277428	
1	1.220703	1.609520	0.191936	-1.275353	
1	1.220703	1.609520	0.191936	-1.275353	
1	1.214515	1.611328	0.190200	-1.275082	
1	1.214515	1.611328	0.190200	-1.275082	
1	1.171875	1.623466	0.178265	-1.273173	
1	1.171875	1.623466	0.178265	-1.273173	
1	1.123047	1.637506	0.164613	-1.270887	
1	1.123047	1.637506	0.164613	-1.270887	
1	1.074219	1.651689	0.150975	-1.268492	
1	1.074219	1.651689	0.150975	-1.268492	
1	1.045330	1.660156	0.142910	-1.267023	
1	1.045330	1.660156	0.142910	-1.267023	
1	1.025391	1.665852	0.137353	-1.265989	
1	1.025391	1.665852	0.137353	-1.265989	
1	0.976562	1.679916	0.123748	-1.263378	
1	0.976562	1.679916	0.123748	-1.263378	
1	0.927734	1.694112	0.110143	-1.260657	
1	0.927734	1.694112	0.110143	-1.260657	
1	0.878906	1.708436	0.096534	-1.257825	
1	0.878906	1.708436	0.096534	-1.257825	
1	0.877051	1.708984	0.096016	-1.257715	
1	0.877051	1.708984	0.096016	-1.257715	
1	0.830078	1.722516	0.082937	-1.254885	
1	0.830078	1.722516	0.082937	-1.254885	
1	0.781250	1.736697	0.069331	-1.251834	
1	0.781250	1.736697	0.069331	-1.251834	
1	0.732422	1.750989	0.055708	-1.248669	
1	0.732422	1.750989	0.055708	-1.248669	
1	0.709276	1.757812	0.049244	-1.247129	
1	0.709276	1.757812	0.049244	-1.247129	
1	0.683594	1.765196	0.042079	-1.245394	
1	0.683594	1.765196	0.042079	-1.245394	
1	0.634766	1.779326	0.028437	-1.242007	
1	0.634766	1.779326	0.028437	-1.242007	
1	0.585938	1.793549	0.014769	-1.238507	
1	0.585938	1.793549	0.014769	-1.238507	
1	0.541266	1.806641	0.002237	-1.235204	
1	0.541266	1.806641	0.002237	-1.235204	
1	0.537109	1.807829	0.001072	-1.234893	
1	0.537109	1.807829	0.001072	-1.234893	
1	0.488281	1.821867	-0.012636	-1.231170	
1	0.488281	1.821867	-0.012636	-1.231170	
1	0.439453	1.835977	-0.026381	-1.227332	
1	0.439453	1.835977	-0.026381	-1.227332	
1	0.390625	1.850152	-0.040166	-1.223379	
1	0.390625	1.850152	-0.040166	-1.223379	
1	0.372389	1.855469	-0.045326	-1.221873	
1	0.372389	1.855469	-0.045326	-1.221873	
1	0.341797	1.864175	-0.053979	-1.219316	
1	0.341797	1.864175	-0.053979	-1.219316	
1	0.292969	1.878124	-0.067829	-1.215140	
1	0.292969	1.878124	-0.067829	-1.215140	
1	0.244141	1.892114	-0.081729	-1.210850	
1	0.244141	1.892114	-0.081729	-1.210850	
1	0.201733	1.904297	-0.093844	-1.207030	
1	0.201733	1.904297	-0.093844	-1.207030	
1	0.195312	1.906098	-0.095678	-1.206445	
1	0.195312	1.906098	-0.095678	-1.206445	
1	0.146484	1.919836	-0.109659	-1.201934	
1	0.146484	1.919836	-0.109659	-1.201934	
1	0.097656	1.933592	-0.123699	-1.197308	
1	0.097656	1.933592	-0.123699	-1.197308	
1	0.048828	1.947360	-0.137799	-1.192567	
1	0.048828	1.947360	-0.137799	-1.192567	
1	0.028405	1.953125	-0.143716	-1.190551	
1	0.028405	1.953125	-0.143716	-1.190551	
1	0.000000	1.960960	-0.151947	-1.187719	
1	0.000000	1.960960	-0.151947	-1.187719	
1	-0.048828	1.974432	-0.166150	-1.182761	
1	-0.048828	1.974432	-0.166150	-1.182761	
1	-0.097656	1.987893	-0.180420	-1.177691	
1	-0.097656	1.987893	-0.180420	-1.177691	
1	-0.146484	2.001334	-0.194762	-1.172508	
1	-0.146484	2.001334	-0.194762	-1.172508	
1	-0.148735	2.001953	-0.195425	-1.172266	
1	-0.148735	2.001953	-0.195425	-1.172266	
1	-0.195312	2.014486	-0.209150	-1.167223	
1	-0.195312	2.014486	-0.209150	-1.167223	
1	-0.244141	2.027592	-0.223611	-1.161829	
1	-0.244141	2.027592	-0.223611	-1.161829	
1	-0.292969	2.040656	-0.238150	-1.156324	
1	-0.292969	2.040656	-0.238150	-1.156324	
1	-0.330937	2.050781	-0.249509	-1.151968	
1	-0.330937	2.050781	-0.249509	-1.151968	
1	-0.341797	2.053615	-0.252761	-1.150712	
1	-0.341797	2.053615	-0.252761	-1.150712	
1	-0.390625	2.066322	-0.267431	-1.145001	
1	-0.390625	2.066322	-0.267431	-1.145001	
1	-0.439453	2.078966	-0.282184	-1.139182	
1	-0.439453	2.078966	-0.282184	-1.139182	
1	-0.488281	2.091540	-0.297021	-1.133257	
1	-0.488281	2.091540	-0.297021	-1.133257	
1	-0.519783	2.099609	-0.306639	-1.129379	
1	-0.519783	2.099609	-0.306639	-1.129379	
1	-0.537109	2.103955	-0.311935	-1.127231	
1	-0.537109	2.103955	-0.311935	-1.127231	
1	-0.585938	2.116140	-0.326919	-1.121107	
1	-0.585938	2.116140	-0.326919	-1.121107	
1	-0.634766	2.128236	-0.341991	-1.114881	
1	-0.634766	2.128236	-0.341991	-1.114881	
1	-0.683594	2.140237	-0.357154	-1.108553	
1	-0.683594	2.140237	-0.357154	-1.108553	
1	-0.717219	2.148438	-0.367648	-1.104138	
1	-0.717219	2.148438	-0.367648	-1.104138	
1	-0.732422	2.152070	-0.372400	-1.102128	
1	-0.732422	2.152070	-0.372400	-1.102128	
1	-0.781250	2.163656	-0.387722	-1.095612	
1	-0.781250	2.163656	-0.387722	-1.095612	
1	-0.830078	2.175129	-0.403137	-1.088997	
1	-0.830078	2.175129	-0.403137	-1.088997	
1	-0.878906	2.186484	-0.418648	-1.082287	
1	-0.878906	2.186484	-0.418648	-1.082287	
1	-0.925779	2.197266	-0.433628	-1.075755	
1	-0.925779	2.197266	-0.433628	-1.075755	
1	-0.927734	2.197707	-0.434255	-1.075481	
1	-0.927734	2.197707	-0.434255	-1.075481	
1	-0.976562	2.208626	-0.449936	-1.068592	
1	-0.976562	2.208626	-0.449936	-1.068592	
1	-1.025391	2.219414	-0.465715	-1.061611	
1	-1.025391	2.219414	-0.465715	-1.061611	
1	-1.074219	2.230063	-0.481594	-1.054539	
1	-1.074219	2.230063	-0.481594	-1.054539	
1	-1.123047	2.240569	-0.497574	-1.047378	
1	-1.123047	2.240569	-0.497574	-1.047378	
1	-1.149051	2.246094	-0.506123	-1.043530	
1	-1.149051	2.246094	-0.506123	-1.043530	
1	-1.171875	2.250853	-0.513644	-1.040135	
1	-1.171875	2.250853	-0.513644	-1.040135	
1	-1.220703	2.260903	-0.529805	-1.032810	
1	-1.220703	2.260903	-0.529805	-1.032810	
1	-1.269531	2.270799	-0.546069	-1.025401	
1	-1.269531	2.270799	-0.546069	-1.025401	
1	-1.318359	2.280536	-0.562436	-1.017908	
1	-1.318359	2.280536	-0.562436	-1.017908	
1	-1.367188	2.290110	-0.578908	-1.010335	
1	-1.367188	2.290110	-0.578908	-1.010335	
1	-1.392124	2.294922	-0.587359	-1.006437	
1	-1.392124	2.294922	-0.587359	-1.006437	
1	-1.416016	2.299451	-0.595476	-1.002686	
1	-1.416016	2.299451	-0.595476	-1.002686	
1	-1.464844	2.308556	-0.612139	-0.994964	
1	-1.464844	2.308556	-0.612139	-0.994964	
1	-1.513672	2.317490	-0.628909	-0.987165	
1	-1.513672	2.317490	-0.628909	-0.987165	
1	-1.562500	2.326249	-0.645786	-0.979291	
1	-1.562500	2.326249	-0.645786	-0.979291	
1	-1.611328	2.334830	-0.662770	-0.971343	
1	-1.611328	2.334830	-0.662770	-0.971343	
1	-1.660156	2.343230	-0.679863	-0.963324	
1	-1.660156	2.343230	-0.679863	-0.963324	
1	-1.663238	2.343750	-0.680945	-0.962816	
1	-1.663238	2.343750	-0.680945	-0.962816	
1	-1.708984	2.351343	-0.697048	-0.955243	
1	-1.708984	2.351343	-0.697048	-0.955243	
1	-1.757812	2.359265	-0.714342	-0.947093	
1	-1.757812	2.359265	-0.714342	-0.947093	
1	-1.806641	2.367000	-0.731745	-0.938876	
1	-1.806641	2.367000	-0.731745	-0.938876	
1	-1.855469	2.374545	-0.749259	-0.930594	
1	-1.855469	2.374545	-0.749259	-0.930594	
1	-1.904297	2.381899	-0.766883	-0.922249	
1	-1.904297	2.381899	-0.766883	-0.922249	
1	-1.953125	2.389058	-0.784618	-0.913841	
1	-1.953125	2.389058	-0.784618	-0.913841	
1	-1.977771	2.392578	-0.793609	-0.909576	
1	-1.977771	2.392578	-0.793609	-0.909576	
1	-2.001953	2.395978	-0.802457	-0.905376	
1	-2.001953	2.395978	-0.802457	-0.905376	
1	-2.050781	2.402659	-0.820402	-0.896856	
1	-2.050781	2.402659	-0.820402	-0.896856	
1	-2.099609	2.409143	-0.838458	-0.888278	
1	-2.099609	2.409143	-0.838458	-0.888278	
1	-2.148438	2.415426	-0.856627	-0.879644	
1	-2.148438	2.415426	-0.856627	-0.879644	
1	-2.197266	2.421509	-0.874909	-0.870956	
1	-2.197266	2.421509	-0.874909	-0.870956	
1	-2.246094	2.427389	-0.893304	-0.862216	
1	-2.246094	2.427389	-0.893304	-0.862216	
1	-2.294922	2.433064	-0.911812	-0.853424	
1	-2.294922	2.433064	-0.911812	-0.853424	
1	-2.343750	2.438534	-0.930433	-0.844583	
1	-2.343750	2.438534	-0.930433	-0.844583	
1	-2.370369	2.441406	-0.940629	-0.839744	
1	-2.370369	2.441406	-0.940629	-0.839744	
1	-2.392578	2.443768	-0.949164	-0.835696	
1	-2.392578	2.443768	-0.949164	-0.835696	
1	-2.441406	2.448764	-0.968003	-0.826765	
1	-2.441406	2.448764	-0.968003	-0.826765	
1	-2.490234	2.453552	-0.986957	-0.817788	
1	-2.490234	2.453552	-0.986957	-0.817788	
1	-2.539062	2.458132	-1.006025	-0.808769	
1	-2.539062	2.458132	-1.006025	-0.808769	
1	-2.587891	2.462503	-1.025208	-0.799707	
1	-2.587891	2.462503	-1.025208	-0.799707	
1	-2.636719	2.466662	-1.044506	-0.790604	
1	-2.636719	2.466662	-1.044506	-0.790604	
1	-2.685547	2.470610	-1.063919	-0.781462	
1	-2.685547	2.470610	-1.063919	-0.781462	
1	-2.734375	2.474346	-1.083447	-0.772283	
1	-2.734375	2.474346	-1.083447	-0.772283	
1	-2.783203	2.477868	-1.103090	-0.763067	
1	-2.783203	2.477868	-1.103090	-0.763067	
1	-2.832031	2.481176	-1.122849	-0.753816	
1	-2.832031	2.481176	-1.122849	-0.753816	
1	-2.880859	2.484268	-1.142723	-0.744532	
1	-2.880859	2.484268	-1.142723	-0.744532	
1	-2.929688	2.487145	-1.162713	-0.735215	
1	-2.929688	2.487145	-1.162713	-0.735215	
1	-2.978516	2.489804	-1.182818	-0.725868	
1	-2.978516	2.489804	-1.182818	-0.725868	
1	-2.987098	2.490234	-1.186360	-0.724224	
1	-2.987098	2.490234	-1.186360	-0.724224	
1	-3.027344	2.492225	-1.203034	-0.716494	
1	-3.027344	2.492225	-1.203034	-0.716494	
1	-3.076172	2.494425	-1.223366	-0.707092	
1	-3.076172	2.494425	-1.223366	-0.707092	
1	-3.125000	2.496408	-1.243813	-0.697663	
1	-3.125000	2.496408	-1.243813	-0.697663	
1	-3.173828	2.498174	-1.264376	-0.688209	
1	-3.173828	2.498174	-1.264376	-0.688209	
1	-3.222656	2.499721	-1.285056	-0.678731	
1	-3.222656	2.499721	-1.285056	-0.678731	
1	-3.271484	2.501050	-1.305851	-0.669230	
1	-3.271484	2.501050	-1.305851	-0.669230	
1	-3.320312	2.502159	-1.326762	-0.659707	
1	-3.320312	2.502159	-1.326762	-0.659707	
1	-3.369141	2.503048	-1.347789	-0.650165	
1	-3.369141	2.503048	-1.347789	-0.650165	
1	-3.417969	2.503716	-1.368932	-0.640603	
1	-3.417969	2.503716	-1.368932	-0.640603	
1	-3.466797	2.504162	-1.390190	-0.631025	
1	-3.466797	2.504162	-1.390190	-0.631025	
1	-3.515625	2.504385	-1.411564	-0.621430	
1	-3.515625	2.504385	-1.411564	-0.621430	
1	-3.564453	2.504386	-1.433054	-0.611820	
1	-3.564453	2.504386	-1.433054	-0.611820	
1	-3.613281	2.504162	-1.454659	-0.602196	
1	-3.613281	2.504162	-1.454659	-0.602196	
1	-3.662109	2.503713	-1.476379	-0.592560	
1	-3.662109	2.503713	-1.476379	-0.592560	
1	-3.710938	2.503039	-1.498214	-0.582912	
1	-3.710938	2.503039	-1.498214	-0.582912	
1	-3.759766	2.502138	-1.520164	-0.573255	
1	-3.759766	2.502138	-1.520164	-0.573255	
1	-3.808594	2.501009	-1.542230	-0.563589	
1	-3.808594	2.501009	-1.542230	-0.563589	
1	-3.857422	2.499652	-1.564409	-0.553915	
1	-3.857422	2.499652	-1.564409	-0.553915	
1	-3.906250	2.498066	-1.586704	-0.544236	
1	-3.906250	2.498066	-1.586704	-0.544236	
1	-3.955078	2.496249	-1.609112	-0.534551	
1	-3.955078	2.496249	-1.609112	-0.534551	
1	-4.003906	2.494202	-1.631635	-0.524862	
1	-4.003906	2.494202	-1.631635	-0.524862	
1	-4.052734	2.491921	-1.654272	-0.515171	
1	-4.052734	2.491921	-1.654272	-0.515171	
1	-4.085496	2.490234	-1.669519	-0.508669	
1	-4.085496	2.490234	-1.669519	-0.508669	
1	-4.101562	2.489398	-1.677020	-0.505478	
1	-4.101562	2.489398	-1.677020	-0.505478	
1	-4.150391	2.486617	-1.699878	-0.495788	
1	-4.150391	2.486617	-1.699878	-0.495788	
1	-4.199219	2.483597	-1.722848	-0.486099	
1	-4.199219	2.483597	-1.722848	-0.486099	
1	-4.248047	2.480337	-1.745930	-0.476412	
1	-4.248047	2.480337	-1.745930	-0.476412	
1	-4.296875	2.476835	-1.769124	-0.466728	
1	-4.296875	2.476835	-1.769124	-0.466728	
1	-4.345703	2.473090	-1.792431	-0.457049	
1	-4.345703	2.473090	-1.792431	-0.457049	
1	-4.394531	2.469100	-1.815848	-0.447376	
1	-4.394531	2.469100	-1.815848	-0.447376	
1	-4.443359	2.464864	-1.839377	-0.437710	
1	-4.443359	2.464864	-1.839377	-0.437710	
1	-4.492188	2.460380	-1.863017	-0.428053	
1	-4.492188	2.460380	-1.863017	-0.428053	
1	-4.541016	2.455647	-1.886768	-0.418404	
1	-4.541016	2.455647	-1.886768	-0.418404	
1	-4.589844	2.450662	-1.910628	-0.408766	
1	-4.589844	2.450662	-1.910628	-0.408766	
1	-4.638672	2.445425	-1.934599	-0.399140	
1	-4.638672	2.445425	-1.934599	-0.399140	
1	-4.674407	2.441406	-1.952207	-0.392105	
1	-4.674407	2.441406	-1.952207	-0.392105	
1	-4.687500	2.439913	-1.958676	-0.389528	
1	-4.687500	2.439913	-1.958676	-0.389528	
1	-4.736328	2.434086	-1.982850	-0.379935	
1	-4.736328	2.434086	-1.982850	-0.379935	
1	-4.785156	2.427996	-2.007132	-0.370358	
1	-4.785156	2.427996	-2.007132	-0.370358	
1	-4.833984	2.421640	-2.031521	-0.360797	
1	-4.833984	2.421640	-2.031521	-0.360797	
1	-4.882812	2.415017	-2.056018	-0.351254	
1	-4.882812	2.415017	-2.056018	-0.351254	
1	-4.931641	2.408124	-2.080623	-0.341729	
1	-4.931641	2.408124	-2.080623	-0.341729	
1	-4.980469	2.400959	-2.105333	-0.332225	
1	-4.980469	2.400959	-2.105333	-0.332225	
1	-5.029297	2.393518	-2.130151	-0.322742	
1	-5.029297	2.393518	-2.130151	-0.322742	
1	-5.035253	2.392578	-2.133182	-0.321588	
1	-5.035253	2.392578	-2.133182	-0.321588	
1	-5.078125	2.385697	-2.155053	-0.313290	
1	-5.078125	2.385697	-2.155053	-0.313290	
1	-5.126953	2.377577	-2.180056	-0.303863	
1	-5.126953	2.377577	-2.180056	-0.303863	
1	-5.175781	2.369167	-2.205164	-0.294461	
1	-5.175781	2.369167	-2.205164	-0.294461	
1	-5.224609	2.360466	-2.230376	-0.285085	
1	-5.224609	2.360466	-2.230376	-0.285085	
1	-5.273438	2.351470	-2.255690	-0.275737	
1	-5.273438	2.351470	-2.255690	-0.275737	
1	-5.314014	2.343750	-2.276802	-0.267991	
1	-5.314014	2.343750	-2.276802	-0.267991	
1	-5.322266	2.342150	-2.281103	-0.266419	
1	-5.322266	2.342150	-2.281103	-0.266419	
1	-5.371094	2.332393	-2.306590	-0.257142	
1	-5.371094	2.332393	-2.306590	-0.257142	
1	-5.419922	2.322323	-2.332178	-0.247896	
1	-5.419922	2.322323	-2.332178	-0.247896	
1	-5.468750	2.311938	-2.357867	-0.238683	
1	-5.468750	2.311938	-2.357867	-0.238683	
1	-5.517578	2.301235	-2.383656	-0.229504	
1	-5.517578	2.301235	-2.383656	-0.229504	
1	-5.545566	2.294922	-2.398476	-0.224261	
1	-5.545566	2.294922	-2.398476	-0.224261	
1	-5.566406	2.290121	-2.409526	-0.220367	
1	-5.566406	2.290121	-2.409526	-0.220367	
1	-5.615234	2.278553	-2.435471	-0.211275	
1	-5.615234	2.278553	-2.435471	-0.211275	
1	-5.664062	2.266646	-2.461514	-0.202221	
1	-5.664062	2.266646	-2.461514	-0.202221	
1	-5.712891	2.254395	-2.487654	-0.193207	
1	-5.712891	2.254395	-2.487654	-0.193207	
1	-5.745096	2.246094	-2.504942	-0.187285	
1	-5.745096	2.246094	-2.504942	-0.187285	
1	-5.761719	2.241707	-2.513873	-0.184239	
1	-5.761719	2.241707	-2.513873	-0.184239	
1	-5.810547	2.228485	-2.540153	-0.175326	
1	-5.810547	2.228485	-2.540153	-0.175326	
1	-5.859375	2.214895	-2.566527	-0.166457	
1	-5.859375	2.214895	-2.566527	-0.166457	
1	-5.908203	2.200931	-2.592997	-0.157633	
1	-5.908203	2.200931	-2.592997	-0.157633	
1	-5.920715	2.197266	-2.599789	-0.155381	
1	-5.920715	2.197266	-2.599789	-0.155381	
1	-5.957031	2.186346	-2.619512	-0.148871	
1	-5.957031	2.186346	-2.619512	-0.148871	
1	-6.005859	2.171281	-2.646102	-0.140164	
1	-6.005859	2.171281	-2.646102	-0.140164	
1	-6.054688	2.155814	-2.672785	-0.131506	
1	-6.054688	2.155814	-2.672785	-0.131506	
1	-6.077421	2.148438	-2.685232	-0.127495	
1	-6.077421	2.148438	-2.685232	-0.127495	
1	-6.103516	2.139727	-2.699518	-0.122914	
1	-6.103516	2.139727	-2.699518	-0.122914	
1	-6.152344	2.123028	-2.726305	-0.114386	
1	-6.152344	2.123028	-2.726305	-0.114386	
1	-6.201172	2.105892	-2.753181	-0.105913	
1	-6.201172	2.105892	-2.753181	-0.105913	
1	-6.218672	2.099609	-2.762828	-0.102892	
1	-6.218672	2.099609	-2.762828	-0.102892	
1	-6.250000	2.088007	-2.780087	-0.097514	
1	-6.250000	2.088007	-2.780087	-0.097514	
1	-6.298828	2.069485	-2.807047	-0.089185	
1	-6.298828	2.069485	-2.807047	-0.089185	
1	-6.346902	2.050781	-2.833675	-0.081044	
1	-6.346902	2.050781	-2.833675	-0.081044	
1	-6.347656	2.050478	-2.834093	-0.080917	
1	-6.347656	2.050478	-2.834093	-0.080917	
1	-6.396484	2.030420	-2.861118	-0.072743	
1	-6.396484	2.030420	-2.861118	-0.072743	
1	-6.445312	2.009848	-2.888228	-0.064634	
1	-6.445312	2.009848	-2.888228	-0.064634	
1	-6.463647	2.001953	-2.898422	-0.061608	
1	-6.463647	2.001953	-2.898422	-0.061608	
1	-6.494141	1.988332	-2.915343	-0.056614	
1	-6.494141	1.988332	-2.915343	-0.056614	
1	-6.542969	1.966008	-2.942493	-0.048677	
1	-6.542969	1.966008	-2.942493	-0.048677	
1	-6.570514	1.953125	-2.957839	-0.044233	
1	-6.570514	1.953125	-2.957839	-0.044233	
1	-6.591797	1.942769	-2.969662	-0.040829	
1	-6.591797	1.942769	-2.969662	-0.040829	
1	-6.640625	1.918479	-2.996829	-0.033079	
1	-6.640625	1.918479	-2.996829	-0.033079	
1	-6.668496	1.904297	-3.012365	-0.028691	
1	-6.668496	1.904297	-3.012365	-0.028691	
1	-6.689453	1.893166	-3.024003	-0.025425	
1	-6.689453	1.893166	-3.024003	-0.025425	
1	-6.738281	1.866657	-3.051158	-0.017876	
1	-6.738281	1.866657	-3.051158	-0.017876	
1	-6.758450	1.855469	-3.062390	-0.014784	
1	-6.758450	1.855469	-3.062390	-0.014784	
1	-6.787109	1.838815	-3.078275	-0.010441	
1	-6.787109	1.838815	-3.078275	-0.010441	
1	-6.835938	1.809783	-3.105388	-0.003113	
1	-6.835938	1.809783	-3.105388	-0.003113	
1	-6.841121	1.806641	-3.108268	-0.002341	
1	-6.841121	1.806641	-3.108268	-0.002341	
1	-6.884766	1.778816	-3.132372	0.004073	
1	-6.884766	1.778816	-3.132372	0.004073	
1	-6.916970	1.757812	-3.150187	0.008756	
1	-6.916970	1.757812	-3.150187	0.008756	
1	-6.933594	1.746366	-3.159316	0.011137	
1	-6.933594	1.746366	-3.159316	0.011137	
1	-6.982422	1.712015	-3.186159	0.018061	
1	-6.982422	1.712015	-3.186159	0.018061	
1	-6.986648	1.708984	-3.188483	0.018655	
1	-6.986648	1.708984	-3.188483	0.018655	
1	-7.031250	1.675049	-3.212791	0.024813	
1	-7.031250	1.675049	-3.212791	0.024813	
1	-7.050414	1.660156	-3.223246	0.027431	
1	-7.050414	1.660156	-3.223246	0.027431	
1	-7.080078	1.635578	-3.239250	0.031400	
1	-7.080078	1.635578	-3.239250	0.031400	
1	-7.108750	1.611328	-3.254729	0.035195	
1	-7.108750	1.611328	-3.254729	0.035195	
1	-7.128906	1.593051	-3.265464	0.037800	
1	-7.128906	1.593051	-3.265464	0.037800	
1	-7.161932	1.562500	-3.283059	0.042021	
1	-7.161932	1.562500	-3.283059	0.042021	
1	-7.177734	1.546728	-3.291338	0.043985	
1	-7.177734	1.546728	-3.291338	0.043985	
1	-7.210219	1.513672	-3.308357	0.047978	
1	-7.210219	1.513672	-3.308357	0.047978	
1	-7.226562	1.495594	-3.316743	0.049922	
1	-7.226562	1.495594	-3.316743	0.049922	
1	-7.253848	1.464844	-3.330740	0.053130	
1	-7.253848	1.464844	-3.330740	0.053130	
1	-7.275391	1.438226	-3.341504	0.055564	
1	-7.275391	1.438226	-3.341504	0.055564	
1	-7.293043	1.416016	-3.350321	0.057535	
1	-7.293043	1.416016	-3.350321	0.057535	
1	-7.324219	1.372565	-3.365377	0.060850	
1	-7.324219	1.372565	-3.365377	0.060850	
1	-7.328010	1.367188	-3.367206	0.061249	
1	-7.328010	1.367188	-3.367206	0.061249	
1	-7.358821	1.318359	-3.381415	0.064304	
1	-7.358821	1.318359	-3.381415	0.064304	
1	-7.373047	1.292734	-3.387594	0.065610	
1	-7.373047	1.292734	-3.387594	0.065610	
1	-7.385717	1.269531	-3.393088	0.066759	
1	-7.385717	1.269531	-3.393088	0.066759	
1	-7.408791	1.220703	-3.402266	0.068646	
1	-7.408791	1.220703	-3.402266	0.068646	
1	-7.421875	1.187925	-3.406833	0.069568	
1	-7.421875	1.187925	-3.406833	0.069568	
1	-7.428183	1.171875	-3.409028	0.070006	
1	-7.428183	1.171875	-3.409028	0.070006	
1	-7.443939	1.123047	-3.413387	0.070863	
1	-7.443939	1.123047	-3.413387	0.070863	
1	-7.456227	1.074219	-3.415447	0.071260	
1	-7.456227	1.074219	-3.415447	0.071260	
1	-7.465110	1.025391	-3.415240	0.071222	
1	-7.465110	1.025391	-3.415240	0.071222	
1	-7.470651	0.976562	-3.412799	0.070775	
1	-7.470651	0.976562	-3.412799	0.070775	
1	-7.470703	0.975446	-3.412692	0.070755	
1	-7.470703	0.975446	-3.412692	0.070755	
1	-7.472893	0.927734	-3.408147	0.069939	
1	-7.472893	0.927734	-3.408147	0.069939	
1	-7.471933	0.878906	-3.401344	0.068745	
1	-7.471933	0.878906	-3.401344	0.068745	
1	-7.470703	0.864341	-3.398667	0.068282	
1	-7.470703	0.864341	-3.398667	0.068282	
1	-7.467805	0.830078	-3.392410	0.067211	
1	-7.467805	0.830078	-3.392410	0.067211	
1	-7.460553	0.781250	-3.381373	0.065358	
1	-7.460553	0.781250	-3.381373	0.065358	
1	-7.450236	0.732422	-3.368274	0.063208	
1	-7.450236	0.732422	-3.368274	0.063208	
1	-7.436904	0.683594	-3.353146	0.060779	
1	-7.436904	0.683594	-3.353146	0.060779	
1	-7.421875	0.638588	-3.337358	0.058299	
1	-7.421875	0.638588	-3.337358	0.058299	
1	-7.420596	0.634766	-3.336020	0.058091	
1	-7.420596	0.634766	-3.336020	0.058091	
1	-7.401246	0.585938	-3.316850	0.055149	
1	-7.401246	0.585938	-3.316850	0.055149	
1	-7.379003	0.537109	-3.295746	0.051983	
1	-7.379003	0.537109	-3.295746	0.051983	
1	-7.373047	0.525552	-3.290278	0.051173	
1	-7.373047	0.525552	-3.290278	0.051173	
1	-7.353781	0.488281	-3.272653	0.048594	
1	-7.353781	0.488281	-3.272653	0.048594	
1	-7.325695	0.439453	-3.247659	0.045009	
1	-7.325695	0.439453	-3.247659	0.045009	
1	-7.324219	0.437124	-3.246373	0.044826	
1	-7.324219	0.437124	-3.246373	0.044826	
1	-7.294632	0.390625	-3.220690	0.041225	
1	-7.294632	0.390625	-3.220690	0.041225	
1	-7.275391	0.362889	-3.204304	0.038966	
1	-7.275391	0.362889	-3.204304	0.038966	
1	-7.260703	0.341797	-3.191837	0.037267	
1	-7.260703	0.341797	-3.191837	0.037267	
1	-7.226562	0.296493	-3.163320	0.033438	
1	-7.226562	0.296493	-3.163320	0.033438	
1	-7.223896	0.292969	-3.161101	0.033143	
1	-7.223896	0.292969	-3.161101	0.033143	
1	-7.184151	0.244141	-3.128450	0.028858	
1	-7.184151	0.244141	-3.128450	0.028858	
1	-7.177734	0.236767	-3.123242	0.028183	
1	-7.177734	0.236767	-3.123242	0.028183	
1	-7.141498	0.195312	-3.093921	0.024425	
1	-7.141498	0.195312	-3.093921	0.024425	
1	-7.128906	0.181772	-3.083840	0.023148	
1	-7.128906	0.181772	-3.083840	0.023148	
1	-7.095939	0.146484	-3.057530	0.019853	
1	-7.095939	0.146484	-3.057530	0.019853	
1	-7.080078	0.130457	-3.044990	0.018300	
1	-7.080078	0.130457	-3.044990	0.018300	
1	-7.047459	0.097656	-3.019283	0.015150	
1	-7.047459	0.097656	-3.019283	0.015150	
1	-7.031250	0.082209	-3.006615	0.013614	
1	-7.031250	0.082209	-3.006615	0.013614	
1	-6.996043	0.048828	-2.979188	0.010323	
1	-6.996043	0.048828	-2.979188	0.010323	
1	-6.982422	0.036545	-2.968657	0.009072	
1	-6.982422	0.036545	-2.968657	0.009072	
1	-6.941676	0.000000	-2.937255	0.005379	
1	-6.941676	0.000000	-2.937255	0.005379	
1	-6.933594	-0.006917	-2.931068	0.004658	
1	-6.933594	-0.006917	-2.931068	0.004658	
1	-6.884766	-0.048469	-2.893816	0.000360	
1	-6.884766	-0.048469	-2.893816	0.000360	
1	-6.884341	-0.048828	-2.893493	0.000323	
1	-6.884341	-0.048828	-2.893493	0.000323	
1	-6.835938	-0.088007	-2.856897	-0.003830	
1	-6.835938	-0.088007	-2.856897	-0.003830	
1	-6.823947	-0.097656	-2.847862	-0.004845	
1	-6.823947	-0.097656	-2.847862	-0.004845	
1	-6.787109	-0.126094	-2.820262	-0.007924	
1	-6.787109	-0.126094	-2.820262	-0.007924	
1	-6.760538	-0.146484	-2.800421	-0.010117	
1	-6.760538	-0.146484	-2.800421	-0.010117	
1	-6.738281	-0.162910	-2.783889	-0.011931	
1	-6.738281	-0.162910	-2.783889	-0.011931	
1	-6.694104	-0.195312	-2.751188	-0.015487	
1	-6.694104	-0.195312	-2.751188	-0.015487	
1	-6.689453	-0.198601	-2.747763	-0.015857	
1	-6.689453	-0.198601	-2.747763	-0.015857	
1	-6.640625	-0.232896	-2.711899	-0.019705	
1	-6.640625	-0.232896	-2.711899	-0.019705	
1	-6.624512	-0.244141	-2.700104	-0.020961	
1	-6.624512	-0.244141	-2.700104	-0.020961	
1	-6.591797	-0.266194	-2.676264	-0.023485	
1	-6.591797	-0.266194	-2.676264	-0.023485	
1	-6.551818	-0.292969	-2.647238	-0.026533	
1	-6.551818	-0.292969	-2.647238	-0.026533	
1	-6.542969	-0.298705	-2.640841	-0.027201	
1	-6.542969	-0.298705	-2.640841	-0.027201	
1	-6.494141	-0.330139	-2.605646	-0.030856	
1	-6.494141	-0.330139	-2.605646	-0.030856	
1	-6.475908	-0.341797	-2.592549	-0.032207	
1	-6.475908	-0.341797	-2.592549	-0.032207	
1	-6.445312	-0.360767	-2.570659	-0.034456	
1	-6.445312	-0.360767	-2.570659	-0.034456	
1	-6.396830	-0.390625	-2.536106	-0.037981	
1	-6.396830	-0.390625	-2.536106	-0.037981	
1	-6.396484	-0.390832	-2.535861	-0.038006	
1	-6.396484	-0.390832	-2.535861	-0.038006	
1	-6.347656	-0.419829	-2.501283	-0.041506	
1	-6.347656	-0.419829	-2.501283	-0.041506	
1	-6.314382	-0.439453	-2.477815	-0.043867	
1	-6.314382	-0.439453	-2.477815	-0.043867	
1	-6.298828	-0.448380	-2.466884	-0.044963	
1	-6.298828	-0.448380	-2.466884	-0.044963	
1	-6.250000	-0.476198	-2.432680	-0.048379	
1	-6.250000	-0.476198	-2.432680	-0.048379	
1	-6.228636	-0.488281	-2.417767	-0.049863	
1	-6.228636	-0.488281	-2.417767	-0.049863	
1	-6.201172	-0.503421	-2.398661	-0.051758	
1	-6.201172	-0.503421	-2.398661	-0.051758	
1	-6.152344	-0.530142	-2.364821	-0.055103	
1	-6.152344	-0.530142	-2.364821	-0.055103	
1	-6.139516	-0.537109	-2.355958	-0.055976	
1	-6.139516	-0.537109	-2.355958	-0.055976	
1	-6.103516	-0.556195	-2.331169	-0.058415	
1	-6.103516	-0.556195	-2.331169	-0.058415	
1	-6.054688	-0.581895	-2.297684	-0.061699	
1	-6.054688	-0.581895	-2.297684	-0.061699	
1	-6.046947	-0.585938	-2.292391	-0.062218	
1	-6.046947	-0.585938	-2.292391	-0.062218	
1	-6.005859	-0.606912	-2.264387	-0.064956	
1	-6.005859	-0.606912	-2.264387	-0.064956	
1	-5.957031	-0.631661	-2.231251	-0.068191	
1	-5.957031	-0.631661	-2.231251	-0.068191	
1	-5.950856	-0.634766	-2.227073	-0.068599	
1	-5.950856	-0.634766	-2.227073	-0.068599	
1	-5.908203	-0.655759	-2.198300	-0.071403	
1	-5.908203	-0.655759	-2.198300	-0.071403	
1	-5.859375	-0.679619	-2.165507	-0.074597	
1	-5.859375	-0.679619	-2.165507	-0.074597	
1	-5.851175	-0.683594	-2.160016	-0.075132	
1	-5.851175	-0.683594	-2.160016	-0.075132	
1	-5.810547	-0.702897	-2.132894	-0.077774	
1	-5.810547	-0.702897	-2.132894	-0.077774	
1	-5.761719	-0.725927	-2.100439	-0.080938	
1	-5.761719	-0.725927	-2.100439	-0.080938	
1	-5.747839	-0.732422	-2.091243	-0.081835	
1	-5.747839	-0.732422	-2.091243	-0.081835	
1	-5.712891	-0.748470	-2.068159	-0.084088	
1	-5.712891	-0.748470	-2.068159	-0.084088	
1	-5.664062	-0.770726	-2.036039	-0.087229	
1	-5.664062	-0.770726	-2.036039	-0.087229	
1	-5.640792	-0.781250	-2.020787	-0.088723	
1	-5.640792	-0.781250	-2.020787	-0.088723	
1	-5.615234	-0.792608	-2.004086	-0.090362	
1	-5.615234	-0.792608	-2.004086	-0.090362	
1	-5.566406	-0.814139	-1.972298	-0.093489	
1	-5.566406	-0.814139	-1.972298	-0.093489	
1	-5.529990	-0.830078	-1.948691	-0.095819	
1	-5.529990	-0.830078	-1.948691	-0.095819	
1	-5.517578	-0.835423	-1.940668	-0.096612	
1	-5.517578	-0.835423	-1.940668	-0.096612	
1	-5.468750	-0.856276	-1.909210	-0.099733	
1	-5.468750	-0.856276	-1.909210	-0.099733	
1	-5.419922	-0.876985	-1.877904	-0.102854	
1	-5.419922	-0.876985	-1.877904	-0.102854	
1	-5.415352	-0.878906	-1.874982	-0.103146	
1	-5.415352	-0.878906	-1.874982	-0.103146	
1	-5.371094	-0.897236	-1.846770	-0.105976	
1	-5.371094	-0.897236	-1.846770	-0.105976	
1	-5.322266	-0.917316	-1.815792	-0.109103	
1	-5.322266	-0.917316	-1.815792	-0.109103	
1	-5.296732	-0.927734	-1.799655	-0.110740	
1	-5.296732	-0.927734	-1.799655	-0.110740	
1	-5.273438	-0.937107	-1.784976	-0.112235	
1	-5.273438	-0.937107	-1.784976	-0.112235	
1	-5.224609	-0.956598	-1.754323	-0.115374	
1	-5.224609	-0.956598	-1.754323	-0.115374	
1	-5.175781	-0.975959	-1.723824	-0.118523	
1	-5.175781	-0.975959	-1.723824	-0.118523	
1	-5.174245	-0.976562	-1.722867	-0.118622	
1	-5.174245	-0.976562	-1.722867	-0.118622	
1	-5.126953	-0.994909	-1.693497	-0.121681	
1	-5.126953	-0.994909	-1.693497	-0.121681	
1	-5.078125	-1.013725	-1.663323	-0.124853	
1	-5.078125	-1.013725	-1.663323	-0.124853	
1	-5.047625	-1.025391	-1.644556	-0.126841	
1	-5.047625	-1.025391	-1.644556	-0.126841	
1	-5.029297	-1.032318	-1.633310	-0.128039	
1	-5.029297	-1.032318	-1.633310	-0.128039	
1	-4.980469	-1.050624	-1.603462	-0.131240	
1	-4.980469	-1.050624	-1.603462	-0.131240	
1	-4.931641	-1.068814	-1.573768	-0.134460	
1	-4.931641	-1.068814	-1.573768	-0.134460	
1	-4.917013	-1.074219	-1.564904	-0.135428	
1	-4.917013	-1.074219	-1.564904	-0.135428	
1	-4.882812	-1.086718	-1.544240	-0.137698	
1	-4.882812	-1.086718	-1.544240	-0.137698	
1	-4.833984	-1.104438	-1.514871	-0.140958	
1	-4.833984	-1.104438	-1.514871	-0.140958	
1	-4.785156	-1.122050	-1.485658	-0.144240	
1	-4.785156	-1.122050	-1.485658	-0.144240	
1	-4.782367	-1.123047	-1.483994	-0.144428	
1	-4.782367	-1.123047	-1.483994	-0.144428	
1	-4.736328	-1.139344	-1.456613	-0.147546	
1	-4.736328	-1.139344	-1.456613	-0.147546	
1	-4.687500	-1.156524	-1.427726	-0.150878	
1	-4.687500	-1.156524	-1.427726	-0.150878	
1	-4.643600	-1.171875	-1.401888	-0.153898	
1	-4.643600	-1.171875	-1.401888	-0.153898	
1	-4.638672	-1.173583	-1.398996	-0.154238	
1	-4.638672	-1.173583	-1.398996	-0.154238	
1	-4.589844	-1.190360	-1.370434	-0.157627	
1	-4.589844	-1.190360	-1.370434	-0.157627	
1	-4.541016	-1.207044	-1.342029	-0.161046	
1	-4.541016	-1.207044	-1.342029	-0.161046	
1	-4.500799	-1.220703	-1.318753	-0.163887	
1	-4.500799	-1.220703	-1.318753	-0.163887	
1	-4.492188	-1.223604	-1.313784	-0.164498	
1	-4.492188	-1.223604	-1.313784	-0.164498	
1	-4.443359	-1.239921	-1.285706	-0.167983	
1	-4.443359	-1.239921	-1.285706	-0.167983	
1	-4.394531	-1.256154	-1.257786	-0.171504	
1	-4.394531	-1.256154	-1.257786	-0.171504	
1	-4.354066	-1.269531	-1.234768	-0.174450	
1	-4.354066	-1.269531	-1.234768	-0.174450	
1	-4.345703	-1.272276	-1.230026	-0.175062	
1	-4.345703	-1.272276	-1.230026	-0.175062	
1	-4.296875	-1.288176	-1.202434	-0.178658	
1	-4.296875	-1.288176	-1.202434	-0.178658	
1	-4.248047	-1.304001	-1.175000	-0.182295	
1	-4.248047	-1.304001	-1.175000	-0.182295	
1	-4.203535	-1.318359	-1.150131	-0.185647	
1	-4.203535	-1.318359	-1.150131	-0.185647	
1	-4.199219	-1.319743	-1.147726	-0.185974	
1	-4.199219	-1.319743	-1.147726	-0.185974	
1	-4.150391	-1.335269	-1.120622	-0.189695	
1	-4.150391	-1.335269	-1.120622	-0.189695	
1	-4.101562	-1.350731	-1.093678	-0.193462	
1	-4.101562	-1.350731	-1.093678	-0.193462	
1	-4.052734	-1.366135	-1.066892	-0.197275	
1	-4.052734	-1.366135	-1.066892	-0.197275	
1	-4.049370	-1.367188	-1.065053	-0.197540	
1	-4.049370	-1.367188	-1.065053	-0.197540	
1	-4.003906	-1.381340	-1.040277	-0.201136	
1	-4.003906	-1.381340	-1.040277	-0.201136	
1	-3.955078	-1.396484	-1.013823	-0.205046	
1	-3.955078	-1.396484	-1.013823	-0.205046	
1	-3.906250	-1.411580	-0.987529	-0.209008	
1	-3.906250	-1.411580	-0.987529	-0.209008	
1	-3.891810	-1.416016	-0.979785	-0.210190	
1	-3.891810	-1.416016	-0.979785	-0.210190	
1	-3.857422	-1.426532	-0.961403	-0.213023	
1	-3.857422	-1.426532	-0.961403	-0.213023	
1	-3.808594	-1.441401	-0.935441	-0.217091	
1	-3.808594	-1.441401	-0.935441	-0.217091	
1	-3.759766	-1.456236	-0.909639	-0.221216	
1	-3.759766	-1.456236	-0.909639	-0.221216	
1	-3.731309	-1.464844	-0.894678	-0.223647	
1	-3.731309	-1.464844	-0.894678	-0.223647	
1	-3.710938	-1.470984	-0.884003	-0.225398	
1	-3.710938	-1.470984	-0.884003	-0.225398	
1	-3.662109	-1.485626	-0.858535	-0.229639	
1	-3.662109	-1.485626	-0.858535	-0.229639	
1	-3.613281	-1.500246	-0.833227	-0.233941	
1	-3.613281	-1.500246	-0.833227	-0.233941	
1	-3.568369	-1.513672	-0.810092	-0.237954	
1	-3.568369	-1.513672	-0.810092	-0.237954	
1	-3.564453	-1.514839	-0.808082	-0.238306	
1	-3.564453	-1.514839	-0.808082	-0.238306	
1	-3.515625	-1.529302	-0.783107	-0.242734	
1	-3.515625	-1.529302	-0.783107	-0.242734	
1	-3.466797	-1.543757	-0.758294	-0.247227	
1	-3.466797	-1.543757	-0.758294	-0.247227	
1	-3.417969	-1.558211	-0.733642	-0.251789	
1	-3.417969	-1.558211	-0.733642	-0.251789	
1	-3.403415	-1.562500	-0.726327	-0.253161	
1	-3.403415	-1.562500	-0.726327	-0.253161	
1	-3.369141	-1.572582	-0.709159	-0.256418	
1	-3.369141	-1.572582	-0.709159	-0.256418	
1	-3.320312	-1.586924	-0.684840	-0.261118	
1	-3.320312	-1.586924	-0.684840	-0.261118	
1	-3.271484	-1.601281	-0.660682	-0.265890	
1	-3.271484	-1.601281	-0.660682	-0.265890	
1	-3.237289	-1.611328	-0.643861	-0.269277	
1	-3.237289	-1.611328	-0.643861	-0.269277	
1	-3.222656	-1.615623	-0.636688	-0.270737	
1	-3.222656	-1.615623	-0.636688	-0.270737	
1	-3.173828	-1.629907	-0.612862	-0.275658	
1	-3.173828	-1.629907	-0.612862	-0.275658	
1	-3.125000	-1.644224	-0.589197	-0.280657	
1	-3.125000	-1.644224	-0.589197	-0.280657	
1	-3.076172	-1.658581	-0.565691	-0.285736	
1	-3.076172	-1.658581	-0.565691	-0.285736	
1	-3.070794	-1.660156	-0.563113	-0.286300	
1	-3.070794	-1.660156	-0.563113	-0.286300	
1	-3.027344	-1.672880	-0.542355	-0.290894	
1	-3.027344	-1.672880	-0.542355	-0.290894	
1	-2.978516	-1.687218	-0.519179	-0.296136	
1	-2.978516	-1.687218	-0.519179	-0.296136	
1	-2.929688	-1.701617	-0.496162	-0.301463	
1	-2.929688	-1.701617	-0.496162	-0.301463	
1	-2.904716	-1.708984	-0.484454	-0.304220	
1	-2.904716	-1.708984	-0.484454	-0.304220	
1	-2.880859	-1.716028	-0.473308	-0.306875	
1	-2.880859	-1.716028	-0.473308	-0.306875	
1	-2.832031	-1.730454	-0.450618	-0.312375	
1	-2.832031	-1.730454	-0.450618	-0.312375	
1	-2.783203	-1.744964	-0.428085	-0.317967	
1	-2.783203	-1.744964	-0.428085	-0.317967	
1	-2.740192	-1.757812	-0.408366	-0.322969	
1	-2.740192	-1.757812	-0.408366	-0.322969	
1	-2.734375	-1.759553	-0.405708	-0.323651	
1	-2.734375	-1.759553	-0.405708	-0.323651	
1	-2.685547	-1.774141	-0.383498	-0.329428	
1	-2.685547	-1.774141	-0.383498	-0.329428	
1	-2.636719	-1.788837	-0.361442	-0.335301	
1	-2.636719	-1.788837	-0.361442	-0.335301	
1	-2.587891	-1.803655	-0.339538	-0.341275	
1	-2.587891	-1.803655	-0.339538	-0.341275	
1	-2.578056	-1.806641	-0.335146	-0.342490	
1	-2.578056	-1.806641	-0.335146	-0.342490	
1	-2.539062	-1.818509	-0.317797	-0.347347	
1	-2.539062	-1.818509	-0.317797	-0.347347	
1	-2.490234	-1.833478	-0.296209	-0.353523	
1	-2.490234	-1.833478	-0.296209	-0.353523	
1	-2.441406	-1.848599	-0.274770	-0.359805	
1	-2.441406	-1.848599	-0.274770	-0.359805	
1	-2.419321	-1.855469	-0.265124	-0.362682	
1	-2.419321	-1.855469	-0.265124	-0.362682	
1	-2.392578	-1.863817	-0.253486	-0.366194	
1	-2.392578	-1.863817	-0.253486	-0.366194	
1	-2.343750	-1.879154	-0.232354	-0.372693	
1	-2.343750	-1.879154	-0.232354	-0.372693	
1	-2.294922	-1.894679	-0.211366	-0.379306	
1	-2.294922	-1.894679	-0.211366	-0.379306	
1	-2.264914	-1.904297	-0.198541	-0.383428	
1	-2.264914	-1.904297	-0.198541	-0.383428	
1	-2.246094	-1.910357	-0.190526	-0.386035	
1	-2.246094	-1.910357	-0.190526	-0.386035	
1	-2.197266	-1.926171	-0.169836	-0.392881	
1	-2.197266	-1.926171	-0.169836	-0.392881	
1	-2.148438	-1.942214	-0.149283	-0.399850	
1	-2.148438	-1.942214	-0.149283	-0.399850	
1	-2.115585	-1.953125	-0.135533	-0.404609	
1	-2.115585	-1.953125	-0.135533	-0.404609	
1	-2.099609	-1.958460	-0.128870	-0.406944	
1	-2.099609	-1.958460	-0.128870	-0.406944	
1	-2.050781	-1.974879	-0.108601	-0.414164	
1	-2.050781	-1.974879	-0.108601	-0.414164	
1	-2.001953	-1.991574	-0.088462	-0.421517	
1	-2.001953	-1.991574	-0.088462	-0.421517	
1	-1.971960	-2.001953	-0.076157	-0.426101	
1	-1.971960	-2.001953	-0.076157	-0.426101	
1	-1.953125	-2.008515	-0.068456	-0.429006	
1	-1.953125	-2.008515	-0.068456	-0.429006	
1	-1.904297	-2.025686	-0.048584	-0.436632	
1	-1.904297	-2.025686	-0.048584	-0.436632	
1	-1.855469	-2.043191	-0.028831	-0.444404	
1	-1.855469	-2.043191	-0.028831	-0.444404	
1	-1.834533	-2.050781	-0.020400	-0.447782	
1	-1.834533	-2.050781	-0.020400	-0.447782	
1	-1.806641	-2.060974	-0.009204	-0.452323	
1	-1.806641	-2.060974	-0.009204	-0.452323	
1	-1.757812	-2.079075	0.010303	-0.460394	
1	-1.757812	-2.079075	0.010303	-0.460394	
1	-1.708984	-2.097580	0.029704	-0.468626	
1	-1.708984	-2.097580	0.029704	-0.468626	
1	-1.703670	-2.099609	0.031809	-0.469531	
1	-1.703670	-2.099609	0.031809	-0.469531	
1	-1.660156	-2.116384	0.048986	-0.477017	
1	-1.660156	-2.116384	0.048986	-0.477017	
1	-1.611328	-2.135630	0.068169	-0.485580	
1	-1.611328	-2.135630	0.068169	-0.485580	
1	-1.579437	-2.148438	0.080646	-0.491268	
1	-1.579437	-2.148438	0.080646	-0.491268	
1	-1.562500	-2.155312	0.087255	-0.494320	
1	-1.562500	-2.155312	0.087255	-0.494320	
1	-1.513672	-2.175413	0.106244	-0.503240	
1	-1.513672	-2.175413	0.106244	-0.503240	
1	-1.464844	-2.196072	0.125157	-0.512356	
1	-1.464844	-2.196072	0.125157	-0.512356	
1	-1.462049	-2.197266	0.126236	-0.512883	
1	-1.462049	-2.197266	0.126236	-0.512883	
1	-1.416016	-2.217172	0.143978	-0.521664	
1	-1.416016	-2.217172	0.143978	-0.521664	
1	-1.367188	-2.238900	0.162739	-0.531187	
1	-1.367188	-2.238900	0.162739	-0.531187	
1	-1.351284	-2.246094	0.168835	-0.534334	
1	-1.351284	-2.246094	0.168835	-0.534334	
1	-1.318359	-2.261195	0.181433	-0.540925	
1	-1.318359	-2.261195	0.181433	-0.540925	
1	-1.269531	-2.284165	0.200079	-0.550895	
1	-1.269531	-2.284165	0.200079	-0.550895	
1	-1.247146	-2.294922	0.208612	-0.555546	
1	-1.247146	-2.294922	0.208612	-0.555546	
1	-1.220703	-2.307826	0.218683	-0.561107	
1	-1.220703	-2.307826	0.218683	-0.561107	
1	-1.171875	-2.332252	0.237259	-0.571577	
1	-1.171875	-2.332252	0.237259	-0.571577	
1	-1.149419	-2.343750	0.245795	-0.576482	
1	-1.149419	-2.343750	0.245795	-0.576482	
1	-1.123047	-2.357490	0.255819	-0.582318	
1	-1.123047	-2.357490	0.255819	-0.582318	
1	-1.074219	-2.383630	0.274381	-0.593352	
1	-1.074219	-2.383630	0.274381	-0.593352	
1	-1.057873	-2.392578	0.280596	-0.597112	
1	-1.057873	-2.392578	0.280596	-0.597112	
1	-1.025391	-2.410710	0.292956	-0.604693	
1	-1.025391	-2.410710	0.292956	-0.604693	
1	-0.976562	-2.438892	0.311577	-0.616374	
1	-0.976562	-2.438892	0.311577	-0.616374	
1	-0.972282	-2.441406	0.313210	-0.617414	
1	-0.972282	-2.441406	0.313210	-0.617414	
1	-0.927734	-2.468153	0.330243	-0.628406	
1	-0.927734	-2.468153	0.330243	-0.628406	
1	-0.892249	-2.490234	0.343866	-0.637397	
1	-0.892249	-2.490234	0.343866	-0.637397	
1	-0.878906	-2.498733	0.349004	-0.640835	
1	-0.878906	-2.498733	0.349004	-0.640835	
1	-0.830078	-2.530685	0.367874	-0.653687	
1	-0.830078	-2.530685	0.367874	-0.653687	
1	-0.817613	-2.539062	0.372710	-0.657039	
1	-0.817613	-2.539062	0.372710	-0.657039	
1	-0.781250	-2.564156	0.386888	-0.667002	
1	-0.781250	-2.564156	0.386888	-0.667002	
1	-0.748039	-2.587891	0.399925	-0.676350	
1	-0.748039	-2.587891	0.399925	-0.676350	
1	-0.732422	-2.599371	0.406094	-0.680836	
1	-0.732422	-2.599371	0.406094	-0.680836	
1	-0.683594	-2.636520	0.425538	-0.695245	
1	-0.683594	-2.636520	0.425538	-0.695245	
1	-0.683338	-2.636719	0.425640	-0.695321	
1	-0.683338	-2.636719	0.425640	-0.695321	
1	-0.634766	-2.675762	0.445259	-0.710284	
1	-0.634766	-2.675762	0.445259	-0.710284	
1	-0.623001	-2.685547	0.450056	-0.714009	
1	-0.623001	-2.685547	0.450056	-0.714009	
1	-0.585938	-2.717459	0.465339	-0.726048	
1	-0.585938	-2.717459	0.465339	-0.726048	
1	-0.566941	-2.734375	0.473257	-0.732391	
1	-0.566941	-2.734375	0.473257	-0.732391	
1	-0.537109	-2.761948	0.485858	-0.742637	
1	-0.537109	-2.761948	0.485858	-0.742637	
1	-0.514863	-2.783203	0.495368	-0.750493	
1	-0.514863	-2.783203	0.495368	-0.750493	
1	-0.488281	-2.809643	0.506914	-0.760174	
1	-0.488281	-2.809643	0.506914	-0.760174	
1	-0.466496	-2.832031	0.516502	-0.768334	
1	-0.466496	-2.832031	0.516502	-0.768334	
1	-0.439453	-2.861059	0.528631	-0.778816	
1	-0.439453	-2.861059	0.528631	-0.778816	
1	-0.421591	-2.880859	0.536758	-0.785937	
1	-0.421591	-2.880859	0.536758	-0.785937	
1	-0.390625	-2.916847	0.551166	-0.798760	
1	-0.390625	-2.916847	0.551166	-0.798760	
1	-0.379921	-2.929688	0.556224	-0.803321	
1	-0.379921	-2.929688	0.556224	-0.803321	
1	-0.341797	-2.977840	0.574722	-0.820265	
1	-0.341797	-2.977840	0.574722	-0.820265	
1	-0.341278	-2.978516	0.574977	-0.820502	
1	-0.341278	-2.978516	0.574977	-0.820502	
1	-0.305267	-3.027344	0.593133	-0.837541	
1	-0.305267	-3.027344	0.593133	-0.837541	
1	-0.292969	-3.044970	0.599533	-0.843641	
1	-0.292969	-3.044970	0.599533	-0.843641	
1	-0.271857	-3.076172	0.610719	-0.854421	
1	-0.271857	-3.076172	0.610719	-0.854421	
1	-0.244141	-3.119741	0.625968	-0.869354	
1	-0.244141	-3.119741	0.625968	-0.869354	
1	-0.240895	-3.125000	0.627788	-0.871155	
1	-0.240895	-3.125000	0.627788	-0.871155	
1	-0.211969	-3.173828	0.644445	-0.887810	
1	-0.211969	-3.173828	0.644445	-0.887810	
1	-0.195312	-3.203762	0.654444	-0.897960	
1	-0.195312	-3.203762	0.654444	-0.897960	
1	-0.185109	-3.222656	0.660697	-0.904364	
1	-0.185109	-3.222656	0.660697	-0.904364	
1	-0.160035	-3.271484	0.676614	-0.920858	
1	-0.160035	-3.271484	0.676614	-0.920858	
1	-0.146484	-3.299414	0.685574	-0.930262	
1	-0.146484	-3.299414	0.685574	-0.930262	
1	-0.136641	-3.320312	0.692228	-0.937300	
1	-0.136641	-3.320312	0.692228	-0.937300	
1	-0.114725	-3.369141	0.707588	-0.953718	
1	-0.114725	-3.369141	0.707588	-0.953718	
1	-0.097656	-3.409638	0.720143	-0.967309	
1	-0.097656	-3.409638	0.720143	-0.967309	
1	-0.094247	-3.417969	0.722710	-0.970106	
1	-0.094247	-3.417969	0.722710	-0.970106	
1	-0.074902	-3.466797	0.737661	-0.986518	
1	-0.074902	-3.466797	0.737661	-0.986518	
1	-0.056765	-3.515625	0.752429	-1.002922	
1	-0.056765	-3.515625	0.752429	-1.002922	
1	-0.048828	-3.537831	0.759104	-1.010396	
1	-0.048828	-3.537831	0.759104	-1.010396	
1	-0.039590	-3.564453	0.767069	-1.019361	
1	-0.039590	-3.564453	0.767069	-1.019361	
1	-0.023299	-3.613281	0.781598	-1.035839	
1	-0.023299	-3.613281	0.781598	-1.035839	
