#REFERENCE 0 180.3007650 23.0992140
1 180.3007650 23.0992140 0.0000 0.0000 -22.46 0.00
1 180.300765 23.099214 0.0000 0.0000 -22.46 0.00
1 180.3007650 23.0992140 0.0000 0.0000 -22.46 0.00
1 180.3007650 23.0992140 2.0126 1.6718 -22.46 6.97
2 180.3010948 23.0993113 0.0000 0.0000 -5.45 0.00
2 180.301095 23.099311 0.0000 0.0000 -5.45 0.00
2 180.3010948 23.0993113 0.0000 0.0000 -5.45 0.00
2 180.3010948 23.0993113 6.4077 2.1964 -5.45 17.39
3 180.3001263 23.0973551 0.0000 0.0000 -74.68 0.00
3 180.300126 23.097355 0.0000 0.0000 -74.68 0.00
3 180.3001263 23.0973551 0.0000 0.0000 -74.68 0.00
3 180.3001263 23.0973551 2.0536 1.2106 -74.68 5.34
