#REFERENCE 3 28.1644670 -13.9684820
   #ID       X         Y         R       EPS       TAU       AMP       E_AMP      DMAG  TIME[days]  DTIME    PARITY
   1.1    -1.368     0.553     1.475     0.970     4.006   938.741  37533.148      7.43    -109.5       0.0    ++
   1.1     0.790     0.837     1.151     0.920     2.343   906.690  16589.506      7.39     -53.0      56.6    ++
   1.1     0.407     1.077     1.151     0.000     0.000    52.812   130.821      4.31     -52.0      57.5    +-
   1.2    -1.293     0.733     1.486     0.993     8.508    65.676   278.404      4.54    -108.0       1.5    ++
   1.2     0.445     1.169     1.251     0.919     2.329   272.422  1869.726      6.09     -63.8      45.7    +-
   1.2     0.696     1.036     1.248     0.001     0.001   621.420  6842.190      6.98     -64.1      45.5    ++
   1.3     0.323     1.203     1.246     1.000    38.032    58.298   177.587      4.41     -63.9      45.6    +-
   1.3     0.821     0.941     1.249     0.999    27.345   320.679  2686.150      6.27     -65.7      43.8    ++
   1.3    -1.271     0.718     1.459     0.997    12.015    84.580   616.909      4.82    -104.0       5.6    ++
   2.1    -0.002    -0.067     0.067     0.896     2.018    17.875   125.296      3.13       2.5       0.0    --
   2.1    -1.180     0.387     1.242     0.768     1.201   171.335  2151.252      5.58     -74.2     -76.7    ++
   2.1     1.209     0.372     1.265     0.761     1.173   183.047  1792.829      5.66     -77.9     -80.4    ++
   2.1    -0.009    -0.674     0.674     0.744     1.113   188.422  1068.259      5.69      -7.7     -10.2    +-
   2.1    -0.012     1.060     1.060     0.000     0.000    19.318    49.837      3.21     -45.5     -48.0    +-
   2.2     1.350     0.722     1.531     0.000     0.000    27.219   641.569      3.59    -115.5    -118.0    ++
