#REFERENCE 0 28.1644670 -13.9684820
1.1 28.1643505 -13.9681829 0.100022 0.099997 179.50948 4.5000 -0.00 
1.2 28.1648371 -13.9682785 0.202431 0.011856 58.93451 4.5000 1.55 
1.2 28.1643395 -13.9681573 0.207320 0.042633 132.72184 4.5000 0.13 
1.2 28.1642677 -13.9681942 0.100018 0.099928 81.67391 4.5000 0.00 
1.3 28.1643746 -13.9681478 1.521059 0.019993 158.41148 4.5000 -1.21 
1.3 28.1642321 -13.9682205 1.449001 0.026486 151.18685 4.5000 -1.46 
1.3 28.1648307 -13.9682827 0.647066 0.026881 26.54037 4.5000 -0.60 
2.1 28.1644675 -13.9685006 0.042165 0.009873 89.70032 4.5000 3.45 
2.1 28.1648048 -13.9683744 0.216726 0.078430 75.45297 4.5000 -0.58 
2.1 28.1641210 -13.9683787 0.211574 0.077947 103.72993 4.5000 -0.54 
2.1 28.1644696 -13.9686693 0.118387 0.045372 89.02833 4.5000 0.67 
2.1 28.1644705 -13.9681875 0.100005 0.099999 2.53517 4.5000 -0.00 
2.2 28.1640805 -13.9682814 0.100004 0.099998 151.09175 4.5000 -0.00 
