chi multiples
 N    ID    z   Narcs    chip    chix    chiy    chia   rmss     rmsi    dx      dy    nwarn
 0    4.2 4.500   1      0.01    0.00    0.00    0.00   0.022    0.04    0.02   -0.03  0
 0    4.1 4.500   1      0.00    0.00    0.00    0.00   0.022    0.03   -0.01   -0.02  0
 0    4.2 4.500   2      0.01    0.00    0.00    0.00   0.022    0.03    N/A     N/A   0
 1    3.2 4.500   1      0.01    0.00    0.00    0.00   0.015    0.04   -0.03   -0.03  0
 1    3.1 4.500   1      0.03    0.00    0.00    0.00   0.015    0.08    0.07    0.03  0
 1    3.2 4.500   2      0.03    0.00    0.00    0.00   0.015    0.06    N/A     N/A   0
chimul                   0.04    0.00    0.00    0.00   0.019    0.05    N/A     N/A   0
log(Likelihood)         -1.83

chitot           0.04
log(Likelihood)    -1.83
