#REFERENCE 3 10.8658340 -20.6025760
1	-0.048828	-0.418966	0.116214	0.092199	
1	0.000000	-0.422128	0.040588	0.090136	
1	0.000000	-0.422128	0.040588	0.090136	
1	0.048828	-0.419325	-0.036662	0.085027	
1	0.048828	-0.419325	-0.036662	0.085027	
1	0.097656	-0.410322	-0.113597	0.076907	
1	0.097656	-0.410322	-0.113597	0.076907	
1	0.146484	-0.394800	-0.188295	0.066024	
1	0.146484	-0.394800	-0.188295	0.066024	
1	0.156771	-0.390625	-0.203585	0.063415	
1	0.156771	-0.390625	-0.203585	0.063415	
1	0.195312	-0.373035	-0.258820	0.052846	
1	0.195312	-0.373035	-0.258820	0.052846	
1	0.244141	-0.344519	-0.323655	0.037981	
1	0.244141	-0.344519	-0.323655	0.037981	
1	0.248728	-0.341797	-0.329321	0.036546	
1	0.248728	-0.341797	-0.329321	0.036546	
1	0.292969	-0.308754	-0.381586	0.022157	
1	0.292969	-0.308754	-0.381586	0.022157	
1	0.314203	-0.292969	-0.403819	0.015356	
1	0.314203	-0.292969	-0.403819	0.015356	
1	0.341797	-0.265384	-0.431609	0.006214	
1	0.341797	-0.265384	-0.431609	0.006214	
1	0.366174	-0.244141	-0.452606	-0.001222	
1	0.366174	-0.244141	-0.452606	-0.001222	
1	0.390625	-0.213728	-0.472971	-0.008917	
1	0.390625	-0.213728	-0.472971	-0.008917	
1	0.410027	-0.195312	-0.486003	-0.014127	
1	0.410027	-0.195312	-0.486003	-0.014127	
1	0.439453	-0.153113	-0.504996	-0.022154	
1	0.439453	-0.153113	-0.504996	-0.022154	
1	0.446655	-0.146484	-0.508435	-0.023671	
1	0.446655	-0.146484	-0.508435	-0.023671	
1	0.480793	-0.097656	-0.523976	-0.030772	
1	0.480793	-0.097656	-0.523976	-0.030772	
1	0.488281	-0.078758	-0.527423	-0.032396	
1	0.488281	-0.078758	-0.527423	-0.032396	
1	0.514875	-0.048828	-0.534082	-0.035587	
1	0.514875	-0.048828	-0.534082	-0.035587	
1	0.535306	0.000000	-0.538444	-0.037524	
1	0.521466	0.097656	-0.537000	-0.038448	
1	0.488281	0.126513	-0.531129	-0.040283	
1	0.488281	0.126513	-0.531129	-0.040283	
1	0.478132	0.146484	-0.527959	-0.041271	
1	0.478132	0.146484	-0.527959	-0.041271	
1	0.439453	0.185617	-0.514865	-0.045277	
1	0.439453	0.185617	-0.514865	-0.045277	
1	0.433230	0.195312	-0.511949	-0.046134	
1	0.433230	0.195312	-0.511949	-0.046134	
1	0.390625	0.236002	-0.490730	-0.052013	
1	0.390625	0.236002	-0.490730	-0.052013	
1	0.384010	0.244141	-0.486628	-0.053078	
1	0.384010	0.244141	-0.486628	-0.053078	
1	0.341797	0.279464	-0.458794	-0.059769	
1	0.341797	0.279464	-0.458794	-0.059769	
1	0.327478	0.292969	-0.447679	-0.062198	
1	0.327478	0.292969	-0.447679	-0.062198	
1	0.292969	0.316943	-0.419092	-0.067886	
1	0.292969	0.316943	-0.419092	-0.067886	
1	0.256730	0.341797	-0.384589	-0.073776	
1	0.256730	0.341797	-0.384589	-0.073776	
1	0.244141	0.348630	-0.371795	-0.075715	
1	0.244141	0.348630	-0.371795	-0.075715	
1	0.195312	0.374627	-0.317205	-0.082632	
1	0.195312	0.374627	-0.317205	-0.082632	
1	0.157841	0.390625	-0.270686	-0.086946	
1	0.157841	0.390625	-0.270686	-0.086946	
1	0.146484	0.394894	-0.255838	-0.088039	
1	0.146484	0.394894	-0.255838	-0.088039	
1	0.097656	0.409907	-0.188447	-0.091386	
1	0.097656	0.409907	-0.188447	-0.091386	
1	0.048828	0.418966	-0.116214	-0.092199	
1	0.048828	0.418966	-0.116214	-0.092199	
1	0.000000	0.422128	-0.040588	-0.090136	
1	0.000000	0.422128	-0.040588	-0.090136	
1	-0.048828	0.419325	0.036662	-0.085027	
1	-0.048828	0.419325	0.036662	-0.085027	
1	-0.097656	0.410322	0.113597	-0.076907	
1	-0.097656	0.410322	0.113597	-0.076907	
1	-0.146484	0.394800	0.188295	-0.066024	
1	-0.146484	0.394800	0.188295	-0.066024	
1	-0.156771	0.390625	0.203585	-0.063415	
1	-0.156771	0.390625	0.203585	-0.063415	
1	-0.195312	0.373035	0.258820	-0.052846	
1	-0.195312	0.373035	0.258820	-0.052846	
1	-0.244141	0.344519	0.323655	-0.037981	
1	-0.244141	0.344519	0.323655	-0.037981	
1	-0.248728	0.341797	0.329321	-0.036546	
1	-0.248728	0.341797	0.329321	-0.036546	
1	-0.292969	0.308754	0.381586	-0.022157	
1	-0.292969	0.308754	0.381586	-0.022157	
1	-0.314203	0.292969	0.403819	-0.015356	
1	-0.314203	0.292969	0.403819	-0.015356	
1	-0.341797	0.265384	0.431609	-0.006214	
1	-0.341797	0.265384	0.431609	-0.006214	
1	-0.366174	0.244141	0.452606	0.001222	
1	-0.366174	0.244141	0.452606	0.001222	
1	-0.390625	0.213728	0.472971	0.008917	
1	-0.390625	0.213728	0.472971	0.008917	
1	-0.410027	0.195312	0.486003	0.014127	
1	-0.410027	0.195312	0.486003	0.014127	
1	-0.439453	0.153113	0.504996	0.022154	
1	-0.439453	0.153113	0.504996	0.022154	
1	-0.446655	0.146484	0.508435	0.023671	
1	-0.446655	0.146484	0.508435	0.023671	
1	-0.480793	0.097656	0.523976	0.030772	
1	-0.480793	0.097656	0.523976	0.030772	
1	-0.488281	0.078758	0.527423	0.032396	
1	-0.488281	0.078758	0.527423	0.032396	
1	-0.514875	0.048828	0.534082	0.035587	
1	-0.514875	0.048828	0.534082	0.035587	
1	-0.535306	0.000000	0.538444	0.037524	
1	-0.521466	-0.097656	0.537000	0.038448	
1	-0.488281	-0.126513	0.531129	0.040283	
1	-0.488281	-0.126513	0.531129	0.040283	
1	-0.478132	-0.146484	0.527959	0.041271	
1	-0.478132	-0.146484	0.527959	0.041271	
1	-0.439453	-0.185617	0.514865	0.045277	
1	-0.439453	-0.185617	0.514865	0.045277	
1	-0.433230	-0.195312	0.511949	0.046134	
1	-0.433230	-0.195312	0.511949	0.046134	
1	-0.390625	-0.236002	0.490730	0.052013	
1	-0.390625	-0.236002	0.490730	0.052013	
1	-0.384010	-0.244141	0.486628	0.053078	
1	-0.384010	-0.244141	0.486628	0.053078	
1	-0.341797	-0.279464	0.458794	0.059769	
1	-0.341797	-0.279464	0.458794	0.059769	
1	-0.327478	-0.292969	0.447679	0.062198	
1	-0.327478	-0.292969	0.447679	0.062198	
1	-0.292969	-0.316943	0.419092	0.067886	
1	-0.292969	-0.316943	0.419092	0.067886	
1	-0.256730	-0.341797	0.384589	0.073776	
1	-0.256730	-0.341797	0.384589	0.073776	
1	-0.244141	-0.348630	0.371795	0.075715	
1	-0.244141	-0.348630	0.371795	0.075715	
1	-0.195312	-0.374627	0.317205	0.082632	
1	-0.195312	-0.374627	0.317205	0.082632	
1	-0.157841	-0.390625	0.270686	0.086946	
1	-0.157841	-0.390625	0.270686	0.086946	
1	-0.146484	-0.394894	0.255838	0.088039	
1	-0.146484	-0.394894	0.255838	0.088039	
1	-0.097656	-0.409907	0.188447	0.091386	
1	-0.097656	-0.409907	0.188447	0.091386	
1	-0.048828	-0.418966	0.116214	0.092199	
