#REFERENCE 3 10.8658340 -20.6025760
   #ID       X         Y         R       EPS       TAU       AMP       E_AMP      DMAG  TIME[days]  DTIME    PARITY
   5.2     0.373    -0.006     0.374     0.762     1.178    19.126    62.141      3.20       7.6       0.0    --
   5.2     0.499    -0.308     0.586     0.561     0.677    44.519  1059.005      4.12       7.4      -0.1    +-
   5.2     0.477     0.402     0.624     0.421     0.464    33.571   253.034      3.81       7.3      -0.2    +-
   5.2     0.800     0.082     0.804     0.379     0.409    53.232   239.643      4.32       7.0      -0.6    ++
   5.2    -2.124    -0.142     2.129     0.000     0.000    40.931   505.996      4.03     -51.5     -59.1    ++
   5.1     0.499     0.413     0.648     0.723     1.046    97.626  3666.843      4.97       7.3      -0.2    +-
   5.1     0.385    -0.060     0.389     0.633     0.817    21.479    94.669      3.33       7.6       0.1    --
   5.1     0.474    -0.273     0.547     0.617     0.785    28.636   172.371      3.64       7.6       0.0    +-
   5.1    -2.127    -0.131     2.131     0.452     0.507    40.675   626.401      4.02     -51.6     -59.2    ++
   5.1     0.790     0.123     0.800     0.000     0.000    71.576   848.829      4.64       7.1      -0.5    ++
