1 -5418.622015 0.261355 30.783243 7.872320 414.322974 0.531681 -83.038456 12.969592 41.224624 0.000000
1 -5418.676260 0.753850 87.020627 11.833771 367.823783 0.316680 79.853832 8.257931 492.449719 0.000000
1 -5418.621287 0.538129 66.350974 1.157487 11.123276 0.299527 -54.332998 9.766233 175.697139 0.000000
1 -5418.643154 0.575084 -30.468233 1.918760 108.609385 0.614089 -72.396212 2.552018 170.237971 0.000000
1 -5418.699092 0.391317 32.117617 4.293493 247.742055 0.398141 6.060698 7.427303 407.929900 0.000000
1 -5.386203 0.566755 -3.188707 2.103196 313.345726 0.523646 -43.536964 6.235366 116.192161 0.000000
1 -5418.621359 0.600095 47.106617 5.951852 182.043119 0.006884 -82.738668 11.159390 228.555514 0.000000
1 -1843.992222 0.468751 18.803482 6.164960 118.676909 0.455325 51.468934 0.426109 301.166311 0.000000
1 -5426.002658 0.482648 -15.981995 1.301015 233.219877 0.237511 -78.091970 11.857941 342.546820 0.000000
1 -5418.622993 0.522542 -0.557022 7.896138 55.688597 0.036812 -21.341300 7.906979 464.448876 0.000000
1 -1818.104915 0.588625 -71.613967 2.884813 483.089981 0.599460 -24.723723 0.883516 31.912162 -0.556992
1 -5418.621285 0.451661 -3.812073 8.352138 95.728057 0.490199 31.547407 13.339316 145.981091 -0.556992
1 -5418.622972 0.795046 27.419480 9.954139 400.662127 0.289465 -65.472033 10.750165 275.674760 -0.556992
1 -5422.380642 0.521947 -5.696796 0.602836 180.860156 0.525739 73.884984 4.007039 132.803525 -0.556992
1 -5418.623374 0.530412 1.686736 10.236267 409.279226 0.033295 4.842285 8.783632 266.116521 -0.556992
1 -3709.287370 0.766356 71.767711 2.181381 29.837082 0.097014 59.823899 0.869172 286.680714 -0.556992
1 -5418.651716 0.575553 -85.454402 10.039988 494.241578 0.600488 54.763038 7.124117 407.645848 -0.556992
1 -18.566776 0.472465 -47.701339 11.747536 102.536725 0.083335 51.547292 2.769051 432.200872 -0.556992
1 -1823.675476 0.298616 -61.389445 6.900658 98.967688 0.537147 88.505747 6.108454 497.227591 -0.556992
1 -5418.640961 0.522986 -35.365578 7.847009 279.337101 0.297291 24.995615 2.516896 182.867505 -0.556992
1 -6.413653 0.567115 -54.980091 6.165194 345.925739 0.766673 2.420300 2.974467 301.733036 -1.006549
1 -5418.977183 0.059430 -63.467489 10.559291 492.321369 0.635542 26.927011 3.571994 343.713204 -1.006549
1 -5418.638145 0.535936 -1.945390 6.873876 338.574789 0.137360 3.916682 2.468718 124.279006 -1.006549
1 -5418.658591 0.508904 -18.585042 7.691352 469.775754 0.520141 -17.600077 14.508772 207.451304 -1.006549
1 -5418.801353 0.449027 25.313921 3.222283 302.742502 0.541237 -37.888162 13.682124 323.520476 -1.006549
1 -3709.287370 0.766356 71.767711 2.181381 29.837082 0.097014 59.823899 0.869172 286.680714 -1.006549
1 -1940.827022 0.126250 -72.075089 0.245296 295.270721 0.625218 -34.556820 6.177898 28.752898 -1.006549
1 -10.200838 0.509301 80.500876 2.222418 424.752223 0.761698 -29.418311 12.976754 168.167430 -1.006549
1 -5433.771964 0.197855 -76.348335 8.251540 248.948660 0.654819 -0.485682 3.450204 495.807462 -1.006549
1 -4.755757 0.490084 57.263320 8.332550 319.161919 0.472506 -20.760031 2.152925 300.473315 -1.006549
1 -11.832417 0.594657 15.782827 2.262425 343.169919 0.590892 9.070916 2.648002 63.780894 -1.327696
1 -2031.516148 0.406454 -4.064129 1.369526 39.002079 0.222302 59.515990 0.430133 424.628592 -1.327696
1 -3638.584174 0.322962 -87.072724 0.134420 213.489745 0.793308 -49.296189 10.740766 121.210704 -1.327696
1 -5418.621548 0.135388 -55.911571 6.957776 242.244925 0.770982 -47.353818 8.741459 185.664706 -1.327696
1 -1825.197428 0.509353 25.291926 12.577243 153.893631 0.175196 -16.616049 2.082727 353.522964 -1.327696
1 -3618.924691 0.045644 -60.633059 7.702166 489.018624 0.235225 65.957999 8.765652 409.332766 -1.327696
1 -30.489977 0.784108 -58.543245 1.726727 360.987869 0.241742 44.729152 9.803212 486.626893 -1.327696
1 -2257.736689 0.676833 -47.965562 0.111358 369.361470 0.587327 -76.930154 8.507265 499.861309 -1.327696
1 -5420.103480 0.695590 84.136358 0.386865 25.174819 0.171605 -20.189079 5.324292 492.258462 -1.327696
1 -74.748581 0.171981 -84.291842 2.477267 288.055655 0.488327 0.448150 2.645187 304.618232 -1.327696
1 -5.839820 0.634262 14.089668 3.582654 266.082572 0.590076 41.871280 0.197701 167.533241 -1.682295
1 -5418.621285 0.498607 -50.451366 11.628687 131.543925 0.611529 22.894691 5.571798 55.635905 -1.682295
1 -5418.621323 0.481775 -14.884047 12.160633 289.979015 0.758735 -41.286881 8.252026 41.835277 -1.682295
1 -1842.157118 0.040708 83.127225 1.182838 122.842560 0.729298 27.331568 0.568190 352.486840 -1.682295
1 -5418.621289 0.305964 50.778066 14.697845 364.333929 0.121754 1.947716 13.855529 103.864583 -1.682295
1 -1808.567501 0.635681 -76.832614 7.865777 37.674822 0.474210 -39.664718 1.805480 304.382032 -1.682295
1 -5418.622203 0.676420 63.096179 4.313707 172.431747 0.128717 -37.342097 13.532009 477.409830 -1.682295
1 -135.362321 0.019501 -0.817922 1.112962 353.583028 0.509246 -7.322977 0.315995 54.211633 -1.682295
1 -27.644481 0.600780 -58.095189 1.718425 403.302785 0.320298 -75.174239 6.562440 272.598994 -1.682295
1 -9.380781 0.304239 87.417517 11.292524 192.978649 0.640681 -25.603825 2.629839 362.119035 -1.682295
1 -1809.710178 0.388141 49.081621 1.470679 312.980302 0.582148 -29.762769 9.925281 267.644470 -1.935864
1 -5418.631566 0.316280 65.231603 11.729830 444.157968 0.674755 -39.807684 9.282203 411.686836 -1.935864
1 -5418.650190 0.264376 -29.232056 1.547122 139.459962 0.180522 -45.656836 12.920859 176.382427 -1.935864
1 -1810.386123 0.371920 -62.167798 9.601452 403.703596 0.773749 -45.037136 4.327577 326.224331 -1.935864
1 -18.440123 0.495393 5.074705 1.907422 199.929199 0.331394 -60.916150 5.985879 495.465645 -1.935864
1 -9.362285 0.250531 -46.637648 3.790257 382.005300 0.650180 -27.317591 11.793779 331.007794 -1.935864
1 -8.125296 0.719450 -61.340796 0.855403 105.860639 0.666893 -26.050036 3.859811 378.228903 -1.935864
1 -5418.621324 0.295517 -84.660928 7.068177 118.224530 0.375257 -10.399305 9.088411 209.934398 -1.935864
1 -10.357966 0.241536 -64.236079 9.958639 480.380272 0.349332 79.697038 3.230806 360.728958 -1.935864
1 -158.905434 0.614727 80.598173 12.886325 405.621332 0.473184 -58.442406 0.477021 406.030304 -1.935864
1 -35.290594 0.671357 -34.904133 3.508788 490.704375 0.510387 -78.541783 10.550569 398.788343 -2.007251
1 -3.793991 0.387989 -1.192470 0.642321 204.338246 0.311830 5.276170 9.496091 391.637010 -2.007251
1 -265.200578 0.594052 72.227109 12.742152 409.458351 0.466054 -50.155129 0.592883 402.332528 -2.007251
1 -15.742991 0.547558 70.174941 4.532625 101.888505 0.770261 10.731825 4.092200 429.013789 -2.007251
1 -4.998828 0.791534 -23.933729 8.406673 399.998985 0.592884 0.942669 0.933902 182.542323 -2.007251
1 -16.110801 0.334300 41.009165 4.585681 490.115489 0.701524 -39.446234 5.381416 223.025545 -2.007251
1 -140.895486 0.285509 -78.583401 10.661531 259.190026 0.650112 -12.806850 1.053009 373.311821 -2.007251
1 -5419.007617 0.140987 -47.599130 2.108768 218.547223 0.646466 29.165909 6.198344 323.929679 -2.007251
1 -9.948151 0.553535 -77.314538 1.891691 401.307545 0.101619 27.514512 8.630931 115.276696 -2.007251
1 -13.472278 0.333447 71.847650 14.272725 489.020478 0.647949 -40.525781 1.039296 238.083908 -2.007251
1 -8.084335 0.611808 83.906956 1.693372 302.497598 0.524606 -14.328518 10.227350 403.199725 -2.136434
1 -20.941070 0.380510 -3.759370 1.883833 292.148744 0.288838 23.081869 9.539927 405.906396 -2.136434
1 -96.214264 0.600373 -89.470113 1.723511 345.082180 0.482976 -39.521312 0.274440 283.603071 -2.136434
1 -14.626162 0.408435 4.432473 12.906023 456.470607 0.218551 68.533538 5.277216 423.797392 -2.136434
1 -114.506669 0.197644 87.189418 0.924189 301.442466 0.005024 50.282225 12.656362 476.553247 -2.136434
1 -9.018038 0.310095 -45.352337 14.551820 148.155299 0.468748 7.927354 5.728930 496.608953 -2.136434
1 -9.771224 0.312528 88.064706 9.933579 225.287218 0.529923 0.161232 2.340094 350.019919 -2.136434
1 -5418.621282 0.743043 62.022133 12.160180 46.941514 0.176172 -22.438692 11.489325 109.362457 -2.136434
1 -5418.653320 0.351259 -10.976518 13.613467 222.812803 0.266262 -26.274565 4.807286 365.350724 -2.136434
1 -36.151612 0.680019 5.413376 0.299269 247.149036 0.069126 -48.764200 12.734490 486.489126 -2.136434
1 -19.696687 0.380654 52.085860 1.783967 318.077784 0.481322 -56.576301 10.453577 248.894167 -2.208286
1 -16.307166 0.737525 -1.214023 2.733520 301.424340 0.155175 -30.721934 7.276860 417.534508 -2.208286
1 -2236.303958 0.684840 -21.838618 0.275094 481.630588 0.489518 -18.900801 8.030434 192.375856 -2.208286
1 -13.007261 0.753070 6.724489 13.050857 67.907295 0.458515 -28.694091 0.914578 296.526933 -2.208286
1 -30.636268 0.542604 60.490590 0.498241 173.989897 0.058180 14.177683 6.956911 456.268645 -2.208286
1 -30.625416 0.539692 76.986407 0.920254 370.514727 0.191571 70.765770 13.868564 453.438533 -2.208286
1 -155.952043 0.658339 36.670201 9.747942 303.674015 0.783508 54.040046 0.790358 412.129077 -2.208286
1 -2007.050126 0.007359 56.543737 0.625334 356.451450 0.561451 -33.332646 6.206832 245.917892 -2.208286
1 -64.426621 0.761046 45.016622 11.320996 423.659875 0.332693 27.231525 0.675685 355.309513 -2.208286
1 -1959.908526 0.789584 -72.611000 0.136410 468.963054 0.153403 -25.755675 0.427189 21.674903 -2.208286
1 -16.012134 0.214177 -15.685585 4.914813 25.387008 0.505844 -57.954492 1.473318 377.208554 -2.319618
1 -5418.648503 0.013927 -79.253898 5.350313 439.448407 0.575708 -70.732788 12.194955 182.906712 -2.319618
1 -243.151977 0.530563 40.634552 13.948692 59.082556 0.538864 -32.541251 1.074837 396.282195 -2.319618
1 -13.954296 0.517975 -23.298549 6.132519 475.355787 0.529315 -43.308497 13.166447 327.298103 -2.319618
1 -13.908971 0.458311 10.086983 13.136304 254.575848 0.719319 31.641502 4.836087 416.999935 -2.319618
1 -262.427286 0.744466 -55.879575 0.235755 395.922015 0.575439 -62.321044 11.137349 17.517219 -2.319618
1 -20.695776 0.690911 29.747432 10.307389 310.667893 0.727536 54.844996 1.538325 432.442295 -2.319618
1 -120.966626 0.085061 64.813151 1.201659 327.662540 0.479508 -45.326456 3.256514 122.472853 -2.319618
1 -116.585863 0.618692 81.147863 0.849194 273.370652 0.561645 51.933737 1.402115 289.062196 -2.319618
1 -1937.499370 0.201128 -86.680644 11.280879 358.677915 0.721880 -36.607152 1.403533 410.636305 -2.319618
1 -79.681629 0.791773 -14.193583 6.217489 285.388200 0.605496 58.494895 0.860431 314.251826 -2.331421
1 -20.236726 0.310647 -14.864511 1.636562 177.912666 0.624509 -81.417106 3.074278 473.613448 -2.331421
1 -263.516688 0.202571 -17.577631 7.560072 12.797549 0.541898 -28.730653 0.911752 434.315858 -2.331421
1 -11.301352 0.550141 -25.019891 6.625545 475.594951 0.542822 -37.676844 13.088207 343.580190 -2.331421
1 -14.346257 0.366120 1.241781 13.948871 259.086528 0.779976 27.886633 5.099482 425.293554 -2.331421
1 -203.769570 0.060026 -86.408198 7.755356 456.973447 0.504368 -48.113332 1.201994 288.909539 -2.331421
1 -31.937977 0.113060 -57.769121 2.041092 256.186967 0.471773 58.721422 0.661794 199.436793 -2.331421
1 -94.737656 0.069495 63.041516 0.606837 311.584076 0.464436 -51.058288 3.035983 119.555119 -2.331421
1 -26.667320 0.507693 69.672859 0.879568 304.665176 0.539720 33.708323 1.610491 282.131735 -2.331421
1 -134.877808 0.584751 -53.009442 0.542758 324.695433 0.149717 -26.326742 14.193314 90.776652 -2.331421
1 -180.318093 0.196931 -29.591726 7.644183 451.719321 0.282684 -22.464995 0.208790 222.165366 -2.344095
1 -13.034983 0.530856 -24.457057 0.047474 219.222088 0.303333 -55.268830 14.411479 369.979147 -2.344095
1 -15.570264 0.105439 6.343638 11.050829 52.634607 0.569560 -30.316263 2.963646 406.295678 -2.344095
1 -25.606539 0.363541 30.156818 7.373987 317.244103 0.478269 -82.625264 1.105148 248.572442 -2.344095
1 -563.247379 0.729474 2.310176 0.386977 495.151392 0.565622 65.936095 7.721882 37.850000 -2.344095
1 -7.171201 0.486532 34.853615 6.248538 333.367108 0.775747 -12.553912 4.667021 353.491498 -2.344095
1 -17.453907 0.490890 -79.075127 2.136292 434.298241 0.578361 -59.532711 3.152290 101.592913 -2.344095
1 -22.808500 0.259532 47.286993 4.534164 240.775960 0.792448 -38.586234 0.892205 324.403139 -2.344095
1 -8.759480 0.651188 -2.914710 3.946613 150.131065 0.616295 -31.679130 0.906764 268.325848 -2.344095
1 -14.974389 0.076415 53.856294 2.022252 356.371025 0.737849 81.776845 12.850731 463.364600 -2.344095
1 -8.377213 0.214010 -17.436103 8.104442 462.255943 0.198076 -7.807626 1.989896 247.491537 -2.409180
1 -15.950052 0.374714 11.145164 3.524285 413.388120 0.030605 2.657755 11.157395 226.798929 -2.409180
1 -8.306094 0.101341 7.589938 12.522961 34.193482 0.741943 -38.569868 2.735786 346.380091 -2.409180
1 -12.969371 0.169522 34.697346 4.513017 304.053582 0.377501 88.361127 1.612809 306.081810 -2.409180
1 -9.594105 0.195381 -52.716270 5.608037 276.787588 0.242338 80.318013 2.587644 355.894978 -2.409180
1 -1828.268821 0.493807 -13.169462 4.617990 207.415596 0.694399 -69.928820 0.656004 359.007887 -2.409180
1 -1812.622038 0.430141 -82.420983 2.686568 431.150406 0.529855 67.216686 5.520225 124.835186 -2.409180
1 -349.364014 0.556353 -1.870603 4.551607 106.456740 0.578281 -29.525825 0.679294 448.075334 -2.409180
1 -12.786361 0.151370 24.031815 4.581732 464.747275 0.509916 -38.744474 8.085526 224.303012 -2.409180
1 -243.647718 0.025303 -36.774083 4.928436 173.175382 0.769588 -5.921934 0.417405 424.919108 -2.409180
1 -9.887988 0.239185 -4.669716 8.193095 486.155903 0.114327 17.309295 1.834017 222.894582 -2.451842
1 -1820.039504 0.359810 23.721869 2.431091 407.920899 0.073465 -3.188606 11.132521 224.113203 -2.451842
1 -66.383968 0.114432 6.054443 12.634908 50.852730 0.072238 -60.212495 1.972845 354.352595 -2.451842
1 -23.030285 0.259258 22.867037 0.833166 115.503858 0.245339 -28.150615 3.610350 431.367810 -2.451842
1 -75.507660 0.158242 -69.270942 6.845707 250.055219 0.257388 71.008289 0.789578 298.568186 -2.451842
1 -182.245171 0.265300 68.069929 0.664145 399.008058 0.361156 66.703596 5.805027 106.589926 -2.451842
1 -8.672556 0.150245 24.809891 4.672268 461.942753 0.507294 -40.523489 8.084092 224.200573 -2.451842
1 -319.319968 0.596363 -3.462477 3.757852 123.892183 0.632362 -28.563516 0.731660 443.442182 -2.451842
1 -6.952059 0.157067 22.868785 4.634047 454.895083 0.541667 -42.216475 7.583218 230.626903 -2.451842
1 -130.214603 0.076001 -21.177811 4.775256 184.108519 0.037686 -10.137558 0.429495 283.388966 -2.451842
1 -14.725972 0.675884 6.219847 4.244686 172.205159 0.584115 31.530174 4.806075 419.299360 -2.467388
1 -14.532215 0.741172 -65.035431 1.935493 384.247814 0.469024 -84.892983 2.749547 263.550222 -2.467388
1 -145.190044 0.722706 7.639586 13.326841 46.307266 0.075106 -21.115122 2.224852 405.960648 -2.467388
1 -160.119048 0.326730 64.076963 1.114973 222.359314 0.342603 -41.568731 4.818670 425.638709 -2.467388
1 -32.871281 0.280271 85.285490 6.996548 319.421808 0.299813 75.522868 0.790379 230.026134 -2.467388
1 -9.018629 0.351401 -72.264470 3.768534 303.224013 0.365163 -0.585740 1.217538 231.439177 -2.467388
1 -11.143533 0.441565 33.352175 8.868811 339.235714 0.058715 0.932467 5.065403 433.052159 -2.467388
1 -177.205263 0.647920 6.196476 0.822086 400.195603 0.402146 -78.470453 11.040974 270.654102 -2.467388
1 -218.491374 0.428359 -6.335095 2.516804 335.317198 0.562339 -58.322381 0.316108 248.637078 -2.467388
1 -56.604044 0.219097 -9.891575 1.137493 142.489391 0.157598 50.373498 4.329359 452.744567 -2.467388
1 -76.798397 0.770214 -30.156450 2.785893 178.013900 0.021025 50.445553 2.725837 385.295865 -2.476402
1 -11.446249 0.440565 72.024399 2.425367 424.303869 0.582784 86.679680 2.444910 142.284715 -2.476402
1 -17.495510 0.102617 11.066793 12.218319 177.735957 0.713355 -17.802218 1.949769 377.386514 -2.476402
1 -11.529321 0.316810 84.822962 1.682701 241.628093 0.348169 -37.234637 5.619397 399.328148 -2.476402
1 -13.366068 0.072903 -8.302815 11.354683 169.857854 0.789816 38.608554 6.504247 476.034472 -2.476402
1 -178.693485 0.285089 -15.822186 0.875646 290.722143 0.144591 -25.218314 1.065351 221.677346 -2.476402
1 -18.020370 0.763171 -22.004609 3.742995 318.948845 0.798621 53.639033 4.083114 467.414910 -2.476402
1 -17.206954 0.449193 -14.050088 2.589776 366.680257 0.202049 -31.924361 10.460024 316.785576 -2.476402
1 -23.705058 0.693029 -0.204753 0.593257 293.008368 0.019003 -85.271225 11.191907 253.535629 -2.476402
1 -28.376096 0.246750 0.965197 0.698523 172.784965 0.159164 48.949970 4.426446 467.255512 -2.476402
1 -96.932356 0.799894 -40.119597 1.255880 355.105574 0.067149 26.526120 5.026987 305.961487 -2.485816
1 -14.801375 0.261108 21.398246 6.515619 308.933720 0.121754 58.948849 4.226745 438.274234 -2.485816
1 -6.511561 0.642786 34.875410 8.772123 99.557623 0.581194 1.660982 0.905478 288.002353 -2.485816
1 -23.575460 0.005460 -19.657174 1.987949 77.428851 0.405157 -34.256582 2.439283 413.027316 -2.485816
1 -11.806402 0.012049 -53.712212 12.618871 218.008636 0.749195 5.270146 2.224752 350.350097 -2.485816
1 -109.971817 0.193390 -25.836108 2.671751 222.011012 0.078019 -47.351485 0.993446 271.736226 -2.485816
1 -5.731203 0.706040 -7.721666 1.770195 310.488722 0.230995 -34.304785 8.846353 116.052512 -2.485816
1 -31.565983 0.430636 65.847938 13.377063 475.623649 0.673738 -59.167764 1.441229 374.387438 -2.485816
1 -9.760823 0.589062 -42.709870 2.633743 348.961116 0.785104 44.592465 14.055218 181.922540 -2.485816
1 -9.586888 0.467903 42.360343 0.080541 132.175430 0.718747 19.254906 4.260400 358.665677 -2.485816
1 -719.625976 0.784483 3.182994 0.058868 369.074337 0.160077 67.775828 6.204032 460.239265 -2.519183
1 -14.712624 0.220081 16.851936 8.580301 348.769816 0.063814 77.911229 3.668861 405.509080 -2.519183
1 -103.685133 0.739532 81.055766 10.497296 314.980228 0.615261 4.477941 0.549383 309.388446 -2.519183
1 -9.193025 0.403844 78.353735 2.175993 409.508125 0.147415 89.419067 14.621091 121.876582 -2.519183
1 -8.888838 0.118767 7.488382 2.275401 315.922942 0.709101 -29.513719 13.188212 410.659319 -2.519183
1 -275.582930 0.507760 -44.727798 3.660429 105.623733 0.520322 -32.750123 1.137386 378.291815 -2.519183
1 -8.555754 0.731765 -24.520598 13.673834 236.301448 0.321269 -6.466872 3.708664 413.215579 -2.519183
1 -15.448789 0.536289 -82.719672 1.805030 405.778142 0.462927 -59.540389 8.227518 213.637522 -2.519183
1 -23.292549 0.774671 -20.399591 3.666055 416.238730 0.018266 41.925003 0.481152 143.669273 -2.519183
1 -11.460391 0.446112 72.343670 13.632699 170.486172 0.781540 27.099528 3.869496 383.393147 -2.519183
1 -11.501144 0.559083 -6.327379 14.089380 239.965082 0.325335 85.791144 3.042470 441.939127 -2.543187
1 -77.696831 0.557714 60.449113 9.493370 399.129427 0.246076 33.886582 1.329941 302.441450 -2.543187
1 -253.689307 0.246561 -38.730196 0.543274 345.630115 0.668326 -25.192086 2.331487 167.534244 -2.543187
1 -62.653363 0.172458 8.698968 6.933787 252.616849 0.398783 73.804459 0.704765 284.127309 -2.543187
1 -10.312278 0.300399 21.313361 11.900681 332.808049 0.521090 1.244824 1.662994 297.270017 -2.543187
1 -12.052308 0.523259 -78.835363 9.755014 491.479360 0.633383 82.569983 3.127975 426.868793 -2.543187
1 -22.903838 0.643897 -56.924800 9.768722 88.793661 0.797223 -7.863657 1.765284 401.313753 -2.543187
1 -9.890680 0.699863 -37.658363 3.000883 350.098483 0.614527 -67.946312 8.139656 195.154524 -2.543187
1 -128.648437 0.500643 73.894147 0.651820 325.937106 0.451596 70.301965 6.670304 307.878485 -2.543187
1 -140.230046 0.202653 -3.113746 10.710166 275.222761 0.612676 -55.965017 0.560942 310.517226 -2.543187
1 -10.895893 0.705560 -13.967264 1.931262 315.851105 0.126992 -86.414129 13.687428 429.080096 -2.551027
1 -16.424011 0.700624 52.071261 1.791585 458.805368 0.049376 -16.522867 9.810845 96.074690 -2.551027
1 -11.568776 0.786177 37.310765 3.692714 254.231237 0.720043 5.816646 2.031256 260.426331 -2.551027
1 -80.734377 0.263004 5.257964 7.871705 230.872931 0.534979 61.873670 0.615217 317.317035 -2.551027
1 -9.775092 0.728970 42.612363 3.387100 66.563005 0.781252 13.612479 2.584837 344.002110 -2.551027
1 -35.917488 0.086721 63.005773 14.786120 357.113042 0.660155 -28.458991 2.282105 429.856204 -2.551027
1 -6.512121 0.175904 14.361037 0.289111 186.008138 0.610281 9.630545 7.874162 391.927743 -2.551027
1 -6.153046 0.541516 -2.698389 3.230436 373.414088 0.772750 81.794079 4.245068 155.722595 -2.551027
1 -15.189815 0.501739 68.389669 1.242655 319.857179 0.478871 58.549589 6.659881 317.163296 -2.551027
1 -34.543349 0.782409 -81.514386 14.172277 460.168252 0.369063 -58.779118 0.773916 352.222282 -2.551027
1 -76.212474 0.012538 5.757650 3.988623 462.373997 0.313550 36.328168 12.733460 191.113664 -2.566636
1 -13.485039 0.749503 39.537729 3.001000 345.384836 0.048596 19.701251 10.978316 16.331317 -2.566636
1 -135.099484 0.025658 76.758538 0.327107 249.179739 0.667238 -44.254422 2.714747 305.476903 -2.566636
1 -6.900888 0.243880 5.022398 7.273397 221.692321 0.548251 60.230985 1.150297 309.766103 -2.566636
1 -15.284114 0.120507 88.538536 3.431594 451.975270 0.727302 62.449536 0.491963 100.959811 -2.566636
1 -32.990651 0.162570 52.105184 0.372394 235.196996 0.304118 -11.736094 0.780590 49.721961 -2.566636
1 -10.241800 0.244279 5.667161 2.280893 210.518384 0.764393 10.460157 4.890926 366.521201 -2.566636
1 -6.277974 0.580162 -4.348793 2.648298 337.167304 0.015965 85.724125 3.905277 163.004528 -2.566636
1 -24.213944 0.055648 51.122555 1.547030 362.726927 0.495906 57.026728 4.951533 210.033674 -2.566636
1 -136.193047 0.013425 71.421175 14.346791 412.952117 0.272192 -43.589667 1.426472 347.573107 -2.566636
1 -17.395210 0.115630 -75.844400 3.061677 400.348286 0.461239 -72.568666 5.041318 275.506127 -2.587012
1 -17.332166 0.296111 -73.438063 2.849391 418.224865 0.660440 -17.132136 5.876390 210.588121 -2.587012
1 -26.623746 0.079819 63.066104 14.515623 28.975967 0.361666 78.348956 2.113748 333.596870 -2.587012
1 -15.386399 0.272343 -8.526844 9.010942 126.091235 0.541951 67.709147 1.356899 396.579532 -2.587012
1 -10.121665 0.793875 -87.653563 3.430114 491.532238 0.703021 59.431431 0.420680 157.062622 -2.587012
1 -8.558880 0.756853 -64.982623 8.083588 68.516529 0.767214 13.887337 1.247805 266.701477 -2.587012
1 -10.114032 0.232590 4.817399 1.937433 225.692916 0.763224 8.391666 5.326303 355.920349 -2.587012
1 -25.277066 0.375357 -50.426994 0.909351 257.145368 0.689150 65.535359 2.227278 365.470900 -2.587012
1 -89.080821 0.659084 -20.460992 0.644519 435.290036 0.377778 -61.318331 9.606369 141.027711 -2.587012
1 -116.880110 0.242441 -31.320318 1.341019 368.434061 0.588803 20.960045 12.705310 73.887668 -2.587012
1 -14.129381 0.102231 -25.155782 4.482970 373.190020 0.327821 -20.661208 3.736489 301.752055 -2.602627
1 -9.235683 0.405799 11.321443 7.626675 473.656687 0.796066 -39.694596 0.734903 193.290521 -2.602627
1 -8.195090 0.106877 9.046068 14.649022 43.504198 0.464041 -0.774199 1.809226 334.893364 -2.602627
1 -118.010590 0.494748 -60.169234 11.146698 135.222792 0.789233 73.882823 0.919708 396.920937 -2.602627
1 -6.142106 0.423563 -57.854150 7.987290 488.310860 0.587671 23.725230 1.342918 201.946695 -2.602627
1 -18.492220 0.367528 -39.415379 1.922596 355.909701 0.689950 75.418464 3.289405 135.513105 -2.602627
1 -22.630036 0.086710 31.870938 1.842363 345.881238 0.690498 53.556990 14.495520 359.822135 -2.602627
1 -11.003208 0.713694 -24.476703 5.268972 440.725933 0.032576 32.955614 4.303735 187.486222 -2.602627
1 -39.152790 0.735404 -42.826489 1.829205 476.991228 0.393454 -68.533207 6.753294 108.571976 -2.602627
1 -11.822903 0.790814 -38.876265 6.759347 458.583039 0.572449 89.618124 11.845232 347.309674 -2.602627
1 -18.309398 0.296889 -84.072281 6.274160 412.011676 0.059466 53.504231 1.493379 277.326905 -2.624365
1 -24.211202 0.537379 -15.455639 7.227467 449.769830 0.739902 -1.856837 1.278539 244.759766 -2.624365
1 -8.812986 0.033863 45.542086 14.191689 21.520348 0.517984 -29.470405 3.001530 386.968563 -2.624365
1 -8.561745 0.095440 57.851616 3.369315 235.515982 0.108503 -88.930207 3.408252 379.823061 -2.624365
1 -24.880404 0.522860 -74.347475 13.553170 413.189430 0.698268 51.683808 2.432397 287.894951 -2.624365
1 -10.931422 0.494198 -37.763005 1.735104 317.304381 0.129625 81.499923 13.891190 197.106690 -2.624365
1 -21.096633 0.516164 23.697674 1.885936 307.759639 0.472440 -87.337101 14.403011 366.862237 -2.624365
1 -6.736900 0.748092 4.231558 0.378164 220.362602 0.552622 42.666393 14.803038 234.205380 -2.624365
1 -62.844183 0.725518 -40.370434 1.881287 476.370566 0.409327 -71.537213 6.781969 105.996245 -2.624365
1 -174.413944 0.605412 -5.303429 13.915337 22.185222 0.653956 -21.482065 0.630876 350.488744 -2.624365
1 -8.710607 0.590785 -80.111027 5.828759 153.293156 0.709885 -1.772793 1.876642 333.549902 -2.634053
1 -35.894753 0.285147 77.756713 2.041839 332.745625 0.374443 -1.995669 9.330549 251.650980 -2.634053
1 -12.665773 0.698345 26.315667 12.037477 490.455903 0.496283 -35.165214 1.911771 273.949096 -2.634053
1 -9.600387 0.223381 -12.856915 2.674717 305.130999 0.788230 74.902537 5.015635 414.156582 -2.634053
1 -6.897808 0.601513 -8.469198 1.752142 305.987943 0.117810 36.117051 6.074878 214.503376 -2.634053
1 -11.470190 0.525004 -49.026785 7.016222 485.025380 0.243290 21.810891 10.853052 360.203293 -2.634053
1 -30.913744 0.639766 -17.904318 1.487036 399.267351 0.310433 -54.852601 3.102116 24.788867 -2.634053
1 -15.401439 0.772210 -54.236932 1.341523 302.920393 0.792250 32.370135 7.085970 343.010795 -2.634053
1 -14.150596 0.642034 3.729830 14.316307 132.847401 0.649752 -35.656220 2.744609 383.698760 -2.634053
1 -14.730758 0.786046 -63.060761 2.716864 225.491947 0.266706 1.091712 6.650091 487.198824 -2.634053
1 -11.616701 0.228061 -39.906053 4.737279 419.856438 0.084364 73.621339 9.714440 366.747096 -2.667156
1 -128.494441 0.229303 55.068243 0.152063 256.229737 0.433907 12.706253 9.582921 273.353843 -2.667156
1 -14.303174 0.696199 28.381847 11.848273 482.325861 0.539072 -34.700541 1.603476 277.184592 -2.667156
1 -39.291571 0.234145 -12.427493 0.735430 187.807995 0.709153 31.095469 1.286165 400.051872 -2.667156
1 -159.509667 0.577828 12.059477 9.774224 104.484032 0.037774 66.930064 1.096065 382.254774 -2.667156
1 -35.983428 0.446136 58.360757 3.630981 239.472706 0.721089 17.110876 1.625623 402.546864 -2.667156
1 -14.850539 0.674906 -83.594894 2.009026 420.535032 0.316089 -40.620376 1.806580 162.644431 -2.667156
1 -5.747943 0.682232 -21.101486 1.108394 240.422533 0.151567 18.332243 7.644974 361.111735 -2.667156
1 -28.419344 0.793797 -4.641565 9.789173 443.035482 0.726490 -7.448041 1.587241 288.170978 -2.667156
1 -111.518877 0.544515 67.890273 9.407843 303.826643 0.531286 -68.667361 0.932660 330.651317 -2.667156
1 -47.694351 0.033094 -42.669675 11.524008 12.616730 0.087632 -57.385003 1.134895 300.037337 -2.697166
1 -237.347405 0.069599 -43.630812 0.456122 463.355371 0.434617 21.294227 8.004145 214.667285 -2.697166
1 -14.045682 0.750625 -5.850562 0.973014 225.908267 0.755246 -41.533645 1.620522 261.241585 -2.697166
1 -14.016087 0.731157 -32.051541 10.845095 273.603813 0.608386 82.881771 2.050948 404.145119 -2.697166
1 -120.011697 0.374850 -4.852829 7.270867 134.407735 0.049261 89.972731 1.658500 383.654444 -2.697166
1 -5.551684 0.031499 35.999976 14.010288 311.935652 0.674420 -15.696933 2.481203 318.986342 -2.697166
1 -21.493638 0.275474 -33.859128 1.988763 345.923219 0.309526 -30.610687 1.739597 147.070865 -2.697166
1 -21.112208 0.727512 41.560735 0.652986 180.986607 0.144137 -33.589014 13.368928 492.739769 -2.697166
1 -11.908154 0.714780 -44.252429 1.632692 310.061218 0.513400 3.829524 9.496036 83.716595 -2.697166
1 -15.380787 0.665785 52.206468 2.408928 291.233704 0.493450 -0.053690 6.928941 306.957974 -2.697166
1 -217.483460 0.795879 -61.063080 0.434280 381.852813 0.610845 -23.754419 3.698392 243.842822 -2.751273
1 -10.209938 0.715752 -24.866638 3.216675 373.299066 0.571332 -29.192457 10.927956 235.808058 -2.751273
1 -21.448847 0.672447 -48.793742 0.296767 227.502554 0.005353 -18.244958 4.019852 262.625937 -2.751273
1 -121.780417 0.195940 -7.554800 0.584505 279.206995 0.036473 75.877685 12.782917 358.744051 -2.751273
1 -8.585792 0.412759 55.822458 5.416398 260.409216 0.797895 -31.324094 0.548483 245.514869 -2.751273
1 -15.292824 0.335231 -27.139940 0.631241 246.776144 0.680905 -28.665466 1.701565 198.279070 -2.751273
1 -22.252612 0.681687 -18.590430 0.250067 285.141837 0.795264 -52.302610 3.224255 89.994390 -2.751273
1 -90.912431 0.339305 77.063092 0.320341 207.785176 0.671254 64.795558 2.956932 348.654991 -2.751273
1 -19.160642 0.618258 -47.192261 1.630196 335.409036 0.559873 13.741159 10.128297 98.577032 -2.751273
1 -5.278139 0.766195 -9.077543 0.772620 254.236608 0.103357 26.327586 12.940645 205.610346 -2.751273
1 -81.614870 0.397415 47.470847 1.108128 331.081481 0.341183 -65.080939 0.380234 94.795275 -2.791781
1 -11.018204 0.622106 -0.722889 9.720685 464.450145 0.089317 88.011299 7.055882 425.311166 -2.791781
1 -10.040035 0.693811 -27.298928 0.799616 289.866710 0.392967 -18.346649 9.941823 49.190420 -2.791781
1 -9.390700 0.004448 40.790868 3.292017 409.881609 0.772734 54.201265 14.534335 397.629382 -2.791781
1 -6.837567 0.335603 60.876916 8.520511 209.481688 0.185883 -16.691200 2.728030 378.211473 -2.791781
1 -4.518567 0.478909 -5.237505 8.295387 379.707783 0.412268 31.076058 0.183486 174.195978 -2.791781
1 -5.989826 0.535957 -18.980573 1.716794 285.923852 0.195866 -81.973848 6.763252 276.815387 -2.791781
1 -93.797912 0.055189 46.758368 0.408097 188.523656 0.227678 52.146463 9.609584 495.873774 -2.791781
1 -16.408747 0.795242 -48.263110 0.481338 271.440419 0.510447 -9.085034 7.882535 165.181403 -2.791781
1 -4.927214 0.792132 -14.207066 1.327271 268.527888 0.114472 8.132004 11.947318 207.999507 -2.791781
1 -12.737968 0.387817 -14.608076 1.051180 288.675002 0.209065 -83.369516 0.966864 94.758384 -2.836292
1 -13.247727 0.650325 -5.804511 4.967110 302.457720 0.209395 -49.381604 7.867730 497.691248 -2.836292
1 -9.706229 0.192348 11.564374 4.976556 498.263126 0.689197 -51.079537 14.373211 91.727663 -2.836292
1 -13.361058 0.799648 38.741458 4.534586 367.610718 0.448865 46.222774 11.217121 304.955692 -2.836292
1 -7.677045 0.748608 -16.421684 2.957972 318.689652 0.520165 -31.528025 12.270991 389.415733 -2.836292
1 -24.547631 0.451383 28.366465 2.569354 460.094141 0.335779 -4.264875 8.857567 59.535566 -2.836292
1 -12.088934 0.658428 -46.462101 12.283605 244.378958 0.227298 -37.350911 1.042557 283.598345 -2.836292
1 -13.949387 0.653166 -8.785435 11.045978 468.723606 0.216634 -51.659354 6.429121 419.209276 -2.836292
1 -13.544865 0.139624 80.544143 2.669452 167.199302 0.560937 22.930114 2.217273 306.049581 -2.836292
1 -39.826947 0.106423 2.878413 2.703630 11.566218 0.422293 -87.125841 2.412954 412.629363 -2.836292
1 -17.439273 0.215050 -35.629656 14.037032 223.878251 0.509698 -51.033415 1.695888 376.059094 -2.997145
1 -9.024568 0.472607 -22.622435 5.900814 490.047418 0.653637 -78.898440 11.848082 249.312773 -2.997145
1 -5.018352 0.783056 -16.870233 1.092209 264.966211 0.664088 -62.995729 0.662330 76.669373 -2.997145
1 -71.680028 0.012548 34.743300 2.804627 400.846643 0.594697 68.123170 11.096444 232.460107 -2.997145
1 -33.761512 0.087124 40.329674 4.023575 144.940149 0.763691 -30.866422 1.643498 389.292757 -2.997145
1 -24.033410 0.453356 27.784614 2.794864 472.589117 0.323284 -8.741306 8.674635 59.424314 -2.997145
1 -18.665589 0.004020 55.335497 14.755515 214.642303 0.105370 -77.565183 2.122931 355.993561 -2.997145
1 -134.859292 0.222562 69.411595 9.822190 187.692073 0.016386 18.727170 3.163222 431.511999 -2.997145
1 -13.293392 0.038068 72.710455 4.034535 150.190346 0.683865 -8.937095 1.659509 345.582253 -2.997145
1 -7.090116 0.307587 -13.166398 0.342398 196.573373 0.187261 89.875343 0.148248 107.380938 -2.997145
1 -12.491873 0.764213 -11.880974 7.193119 107.514850 0.459374 -43.803116 3.481635 406.202334 -3.095831
1 -8.678461 0.465615 7.354687 2.788927 267.087410 0.394466 5.848577 6.367406 376.856056 -3.095831
1 -17.760138 0.638545 -68.347334 1.516866 372.506399 0.015010 -66.564366 12.732037 89.125549 -3.095831
1 -19.052409 0.092230 28.161861 4.403983 471.376545 0.541275 -75.045105 8.438999 142.697548 -3.095831
1 -13.575095 0.137087 -39.459738 8.724157 486.527099 0.704104 -29.367399 4.568664 310.779257 -3.095831
1 -18.364165 0.432692 35.422595 2.891908 472.111470 0.285204 -18.771811 9.635516 56.010475 -3.095831
1 -13.040599 0.159840 76.449931 0.227298 156.634564 0.773456 -83.277794 3.057653 324.283452 -3.095831
1 -7.957213 0.475799 -14.984484 5.681111 487.875573 0.786136 -81.713837 11.592929 234.663838 -3.095831
1 -14.487970 0.015785 71.571890 4.141956 159.972703 0.690439 -7.672523 1.513476 344.152948 -3.095831
1 -32.216402 0.718613 -27.973023 0.508223 326.738415 0.771755 -79.995380 10.808594 28.654524 -3.095831
1 -8.996220 0.710774 -0.380926 7.310789 89.408299 0.323723 -33.118683 3.620871 422.202547 -3.256196
1 -15.442524 0.258904 57.513388 2.332267 376.312347 0.330417 6.083479 6.217461 264.648657 -3.256196
1 -39.527727 0.592946 -81.796426 0.723400 304.637688 0.016979 -32.338232 12.777789 115.225903 -3.256196
1 -15.889895 0.164741 32.563708 3.203156 403.813490 0.478639 -64.947979 6.286624 101.974663 -3.256196
1 -8.409711 0.182616 -44.628918 8.526357 482.240896 0.695768 -22.860557 4.828779 302.797046 -3.256196
1 -23.772383 0.426652 61.207345 1.053259 396.923106 0.306264 -31.931463 9.211869 61.787122 -3.256196
1 -11.155724 0.212736 37.460923 0.553257 140.378283 0.764021 -73.907788 0.944153 312.683759 -3.256196
1 -7.567790 0.419422 -23.717027 5.309297 481.671564 0.724340 -68.605309 14.215750 171.657003 -3.256196
1 -15.140625 0.078255 33.421482 6.586275 138.774056 0.639768 -43.306695 1.786009 329.612256 -3.256196
1 -10.251572 0.530225 -12.377012 1.764390 347.147011 0.544403 1.732076 3.137260 81.260573 -3.256196
1 -30.514387 0.010858 -16.737271 4.101072 112.315856 0.431016 -27.416155 2.869920 449.038225 -3.441726
1 -60.077502 0.174995 63.633984 1.883344 351.184850 0.432214 41.883589 9.663308 255.092814 -3.441726
1 -10.273910 0.603567 -82.145023 0.917249 306.540160 0.015751 -31.944709 12.513871 118.901519 -3.441726
1 -14.166741 0.285197 -12.977537 3.273942 302.945231 0.149407 -79.248836 8.492664 482.263840 -3.441726
1 -15.094956 0.756445 -42.813168 10.075723 495.880672 0.638265 -34.030758 4.603641 277.035920 -3.441726
1 -18.049151 0.253174 -79.581555 2.078937 396.150433 0.705212 -28.148411 11.393453 178.067947 -3.441726
1 -30.032611 0.148024 19.674491 14.157936 154.198133 0.175873 -78.644248 1.402461 319.392427 -3.441726
1 -9.371279 0.392846 -37.335078 5.244872 470.909061 0.706238 -67.288010 13.944643 200.943047 -3.441726
1 -7.465410 0.277347 33.716949 2.816362 256.413895 0.717179 -29.940236 2.310025 281.390230 -3.441726
1 -5.993589 0.734842 -11.750035 1.193615 303.194914 0.518751 58.207647 3.699364 35.707203 -3.441726
1 -11.266274 0.708288 -17.774123 2.976374 180.942603 0.481919 -7.896502 5.028323 433.603246 -3.553301
1 -10.428598 0.674218 16.665263 3.156451 366.680208 0.337931 -50.549947 6.011485 144.925216 -3.553301
1 -12.203129 0.798182 -88.389799 0.602062 318.379698 0.008794 -38.361899 10.122289 71.251870 -3.553301
1 -19.852597 0.278840 -10.369550 3.818791 321.587945 0.232338 -87.087616 8.786165 494.794078 -3.553301
1 -13.150766 0.566098 -67.542318 12.486565 154.173399 0.779182 31.527086 3.590179 379.560013 -3.553301
1 -9.707147 0.210478 85.887471 1.765817 328.933910 0.611169 -43.995918 10.315398 186.867901 -3.553301
1 -7.205310 0.193024 42.377101 3.397765 138.080151 0.435318 84.488072 0.983396 285.482416 -3.553301
1 -9.536737 0.444595 -24.746138 2.630267 359.317436 0.792384 82.151438 3.555482 162.040111 -3.553301
1 -30.012780 0.315008 46.329365 0.337163 205.076604 0.747036 26.536635 2.002782 166.635327 -3.553301
1 -13.042475 0.591277 86.113898 3.516517 499.725848 0.157729 49.337270 5.680395 237.112398 -3.553301
1 -15.514248 0.064515 7.012486 3.415257 214.726931 0.667022 -42.186155 3.452536 363.824595 -3.670899
1 -16.119988 0.279275 -21.296728 5.144827 392.073077 0.388823 -6.405521 0.685658 209.781427 -3.670899
1 -18.311595 0.722558 86.701984 0.511565 315.098067 0.729952 -44.237186 9.450406 61.634732 -3.670899
1 -6.568770 0.299564 1.255281 3.505415 316.699746 0.203671 -86.966753 9.292670 481.008447 -3.670899
1 -16.204179 0.481398 -72.919682 12.848668 131.809089 0.716627 27.772100 2.653794 358.064275 -3.670899
1 -11.351096 0.519058 10.645915 2.149552 301.590211 0.797923 30.987972 14.393244 346.855568 -3.670899
1 -9.231650 0.136415 39.294995 4.686255 146.345256 0.448234 -88.682111 0.959470 277.457311 -3.670899
1 -8.342472 0.386098 1.776836 2.477135 359.804743 0.028384 -74.672513 3.606950 100.075626 -3.670899
1 -6.635221 0.311752 2.239103 0.196990 221.621299 0.111643 62.499608 12.654095 179.708537 -3.670899
1 -8.794619 0.733926 -87.743040 0.892351 356.634883 0.388752 40.867211 12.293247 57.839671 -3.670899
1 -22.149642 0.667817 -25.083388 0.770444 146.004136 0.215888 -52.659318 2.626617 368.182629 -3.787850
1 -5.785439 0.310434 1.996401 0.240498 223.215411 0.116362 62.075289 12.653550 177.587458 -3.787850
1 -12.922595 0.766627 57.818747 2.446495 401.197596 0.714515 -37.007003 12.168713 450.453435 -3.787850
1 -11.804143 0.332405 -28.433422 3.592958 325.824680 0.285448 -64.255965 8.139136 409.602107 -3.787850
1 -11.473144 0.688136 66.735344 2.589813 463.057577 0.598627 15.774373 2.638920 173.443178 -3.787850
1 -9.394923 0.488225 8.488763 2.390252 299.655548 0.755886 33.791449 14.091922 363.175129 -3.787850
1 -12.047625 0.044011 54.271642 3.828785 200.838408 0.401316 -73.416883 1.676561 321.756262 -3.787850
1 -16.404511 0.715485 -19.288517 4.471250 445.844050 0.483489 -29.721758 5.699984 144.201797 -3.787850
1 -3.977615 0.358930 13.796930 0.451049 223.278470 0.007448 57.963119 12.183811 276.219290 -3.787850
1 -11.564891 0.773851 -77.836492 1.012986 391.453034 0.271437 31.134268 12.411931 48.173397 -3.787850
1 -51.467451 0.728085 -39.933882 0.471234 143.894521 0.183909 -45.222637 2.376495 349.489238 -3.936738
1 -4.449972 0.497640 24.059148 0.629048 37.757358 0.423111 -14.597931 0.980228 272.125221 -3.936738
1 -13.268211 0.326960 -57.412673 2.089920 309.785306 0.092153 72.174023 2.664626 223.127445 -3.936738
1 -9.592914 0.233720 8.481366 3.248365 293.768397 0.513182 -82.949674 6.428468 484.804114 -3.936738
1 -17.855226 0.777431 -25.463086 3.555949 425.225059 0.133025 16.535282 14.054813 202.675166 -3.936738
1 -12.746325 0.552918 24.152509 3.311292 312.311503 0.196485 -1.343677 10.140072 434.547203 -3.936738
1 -6.392406 0.032858 45.991772 3.277182 210.917749 0.384803 81.311181 1.272546 274.127983 -3.936738
1 -10.595458 0.497676 10.683813 4.140092 437.383137 0.462828 -51.698148 11.770554 50.543580 -3.936738
1 -5.026551 0.270631 4.109714 0.534636 231.385280 0.048300 0.469772 8.428673 248.449963 -3.936738
1 -18.534418 0.791613 -76.023942 0.045933 277.196247 0.353569 29.544521 11.336233 114.630859 -3.936738
1 -3.511801 0.277597 16.767137 0.720123 240.026119 0.085294 34.695287 8.896135 202.457835 -4.136804
1 -16.976072 0.434479 38.942433 10.015437 126.870339 0.668652 -20.827943 0.487934 290.260050 -4.136804
1 -15.561092 0.173951 -79.017915 7.395819 443.331265 0.082187 -32.585898 1.867623 243.129554 -4.136804
1 -16.163536 0.193628 -29.130842 2.836957 276.277942 0.510837 -67.868993 5.197517 472.181319 -4.136804
1 -9.397485 0.044149 -24.505276 4.637885 475.290462 0.185032 -1.421712 12.931977 222.761259 -4.136804
1 -11.763427 0.137040 -82.003747 3.522283 419.756482 0.432035 -82.714993 6.568560 297.850064 -4.136804
1 -12.595349 0.788239 31.608021 2.459000 295.314797 0.409160 -68.894510 10.937243 359.449466 -4.136804
1 -8.729472 0.178119 -36.040070 4.344678 467.291787 0.556741 82.660041 8.473770 71.102814 -4.136804
1 -6.045476 0.773446 -8.890229 1.441019 289.802024 0.413655 73.092807 4.290542 94.340409 -4.136804
1 -16.258469 0.597454 -55.920240 1.134516 293.147273 0.435000 24.056831 8.700861 326.856992 -4.136804
1 -3.369021 0.297761 5.024395 0.749961 248.972773 0.084618 33.707903 9.363256 168.220250 -4.436347
1 -7.418889 0.062696 -57.340336 1.123516 119.032967 0.715987 77.526077 2.253457 433.093765 -4.436347
1 -11.201390 0.277663 31.820817 10.949531 236.021580 0.797495 -3.881934 4.491558 423.452683 -4.436347
1 -6.008446 0.410693 -23.264135 3.904197 423.681611 0.098142 -72.402322 14.126877 13.136677 -4.436347
1 -14.168491 0.603427 11.798490 4.857840 460.725192 0.761890 45.989200 12.016250 118.919781 -4.436347
1 -16.964375 0.354829 -48.801847 6.411068 37.008208 0.174472 18.125905 3.596715 441.320125 -4.436347
1 -9.481378 0.591575 8.763147 5.894904 429.091356 0.182548 -76.678781 10.710946 400.992283 -4.436347
1 -7.605775 0.194854 2.434240 6.551696 399.219121 0.790394 -41.299259 6.731695 363.338121 -4.436347
1 -5.628301 0.773286 -26.658398 0.526299 228.936224 0.415275 -86.013278 3.584777 170.170323 -4.436347
1 -5.743303 0.609121 64.577959 12.875266 87.731140 0.399336 -5.197652 1.263634 305.529603 -4.436347
1 -3.166117 0.300624 5.318176 0.723135 245.063843 0.015753 2.851876 9.401200 161.423733 -4.853933
1 -11.526835 0.085466 -65.522918 1.366575 120.869369 0.753748 77.998780 1.484589 414.710618 -4.853933
1 -7.814010 0.157923 46.000502 12.141073 275.936651 0.750547 -35.852394 4.347308 388.111930 -4.853933
1 -6.344450 0.487528 -12.700187 1.591500 325.004666 0.263489 -70.295383 13.141217 70.997068 -4.853933
1 -10.627468 0.721646 17.696551 1.987102 251.215958 0.764296 2.001895 5.655801 320.882638 -4.853933
1 -7.612222 0.574194 -22.179376 2.769312 372.000707 0.232217 -28.268741 0.242400 31.711795 -4.853933
1 -13.011057 0.567863 6.205828 7.612186 470.008902 0.234822 -85.868927 8.801301 411.247003 -4.853933
1 -7.742900 0.216589 4.437255 4.945450 342.851461 0.750506 -33.138175 6.717485 378.375786 -4.853933
1 -5.541254 0.299669 -25.364832 12.929723 336.321988 0.761061 -14.239145 3.354796 337.037007 -4.853933
1 -5.033460 0.600962 64.990644 13.004108 88.712700 0.369736 -8.153522 1.303772 303.235279 -4.853933
1 -9.620447 0.255583 9.194562 3.911105 178.461573 0.665583 -31.928435 7.163492 497.911788 -5.449068
1 -5.832774 0.416666 -18.950449 2.167831 290.869166 0.653020 16.437901 5.047495 253.475880 -5.449068
1 -11.445847 0.140575 -79.255787 3.721706 423.033158 0.152906 25.606868 13.734354 378.784491 -5.449068
1 -5.009109 0.464718 -15.698079 1.504823 308.410676 0.265372 88.989123 13.227261 27.693632 -5.449068
1 -8.682465 0.615289 3.390765 1.174593 232.951845 0.228186 -26.366111 10.547217 487.350108 -5.449068
1 -9.143934 0.557725 -25.528618 3.342686 403.603415 0.311900 -32.024379 14.634167 57.475255 -5.449068
1 -10.377599 0.607615 -57.101436 0.983009 156.755121 0.460221 -10.014122 3.993150 391.324519 -5.449068
1 -12.501338 0.572770 66.638629 4.406828 440.023663 0.687804 -8.401548 3.406081 282.516769 -5.449068
1 -17.616908 0.347730 -89.990982 10.110791 467.800505 0.112945 -64.553480 1.084528 227.671481 -5.449068
1 -10.420167 0.452637 -25.633601 10.720739 96.628561 0.556505 -85.404052 0.991095 330.400251 -5.449068
1 -7.894591 0.344211 6.043474 3.321016 179.310654 0.656275 0.822009 6.941291 474.438611 -5.927045
1 -8.497637 0.457426 19.199740 0.452946 194.009252 0.518439 2.052034 1.619745 231.868290 -5.927045
1 -5.053365 0.229875 -6.690831 12.095009 499.432141 0.303169 2.086902 0.251849 179.336501 -5.927045
1 -4.971563 0.450571 -12.079210 1.782388 319.298415 0.258052 89.855547 12.785938 27.335386 -5.927045
1 -4.774545 0.451374 -11.055110 1.728058 270.864791 0.112650 -25.136228 14.403005 418.611405 -5.927045
1 -4.593244 0.757279 -20.410834 7.753162 99.726119 0.383836 -13.620530 1.299642 279.324564 -5.927045
1 -12.500621 0.679570 22.533074 8.957361 495.230050 0.527298 -75.122695 11.660274 488.389520 -5.927045
1 -6.029965 0.527013 -17.550630 3.500399 382.494602 0.476118 10.226826 8.935379 193.788890 -5.927045
1 -5.660081 0.432882 26.214700 10.061807 84.010770 0.773548 3.589541 0.456521 266.680580 -5.927045
1 -10.541593 0.445048 -24.141398 10.645462 92.799025 0.565932 -85.548692 1.100083 331.186381 -5.927045
1 -6.650201 0.315308 4.494486 3.598989 183.408725 0.676427 -2.416737 7.076778 474.875781 -6.353932
1 -7.024655 0.122674 1.343754 8.965127 350.867046 0.630531 -20.219963 4.305254 369.493241 -6.353932
1 -6.862553 0.787737 35.240016 0.235838 173.690380 0.079964 -78.157585 3.448076 301.062810 -6.353932
1 -9.465865 0.493080 -10.841904 2.656896 295.286172 0.091781 -74.738396 10.967927 497.986943 -6.353932
1 -4.961068 0.647773 -13.046966 13.250508 243.373785 0.719525 -11.190582 0.067811 216.050512 -6.353932
1 -3.726172 0.761643 -19.177488 7.316006 86.342372 0.365321 -10.262675 0.805673 253.255946 -6.353932
1 -11.672669 0.680386 21.950663 8.938828 494.686449 0.527045 -74.503723 11.626898 487.526292 -6.353932
1 -5.200288 0.463615 -10.297684 2.673383 357.528873 0.206191 -27.551930 9.239900 49.030135 -6.353932
1 -4.485235 0.434020 24.388483 9.748460 95.706214 0.751036 -4.179446 0.551522 258.973146 -6.353932
1 -8.123467 0.269331 -46.242017 10.209530 164.789880 0.729914 67.837962 1.185267 361.490687 -6.353932
1 -6.629110 0.192132 30.431881 1.890004 183.424423 0.746442 -3.027163 8.323984 470.692212 -6.855995
1 -7.440180 0.120444 4.848259 7.899833 362.270476 0.612398 -24.971048 5.373608 392.335663 -6.855995
1 -3.677996 0.000705 -19.016931 7.566467 53.465660 0.359963 -8.075059 1.012799 272.655628 -6.855995
1 -13.591393 0.233182 21.790179 12.691528 274.208267 0.693273 -78.579101 2.160395 443.957457 -6.855995
1 -8.098063 0.675125 -72.609938 14.114142 291.012085 0.757563 8.933048 2.761824 343.104299 -6.855995
1 -8.596110 0.125563 14.774079 7.788004 335.308565 0.622877 -30.594070 5.320696 405.542805 -6.855995
1 -10.462328 0.679838 9.585551 4.851902 453.236329 0.505499 -46.294699 13.961251 14.233898 -6.855995
1 -8.062196 0.401500 -4.061158 2.272573 362.944708 0.269327 -52.827394 9.306936 14.989329 -6.855995
1 -4.959536 0.365332 9.479502 9.358987 99.865991 0.762275 -20.272411 0.800132 259.277034 -6.855995
1 -8.924642 0.263064 -44.719766 10.201694 163.982600 0.729928 66.622231 1.146849 362.118677 -6.855995
1 -9.232037 0.083565 34.211345 1.392544 198.350364 0.670437 5.585630 10.231273 497.192886 -7.294007
1 -6.770370 0.115229 2.217494 9.082240 436.217720 0.477250 -30.704105 5.387843 373.562371 -7.294007
1 -3.479574 0.037845 -16.420452 7.506954 81.257502 0.356344 -7.018096 0.958069 262.845185 -7.294007
1 -9.927885 0.212618 23.208402 12.899922 282.502510 0.680192 -78.626332 2.511689 454.552674 -7.294007
1 -5.518147 0.728271 -29.912029 11.546212 36.018841 0.715518 -16.385542 2.911700 356.411215 -7.294007
1 -5.548648 0.409461 -5.090118 1.137979 287.965051 0.599671 -51.922997 10.857211 190.374988 -7.294007
1 -8.190114 0.692157 3.689007 4.948914 451.643783 0.501681 -40.767267 14.525802 45.283261 -7.294007
1 -6.021726 0.781298 -18.669348 2.851736 354.914139 0.775182 -33.805545 4.198448 59.341909 -7.294007
1 -3.869706 0.378503 -3.233894 9.667985 118.271459 0.734217 0.166877 0.152763 225.124737 -7.294007
1 -9.981002 0.304009 -50.666148 10.043249 194.539419 0.744277 60.610431 0.961496 347.972340 -7.294007
1 -4.705965 0.141391 35.321637 0.999226 198.479413 0.622485 -11.996022 11.453996 485.525856 -7.731978
1 -8.428115 0.317359 -26.869705 10.166146 442.377715 0.541013 -38.837001 5.237958 360.275137 -7.731978
1 -3.763443 0.042113 -22.362275 8.028865 54.588791 0.321201 -9.457858 0.939956 267.888373 -7.731978
1 -7.157392 0.626587 55.540590 6.555395 416.926608 0.716239 85.503267 0.053662 194.495499 -7.731978
1 -8.203345 0.583633 -45.719451 10.382700 39.597987 0.715605 -15.012737 2.647674 371.141407 -7.731978
1 -5.375775 0.430352 -7.374051 1.972129 312.164855 0.597640 -46.748600 11.113963 180.242338 -7.731978
1 -6.957250 0.612520 -12.762796 6.428317 410.239418 0.445463 -45.647632 13.050322 470.331049 -7.731978
1 -8.475540 0.648047 -29.998048 4.153185 409.117049 0.792337 -34.801733 5.367350 127.062980 -7.731978
1 -4.393235 0.361721 -4.923816 10.170451 90.224835 0.768197 15.448444 0.221891 211.006125 -7.731978
1 -8.322887 0.290208 -49.856710 9.876103 205.613548 0.745103 60.630997 0.884815 333.210054 -7.731978
1 -6.247038 0.131116 40.958387 0.989952 215.068117 0.641619 -8.427370 11.537650 482.518481 -8.121189
1 -7.411672 0.370706 -17.411780 9.685582 351.561516 0.364240 -29.276238 3.828905 364.781086 -8.121189
1 -3.546701 0.003012 -22.544649 8.030271 59.367926 0.304037 -7.020796 1.114728 278.768087 -8.121189
1 -5.997184 0.598627 68.897488 6.362272 386.341856 0.766691 77.507689 0.149265 200.514073 -8.121189
1 -5.586008 0.581341 -47.976199 10.555299 16.130547 0.783631 -17.341828 1.109123 290.194279 -8.121189
1 -5.696310 0.048308 -34.867035 5.692849 474.570411 0.501914 -11.842900 6.794469 269.310741 -8.121189
1 -6.150951 0.745085 6.939225 7.202228 412.562478 0.492490 -27.152842 13.444852 475.821908 -8.121189
1 -6.664597 0.631316 -26.789323 4.553901 416.085399 0.751179 -52.449146 5.409097 132.501311 -8.121189
1 -4.087237 0.356096 -5.323055 10.267323 84.828740 0.766322 18.077275 0.103867 214.437146 -8.121189
1 -6.195222 0.380484 -36.529380 7.871775 189.243722 0.673424 75.184881 0.832161 296.070860 -8.121189
1 -4.423185 0.189966 40.898514 0.850225 198.398261 0.647150 -20.305771 11.693734 484.423173 -8.493222
1 -6.458239 0.289333 -17.020772 9.172591 389.154063 0.317706 -28.062019 4.688641 377.982112 -8.493222
1 -3.640420 0.038726 -3.542801 9.580917 155.999305 0.345233 -3.549562 1.046603 270.549839 -8.493222
1 -6.342856 0.615224 75.085400 6.697656 388.324368 0.777897 76.463115 0.146527 207.137321 -8.493222
1 -4.537520 0.578915 -32.457325 12.561334 52.866272 0.740407 -18.051019 0.645183 250.467267 -8.493222
1 -6.168065 0.551474 13.815614 6.218437 121.589221 0.524442 -13.105026 2.372684 343.211053 -8.493222
1 -7.843286 0.492279 -34.979521 10.583792 435.132363 0.536813 -12.206894 6.082629 394.632793 -8.493222
1 -7.235729 0.245143 -19.940643 3.768887 426.639324 0.000207 -61.500037 14.422459 222.780222 -8.493222
1 -4.043256 0.360813 -6.760406 10.339114 83.953145 0.771889 19.199703 0.032190 212.879690 -8.493222
1 -7.449957 0.380796 -35.298297 7.686784 188.458463 0.690280 73.255202 0.622342 280.803948 -8.493222
1 -4.183647 0.203966 39.683526 0.924722 198.160973 0.648423 -19.371472 11.683129 485.633252 -8.910599
1 -6.739826 0.298663 -15.784540 9.249190 390.385627 0.320397 -26.876361 4.620712 376.990660 -8.910599
1 -3.781317 0.745754 -12.203925 8.611481 119.482441 0.297221 -11.686059 1.019328 263.074052 -8.910599
1 -5.474667 0.568024 60.033042 7.405444 396.160552 0.779878 77.175589 0.280822 216.284521 -8.910599
1 -6.251785 0.513324 -48.653041 11.769836 21.479811 0.654973 -20.640922 0.920636 282.794623 -8.910599
1 -5.282696 0.545199 13.900038 1.216021 156.641695 0.647978 -17.301215 1.598610 267.002679 -8.910599
1 -5.207774 0.367365 -55.842922 0.122826 61.311029 0.364304 -20.818398 0.826283 251.968802 -8.910599
1 -8.090644 0.234760 -23.587172 3.734817 419.254616 0.795921 -62.461324 14.537984 227.546140 -8.910599
1 -8.112847 0.256152 24.249241 1.414434 201.640282 0.241478 -33.881478 2.460618 301.017359 -8.910599
1 -8.027996 0.271338 -60.686443 9.364975 190.494515 0.528946 -32.395586 2.831712 353.508059 -8.910599
1 -5.836769 0.167693 41.197297 0.817462 214.188299 0.603913 -8.955111 12.520289 481.409542 -9.288894
1 -6.157207 0.411315 -12.942203 10.815445 465.792662 0.231289 -29.955556 5.561015 382.874175 -9.288894
1 -3.741734 0.007107 -22.020394 9.284991 116.471101 0.323966 -7.513447 0.851696 260.268135 -9.288894
1 -5.482104 0.512086 61.895419 7.422617 406.960067 0.793315 75.322141 0.390923 223.847995 -9.288894
1 -4.926895 0.489981 -58.961377 14.442282 91.302436 0.651459 -22.327735 0.916050 261.262526 -9.288894
1 -5.412400 0.520047 -3.134519 1.987900 152.273165 0.614715 -23.340446 1.167968 256.104766 -9.288894
1 -5.139491 0.384393 -55.664092 0.667762 64.572298 0.346211 -18.425585 0.770425 250.685243 -9.288894
1 -5.796191 0.372155 -9.857786 5.593195 488.744506 0.200887 -14.819900 13.176621 198.365684 -9.288894
1 -4.326415 0.230825 25.166560 3.002828 278.173111 0.260481 -41.170880 3.600790 317.860576 -9.288894
1 -4.433573 0.732500 -3.701207 8.532830 149.211122 0.345502 -1.331322 0.746365 256.960296 -9.288894
1 -5.194873 0.248700 -67.571559 0.392396 184.680737 0.643475 4.523243 10.811355 467.822487 -9.638269
1 -6.031597 0.440259 -0.290261 10.877172 460.866538 0.248669 -25.354670 4.633100 355.667174 -9.638269
1 -4.008690 0.018596 -81.479871 4.976512 40.273739 0.692515 11.436750 0.278424 226.511166 -9.638269
1 -7.031894 0.517235 69.147880 6.629227 410.755047 0.757103 75.434139 0.187210 211.996984 -9.638269
1 -3.498679 0.484819 -52.311577 12.873054 43.721565 0.648731 1.267517 0.252704 225.197700 -9.638269
1 -5.214850 0.510844 -9.293556 3.081745 114.550352 0.707237 -2.166524 0.657441 230.252744 -9.638269
1 -4.003869 0.352005 -49.214380 1.666303 114.311612 0.338670 -0.248105 0.633202 235.994680 -9.638269
1 -6.522712 0.344412 -20.195847 4.726912 464.117539 0.213668 -19.082700 13.649815 152.578061 -9.638269
1 -6.185053 0.328554 11.626357 2.021556 267.370421 0.358106 -32.656322 5.097429 291.534929 -9.638269
1 -3.505578 0.713465 -12.629170 7.880392 108.978925 0.235792 -6.228494 1.038874 266.776798 -9.638269
