#REFERENCE 3 154.2861480 39.0496310
   #ID       X         Y         R       EPS       TAU       AMP       E_AMP      DMAG  TIME[days]  DTIME    PARITY
   5.1    -0.034    -1.983     1.984     0.694     0.963    15.780    36.914      3.00      -9.8       0.0    ++
   5.1     0.176     0.312     0.358     0.574     0.701   169.403  3833.065      5.57       0.6      10.4    --
   5.1     0.716     0.641     0.961     0.000     0.000   349.498  6232.461      6.36       0.3      10.1    +-
   5.2    -1.404    -0.255     1.427     0.986     5.957   120.380  1147.303      5.20      -4.0       5.8    +-
   5.2    -0.759     1.515     1.695     0.971     4.084   172.095  3053.435      5.59      -5.6       4.1    ++
   5.2     0.328     0.036     0.330     0.827     1.470    90.380   748.463      4.89       0.3      10.1    --
   5.2     0.860     0.103     0.866     0.777     1.235    58.529   262.220      4.42       0.1       9.9    +-
   5.2    -0.427    -1.643     1.698     0.000     0.000    28.511    79.530      3.64      -5.3       4.5    ++
   6.1    -1.400    -0.215     1.416     0.947     2.958   152.015  2573.271      5.45      -3.9       0.0    +-
   6.1    -0.741     1.513     1.685     0.797     1.318   177.171  3835.739      5.62      -5.5      -1.6    ++
   6.1    -0.390    -1.660     1.705     0.765     1.189    27.607    75.872      3.60      -5.3      -1.5    ++
   6.1     0.308     0.041     0.310     0.472     0.535    91.668   650.989      4.91       0.3       4.2    --
   6.1     0.880     0.119     0.888     0.000     0.000   124.692  3545.605      5.24       0.1       3.9    +-
   6.2    -1.382     0.083     1.385     0.986     5.820   208.501  7619.938      5.80      -3.5       0.4    +-
   6.2    -0.733     1.428     1.606     0.958     3.334   201.724  1753.111      5.76      -4.4      -0.5    ++
   6.2     0.903     0.242     0.935     0.734     1.080    80.322   697.118      4.76      -0.1       3.8    +-
   6.2     0.257     0.097     0.275     0.698     0.975   113.351   988.905      5.14       0.2       4.1    --
   6.2    -0.261    -1.753     1.772     0.000     0.000    22.920    59.519      3.40      -6.3      -2.4    ++
   7.1    -0.788    -1.624     1.805     0.999    22.931    24.469    64.193      3.47      -7.2       0.0    ++
   7.1    -1.344     0.921     1.630     0.995    10.287   959.606  41402.023      7.46      -5.8       1.3    ++
   7.1    -1.547     0.298     1.575     0.000     0.000   106.863  1013.345      5.07      -5.8       1.4    +-
   7.2    -1.507     0.387     1.555     0.999    23.821   115.798  1108.668      5.16      -5.4       1.7    +-
   7.2    -1.313     0.926     1.607     0.999    23.460   422.809  4802.925      6.57      -5.5       1.7    ++
   7.2    -0.705    -1.670     1.813     0.000     0.000    22.641    56.901      3.39      -7.2      -0.0    ++
