#REFERENCE 0 154.2861480 39.0496310
5.1 154.2861603 39.0490800 0.067349 0.028642 178.48920 4.5000 0.98 
5.1 154.2860851 39.0497177 0.065881 0.034273 24.57086 4.5000 0.81 
5.1 154.2858917 39.0498090 0.069010 0.069004 124.10010 4.5000 -0.00 
5.2 154.2866501 39.0495602 0.294374 0.024536 104.76550 4.5000 -0.27 
5.2 154.2864195 39.0500520 0.208609 0.025170 44.53598 4.5000 0.07 
5.2 154.2860306 39.0496409 0.104669 0.032231 39.25863 4.5000 0.56 
5.2 154.2858404 39.0496596 0.128952 0.045671 137.16629 4.5000 -0.05 
5.2 154.2863008 39.0491745 0.075032 0.075001 136.37255 4.5000 -0.00 
6.1 154.2866488 39.0495713 0.176222 0.028977 97.31959 4.5000 -0.24 
6.1 154.2864130 39.0500514 0.107098 0.036030 39.81611 4.5000 0.06 
6.1 154.2862875 39.0491699 0.103568 0.037770 155.46220 4.5000 0.05 
6.1 154.2860379 39.0496423 0.061394 0.036781 10.65521 4.5000 0.65 
6.1 154.2858334 39.0496640 0.064006 0.063997 17.89661 4.5000 -0.00 
6.2 154.2866424 39.0496542 0.346615 0.029562 89.59739 4.5000 -0.54 
6.2 154.2864103 39.0500278 0.252545 0.037057 45.65656 4.5000 -0.44 
6.2 154.2858248 39.0496982 0.139366 0.054626 131.59157 4.5000 -0.22 
6.2 154.2860560 39.0496580 0.095866 0.040424 49.29117 4.5000 0.52 
6.2 154.2862413 39.0491441 0.079028 0.079003 143.89304 4.5000 -0.00 
7.1 154.2864300 39.0491800 0.569799 0.012419 154.13258 4.5000 1.34 
7.1 154.2866288 39.0498869 0.664435 0.032220 49.40018 4.5000 0.14 
7.1 154.2867013 39.0497137 0.156002 0.155982 7.06518 4.5000 0.00 
7.2 154.2866869 39.0497384 1.661634 0.034862 79.81570 4.5000 -1.51 
7.2 154.2866177 39.0498881 1.571886 0.033486 61.30745 4.5000 -1.41 
7.2 154.2864001 39.0491671 0.120036 0.119997 125.27737 4.5000 -0.00 
