#REFERENCE 3 180.3138740 23.0976080
3.1 0.290 0.104 0.071 0.014 73.40 4.500 2.06 1.033 -1.835 1.74 0.32
3.1 0.290 0.104 0.071 0.014 73.40 4.500 2.06 -1.570 0.711 0.92 1.14
3.1 0.290 0.104 0.071 0.014 73.40 4.500 2.06 2.027 1.798 1.20 0.86
3.1 0.290 0.104 0.071 0.014 73.40 4.500 2.06 -0.121 -0.002 -1.86 3.92
3.1 0.290 0.104 0.071 0.014 73.40 4.500 2.06 -0.611 -2.071 2.06 -0.00
3.2 0.312 0.187 0.102 0.039 44.46 4.500 1.14 0.768 -1.878 1.96 -0.82
3.2 0.312 0.187 0.102 0.039 44.46 4.500 1.14 -0.605 -1.971 2.30 -1.16
3.2 0.312 0.187 0.102 0.039 44.46 4.500 1.14 -1.645 0.566 1.07 0.07
3.2 0.312 0.187 0.102 0.039 44.46 4.500 1.14 -0.120 -0.033 -1.82 2.96
3.2 0.312 0.187 0.102 0.039 44.46 4.500 1.14 1.995 1.944 1.14 -0.00
4.1 0.359 0.199 0.060 0.006 102.41 4.500 2.90 2.071 1.927 1.11 1.78
4.1 0.359 0.199 0.060 0.006 102.41 4.500 2.90 -0.198 -2.028 3.05 -0.16
4.1 0.359 0.199 0.060 0.006 102.41 4.500 2.90 -1.611 0.499 1.05 1.84
4.1 0.359 0.199 0.060 0.006 102.41 4.500 2.90 -0.142 -0.032 -1.77 4.66
4.1 0.359 0.199 0.060 0.006 102.41 4.500 2.90 0.433 -1.987 2.90 -0.00
4.2 0.361 0.181 0.090 0.063 161.17 4.500 1.01 -0.144 -2.053 3.08 -2.07
4.2 0.361 0.181 0.090 0.063 161.17 4.500 1.01 0.458 -2.004 2.94 -1.93
4.2 0.361 0.181 0.090 0.063 161.17 4.500 1.01 2.090 1.890 1.12 -0.11
4.2 0.361 0.181 0.090 0.063 161.17 4.500 1.01 -0.146 -0.024 -1.77 2.78
4.2 0.361 0.181 0.090 0.063 161.17 4.500 1.01 -1.591 0.526 1.01 -0.00
