#REFERENCE 0 180.3138740 23.0976080
3.1 180.3135622 23.0970983 0.225169 0.021098 15.30952 4.5000 0.32 
3.1 180.3143481 23.0978055 0.125448 0.017847 59.38347 4.5000 1.14 
3.1 180.3132618 23.0981073 0.126693 0.022936 103.22781 4.5000 0.86 
3.1 180.3139104 23.0976074 0.024799 0.006979 90.65628 4.5000 3.92 
3.1 180.3140584 23.0970326 0.080008 0.080000 178.20095 4.5000 -0.00 
3.2 180.3136421 23.0970863 0.493679 0.049567 17.89703 4.5000 -0.82 
3.2 180.3140566 23.0970605 0.437375 0.076289 172.65813 4.5000 -1.16 
3.2 180.3143707 23.0977653 0.198633 0.053865 86.07949 4.5000 0.07 
3.2 180.3139103 23.0975989 0.034105 0.021889 26.37854 4.5000 2.96 
3.2 180.3132716 23.0981479 0.107002 0.107000 105.92890 4.5000 -0.00 
4.1 180.3132485 23.0981434 0.142040 0.006872 120.24816 4.5000 1.78 
4.1 180.3139338 23.0970448 0.284387 0.020482 161.48356 4.5000 -0.16 
4.1 180.3143605 23.0977466 0.111009 0.008314 51.24767 4.5000 1.84 
4.1 180.3139170 23.0975992 0.029783 0.002311 119.23907 4.5000 4.66 
4.1 180.3137433 23.0970560 0.071009 0.070991 148.85889 4.5000 -0.00 
4.2 180.3139174 23.0970377 1.307618 0.074369 175.36554 4.5000 -2.07 
4.2 180.3137356 23.0970515 1.065699 0.079948 14.40945 4.5000 -1.93 
4.2 180.3132427 23.0981331 0.229365 0.069671 138.35151 4.5000 -0.11 
4.2 180.3139181 23.0976014 0.054165 0.020597 150.59496 4.5000 2.78 
4.2 180.3143544 23.0977542 0.120001 0.119999 84.93573 4.5000 -0.00 
