#REFERENCE 3 28.1644670 -13.9684820
1	-0.030269	-0.703125	0.642029	0.529001	
1	0.000000	-0.707168	0.577397	0.518462	
2	-0.078125	-0.695295	0.736270	0.541630	
2	-0.039062	-0.701987	0.660127	0.531687	
3	-0.039062	-0.701987	0.660127	0.531687	
3	-0.030269	-0.703125	0.642029	0.529001	
4	-0.156250	-0.675633	0.869330	0.553151	
4	-0.117188	-0.686539	0.805891	0.548660	
5	-0.117188	-0.686539	0.805891	0.548660	
5	-0.078125	-0.695295	0.736270	0.541630	
6	-0.191123	-0.664062	0.921055	0.555294	
6	-0.156250	-0.675633	0.869330	0.553151	
7	-0.195312	-0.662629	0.926974	0.555444	
7	-0.191123	-0.664062	0.921055	0.555294	
8	-0.234375	-0.648700	0.979181	0.555837	
8	-0.195312	-0.662629	0.926974	0.555444	
9	-0.273438	-0.632339	1.026246	0.554600	
9	-0.234375	-0.648700	0.979181	0.555837	
10	-0.290154	-0.625000	1.044886	0.553633	
10	-0.273438	-0.632339	1.026246	0.554600	
11	-0.490110	-0.507812	1.207063	0.527721	
11	-0.468750	-0.522549	1.194666	0.531402	
12	-0.507812	-0.493469	1.216767	0.524481	
12	-0.490110	-0.507812	1.207063	0.527721	
13	-0.538799	-0.468750	1.231816	0.518656	
13	-0.507812	-0.493469	1.216767	0.524481	
14	-0.429688	-0.548576	1.169057	0.537723	
14	-0.390625	-0.572814	1.139597	0.543364	
15	-0.432585	-0.546875	1.171064	0.537280	
15	-0.429688	-0.548576	1.169057	0.537723	
16	-0.368008	-0.585938	1.120718	0.546259	
16	-0.351562	-0.594549	1.106175	0.548164	
17	-0.351562	-0.594549	1.106175	0.548164	
17	-0.312500	-0.614452	1.068473	0.551972	
18	-0.390625	-0.572814	1.139597	0.543364	
18	-0.368008	-0.585938	1.120718	0.546259	
19	-0.468750	-0.522549	1.194666	0.531402	
19	-0.432585	-0.546875	1.171064	0.537280	
20	-0.581035	-0.429688	1.249294	0.510127	
20	-0.546875	-0.460959	1.235542	0.517027	
21	-0.585938	-0.424061	1.251188	0.509039	
21	-0.581035	-0.429688	1.249294	0.510127	
22	-0.617755	-0.390625	1.261621	0.502142	
22	-0.585938	-0.424061	1.251188	0.509039	
23	-0.546875	-0.460959	1.235542	0.517027	
23	-0.538799	-0.468750	1.231816	0.518656	
24	-0.625000	-0.380601	1.263937	0.500336	
24	-0.617755	-0.390625	1.261621	0.502142	
25	-0.312500	-0.614452	1.068473	0.551972	
25	-0.290154	-0.625000	1.044886	0.553633	
26	-0.648814	-0.351562	1.270122	0.494718	
26	-0.625000	-0.380601	1.263937	0.500336	
27	-0.664062	-0.325227	1.274063	0.490208	
27	-0.648814	-0.351562	1.270122	0.494718	
28	-0.672800	-0.312500	1.275774	0.487863	
28	-0.664062	-0.325227	1.274063	0.490208	
29	-0.704533	-0.234375	1.281830	0.474414	
29	-0.703125	-0.237989	1.281665	0.475069	
30	-0.672800	-0.312500	1.275774	0.487863	
30	-0.692072	-0.273438	1.279542	0.481135	
31	-0.703125	-0.237989	1.281665	0.475069	
31	-0.692072	-0.273438	1.279542	0.481135	
32	-0.704533	-0.234375	1.281830	0.474414	
32	-0.715246	-0.195312	1.282948	0.467206	
33	-0.715246	-0.195312	1.282948	0.467206	
33	-0.721012	-0.156250	1.282939	0.459406	
34	-0.721012	-0.156250	1.282939	0.459406	
34	-0.723274	-0.117188	1.281775	0.450713	
35	-0.723274	-0.117188	1.281775	0.450713	
35	-0.722780	-0.078125	1.279332	0.440911	
36	-0.722780	-0.078125	1.279332	0.440911	
36	-0.719901	-0.039062	1.275435	0.429810	
37	-0.719901	-0.039062	1.275435	0.429810	
37	-0.714772	0.000000	1.269859	0.417215	
38	0.351562	-0.628783	-0.435974	0.192616	
38	0.357348	-0.625000	-0.454364	0.183965	
39	0.312500	-0.652031	-0.310212	0.248890	
39	0.351562	-0.628783	-0.435974	0.192616	
40	0.156250	-0.703841	0.177046	0.424076	
40	0.159680	-0.703125	0.166939	0.421100	
41	0.234375	-0.685585	-0.059594	0.347143	
41	0.273438	-0.670712	-0.184193	0.300512	
42	0.273438	-0.670712	-0.184193	0.300512	
42	0.287583	-0.664062	-0.230149	0.282218	
43	0.287583	-0.664062	-0.230149	0.282218	
43	0.312500	-0.652031	-0.310212	0.248890	
44	0.159680	-0.703125	0.166939	0.421100	
44	0.195312	-0.696427	0.061189	0.388301	
45	0.195312	-0.696427	0.061189	0.388301	
45	0.234375	-0.685585	-0.059594	0.347143	
46	0.039062	-0.710187	0.487763	0.501523	
46	0.078125	-0.710779	0.391081	0.480428	
47	0.000000	-0.707168	0.577397	0.518462	
47	0.039062	-0.710187	0.487763	0.501523	
48	0.117188	-0.708757	0.287418	0.454746	
48	0.156250	-0.703841	0.177046	0.424076	
49	0.078125	-0.710779	0.391081	0.480428	
49	0.117188	-0.708757	0.287418	0.454746	
50	0.625000	-0.288371	-1.145551	-0.262025	
50	0.632972	-0.273438	-1.157821	-0.274058	
51	0.632972	-0.273438	-1.157821	-0.274058	
51	0.649959	-0.234375	-1.184830	-0.301962	
52	0.649959	-0.234375	-1.184830	-0.301962	
52	0.663595	-0.195312	-1.206686	-0.326357	
53	0.664062	-0.193644	-1.207507	-0.327313	
53	0.678032	-0.156250	-1.225500	-0.349175	
54	0.663595	-0.195312	-1.206686	-0.326357	
54	0.664062	-0.193644	-1.207507	-0.327313	
55	0.678032	-0.156250	-1.225500	-0.349175	
55	0.689715	-0.117188	-1.240573	-0.369207	
56	0.689715	-0.117188	-1.240573	-0.369207	
56	0.698992	-0.078125	-1.252624	-0.386916	
57	0.703125	-0.055393	-1.258423	-0.396237	
57	0.707357	-0.039062	-1.262309	-0.402894	
58	0.707357	-0.039062	-1.262309	-0.402894	
58	0.714772	0.000000	-1.269859	-0.417215	
59	0.698992	-0.078125	-1.252624	-0.386916	
59	0.703125	-0.055393	-1.258423	-0.396237	
60	0.357348	-0.625000	-0.454364	0.183965	
60	0.390625	-0.600776	-0.559040	0.132514	
61	0.390625	-0.600776	-0.559040	0.132514	
61	0.409409	-0.585938	-0.616117	0.102774	
62	0.429688	-0.567337	-0.677512	0.069333	
62	0.451743	-0.546875	-0.740565	0.033280	
63	0.409409	-0.585938	-0.616117	0.102774	
63	0.429688	-0.567337	-0.677512	0.069333	
64	0.451743	-0.546875	-0.740565	0.033280	
64	0.468750	-0.527975	-0.789402	0.004047	
65	0.468750	-0.527975	-0.789402	0.004047	
65	0.487814	-0.507812	-0.839759	-0.027422	
66	0.507812	-0.481951	-0.893136	-0.062420	
66	0.519096	-0.468750	-0.920089	-0.080810	
67	0.487814	-0.507812	-0.839759	-0.027422	
67	0.507812	-0.481951	-0.893136	-0.062420	
68	0.519096	-0.468750	-0.920089	-0.080810	
68	0.546162	-0.429688	-0.985526	-0.127754	
69	0.546162	-0.429688	-0.985526	-0.127754	
69	0.546875	-0.428437	-0.987316	-0.129088	
70	0.546875	-0.428437	-0.987316	-0.129088	
70	0.572138	-0.390625	-1.041637	-0.171093	
71	0.572138	-0.390625	-1.041637	-0.171093	
71	0.585938	-0.364595	-1.071953	-0.195963	
72	0.585938	-0.364595	-1.071953	-0.195963	
72	0.594310	-0.351562	-1.087285	-0.209000	
73	0.594310	-0.351562	-1.087285	-0.209000	
73	0.614820	-0.312500	-1.125820	-0.243372	
74	0.614820	-0.312500	-1.125820	-0.243372	
74	0.625000	-0.288371	-1.145551	-0.262025	
75	0.625000	0.380601	-1.263937	-0.500336	
75	0.617755	0.390625	-1.261621	-0.502142	
76	0.585938	0.424061	-1.251188	-0.509039	
76	0.581035	0.429688	-1.249294	-0.510127	
77	0.585938	0.424061	-1.251188	-0.509039	
77	0.617755	0.390625	-1.261621	-0.502142	
78	0.546875	0.460959	-1.235542	-0.517027	
78	0.581035	0.429688	-1.249294	-0.510127	
79	0.546875	0.460959	-1.235542	-0.517027	
79	0.538799	0.468750	-1.231816	-0.518656	
80	0.507812	0.493469	-1.216767	-0.524481	
80	0.490110	0.507812	-1.207063	-0.527721	
81	0.507812	0.493469	-1.216767	-0.524481	
81	0.538799	0.468750	-1.231816	-0.518656	
82	0.468750	0.522549	-1.194666	-0.531402	
82	0.490110	0.507812	-1.207063	-0.527721	
83	0.468750	0.522549	-1.194666	-0.531402	
83	0.432585	0.546875	-1.171064	-0.537280	
84	0.390625	0.572814	-1.139597	-0.543364	
84	0.429688	0.548576	-1.169057	-0.537723	
85	0.429688	0.548576	-1.169057	-0.537723	
85	0.432585	0.546875	-1.171064	-0.537280	
86	0.390625	0.572814	-1.139597	-0.543364	
86	0.368008	0.585938	-1.120718	-0.546259	
87	0.351562	0.594549	-1.106175	-0.548164	
87	0.368008	0.585938	-1.120718	-0.546259	
88	0.312500	0.614452	-1.068473	-0.551972	
88	0.351562	0.594549	-1.106175	-0.548164	
89	0.312500	0.614452	-1.068473	-0.551972	
89	0.290154	0.625000	-1.044886	-0.553633	
90	0.714772	0.000000	-1.269859	-0.417215	
90	0.719901	0.039062	-1.275435	-0.429810	
91	0.719901	0.039062	-1.275435	-0.429810	
91	0.722780	0.078125	-1.279332	-0.440911	
92	0.722780	0.078125	-1.279332	-0.440911	
92	0.723274	0.117188	-1.281775	-0.450713	
93	0.723274	0.117188	-1.281775	-0.450713	
93	0.721012	0.156250	-1.282939	-0.459406	
94	0.721012	0.156250	-1.282939	-0.459406	
94	0.715246	0.195312	-1.282948	-0.467206	
95	0.715246	0.195312	-1.282948	-0.467206	
95	0.704533	0.234375	-1.281830	-0.474414	
96	0.703125	0.237989	-1.281665	-0.475069	
96	0.704533	0.234375	-1.281830	-0.474414	
97	0.703125	0.237989	-1.281665	-0.475069	
97	0.692072	0.273438	-1.279542	-0.481135	
98	0.692072	0.273438	-1.279542	-0.481135	
98	0.672800	0.312500	-1.275774	-0.487863	
99	0.664062	0.325227	-1.274063	-0.490208	
99	0.648814	0.351562	-1.270122	-0.494718	
100	0.664062	0.325227	-1.274063	-0.490208	
100	0.672800	0.312500	-1.275774	-0.487863	
101	0.625000	0.380601	-1.263937	-0.500336	
101	0.648814	0.351562	-1.270122	-0.494718	
102	0.039062	0.701987	-0.660127	-0.531687	
102	0.078125	0.695295	-0.736270	-0.541630	
103	0.039062	0.701987	-0.660127	-0.531687	
103	0.030269	0.703125	-0.642029	-0.529001	
104	0.117188	0.686539	-0.805891	-0.548660	
104	0.156250	0.675633	-0.869330	-0.553151	
105	0.078125	0.695295	-0.736270	-0.541630	
105	0.117188	0.686539	-0.805891	-0.548660	
106	0.000000	0.707168	-0.577397	-0.518462	
106	0.030269	0.703125	-0.642029	-0.529001	
107	0.195312	0.662629	-0.926974	-0.555444	
107	0.191123	0.664062	-0.921055	-0.555294	
108	0.195312	0.662629	-0.926974	-0.555444	
108	0.234375	0.648700	-0.979181	-0.555837	
109	0.156250	0.675633	-0.869330	-0.553151	
109	0.191123	0.664062	-0.921055	-0.555294	
110	0.234375	0.648700	-0.979181	-0.555837	
110	0.273438	0.632339	-1.026246	-0.554600	
111	0.273438	0.632339	-1.026246	-0.554600	
111	0.290154	0.625000	-1.044886	-0.553633	
112	-0.714772	0.000000	1.269859	0.417215	
112	-0.707357	0.039062	1.262309	0.402894	
113	-0.707357	0.039062	1.262309	0.402894	
113	-0.703125	0.055393	1.258423	0.396237	
114	-0.703125	0.055393	1.258423	0.396237	
114	-0.698992	0.078125	1.252624	0.386916	
115	-0.698992	0.078125	1.252624	0.386916	
115	-0.689715	0.117188	1.240573	0.369207	
116	-0.689715	0.117188	1.240573	0.369207	
116	-0.678032	0.156250	1.225500	0.349175	
117	-0.678032	0.156250	1.225500	0.349175	
117	-0.664062	0.193644	1.207507	0.327313	
118	-0.664062	0.193644	1.207507	0.327313	
118	-0.663595	0.195312	1.206686	0.326357	
119	-0.663595	0.195312	1.206686	0.326357	
119	-0.649959	0.234375	1.184830	0.301962	
120	-0.649959	0.234375	1.184830	0.301962	
120	-0.632972	0.273438	1.157821	0.274058	
121	-0.632972	0.273438	1.157821	0.274058	
121	-0.625000	0.288371	1.145551	0.262025	
122	-0.625000	0.288371	1.145551	0.262025	
122	-0.614820	0.312500	1.125820	0.243372	
123	-0.614820	0.312500	1.125820	0.243372	
123	-0.594310	0.351562	1.087285	0.209000	
124	-0.585938	0.364595	1.071953	0.195963	
124	-0.572138	0.390625	1.041637	0.171093	
125	-0.594310	0.351562	1.087285	0.209000	
125	-0.585938	0.364595	1.071953	0.195963	
126	-0.546875	0.428437	0.987316	0.129088	
126	-0.546162	0.429688	0.985526	0.127754	
127	-0.546162	0.429688	0.985526	0.127754	
127	-0.519096	0.468750	0.920089	0.080810	
128	-0.572138	0.390625	1.041637	0.171093	
128	-0.546875	0.428437	0.987316	0.129088	
129	-0.468750	0.527975	0.789402	-0.004047	
129	-0.451743	0.546875	0.740565	-0.033280	
130	-0.390625	0.600776	0.559040	-0.132514	
130	-0.357348	0.625000	0.454364	-0.183965	
131	-0.451743	0.546875	0.740565	-0.033280	
131	-0.429688	0.567337	0.677512	-0.069333	
132	-0.429688	0.567337	0.677512	-0.069333	
132	-0.409409	0.585938	0.616117	-0.102774	
133	-0.409409	0.585938	0.616117	-0.102774	
133	-0.390625	0.600776	0.559040	-0.132514	
134	-0.519096	0.468750	0.920089	0.080810	
134	-0.507812	0.481951	0.893136	0.062420	
135	-0.507812	0.481951	0.893136	0.062420	
135	-0.487814	0.507812	0.839759	0.027422	
136	-0.487814	0.507812	0.839759	0.027422	
136	-0.468750	0.527975	0.789402	-0.004047	
137	-0.357348	0.625000	0.454364	-0.183965	
137	-0.351562	0.628783	0.435974	-0.192616	
138	-0.351562	0.628783	0.435974	-0.192616	
138	-0.312500	0.652031	0.310212	-0.248890	
139	-0.312500	0.652031	0.310212	-0.248890	
139	-0.287583	0.664062	0.230149	-0.282218	
140	-0.273438	0.670712	0.184193	-0.300512	
140	-0.234375	0.685585	0.059594	-0.347143	
141	-0.287583	0.664062	0.230149	-0.282218	
141	-0.273438	0.670712	0.184193	-0.300512	
142	-0.195312	0.696427	-0.061189	-0.388301	
142	-0.159680	0.703125	-0.166939	-0.421100	
143	-0.234375	0.685585	0.059594	-0.347143	
143	-0.195312	0.696427	-0.061189	-0.388301	
144	-0.159680	0.703125	-0.166939	-0.421100	
144	-0.156250	0.703841	-0.177046	-0.424076	
145	-0.078125	0.710779	-0.391081	-0.480428	
145	-0.039062	0.710187	-0.487763	-0.501523	
146	-0.039062	0.710187	-0.487763	-0.501523	
146	0.000000	0.707168	-0.577397	-0.518462	
147	-0.156250	0.703841	-0.177046	-0.424076	
147	-0.117188	0.708757	-0.287418	-0.454746	
148	-0.117188	0.708757	-0.287418	-0.454746	
148	-0.078125	0.710779	-0.391081	-0.480428	
