#REFERENCE 3 87.3042530 -62.0775650
   #ID       X         Y         R       EPS       TAU       AMP       E_AMP      DMAG  TIME[days]  DTIME    PARITY
   3.1     1.149     4.071     4.230     1.000  1807.137  83532.057  2625912.029     12.30    -121.2       0.0    --
   3.1     4.638    -1.035     4.752     1.000    49.225     8.388     0.526      2.31    -290.5    -169.3    ++
   3.1     1.117     3.874     4.032     0.999    21.607   160.862    23.450      5.52    -121.5      -0.3    --
   3.1    -2.127     0.792     2.269     0.007     0.007  5001.382  74790.111      9.25    -145.4     -24.2    ++
   3.2     4.658    -1.018     4.768     0.999    22.051     8.383     0.528      2.31    -290.6    -169.5    ++
   3.2     1.072     3.759     3.909     0.995    10.158   103.596    19.031      5.04    -121.6      -0.4    --
   3.2     1.203     4.356     4.519     0.977     4.536    97.911    27.267      4.98    -121.7      -0.6    +-
   3.2    -2.129     0.941     2.327     0.912     2.220   147.882    24.751      5.42    -144.6     -23.4    ++
   3.2    -2.071     0.463     2.122     0.001     0.001    65.060    16.898      4.53    -144.5     -23.4    +-
   3.6    -2.049    -0.453     2.099     1.000    58.721     8.027     1.663      2.26    -162.2     -41.0    +-
   3.6     4.149    -1.208     4.321     1.000    40.899     9.671     0.559      2.46    -262.3    -141.1    ++
   3.6    -2.495     1.820     3.088     0.999    30.672    35.937     6.332      3.89    -167.1     -45.9    ++
   3.3     5.417    -0.568     5.446     0.975     4.354     7.234     0.474      2.15    -327.8    -206.6    ++
   3.3    -0.585     0.677     0.894     0.773     1.220    31.941     5.015      3.76    -110.0      11.2    --
   3.3    -1.314     0.833     1.555     0.461     0.519   128.399    20.547      5.27    -110.7      10.5    +-
   3.3    -0.622     2.277     2.361     0.003     0.003  1967.647   614.590      8.23    -111.0      10.2    +-
   3.3    -0.623     2.276     2.360     0.002     0.002  1963.919   612.540      8.23    -110.9      10.2    +-
   3.4     5.365    -0.598     5.398     0.989     6.542     7.321     0.480      2.16    -324.4    -203.2    ++
   3.4    -0.583     3.198     3.251     0.975     4.393   539.594   145.932      6.83    -112.7       8.4    +-
   3.4    -0.506     0.669     0.839     0.940     2.756    24.005     3.672      3.45    -111.6       9.5    --
   3.4    -1.417     0.841     1.648     0.782     1.254   123.938    21.332      5.23    -113.1       8.1    +-
   3.4    -1.290     1.718     2.148     0.634     0.821   390.335    63.117      6.48    -113.3       7.9    ++
   3.4    -0.327     2.597     2.618     0.353     0.377  1634.090  1865.399      8.03    -112.6       8.6    --
   3.4    -0.395     2.149     2.185     0.001     0.001   644.131   133.884      7.02    -112.6       8.5    +-
   3.5    -2.087    -0.177     2.094     1.000    31.933    12.707     2.481      2.76    -156.8     -35.7    +-
   3.5     4.331    -1.154     4.482     0.999    25.774     9.119     0.547      2.40    -273.3    -152.1    ++
   3.5    -2.377     1.492     2.807     0.998    16.426    44.071     6.928      4.11    -158.8     -37.6    ++
