#REFERENCE 0 87.3042530 -62.0775650
3.1 87.3035713 -62.0764342 41.331633 0.011436 77.35301 4.5000 -5.09 
3.1 87.3015020 -62.0778525 0.119385 0.001213 30.74441 4.5000 3.70 
3.1 87.3035904 -62.0764888 0.380521 0.008801 59.20151 4.5000 0.29 
3.1 87.3055146 -62.0773450 0.066483 0.066003 103.96484 4.5000 -0.01 
3.2 87.3014899 -62.0778478 0.138614 0.003141 32.37219 4.5000 2.66 
3.2 87.3036171 -62.0765208 0.369732 0.018155 57.26593 4.5000 -0.31 
3.2 87.3035391 -62.0763550 0.251813 0.027428 115.44022 4.5000 -0.34 
3.2 87.3055157 -62.0773037 0.180150 0.038703 72.46024 4.5000 -0.35 
3.2 87.3054816 -62.0774363 0.071005 0.070921 13.85236 4.5000 0.00 
3.6 87.3054687 -62.0776907 0.088143 0.000750 101.08457 4.5000 4.74 
3.6 87.3017918 -62.0779007 0.065489 0.000800 15.54329 4.5000 4.99 
3.6 87.3057328 -62.0770595 0.116424 0.001897 108.66544 4.5000 3.43 
3.3 87.3010399 -62.0777229 0.010573 0.001198 33.89262 4.5000 6.62 
3.3 87.3045997 -62.0773771 0.014082 0.005034 0.68030 4.5000 4.75 
3.3 87.3050322 -62.0773337 0.020427 0.012408 142.97880 4.5000 3.37 
3.3 87.3046221 -62.0769325 0.075255 0.075033 83.14575 4.5000 -0.00 
3.3 87.3046223 -62.0769326 0.075124 0.074988 30.90206 4.5000 -0.00 
3.4 87.3010708 -62.0777311 0.025570 0.001943 25.60178 4.5000 5.13 
3.4 87.3045987 -62.0766766 0.212267 0.023853 88.79163 4.5000 0.11 
3.4 87.3045533 -62.0773792 0.034123 0.006000 164.25737 4.5000 3.60 
3.4 87.3050938 -62.0773314 0.052675 0.018435 32.53312 4.5000 1.91 
3.4 87.3050180 -62.0770878 0.080222 0.037940 32.28791 4.5000 0.67 
3.4 87.3044469 -62.0768436 0.106708 0.073815 135.01491 4.5000 -0.37 
3.4 87.3044871 -62.0769681 0.075150 0.075048 68.43559 4.5000 -0.00 
3.5 87.3054909 -62.0776141 0.095327 0.001492 94.66447 4.5000 3.84 
3.5 87.3016836 -62.0778854 0.060097 0.001165 18.23432 4.5000 4.61 
3.5 87.3056633 -62.0771505 0.111449 0.003389 110.69752 4.5000 2.78 
