1 -3603.759557 0.175717 -82.061120 7.615239 398.993222 0.315517 69.661110 0.000000
1 -3603.759540 0.091670 -47.742979 6.164833 272.316441 0.668624 -82.928010 0.000000
1 -3603.835763 0.799478 -63.816145 3.424711 253.600291 0.827422 69.795179 0.000000
1 -3603.759494 0.349252 -46.219627 6.314060 129.780930 0.083977 23.541409 0.000000
1 -3701.712723 0.262986 77.754473 2.117331 336.454711 0.619308 5.808020 0.000000
1 -3603.759496 0.593350 -39.052680 5.847649 81.080278 1.004877 68.490247 0.000000
1 -3603.764074 0.598913 13.066826 4.815915 306.791820 0.539707 82.063388 0.000000
1 -3603.759497 0.266640 -84.545646 5.336703 123.065899 0.498554 20.054016 0.000000
1 -3603.759494 0.047332 48.000688 8.216056 122.038574 0.103127 -64.137195 0.000000
1 -3922.086242 0.236964 1.963152 2.751855 211.965770 1.106653 -10.710742 0.000000
1 -3603.759510 0.085105 48.792382 7.381881 365.275527 0.000448 -56.058098 -30.490526
1 -1807.786307 0.754361 62.953570 4.514864 394.086303 0.232515 -38.906311 -30.490526
1 -1838.046450 0.730425 -70.070914 2.244687 276.968306 0.643372 1.354917 -30.490526
1 -3603.960839 0.017754 83.336845 0.167640 304.752606 0.560299 -51.118011 -30.490526
1 -3603.760043 0.150331 25.320728 3.866258 322.130400 0.270115 -49.290559 -30.490526
1 -3603.759495 0.250885 35.527207 6.212914 158.849206 0.265349 69.012557 -30.490526
1 -3603.761274 0.725029 25.390161 4.728882 273.214398 0.422828 82.490549 -30.490526
1 -3603.759500 0.395071 -32.825318 2.813904 95.331519 0.653325 -63.141952 -30.490526
1 -3603.759496 0.638701 10.204866 5.686401 118.331058 0.106731 88.519101 -30.490526
1 -3633.060056 0.714031 -11.251007 1.651304 315.380313 0.277260 56.812090 -30.490526
1 -3603.759660 0.179051 19.684315 4.895291 466.030481 1.048665 -26.435860 -31.875782
1 -1822.702200 0.066592 70.511132 0.092604 149.007494 0.834674 -46.659264 -31.875782
1 -22.960487 0.759882 -73.540202 2.506490 268.124705 0.621855 7.979123 -31.875782
1 -3603.760145 0.616185 38.830489 5.642750 229.595841 0.914706 66.600235 -31.875782
1 -25.420124 0.786888 -88.734346 1.378755 187.730315 0.873155 32.508053 -31.875782
1 -1812.942105 0.760660 33.958670 5.646229 234.001931 0.968042 -37.208433 -31.875782
1 -3603.760509 0.316572 27.871715 2.109260 125.708136 0.778548 73.280994 -31.875782
1 -3603.759502 0.708499 68.365570 5.297404 82.444852 1.118624 -54.550615 -31.875782
1 -3603.759505 0.379540 8.290253 7.241520 283.991545 0.140702 -58.874237 -31.875782
1 -1831.224039 0.710640 -75.345190 2.151020 260.516713 0.666545 0.020327 -31.875782
1 -3603.759494 0.263761 22.427594 4.345373 40.791599 0.961159 -50.886831 -32.317449
1 -1801.954658 0.686342 24.648505 0.752514 303.315820 0.169481 47.283382 -32.317449
1 -24.927520 0.793918 -69.656627 2.483908 272.345683 0.626307 0.106146 -32.317449
1 -3603.759512 0.020779 -5.113112 4.578300 155.201022 0.662174 76.127370 -32.317449
1 -20.224952 0.779254 89.111195 1.253437 184.615597 0.829647 25.247133 -32.317449
1 -1892.299096 0.466892 77.205311 2.799478 447.770672 0.343649 54.520912 -32.317449
1 -3603.759496 0.202635 37.658823 8.706345 228.113369 0.999329 -23.851734 -32.317449
1 -3603.759494 0.251880 10.154781 7.087832 152.001542 0.769901 -6.258311 -32.317449
1 -17.648199 0.422014 -5.045049 2.391354 379.627424 0.302516 -13.151297 -32.317449
1 -24.949100 0.716455 -66.753368 1.762994 275.082134 0.657748 -31.768823 -32.317449
1 -3603.759798 0.096807 -37.335908 8.979575 421.158559 0.636013 59.871716 -32.573868
1 -16.509200 0.417157 -4.570453 2.434169 380.913341 0.301925 -12.690852 -32.573868
1 -24.897950 0.791792 -69.828612 2.474948 272.044234 0.629366 -1.109116 -32.573868
1 -3603.759494 0.556421 72.965773 5.483650 59.191686 0.085779 81.403325 -32.573868
1 -27.579216 0.091584 30.028643 0.473529 164.637979 0.842468 13.839997 -32.573868
1 -1919.445098 0.563195 52.287988 1.795270 429.197387 0.259612 25.148437 -32.573868
1 -31.762447 0.764486 -61.549078 1.985945 284.120823 0.576686 -1.538466 -32.573868
1 -3603.759495 0.124063 69.764673 8.650667 259.497378 0.090788 44.135936 -32.573868
1 -15.792203 0.407443 -4.801166 2.147752 358.716552 0.290709 -19.041990 -32.573868
1 -27.935886 0.768468 -66.985679 1.897767 270.340168 0.675402 -21.293083 -32.573868
1 -3603.759499 0.022604 -23.991651 4.789570 205.183196 0.332145 -34.028736 -32.728228
1 -16.534112 0.418034 -4.489662 2.423226 380.910985 0.301418 -12.727527 -32.728228
1 -33.482162 0.753174 -55.177836 2.901131 307.906130 0.577547 13.321441 -32.728228
1 -3603.759496 0.026907 -86.005621 9.463180 163.670620 1.109766 -52.295682 -32.728228
1 -14.475912 0.053883 38.572844 1.437528 173.786525 0.896991 -2.167836 -32.728228
1 -1803.291151 0.397460 82.250336 0.351508 256.008277 0.184499 6.964390 -32.728228
1 -31.666419 0.773593 -66.040384 1.765827 275.124584 0.593184 -4.900076 -32.728228
1 -31.788869 0.768310 -65.636510 2.223474 278.309073 0.623984 -1.010599 -32.728228
1 -16.720860 0.390637 -9.197094 2.264097 371.524944 0.282882 -16.807775 -32.728228
1 -19.467448 0.795046 -78.733978 2.361426 267.065221 0.651989 -19.262012 -32.728228
1 -37.122680 0.787865 -65.135603 2.069983 281.763311 0.612239 0.227914 -32.762417
1 -16.596084 0.414571 -4.317529 2.416952 380.409764 0.298491 -11.944434 -32.762417
1 -30.087030 0.549352 -60.184087 4.350764 295.661009 0.755604 18.098331 -32.762417
1 -1859.413524 0.786814 -55.578026 1.146231 386.950703 0.173978 -81.010385 -32.762417
1 -15.063971 0.053805 40.855498 0.987352 146.729825 0.934867 -4.475385 -32.762417
1 -18.941140 0.370956 86.427453 0.044596 194.937029 0.326751 12.905119 -32.762417
1 -14.282921 0.756785 -88.447561 2.090456 244.111084 0.588712 -0.585360 -32.762417
1 -33.845500 0.728583 -55.535780 2.535625 297.946073 0.588677 6.887020 -32.762417
1 -17.727777 0.391796 -8.137833 2.229364 371.654729 0.267662 -17.238505 -32.762417
1 -15.926139 0.579907 -72.511646 4.937314 241.382601 0.962085 -15.988946 -32.762417
1 -13.885488 0.711286 81.687664 0.869139 190.146814 0.641121 3.285462 -32.797176
1 -17.642100 0.407098 -4.321445 2.435323 380.507797 0.298948 -13.180216 -32.797176
1 -25.010899 0.538741 -58.229093 4.227791 289.478062 0.762715 18.172177 -32.797176
1 -1814.584906 0.766328 74.879305 2.500010 379.746004 0.313440 89.067063 -32.797176
1 -43.493123 0.063259 25.819876 0.197772 161.118511 0.882926 21.231637 -32.797176
1 -21.783671 0.333468 -86.335567 0.152850 194.221153 0.356943 1.371361 -32.797176
1 -18.619103 0.651385 89.867565 1.857708 243.879003 0.582012 13.202166 -32.797176
1 -35.911130 0.631502 -55.546172 7.150353 478.433988 0.422857 56.891484 -32.797176
1 -17.382744 0.380620 -6.770372 2.316566 382.653854 0.199914 -18.910284 -32.797176
1 -15.914944 0.584891 -71.848570 4.981777 248.188325 0.955908 -17.873166 -32.797176
1 -43.349522 0.717778 87.635028 0.188230 209.213961 0.676840 20.751245 -32.834438
1 -16.546823 0.406446 -4.780888 2.475727 382.576864 0.302476 -12.761254 -32.834438
1 -41.144731 0.721942 -77.297122 4.442742 371.988118 0.733548 71.785975 -32.834438
1 -1806.405262 0.728426 63.846266 3.203855 361.454385 0.295606 -76.219826 -32.834438
1 -58.721931 0.059749 8.900212 0.045161 169.300028 0.859011 20.507757 -32.834438
1 -13.421275 0.350426 76.407494 0.546245 194.506318 0.480103 0.095986 -32.834438
1 -10.637142 0.631745 89.482770 2.567367 297.994222 0.383611 5.821513 -32.834438
1 -32.864967 0.634731 -57.520831 7.333241 473.281713 0.464615 57.203290 -32.834438
1 -23.492025 0.446940 -0.115267 3.000324 417.900223 0.126829 -24.549597 -32.834438
1 -18.207790 0.569488 -70.529314 4.947319 250.883643 0.953851 -18.035216 -32.834438
1 -53.013786 0.085043 76.214479 0.005189 171.952304 0.814867 19.634565 -32.839896
1 -17.595607 0.415700 -3.214054 2.495426 383.579144 0.303708 -12.408635 -32.839896
1 -43.527909 0.709345 -79.377291 4.410322 365.363160 0.757564 71.009618 -32.839896
1 -32.225300 0.686104 -54.681001 7.314983 462.849973 0.445632 47.387621 -32.839896
1 -29.944646 0.055693 17.064543 0.365470 152.069462 0.898554 12.363333 -32.839896
1 -12.950435 0.417692 85.301295 0.414189 185.656242 0.467049 -4.867488 -32.839896
1 -10.453986 0.663977 81.181739 2.635123 315.311023 0.287368 5.645433 -32.839896
1 -31.789285 0.680097 -62.767911 7.606313 458.502069 0.522160 51.886347 -32.839896
1 -29.608090 0.494377 -5.876978 3.478111 449.407557 0.100503 -22.495676 -32.839896
1 -18.191781 0.564563 -69.131925 4.787345 254.366990 0.938172 -17.002655 -32.839896
1 -48.189814 0.159129 71.135415 0.130882 170.308854 0.843212 25.087023 -32.846587
1 -15.584217 0.371095 -10.676083 3.971258 442.860615 0.364958 -27.685857 -32.846587
1 -39.291248 0.711800 -80.170280 4.474509 368.844762 0.754421 71.530604 -32.846587
1 -32.863405 0.714607 -57.810179 7.112652 459.682434 0.480642 59.459939 -32.846587
1 -13.475424 0.008644 25.142815 1.376696 194.058427 0.793901 -7.195031 -32.846587
1 -13.097473 0.424921 81.972539 0.390409 185.797343 0.505537 -2.881038 -32.846587
1 -39.854557 0.501163 -42.094168 3.279698 419.226857 0.145666 22.931703 -32.846587
1 -31.176929 0.643360 -50.132518 6.773221 423.789208 0.526261 41.758863 -32.846587
1 -37.335385 0.535813 -10.647673 3.538247 466.041403 0.112594 -10.389742 -32.846587
1 -25.968505 0.493552 -48.743318 3.838553 183.987394 1.062925 -3.674813 -32.846587
1 -34.150211 0.121826 76.428709 0.915159 194.503513 0.810065 24.192609 -32.854628
1 -17.715062 0.374872 -12.750061 4.034762 443.199439 0.371864 -31.195443 -32.854628
1 -41.264473 0.725041 -83.306399 4.488040 375.561846 0.756067 70.384144 -32.854628
1 -35.569512 0.753595 -43.417775 6.591229 439.747413 0.437234 51.280556 -32.854628
1 -17.402816 0.012147 17.688501 0.877741 186.250503 0.756608 2.489948 -32.854628
1 -11.267084 0.457429 76.909463 0.156940 144.301026 0.686846 -7.715510 -32.854628
1 -39.810405 0.506883 -42.269169 3.132557 412.161342 0.147417 22.553942 -32.854628
1 -36.955925 0.640123 -34.199295 6.945652 432.459502 0.574815 29.596202 -32.854628
1 -39.450334 0.553293 -12.702304 3.581186 470.409378 0.127177 -9.505399 -32.854628
1 -23.442652 0.501358 -50.341015 3.893935 191.627758 1.049229 -4.473598 -32.854628
1 -41.307424 0.158570 88.838905 1.161374 200.211601 0.848204 37.099226 -32.865324
1 -25.863541 0.399153 -16.630381 4.151304 433.751469 0.372894 -50.032735 -32.865324
1 -41.296251 0.743703 -79.704684 4.630266 377.195448 0.754677 71.287050 -32.865324
1 -32.454263 0.768657 -49.596894 6.771650 448.689933 0.412326 39.248517 -32.865324
1 -17.403480 0.020466 21.060396 0.910302 187.386807 0.755246 2.417410 -32.865324
1 -13.907412 0.447378 76.943018 0.141388 152.338563 0.644162 -4.510800 -32.865324
1 -36.060931 0.514782 -47.947868 3.002267 413.493070 0.080529 20.696036 -32.865324
1 -36.067268 0.651824 -34.988639 7.110209 418.180129 0.666356 20.200836 -32.865324
1 -37.412384 0.551522 -12.041047 3.564390 468.359772 0.130706 -9.700129 -32.865324
1 -26.021975 0.502265 -50.481508 3.899548 191.496996 1.051516 -4.285549 -32.865324
1 -53.605468 0.094451 59.548836 0.479354 220.626149 0.708312 28.827386 -32.877683
1 -27.838736 0.411185 -14.446238 4.250709 432.874275 0.353439 -55.868931 -32.877683
1 -27.912192 0.603522 -76.932091 4.310711 332.235873 0.682928 49.159774 -32.877683
1 -3.102393 0.042644 -11.365439 0.114977 250.664362 0.977570 70.356984 -32.877683
1 -18.599778 0.022799 17.200874 0.930445 193.491983 0.738968 3.783862 -32.877683
1 -13.077315 0.262988 78.654347 0.133699 201.028890 0.156575 -4.043526 -32.877683
1 -22.754618 0.457124 34.844894 3.547809 359.516122 0.491872 82.346571 -32.877683
1 -18.952211 0.672935 -84.245358 3.959643 378.710879 0.423086 44.519412 -32.877683
1 -14.386706 0.506611 13.444014 2.724927 387.296431 0.307712 -4.447695 -32.877683
1 -25.962530 0.499640 -49.805810 3.879460 191.053368 1.051158 -4.381129 -32.877683
1 -68.296903 0.762145 80.544399 0.435265 218.479144 0.852969 41.156085 -32.901922
1 -27.844334 0.418064 -11.837550 4.194542 432.014000 0.329658 -55.764075 -32.901922
1 -36.684677 0.564886 -55.354898 4.781743 336.836392 0.678827 52.306759 -32.901922
1 -237.840020 0.781866 19.839459 1.772226 436.382339 0.719055 23.247305 -32.901922
1 -22.128154 0.064220 15.816144 0.695091 204.449848 0.660687 11.100774 -32.901922
1 -16.100934 0.133721 83.021633 0.777330 249.764593 0.230081 11.609452 -32.901922
1 -21.524347 0.469405 32.733114 3.425428 350.406158 0.488214 84.047731 -32.901922
1 -18.837424 0.670057 -81.845154 3.767344 373.274613 0.378648 41.525059 -32.901922
1 -13.194406 0.513823 14.482499 2.675961 385.485668 0.327913 -0.929712 -32.901922
1 -24.351113 0.488655 -51.575560 3.889983 191.122539 1.050740 -6.476807 -32.901922
1 -34.596090 0.798613 69.355802 0.794283 198.501528 0.903122 45.020904 -32.948139
1 -27.869144 0.416045 -11.788135 4.169411 429.011778 0.337152 -56.908574 -32.948139
1 -34.899108 0.553381 -54.060501 4.402519 329.198605 0.664916 52.815056 -32.948139
1 -339.177386 0.681738 18.176759 1.076527 434.056803 0.691690 21.947380 -32.948139
1 -26.399747 0.066320 12.756615 0.740720 208.998833 0.665311 11.218191 -32.948139
1 -25.461965 0.179946 -80.993379 0.367695 231.529496 0.298505 13.985551 -32.948139
1 -26.537430 0.426499 -2.321112 4.128076 371.999359 0.462040 -83.479896 -32.948139
1 -20.953696 0.666913 -82.798208 3.861734 376.953613 0.385972 41.084428 -32.948139
1 -13.055463 0.521809 13.076582 2.654617 386.078265 0.335160 -1.395220 -32.948139
1 -22.278688 0.478077 -51.365883 3.894729 184.403044 1.061478 -4.587427 -32.948139
1 -39.340581 0.085197 -72.086793 2.051083 240.423676 0.792521 37.294881 -32.981937
1 -32.865526 0.361955 -18.299988 4.657490 421.807287 0.385919 89.712158 -32.981937
1 -37.808431 0.528514 -62.184698 4.627410 330.903309 0.726007 59.345333 -32.981937
1 -22.271345 0.501080 -50.787347 3.975752 181.158803 1.070796 -4.464418 -32.981937
1 -26.934346 0.076646 -41.964357 0.257034 199.858148 0.527819 10.512841 -32.981937
1 -14.367363 0.189481 -75.072192 0.911219 248.319502 0.293055 -6.834364 -32.981937
1 -31.676709 0.477150 -13.950064 2.900833 373.570984 0.325569 -65.571601 -32.981937
1 -12.143080 0.633389 81.396140 3.133790 371.080379 0.238455 35.739242 -32.981937
1 -11.714417 0.520392 18.630674 2.601397 363.089642 0.224620 -17.573257 -32.981937
1 -28.415080 0.453950 -52.442015 3.432272 162.881094 1.074082 6.556278 -32.981937
1 -39.239927 0.057906 -67.906997 1.804475 249.371052 0.730393 35.818962 -33.044589
1 -36.438451 0.307680 -23.777569 4.016454 413.377352 0.345939 -89.269996 -33.044589
1 -23.359526 0.628621 -69.975692 5.075755 285.909867 0.814643 15.221705 -33.044589
1 -24.356534 0.503887 -48.351771 3.964599 182.503585 1.073587 -6.148631 -33.044589
1 -13.620268 0.081191 -29.900861 1.204888 267.045547 0.339478 -11.781877 -33.044589
1 -21.066085 0.291827 -62.892177 0.560032 230.380543 0.381141 -1.821113 -33.044589
1 -25.798933 0.526438 0.359551 3.282219 393.990880 0.292286 -44.887540 -33.044589
1 -12.172725 0.664731 81.647312 3.286110 373.345480 0.257135 35.011154 -33.044589
1 -11.651159 0.517554 20.132128 2.514135 339.743441 0.280198 -29.045833 -33.044589
1 -31.004560 0.514685 -40.439537 3.843170 191.563208 1.055480 2.337698 -33.044589
1 -11.793675 0.518370 -83.093759 6.878600 235.585305 1.023148 -8.157022 -33.156505
1 -36.433493 0.311105 -19.936951 4.027749 414.060541 0.336844 -89.198834 -33.156505
1 -20.256481 0.690740 -83.786107 4.717005 229.557582 0.942482 21.202408 -33.156505
1 -27.002421 0.498265 -47.953398 3.916686 180.606962 1.076935 -6.507608 -33.156505
1 -14.444102 0.071358 -31.055500 1.347509 273.217554 0.355757 -8.677464 -33.156505
1 -17.382146 0.238246 -84.800850 1.375966 242.804787 0.536555 3.411922 -33.156505
1 -23.897638 0.547651 1.264660 3.433787 391.515398 0.320949 -44.700019 -33.156505
1 -11.615711 0.651556 83.920476 3.251441 371.127533 0.261596 37.207603 -33.156505
1 -22.010858 0.562235 5.618774 2.276542 367.886644 0.192059 -23.992659 -33.156505
1 -28.367058 0.513477 -40.504503 3.913532 188.395242 1.063687 2.299717 -33.156505
1 -18.208377 0.546037 -68.692788 6.577148 227.652817 1.055277 -15.264474 -33.386295
1 -32.852261 0.338821 -18.331754 4.500310 430.166087 0.330098 89.967800 -33.386295
1 -23.384800 0.737050 -69.976499 5.000184 252.991347 0.889065 16.947276 -33.386295
1 -22.713240 0.492140 -54.396263 3.902409 182.311279 1.066586 -8.761433 -33.386295
1 -13.194200 0.066505 -37.567861 1.357145 274.097641 0.338299 -19.820800 -33.386295
1 -12.909877 0.220225 89.282999 1.345527 224.590164 0.577464 -2.027461 -33.386295
1 -31.751606 0.670830 -3.048889 3.017602 342.931072 0.409959 -72.848777 -33.386295
1 -24.726391 0.642067 -74.180590 3.203757 368.314982 0.265951 31.959703 -33.386295
1 -14.102931 0.605031 18.680064 2.579892 350.253974 0.218115 -30.408613 -33.386295
1 -26.925205 0.520859 -47.472708 4.662165 201.451610 1.054317 2.516457 -33.386295
1 -22.353683 0.600407 -61.600169 8.225655 445.601126 0.620648 3.096159 -33.722784
1 -12.515865 0.637104 26.315516 3.551725 384.360286 0.152992 -46.200706 -33.722784
1 -20.160462 0.696002 -77.734705 4.563579 252.634904 0.869329 26.407479 -33.722784
1 -22.686227 0.493116 -54.209175 3.906712 182.619786 1.065714 -8.829263 -33.722784
1 -11.903903 0.073480 -45.608366 1.486541 276.632003 0.368111 -13.044490 -33.722784
1 -14.450560 0.185164 89.654799 1.081599 209.313389 0.611464 -8.524764 -33.722784
1 -37.806241 0.687923 -13.510404 3.095331 367.041292 0.397654 -71.537084 -33.722784
1 -35.057719 0.678820 -62.372240 2.107907 358.925297 0.143795 30.623184 -33.722784
1 -17.886006 0.604573 17.522082 3.178341 385.259042 0.158058 -39.648885 -33.722784
1 -13.335830 0.430034 -64.581647 0.979082 209.323880 0.667762 -29.758969 -33.722784
1 -22.683747 0.622605 -64.179936 8.354450 454.602388 0.596858 0.963656 -33.960357
1 -10.372580 0.624369 34.531027 3.451130 369.303937 0.185182 -53.045293 -33.960357
1 -20.211895 0.695632 -77.606545 4.370737 249.627607 0.862141 24.086016 -33.960357
1 -21.344528 0.512236 -52.414762 3.891940 195.094242 1.045236 -9.486339 -33.960357
1 -14.495794 0.052712 -46.027665 1.623532 280.624020 0.410561 -9.606805 -33.960357
1 -12.266286 0.151829 88.215127 1.858267 236.860475 0.654907 -14.480762 -33.960357
1 -35.663650 0.656403 -15.042269 2.920429 389.911924 0.416210 -46.859050 -33.960357
1 -29.518625 0.688854 -67.590064 2.994818 389.296288 0.160360 47.395717 -33.960357
1 -17.430834 0.616970 19.802773 3.307639 375.646586 0.218984 -41.849938 -33.960357
1 -12.460319 0.359377 -66.026918 0.954375 194.313994 0.721657 -32.702762 -33.960357
1 -27.023288 0.609721 -58.627780 8.077451 451.442376 0.607191 2.902588 -34.250439
1 -16.325096 0.697989 23.969223 3.901276 398.832502 0.153970 -60.011857 -34.250439
1 -22.753680 0.686409 -72.757161 4.996331 245.858261 0.920875 32.428158 -34.250439
1 -30.269460 0.638431 -38.818616 4.104019 198.631418 1.088535 -13.633243 -34.250439
1 -12.089961 0.299098 -80.576767 0.626419 190.121750 0.557436 -18.279637 -34.250439
1 -12.269665 0.158298 88.277944 2.012830 240.788723 0.668551 -13.459023 -34.250439
1 -45.950787 0.749209 -12.520594 2.249980 337.854951 0.539887 -53.492917 -34.250439
1 -28.212583 0.639628 -68.483199 3.870904 423.462683 0.185777 55.400757 -34.250439
1 -10.658775 0.584561 35.413279 3.407018 387.796014 0.085304 -66.605504 -34.250439
1 -14.614841 0.274892 -53.783542 0.908695 195.407169 0.709819 -15.945041 -34.250439
1 -26.268839 0.607209 -59.995026 8.004929 450.106953 0.611797 -0.162106 -34.419394
1 -8.990412 0.464447 45.663027 2.835860 373.863550 0.019986 -71.967322 -34.419394
1 -26.611286 0.677445 -69.118472 4.955628 242.559038 0.925461 28.994402 -34.419394
1 -22.388520 0.622588 -65.460495 3.426805 213.186227 0.948702 -7.442729 -34.419394
1 -13.430504 0.248391 85.603023 1.041830 216.193653 0.546574 1.162500 -34.419394
1 -10.024627 0.251188 -84.181530 5.567116 302.785381 0.864284 -24.398966 -34.419394
1 -12.053486 0.132227 -84.815693 2.233614 269.434118 0.590133 -22.622773 -34.419394
1 -14.022801 0.644957 -87.946717 3.607109 417.693068 0.123356 57.690266 -34.419394
1 -10.666000 0.563488 36.325911 3.311678 385.411663 0.087563 -69.639988 -34.419394
1 -18.268347 0.263303 -61.829314 1.331911 194.206624 0.800344 -0.616346 -34.419394
1 -21.591387 0.630967 -67.504023 8.020603 467.539504 0.506113 4.370586 -34.666066
1 -8.499534 0.467169 45.150839 2.954607 380.223932 0.017350 -70.355218 -34.666066
1 -26.005959 0.617258 -72.697430 5.047745 252.994616 0.916422 32.193153 -34.666066
1 -22.717111 0.646609 -68.378429 3.905958 232.617836 0.928970 -10.031009 -34.666066
1 -12.755221 0.279407 76.428226 1.393970 265.182855 0.321704 0.004274 -34.666066
1 -11.261175 0.251947 -84.113629 5.623507 302.397242 0.870049 -25.087268 -34.666066
1 -9.362090 0.130854 84.474883 2.400541 245.980289 0.714171 -16.831878 -34.666066
1 -11.757337 0.636678 89.641941 3.584154 414.220689 0.132389 57.922639 -34.666066
1 -10.353531 0.568727 38.681306 3.580581 397.591109 0.077396 -61.341955 -34.666066
1 -21.126168 0.241271 -45.136148 1.150296 213.759118 0.711330 -5.338132 -34.666066
1 -19.219889 0.660857 -69.429891 8.345965 476.800765 0.497238 -0.405332 -34.934653
1 -8.711781 0.492890 38.154574 2.718218 366.726817 0.008112 -65.217601 -34.934653
1 -9.418388 0.391054 64.140580 1.855858 300.005551 0.234788 12.268931 -34.934653
1 -25.977012 0.235173 -89.269616 4.759571 303.015229 0.827346 33.050625 -34.934653
1 -14.378464 0.306162 80.499534 1.445028 270.091715 0.323052 4.739193 -34.934653
1 -10.032845 0.251794 -84.232246 5.624363 302.612932 0.868826 -24.802479 -34.934653
1 -36.883213 0.409814 -55.929487 0.198880 245.535591 0.281055 20.320640 -34.934653
1 -10.638557 0.700419 84.834794 3.348048 389.707374 0.116595 47.072222 -34.934653
1 -8.517257 0.592012 44.132484 3.796118 408.286418 0.045598 -63.418106 -34.934653
1 -22.490174 0.215380 -49.287579 0.673584 205.507097 0.639588 -1.265860 -34.934653
1 -10.592279 0.382553 69.046340 1.802998 294.022869 0.287127 16.196204 -35.239493
1 -10.261716 0.475834 39.240998 2.557981 356.286583 0.032823 -60.361746 -35.239493
1 -10.003875 0.397799 66.495053 2.000944 308.447171 0.236407 12.691416 -35.239493
1 -25.947793 0.226467 87.310796 4.796527 298.296731 0.845779 32.048510 -35.239493
1 -13.989648 0.354147 88.050176 1.332887 270.220102 0.278073 13.611652 -35.239493
1 -8.569249 0.246432 -84.958396 5.526732 306.932567 0.856985 -29.007493 -35.239493
1 -2.062425 0.436551 -60.683343 0.442977 267.031563 0.269002 17.916149 -35.239493
1 -10.502091 0.714434 81.759254 3.517686 397.795234 0.107645 41.829006 -35.239493
1 -8.571047 0.572845 42.833094 3.567041 397.750089 0.060150 -61.179556 -35.239493
1 -18.826859 0.277275 -51.950670 1.344650 235.949837 0.624054 -5.388003 -35.239493
1 -11.898536 0.383500 78.443299 1.854182 297.868077 0.267297 10.539710 -35.519575
1 -12.809184 0.480467 28.225314 2.047441 330.118865 0.068622 -52.828779 -35.519575
1 -11.008700 0.323085 50.842295 1.599610 282.379781 0.340739 10.201209 -35.519575
1 -8.410868 0.535710 80.517145 2.873799 368.437470 0.025673 -7.508626 -35.519575
1 -15.138105 0.375867 -86.465964 1.563883 289.768124 0.238163 10.071835 -35.519575
1 -8.559251 0.246681 -84.771802 5.559678 307.920227 0.856906 -29.008948 -35.519575
1 -2.020842 0.432752 -60.712532 0.305972 258.880339 0.273196 20.696694 -35.519575
1 -5.657074 0.730472 81.373124 3.331969 390.900477 0.078174 78.094241 -35.519575
1 -8.585037 0.594924 40.409803 3.806719 413.620710 0.020802 -63.283762 -35.519575
1 -17.758976 0.245909 -46.095564 0.999433 204.150035 0.709454 -7.486186 -35.519575
1 -11.639296 0.254679 -89.337365 1.850596 304.784301 0.227460 -3.721655 -35.853845
1 -12.782967 0.467172 28.462394 1.952732 324.291748 0.081988 -50.463476 -35.853845
1 -9.438050 0.433621 38.429051 2.167417 306.492318 0.269235 -25.571149 -35.853845
1 -14.400619 0.540774 -83.461778 2.034127 332.544930 0.068730 -11.711094 -35.853845
1 -7.439886 0.494704 56.900691 2.221111 323.405843 0.196989 12.020103 -35.853845
1 -9.783637 0.248649 -83.470265 5.511499 308.306461 0.855285 -29.368689 -35.853845
1 -1.971437 0.468578 -52.406121 0.419527 276.317826 0.178849 13.911633 -35.853845
1 -10.409807 0.701636 85.159863 4.072682 441.965755 0.120222 75.426080 -35.853845
1 -11.976603 0.622187 31.027729 4.450476 437.862454 0.091260 -33.535768 -35.853845
1 -14.631021 0.269383 -50.311413 1.152827 205.285026 0.718141 -15.243106 -35.853845
1 -10.772910 0.244387 -83.157465 1.851830 301.632019 0.270276 -13.254315 -36.220058
1 -12.418014 0.445341 33.781102 2.055041 331.651852 0.061722 -57.892501 -36.220058
1 -7.697777 0.432553 37.845518 2.222578 308.675683 0.273181 -25.553147 -36.220058
1 -17.883247 0.576032 -78.355446 2.305845 346.136836 0.092832 2.429867 -36.220058
1 -7.145073 0.526008 69.352879 2.181927 326.506317 0.176443 29.150101 -36.220058
1 -9.770795 0.248236 -83.574581 5.519458 308.518344 0.855283 -29.503808 -36.220058
1 -2.021712 0.500593 -53.601999 0.488017 285.664339 0.196830 14.921653 -36.220058
1 -8.911294 0.696738 84.017125 3.962299 436.960834 0.132241 77.784808 -36.220058
1 -11.920021 0.620753 31.181081 4.425462 433.093052 0.118158 -31.527283 -36.220058
1 -15.454744 0.272988 -52.339864 1.076214 209.185857 0.692662 -14.247154 -36.220058
1 -12.120255 0.234399 -84.272633 1.878570 304.311726 0.278169 -20.137436 -36.559213
1 -8.501139 0.418776 42.366279 1.883933 302.323751 0.140074 -47.758754 -36.559213
1 -7.269511 0.483631 56.577689 1.907868 290.753453 0.217744 -57.147769 -36.559213
1 -9.057122 0.696704 80.391428 3.115199 346.509286 0.242163 17.017193 -36.559213
1 -7.118947 0.489033 59.131275 2.012012 320.010478 0.187391 23.758249 -36.559213
1 -9.804248 0.247505 -83.989322 5.507377 307.945392 0.855801 -29.749120 -36.559213
1 -2.108194 0.431616 -39.691857 0.378603 266.007257 0.311971 17.281042 -36.559213
1 -7.382722 0.741910 76.820153 4.345986 441.115205 0.086732 69.355903 -36.559213
1 -7.763393 0.678179 38.860667 4.096363 403.618382 0.136294 -28.125751 -36.559213
1 -15.430452 0.303286 -52.804541 1.268873 221.443472 0.668630 -12.856705 -36.559213
1 -7.376864 0.761730 34.651150 1.502901 284.564812 0.074579 -8.330107 -36.901350
1 -12.749528 0.729722 30.365561 0.875462 229.929408 0.394051 -30.947504 -36.901350
1 -7.240346 0.487221 58.297803 2.009897 296.850849 0.209716 -55.791354 -36.901350
1 -5.803145 0.694405 61.518574 2.583470 329.725859 0.266019 21.111906 -36.901350
1 -8.943181 0.554246 72.121211 2.306396 334.792455 0.173686 31.408276 -36.901350
1 -9.819423 0.247980 -83.417618 5.509809 307.366322 0.857788 -29.387570 -36.901350
1 -2.149974 0.442206 -32.124068 0.440191 268.749025 0.281654 13.907700 -36.901350
1 -6.856902 0.795604 82.424220 4.786338 456.954513 0.193426 -73.223995 -36.901350
1 -9.735288 0.706787 29.975258 3.418474 372.854231 0.132582 -44.358743 -36.901350
1 -15.966082 0.309746 -57.829305 0.470131 178.098888 0.685386 -16.224738 -36.901350
1 -7.683202 0.765722 37.082009 1.531191 282.615867 0.119952 -10.121188 -37.210417
1 -9.152063 0.787141 39.116687 1.165886 227.275105 0.357547 -31.009490 -37.210417
1 -7.235627 0.491421 55.716118 1.982594 297.060463 0.195673 -58.100564 -37.210417
1 -5.300158 0.690888 62.226987 2.577180 329.093497 0.267313 21.458967 -37.210417
1 -9.548903 0.654642 71.757482 2.223846 294.934644 0.459916 30.339039 -37.210417
1 -8.552002 0.236177 -83.295567 5.423809 304.151961 0.857650 -27.242435 -37.210417
1 -2.122732 0.435867 -31.085718 0.494196 271.657361 0.282171 10.028964 -37.210417
1 -6.856634 0.784860 82.307928 4.757002 455.509964 0.196812 -71.771696 -37.210417
1 -14.493263 0.769682 22.265982 3.388264 383.437463 0.093060 -45.572994 -37.210417
1 -10.177956 0.717941 32.519292 1.916449 313.800010 0.068386 -16.521804 -37.210417
1 -7.749320 0.644778 39.976812 1.813811 304.374082 0.029634 -7.749897 -37.631715
1 -6.387575 0.743316 39.769431 1.263680 228.278460 0.345995 -35.374681 -37.631715
1 -8.771835 0.491739 51.835467 1.906465 295.505325 0.183922 -61.052727 -37.631715
1 -1.886161 0.237097 -78.624880 1.017189 285.428244 0.007028 13.171652 -37.631715
1 -12.986251 0.634894 79.373703 2.964950 307.599924 0.557028 31.276097 -37.631715
1 -9.830982 0.228782 -82.770886 5.630340 300.688396 0.881535 -27.944596 -37.631715
1 -2.148087 0.453677 -29.399053 0.727843 291.022905 0.259425 5.913717 -37.631715
1 -6.059100 0.780618 82.678671 4.694251 454.144215 0.190000 -73.097511 -37.631715
1 -11.916910 0.799301 28.138569 3.489787 384.740686 0.069919 -49.270951 -37.631715
1 -7.727302 0.735311 36.788560 2.031596 306.486244 0.122975 -16.059194 -37.631715
1 -6.397196 0.651475 44.438673 2.024758 310.746466 0.050059 -12.962130 -38.099311
1 -6.411356 0.751583 42.847625 1.214392 220.286798 0.360963 -35.316388 -38.099311
1 -8.547255 0.582326 45.407162 2.161051 300.081406 0.206529 -53.656433 -38.099311
1 -1.855143 0.240651 -78.964058 1.036252 289.233577 0.002324 13.981640 -38.099311
1 -2.283712 0.520164 -22.040589 0.793263 294.897718 0.306535 2.327805 -38.099311
1 -9.818779 0.229392 -82.833279 5.609189 300.697097 0.881305 -28.956231 -38.099311
1 -2.154856 0.457381 -30.046811 0.768332 296.535143 0.258535 6.117173 -38.099311
1 -7.236774 0.784599 82.484329 4.771827 464.594068 0.207659 -77.927782 -38.099311
1 -11.859394 0.792206 29.206024 3.577099 384.006839 0.090037 -45.373357 -38.099311
1 -6.391134 0.749216 41.271519 2.116561 307.283910 0.109146 -17.247191 -38.099311
1 -6.403579 0.662488 45.089261 2.025107 310.463954 0.047494 -11.087266 -38.512992
1 -9.276675 0.684149 36.106569 0.870465 218.760722 0.375752 -27.732961 -38.512992
1 -8.098963 0.658452 41.610970 2.214213 294.689120 0.236873 -59.512172 -38.512992
1 -1.877004 0.250880 -76.422210 0.986310 285.057380 0.000460 14.297138 -38.512992
1 -2.269815 0.485337 -22.749305 0.838579 292.512914 0.331814 0.133348 -38.512992
1 -8.641664 0.201662 89.586918 5.497184 301.260748 0.861130 -23.905753 -38.512992
1 -2.613547 0.490638 -13.636765 0.894273 293.731186 0.330455 2.953530 -38.512992
1 -8.570352 0.796300 83.172798 4.781301 466.172522 0.218470 -77.684831 -38.512992
1 -2.198389 0.475317 -25.278715 1.054678 311.064387 0.278815 -4.634010 -38.512992
1 -1.904149 0.245047 -78.404730 0.984353 287.552214 0.016454 14.806375 -38.512992
1 -7.875035 0.651026 38.234980 1.830149 305.829265 0.034281 -8.028654 -38.838973
1 -7.722303 0.726216 35.563952 0.933261 205.869748 0.454345 -26.632948 -38.838973
1 -1.874455 0.230708 -81.948828 0.998127 282.120833 0.002270 17.559333 -38.838973
1 -1.894906 0.274082 -79.977994 0.849519 275.691275 0.037892 12.645121 -38.838973
1 -2.408774 0.521218 -18.208506 0.781830 282.088471 0.367804 -0.543359 -38.838973
1 -7.347848 0.185262 84.061893 5.308513 292.365706 0.866243 -19.874159 -38.838973
1 -2.375762 0.502374 -18.073072 0.708222 295.662633 0.331113 12.096327 -38.838973
1 -6.060253 0.799880 83.394847 4.793713 465.988474 0.243519 -77.610868 -38.838973
1 -2.087775 0.406331 -38.682234 0.629244 277.493338 0.267310 4.576189 -38.838973
1 -1.907670 0.255986 -75.969431 0.981121 288.604204 0.027487 13.862963 -38.838973
1 -6.437857 0.674170 44.956286 2.256723 324.829297 0.014040 -16.243197 -39.078813
1 -7.703479 0.755169 38.861921 0.946838 198.555705 0.492080 -32.972992 -39.078813
1 -1.860270 0.232232 -81.854185 0.960891 279.837237 0.004023 18.324052 -39.078813
1 -1.870683 0.258392 -81.745746 0.906949 279.423488 0.000069 14.669037 -39.078813
1 -2.379057 0.527265 -18.810742 0.758028 285.033871 0.376178 0.195611 -39.078813
1 -1.890579 0.277295 -78.163359 0.838367 275.667106 0.042159 11.826331 -39.078813
1 -2.435348 0.530323 -15.621079 0.655477 275.462242 0.420332 6.477267 -39.078813
1 -6.108804 0.792348 83.834983 4.624938 459.803456 0.238301 -78.141424 -39.078813
1 -2.151640 0.453110 -25.999272 0.470758 264.735074 0.296764 4.152698 -39.078813
1 -1.904529 0.281036 -63.545812 0.812185 279.275404 0.045608 3.891487 -39.078813
1 -1.960874 0.316676 -63.167588 0.732867 280.350807 0.105261 12.482353 -39.270552
1 -6.371736 0.748415 42.625693 0.929399 199.920662 0.430312 -33.367915 -39.270552
1 -1.919998 0.171888 -66.867084 0.341833 244.768077 0.125087 22.251761 -39.270552
1 -1.954626 0.272395 -69.401699 0.876502 281.914235 0.041726 25.992944 -39.270552
1 -2.505273 0.335999 -7.803531 0.472828 268.588897 0.420856 30.004061 -39.270552
1 -1.884897 0.257440 -77.012749 0.790562 273.367677 0.026492 7.086973 -39.270552
1 -2.613472 0.561435 -12.219929 0.708333 280.177725 0.425349 5.785756 -39.270552
1 -6.075114 0.787737 81.970191 4.750907 461.063398 0.224074 -77.243496 -39.270552
1 -2.152645 0.451825 -25.935295 0.456210 263.706281 0.300861 4.566111 -39.270552
1 -2.293345 0.333978 -47.230726 0.323959 273.161137 0.428689 31.984874 -39.270552
1 -1.970128 0.310692 -55.066766 0.726929 276.965514 0.136698 8.229505 -39.451006
1 -7.686900 0.791489 41.647495 0.968094 203.901722 0.442441 -28.904592 -39.451006
1 -1.922260 0.158449 -78.077728 0.372006 237.455019 0.049874 21.982785 -39.451006
1 -1.859555 0.240782 -72.692719 0.713073 271.367278 0.038275 28.473252 -39.451006
1 -2.547360 0.316646 -2.441612 0.377866 265.018367 0.460690 34.019685 -39.451006
1 -1.877380 0.266351 -73.443030 0.762806 269.127275 0.048978 6.811087 -39.451006
1 -2.586344 0.570054 -12.906947 0.570738 271.977515 0.420119 5.739868 -39.451006
1 -2.539817 0.256948 -21.158219 0.228179 275.148082 0.513328 45.897431 -39.451006
1 -1.927884 0.236413 -52.716197 0.400747 249.777333 0.111488 11.892839 -39.451006
1 -2.482836 0.469108 -25.856898 0.188721 286.578763 0.570721 37.513834 -39.451006
1 -2.074659 0.261374 -43.309364 0.788316 288.230899 0.128788 21.032084 -39.592519
1 -1.997284 0.107113 -70.137821 0.442194 257.123957 0.177808 39.687396 -39.592519
1 -1.836130 0.155877 -79.763898 0.640297 258.077361 0.025542 6.286747 -39.592519
1 -1.943056 0.249493 -74.279949 0.538600 253.661737 0.079547 27.828447 -39.592519
1 -2.487877 0.314161 -2.053635 0.373088 252.629980 0.418514 26.246214 -39.592519
1 -1.863548 0.274773 -78.146826 0.767393 267.163458 0.048715 1.785826 -39.592519
1 -2.389138 0.575341 -17.736297 0.509791 270.090815 0.406430 6.373221 -39.592519
1 -2.269810 0.263039 -27.584023 0.164798 260.100783 0.410162 38.144999 -39.592519
1 -2.036204 0.263839 -47.074458 0.431522 254.030435 0.205094 15.988909 -39.592519
1 -2.640147 0.515502 -18.370287 0.282978 304.532908 0.566681 39.999486 -39.592519
