#REFERENCE 3 341.3548610 28.1458110
   #ID       X         Y         R       EPS       TAU       AMP       E_AMP      DMAG  TIME[days]  DTIME    PARITY
   1.1     0.693    -1.227     1.409     1.000   192.520    20.650   163.890      3.29     -12.4       0.0    +-
   1.1     0.309     2.183     2.205     0.999    24.025    44.188  1039.747      4.11     -69.7     -57.4    ++
   1.1    -0.019    -0.151     0.152     0.999    23.732     1.913     7.940      0.70       3.6      15.9    --
   1.2     0.657    -1.244     1.407     1.000   349.290    25.753   403.702      3.53     -12.2       0.2    +-
   1.2    -0.020    -0.153     0.154     1.000    43.953     1.919     7.955      0.71       3.6      16.0    --
   1.2     0.313     2.187     2.209     1.000    34.859    24.271   124.528      3.46     -70.1     -57.7    ++
   2.1    -0.083    -1.517     1.519     0.999    25.872    27.088   618.997      3.58     -17.0       0.0    ++
   2.1     0.865    -1.189     1.470     0.999    24.388    62.157  1971.452      4.48     -16.4       0.5    +-
   2.1     0.370     2.130     2.162     0.981     5.093    40.444   613.237      4.02     -65.6     -48.7    ++
   2.1    -0.030    -0.126     0.130     0.952     3.119     1.860     7.794      0.67       2.6      19.6    --
   2.1    -1.302    -0.877     1.570     0.000     0.000    17.714    58.287      3.12     -15.3       1.7    +-
   2.2     0.866    -1.190     1.471     0.999    26.601    34.837   342.041      3.86     -16.5       0.5    +-
   2.2    -1.305    -0.872     1.570     0.999    25.917    20.279   160.751      3.27     -15.3       1.7    +-
   2.2    -0.031    -0.126     0.130     0.979     4.830     1.859     7.793      0.67       2.6      19.6    --
   2.2     0.372     2.129     2.161     0.927     2.475    27.148   155.750      3.58     -65.6     -48.6    ++
   2.2    -0.073    -1.518     1.519     0.001     0.001    18.133   167.814      3.15     -17.0      -0.1    ++
   1.3    -0.686    -2.540     2.631     1.000    49.233     7.209    23.323      2.14    -105.3       0.0    ++
