#REFERENCE 3 28.1644670 -13.9684820
   #ID       X         Y         R       EPS       TAU       AMP       E_AMP      DMAG  TIME[days]  DTIME    PARITY
   1.1    -3.557    -0.401     3.579     0.773     1.217     1.578     0.228      0.50    -620.0       0.0    ++
   1.1     1.213     0.561     1.337     0.742     1.108     3.786     1.028      1.45    -241.3     378.7    ++
   1.1     0.407     1.077     1.151     0.000     0.000     1.591     0.062      0.50    -231.9     388.1    +-
   1.2    -3.596    -0.274     3.606     0.989     6.667     1.561     0.217      0.48    -639.5     -19.6    ++
   1.2     0.907     0.907     1.283     0.825     1.459   206.723  6949.244      5.79    -237.7     382.2    ++
   1.2     0.696     1.036     1.248     0.001     0.001     6.112     1.462      1.97    -237.6     382.4    +-
   1.3     0.284     1.123     1.159     0.999    19.481     1.184     0.051      0.18    -245.3     374.6    +-
   1.3    -3.458    -0.389     3.479     0.998    14.769     1.621     0.251      0.52    -589.8      30.1    ++
   1.3     1.359     0.482     1.442     0.997    12.786     2.923     0.597      1.16    -266.8     353.2    ++
   1.4    -4.343    -0.886     4.432     0.000     0.000     1.359     0.126      0.33    -860.0    -240.1    ++
   2.1    -0.014    -0.099     0.100     0.865     1.727     0.069     0.004     -2.90    -199.1       0.0    --
   2.1    -0.072    -0.556     0.561     0.821     1.437     0.504     0.047     -0.74    -203.9      -4.8    +-
   2.1    -3.152    -0.490     3.190     0.474     0.539     1.796     0.359      0.64    -489.9    -290.8    ++
   2.1     1.761     0.162     1.768     0.232     0.239     2.030     0.279      0.77    -346.3    -147.2    ++
   2.1    -0.012     1.060     1.060     0.000     0.000     0.772     0.050     -0.28    -254.2     -55.1    +-
   2.2    -3.359    -0.172     3.363     0.868     1.746     1.663     0.274      0.55    -574.5    -375.4    ++
   2.2     0.289     1.266     1.299     0.686     0.942     1.384     0.068      0.35    -279.1     -80.1    +-
   2.2     1.350     0.722     1.531     0.000     0.000     3.009     0.570      1.20    -296.5     -97.5    ++
