#REFERENCE 3 328.4033970 17.6954390
   #ID       X         Y         R       EPS       TAU       AMP       E_AMP      DMAG  TIME[days]  DTIME    PARITY
   1.1    15.605   -32.955    36.463     0.996    10.567     1.561     0.047      0.48  -18370.5       0.0    ++
   1.1   -16.641     9.334    19.080     0.667     0.895     3.743     0.242      1.43  -12507.6    5862.9    +-
   1.1   -16.595     9.517    19.131     0.001     0.001     3.472     0.203      1.35  -12507.5    5863.0    ++
   1.2    16.598   -31.518    35.621     0.972     4.125     1.591     0.053      0.50  -17889.3     481.2    ++
   1.2   -15.129    12.630    19.708     0.952     3.098     2.091     0.081      0.80  -12407.0    5963.5    ++
   1.2   -14.648     4.126    15.218     0.916     2.276     3.881     0.202      1.47  -12340.9    6029.6    +-
   1.2   -14.407     6.926    15.986     0.900     2.062     5.946     0.381      1.94  -12342.0    6028.5    +-
   2.1    15.878   -33.009    36.629     0.933     2.591     1.579     0.047      0.50  -18429.3       0.0    ++
   2.1   -16.344     9.208    18.760     0.571     0.696     4.604     0.345      1.66  -12381.3    6048.0    +-
   2.2    16.397   -31.525    35.534     0.904     2.121     1.580     0.052      0.50  -17863.7     565.6    ++
   2.2   -15.528     7.263    17.142     0.880     1.857     6.190     0.415      1.98  -12413.2    6016.1    +-
   2.2   -14.526     7.364    16.285     0.877     1.825    18.253     3.197      3.15  -12413.2    6016.2    +-
   2.2   -15.366    12.656    19.907     0.804     1.352     2.077     0.080      0.79  -12481.9    5947.4    ++
   2.2   -14.872     3.881    15.370     0.500     0.578     3.870     0.204      1.47  -12412.2    6017.2    +-
   3.1    16.550   -32.987    36.906     0.909     2.182     1.647     0.050      0.54  -18521.2       0.0    ++
   3.1   -14.649     9.849    17.652     0.414     0.455     3.214     0.137      1.27  -12103.0    6418.2    ++
   3.1   -14.272     9.371    17.074     0.000     0.000     4.153     0.250      1.55  -12102.8    6418.4    +-
   3.2    15.948   -31.970    35.727     0.707     1.000     1.571     0.050      0.49  -17999.2     522.0    ++
   3.2   -15.878    11.967    19.883     0.600     0.750     2.168     0.084      0.84  -12558.7    5962.5    ++
   3.2   -16.251     7.243    17.792     0.000     0.000     5.464     0.541      1.84  -12519.4    6001.8    +-
