#REFERENCE 3 87.3333130 -62.0870760
1	-3.125000	-20.224966	11.978613	-7.964454	
1	-3.075847	-20.214844	11.954942	-7.929560	
2	-3.125000	-20.201990	12.013265	-7.989128	
2	-3.075847	-20.214844	11.954942	-7.929560	
3	-1.354543	-1.269531	10.705384	2.843103	
3	-1.269531	-1.280915	10.622421	2.823880	
4	-1.269531	-1.280915	10.622421	2.823880	
4	-1.171875	-1.289612	10.523035	2.800840	
5	-1.367188	-1.267793	10.717510	2.845913	
5	-1.354543	-1.269531	10.705384	2.843103	
6	-1.464844	-1.251082	10.808716	2.867059	
6	-1.367188	-1.267793	10.717510	2.845913	
7	-1.562500	-1.230194	10.896103	2.887354	
7	-1.464844	-1.251082	10.808716	2.867059	
8	-0.976562	-1.292528	10.309997	2.751328	
8	-0.878906	-1.286129	10.195543	2.724617	
9	-0.878906	-1.286129	10.195543	2.724617	
9	-0.781250	-1.273864	10.075112	2.696408	
10	-1.171875	-1.289612	10.523035	2.800840	
10	-1.074219	-1.293571	10.419015	2.776693	
11	-1.074219	-1.293571	10.419015	2.776693	
11	-0.976562	-1.292528	10.309997	2.751328	
12	-0.488281	-1.203337	9.673379	2.601452	
12	-0.412302	-1.171875	9.556181	2.573487	
13	-0.585938	-1.233828	9.815024	2.635088	
13	-0.488281	-1.203337	9.673379	2.601452	
14	-0.781250	-1.273864	10.075112	2.696408	
14	-0.759851	-1.269531	10.047630	2.689955	
15	-0.683594	-1.256753	9.948539	2.666636	
15	-0.585938	-1.233828	9.815024	2.635088	
16	-0.759851	-1.269531	10.047630	2.689955	
16	-0.683594	-1.256753	9.948539	2.666636	
17	-0.390625	-1.164527	9.522531	2.565434	
17	-0.292969	-1.120283	9.362513	2.526978	
18	-0.292969	-1.120283	9.362513	2.526978	
18	-0.216723	-1.074219	9.227554	2.494316	
19	-0.216723	-1.074219	9.227554	2.494316	
19	-0.195312	-1.063597	9.189527	2.485069	
20	-0.097656	-0.997447	9.002852	2.439346	
20	-0.074983	-0.976562	8.955548	2.427661	
21	-0.195312	-1.063597	9.189527	2.485069	
21	-0.097656	-0.997447	9.002852	2.439346	
22	-0.074983	-0.976562	8.955548	2.427661	
22	0.000000	-0.917392	8.798074	2.388403	
23	-0.412302	-1.171875	9.556181	2.573487	
23	-0.390625	-1.164527	9.522531	2.565434	
24	-2.457681	-0.878906	11.551777	3.043880	
24	-2.441406	-0.887101	11.541783	3.041388	
25	-2.441406	-0.887101	11.541783	3.041388	
25	-2.343750	-0.937060	11.480835	3.026293	
26	-2.539062	-0.834560	11.600381	3.056077	
26	-2.457681	-0.878906	11.551777	3.043880	
27	-2.634383	-0.781250	11.655453	3.070060	
27	-2.539062	-0.834560	11.600381	3.056077	
28	-1.660156	-1.205268	10.979882	2.906866	
28	-1.562500	-1.230194	10.896103	2.887354	
29	-1.757812	-1.176462	11.060250	2.925657	
29	-1.660156	-1.205268	10.979882	2.906866	
30	-1.772618	-1.171875	11.072170	2.928452	
30	-1.757812	-1.176462	11.060250	2.925657	
31	-1.953125	-1.109283	11.211726	2.961361	
31	-1.855469	-1.144624	11.137521	2.943815	
32	-1.855469	-1.144624	11.137521	2.943815	
32	-1.772618	-1.171875	11.072170	2.928452	
33	-2.246094	-0.984418	11.417465	3.010774	
33	-2.148438	-1.029021	11.351569	2.994802	
34	-2.263351	-0.976562	11.428902	3.013563	
34	-2.246094	-0.984418	11.417465	3.010774	
35	-2.042137	-1.074219	11.276829	2.976860	
35	-1.953125	-1.109283	11.211726	2.961361	
36	-2.050781	-1.070562	11.283005	2.978336	
36	-2.042137	-1.074219	11.276829	2.976860	
37	-2.148438	-1.029021	11.351569	2.994802	
37	-2.050781	-1.070562	11.283005	2.978336	
38	-2.343750	-0.937060	11.480835	3.026293	
38	-2.263351	-0.976562	11.428902	3.013563	
39	-2.957400	-0.585938	11.827161	3.115004	
39	-2.929688	-0.602762	11.813173	3.111255	
40	-2.800836	-0.683594	11.746778	3.093685	
40	-2.734375	-0.722710	11.710945	3.084346	
41	-2.832031	-0.663683	11.763066	3.097963	
41	-2.800836	-0.683594	11.746778	3.093685	
42	-2.929688	-0.602762	11.813173	3.111255	
42	-2.832031	-0.663683	11.763066	3.097963	
43	-3.107126	-0.488281	11.899360	3.134646	
43	-3.027344	-0.539977	11.861311	3.124232	
44	-3.027344	-0.539977	11.861311	3.124232	
44	-2.957400	-0.585938	11.827161	3.115004	
45	-3.125000	-0.475749	11.907586	3.136918	
45	-3.107126	-0.488281	11.899360	3.134646	
46	-2.734375	-0.722710	11.710945	3.084346	
46	-2.636719	-0.779832	11.656762	3.070395	
47	-2.636719	-0.779832	11.656762	3.070395	
47	-2.634383	-0.781250	11.655453	3.070060	
48	-3.222656	-0.409897	11.952003	3.149310	
48	-3.125000	-0.475749	11.907586	3.136918	
49	-3.252172	-0.390625	11.965214	3.153040	
49	-3.222656	-0.409897	11.952003	3.149310	
50	-3.392502	-0.292969	12.025144	3.170239	
50	-3.320312	-0.342594	11.994621	3.161420	
51	-3.417969	-0.274087	12.035503	3.173262	
51	-3.392502	-0.292969	12.025144	3.170239	
52	-3.515625	-0.204277	12.074660	3.184835	
52	-3.417969	-0.274087	12.035503	3.173262	
53	-3.320312	-0.342594	11.994621	3.161420	
53	-3.252172	-0.390625	11.965214	3.153040	
54	-3.528735	-0.195312	12.079862	3.186390	
54	-3.515625	-0.204277	12.074660	3.184835	
55	-3.662787	-0.097656	12.130608	3.201816	
55	-3.613281	-0.133051	12.112097	3.196134	
56	-3.613281	-0.133051	12.112097	3.196134	
56	-3.528735	-0.195312	12.079862	3.186390	
57	-3.710938	-0.060604	12.147863	3.207173	
57	-3.662787	-0.097656	12.130608	3.201816	
58	-3.792183	0.000000	12.176445	3.216185	
58	-3.710938	-0.060604	12.147863	3.207173	
59	42.510233	-62.109375	36.525809	-44.558900	
59	42.578125	-62.175548	36.523838	-44.548247	
60	42.738773	-62.304688	36.486964	-44.455580	
60	42.773438	-62.358282	36.449876	-44.446180	
61	42.864940	-62.402344	36.420423	-44.447764	
61	42.871094	-62.416611	36.419422	-44.447834	
62	42.871094	-62.416611	36.419422	-44.447834	
62	42.968750	-62.450316	36.405314	-44.447244	
63	42.773438	-62.358282	36.449876	-44.446180	
63	42.864940	-62.402344	36.420423	-44.447764	
64	42.773438	-62.250337	36.449405	-44.542516	
64	42.871094	-62.273995	36.412834	-44.477434	
65	42.871094	-62.273995	36.412834	-44.477434	
65	42.968750	-62.288752	36.409287	-44.465971	
66	42.585885	-62.207031	36.523385	-44.541316	
66	42.675781	-62.233429	36.522015	-44.533014	
67	42.675781	-62.233429	36.522015	-44.533014	
67	42.738773	-62.304688	36.486964	-44.455580	
68	42.773438	-62.250337	36.449405	-44.542516	
68	42.720503	-62.207031	36.508402	-44.551821	
69	42.720503	-62.207031	36.508402	-44.551821	
69	42.701696	-62.109375	36.507615	-44.558445	
70	42.578125	-62.175548	36.523838	-44.548247	
70	42.585885	-62.207031	36.523385	-44.541316	
71	42.675781	-62.016928	36.515523	-44.560821	
71	42.659330	-62.011719	36.518002	-44.561750	
72	42.675781	-62.016928	36.515523	-44.560821	
72	42.701696	-62.109375	36.507615	-44.558445	
73	42.578125	-61.933717	36.529383	-44.568700	
73	42.659330	-62.011719	36.518002	-44.561750	
74	42.510233	-62.109375	36.525809	-44.558900	
74	42.507461	-62.011719	36.529026	-44.567454	
75	42.507461	-62.011719	36.529026	-44.567454	
75	42.578125	-61.933717	36.529383	-44.568700	
76	43.658455	-61.816406	36.411372	-44.424452	
76	43.750000	-61.890887	36.385833	-44.404526	
77	43.652344	-61.811754	36.413015	-44.425815	
77	43.658455	-61.816406	36.411372	-44.424452	
78	43.554688	-61.726233	36.440487	-44.449949	
78	43.652344	-61.811754	36.413015	-44.425815	
79	43.546713	-61.718750	36.442774	-44.452067	
79	43.554688	-61.726233	36.440487	-44.449949	
80	43.261719	-61.524124	36.509565	-44.521156	
80	43.359375	-61.580242	36.489361	-44.498725	
81	43.260149	-61.523438	36.509848	-44.521481	
81	43.261719	-61.524124	36.509565	-44.521156	
82	43.164062	-61.475259	36.527248	-44.542185	
82	43.260149	-61.523438	36.509848	-44.521481	
83	43.054289	-61.425781	36.544355	-44.564319	
83	43.066406	-61.430675	36.542652	-44.562009	
84	43.066406	-61.430675	36.542652	-44.562009	
84	43.164062	-61.475259	36.527248	-44.542185	
85	42.968750	-61.373652	36.557551	-44.583361	
85	43.054289	-61.425781	36.544355	-44.564319	
86	43.420060	-61.621094	36.475283	-44.483919	
86	43.457031	-61.647937	36.466203	-44.474699	
87	43.457031	-61.647937	36.466203	-44.474699	
87	43.546713	-61.718750	36.442774	-44.452067	
88	43.359375	-61.580242	36.489361	-44.498725	
88	43.420060	-61.621094	36.475283	-44.483919	
89	42.914214	-61.328125	36.566330	-44.597578	
89	42.968750	-61.373652	36.557551	-44.583361	
90	42.855301	-61.230469	36.579606	-44.622715	
90	42.871094	-61.262371	36.575650	-44.614671	
91	42.871094	-61.262371	36.575650	-44.614671	
91	42.914214	-61.328125	36.566330	-44.597578	
92	42.855301	-61.230469	36.579606	-44.622715	
92	42.826004	-61.132812	36.590064	-44.646821	
93	42.826004	-61.132812	36.590064	-44.646821	
93	42.810837	-61.035156	36.599107	-44.671815	
94	42.810837	-61.035156	36.599107	-44.671815	
94	42.803822	-60.937500	36.607173	-44.698401	
95	42.803822	-60.937500	36.607173	-44.698401	
95	42.802375	-60.839844	36.614406	-44.726884	
96	42.802375	-60.839844	36.614406	-44.726884	
96	42.805214	-60.742188	36.620844	-44.757423	
97	42.805214	-60.742188	36.620844	-44.757423	
97	42.811646	-60.644531	36.626482	-44.790120	
98	42.811646	-60.644531	36.626482	-44.790120	
98	42.821284	-60.546875	36.631291	-44.825045	
99	42.821284	-60.546875	36.631291	-44.825045	
99	42.833914	-60.449219	36.635227	-44.862257	
100	42.833914	-60.449219	36.635227	-44.862257	
100	42.849435	-60.351562	36.638238	-44.901808	
101	42.849435	-60.351562	36.638238	-44.901808	
101	42.867825	-60.253906	36.640262	-44.943749	
102	42.871094	-60.239572	36.640472	-44.950105	
102	42.887740	-60.156250	36.641233	-44.988138	
103	42.867825	-60.253906	36.640262	-44.943749	
103	42.871094	-60.239572	36.640472	-44.950105	
104	42.968750	-59.847176	36.636480	-45.145128	
104	42.992688	-59.765625	36.633010	-45.190783	
105	42.992688	-59.765625	36.633010	-45.190783	
105	43.024576	-59.667969	36.627492	-45.247892	
106	43.024576	-59.667969	36.627492	-45.247892	
106	43.059774	-59.570312	36.620383	-45.307722	
107	43.059774	-59.570312	36.620383	-45.307722	
107	43.066406	-59.553876	36.619018	-45.318095	
108	43.066406	-59.553876	36.619018	-45.318095	
108	43.095968	-59.472656	36.611596	-45.370130	
109	43.095968	-59.472656	36.611596	-45.370130	
109	43.135167	-59.375000	36.600996	-45.435296	
110	42.887740	-60.156250	36.641233	-44.988138	
110	42.910107	-60.058594	36.641074	-45.034992	
111	42.910107	-60.058594	36.641074	-45.034992	
111	42.935289	-59.960938	36.639709	-45.084358	
112	42.935289	-59.960938	36.639709	-45.084358	
112	42.963443	-59.863281	36.637050	-45.136297	
113	42.963443	-59.863281	36.637050	-45.136297	
113	42.968750	-59.847176	36.636480	-45.145128	
114	43.135167	-59.375000	36.600996	-45.435296	
114	43.164062	-59.309710	36.592808	-45.480552	
115	43.164062	-59.309710	36.592808	-45.480552	
115	43.177098	-59.277344	36.588456	-45.503238	
116	43.177098	-59.277344	36.588456	-45.503238	
116	43.220558	-59.179688	36.573880	-45.573810	
117	43.220558	-59.179688	36.573880	-45.573810	
117	43.261719	-59.095385	36.559476	-45.637208	
118	43.261719	-59.095385	36.559476	-45.637208	
118	43.267706	-59.082031	36.557064	-45.647327	
119	43.267706	-59.082031	36.557064	-45.647327	
119	43.315779	-58.984375	36.537968	-45.723349	
120	43.359375	-58.903450	36.520166	-45.788781	
120	43.367724	-58.886719	36.516312	-45.802370	
121	43.367724	-58.886719	36.516312	-45.802370	
121	43.420822	-58.789062	36.492087	-45.883838	
122	43.420822	-58.789062	36.492087	-45.883838	
122	43.457031	-58.727921	36.475380	-45.936597	
123	43.457031	-58.727921	36.475380	-45.936597	
123	43.477222	-58.691406	36.465006	-45.968151	
124	43.477222	-58.691406	36.465006	-45.968151	
124	43.535819	-58.593750	36.434981	-46.055003	
125	43.315779	-58.984375	36.537968	-45.723349	
125	43.359375	-58.903450	36.520166	-45.788781	
126	43.535819	-58.593750	36.434981	-46.055003	
126	43.554688	-58.564625	36.425339	-46.081645	
127	43.554688	-58.564625	36.425339	-46.081645	
127	43.596444	-58.496094	36.401884	-46.144242	
128	43.652344	-58.411549	36.370427	-46.223861	
128	43.660532	-58.398438	36.365401	-46.236170	
129	43.596444	-58.496094	36.401884	-46.144242	
129	43.652344	-58.411549	36.370427	-46.223861	
130	43.660532	-58.398438	36.365401	-46.236170	
130	43.726090	-58.300781	36.325620	-46.330064	
131	43.726090	-58.300781	36.325620	-46.330064	
131	43.750000	-58.267700	36.311175	-46.362736	
132	44.140625	-62.029134	36.288310	-44.349256	
132	44.238281	-62.041573	36.262686	-44.338916	
133	44.238281	-62.041573	36.262686	-44.338916	
133	44.335938	-62.049946	36.235831	-44.329381	
134	44.335938	-62.049946	36.235831	-44.329381	
134	44.433594	-62.055197	36.207611	-44.320588	
135	44.433594	-62.055197	36.207611	-44.320588	
135	44.531250	-62.057887	36.177948	-44.312518	
136	43.847656	-61.948064	36.360705	-44.387303	
136	43.945312	-61.986109	36.336761	-44.373000	
137	43.788938	-61.914062	36.375884	-44.397424	
137	43.847656	-61.948064	36.360705	-44.387303	
138	44.046616	-62.011719	36.312035	-44.360113	
138	44.140625	-62.029134	36.288310	-44.349256	
139	44.042969	-62.011006	36.312930	-44.360550	
139	44.046616	-62.011719	36.312035	-44.360113	
140	43.945312	-61.986109	36.336761	-44.373000	
140	44.042969	-62.011006	36.312930	-44.360550	
141	43.750000	-61.890887	36.385833	-44.404526	
141	43.788938	-61.914062	36.375884	-44.397424	
142	44.921875	-62.048258	36.044033	-44.287774	
142	45.019531	-62.041333	36.006617	-44.283642	
143	45.019531	-62.041333	36.006617	-44.283642	
143	45.117188	-62.032674	35.967590	-44.280419	
144	45.117188	-62.032674	35.967590	-44.280419	
144	45.214844	-62.022269	35.926938	-44.278158	
145	45.214844	-62.022269	35.926938	-44.278158	
145	45.298936	-62.011719	35.890618	-44.277025	
146	45.298936	-62.011719	35.890618	-44.277025	
146	45.312500	-62.010217	35.884642	-44.276915	
147	44.531250	-62.057887	36.177948	-44.312518	
147	44.628906	-62.058360	36.146789	-44.305175	
148	44.628906	-62.058360	36.146789	-44.305175	
148	44.726562	-62.056832	36.114100	-44.298582	
149	44.726562	-62.056832	36.114100	-44.298582	
149	44.824219	-62.053438	36.079855	-44.292769	
150	44.824219	-62.053438	36.079855	-44.292769	
150	44.921875	-62.048258	36.044033	-44.287774	
151	45.800781	-61.928049	35.648189	-44.288210	
151	45.861430	-61.914062	35.615820	-44.291929	
152	45.703125	-61.948271	35.698861	-44.283384	
152	45.800781	-61.928049	35.648189	-44.288210	
153	45.898438	-61.906426	35.595822	-44.294470	
153	45.996094	-61.883981	35.541814	-44.302240	
154	45.996094	-61.883981	35.541814	-44.302240	
154	46.093750	-61.859333	35.486062	-44.311619	
155	45.861430	-61.914062	35.615820	-44.291929	
155	45.898438	-61.906426	35.595822	-44.294470	
156	45.410156	-61.997375	35.840691	-44.276751	
156	45.507812	-61.982826	35.795089	-44.277729	
157	45.312500	-62.010217	35.884642	-44.276915	
157	45.410156	-61.997375	35.840691	-44.276751	
158	45.605469	-61.966491	35.747819	-44.279917	
158	45.703125	-61.948271	35.698861	-44.283384	
159	45.507812	-61.982826	35.795089	-44.277729	
159	45.605469	-61.966491	35.747819	-44.279917	
160	46.484375	-61.742134	35.245743	-44.367156	
160	46.549159	-61.718750	35.203026	-44.379521	
161	46.386719	-61.774398	35.308445	-44.350354	
161	46.484375	-61.742134	35.245743	-44.367156	
162	46.289062	-61.803896	35.369293	-44.335594	
162	46.386719	-61.774398	35.308445	-44.350354	
163	46.093750	-61.859333	35.486062	-44.311619	
163	46.191406	-61.832293	35.428519	-44.322711	
164	46.191406	-61.832293	35.428519	-44.322711	
164	46.243610	-61.816406	35.396958	-44.329393	
165	46.243610	-61.816406	35.396958	-44.329393	
165	46.289062	-61.803896	35.369293	-44.335594	
166	46.549159	-61.718750	35.203026	-44.379521	
166	46.582031	-61.707913	35.181302	-44.386093	
167	46.582031	-61.707913	35.181302	-44.386093	
167	46.679688	-61.672819	35.115355	-44.407212	
168	46.679688	-61.672819	35.115355	-44.407212	
168	46.777344	-61.634433	35.047451	-44.430791	
169	46.777344	-61.634433	35.047451	-44.430791	
169	46.808670	-61.621094	35.025172	-44.438933	
170	46.808670	-61.621094	35.025172	-44.438933	
170	46.875000	-61.595008	34.978090	-44.456799	
171	47.753906	-61.135011	34.285418	-44.828368	
171	47.757231	-61.132812	34.282577	-44.830345	
172	47.656250	-61.196618	34.367737	-44.772842	
172	47.753906	-61.135011	34.285418	-44.828368	
173	47.851562	-61.072303	34.202875	-44.887467	
173	47.905628	-61.035156	34.156338	-44.922355	
174	47.949219	-61.005885	34.119243	-44.951001	
174	48.044740	-60.937500	34.036639	-45.017546	
175	47.905628	-61.035156	34.156338	-44.922355	
175	47.949219	-61.005885	34.119243	-44.951001	
176	47.757231	-61.132812	34.282577	-44.830345	
176	47.851562	-61.072303	34.202875	-44.887467	
177	46.972656	-61.553177	34.907016	-44.485475	
177	47.036537	-61.523438	34.859318	-44.505876	
178	46.875000	-61.595008	34.978090	-44.456799	
178	46.972656	-61.553177	34.907016	-44.485475	
179	47.070312	-61.508784	34.834217	-44.516989	
179	47.167969	-61.463031	34.760090	-44.551332	
180	47.167969	-61.463031	34.760090	-44.551332	
180	47.241033	-61.425781	34.703170	-44.579270	
181	47.241033	-61.425781	34.703170	-44.579270	
181	47.265625	-61.413984	34.684146	-44.588914	
182	47.036537	-61.523438	34.859318	-44.505876	
182	47.070312	-61.508784	34.834217	-44.516989	
183	47.363281	-61.363708	34.607110	-44.629565	
183	47.427074	-61.328125	34.555552	-44.658223	
184	47.265625	-61.413984	34.684146	-44.588914	
184	47.363281	-61.363708	34.607110	-44.629565	
185	47.427074	-61.328125	34.555552	-44.658223	
185	47.460938	-61.310171	34.528427	-44.673775	
186	47.460938	-61.310171	34.528427	-44.673775	
186	47.558594	-61.254649	34.448649	-44.721455	
187	47.558594	-61.254649	34.448649	-44.721455	
187	47.598329	-61.230469	34.415523	-44.742118	
188	47.598329	-61.230469	34.415523	-44.742118	
188	47.656250	-61.196618	34.367737	-44.772842	
189	48.437500	-60.627430	33.696884	-45.335933	
189	48.528579	-60.546875	33.618510	-45.421081	
190	48.828125	-60.255646	33.366072	-45.732787	
190	48.829799	-60.253906	33.364699	-45.734661	
191	48.829799	-60.253906	33.364699	-45.734661	
191	48.920458	-60.156250	33.290533	-45.839296	
192	48.528579	-60.546875	33.618510	-45.421081	
192	48.535156	-60.540960	33.612889	-45.427380	
193	48.535156	-60.540960	33.612889	-45.427380	
193	48.632812	-60.450468	33.529629	-45.523876	
194	48.632812	-60.450468	33.529629	-45.523876	
194	48.634131	-60.449219	33.528512	-45.525213	
195	48.730469	-60.355590	33.447322	-45.625569	
195	48.734528	-60.351562	33.443933	-45.629900	
196	48.634131	-60.449219	33.528512	-45.525213	
196	48.730469	-60.355590	33.447322	-45.625569	
197	48.734528	-60.351562	33.443933	-45.629900	
197	48.828125	-60.255646	33.366072	-45.732787	
198	49.218750	-59.793358	33.056602	-46.221888	
198	49.239832	-59.765625	33.041105	-46.250765	
199	49.239832	-59.765625	33.041105	-46.250765	
199	49.309344	-59.667969	32.989641	-46.350686	
200	49.316406	-59.657393	32.984352	-46.361333	
200	49.376117	-59.570312	32.941945	-46.449514	
201	49.309344	-59.667969	32.989641	-46.350686	
201	49.316406	-59.657393	32.984352	-46.361333	
202	49.414062	-59.510260	32.914711	-46.509040	
202	49.438632	-59.472656	32.898131	-46.546513	
203	49.438632	-59.472656	32.898131	-46.546513	
203	49.497708	-59.375000	32.857887	-46.641838	
204	49.376117	-59.570312	32.941945	-46.449514	
204	49.414062	-59.510260	32.914711	-46.509040	
205	48.920458	-60.156250	33.290533	-45.839296	
205	48.925781	-60.150253	33.286170	-45.845665	
206	48.925781	-60.150253	33.286170	-45.845665	
206	49.006757	-60.058594	33.221243	-45.943528	
207	49.006757	-60.058594	33.221243	-45.943528	
207	49.023438	-60.038691	33.207812	-45.964527	
208	49.023438	-60.038691	33.207812	-45.964527	
208	49.088731	-59.960938	33.156688	-46.047031	
209	49.088731	-59.960938	33.156688	-46.047031	
209	49.121094	-59.920052	33.131197	-46.089792	
210	49.121094	-59.920052	33.131197	-46.089792	
210	49.166430	-59.863281	33.096699	-46.149529	
211	49.166430	-59.863281	33.096699	-46.149529	
211	49.218750	-59.793358	33.056602	-46.221888	
212	48.044740	-60.937500	34.036639	-45.017546	
212	48.046875	-60.935995	34.034813	-45.019061	
213	48.046875	-60.935995	34.034813	-45.019061	
213	48.144531	-60.864296	33.950577	-45.091112	
214	48.144531	-60.864296	33.950577	-45.091112	
214	48.176126	-60.839844	33.923015	-45.115629	
215	48.176126	-60.839844	33.923015	-45.115629	
215	48.242188	-60.789007	33.866006	-45.167874	
216	48.242188	-60.789007	33.866006	-45.167874	
216	48.300148	-60.742188	33.815559	-45.215895	
217	48.300148	-60.742188	33.815559	-45.215895	
217	48.339844	-60.710066	33.781346	-45.249458	
218	48.339844	-60.710066	33.781346	-45.249458	
218	48.417437	-60.644531	33.714120	-45.317854	
219	48.417437	-60.644531	33.714120	-45.317854	
219	48.437500	-60.627430	33.696884	-45.335933	
220	49.497708	-59.375000	32.857887	-46.641838	
220	49.511719	-59.349960	32.848196	-46.665813	
221	49.511719	-59.349960	32.848196	-46.665813	
221	49.554189	-59.277344	32.820956	-46.735617	
222	49.554189	-59.277344	32.820956	-46.735617	
222	49.606275	-59.179688	32.787393	-46.827196	
223	49.606275	-59.179688	32.787393	-46.827196	
223	49.609375	-59.173395	32.785351	-46.832992	
224	49.609375	-59.173395	32.785351	-46.832992	
224	49.656924	-59.082031	32.756745	-46.917315	
225	49.656924	-59.082031	32.756745	-46.917315	
225	49.702991	-58.984375	32.729156	-47.005047	
226	49.702991	-58.984375	32.729156	-47.005047	
226	49.707031	-58.975026	32.726677	-47.013292	
227	49.707031	-58.975026	32.726677	-47.013292	
227	49.747759	-58.886719	32.704230	-47.091128	
228	49.747759	-58.886719	32.704230	-47.091128	
228	49.788552	-58.789062	32.682014	-47.174876	
229	49.804688	-58.746463	32.673149	-47.210606	
229	49.827158	-58.691406	32.662272	-47.256624	
230	49.827158	-58.691406	32.662272	-47.256624	
230	49.863216	-58.593750	32.644903	-47.336239	
231	49.788552	-58.789062	32.682014	-47.174876	
231	49.804688	-58.746463	32.673149	-47.210606	
232	49.863216	-58.593750	32.644903	-47.336239	
232	49.895719	-58.496094	32.629813	-47.413541	
233	49.902344	-58.473841	32.626686	-47.430797	
233	49.926839	-58.398438	32.616826	-47.488807	
234	49.895719	-58.496094	32.629813	-47.413541	
234	49.902344	-58.473841	32.626686	-47.430797	
235	49.926839	-58.398438	32.616826	-47.488807	
235	49.955209	-58.300781	32.605867	-47.561815	
236	49.955209	-58.300781	32.605867	-47.561815	
236	49.980522	-58.203125	32.596829	-47.632533	
237	49.980522	-58.203125	32.596829	-47.632533	
237	50.000000	-58.118236	32.590445	-47.692156	
238	50.000000	-56.433410	32.664180	-48.531473	
238	49.973246	-56.347656	32.675242	-48.557848	
239	49.973246	-56.347656	32.675242	-48.557848	
239	49.936528	-56.250000	32.688686	-48.586388	
240	43.750000	-58.267700	36.311175	-46.362736	
240	43.794453	-58.203125	36.282238	-46.426168	
241	43.794453	-58.203125	36.282238	-46.426168	
241	43.847656	-58.131541	36.247836	-46.498401	
242	43.847656	-58.131541	36.247836	-46.498401	
242	43.866220	-58.105469	36.235002	-46.524543	
243	43.866220	-58.105469	36.235002	-46.524543	
243	43.941055	-58.007812	36.183807	-46.624904	
244	43.945312	-58.002580	36.180916	-46.630395	
244	44.018167	-57.910156	36.128690	-46.726730	
245	44.042969	-57.880726	36.111039	-46.758123	
245	44.099086	-57.812500	36.069197	-46.830397	
246	44.018167	-57.910156	36.128690	-46.726730	
246	44.042969	-57.880726	36.111039	-46.758123	
247	43.941055	-58.007812	36.183807	-46.624904	
247	43.945312	-58.002580	36.180916	-46.630395	
248	45.410156	-56.641010	34.960786	-48.109305	
248	45.410727	-56.640625	34.960288	-48.109698	
249	45.312500	-56.709390	35.046856	-48.039648	
249	45.410156	-56.641010	34.960786	-48.109305	
250	45.703125	-56.446977	34.705318	-48.295101	
250	45.705888	-56.445312	34.702978	-48.296665	
251	45.996094	-56.271460	34.459466	-48.446672	
251	46.036029	-56.250000	34.427320	-48.464634	
252	45.898438	-56.327718	34.539964	-48.399838	
252	45.996094	-56.271460	34.459466	-48.446672	
253	45.705888	-56.445312	34.702978	-48.296665	
253	45.800781	-56.385693	34.621761	-48.349486	
254	45.800781	-56.385693	34.621761	-48.349486	
254	45.865924	-56.347656	34.567371	-48.383281	
255	45.865924	-56.347656	34.567371	-48.383281	
255	45.898438	-56.327718	34.539964	-48.399838	
256	45.410727	-56.640625	34.960288	-48.109698	
256	45.507812	-56.573403	34.874533	-48.175443	
257	45.507812	-56.573403	34.874533	-48.175443	
257	45.554521	-56.542969	34.834003	-48.205298	
258	45.605469	-56.508675	34.789292	-48.237349	
258	45.703125	-56.446977	34.705318	-48.295101	
259	45.554521	-56.542969	34.834003	-48.205298	
259	45.605469	-56.508675	34.789292	-48.237349	
260	44.099086	-57.812500	36.069197	-46.830397	
260	44.140625	-57.765064	36.038448	-46.881719	
261	44.140625	-57.765064	36.038448	-46.881719	
261	44.183880	-57.714844	36.005149	-46.935707	
262	44.238281	-57.655194	35.963515	-47.001042	
262	44.272637	-57.617188	35.936363	-47.042437	
263	44.183880	-57.714844	36.005149	-46.935707	
263	44.238281	-57.655194	35.963515	-47.001042	
264	44.335938	-57.550627	35.886523	-47.116086	
264	44.365466	-57.519531	35.862664	-47.150331	
265	44.433594	-57.450856	35.807686	-47.226908	
265	44.462499	-57.421875	35.783884	-47.259100	
266	44.365466	-57.519531	35.862664	-47.150331	
266	44.433594	-57.450856	35.807686	-47.226908	
267	44.272637	-57.617188	35.936363	-47.042437	
267	44.335938	-57.550627	35.886523	-47.116086	
268	44.462499	-57.421875	35.783884	-47.259100	
268	44.531250	-57.355403	35.727191	-47.333575	
269	44.531250	-57.355403	35.727191	-47.333575	
269	44.563887	-57.324219	35.699867	-47.368412	
270	44.628906	-57.263858	35.645218	-47.436134	
270	44.669800	-57.226562	35.610480	-47.477887	
271	44.563887	-57.324219	35.699867	-47.368412	
271	44.628906	-57.263858	35.645218	-47.436134	
272	44.726562	-57.175885	35.561960	-47.534602	
272	44.780423	-57.128906	35.515620	-47.587097	
273	44.824219	-57.091233	35.477631	-47.628966	
273	44.895966	-57.031250	35.415229	-47.695558	
274	44.780423	-57.128906	35.515620	-47.587097	
274	44.824219	-57.091233	35.477631	-47.628966	
275	44.669800	-57.226562	35.610480	-47.477887	
275	44.726562	-57.175885	35.561960	-47.534602	
276	44.895966	-57.031250	35.415229	-47.695558	
276	44.921875	-57.009731	35.392473	-47.719189	
277	44.921875	-57.009731	35.392473	-47.719189	
277	45.016661	-56.933594	35.309298	-47.802733	
278	45.019531	-56.931287	35.306752	-47.805222	
278	45.117188	-56.854697	35.220190	-47.887540	
279	45.016661	-56.933594	35.309298	-47.802733	
279	45.019531	-56.931287	35.306752	-47.805222	
280	45.117188	-56.854697	35.220190	-47.887540	
280	45.142104	-56.835938	35.198239	-47.907719	
281	45.142104	-56.835938	35.198239	-47.907719	
281	45.214844	-56.780660	35.133430	-47.965719	
282	45.214844	-56.780660	35.133430	-47.965719	
282	45.273296	-56.738281	35.081856	-48.010237	
283	45.273296	-56.738281	35.081856	-48.010237	
283	45.312500	-56.709390	35.046856	-48.039648	
284	46.036029	-56.250000	34.427320	-48.464634	
284	46.093750	-56.217103	34.380492	-48.490054	
285	46.093750	-56.217103	34.380492	-48.490054	
285	46.191406	-56.165472	34.303429	-48.529981	
286	46.191406	-56.165472	34.303429	-48.529981	
286	46.218052	-56.152344	34.282891	-48.540224	
287	46.218052	-56.152344	34.282891	-48.540224	
287	46.289062	-56.114872	34.227844	-48.566863	
288	46.386719	-56.067362	34.154440	-48.600541	
288	46.414817	-56.054688	34.133837	-48.609616	
289	46.289062	-56.114872	34.227844	-48.566863	
289	46.386719	-56.067362	34.154440	-48.600541	
290	46.414817	-56.054688	34.133837	-48.609616	
290	46.484375	-56.020764	34.082669	-48.631440	
291	46.777344	-55.894131	33.879735	-48.707924	
291	46.868664	-55.859375	33.820440	-48.727197	
292	46.679688	-55.934682	33.945412	-48.684942	
292	46.777344	-55.894131	33.879735	-48.707924	
293	46.484375	-56.020764	34.082669	-48.631440	
293	46.582031	-55.976922	34.013078	-48.659486	
294	46.582031	-55.976922	34.013078	-48.659486	
294	46.630141	-55.957031	33.979750	-48.672248	
295	46.630141	-55.957031	33.979750	-48.672248	
295	46.679688	-55.934682	33.945412	-48.684942	
296	46.868664	-55.859375	33.820440	-48.727197	
296	46.875000	-55.856722	33.816337	-48.728478	
297	47.363281	-55.691741	33.529023	-48.800537	
297	47.460938	-55.665358	33.477742	-48.809497	
298	47.265625	-55.720702	33.582363	-48.789897	
298	47.363281	-55.691741	33.529023	-48.800537	
299	47.460938	-55.665358	33.477742	-48.809497	
299	47.466327	-55.664062	33.474978	-48.809943	
300	47.466327	-55.664062	33.474978	-48.809943	
300	47.558594	-55.639061	33.428305	-48.816903	
301	47.558594	-55.639061	33.428305	-48.816903	
301	47.656250	-55.615180	33.380882	-48.822813	
302	46.875000	-55.856722	33.816337	-48.728478	
302	46.972656	-55.819168	33.754633	-48.746916	
303	46.972656	-55.819168	33.754633	-48.746916	
303	47.070312	-55.784789	33.695206	-48.763183	
304	47.070312	-55.784789	33.695206	-48.763183	
304	47.142050	-55.761719	33.652983	-48.773831	
305	47.167969	-55.752445	33.637842	-48.777461	
305	47.265625	-55.720702	33.582363	-48.789897	
306	47.142050	-55.761719	33.652983	-48.773831	
306	47.167969	-55.752445	33.637842	-48.777461	
307	48.339844	-55.506243	33.101542	-48.829006	
307	48.437500	-55.499797	33.068697	-48.825643	
308	48.242188	-55.515223	33.136068	-48.831418	
308	48.339844	-55.506243	33.101542	-48.829006	
309	48.144531	-55.526651	33.172321	-48.832830	
309	48.242188	-55.515223	33.136068	-48.831418	
310	48.046875	-55.540484	33.210346	-48.833189	
310	48.144531	-55.526651	33.172321	-48.832830	
311	47.851562	-55.574548	33.291880	-48.830499	
311	47.899411	-55.566406	33.271237	-48.831598	
312	47.949219	-55.556717	33.250190	-48.832434	
312	48.046875	-55.540484	33.210346	-48.833189	
313	47.899411	-55.566406	33.271237	-48.831598	
313	47.949219	-55.556717	33.250190	-48.832434	
314	47.656250	-55.615180	33.380882	-48.822813	
314	47.753906	-55.593712	33.335425	-48.827318	
315	47.753906	-55.593712	33.335425	-48.827318	
315	47.851562	-55.574548	33.291880	-48.830499	
316	49.218750	-55.575205	32.858489	-48.766934	
316	49.187200	-55.566406	32.865463	-48.770461	
317	49.121094	-55.548318	32.880563	-48.777554	
317	49.187200	-55.566406	32.865463	-48.770461	
318	49.023438	-55.527813	32.903592	-48.787100	
318	49.121094	-55.548318	32.880563	-48.777554	
319	48.925781	-55.513113	32.927700	-48.795680	
319	49.023438	-55.527813	32.903592	-48.787100	
320	48.828125	-55.503216	32.953037	-48.803374	
320	48.925781	-55.513113	32.927700	-48.795680	
321	48.730469	-55.497399	32.979722	-48.810218	
321	48.828125	-55.503216	32.953037	-48.803374	
322	48.632812	-55.495132	33.007846	-48.816220	
322	48.730469	-55.497399	32.979722	-48.810218	
323	48.535156	-55.496026	33.037483	-48.821370	
323	48.632812	-55.495132	33.007846	-48.816220	
324	48.437500	-55.499797	33.068697	-48.825643	
324	48.535156	-55.496026	33.037483	-48.821370	
325	49.902344	-56.173574	32.699927	-48.607710	
325	49.892060	-56.152344	32.703165	-48.613467	
326	49.902344	-56.173574	32.699927	-48.607710	
326	49.936528	-56.250000	32.688686	-48.586388	
327	49.892060	-56.152344	32.703165	-48.613467	
327	49.838914	-56.054688	32.718863	-48.639179	
328	49.804688	-56.000937	32.728186	-48.652885	
328	49.838914	-56.054688	32.718863	-48.639179	
329	49.804688	-56.000937	32.728186	-48.652885	
329	49.773314	-55.957031	32.736276	-48.663930	
330	49.707031	-55.876430	32.752456	-48.683897	
330	49.773314	-55.957031	32.736276	-48.663930	
331	49.707031	-55.876430	32.752456	-48.683897	
331	49.690841	-55.859375	32.756200	-48.688148	
332	49.609375	-55.782262	32.774626	-48.707277	
332	49.690841	-55.859375	32.756200	-48.688148	
333	49.609375	-55.782262	32.774626	-48.707277	
333	49.583377	-55.761719	32.780242	-48.712565	
334	49.511719	-55.709475	32.795743	-48.726002	
334	49.583377	-55.761719	32.780242	-48.712565	
335	49.511719	-55.709475	32.795743	-48.726002	
335	49.433088	-55.664062	32.812296	-48.738686	
336	49.414062	-55.653699	32.816373	-48.741575	
336	49.433088	-55.664062	32.812296	-48.738686	
337	49.218750	-55.575205	32.858489	-48.766934	
337	49.316406	-55.608916	32.837264	-48.755099	
338	49.316406	-55.608916	32.837264	-48.755099	
338	49.414062	-55.653699	32.816373	-48.741575	
339	34.507941	-59.570312	33.700933	-43.932058	
339	34.570312	-59.663053	33.666156	-43.895924	
340	34.570312	-59.663053	33.666156	-43.895924	
340	34.624497	-59.570312	33.604982	-43.931478	
341	34.570312	-59.484130	33.646992	-44.123759	
341	34.624497	-59.570312	33.604982	-43.931478	
342	34.507941	-59.570312	33.700933	-43.932058	
342	34.570312	-59.484130	33.646992	-44.123759	
343	61.816406	-72.527638	43.657212	-55.336371	
343	61.914062	-72.556560	43.522249	-55.314389	
344	61.801672	-72.460938	43.694572	-55.502048	
344	61.816406	-72.527638	43.657212	-55.336371	
345	61.914062	-72.556560	43.522249	-55.314389	
345	62.009093	-72.460938	43.348496	-55.572365	
346	61.914062	-72.364023	43.457426	-55.767396	
346	62.009093	-72.460938	43.348496	-55.572365	
347	61.801672	-72.460938	43.694572	-55.502048	
347	61.816406	-72.449573	43.688325	-55.550862	
348	61.816406	-72.449573	43.688325	-55.550862	
348	61.914062	-72.364023	43.457426	-55.767396	
349	50.000000	-58.118236	32.590445	-47.692156	
349	50.003234	-58.105469	32.589596	-47.701008	
350	50.003234	-58.105469	32.589596	-47.701008	
350	50.024624	-58.007812	32.584065	-47.767299	
351	50.024624	-58.007812	32.584065	-47.767299	
351	50.043234	-57.910156	32.580150	-47.831302	
352	50.043234	-57.910156	32.580150	-47.831302	
352	50.059196	-57.812500	32.577756	-47.893035	
353	50.059196	-57.812500	32.577756	-47.893035	
353	50.072612	-57.714844	32.576795	-47.952514	
354	50.072612	-57.714844	32.576795	-47.952514	
354	50.083555	-57.617188	32.577184	-48.009747	
355	50.083555	-57.617188	32.577184	-48.009747	
355	50.092070	-57.519531	32.578842	-48.064745	
356	50.097656	-57.429768	32.581421	-48.113337	
356	50.098211	-57.421875	32.581694	-48.117515	
357	50.092070	-57.519531	32.578842	-48.064745	
357	50.097656	-57.429768	32.581421	-48.113337	
358	50.098211	-57.421875	32.581694	-48.117515	
358	50.102155	-57.324219	32.585668	-48.168058	
359	50.102155	-57.324219	32.585668	-48.168058	
359	50.103438	-57.226562	32.590697	-48.216406	
360	50.103438	-57.226562	32.590697	-48.216406	
360	50.101984	-57.128906	32.596718	-48.262581	
361	50.101984	-57.128906	32.596718	-48.262581	
361	50.097679	-57.031250	32.603675	-48.306614	
362	50.097656	-57.030927	32.603699	-48.306756	
362	50.090821	-56.933594	32.611509	-48.348499	
363	50.097656	-57.030927	32.603699	-48.306756	
363	50.097679	-57.031250	32.603675	-48.306614	
364	50.090821	-56.933594	32.611509	-48.348499	
364	50.080911	-56.835938	32.620177	-48.388293	
365	50.080911	-56.835938	32.620177	-48.388293	
365	50.067660	-56.738281	32.629644	-48.426043	
366	50.067660	-56.738281	32.629644	-48.426043	
366	50.050696	-56.640625	32.639886	-48.461807	
367	50.050696	-56.640625	32.639886	-48.461807	
367	50.029531	-56.542969	32.650895	-48.495660	
368	50.029531	-56.542969	32.650895	-48.495660	
368	50.003522	-56.445312	32.662688	-48.527690	
369	50.000000	-56.433410	32.664180	-48.531473	
369	50.003522	-56.445312	32.662688	-48.527690	
370	2.539062	-0.392263	3.670916	-0.187248	
370	2.541593	-0.390625	3.664814	-0.190853	
371	2.343750	-0.509789	4.132940	0.083445	
371	2.383405	-0.488281	4.041525	0.030238	
372	2.441406	-0.453873	3.904803	-0.049657	
372	2.539062	-0.392263	3.670916	-0.187248	
373	2.383405	-0.488281	4.041525	0.030238	
373	2.441406	-0.453873	3.904803	-0.049657	
374	2.734375	-0.249003	3.183542	-0.477929	
374	2.801010	-0.195312	3.012905	-0.581051	
375	2.929688	-0.081288	2.674121	-0.788000	
375	3.015517	0.000000	2.444173	-0.930216	
376	2.801010	-0.195312	3.012905	-0.581051	
376	2.832031	-0.168268	2.931493	-0.630509	
377	2.832031	-0.168268	2.931493	-0.630509	
377	2.912402	-0.097656	2.720588	-0.759437	
378	2.912402	-0.097656	2.720588	-0.759437	
378	2.929688	-0.081288	2.674121	-0.788000	
379	2.541593	-0.390625	3.664814	-0.190853	
379	2.636719	-0.323624	3.430064	-0.330204	
380	2.636719	-0.323624	3.430064	-0.330204	
380	2.678795	-0.292969	3.325319	-0.392794	
381	2.678795	-0.292969	3.325319	-0.392794	
381	2.734375	-0.249003	3.183542	-0.477929	
382	1.562500	-0.741802	5.734978	0.993189	
382	1.660156	-0.732837	5.555205	0.892790	
383	1.660156	-0.732837	5.555205	0.892790	
383	1.757812	-0.718261	5.369860	0.788949	
384	1.757812	-0.718261	5.369860	0.788949	
384	1.855469	-0.698009	5.178762	0.681467	
385	1.855469	-0.698009	5.178762	0.681467	
385	1.911568	-0.683594	5.066132	0.617898	
386	1.911568	-0.683594	5.066132	0.617898	
386	1.953125	-0.672107	4.981845	0.570209	
387	2.050781	-0.640443	4.778934	0.454969	
387	2.148438	-0.602994	4.569971	0.335601	
388	1.953125	-0.672107	4.981845	0.570209	
388	2.050781	-0.640443	4.778934	0.454969	
389	2.148438	-0.602994	4.569971	0.335601	
389	2.188670	-0.585938	4.482173	0.285225	
390	2.188670	-0.585938	4.482173	0.285225	
390	2.246094	-0.559341	4.354527	0.211738	
391	2.246094	-0.559341	4.354527	0.211738	
391	2.343750	-0.509789	4.132940	0.083445	
392	0.000000	-0.917392	8.798074	2.388403	
392	0.034680	-0.878906	8.717128	2.367979	
393	0.097656	-0.817389	8.567991	2.329807	
393	0.123779	-0.781250	8.498099	2.311638	
394	0.034680	-0.878906	8.717128	2.367979	
394	0.097656	-0.817389	8.567991	2.329807	
395	0.878906	-0.650450	6.856857	1.617744	
395	0.976562	-0.677795	6.706903	1.533946	
396	0.781250	-0.613907	7.000307	1.698182	
396	0.878906	-0.650450	6.856857	1.617744	
397	1.004486	-0.683594	6.662413	1.509129	
397	1.074219	-0.703611	6.557471	1.450661	
398	1.074219	-0.703611	6.557471	1.450661	
398	1.171875	-0.722984	6.403052	1.364762	
399	0.976562	-0.677795	6.706903	1.533946	
399	1.004486	-0.683594	6.662413	1.509129	
400	1.171875	-0.722984	6.403052	1.364762	
400	1.269531	-0.735953	6.243336	1.276005	
401	1.269531	-0.735953	6.243336	1.276005	
401	1.367188	-0.743304	6.078802	1.184574	
402	1.367188	-0.743304	6.078802	1.184574	
402	1.464844	-0.745259	5.909422	1.090372	
403	1.464844	-0.745259	5.909422	1.090372	
403	1.562500	-0.741802	5.734978	0.993189	
404	0.123779	-0.781250	8.498099	2.311638	
404	0.195312	-0.686545	8.298022	2.258330	
405	0.195312	-0.686545	8.298022	2.258330	
405	0.196957	-0.683594	8.292755	2.256896	
406	0.196957	-0.683594	8.292755	2.256896	
406	0.258309	-0.585938	8.093597	2.201140	
407	0.258309	-0.585938	8.093597	2.201140	
407	0.292969	-0.525754	7.966492	2.163464	
408	0.292969	-0.525754	7.966492	2.163464	
408	0.313711	-0.488281	7.883485	2.137495	
409	0.313711	-0.488281	7.883485	2.137495	
409	0.390625	-0.410935	7.595688	2.026447	
410	0.730772	-0.585938	7.066282	1.735281	
410	0.781250	-0.613907	7.000307	1.698182	
411	0.585938	-0.524533	7.284906	1.858305	
411	0.683594	-0.570467	7.140650	1.777130	
412	0.683594	-0.570467	7.140650	1.777130	
412	0.730772	-0.585938	7.066282	1.735281	
413	0.540466	-0.488281	7.337960	1.888183	
413	0.585938	-0.524533	7.284906	1.858305	
414	0.488281	-0.470619	7.431581	1.940078	
414	0.540466	-0.488281	7.337960	1.888183	
415	0.390625	-0.410935	7.595688	2.026447	
415	0.488281	-0.470619	7.431581	1.940078	
416	3.015517	0.000000	2.444173	-0.930216	
416	3.027344	0.012027	2.411738	-0.950394	
417	3.027344	0.012027	2.411738	-0.950394	
417	3.111995	0.097656	2.181010	-1.094794	
418	3.111995	0.097656	2.181010	-1.094794	
418	3.125000	0.111734	2.144762	-1.117620	
419	3.125000	0.111734	2.144762	-1.117620	
419	3.202945	0.195312	1.929353	-1.254068	
420	3.320312	0.330462	1.599140	-1.465986	
420	3.371128	0.390625	1.456124	-1.558836	
421	3.202945	0.195312	1.929353	-1.254068	
421	3.222656	0.217867	1.873703	-1.289546	
422	3.222656	0.217867	1.873703	-1.289546	
422	3.289139	0.292969	1.688005	-1.408621	
423	3.289139	0.292969	1.688005	-1.408621	
423	3.320312	0.330462	1.599140	-1.465986	
424	3.515625	0.575239	1.042102	-1.831429	
424	3.523957	0.585938	1.018505	-1.847140	
425	3.523957	0.585938	1.018505	-1.847140	
425	3.595917	0.683594	0.811036	-1.986108	
426	3.613281	0.708543	0.760052	-2.020491	
426	3.665139	0.781250	0.610771	-2.121701	
427	3.595917	0.683594	0.811036	-1.986108	
427	3.613281	0.708543	0.760052	-2.020491	
428	3.371128	0.390625	1.456124	-1.558836	
428	3.417969	0.449566	1.321712	-1.646707	
429	3.417969	0.449566	1.321712	-1.646707	
429	3.449307	0.488281	1.233104	-1.704960	
430	3.449307	0.488281	1.233104	-1.704960	
430	3.515625	0.575239	1.042102	-1.831429	
431	3.906250	1.155488	-0.092640	-2.609830	
431	3.916461	1.171875	-0.121875	-2.630535	
432	3.916461	1.171875	-0.121875	-2.630535	
432	3.974157	1.269531	-0.290010	-2.750283	
433	4.003906	1.322795	-0.378141	-2.813514	
433	4.029622	1.367188	-0.452062	-2.866801	
434	3.974157	1.269531	-0.290010	-2.750283	
434	4.003906	1.322795	-0.378141	-2.813514	
435	4.101562	1.500288	-0.663270	-3.020328	
435	4.135172	1.562500	-0.759987	-3.091275	
436	4.029622	1.367188	-0.452062	-2.866801	
436	4.083167	1.464844	-0.608532	-2.980356	
437	4.083167	1.464844	-0.608532	-2.980356	
437	4.101562	1.500288	-0.663270	-3.020328	
438	3.665139	0.781250	0.610771	-2.121701	
438	3.710938	0.849292	0.476649	-2.213327	
439	3.710938	0.849292	0.476649	-2.213327	
439	3.731415	0.878906	0.417969	-2.253624	
440	3.731415	0.878906	0.417969	-2.253624	
440	3.795307	0.976562	0.231756	-2.382361	
441	3.795307	0.976562	0.231756	-2.382361	
441	3.808594	0.998014	0.192325	-2.409790	
442	3.808594	0.998014	0.192325	-2.409790	
442	3.857251	1.074219	0.051471	-2.508268	
443	3.857251	1.074219	0.051471	-2.508268	
443	3.906250	1.155488	-0.092640	-2.609830	
444	4.687500	2.864168	-2.352599	-4.323372	
444	4.710734	2.929688	-2.416270	-4.375378	
445	4.710734	2.929688	-2.416270	-4.375378	
445	4.743803	3.027344	-2.507957	-4.450681	
446	4.743803	3.027344	-2.507957	-4.450681	
446	4.775555	3.125000	-2.596349	-4.523747	
447	4.135172	1.562500	-0.759987	-3.091275	
447	4.185084	1.660156	-0.905851	-3.199055	
448	4.199219	1.689369	-0.947963	-3.230348	
448	4.233819	1.757812	-1.047315	-3.304495	
449	4.185084	1.660156	-0.905851	-3.199055	
449	4.199219	1.689369	-0.947963	-3.230348	
450	4.233819	1.757812	-1.047315	-3.304495	
450	4.280544	1.855469	-1.183508	-3.406873	
451	4.280544	1.855469	-1.183508	-3.406873	
451	4.296875	1.891531	-1.232037	-3.443562	
452	4.296875	1.891531	-1.232037	-3.443562	
452	4.326129	1.953125	-1.315522	-3.506938	
453	4.326129	1.953125	-1.315522	-3.506938	
453	4.370056	2.050781	-1.442877	-3.604259	
454	4.394531	2.108241	-1.515062	-3.659769	
454	4.412556	2.148438	-1.565933	-3.699043	
455	4.370056	2.050781	-1.442877	-3.604259	
455	4.394531	2.108241	-1.515062	-3.659769	
456	4.492188	2.340725	-1.796189	-3.878425	
456	4.493476	2.343750	-1.799764	-3.881231	
457	4.412556	2.148438	-1.565933	-3.699043	
457	4.454039	2.246094	-1.685206	-3.791629	
458	4.454039	2.246094	-1.685206	-3.791629	
458	4.492188	2.340725	-1.796189	-3.878425	
459	4.493476	2.343750	-1.799764	-3.881231	
459	4.532846	2.441406	-1.911642	-3.969388	
460	4.532846	2.441406	-1.911642	-3.969388	
460	4.570283	2.539062	-2.019121	-4.054697	
461	4.570283	2.539062	-2.019121	-4.054697	
461	4.589844	2.592823	-2.076263	-4.100303	
462	4.589844	2.592823	-2.076263	-4.100303	
462	4.606798	2.636719	-2.123257	-4.137941	
463	4.606798	2.636719	-2.123257	-4.137941	
463	4.642615	2.734375	-2.224317	-4.219291	
464	4.642615	2.734375	-2.224317	-4.219291	
464	4.676809	2.832031	-2.321576	-4.298117	
465	4.676809	2.832031	-2.321576	-4.298117	
465	4.687500	2.864168	-2.352599	-4.323372	
466	4.775555	3.125000	-2.596349	-4.523747	
466	4.785156	3.155938	-2.623541	-4.546319	
467	4.785156	3.155938	-2.623541	-4.546319	
467	4.807299	3.222656	-2.682531	-4.595441	
468	4.807299	3.222656	-2.682531	-4.595441	
468	4.838444	3.320312	-2.766082	-4.665385	
469	4.882812	3.465901	-2.885206	-4.765876	
469	4.898649	3.515625	-2.925299	-4.799906	
470	4.838444	3.320312	-2.766082	-4.665385	
470	4.868570	3.417969	-2.846756	-4.733340	
471	4.868570	3.417969	-2.846756	-4.733340	
471	4.882812	3.465901	-2.885206	-4.765876	
472	4.898649	3.515625	-2.925299	-4.799906	
472	4.928683	3.613281	-3.001726	-4.865072	
473	4.928683	3.613281	-3.001726	-4.865072	
473	4.957958	3.710938	-3.075595	-4.928436	
474	4.957958	3.710938	-3.075595	-4.928436	
474	4.980469	3.788027	-3.132100	-4.977161	
475	4.980469	3.788027	-3.132100	-4.977161	
475	4.986912	3.808594	-3.147239	-4.990254	
476	4.986912	3.808594	-3.147239	-4.990254	
476	5.016514	3.906250	-3.217274	-5.051039	
477	5.016514	3.906250	-3.217274	-5.051039	
477	5.045504	4.003906	-3.284945	-5.110112	
478	5.045504	4.003906	-3.284945	-5.110112	
478	5.073907	4.101562	-3.350315	-5.167499	
479	5.073907	4.101562	-3.350315	-5.167499	
479	5.078125	4.116532	-3.360089	-5.176106	
480	5.078125	4.116532	-3.360089	-5.176106	
480	5.103126	4.199219	-3.414200	-5.223893	
481	5.103126	4.199219	-3.414200	-5.223893	
481	5.131946	4.296875	-3.475932	-5.278680	
482	5.131946	4.296875	-3.475932	-5.278680	
482	5.160060	4.394531	-3.535399	-5.331729	
483	5.175781	4.450968	-3.568654	-5.361510	
483	5.188134	4.492188	-3.592984	-5.383351	
484	5.160060	4.394531	-3.535399	-5.331729	
484	5.175781	4.450968	-3.568654	-5.361510	
485	5.188134	4.492188	-3.592984	-5.383351	
485	5.216311	4.589844	-3.648779	-5.433600	
486	5.216311	4.589844	-3.648779	-5.433600	
486	5.243496	4.687500	-3.702303	-5.482010	
487	5.243496	4.687500	-3.702303	-5.482010	
487	5.269578	4.785156	-3.753582	-5.528567	
488	5.269578	4.785156	-3.753582	-5.528567	
488	5.273438	4.800457	-3.761362	-5.535645	
489	5.273438	4.800457	-3.761362	-5.535645	
489	5.295944	4.882812	-3.803280	-5.573842	
490	5.295944	4.882812	-3.803280	-5.573842	
490	5.321248	4.980469	-3.850862	-5.617312	
491	5.321248	4.980469	-3.850862	-5.617312	
491	5.345131	5.078125	-3.896261	-5.658883	
492	5.345131	5.078125	-3.896261	-5.658883	
492	5.367522	5.175781	-3.939539	-5.698574	
493	5.371094	5.192752	-3.946786	-5.705226	
493	5.389727	5.273438	-3.981261	-5.736874	
494	5.367522	5.175781	-3.939539	-5.698574	
494	5.371094	5.192752	-3.946786	-5.705226	
495	5.389727	5.273438	-3.981261	-5.736874	
495	5.410551	5.371094	-4.021040	-5.773397	
496	5.410551	5.371094	-4.021040	-5.773397	
496	5.429687	5.468750	-4.058851	-5.808089	
497	5.468750	5.706018	-4.142915	-5.884962	
497	5.477538	5.761719	-4.161496	-5.901870	
498	5.477538	5.761719	-4.161496	-5.901870	
498	5.490913	5.859375	-4.192551	-5.930026	
499	5.490913	5.859375	-4.192551	-5.930026	
499	5.502444	5.957031	-4.221967	-5.956546	
500	5.502444	5.957031	-4.221967	-5.956546	
500	5.512119	6.054688	-4.249812	-5.981481	
501	5.512119	6.054688	-4.249812	-5.981481	
501	5.519918	6.152344	-4.276150	-6.004877	
502	5.519918	6.152344	-4.276150	-6.004877	
502	5.525808	6.250000	-4.301036	-6.026777	
503	5.429687	5.468750	-4.058851	-5.808089	
503	5.447117	5.566406	-4.094775	-5.840998	
504	5.447117	5.566406	-4.094775	-5.840998	
504	5.462834	5.664062	-4.128891	-5.872176	
505	5.462834	5.664062	-4.128891	-5.872176	
505	5.468750	5.706018	-4.142915	-5.884962	
506	2.929688	9.255908	-3.704434	-5.911833	
506	3.027344	9.219685	-3.762265	-5.930242	
507	3.027344	9.219685	-3.762265	-5.930242	
507	3.125000	9.181768	-3.817811	-5.947912	
508	2.929688	9.255908	-3.704434	-5.911833	
508	2.870296	9.277344	-3.668177	-5.900278	
509	2.832031	9.290859	-3.644364	-5.892680	
509	2.870296	9.277344	-3.668177	-5.900278	
510	2.734375	9.324769	-3.582066	-5.872766	
510	2.832031	9.290859	-3.644364	-5.892680	
511	2.636719	9.356974	-3.517341	-5.852005	
511	2.734375	9.324769	-3.582066	-5.872766	
512	2.636719	9.356974	-3.517341	-5.852005	
512	2.580127	9.375000	-3.478737	-5.839581	
513	5.525808	6.250000	-4.301036	-6.026777	
513	5.529736	6.347656	-4.324517	-6.047217	
514	5.529736	6.347656	-4.324517	-6.047217	
514	5.531630	6.445312	-4.346632	-6.066232	
515	5.531630	6.445312	-4.346632	-6.066232	
515	5.531385	6.542969	-4.367410	-6.083850	
516	5.531385	6.542969	-4.367410	-6.083850	
516	5.528866	6.640625	-4.386870	-6.100091	
517	5.528866	6.640625	-4.386870	-6.100091	
517	5.523891	6.738281	-4.405019	-6.114971	
518	5.523891	6.738281	-4.405019	-6.114971	
518	5.516219	6.835938	-4.421846	-6.128498	
519	5.516219	6.835938	-4.421846	-6.128498	
519	5.505539	6.933594	-4.437325	-6.140669	
520	5.505539	6.933594	-4.437325	-6.140669	
520	5.491442	7.031250	-4.451402	-6.151471	
521	5.491442	7.031250	-4.451402	-6.151471	
521	5.473388	7.128906	-4.463991	-6.160876	
522	5.468750	7.150188	-4.466499	-6.162717	
522	5.473388	7.128906	-4.463991	-6.160876	
523	5.468750	7.150188	-4.466499	-6.162717	
523	5.452500	7.226562	-4.475377	-6.169133	
524	5.452500	7.226562	-4.475377	-6.169133	
524	5.427206	7.324219	-4.485222	-6.176039	
525	5.427206	7.324219	-4.485222	-6.176039	
525	5.396002	7.421875	-4.493193	-6.181433	
526	5.371094	7.487127	-4.497295	-6.184120	
526	5.358914	7.519531	-4.499286	-6.185398	
527	5.371094	7.487127	-4.497295	-6.184120	
527	5.396002	7.421875	-4.493193	-6.181433	
528	5.358914	7.519531	-4.499286	-6.185398	
528	5.316504	7.617188	-4.503602	-6.188089	
529	5.273438	7.698767	-4.504962	-6.188903	
529	5.316504	7.617188	-4.503602	-6.188089	
530	5.273438	7.698767	-4.504962	-6.188903	
530	5.265021	7.714844	-4.505196	-6.189039	
531	5.265021	7.714844	-4.505196	-6.189039	
531	5.206969	7.812500	-4.504553	-6.188675	
532	5.078125	7.985628	-4.494962	-6.183650	
532	5.060170	8.007812	-4.493142	-6.182740	
533	4.980469	8.094613	-4.482890	-6.177778	
533	4.970414	8.105469	-4.481512	-6.177129	
534	4.980469	8.094613	-4.482890	-6.177778	
534	5.060170	8.007812	-4.493142	-6.182740	
535	4.882812	8.190210	-4.467543	-6.170734	
535	4.970414	8.105469	-4.481512	-6.177129	
536	4.882812	8.190210	-4.467543	-6.170734	
536	4.869283	8.203125	-4.465256	-6.169715	
537	5.175781	7.857267	-4.502883	-6.187761	
537	5.138978	7.910156	-4.500695	-6.186595	
538	5.175781	7.857267	-4.502883	-6.187761	
538	5.206969	7.812500	-4.504553	-6.188675	
539	5.078125	7.985628	-4.494962	-6.183650	
539	5.138978	7.910156	-4.500695	-6.186595	
540	4.785156	8.276002	-4.449415	-6.162830	
540	4.756034	8.300781	-4.443614	-6.160375	
541	4.785156	8.276002	-4.449415	-6.162830	
541	4.869283	8.203125	-4.465256	-6.169715	
542	4.687500	8.354255	-4.428796	-6.154239	
542	4.756034	8.300781	-4.443614	-6.160375	
543	4.687500	8.354255	-4.428796	-6.154239	
543	4.629574	8.398438	-4.415557	-6.148898	
544	4.492188	8.493719	-4.380734	-6.135352	
544	4.589844	8.426467	-4.405863	-6.145060	
545	4.589844	8.426467	-4.405863	-6.145060	
545	4.629574	8.398438	-4.415557	-6.148898	
546	4.492188	8.493719	-4.380734	-6.135352	
546	4.488771	8.496094	-4.379830	-6.135009	
547	4.394531	8.557454	-4.353573	-6.125183	
547	4.488771	8.496094	-4.379830	-6.135009	
548	4.394531	8.557454	-4.353573	-6.125183	
548	4.336963	8.593750	-4.336650	-6.118986	
549	4.003906	8.782082	-4.224668	-6.079818	
549	4.101562	8.729702	-4.259890	-6.091862	
550	4.003906	8.782082	-4.224668	-6.079818	
550	3.991016	8.789062	-4.219906	-6.078204	
551	4.199219	8.674787	-4.293091	-6.103423	
551	4.170725	8.691406	-4.283659	-6.100115	
552	4.199219	8.674787	-4.293091	-6.103423	
552	4.296875	8.617550	-4.324333	-6.114532	
553	4.101562	8.729702	-4.259890	-6.091862	
553	4.170725	8.691406	-4.283659	-6.100115	
554	3.906250	8.832925	-4.187543	-6.067320	
554	3.991016	8.789062	-4.219906	-6.078204	
555	4.296875	8.617550	-4.324333	-6.114532	
555	4.336963	8.593750	-4.336650	-6.118986	
556	3.808594	8.881502	-4.148370	-6.054307	
556	3.798229	8.886719	-4.144121	-6.052905	
557	3.808594	8.881502	-4.148370	-6.054307	
557	3.906250	8.832925	-4.187543	-6.067320	
558	3.710938	8.928924	-4.107292	-6.040813	
558	3.798229	8.886719	-4.144121	-6.052905	
559	3.613281	8.974365	-4.064143	-6.026769	
559	3.710938	8.928924	-4.107292	-6.040813	
560	3.613281	8.974365	-4.064143	-6.026769	
560	3.591849	8.984375	-4.054444	-6.023628	
561	3.515625	9.018730	-4.019042	-6.012200	
561	3.591849	8.984375	-4.054444	-6.023628	
562	3.222656	9.143183	-3.871319	-5.964944	
562	3.320312	9.102926	-3.922626	-5.981302	
563	3.222656	9.143183	-3.871319	-5.964944	
563	3.130404	9.179688	-3.820832	-5.948874	
564	3.417969	9.061454	-3.971858	-5.997045	
564	3.370282	9.082031	-3.948107	-5.989443	
565	3.417969	9.061454	-3.971858	-5.997045	
565	3.515625	9.018730	-4.019042	-6.012200	
566	3.320312	9.102926	-3.922626	-5.981302	
566	3.370282	9.082031	-3.948107	-5.989443	
567	3.125000	9.181768	-3.817811	-5.947912	
567	3.130404	9.179688	-3.820832	-5.948874	
568	0.390625	9.662453	-1.206664	-5.026979	
568	0.361587	9.667969	-1.167909	-5.012042	
569	0.292969	9.680763	-1.075215	-4.976270	
569	0.361587	9.667969	-1.167909	-5.012042	
570	0.195312	9.706810	-0.945482	-4.926133	
570	0.292969	9.680763	-1.075215	-4.976270	
571	0.097656	9.742970	-0.819191	-4.877313	
571	0.195312	9.706810	-0.945482	-4.926133	
572	0.097656	9.742970	-0.819191	-4.877313	
572	0.051651	9.765625	-0.762247	-4.855320	
573	0.585938	9.642519	-1.469914	-5.128010	
573	0.683594	9.638293	-1.599872	-5.177518	
574	0.683594	9.638293	-1.599872	-5.177518	
574	0.781250	9.636402	-1.727749	-5.225930	
575	0.390625	9.662453	-1.206664	-5.026979	
575	0.488281	9.650176	-1.338571	-5.077709	
576	0.488281	9.650176	-1.338571	-5.077709	
576	0.585938	9.642519	-1.469914	-5.128010	
577	0.000000	9.793600	-0.699305	-4.831046	
577	0.051651	9.765625	-0.762247	-4.855320	
578	0.976562	9.635601	-1.975041	-5.318515	
578	1.074219	9.634908	-2.093626	-5.362350	
579	1.074219	9.634908	-2.093626	-5.362350	
579	1.171875	9.633041	-2.208483	-5.404414	
580	0.781250	9.636402	-1.727749	-5.225930	
580	0.878906	9.635820	-1.852963	-5.272995	
581	0.878906	9.635820	-1.852963	-5.272995	
581	0.976562	9.635601	-1.975041	-5.318515	
582	1.367188	9.623799	-2.426607	-5.483134	
582	1.464844	9.615820	-2.529890	-5.519843	
583	1.464844	9.615820	-2.529890	-5.519843	
583	1.562500	9.605417	-2.629433	-5.554863	
584	1.171875	9.633041	-2.208483	-5.404414	
584	1.269531	9.629463	-2.319486	-5.444672	
585	1.269531	9.629463	-2.319486	-5.444672	
585	1.367188	9.623799	-2.426607	-5.483134	
586	0.585938	10.927906	-2.092819	-5.305562	
586	0.598610	10.937500	-2.110591	-5.312104	
587	0.488281	10.869143	-1.958025	-5.253501	
587	0.585938	10.927906	-2.092819	-5.305562	
588	0.390625	10.849053	-1.834107	-5.201971	
588	0.488281	10.869143	-1.958025	-5.253501	
589	0.000000	10.616990	-1.140027	-4.964700	
589	0.011713	10.644531	-1.170236	-4.972930	
590	0.011713	10.644531	-1.170236	-4.972930	
590	0.062623	10.742188	-1.292571	-5.003921	
591	0.292969	10.852255	-1.715281	-5.148822	
591	0.390625	10.849053	-1.834107	-5.201971	
592	0.195312	10.861007	-1.585035	-5.086844	
592	0.292969	10.852255	-1.715281	-5.148822	
593	0.062623	10.742188	-1.292571	-5.003921	
593	0.097656	10.803430	-1.378105	-5.022929	
594	0.097656	10.803430	-1.378105	-5.022929	
594	0.121085	10.839844	-1.438574	-5.035725	
595	0.121085	10.839844	-1.438574	-5.035725	
595	0.195312	10.861007	-1.585035	-5.086844	
596	1.855469	9.560179	-2.907093	-5.650650	
596	1.953125	9.541157	-2.993276	-5.679817	
597	1.855469	9.560179	-2.907093	-5.650650	
597	1.797658	9.570312	-2.854544	-5.632736	
598	1.757812	9.577313	-2.817819	-5.620157	
598	1.797658	9.570312	-2.854544	-5.632736	
599	1.562500	9.605417	-2.629433	-5.554863	
599	1.660156	9.592569	-2.725362	-5.588273	
600	1.660156	9.592569	-2.725362	-5.588273	
600	1.757812	9.577313	-2.817819	-5.620157	
601	2.050781	9.520011	-3.076385	-5.707697	
601	2.148438	9.496818	-3.156534	-5.734363	
602	1.953125	9.541157	-2.993276	-5.679817	
602	2.050781	9.520011	-3.076385	-5.707697	
603	2.246094	9.471687	-3.233838	-5.759885	
603	2.242352	9.472656	-3.230920	-5.758925	
604	2.246094	9.471687	-3.233838	-5.759885	
604	2.343750	9.445579	-3.308633	-5.784402	
605	2.148438	9.496818	-3.156534	-5.734363	
605	2.242352	9.472656	-3.230920	-5.758925	
606	2.343750	9.445579	-3.308633	-5.784402	
606	2.441406	9.417629	-3.380740	-5.807885	
607	2.441406	9.417629	-3.380740	-5.807885	
607	2.539062	9.387881	-3.450237	-5.830387	
608	2.539062	9.387881	-3.450237	-5.830387	
608	2.580127	9.375000	-3.478737	-5.839581	
609	0.097656	11.030741	-1.451586	-5.187577	
609	0.013443	11.035156	-1.313050	-5.123434	
610	0.097656	11.030741	-1.451586	-5.187577	
610	0.116623	11.035156	-1.496736	-5.199808	
611	0.116623	11.035156	-1.496736	-5.199808	
611	0.168973	11.132812	-1.632152	-5.223063	
612	0.000000	11.047915	-1.303039	-5.118363	
612	0.013443	11.035156	-1.313050	-5.123434	
613	0.195312	11.177194	-1.688115	-5.232990	
613	0.274012	11.230469	-1.818703	-5.258231	
614	0.292969	11.252388	-1.850818	-5.264758	
614	0.390625	11.289682	-1.987621	-5.294035	
615	0.274012	11.230469	-1.818703	-5.258231	
615	0.292969	11.252388	-1.850818	-5.264758	
616	0.168973	11.132812	-1.632152	-5.223063	
616	0.195312	11.177194	-1.688115	-5.232990	
617	0.598610	10.937500	-2.110591	-5.312104	
617	0.656185	11.035156	-2.209635	-5.346843	
618	0.656185	11.035156	-2.209635	-5.346843	
618	0.657050	11.132812	-2.243841	-5.357793	
619	0.657050	11.132812	-2.243841	-5.357793	
619	0.600709	11.230469	-2.213731	-5.349170	
620	0.585938	11.241504	-2.200862	-5.345675	
620	0.600709	11.230469	-2.213731	-5.349170	
621	0.488281	11.288026	-2.104215	-5.321114	
621	0.585938	11.241504	-2.200862	-5.345675	
622	0.390625	11.289682	-1.987621	-5.294035	
622	0.488281	11.288026	-2.104215	-5.321114	
623	-4.767000	0.878906	12.421134	3.305679	
623	-4.687500	0.789286	12.408885	3.300210	
624	-4.785156	0.901622	12.423487	3.306758	
624	-4.767000	0.878906	12.421134	3.305679	
625	-4.846744	0.976562	12.431392	3.310464	
625	-4.785156	0.901622	12.423487	3.306758	
626	-4.882812	1.025774	12.435003	3.312207	
626	-4.846744	0.976562	12.431392	3.310464	
627	-4.919325	1.074219	12.438645	3.314003	
627	-4.882812	1.025774	12.435003	3.312207	
628	-4.980469	1.166399	12.442678	3.316054	
628	-4.919325	1.074219	12.438645	3.314003	
629	-4.984205	1.171875	12.442927	3.316184	
629	-4.980469	1.166399	12.442678	3.316054	
630	-4.984205	1.171875	12.442927	3.316184	
630	-5.045005	1.269531	12.445388	3.317491	
631	-5.078125	1.330752	12.445251	3.317417	
631	-5.045005	1.269531	12.445388	3.317491	
632	-5.098387	1.367188	12.445209	3.317395	
632	-5.078125	1.330752	12.445251	3.317417	
633	-5.098387	1.367188	12.445209	3.317395	
633	-5.146794	1.464844	12.443139	3.316206	
634	-5.175781	1.531977	12.440280	3.314510	
634	-5.146794	1.464844	12.443139	3.316206	
635	-5.189323	1.562500	12.438995	3.313734	
635	-5.175781	1.531977	12.440280	3.314510	
636	-3.918639	0.097656	12.218441	3.229781	
636	-3.906250	0.088497	12.214376	3.228445	
637	-4.003906	0.165571	12.245097	3.238662	
637	-3.918639	0.097656	12.218441	3.229781	
638	-4.042416	0.195312	12.256908	3.242667	
638	-4.003906	0.165571	12.245097	3.238662	
639	-4.101562	0.244561	12.274114	3.248588	
639	-4.042416	0.195312	12.256908	3.242667	
640	-4.161511	0.292969	12.291233	3.254589	
640	-4.101562	0.244561	12.274114	3.248588	
641	-4.199219	0.325838	12.301390	3.258206	
641	-4.161511	0.292969	12.291233	3.254589	
642	-4.275827	0.390625	12.321656	3.265562	
642	-4.199219	0.325838	12.301390	3.258206	
643	-4.296875	0.409878	12.326871	3.267488	
643	-4.275827	0.390625	12.321656	3.265562	
644	-4.385173	0.488281	12.348370	3.275585	
644	-4.296875	0.409878	12.326871	3.267488	
645	-4.394531	0.497295	12.350485	3.276397	
645	-4.385173	0.488281	12.348370	3.275585	
646	-4.489289	0.585938	12.371540	3.284643	
646	-4.394531	0.497295	12.350485	3.276397	
647	-4.492188	0.588890	12.372131	3.284879	
647	-4.489289	0.585938	12.371540	3.284643	
648	-4.587869	0.683594	12.391309	3.292707	
648	-4.492188	0.588890	12.372131	3.284879	
649	-4.589844	0.685732	12.391665	3.292856	
649	-4.587869	0.683594	12.391309	3.292707	
650	-4.680567	0.781250	12.407803	3.299737	
650	-4.589844	0.685732	12.391665	3.292856	
651	-3.906250	0.088497	12.214376	3.228445	
651	-3.808594	0.013169	12.181961	3.217946	
652	-3.808594	0.013169	12.181961	3.217946	
652	-3.792183	0.000000	12.176445	3.216185	
653	-4.687500	0.789286	12.408885	3.300210	
653	-4.680567	0.781250	12.407803	3.299737	
654	-5.189323	1.562500	12.438995	3.313734	
654	-5.228341	1.660156	12.433435	3.310300	
655	-5.228341	1.660156	12.433435	3.310300	
655	-5.261710	1.757812	12.425920	3.305504	
656	-5.273438	1.795921	12.422522	3.303287	
656	-5.261710	1.757812	12.425920	3.305504	
657	-5.292240	1.855469	12.417187	3.299756	
657	-5.273438	1.795921	12.422522	3.303287	
658	-5.292240	1.855469	12.417187	3.299756	
658	-5.319550	1.953125	12.407135	3.292952	
659	-5.319550	1.953125	12.407135	3.292952	
659	-5.343119	2.050781	12.395617	3.284950	
660	-5.343119	2.050781	12.395617	3.284950	
660	-5.363537	2.148438	12.382769	3.275802	
661	-5.382210	2.246094	12.368939	3.265730	
661	-5.371094	2.188524	12.377127	3.271719	
662	-5.371094	2.188524	12.377127	3.271719	
662	-5.363537	2.148438	12.382769	3.275802	
663	-5.382210	2.246094	12.368939	3.265730	
663	-5.398942	2.343750	12.354056	3.254666	
664	-5.398942	2.343750	12.354056	3.254666	
664	-5.413346	2.441406	12.337993	3.242495	
665	-5.413346	2.441406	12.337993	3.242495	
665	-5.425687	2.539062	12.320793	3.229232	
666	-5.425687	2.539062	12.320793	3.229232	
666	-5.436172	2.636719	12.302482	3.214880	
667	-5.436172	2.636719	12.302482	3.214880	
667	-5.444954	2.734375	12.283073	3.199436	
668	-5.444954	2.734375	12.283073	3.199436	
668	-5.452140	2.832031	12.262563	3.182890	
669	-5.452140	2.832031	12.262563	3.182890	
669	-5.457802	2.929688	12.240940	3.165223	
670	-5.457802	2.929688	12.240940	3.165223	
670	-5.461978	3.027344	12.218181	3.146409	
671	-5.461978	3.027344	12.218181	3.146409	
671	-5.464675	3.125000	12.194250	3.126414	
672	-5.464675	3.125000	12.194250	3.126414	
672	-5.465874	3.222656	12.169101	3.105196	
673	-5.465874	3.222656	12.169101	3.105196	
673	-5.465535	3.320312	12.142677	3.082704	
674	-5.465535	3.320312	12.142677	3.082704	
674	-5.463595	3.417969	12.114909	3.058879	
675	-5.463595	3.417969	12.114909	3.058879	
675	-5.459974	3.515625	12.085720	3.033657	
676	-5.459974	3.515625	12.085720	3.033657	
676	-5.454581	3.613281	12.055016	3.006960	
677	-5.454581	3.613281	12.055016	3.006960	
677	-5.447316	3.710938	12.022699	2.978710	
678	-5.447316	3.710938	12.022699	2.978710	
678	-5.438081	3.808594	11.988658	2.948820	
679	-5.438081	3.808594	11.988658	2.948820	
679	-5.426794	3.906250	11.952781	2.917205	
680	-5.426794	3.906250	11.952781	2.917205	
680	-5.413412	4.003906	11.914962	2.883791	
681	-5.413412	4.003906	11.914962	2.883791	
681	-5.397958	4.101562	11.875112	2.848522	
682	-5.397958	4.101562	11.875112	2.848522	
682	-5.380552	4.199219	11.833177	2.811380	
683	-5.371094	4.247236	11.811686	2.792344	
683	-5.362072	4.296875	11.789427	2.772634	
684	-5.380552	4.199219	11.833177	2.811380	
684	-5.371094	4.247236	11.811686	2.792344	
685	-5.362072	4.296875	11.789427	2.772634	
685	-5.342824	4.394531	11.743927	2.732378	
686	-5.342824	4.394531	11.743927	2.732378	
686	-5.322562	4.492188	11.696510	2.690498	
687	-5.322562	4.492188	11.696510	2.690498	
687	-5.301768	4.589844	11.647336	2.647169	
688	-5.301768	4.589844	11.647336	2.647169	
688	-5.280887	4.687500	11.596579	2.602575	
689	-5.280887	4.687500	11.596579	2.602575	
689	-5.273438	4.722375	11.578079	2.586356	
690	-5.273438	4.722375	11.578079	2.586356	
690	-5.260906	4.785156	11.544714	2.557155	
691	-5.260906	4.785156	11.544714	2.557155	
691	-5.241693	4.882812	11.491708	2.510894	
692	-5.241693	4.882812	11.491708	2.510894	
692	-5.222886	4.980469	11.437396	2.463661	
693	-5.222886	4.980469	11.437396	2.463661	
693	-5.204334	5.078125	11.381709	2.415406	
694	-5.204334	5.078125	11.381709	2.415406	
694	-5.185786	5.175781	11.324508	2.366019	
695	-5.175781	5.227062	11.293710	2.339501	
695	-5.167447	5.273438	11.265905	2.315604	
696	-5.185786	5.175781	11.324508	2.366019	
696	-5.175781	5.227062	11.293710	2.339501	
697	-5.167447	5.273438	11.265905	2.315604	
697	-5.149161	5.371094	11.205804	2.264091	
698	-5.149161	5.371094	11.205804	2.264091	
698	-5.130102	5.468750	11.143691	2.211053	
699	-5.130102	5.468750	11.143691	2.211053	
699	-5.110030	5.566406	11.079356	2.156331	
700	-5.110030	5.566406	11.079356	2.156331	
700	-5.088736	5.664062	11.012597	2.099777	
701	-5.088736	5.664062	11.012597	2.099777	
701	-5.078125	5.709315	10.980598	2.072754	
702	-5.078125	5.709315	10.980598	2.072754	
702	-5.066757	5.761719	10.943687	2.041649	
703	-5.066757	5.761719	10.943687	2.041649	
703	-5.043942	5.859375	10.872468	1.981840	
704	-5.043942	5.859375	10.872468	1.981840	
704	-5.019533	5.957031	10.798336	1.919874	
705	-5.019533	5.957031	10.798336	1.919874	
705	-4.993413	6.054688	10.721089	1.855623	
706	-4.993413	6.054688	10.721089	1.855623	
706	-4.980469	6.099674	10.684173	1.825033	
707	-4.980469	6.099674	10.684173	1.825033	
707	-4.966325	6.152344	10.641160	1.789485	
708	-4.966325	6.152344	10.641160	1.789485	
708	-4.938140	6.250000	10.558368	1.721352	
709	-4.938140	6.250000	10.558368	1.721352	
709	-4.908018	6.347656	10.471953	1.650641	
710	-4.908018	6.347656	10.471953	1.650641	
710	-4.882812	6.424085	10.401466	1.593272	
711	-4.882812	6.424085	10.401466	1.593272	
711	-4.876234	6.445312	10.381986	1.577466	
712	-4.876234	6.445312	10.381986	1.577466	
712	-4.843774	6.542969	10.289165	1.502440	
713	-4.843774	6.542969	10.289165	1.502440	
713	-4.809155	6.640625	10.192130	1.424520	
714	-4.809155	6.640625	10.192130	1.424520	
714	-4.785156	6.704088	10.126422	1.372051	
715	-4.785156	6.704088	10.126422	1.372051	
715	-4.772925	6.738281	10.091194	1.344019	
716	-4.772925	6.738281	10.091194	1.344019	
716	-4.735641	6.835938	9.986728	1.261292	
717	-4.735641	6.835938	9.986728	1.261292	
717	-4.695928	6.933594	9.877326	1.175293	
718	-4.695928	6.933594	9.877326	1.175293	
718	-4.687500	6.953074	9.854686	1.157577	
719	-4.687500	6.953074	9.854686	1.157577	
719	-4.655299	7.031250	9.764257	1.087090	
720	-4.655299	7.031250	9.764257	1.087090	
720	-4.612471	7.128906	9.646136	0.995675	
721	-4.589844	7.177446	9.584946	0.948610	
721	-4.567934	7.226562	9.523274	0.901371	
722	-4.612471	7.128906	9.646136	0.995675	
722	-4.589844	7.177446	9.584946	0.948610	
723	-4.492188	7.382597	9.315598	0.743747	
723	-4.473143	7.421875	9.262046	0.703458	
724	-4.567934	7.226562	9.523274	0.901371	
724	-4.521613	7.324219	9.395433	0.804079	
725	-4.521613	7.324219	9.395433	0.804079	
725	-4.492188	7.382597	9.315598	0.743747	
726	-4.296875	7.746118	8.776967	0.344996	
726	-4.258488	7.812500	8.669981	0.267465	
727	-4.473143	7.421875	9.262046	0.703458	
727	-4.422858	7.519531	9.123295	0.599743	
728	-4.394531	7.571349	9.046384	0.542665	
728	-4.370294	7.617188	8.978471	0.492506	
729	-4.422858	7.519531	9.123295	0.599743	
729	-4.394531	7.571349	9.046384	0.542665	
730	-4.370294	7.617188	8.978471	0.492506	
730	-4.315467	7.714844	8.827388	0.381724	
731	-4.315467	7.714844	8.827388	0.381724	
731	-4.296875	7.746118	8.776967	0.344996	
732	-4.258488	7.812500	8.669981	0.267465	
732	-4.199219	7.908869	8.507077	0.150441	
733	-4.199219	7.908869	8.507077	0.150441	
733	-4.198445	7.910156	8.504898	0.148884	
734	-4.198445	7.910156	8.504898	0.148884	
734	-4.136518	8.007812	8.333424	0.027039	
735	-4.101562	8.059762	8.237884	-0.040272	
735	-4.071333	8.105469	8.153560	-0.099342	
736	-4.003906	8.201600	7.967936	-0.228273	
736	-4.002850	8.203125	7.964977	-0.230316	
737	-4.071333	8.105469	8.153560	-0.099342	
737	-4.003906	8.201600	7.967936	-0.228273	
738	-4.136518	8.007812	8.333424	0.027039	
738	-4.101562	8.059762	8.237884	-0.040272	
739	-4.002850	8.203125	7.964977	-0.230316	
739	-3.931622	8.300781	7.768215	-0.365330	
740	-3.931622	8.300781	7.768215	-0.365330	
740	-3.906250	8.333697	7.698935	-0.412476	
741	-3.906250	8.333697	7.698935	-0.412476	
741	-3.856651	8.398438	7.561627	-0.505322	
742	-3.710938	8.574568	7.161788	-0.771275	
742	-3.694549	8.593750	7.116541	-0.800965	
743	-3.856651	8.398438	7.561627	-0.505322	
743	-3.808594	8.457868	7.430080	-0.593539	
744	-3.808594	8.457868	7.430080	-0.593539	
744	-3.777717	8.496094	7.344625	-0.650467	
745	-3.777717	8.496094	7.344625	-0.650467	
745	-3.710938	8.574568	7.161788	-0.771275	
746	-3.694549	8.593750	7.116541	-0.800965	
746	-3.613281	8.684236	6.894434	-0.945535	
747	-3.613281	8.684236	6.894434	-0.945535	
747	-3.606782	8.691406	6.876567	-0.957080	
748	-3.606782	8.691406	6.876567	-0.957080	
748	-3.515625	8.787321	6.628315	-1.116227	
749	-3.515625	8.787321	6.628315	-1.116227	
749	-3.513946	8.789062	6.623727	-1.119146	
750	-3.320312	8.975524	6.100717	-1.446730	
750	-3.310594	8.984375	6.074578	-1.462836	
751	-3.513946	8.789062	6.623727	-1.119146	
751	-3.417969	8.884273	6.363675	-1.283301	
752	-3.417969	8.884273	6.363675	-1.283301	
752	-3.415454	8.886719	6.356854	-1.287572	
753	-3.415454	8.886719	6.356854	-1.287572	
753	-3.320312	8.975524	6.100717	-1.446730	
754	-3.310594	8.984375	6.074578	-1.462836	
754	-3.222656	9.061484	5.839622	-1.606503	
755	-3.222656	9.061484	5.839622	-1.606503	
755	-3.198525	9.082031	5.775329	-1.645469	
756	-3.198525	9.082031	5.775329	-1.645469	
756	-3.125000	9.142527	5.580562	-1.762615	
757	-3.125000	9.142527	5.580562	-1.762615	
757	-3.078283	9.179688	5.457370	-1.836019	
758	-2.832031	9.359284	4.817386	-2.208889	
758	-2.808547	9.375000	4.757318	-2.243168	
759	-2.929688	9.291181	5.069230	-2.063838	
759	-2.832031	9.359284	4.817386	-2.208889	
760	-3.078283	9.179688	5.457370	-1.836019	
760	-3.027344	9.218993	5.323707	-1.915062	
761	-3.027344	9.218993	5.323707	-1.915062	
761	-2.948809	9.277344	5.118890	-2.034980	
762	-2.948809	9.277344	5.118890	-2.034980	
762	-2.929688	9.291181	5.069230	-2.063838	
763	-2.808547	9.375000	4.757318	-2.243168	
763	-2.734375	9.423634	4.568248	-2.350270	
764	-2.734375	9.423634	4.568248	-2.350270	
764	-2.656037	9.472656	4.370498	-2.461008	
765	-2.636719	9.484551	4.321878	-2.488035	
765	-2.539062	9.542234	4.078434	-2.622185	
766	-2.656037	9.472656	4.370498	-2.461008	
766	-2.636719	9.484551	4.321878	-2.488035	
767	-2.539062	9.542234	4.078434	-2.622185	
767	-2.489223	9.570312	3.955546	-2.689161	
768	-2.489223	9.570312	3.955546	-2.689161	
768	-2.441406	9.596993	3.837939	-2.752794	
769	-2.441406	9.596993	3.837939	-2.752794	
769	-2.343750	9.649072	3.600463	-2.879904	
770	-2.148438	9.746322	3.134614	-3.123917	
770	-2.107130	9.765625	3.037885	-3.173699	
771	-2.343750	9.649072	3.600463	-2.879904	
771	-2.306681	9.667969	3.511344	-2.927131	
772	-2.246094	9.698766	3.366009	-3.003594	
772	-2.148438	9.746322	3.134614	-3.123917	
773	-2.306681	9.667969	3.511344	-2.927131	
773	-2.246094	9.698766	3.366009	-3.003594	
774	-1.953125	9.836272	2.680836	-3.354821	
774	-1.891549	9.863281	2.540440	-3.424900	
775	-1.855469	9.879277	2.458380	-3.465562	
775	-1.757812	9.921479	2.238731	-3.573307	
776	-1.891549	9.863281	2.540440	-3.424900	
776	-1.855469	9.879277	2.458380	-3.465562	
777	-1.757812	9.921479	2.238731	-3.573307	
777	-1.665459	9.960938	2.033556	-3.672505	
778	-1.665459	9.960938	2.033556	-3.672505	
778	-1.660156	9.963243	2.021808	-3.678142	
779	-1.660156	9.963243	2.021808	-3.678142	
779	-1.562500	10.005093	1.807398	-3.780205	
780	-2.107130	9.765625	3.037885	-3.173699	
780	-2.050781	9.792062	2.906228	-3.240968	
781	-2.050781	9.792062	2.906228	-3.240968	
781	-1.953125	9.836272	2.680836	-3.354821	
782	-1.269531	10.138064	1.176270	-4.071363	
782	-1.233259	10.156250	1.098933	-4.106054	
783	-1.367188	10.091564	1.385083	-3.976600	
783	-1.269531	10.138064	1.176270	-4.071363	
784	-1.562500	10.005093	1.807398	-3.780205	
784	-1.464844	10.047654	1.595236	-3.879649	
785	-1.464844	10.047654	1.595236	-3.879649	
785	-1.439956	10.058594	1.541577	-3.904552	
786	-1.439956	10.058594	1.541577	-3.904552	
786	-1.367188	10.091564	1.385083	-3.976600	
787	0.000000	9.793600	-0.699305	-4.831046	
787	-0.094170	9.863281	-0.594425	-4.790751	
788	-0.097656	9.866532	-0.590916	-4.789408	
788	-0.094170	9.863281	-0.594425	-4.790751	
789	-0.097656	9.866532	-0.590916	-4.789408	
789	-0.176179	9.960938	-0.523997	-4.763925	
790	-0.195312	10.001505	-0.517933	-4.761633	
790	-0.176179	9.960938	-0.523997	-4.763925	
791	-0.195312	10.001505	-0.517933	-4.761633	
791	-0.219318	10.058594	-0.513714	-4.760047	
792	-0.219318	10.058594	-0.513714	-4.760047	
792	-0.230170	10.156250	-0.552973	-4.774468	
793	-0.781250	10.495902	0.109627	-4.529324	
793	-0.744212	10.546875	0.019459	-4.566032	
794	-0.230170	10.156250	-0.552973	-4.774468	
794	-0.211334	10.253906	-0.636672	-4.804432	
795	-0.211334	10.253906	-0.636672	-4.804432	
795	-0.195312	10.282407	-0.676891	-4.818517	
796	-0.195312	10.282407	-0.676891	-4.818517	
796	-0.170449	10.351562	-0.751720	-4.844193	
797	-0.170449	10.351562	-0.751720	-4.844193	
797	-0.113689	10.449219	-0.887831	-4.889063	
798	-0.097656	10.464913	-0.919957	-4.899283	
798	-0.052397	10.546875	-1.027766	-4.932405	
799	-0.113689	10.449219	-0.887831	-4.889063	
799	-0.097656	10.464913	-0.919957	-4.899283	
800	-0.052397	10.546875	-1.027766	-4.932405	
800	0.000000	10.616990	-1.140027	-4.964700	
801	-0.744212	10.546875	0.019459	-4.566032	
801	-0.683594	10.623993	-0.121243	-4.622835	
802	-0.683594	10.623993	-0.121243	-4.622835	
802	-0.671462	10.644531	-0.152077	-4.635220	
803	-0.671462	10.644531	-0.152077	-4.635220	
803	-0.598237	10.742188	-0.319153	-4.702073	
804	-0.585938	10.754297	-0.344225	-4.712084	
804	-0.515967	10.839844	-0.494236	-4.772018	
805	-0.488281	10.862603	-0.546284	-4.792871	
805	-0.406921	10.937500	-0.701134	-4.855336	
806	-0.515967	10.839844	-0.494236	-4.772018	
806	-0.488281	10.862603	-0.546284	-4.792871	
807	-0.598237	10.742188	-0.319153	-4.702073	
807	-0.585938	10.754297	-0.344225	-4.712084	
808	-1.233259	10.156250	1.098933	-4.106054	
808	-1.171875	10.188304	0.968310	-4.164138	
809	-1.171875	10.188304	0.968310	-4.164138	
809	-1.074219	10.245114	0.759596	-4.255590	
810	-1.074219	10.245114	0.759596	-4.255590	
810	-1.060468	10.253906	0.729993	-4.268423	
811	-1.060468	10.253906	0.729993	-4.268423	
811	-0.976562	10.310786	0.549210	-4.346038	
812	-0.976562	10.310786	0.549210	-4.346038	
812	-0.926458	10.351562	0.438405	-4.392959	
813	-0.926458	10.351562	0.438405	-4.392959	
813	-0.878906	10.392054	0.333525	-4.436916	
814	-0.878906	10.392054	0.333525	-4.436916	
814	-0.824991	10.449219	0.209062	-4.488518	
815	-0.824991	10.449219	0.209062	-4.488518	
815	-0.781250	10.495902	0.109627	-4.529324	
816	-0.406921	10.937500	-0.701134	-4.855336	
816	-0.390625	10.947228	-0.728796	-4.866591	
817	-0.390625	10.947228	-0.728796	-4.866591	
817	-0.292969	11.004612	-0.891860	-4.933858	
818	-0.292969	11.004612	-0.891860	-4.933858	
818	-0.218519	11.035156	-1.007033	-4.982720	
819	-0.218519	11.035156	-1.007033	-4.982720	
819	-0.195312	11.041784	-1.041142	-4.997489	
820	-0.097656	11.059004	-1.178772	-5.058986	
820	0.000000	11.047915	-1.303039	-5.118363	
821	-0.195312	11.041784	-1.041142	-4.997489	
821	-0.097656	11.059004	-1.178772	-5.058986	
822	-23.338266	38.183594	-8.244648	19.939395	
822	-23.242188	38.275341	-8.289884	19.920146	
823	-23.339844	38.184979	-8.245130	19.940354	
823	-23.247404	38.281250	-8.292612	19.924682	
824	-26.367188	34.219458	-7.699652	18.887785	
824	-26.334013	34.277344	-7.759216	18.895926	
825	-26.334013	34.277344	-7.759216	18.895926	
825	-26.269531	34.373483	-7.784778	18.807336	
826	-26.367188	34.307064	-7.679310	18.836939	
826	-26.270825	34.375000	-7.784839	18.807485	
827	-26.367188	34.219458	-7.699652	18.887785	
827	-26.435950	34.277344	-7.691045	18.887033	
828	-26.435950	34.277344	-7.691045	18.887033	
828	-26.367188	34.307064	-7.679310	18.836939	
