#REFERENCE 0 87.3333130 -62.0870760
1 87.3334179 -62.0857069 0.0000 0.0000 119.12 0.00
1 87.333418 -62.085707 0.0000 0.0000 119.12 0.00
1 87.3334179 -62.0857069 0.0000 0.0000 119.12 0.00
1 87.3334179 -62.0857069 13.4048 4.7037 119.12 1467.34
2 87.3055913 -62.1034127 0.0000 0.0000 4.01 0.00
2 87.305591 -62.103413 0.0000 0.0000 4.01 0.00
2 87.3055913 -62.1034127 0.0000 0.0000 4.01 0.00
2 87.3055913 -62.1034127 3.8311 3.0935 4.01 436.61
3 87.2965623 -62.1071991 0.0000 0.0000 0.00 0.00
3 87.296562 -62.107199 0.0000 0.0000 0.00 0.00
3 87.2965623 -62.1071991 0.0000 0.0000 0.00 0.00
3 87.2965623 -62.1071991 0.9397 0.5406 0.00 0.23
4 87.3331343 -62.0871467 0.0000 0.0000 -16.60 0.00
4 87.333134 -62.087147 0.0000 0.0000 -16.60 0.00
4 87.3331343 -62.0871467 0.0000 0.0000 -16.60 0.00
4 87.3331343 -62.0871467 0.7784 0.4238 -16.60 0.09
5 87.3055913 -62.1034127 0.0000 0.0000 -69.50 0.00
5 87.305591 -62.103413 0.0000 0.0000 -69.50 0.00
5 87.3055913 -62.1034127 0.0000 0.0000 -69.50 0.00
5 87.3055913 -62.1034127 0.6935 0.5526 -69.50 0.17
6 87.3332503 -62.0870457 0.0000 0.0000 -75.47 0.00
6 87.333250 -62.087046 0.0000 0.0000 -75.47 0.00
6 87.3332503 -62.0870457 0.0000 0.0000 -75.47 0.00
6 87.3332503 -62.0870457 0.8373 0.4817 -75.47 0.14
7 87.3441493 -62.0634127 0.0000 0.0000 28.24 0.00
7 87.344149 -62.063413 0.0000 0.0000 28.24 0.00
7 87.3441493 -62.0634127 0.0000 0.0000 28.24 0.00
7 87.3441493 -62.0634127 0.6134 0.5045 28.24 0.11
8 87.2942613 -62.1043357 0.0000 0.0000 61.04 0.00
8 87.294261 -62.104336 0.0000 0.0000 61.04 0.00
8 87.2942613 -62.1043357 0.0000 0.0000 61.04 0.00
8 87.2942613 -62.1043357 0.7287 0.4050 61.04 0.07
9 87.3283823 -62.0733487 0.0000 0.0000 -39.94 0.00
9 87.328382 -62.073349 0.0000 0.0000 -39.94 0.00
9 87.3283823 -62.0733487 0.0000 0.0000 -39.94 0.00
9 87.3283823 -62.0733487 0.5982 0.4387 -39.94 0.07
10 87.3042583 -62.0775707 0.0000 0.0000 -82.51 0.00
10 87.304258 -62.077571 0.0000 0.0000 -82.51 0.00
10 87.3042583 -62.0775707 0.0000 0.0000 -82.51 0.00
10 87.3042583 -62.0775707 0.5286 0.4595 -82.51 0.07
11 87.3095273 -62.0747947 0.0000 0.0000 11.36 0.00
11 87.309527 -62.074795 0.0000 0.0000 11.36 0.00
11 87.3095273 -62.0747947 0.0000 0.0000 11.36 0.00
11 87.3095273 -62.0747947 0.9559 0.3658 11.36 0.06
12 87.3640853 -62.0920467 0.0000 0.0000 24.04 0.00
12 87.364085 -62.092047 0.0000 0.0000 24.04 0.00
12 87.3640853 -62.0920467 0.0000 0.0000 24.04 0.00
12 87.3640853 -62.0920467 0.5014 0.4594 24.04 0.06
13 87.3374983 -62.0692117 0.0000 0.0000 4.41 0.00
13 87.337498 -62.069212 0.0000 0.0000 4.41 0.00
13 87.3374983 -62.0692117 0.0000 0.0000 4.41 0.00
13 87.3374983 -62.0692117 0.4839 0.4442 4.41 0.05
14 87.3386953 -62.0775187 0.0000 0.0000 -81.32 0.00
14 87.338695 -62.077519 0.0000 0.0000 -81.32 0.00
14 87.3386953 -62.0775187 0.0000 0.0000 -81.32 0.00
14 87.3386953 -62.0775187 0.4740 0.4421 -81.32 0.05
15 87.3007293 -62.0967507 0.0000 0.0000 -35.21 0.00
15 87.300729 -62.096751 0.0000 0.0000 -35.21 0.00
15 87.3007293 -62.0967507 0.0000 0.0000 -35.21 0.00
15 87.3007293 -62.0967507 0.4730 0.4398 -35.21 0.05
16 87.3481793 -62.0866567 0.0000 0.0000 8.14 0.00
16 87.348179 -62.086657 0.0000 0.0000 8.14 0.00
16 87.3481793 -62.0866567 0.0000 0.0000 8.14 0.00
16 87.3481793 -62.0866567 0.4598 0.4479 8.14 0.05
17 87.3026603 -62.0728167 0.0000 0.0000 79.39 0.00
17 87.302660 -62.072817 0.0000 0.0000 79.39 0.00
17 87.3026603 -62.0728167 0.0000 0.0000 79.39 0.00
17 87.3026603 -62.0728167 0.5894 0.3817 79.39 0.05
18 87.3127853 -62.1036137 0.0000 0.0000 4.33 0.00
18 87.312785 -62.103614 0.0000 0.0000 4.33 0.00
18 87.3127853 -62.1036137 0.0000 0.0000 4.33 0.00
18 87.3127853 -62.1036137 0.9098 0.3408 4.33 0.05
19 87.3353953 -62.1056457 0.0000 0.0000 14.84 0.00
19 87.335395 -62.105646 0.0000 0.0000 14.84 0.00
19 87.3353953 -62.1056457 0.0000 0.0000 14.84 0.00
19 87.3353953 -62.1056457 0.8903 0.3353 14.84 0.05
20 87.3033583 -62.0746787 0.0000 0.0000 14.84 0.00
20 87.303358 -62.074679 0.0000 0.0000 14.84 0.00
20 87.3033583 -62.0746787 0.0000 0.0000 14.84 0.00
20 87.3033583 -62.0746787 0.6708 0.3550 14.84 0.05
21 87.2970873 -62.0770527 0.0000 0.0000 -72.35 0.00
21 87.297087 -62.077053 0.0000 0.0000 -72.35 0.00
21 87.2970873 -62.0770527 0.0000 0.0000 -72.35 0.00
21 87.2970873 -62.0770527 0.4787 0.4011 -72.35 0.04
22 87.3351803 -62.0926987 0.0000 0.0000 43.06 0.00
22 87.335180 -62.092699 0.0000 0.0000 43.06 0.00
22 87.3351803 -62.0926987 0.0000 0.0000 43.06 0.00
22 87.3351803 -62.0926987 0.5163 0.3720 43.06 0.04
23 87.3444673 -62.0964577 0.0000 0.0000 -25.49 0.00
23 87.344467 -62.096458 0.0000 0.0000 -25.49 0.00
23 87.3444673 -62.0964577 0.0000 0.0000 -25.49 0.00
23 87.3444673 -62.0964577 0.7200 0.3302 -25.49 0.04
24 87.3439853 -62.0777207 0.0000 0.0000 -33.34 0.00
24 87.343985 -62.077721 0.0000 0.0000 -33.34 0.00
24 87.3439853 -62.0777207 0.0000 0.0000 -33.34 0.00
24 87.3439853 -62.0777207 0.5354 0.3583 -33.34 0.04
25 87.3481733 -62.0759987 0.0000 0.0000 52.94 0.00
25 87.348173 -62.075999 0.0000 0.0000 52.94 0.00
25 87.3481733 -62.0759987 0.0000 0.0000 52.94 0.00
25 87.3481733 -62.0759987 0.5390 0.3572 52.94 0.04
26 87.3318253 -62.1078667 0.0000 0.0000 -69.59 0.00
26 87.331825 -62.107867 0.0000 0.0000 -69.59 0.00
26 87.3318253 -62.1078667 0.0000 0.0000 -69.59 0.00
26 87.3318253 -62.1078667 0.4790 0.3725 -69.59 0.04
27 87.3119683 -62.0721847 0.0000 0.0000 -82.05 0.00
27 87.311968 -62.072185 0.0000 0.0000 -82.05 0.00
27 87.3119683 -62.0721847 0.0000 0.0000 -82.05 0.00
27 87.3119683 -62.0721847 0.4255 0.3954 -82.05 0.03
28 87.3031293 -62.0767307 0.0000 0.0000 87.24 0.00
28 87.303129 -62.076731 0.0000 0.0000 87.24 0.00
28 87.3031293 -62.0767307 0.0000 0.0000 87.24 0.00
28 87.3031293 -62.0767307 0.4854 0.3610 87.24 0.03
29 87.3148183 -62.0910217 0.0000 0.0000 68.93 0.00
29 87.314818 -62.091022 0.0000 0.0000 68.93 0.00
29 87.3148183 -62.0910217 0.0000 0.0000 68.93 0.00
29 87.3148183 -62.0910217 0.4997 0.3496 68.93 0.03
30 87.3642013 -62.0656447 0.0000 0.0000 -46.13 0.00
30 87.364201 -62.065645 0.0000 0.0000 -46.13 0.00
30 87.3642013 -62.0656447 0.0000 0.0000 -46.13 0.00
30 87.3642013 -62.0656447 0.4520 0.3686 -46.13 0.03
31 87.3310973 -62.1006657 0.0000 0.0000 6.90 0.00
31 87.331097 -62.100666 0.0000 0.0000 6.90 0.00
31 87.3310973 -62.1006657 0.0000 0.0000 6.90 0.00
31 87.3310973 -62.1006657 0.7198 0.3100 6.90 0.03
32 87.3178913 -62.0737707 0.0000 0.0000 -30.47 0.00
32 87.317891 -62.073771 0.0000 0.0000 -30.47 0.00
32 87.3178913 -62.0737707 0.0000 0.0000 -30.47 0.00
32 87.3178913 -62.0737707 0.4190 0.3798 -30.47 0.03
33 87.3627253 -62.1095157 0.0000 0.0000 4.41 0.00
33 87.362725 -62.109516 0.0000 0.0000 4.41 0.00
33 87.3627253 -62.1095157 0.0000 0.0000 4.41 0.00
33 87.3627253 -62.1095157 0.5260 0.3121 4.41 0.02
34 87.3651353 -62.0864867 0.0000 0.0000 82.68 0.00
34 87.365135 -62.086487 0.0000 0.0000 82.68 0.00
34 87.3651353 -62.0864867 0.0000 0.0000 82.68 0.00
34 87.3651353 -62.0864867 0.4010 0.3570 82.68 0.02
35 87.2827733 -62.0757467 0.0000 0.0000 45.88 0.00
35 87.282773 -62.075747 0.0000 0.0000 45.88 0.00
35 87.2827733 -62.0757467 0.0000 0.0000 45.88 0.00
35 87.2827733 -62.0757467 0.4718 0.3219 45.88 0.02
36 87.3606523 -62.0717357 0.0000 0.0000 78.83 0.00
36 87.360652 -62.071736 0.0000 0.0000 78.83 0.00
36 87.3606523 -62.0717357 0.0000 0.0000 78.83 0.00
36 87.3606523 -62.0717357 0.4041 0.3424 78.83 0.02
37 87.3076773 -62.0849297 0.0000 0.0000 -83.11 0.00
37 87.307677 -62.084930 0.0000 0.0000 -83.11 0.00
37 87.3076773 -62.0849297 0.0000 0.0000 -83.11 0.00
37 87.3076773 -62.0849297 0.4100 0.3354 -83.11 0.02
38 87.2913743 -62.0918637 0.0000 0.0000 -38.72 0.00
38 87.291374 -62.091864 0.0000 0.0000 -38.72 0.00
38 87.2913743 -62.0918637 0.0000 0.0000 -38.72 0.00
38 87.2913743 -62.0918637 0.5819 0.2893 -38.72 0.02
39 87.3042483 -62.0766137 0.0000 0.0000 -0.39 0.00
39 87.304248 -62.076614 0.0000 0.0000 -0.39 0.00
39 87.3042483 -62.0766137 0.0000 0.0000 -0.39 0.00
39 87.3042483 -62.0766137 0.3897 0.3429 -0.39 0.02
40 87.3175973 -62.0772077 0.0000 0.0000 57.69 0.00
40 87.317597 -62.077208 0.0000 0.0000 57.69 0.00
40 87.3175973 -62.0772077 0.0000 0.0000 57.69 0.00
40 87.3175973 -62.0772077 0.5451 0.2916 57.69 0.02
41 87.3459713 -62.1009547 0.0000 0.0000 64.60 0.00
41 87.345971 -62.100955 0.0000 0.0000 64.60 0.00
41 87.3459713 -62.1009547 0.0000 0.0000 64.60 0.00
41 87.3459713 -62.1009547 0.3764 0.3473 64.60 0.02
42 87.3318193 -62.0856187 0.0000 0.0000 1.22 0.00
42 87.331819 -62.085619 0.0000 0.0000 1.22 0.00
42 87.3318193 -62.0856187 0.0000 0.0000 1.22 0.00
42 87.3318193 -62.0856187 0.4167 0.3216 1.22 0.02
43 87.3140093 -62.1089867 0.0000 0.0000 16.68 0.00
43 87.314009 -62.108987 0.0000 0.0000 16.68 0.00
43 87.3140093 -62.1089867 0.0000 0.0000 16.68 0.00
43 87.3140093 -62.1089867 0.4686 0.2957 16.68 0.02
44 87.3250323 -62.0722757 0.0000 0.0000 -15.86 0.00
44 87.325032 -62.072276 0.0000 0.0000 -15.86 0.00
44 87.3250323 -62.0722757 0.0000 0.0000 -15.86 0.00
44 87.3250323 -62.0722757 0.4506 0.2989 -15.86 0.02
45 87.3167003 -62.0734557 0.0000 0.0000 -63.67 0.00
45 87.316700 -62.073456 0.0000 0.0000 -63.67 0.00
45 87.3167003 -62.0734557 0.0000 0.0000 -63.67 0.00
45 87.3167003 -62.0734557 0.4572 0.2969 -63.67 0.02
46 87.3216983 -62.0746047 0.0000 0.0000 -58.71 0.00
46 87.321698 -62.074605 0.0000 0.0000 -58.71 0.00
46 87.3216983 -62.0746047 0.0000 0.0000 -58.71 0.00
46 87.3216983 -62.0746047 0.9499 0.2561 -58.71 0.02
47 87.3246603 -62.1007907 0.0000 0.0000 77.64 0.00
47 87.324660 -62.100791 0.0000 0.0000 77.64 0.00
47 87.3246603 -62.1007907 0.0000 0.0000 77.64 0.00
47 87.3246603 -62.1007907 0.4351 0.2920 77.64 0.02
48 87.3332423 -62.0840317 0.0000 0.0000 54.86 0.00
48 87.333242 -62.084032 0.0000 0.0000 54.86 0.00
48 87.3332423 -62.0840317 0.0000 0.0000 54.86 0.00
48 87.3332423 -62.0840317 0.4451 0.2870 54.86 0.02
49 87.3489423 -62.0775467 0.0000 0.0000 42.41 0.00
49 87.348942 -62.077547 0.0000 0.0000 42.41 0.00
49 87.3489423 -62.0775467 0.0000 0.0000 42.41 0.00
49 87.3489423 -62.0775467 0.4012 0.3015 42.41 0.02
50 87.3381153 -62.0813177 0.0000 0.0000 15.90 0.00
50 87.338115 -62.081318 0.0000 0.0000 15.90 0.00
50 87.3381153 -62.0813177 0.0000 0.0000 15.90 0.00
50 87.3381153 -62.0813177 0.3669 0.3178 15.90 0.02
51 87.2775843 -62.0685817 0.0000 0.0000 81.01 0.00
51 87.277584 -62.068582 0.0000 0.0000 81.01 0.00
51 87.2775843 -62.0685817 0.0000 0.0000 81.01 0.00
51 87.2775843 -62.0685817 0.6439 0.2572 81.01 0.02
52 87.3695583 -62.1013987 0.0000 0.0000 -66.68 0.00
52 87.369558 -62.101399 0.0000 0.0000 -66.68 0.00
52 87.3695583 -62.1013987 0.0000 0.0000 -66.68 0.00
52 87.3695583 -62.1013987 0.4429 0.2824 -66.68 0.02
53 87.3781703 -62.0729477 0.0000 0.0000 -81.69 0.00
53 87.378170 -62.072948 0.0000 0.0000 -81.69 0.00
53 87.3781703 -62.0729477 0.0000 0.0000 -81.69 0.00
53 87.3781703 -62.0729477 0.3841 0.3029 -81.69 0.02
54 87.3238213 -62.1010887 0.0000 0.0000 -18.09 0.00
54 87.323821 -62.101089 0.0000 0.0000 -18.09 0.00
54 87.3238213 -62.1010887 0.0000 0.0000 -18.09 0.00
54 87.3238213 -62.1010887 0.4157 0.2891 -18.09 0.02
55 87.3120793 -62.1028527 0.0000 0.0000 -67.69 0.00
55 87.312079 -62.102853 0.0000 0.0000 -67.69 0.00
55 87.3120793 -62.1028527 0.0000 0.0000 -67.69 0.00
55 87.3120793 -62.1028527 0.4063 0.2898 -67.69 0.01
56 87.3107343 -62.0687327 0.0000 0.0000 -25.05 0.00
56 87.310734 -62.068733 0.0000 0.0000 -25.05 0.00
56 87.3107343 -62.0687327 0.0000 0.0000 -25.05 0.00
56 87.3107343 -62.0687327 0.3399 0.3262 -25.05 0.01
57 87.3586323 -62.0669937 0.0000 0.0000 -68.71 0.00
57 87.358632 -62.066994 0.0000 0.0000 -68.71 0.00
57 87.3586323 -62.0669937 0.0000 0.0000 -68.71 0.00
57 87.3586323 -62.0669937 0.4778 0.2700 -68.71 0.01
58 87.3608513 -62.0954407 0.0000 0.0000 16.01 0.00
58 87.360851 -62.095441 0.0000 0.0000 16.01 0.00
58 87.3608513 -62.0954407 0.0000 0.0000 16.01 0.00
58 87.3608513 -62.0954407 0.3407 0.3177 16.01 0.01
59 87.3418253 -62.0847807 0.0000 0.0000 16.35 0.00
59 87.341825 -62.084781 0.0000 0.0000 16.35 0.00
59 87.3418253 -62.0847807 0.0000 0.0000 16.35 0.00
59 87.3418253 -62.0847807 0.4314 0.2729 16.35 0.01
60 87.3099983 -62.0707007 0.0000 0.0000 1.81 0.00
60 87.309998 -62.070701 0.0000 0.0000 1.81 0.00
60 87.3099983 -62.0707007 0.0000 0.0000 1.81 0.00
60 87.3099983 -62.0707007 0.5460 0.2512 1.81 0.01
61 87.3386243 -62.1041097 0.0000 0.0000 -67.00 0.00
61 87.338624 -62.104110 0.0000 0.0000 -67.00 0.00
61 87.3386243 -62.1041097 0.0000 0.0000 -67.00 0.00
61 87.3386243 -62.1041097 0.4440 0.2609 -67.00 0.01
62 87.3101853 -62.0972567 0.0000 0.0000 -26.95 0.00
62 87.310185 -62.097257 0.0000 0.0000 -26.95 0.00
62 87.3101853 -62.0972567 0.0000 0.0000 -26.95 0.00
62 87.3101853 -62.0972567 0.4115 0.2680 -26.95 0.01
63 87.3138433 -62.0859737 0.0000 0.0000 37.91 0.00
63 87.313843 -62.085974 0.0000 0.0000 37.91 0.00
63 87.3138433 -62.0859737 0.0000 0.0000 37.91 0.00
63 87.3138433 -62.0859737 0.4959 0.2465 37.91 0.01
64 87.3190223 -62.0957717 0.0000 0.0000 -83.74 0.00
64 87.319022 -62.095772 0.0000 0.0000 -83.74 0.00
64 87.3190223 -62.0957717 0.0000 0.0000 -83.74 0.00
64 87.3190223 -62.0957717 0.5250 0.2421 -83.74 0.01
65 87.3651563 -62.0649147 0.0000 0.0000 -22.56 0.00
65 87.365156 -62.064915 0.0000 0.0000 -22.56 0.00
65 87.3651563 -62.0649147 0.0000 0.0000 -22.56 0.00
65 87.3651563 -62.0649147 0.5913 0.2350 -22.56 0.01
66 87.2876513 -62.0790557 0.0000 0.0000 42.59 0.00
66 87.287651 -62.079056 0.0000 0.0000 42.59 0.00
66 87.2876513 -62.0790557 0.0000 0.0000 42.59 0.00
66 87.2876513 -62.0790557 0.9871 0.2207 42.59 0.01
67 87.3143663 -62.0674127 0.0000 0.0000 78.87 0.00
67 87.314366 -62.067413 0.0000 0.0000 78.87 0.00
67 87.3143663 -62.0674127 0.0000 0.0000 78.87 0.00
67 87.3143663 -62.0674127 0.5009 0.2385 78.87 0.01
68 87.3104743 -62.1017527 0.0000 0.0000 -22.46 0.00
68 87.310474 -62.101753 0.0000 0.0000 -22.46 0.00
68 87.3104743 -62.1017527 0.0000 0.0000 -22.46 0.00
68 87.3104743 -62.1017527 0.3809 0.2576 -22.46 0.01
69 87.3581093 -62.0802877 0.0000 0.0000 67.15 0.00
69 87.358109 -62.080288 0.0000 0.0000 67.15 0.00
69 87.3581093 -62.0802877 0.0000 0.0000 67.15 0.00
69 87.3581093 -62.0802877 0.6172 0.2267 67.15 0.01
70 87.3195893 -62.1057847 0.0000 0.0000 64.60 0.00
70 87.319589 -62.105785 0.0000 0.0000 64.60 0.00
70 87.3195893 -62.1057847 0.0000 0.0000 64.60 0.00
70 87.3195893 -62.1057847 0.3233 0.2791 64.60 0.01
71 87.3164243 -62.0801147 0.0000 0.0000 76.79 0.00
71 87.316424 -62.080115 0.0000 0.0000 76.79 0.00
71 87.3164243 -62.0801147 0.0000 0.0000 76.79 0.00
71 87.3164243 -62.0801147 0.3336 0.2703 76.79 0.01
72 87.3448663 -62.0946837 0.0000 0.0000 -76.30 0.00
72 87.344866 -62.094684 0.0000 0.0000 -76.30 0.00
72 87.3448663 -62.0946837 0.0000 0.0000 -76.30 0.00
72 87.3448663 -62.0946837 0.4038 0.2435 -76.30 0.01
73 87.3313573 -62.0917737 0.0000 0.0000 57.10 0.00
73 87.331357 -62.091774 0.0000 0.0000 57.10 0.00
73 87.3313573 -62.0917737 0.0000 0.0000 57.10 0.00
73 87.3313573 -62.0917737 0.3275 0.2686 57.10 0.01
74 87.3202053 -62.0829767 0.0000 0.0000 -32.69 0.00
74 87.320205 -62.082977 0.0000 0.0000 -32.69 0.00
74 87.3202053 -62.0829767 0.0000 0.0000 -32.69 0.00
74 87.3202053 -62.0829767 0.3145 0.2750 -32.69 0.01
75 87.3025983 -62.0732147 0.0000 0.0000 73.45 0.00
75 87.302598 -62.073215 0.0000 0.0000 73.45 0.00
75 87.3025983 -62.0732147 0.0000 0.0000 73.45 0.00
75 87.3025983 -62.0732147 0.3004 0.2821 73.45 0.01
76 87.3356923 -62.0884167 0.0000 0.0000 -56.88 0.00
76 87.335692 -62.088417 0.0000 0.0000 -56.88 0.00
76 87.3356923 -62.0884167 0.0000 0.0000 -56.88 0.00
76 87.3356923 -62.0884167 0.3407 0.2572 -56.88 0.01
77 87.2874853 -62.0870067 0.0000 0.0000 -87.29 0.00
77 87.287485 -62.087007 0.0000 0.0000 -87.29 0.00
77 87.2874853 -62.0870067 0.0000 0.0000 -87.29 0.00
77 87.2874853 -62.0870067 0.5058 0.2238 -87.29 0.01
78 87.3530593 -62.0742687 0.0000 0.0000 -47.21 0.00
78 87.353059 -62.074269 0.0000 0.0000 -47.21 0.00
78 87.3530593 -62.0742687 0.0000 0.0000 -47.21 0.00
78 87.3530593 -62.0742687 0.2966 0.2812 -47.21 0.01
79 87.3312053 -62.0649237 0.0000 0.0000 -17.00 0.00
79 87.331205 -62.064924 0.0000 0.0000 -17.00 0.00
79 87.3312053 -62.0649237 0.0000 0.0000 -17.00 0.00
79 87.3312053 -62.0649237 0.3645 0.2420 -17.00 0.01
80 87.3079223 -62.1043687 0.0000 0.0000 17.12 0.00
80 87.307922 -62.104369 0.0000 0.0000 17.12 0.00
80 87.3079223 -62.1043687 0.0000 0.0000 17.12 0.00
80 87.3079223 -62.1043687 0.3500 0.2424 17.12 0.01
81 87.3364623 -62.1089187 0.0000 0.0000 -85.72 0.00
81 87.336462 -62.108919 0.0000 0.0000 -85.72 0.00
81 87.3364623 -62.1089187 0.0000 0.0000 -85.72 0.00
81 87.3364623 -62.1089187 0.6454 0.2066 -85.72 0.01
82 87.3494723 -62.1002117 0.0000 0.0000 7.13 0.00
82 87.349472 -62.100212 0.0000 0.0000 7.13 0.00
82 87.3494723 -62.1002117 0.0000 0.0000 7.13 0.00
82 87.3494723 -62.1002117 0.3823 0.2283 7.13 0.01
83 87.3194533 -62.0949947 0.0000 0.0000 61.22 0.00
83 87.319453 -62.094995 0.0000 0.0000 61.22 0.00
83 87.3194533 -62.0949947 0.0000 0.0000 61.22 0.00
83 87.3194533 -62.0949947 0.3250 0.2388 61.22 0.01
84 87.3355283 -62.0796547 0.0000 0.0000 23.14 0.00
84 87.335528 -62.079655 0.0000 0.0000 23.14 0.00
84 87.3355283 -62.0796547 0.0000 0.0000 23.14 0.00
84 87.3355283 -62.0796547 0.3027 0.2389 23.14 0.01
85 87.3544763 -62.0669777 0.0000 0.0000 43.66 0.00
85 87.354476 -62.066978 0.0000 0.0000 43.66 0.00
85 87.3544763 -62.0669777 0.0000 0.0000 43.66 0.00
85 87.3544763 -62.0669777 0.3365 0.2254 43.66 0.01
86 87.3064093 -62.0835367 0.0000 0.0000 -86.12 0.00
86 87.306409 -62.083537 0.0000 0.0000 -86.12 0.00
86 87.3064093 -62.0835367 0.0000 0.0000 -86.12 0.00
86 87.3064093 -62.0835367 0.2980 0.2348 -86.12 0.01
87 87.2774563 -62.0686947 0.0000 0.0000 86.16 0.00
87 87.277456 -62.068695 0.0000 0.0000 86.16 0.00
87 87.2774563 -62.0686947 0.0000 0.0000 86.16 0.00
87 87.2774563 -62.0686947 0.5264 0.1948 86.16 0.01
88 87.3648303 -62.0954977 0.0000 0.0000 -29.19 0.00
88 87.364830 -62.095498 0.0000 0.0000 -29.19 0.00
88 87.3648303 -62.0954977 0.0000 0.0000 -29.19 0.00
88 87.3648303 -62.0954977 0.6002 0.1910 -29.19 0.01
89 87.3498183 -62.0802557 0.0000 0.0000 -48.66 0.00
89 87.349818 -62.080256 0.0000 0.0000 -48.66 0.00
89 87.3498183 -62.0802557 0.0000 0.0000 -48.66 0.00
89 87.3498183 -62.0802557 0.2853 0.2339 -48.66 0.01
90 87.3453053 -62.0672797 0.0000 0.0000 44.97 0.00
90 87.345305 -62.067280 0.0000 0.0000 44.97 0.00
90 87.3453053 -62.0672797 0.0000 0.0000 44.97 0.00
90 87.3453053 -62.0672797 0.2940 0.2251 44.97 0.00
91 87.3341413 -62.0825907 0.0000 0.0000 25.03 0.00
91 87.334141 -62.082591 0.0000 0.0000 25.03 0.00
91 87.3341413 -62.0825907 0.0000 0.0000 25.03 0.00
91 87.3341413 -62.0825907 0.3429 0.2092 25.03 0.00
92 87.3089003 -62.1069597 0.0000 0.0000 -74.24 0.00
92 87.308900 -62.106960 0.0000 0.0000 -74.24 0.00
92 87.3089003 -62.1069597 0.0000 0.0000 -74.24 0.00
92 87.3089003 -62.1069597 0.3346 0.2097 -74.24 0.00
93 87.3791693 -62.0920527 0.0000 0.0000 15.70 0.00
93 87.379169 -62.092053 0.0000 0.0000 15.70 0.00
93 87.3791693 -62.0920527 0.0000 0.0000 15.70 0.00
93 87.3791693 -62.0920527 0.2664 0.2344 15.70 0.00
94 87.3330893 -62.0877717 0.0000 0.0000 48.11 0.00
94 87.333089 -62.087772 0.0000 0.0000 48.11 0.00
94 87.3330893 -62.0877717 0.0000 0.0000 48.11 0.00
94 87.3330893 -62.0877717 0.2587 0.2400 48.11 0.00
95 87.3791363 -62.0973447 0.0000 0.0000 59.29 0.00
95 87.379136 -62.097345 0.0000 0.0000 59.29 0.00
95 87.3791363 -62.0973447 0.0000 0.0000 59.29 0.00
95 87.3791363 -62.0973447 0.2679 0.2329 59.29 0.00
96 87.3244013 -62.0914527 0.0000 0.0000 43.95 0.00
96 87.324401 -62.091453 0.0000 0.0000 43.95 0.00
96 87.3244013 -62.0914527 0.0000 0.0000 43.95 0.00
96 87.3244013 -62.0914527 0.2610 0.2363 43.95 0.00
97 87.3571603 -62.0815867 0.0000 0.0000 -60.17 0.00
97 87.357160 -62.081587 0.0000 0.0000 -60.17 0.00
97 87.3571603 -62.0815867 0.0000 0.0000 -60.17 0.00
97 87.3571603 -62.0815867 0.3452 0.2033 -60.17 0.00
98 87.3230333 -62.0993587 0.0000 0.0000 36.77 0.00
98 87.323033 -62.099359 0.0000 0.0000 36.77 0.00
98 87.3230333 -62.0993587 0.0000 0.0000 36.77 0.00
98 87.3230333 -62.0993587 0.5445 0.1845 36.77 0.00
99 87.3590773 -62.0850747 0.0000 0.0000 31.26 0.00
99 87.359077 -62.085075 0.0000 0.0000 31.26 0.00
99 87.3590773 -62.0850747 0.0000 0.0000 31.26 0.00
99 87.3590773 -62.0850747 0.3244 0.2044 31.26 0.00
100 87.3654073 -62.0792587 0.0000 0.0000 84.91 0.00
100 87.365407 -62.079259 0.0000 0.0000 84.91 0.00
100 87.3654073 -62.0792587 0.0000 0.0000 84.91 0.00
100 87.3654073 -62.0792587 0.3896 0.1906 84.91 0.00
101 87.2797093 -62.0707477 0.0000 0.0000 18.56 0.00
101 87.279709 -62.070748 0.0000 0.0000 18.56 0.00
101 87.2797093 -62.0707477 0.0000 0.0000 18.56 0.00
101 87.2797093 -62.0707477 0.2676 0.2222 18.56 0.00
102 87.3634033 -62.1031087 0.0000 0.0000 -38.39 0.00
102 87.363403 -62.103109 0.0000 0.0000 -38.39 0.00
102 87.3634033 -62.1031087 0.0000 0.0000 -38.39 0.00
102 87.3634033 -62.1031087 0.4472 0.1836 -38.39 0.00
103 87.2984073 -62.0688767 0.0000 0.0000 10.68 0.00
103 87.298407 -62.068877 0.0000 0.0000 10.68 0.00
103 87.2984073 -62.0688767 0.0000 0.0000 10.68 0.00
103 87.2984073 -62.0688767 0.3554 0.1911 10.68 0.00
104 87.2874513 -62.0911497 0.0000 0.0000 25.35 0.00
104 87.287451 -62.091150 0.0000 0.0000 25.35 0.00
104 87.2874513 -62.0911497 0.0000 0.0000 25.35 0.00
104 87.2874513 -62.0911497 0.2937 0.2038 25.35 0.00
105 87.3422323 -62.0662427 0.0000 0.0000 22.82 0.00
105 87.342232 -62.066243 0.0000 0.0000 22.82 0.00
105 87.3422323 -62.0662427 0.0000 0.0000 22.82 0.00
105 87.3422323 -62.0662427 0.2883 0.2056 22.82 0.00
106 87.3084893 -62.0631967 0.0000 0.0000 8.92 0.00
106 87.308489 -62.063197 0.0000 0.0000 8.92 0.00
106 87.3084893 -62.0631967 0.0000 0.0000 8.92 0.00
106 87.3084893 -62.0631967 0.2640 0.2162 8.92 0.00
107 87.3109043 -62.0974237 0.0000 0.0000 70.03 0.00
107 87.310904 -62.097424 0.0000 0.0000 70.03 0.00
107 87.3109043 -62.0974237 0.0000 0.0000 70.03 0.00
107 87.3109043 -62.0974237 0.2442 0.2292 70.03 0.00
108 87.3765443 -62.0840787 0.0000 0.0000 35.66 0.00
108 87.376544 -62.084079 0.0000 0.0000 35.66 0.00
108 87.3765443 -62.0840787 0.0000 0.0000 35.66 0.00
108 87.3765443 -62.0840787 0.2754 0.2089 35.66 0.00
109 87.3475653 -62.1000927 0.0000 0.0000 21.94 0.00
109 87.347565 -62.100093 0.0000 0.0000 21.94 0.00
109 87.3475653 -62.1000927 0.0000 0.0000 21.94 0.00
109 87.3475653 -62.1000927 0.3227 0.1942 21.94 0.00
110 87.3200263 -62.0910787 0.0000 0.0000 -45.87 0.00
110 87.320026 -62.091079 0.0000 0.0000 -45.87 0.00
110 87.3200263 -62.0910787 0.0000 0.0000 -45.87 0.00
110 87.3200263 -62.0910787 0.2678 0.2120 -45.87 0.00
111 87.3172553 -62.0712707 0.0000 0.0000 40.29 0.00
111 87.317255 -62.071271 0.0000 0.0000 40.29 0.00
111 87.3172553 -62.0712707 0.0000 0.0000 40.29 0.00
111 87.3172553 -62.0712707 0.3217 0.1931 40.29 0.00
112 87.3020793 -62.0949137 0.0000 0.0000 -88.87 0.00
112 87.302079 -62.094914 0.0000 0.0000 -88.87 0.00
112 87.3020793 -62.0949137 0.0000 0.0000 -88.87 0.00
112 87.3020793 -62.0949137 0.3600 0.1863 -88.87 0.00
113 87.3513183 -62.0748867 0.0000 0.0000 -18.46 0.00
113 87.351318 -62.074887 0.0000 0.0000 -18.46 0.00
113 87.3513183 -62.0748867 0.0000 0.0000 -18.46 0.00
113 87.3513183 -62.0748867 0.3039 0.1969 -18.46 0.00
114 87.3423093 -62.0662897 0.0000 0.0000 -3.31 0.00
114 87.342309 -62.066290 0.0000 0.0000 -3.31 0.00
114 87.3423093 -62.0662897 0.0000 0.0000 -3.31 0.00
114 87.3423093 -62.0662897 0.2678 0.2074 -3.31 0.00
115 87.3226893 -62.0803207 0.0000 0.0000 -39.72 0.00
115 87.322689 -62.080321 0.0000 0.0000 -39.72 0.00
115 87.3226893 -62.0803207 0.0000 0.0000 -39.72 0.00
115 87.3226893 -62.0803207 0.4273 0.1762 -39.72 0.00
116 87.3570853 -62.0814757 0.0000 0.0000 71.34 0.00
116 87.357085 -62.081476 0.0000 0.0000 71.34 0.00
116 87.3570853 -62.0814757 0.0000 0.0000 71.34 0.00
116 87.3570853 -62.0814757 0.2727 0.2017 71.34 0.00
117 87.3409183 -62.0671417 0.0000 0.0000 5.36 0.00
117 87.340918 -62.067142 0.0000 0.0000 5.36 0.00
117 87.3409183 -62.0671417 0.0000 0.0000 5.36 0.00
117 87.3409183 -62.0671417 0.2293 0.2254 5.36 0.00
118 87.3174843 -62.0755257 0.0000 0.0000 -34.62 0.00
118 87.317484 -62.075526 0.0000 0.0000 -34.62 0.00
118 87.3174843 -62.0755257 0.0000 0.0000 -34.62 0.00
118 87.3174843 -62.0755257 0.3458 0.1791 -34.62 0.00
119 87.3126773 -62.1068087 0.0000 0.0000 -7.64 0.00
119 87.312677 -62.106809 0.0000 0.0000 -7.64 0.00
119 87.3126773 -62.1068087 0.0000 0.0000 -7.64 0.00
119 87.3126773 -62.1068087 0.2839 0.1903 -7.64 0.00
120 87.3475703 -62.1001677 0.0000 0.0000 -49.96 0.00
120 87.347570 -62.100168 0.0000 0.0000 -49.96 0.00
120 87.3475703 -62.1001677 0.0000 0.0000 -49.96 0.00
120 87.3475703 -62.1001677 0.2399 0.2087 -49.96 0.00
121 87.3393733 -62.0852517 0.0000 0.0000 -61.83 0.00
121 87.339373 -62.085252 0.0000 0.0000 -61.83 0.00
121 87.3393733 -62.0852517 0.0000 0.0000 -61.83 0.00
121 87.3393733 -62.0852517 0.2354 0.2109 -61.83 0.00
122 87.2829333 -62.0731787 0.0000 0.0000 -86.96 0.00
122 87.282933 -62.073179 0.0000 0.0000 -86.96 0.00
122 87.2829333 -62.0731787 0.0000 0.0000 -86.96 0.00
122 87.2829333 -62.0731787 0.2680 0.1922 -86.96 0.00
123 87.3338453 -62.0744987 0.0000 0.0000 -37.75 0.00
123 87.333845 -62.074499 0.0000 0.0000 -37.75 0.00
123 87.3338453 -62.0744987 0.0000 0.0000 -37.75 0.00
123 87.3338453 -62.0744987 0.2326 0.2090 -37.75 0.00
124 87.3529363 -62.1021767 0.0000 0.0000 85.59 0.00
124 87.352936 -62.102177 0.0000 0.0000 85.59 0.00
124 87.3529363 -62.1021767 0.0000 0.0000 85.59 0.00
124 87.3529363 -62.1021767 0.3007 0.1793 85.59 0.00
125 87.3030943 -62.0955657 0.0000 0.0000 -86.68 0.00
125 87.303094 -62.095566 0.0000 0.0000 -86.68 0.00
125 87.3030943 -62.0955657 0.0000 0.0000 -86.68 0.00
125 87.3030943 -62.0955657 0.2242 0.2115 -86.68 0.00
126 87.3191963 -62.0735377 0.0000 0.0000 -45.50 0.00
126 87.319196 -62.073538 0.0000 0.0000 -45.50 0.00
126 87.3191963 -62.0735377 0.0000 0.0000 -45.50 0.00
126 87.3191963 -62.0735377 0.2670 0.1882 -45.50 0.00
127 87.3007813 -62.0720307 0.0000 0.0000 -11.20 0.00
127 87.300781 -62.072031 0.0000 0.0000 -11.20 0.00
127 87.3007813 -62.0720307 0.0000 0.0000 -11.20 0.00
127 87.3007813 -62.0720307 0.2722 0.1802 -11.20 0.00
128 87.3731143 -62.0805417 0.0000 0.0000 -86.55 0.00
128 87.373114 -62.080542 0.0000 0.0000 -86.55 0.00
128 87.3731143 -62.0805417 0.0000 0.0000 -86.55 0.00
128 87.3731143 -62.0805417 0.3913 0.1604 -86.55 0.00
129 87.3348943 -62.0834767 0.0000 0.0000 -84.52 0.00
129 87.334894 -62.083477 0.0000 0.0000 -84.52 0.00
129 87.3348943 -62.0834767 0.0000 0.0000 -84.52 0.00
129 87.3348943 -62.0834767 0.2929 0.1704 -84.52 0.00
130 87.3024863 -62.0900537 0.0000 0.0000 -63.60 0.00
130 87.302486 -62.090054 0.0000 0.0000 -63.60 0.00
130 87.3024863 -62.0900537 0.0000 0.0000 -63.60 0.00
130 87.3024863 -62.0900537 0.2423 0.1854 -63.60 0.00
131 87.3325023 -62.0883907 0.0000 0.0000 -84.48 0.00
131 87.332502 -62.088391 0.0000 0.0000 -84.48 0.00
131 87.3325023 -62.0883907 0.0000 0.0000 -84.48 0.00
131 87.3325023 -62.0883907 0.2218 0.1929 -84.48 0.00
132 87.2884293 -62.1011847 0.0000 0.0000 81.94 0.00
132 87.288429 -62.101185 0.0000 0.0000 81.94 0.00
132 87.2884293 -62.1011847 0.0000 0.0000 81.94 0.00
132 87.2884293 -62.1011847 0.2170 0.1958 81.94 0.00
133 87.3066383 -62.1034907 0.0000 0.0000 -3.42 0.00
133 87.306638 -62.103491 0.0000 0.0000 -3.42 0.00
133 87.3066383 -62.1034907 0.0000 0.0000 -3.42 0.00
133 87.3066383 -62.1034907 0.2153 0.1970 -3.42 0.00
134 87.3164083 -62.0703187 0.0000 0.0000 86.75 0.00
134 87.316408 -62.070319 0.0000 0.0000 86.75 0.00
134 87.3164083 -62.0703187 0.0000 0.0000 86.75 0.00
134 87.3164083 -62.0703187 0.3019 0.1645 86.75 0.00
135 87.3356843 -62.0859087 0.0000 0.0000 -88.58 0.00
135 87.335684 -62.085909 0.0000 0.0000 -88.58 0.00
135 87.3356843 -62.0859087 0.0000 0.0000 -88.58 0.00
135 87.3356843 -62.0859087 0.2192 0.1912 -88.58 0.00
136 87.3428703 -62.0634467 0.0000 0.0000 -49.27 0.00
136 87.342870 -62.063447 0.0000 0.0000 -49.27 0.00
136 87.3428703 -62.0634467 0.0000 0.0000 -49.27 0.00
136 87.3428703 -62.0634467 0.2106 0.1969 -49.27 0.00
137 87.3452413 -62.0657787 0.0000 0.0000 -72.76 0.00
137 87.345241 -62.065779 0.0000 0.0000 -72.76 0.00
137 87.3452413 -62.0657787 0.0000 0.0000 -72.76 0.00
137 87.3452413 -62.0657787 0.2273 0.1848 -72.76 0.00
138 87.3706753 -62.0953337 0.0000 0.0000 44.16 0.00
138 87.370675 -62.095334 0.0000 0.0000 44.16 0.00
138 87.3706753 -62.0953337 0.0000 0.0000 44.16 0.00
138 87.3706753 -62.0953337 0.3291 0.1582 44.16 0.00
139 87.3087313 -62.1056707 0.0000 0.0000 -43.47 0.00
139 87.308731 -62.105671 0.0000 0.0000 -43.47 0.00
139 87.3087313 -62.1056707 0.0000 0.0000 -43.47 0.00
139 87.3087313 -62.1056707 0.2085 0.1947 -43.47 0.00
140 87.2955963 -62.0843527 0.0000 0.0000 78.60 0.00
140 87.295596 -62.084353 0.0000 0.0000 78.60 0.00
140 87.2955963 -62.0843527 0.0000 0.0000 78.60 0.00
140 87.2955963 -62.0843527 0.2356 0.1773 78.60 0.00
141 87.3523573 -62.0951487 0.0000 0.0000 -80.13 0.00
141 87.352357 -62.095149 0.0000 0.0000 -80.13 0.00
141 87.3523573 -62.0951487 0.0000 0.0000 -80.13 0.00
141 87.3523573 -62.0951487 0.2565 0.1693 -80.13 0.00
142 87.3732073 -62.0737707 0.0000 0.0000 44.74 0.00
142 87.373207 -62.073771 0.0000 0.0000 44.74 0.00
142 87.3732073 -62.0737707 0.0000 0.0000 44.74 0.00
142 87.3732073 -62.0737707 0.2433 0.1727 44.74 0.00
143 87.3391493 -62.0838907 0.0000 0.0000 32.51 0.00
143 87.339149 -62.083891 0.0000 0.0000 32.51 0.00
143 87.3391493 -62.0838907 0.0000 0.0000 32.51 0.00
143 87.3391493 -62.0838907 0.2180 0.1843 32.51 0.00
144 87.3394933 -62.0916327 0.0000 0.0000 -53.44 0.00
144 87.339493 -62.091633 0.0000 0.0000 -53.44 0.00
144 87.3394933 -62.0916327 0.0000 0.0000 -53.44 0.00
144 87.3394933 -62.0916327 0.2297 0.1781 -53.44 0.00
145 87.3478643 -62.1001087 0.0000 0.0000 -88.32 0.00
145 87.347864 -62.100109 0.0000 0.0000 -88.32 0.00
145 87.3478643 -62.1001087 0.0000 0.0000 -88.32 0.00
145 87.3478643 -62.1001087 0.2802 0.1624 -88.32 0.00
146 87.3382293 -62.0855587 0.0000 0.0000 10.34 0.00
146 87.338229 -62.085559 0.0000 0.0000 10.34 0.00
146 87.3382293 -62.0855587 0.0000 0.0000 10.34 0.00
146 87.3382293 -62.0855587 0.2126 0.1852 10.34 0.00
147 87.3190673 -62.1062737 0.0000 0.0000 -63.05 0.00
147 87.319067 -62.106274 0.0000 0.0000 -63.05 0.00
147 87.3190673 -62.1062737 0.0000 0.0000 -63.05 0.00
147 87.3190673 -62.1062737 0.2046 0.1887 -63.05 0.00
148 87.3169963 -62.1037837 0.0000 0.0000 78.12 0.00
148 87.316996 -62.103784 0.0000 0.0000 78.12 0.00
148 87.3169963 -62.1037837 0.0000 0.0000 78.12 0.00
148 87.3169963 -62.1037837 0.2051 0.1877 78.12 0.00
149 87.3649923 -62.0958697 0.0000 0.0000 -58.80 0.00
149 87.364992 -62.095870 0.0000 0.0000 -58.80 0.00
149 87.3649923 -62.0958697 0.0000 0.0000 -58.80 0.00
149 87.3649923 -62.0958697 0.2386 0.1655 -58.80 0.00
150 87.3286343 -62.0998557 0.0000 0.0000 15.79 0.00
150 87.328634 -62.099856 0.0000 0.0000 15.79 0.00
150 87.3286343 -62.0998557 0.0000 0.0000 15.79 0.00
150 87.3286343 -62.0998557 0.2095 0.1770 15.79 0.00
151 87.3471343 -62.0764577 0.0000 0.0000 -6.68 0.00
151 87.347134 -62.076458 0.0000 0.0000 -6.68 0.00
151 87.3471343 -62.0764577 0.0000 0.0000 -6.68 0.00
151 87.3471343 -62.0764577 0.1954 0.1870 -6.68 0.00
152 87.3327043 -62.0850217 0.0000 0.0000 70.65 0.00
152 87.332704 -62.085022 0.0000 0.0000 70.65 0.00
152 87.3327043 -62.0850217 0.0000 0.0000 70.65 0.00
152 87.3327043 -62.0850217 0.2199 0.1698 70.65 0.00
153 87.3059643 -62.1051287 0.0000 0.0000 -36.94 0.00
153 87.305964 -62.105129 0.0000 0.0000 -36.94 0.00
153 87.3059643 -62.1051287 0.0000 0.0000 -36.94 0.00
153 87.3059643 -62.1051287 0.2238 0.1668 -36.94 0.00
154 87.3268743 -62.0803037 0.0000 0.0000 -35.09 0.00
154 87.326874 -62.080304 0.0000 0.0000 -35.09 0.00
154 87.3268743 -62.0803037 0.0000 0.0000 -35.09 0.00
154 87.3268743 -62.0803037 0.2179 0.1691 -35.09 0.00
155 87.3694933 -62.0954137 0.0000 0.0000 28.42 0.00
155 87.369493 -62.095414 0.0000 0.0000 28.42 0.00
155 87.3694933 -62.0954137 0.0000 0.0000 28.42 0.00
155 87.3694933 -62.0954137 0.3177 0.1472 28.42 0.00
156 87.2773523 -62.0686137 0.0000 0.0000 -89.41 0.00
156 87.277352 -62.068614 0.0000 0.0000 -89.41 0.00
156 87.2773523 -62.0686137 0.0000 0.0000 -89.41 0.00
156 87.2773523 -62.0686137 1.0627 0.1346 -89.41 0.00
157 87.2975953 -62.0862557 0.0000 0.0000 -33.50 0.00
157 87.297595 -62.086256 0.0000 0.0000 -33.50 0.00
157 87.2975953 -62.0862557 0.0000 0.0000 -33.50 0.00
157 87.2975953 -62.0862557 0.1951 0.1831 -33.50 0.00
158 87.3424163 -62.1092747 0.0000 0.0000 -36.85 0.00
158 87.342416 -62.109275 0.0000 0.0000 -36.85 0.00
158 87.3424163 -62.1092747 0.0000 0.0000 -36.85 0.00
158 87.3424163 -62.1092747 0.2367 0.1604 -36.85 0.00
159 87.3132283 -62.0898247 0.0000 0.0000 64.42 0.00
159 87.313228 -62.089825 0.0000 0.0000 64.42 0.00
159 87.3132283 -62.0898247 0.0000 0.0000 64.42 0.00
159 87.3132283 -62.0898247 0.2622 0.1534 64.42 0.00
160 87.3071963 -62.0716187 0.0000 0.0000 74.59 0.00
160 87.307196 -62.071619 0.0000 0.0000 74.59 0.00
160 87.3071963 -62.0716187 0.0000 0.0000 74.59 0.00
160 87.3071963 -62.0716187 0.3227 0.1448 74.59 0.00
161 87.3375133 -62.0805287 0.0000 0.0000 10.55 0.00
161 87.337513 -62.080529 0.0000 0.0000 10.55 0.00
161 87.3375133 -62.0805287 0.0000 0.0000 10.55 0.00
161 87.3375133 -62.0805287 0.1905 0.1779 10.55 0.00
162 87.3225873 -62.1050237 0.0000 0.0000 76.68 0.00
162 87.322587 -62.105024 0.0000 0.0000 76.68 0.00
162 87.3225873 -62.1050237 0.0000 0.0000 76.68 0.00
162 87.3225873 -62.1050237 0.2308 0.1564 76.68 0.00
163 87.3340243 -62.0719957 0.0000 0.0000 72.48 0.00
163 87.334024 -62.071996 0.0000 0.0000 72.48 0.00
163 87.3340243 -62.0719957 0.0000 0.0000 72.48 0.00
163 87.3340243 -62.0719957 0.1998 0.1640 72.48 0.00
164 87.3304783 -62.0957527 0.0000 0.0000 11.90 0.00
164 87.330478 -62.095753 0.0000 0.0000 11.90 0.00
164 87.3304783 -62.0957527 0.0000 0.0000 11.90 0.00
164 87.3304783 -62.0957527 0.2396 0.1480 11.90 0.00
165 87.3582463 -62.0803407 0.0000 0.0000 50.24 0.00
165 87.358246 -62.080341 0.0000 0.0000 50.24 0.00
165 87.3582463 -62.0803407 0.0000 0.0000 50.24 0.00
165 87.3582463 -62.0803407 0.2192 0.1533 50.24 0.00
166 87.3132553 -62.0741257 0.0000 0.0000 81.97 0.00
166 87.313255 -62.074126 0.0000 0.0000 81.97 0.00
166 87.3132553 -62.0741257 0.0000 0.0000 81.97 0.00
166 87.3132553 -62.0741257 0.1888 0.1656 81.97 0.00
167 87.2837473 -62.0994737 0.0000 0.0000 -77.52 0.00
167 87.283747 -62.099474 0.0000 0.0000 -77.52 0.00
167 87.2837473 -62.0994737 0.0000 0.0000 -77.52 0.00
167 87.2837473 -62.0994737 0.2668 0.1402 -77.52 0.00
168 87.2940663 -62.0997227 0.0000 0.0000 79.94 0.00
168 87.294066 -62.099723 0.0000 0.0000 79.94 0.00
168 87.2940663 -62.0997227 0.0000 0.0000 79.94 0.00
168 87.2940663 -62.0997227 0.2189 0.1503 79.94 0.00
169 87.3441823 -62.0838347 0.0000 0.0000 -42.07 0.00
169 87.344182 -62.083835 0.0000 0.0000 -42.07 0.00
169 87.3441823 -62.0838347 0.0000 0.0000 -42.07 0.00
169 87.3441823 -62.0838347 0.1903 0.1622 -42.07 0.00
170 87.3246173 -62.0841457 0.0000 0.0000 68.98 0.00
170 87.324617 -62.084146 0.0000 0.0000 68.98 0.00
170 87.3246173 -62.0841457 0.0000 0.0000 68.98 0.00
170 87.3246173 -62.0841457 0.1903 0.1596 68.98 0.00
171 87.3518233 -62.0663547 0.0000 0.0000 -33.28 0.00
171 87.351823 -62.066355 0.0000 0.0000 -33.28 0.00
171 87.3518233 -62.0663547 0.0000 0.0000 -33.28 0.00
171 87.3518233 -62.0663547 0.1914 0.1585 -33.28 0.00
172 87.2869893 -62.0676127 0.0000 0.0000 -87.17 0.00
172 87.286989 -62.067613 0.0000 0.0000 -87.17 0.00
172 87.2869893 -62.0676127 0.0000 0.0000 -87.17 0.00
172 87.2869893 -62.0676127 0.2546 0.1386 -87.17 0.00
173 87.3261263 -62.0801757 0.0000 0.0000 -42.37 0.00
173 87.326126 -62.080176 0.0000 0.0000 -42.37 0.00
173 87.3261263 -62.0801757 0.0000 0.0000 -42.37 0.00
173 87.3261263 -62.0801757 0.2102 0.1488 -42.37 0.00
174 87.2835913 -62.1019227 0.0000 0.0000 83.99 0.00
174 87.283591 -62.101923 0.0000 0.0000 83.99 0.00
174 87.2835913 -62.1019227 0.0000 0.0000 83.99 0.00
174 87.2835913 -62.1019227 0.1903 0.1561 83.99 0.00
175 87.3471513 -62.1000597 0.0000 0.0000 -74.29 0.00
175 87.347151 -62.100060 0.0000 0.0000 -74.29 0.00
175 87.3471513 -62.1000597 0.0000 0.0000 -74.29 0.00
175 87.3471513 -62.1000597 0.1731 0.1661 -74.29 0.00
176 87.3020353 -62.0840097 0.0000 0.0000 -43.80 0.00
176 87.302035 -62.084010 0.0000 0.0000 -43.80 0.00
176 87.3020353 -62.0840097 0.0000 0.0000 -43.80 0.00
176 87.3020353 -62.0840097 0.1960 0.1508 -43.80 0.00
177 87.3370863 -62.0888827 0.0000 0.0000 -69.42 0.00
177 87.337086 -62.088883 0.0000 0.0000 -69.42 0.00
177 87.3370863 -62.0888827 0.0000 0.0000 -69.42 0.00
177 87.3370863 -62.0888827 0.1851 0.1563 -69.42 0.00
178 87.3425453 -62.0639917 0.0000 0.0000 -22.74 0.00
178 87.342545 -62.063992 0.0000 0.0000 -22.74 0.00
178 87.3425453 -62.0639917 0.0000 0.0000 -22.74 0.00
178 87.3425453 -62.0639917 0.1922 0.1499 -22.74 0.00
179 87.3505963 -62.0687557 0.0000 0.0000 20.40 0.00
179 87.350596 -62.068756 0.0000 0.0000 20.40 0.00
179 87.3505963 -62.0687557 0.0000 0.0000 20.40 0.00
179 87.3505963 -62.0687557 0.1872 0.1522 20.40 0.00
180 87.3203503 -62.0962367 0.0000 0.0000 -55.07 0.00
180 87.320350 -62.096237 0.0000 0.0000 -55.07 0.00
180 87.3203503 -62.0962367 0.0000 0.0000 -55.07 0.00
180 87.3203503 -62.0962367 0.1726 0.1605 -55.07 0.00
181 87.2986173 -62.0680147 0.0000 0.0000 51.23 0.00
181 87.298617 -62.068015 0.0000 0.0000 51.23 0.00
181 87.2986173 -62.0680147 0.0000 0.0000 51.23 0.00
181 87.2986173 -62.0680147 0.1720 0.1603 51.23 0.00
182 87.3587853 -62.1091137 0.0000 0.0000 -8.88 0.00
182 87.358785 -62.109114 0.0000 0.0000 -8.88 0.00
182 87.3587853 -62.1091137 0.0000 0.0000 -8.88 0.00
182 87.3587853 -62.1091137 0.1662 0.1637 -8.88 0.00
183 87.3161013 -62.0918127 0.0000 0.0000 75.34 0.00
183 87.316101 -62.091813 0.0000 0.0000 75.34 0.00
183 87.3161013 -62.0918127 0.0000 0.0000 75.34 0.00
183 87.3161013 -62.0918127 0.1704 0.1599 75.34 0.00
184 87.3369893 -62.0756507 0.0000 0.0000 -23.29 0.00
184 87.336989 -62.075651 0.0000 0.0000 -23.29 0.00
184 87.3369893 -62.0756507 0.0000 0.0000 -23.29 0.00
184 87.3369893 -62.0756507 0.1759 0.1550 -23.29 0.00
185 87.3120523 -62.0754147 0.0000 0.0000 -32.42 0.00
185 87.312052 -62.075415 0.0000 0.0000 -32.42 0.00
185 87.3120523 -62.0754147 0.0000 0.0000 -32.42 0.00
185 87.3120523 -62.0754147 0.1771 0.1538 -32.42 0.00
186 87.3049073 -62.1048957 0.0000 0.0000 45.70 0.00
186 87.304907 -62.104896 0.0000 0.0000 45.70 0.00
186 87.3049073 -62.1048957 0.0000 0.0000 45.70 0.00
186 87.3049073 -62.1048957 0.1873 0.1425 45.70 0.00
187 87.3171773 -62.0769667 0.0000 0.0000 -24.01 0.00
187 87.317177 -62.076967 0.0000 0.0000 -24.01 0.00
187 87.3171773 -62.0769667 0.0000 0.0000 -24.01 0.00
187 87.3171773 -62.0769667 0.1675 0.1528 -24.01 0.00
188 87.2973883 -62.0694677 0.0000 0.0000 52.06 0.00
188 87.297388 -62.069468 0.0000 0.0000 52.06 0.00
188 87.2973883 -62.0694677 0.0000 0.0000 52.06 0.00
188 87.2973883 -62.0694677 0.2700 0.1233 52.06 0.00
189 87.3729753 -62.0997987 0.0000 0.0000 -74.77 0.00
189 87.372975 -62.099799 0.0000 0.0000 -74.77 0.00
189 87.3729753 -62.0997987 0.0000 0.0000 -74.77 0.00
189 87.3729753 -62.0997987 0.1935 0.1366 -74.77 0.00
190 87.3162623 -62.0731447 0.0000 0.0000 68.54 0.00
190 87.316262 -62.073145 0.0000 0.0000 68.54 0.00
190 87.3162623 -62.0731447 0.0000 0.0000 68.54 0.00
190 87.3162623 -62.0731447 0.1581 0.1557 68.54 0.00
191 87.2912733 -62.0692647 0.0000 0.0000 -59.03 0.00
191 87.291273 -62.069265 0.0000 0.0000 -59.03 0.00
191 87.2912733 -62.0692647 0.0000 0.0000 -59.03 0.00
191 87.2912733 -62.0692647 0.1673 0.1470 -59.03 0.00
192 87.3141233 -62.0949137 0.0000 0.0000 -86.53 0.00
192 87.314123 -62.094914 0.0000 0.0000 -86.53 0.00
192 87.3141233 -62.0949137 0.0000 0.0000 -86.53 0.00
192 87.3141233 -62.0949137 0.1882 0.1340 -86.53 0.00
193 87.3236613 -62.0951187 0.0000 0.0000 0.27 0.00
193 87.323661 -62.095119 0.0000 0.0000 0.27 0.00
193 87.3236613 -62.0951187 0.0000 0.0000 0.27 0.00
193 87.3236613 -62.0951187 0.1713 0.1409 0.27 0.00
194 87.2926783 -62.0934457 0.0000 0.0000 -22.13 0.00
194 87.292678 -62.093446 0.0000 0.0000 -22.13 0.00
194 87.2926783 -62.0934457 0.0000 0.0000 -22.13 0.00
194 87.2926783 -62.0934457 0.1646 0.1444 -22.13 0.00
195 87.3090593 -62.0984607 0.0000 0.0000 -40.18 0.00
195 87.309059 -62.098461 0.0000 0.0000 -40.18 0.00
195 87.3090593 -62.0984607 0.0000 0.0000 -40.18 0.00
195 87.3090593 -62.0984607 0.1600 0.1470 -40.18 0.00
196 87.3226893 -62.0784377 0.0000 0.0000 3.97 0.00
196 87.322689 -62.078438 0.0000 0.0000 3.97 0.00
196 87.3226893 -62.0784377 0.0000 0.0000 3.97 0.00
196 87.3226893 -62.0784377 0.1698 0.1402 3.97 0.00
197 87.3427723 -62.0983677 0.0000 0.0000 -77.29 0.00
197 87.342772 -62.098368 0.0000 0.0000 -77.29 0.00
197 87.3427723 -62.0983677 0.0000 0.0000 -77.29 0.00
197 87.3427723 -62.0983677 0.1705 0.1359 -77.29 0.00
198 87.3694923 -62.0657107 0.0000 0.0000 -34.71 0.00
198 87.369492 -62.065711 0.0000 0.0000 -34.71 0.00
198 87.3694923 -62.0657107 0.0000 0.0000 -34.71 0.00
198 87.3694923 -62.0657107 0.1688 0.1364 -34.71 0.00
199 87.3082143 -62.0811057 0.0000 0.0000 78.88 0.00
199 87.308214 -62.081106 0.0000 0.0000 78.88 0.00
199 87.3082143 -62.0811057 0.0000 0.0000 78.88 0.00
199 87.3082143 -62.0811057 0.1731 0.1337 78.88 0.00
200 87.2821983 -62.0698017 0.0000 0.0000 -18.39 0.00
200 87.282198 -62.069802 0.0000 0.0000 -18.39 0.00
200 87.2821983 -62.0698017 0.0000 0.0000 -18.39 0.00
200 87.2821983 -62.0698017 0.2115 0.1222 -18.39 0.00
