chi multiples
 N    ID    z   Narcs    chip    chix    chiy    chia   rmss     rmsi    dx      dy    nwarn
 0    4.2 4.500   1      0.00    0.00    0.00    0.00   0.000    0.01   -0.00    0.01  0
 0    4.1 4.500   1      0.00    0.00    0.00    0.00   0.000    0.01    0.00   -0.01  0
 0    4.2 4.500   2      0.00    0.00    0.00    0.00   0.000    0.01    N/A     N/A   0
 1    3.2 4.500   1      0.00    0.00    0.00    0.00   0.000    0.01    0.00   -0.01  0
 1    3.1 4.500   1      0.00    0.00    0.00    0.00   0.000    0.00   -0.00   -0.00  0
 1    3.2 4.500   2      0.00    0.00    0.00    0.00   0.000    0.00    N/A     N/A   0
chimul                   0.00    0.00    0.00    0.00   0.000    0.01    N/A     N/A   0
log(Likelihood)         -1.81

chitot           0.00
log(Likelihood)    -1.81
