#REFERENCE 3 328.4033970 17.6954390
   #ID       X         Y         R       EPS       TAU       AMP       DMAG  TIME[days]  DTIME    PARITY
   4.1    46.153    14.514    48.382     0.000     0.000     3.185      1.26     -23.3       0.0    ++
   4.2    48.402    15.288    50.759     0.000     0.000     3.482      1.35     -15.7       7.6    ++
   5.1    46.165    14.174    48.292     0.000     0.000     3.025      1.20     -22.2       0.0    ++
   5.2    48.637    15.124    50.934     0.000     0.000     3.303      1.30     -16.2       6.0    ++
   6.1    46.159    13.647    48.134     0.000     0.000     2.470      0.98     -25.4       0.0    ++
   6.2    48.824    14.708    50.992     0.000     0.000     4.050      1.52     -13.5      11.9    ++
   7.1    46.247    13.278    48.115     0.000     0.000     2.251      0.88     -28.0       0.0    ++
   7.2    48.877    14.450    50.968     0.000     0.000     4.908      1.73     -12.4      15.6    ++
