#REFERENCE 0 328.4033970 17.6954390
2.1 328.3966747 17.6852657 0.440634 0.035679 49.44451 4.5000 0.88 
2.2 328.4050364 17.6964391 2.493562 0.083160 27.99413 4.5000 -1.99 
2.2 328.4078243 17.7011377 1.923367 0.079011 4.35696 4.5000 -1.65 
2.2 328.3981334 17.6870708 0.898141 0.061139 6.14195 4.5000 -0.55 
2.2 328.4086276 17.6960946 0.934693 0.114959 39.33203 4.5000 -1.28 
2.2 328.4077673 17.6972130 0.182038 0.181988 134.91020 4.5000 -0.00 
1.1 328.3965737 17.6854533 0.293456 0.078035 66.05574 4.5000 0.40 
1.2 328.4087402 17.7008849 1.410664 0.053935 29.36382 4.5000 -0.90 
1.2 328.4071120 17.6965097 1.641597 0.103381 127.13782 4.5000 -1.77 
1.2 328.3985817 17.6869856 0.646590 0.048786 20.03611 4.5000 0.05 
1.2 328.4090115 17.6959284 0.568555 0.094387 177.88229 4.5000 -0.52 
1.2 328.4076561 17.6971995 0.182007 0.181996 151.28846 4.5000 -0.00 
1.3 328.3965821 17.6864181 0.381690 0.071460 119.41269 4.5000 0.21 
1.4 328.3990424 17.6853116 0.482902 0.018471 143.48946 4.5000 1.42 
