#REFERENCE 3 243.9659140 -6.1363140
1	-0.408258	-0.634766	0.147204	0.238125	
1	-0.390625	-0.646533	0.142175	0.241348	
1	-0.390625	-0.646533	0.142175	0.241348	
1	-0.408258	-0.634766	0.147204	0.238125	
1	-0.439453	-0.613817	0.155863	0.231985	
1	-0.439453	-0.613817	0.155863	0.231985	
1	-0.474079	-0.585938	0.165677	0.224019	
1	-0.474079	-0.585938	0.165677	0.224019	
1	-0.488281	-0.573969	0.169631	0.220470	
1	-0.488281	-0.573969	0.169631	0.220470	
1	-0.526461	-0.537109	0.180445	0.209608	
1	-0.526461	-0.537109	0.180445	0.209608	
1	-0.537109	-0.525901	0.183454	0.206248	
1	-0.537109	-0.525901	0.183454	0.206248	
1	-0.569618	-0.488281	0.192676	0.194847	
1	-0.569618	-0.488281	0.192676	0.194847	
1	-0.585938	-0.466772	0.197384	0.188281	
1	-0.585938	-0.466772	0.197384	0.188281	
1	-0.605530	-0.439453	0.202934	0.179749	
1	-0.605530	-0.439453	0.202934	0.179749	
1	-0.634766	-0.390705	0.211510	0.164421	
1	-0.634766	-0.390705	0.211510	0.164421	
1	-0.634813	-0.390625	0.211523	0.164395	
1	-0.634813	-0.390625	0.211523	0.164395	
1	-0.660498	-0.341797	0.218796	0.148504	
1	-0.660498	-0.341797	0.218796	0.148504	
1	-0.680447	-0.292969	0.224734	0.132404	
1	-0.680447	-0.292969	0.224734	0.132404	
1	-0.683594	-0.283634	0.225728	0.129302	
1	-0.683594	-0.283634	0.225728	0.129302	
1	-0.697522	-0.244141	0.229525	0.115836	
1	-0.697522	-0.244141	0.229525	0.115836	
1	-0.710609	-0.195312	0.233174	0.098951	
1	-0.710609	-0.195312	0.233174	0.098951	
1	-0.719907	-0.146484	0.235721	0.081741	
1	-0.719907	-0.146484	0.235721	0.081741	
1	-0.725854	-0.097656	0.237183	0.064190	
1	-0.725854	-0.097656	0.237183	0.064190	
1	-0.728722	-0.048828	0.237558	0.046308	
1	-0.728722	-0.048828	0.237558	0.046308	
1	-0.728642	0.000000	0.236830	0.028119	
1	-0.728642	0.000000	0.236830	0.028119	
1	-0.725623	0.048828	0.234978	0.009655	
1	-0.725623	0.048828	0.234978	0.009655	
1	-0.719552	0.097656	0.231969	-0.009057	
1	-0.719552	0.097656	0.231969	-0.009057	
1	-0.710191	0.146484	0.227759	-0.028004	
1	-0.710191	0.146484	0.227759	-0.028004	
1	-0.697160	0.195312	0.222280	-0.047194	
1	-0.697160	0.195312	0.222280	-0.047194	
1	-0.683594	0.234206	0.216929	-0.062707	
1	-0.683594	0.234206	0.216929	-0.062707	
1	-0.680357	0.244141	0.215449	-0.066610	
1	-0.680357	0.244141	0.215449	-0.066610	
1	-0.660829	0.292969	0.207251	-0.086040	
1	-0.660829	0.292969	0.207251	-0.086040	
1	-0.636083	0.341797	0.197435	-0.105760	
1	-0.636083	0.341797	0.197435	-0.105760	
1	-0.634766	0.344079	0.196930	-0.106694	
1	-0.634766	0.344079	0.196930	-0.106694	
1	-0.607993	0.390625	0.186038	-0.125364	
1	-0.607993	0.390625	0.186038	-0.125364	
1	-0.585938	0.422722	0.177442	-0.138424	
1	-0.585938	0.422722	0.177442	-0.138424	
1	-0.574060	0.439453	0.172688	-0.145127	
1	-0.574060	0.439453	0.172688	-0.145127	
1	-0.537109	0.484832	0.158338	-0.163494	
1	-0.537109	0.484832	0.158338	-0.163494	
1	-0.534100	0.488281	0.157169	-0.164881	
1	-0.534100	0.488281	0.157169	-0.164881	
1	-0.488281	0.535919	0.139597	-0.184044	
1	-0.488281	0.535919	0.139597	-0.184044	
1	-0.487008	0.537109	0.139117	-0.184527	
1	-0.487008	0.537109	0.139117	-0.184527	
1	-0.439453	0.579045	0.121162	-0.201230	
1	-0.439453	0.579045	0.121162	-0.201230	
1	-0.430434	0.585938	0.117856	-0.204037	
1	-0.430434	0.585938	0.117856	-0.204037	
1	-0.390625	0.615734	0.103066	-0.215682	
1	-0.390625	0.615734	0.103066	-0.215682	
1	-0.360144	0.634766	0.092132	-0.223394	
1	-0.360144	0.634766	0.092132	-0.223394	
1	-0.341797	0.646420	0.085421	-0.227776	
1	-0.341797	0.646420	0.085421	-0.227776	
1	-0.292969	0.672385	0.068123	-0.237913	
1	-0.292969	0.672385	0.068123	-0.237913	
1	-0.266829	0.683594	0.059137	-0.242554	
1	-0.266829	0.683594	0.059137	-0.242554	
1	-0.244141	0.694024	0.051188	-0.246317	
1	-0.244141	0.694024	0.051188	-0.246317	
1	-0.195312	0.712005	0.034576	-0.253183	
1	-0.195312	0.712005	0.034576	-0.253183	
1	-0.146484	0.725502	0.018398	-0.258608	
1	-0.146484	0.725502	0.018398	-0.258608	
1	-0.111901	0.732422	0.007171	-0.261658	
1	-0.111901	0.732422	0.007171	-0.261658	
1	-0.097656	0.735696	0.002522	-0.262750	
1	-0.097656	0.735696	0.002522	-0.262750	
1	-0.048828	0.743184	-0.013072	-0.265686	
1	-0.048828	0.743184	-0.013072	-0.265686	
1	0.000000	0.747029	-0.028330	-0.267467	
1	0.000000	0.747029	-0.028330	-0.267467	
1	0.048828	0.747388	-0.043290	-0.268143	
1	0.048828	0.747388	-0.043290	-0.268143	
1	0.097656	0.744239	-0.057984	-0.267744	
1	0.097656	0.744239	-0.057984	-0.267744	
1	0.146484	0.737373	-0.072453	-0.266273	
1	0.146484	0.737373	-0.072453	-0.266273	
1	0.169208	0.732422	-0.079144	-0.265214	
1	0.169208	0.732422	-0.079144	-0.265214	
1	0.195312	0.727344	-0.086698	-0.263718	
1	0.195312	0.727344	-0.086698	-0.263718	
1	0.244141	0.714120	-0.100715	-0.260052	
1	0.244141	0.714120	-0.100715	-0.260052	
1	0.292969	0.696075	-0.114638	-0.255178	
1	0.292969	0.696075	-0.114638	-0.255178	
1	0.319605	0.683594	-0.122272	-0.251937	
1	0.319605	0.683594	-0.122272	-0.251937	
1	0.341797	0.673671	-0.128451	-0.248995	
1	0.341797	0.673671	-0.128451	-0.248995	
1	0.390625	0.646533	-0.142175	-0.241348	
1	0.390625	0.646533	-0.142175	-0.241348	
1	0.408258	0.634766	-0.147204	-0.238125	
1	0.408258	0.634766	-0.147204	-0.238125	
1	0.439453	0.613817	-0.155863	-0.231985	
1	0.439453	0.613817	-0.155863	-0.231985	
1	0.474079	0.585938	-0.165677	-0.224019	
1	0.474079	0.585938	-0.165677	-0.224019	
1	0.488281	0.573969	-0.169631	-0.220470	
1	0.488281	0.573969	-0.169631	-0.220470	
1	0.526461	0.537109	-0.180445	-0.209608	
1	0.526461	0.537109	-0.180445	-0.209608	
1	0.537109	0.525901	-0.183454	-0.206248	
1	0.537109	0.525901	-0.183454	-0.206248	
1	0.569618	0.488281	-0.192676	-0.194847	
1	0.569618	0.488281	-0.192676	-0.194847	
1	0.585938	0.466772	-0.197384	-0.188281	
1	0.585938	0.466772	-0.197384	-0.188281	
1	0.605530	0.439453	-0.202934	-0.179749	
1	0.605530	0.439453	-0.202934	-0.179749	
1	0.634766	0.390705	-0.211510	-0.164421	
1	0.634766	0.390705	-0.211510	-0.164421	
1	0.634813	0.390625	-0.211523	-0.164395	
1	0.634813	0.390625	-0.211523	-0.164395	
1	0.660498	0.341797	-0.218796	-0.148504	
1	0.660498	0.341797	-0.218796	-0.148504	
1	0.680447	0.292969	-0.224734	-0.132404	
1	0.680447	0.292969	-0.224734	-0.132404	
1	0.683594	0.283634	-0.225728	-0.129302	
1	0.683594	0.283634	-0.225728	-0.129302	
1	0.697522	0.244141	-0.229525	-0.115836	
1	0.697522	0.244141	-0.229525	-0.115836	
1	0.710609	0.195312	-0.233174	-0.098951	
1	0.710609	0.195312	-0.233174	-0.098951	
1	0.719907	0.146484	-0.235721	-0.081741	
1	0.719907	0.146484	-0.235721	-0.081741	
1	0.725854	0.097656	-0.237183	-0.064190	
1	0.725854	0.097656	-0.237183	-0.064190	
1	0.728722	0.048828	-0.237558	-0.046308	
1	0.728722	0.048828	-0.237558	-0.046308	
1	0.728642	0.000000	-0.236830	-0.028119	
1	0.728642	0.000000	-0.236830	-0.028119	
1	0.725623	-0.048828	-0.234978	-0.009655	
1	0.725623	-0.048828	-0.234978	-0.009655	
1	0.719552	-0.097656	-0.231969	0.009057	
1	0.719552	-0.097656	-0.231969	0.009057	
1	0.710191	-0.146484	-0.227759	0.028004	
1	0.710191	-0.146484	-0.227759	0.028004	
1	0.697160	-0.195312	-0.222280	0.047194	
1	0.697160	-0.195312	-0.222280	0.047194	
1	0.683594	-0.234206	-0.216929	0.062707	
1	0.683594	-0.234206	-0.216929	0.062707	
1	0.680357	-0.244141	-0.215449	0.066610	
1	0.680357	-0.244141	-0.215449	0.066610	
1	0.660829	-0.292969	-0.207251	0.086040	
1	0.660829	-0.292969	-0.207251	0.086040	
1	0.636083	-0.341797	-0.197435	0.105760	
1	0.636083	-0.341797	-0.197435	0.105760	
1	0.634766	-0.344079	-0.196930	0.106694	
1	0.634766	-0.344079	-0.196930	0.106694	
1	0.607993	-0.390625	-0.186038	0.125364	
1	0.607993	-0.390625	-0.186038	0.125364	
1	0.585938	-0.422722	-0.177442	0.138424	
1	0.585938	-0.422722	-0.177442	0.138424	
1	0.574060	-0.439453	-0.172688	0.145127	
1	0.574060	-0.439453	-0.172688	0.145127	
1	0.537109	-0.484832	-0.158338	0.163494	
1	0.537109	-0.484832	-0.158338	0.163494	
1	0.534100	-0.488281	-0.157169	0.164881	
1	0.534100	-0.488281	-0.157169	0.164881	
1	0.488281	-0.535919	-0.139597	0.184044	
1	0.488281	-0.535919	-0.139597	0.184044	
1	0.487008	-0.537109	-0.139117	0.184527	
1	0.487008	-0.537109	-0.139117	0.184527	
1	0.439453	-0.579045	-0.121162	0.201230	
1	0.439453	-0.579045	-0.121162	0.201230	
1	0.430434	-0.585938	-0.117856	0.204037	
1	0.430434	-0.585938	-0.117856	0.204037	
1	0.390625	-0.615734	-0.103066	0.215682	
1	0.390625	-0.615734	-0.103066	0.215682	
1	0.360144	-0.634766	-0.092132	0.223394	
1	0.360144	-0.634766	-0.092132	0.223394	
1	0.341797	-0.646420	-0.085421	0.227776	
1	0.341797	-0.646420	-0.085421	0.227776	
1	0.292969	-0.672385	-0.068123	0.237913	
1	0.292969	-0.672385	-0.068123	0.237913	
1	0.266829	-0.683594	-0.059137	0.242554	
1	0.266829	-0.683594	-0.059137	0.242554	
1	0.244141	-0.694024	-0.051188	0.246317	
1	0.244141	-0.694024	-0.051188	0.246317	
1	0.195312	-0.712005	-0.034576	0.253183	
1	0.195312	-0.712005	-0.034576	0.253183	
1	0.146484	-0.725502	-0.018398	0.258608	
1	0.146484	-0.725502	-0.018398	0.258608	
1	0.111901	-0.732422	-0.007171	0.261658	
1	0.111901	-0.732422	-0.007171	0.261658	
1	0.097656	-0.735696	-0.002522	0.262750	
1	0.097656	-0.735696	-0.002522	0.262750	
1	0.048828	-0.743184	0.013072	0.265686	
1	0.048828	-0.743184	0.013072	0.265686	
1	0.000000	-0.747029	0.028330	0.267467	
1	0.000000	-0.747029	0.028330	0.267467	
1	-0.048828	-0.747388	0.043290	0.268143	
1	-0.048828	-0.747388	0.043290	0.268143	
1	-0.097656	-0.744239	0.057984	0.267744	
1	-0.097656	-0.744239	0.057984	0.267744	
1	-0.146484	-0.737373	0.072453	0.266273	
1	-0.146484	-0.737373	0.072453	0.266273	
1	-0.169208	-0.732422	0.079144	0.265214	
1	-0.169208	-0.732422	0.079144	0.265214	
1	-0.195312	-0.727344	0.086698	0.263718	
1	-0.195312	-0.727344	0.086698	0.263718	
1	-0.244141	-0.714120	0.100715	0.260052	
1	-0.244141	-0.714120	0.100715	0.260052	
1	-0.292969	-0.696075	0.114638	0.255178	
1	-0.292969	-0.696075	0.114638	0.255178	
1	-0.319605	-0.683594	0.122272	0.251937	
1	-0.319605	-0.683594	0.122272	0.251937	
1	-0.341797	-0.673671	0.128451	0.248995	
1	-0.341797	-0.673671	0.128451	0.248995	
