chi multiples
 N    ID    z   Narcs    chip    chix    chiy    chia   rmss     rmsi    dx      dy    nwarn
 0    7.3 4.500   1      0.00    0.00    0.00    0.00  0.00  0.00    0
 0    6.3 4.500   1      0.00    0.00    0.00    0.00  0.00  0.00    0
 0    8.1 4.500   1      0.01    0.00    0.00    0.00   0.037    0.05   -0.05   -0.00  0
 0    8.2 4.500   1      0.02    0.00    0.00    0.00   0.056    0.08    0.04    0.07  0
 0    8.3 4.500   1      0.01    0.00    0.00    0.00   0.034    0.05   -0.01    0.05  0
 0    8.1 4.500   3      0.04    0.00    0.00    0.00   0.044    0.06    N/A     N/A   0
 3    7.2 4.500   1      0.02    0.00    0.00    0.00   0.007    0.07    0.03   -0.06  0
 3    7.1 4.500   1      0.02    0.00    0.00    0.00   0.007    0.07    0.03   -0.07  0
 3    7.2 4.500   2      0.04    0.00    0.00    0.00   0.007    0.07    N/A     N/A   0
 4    6.2 4.500   1      0.00    0.00    0.00    0.00   0.025    0.03    0.01    0.02  0
 4    6.1 4.500   1      0.02    0.00    0.00    0.00   0.025    0.07   -0.05    0.04  0
 4    6.2 4.500   2      0.02    0.00    0.00    0.00   0.025    0.05    N/A     N/A   0
chimul                   0.10    0.00    0.00    0.00   0.032    0.06    N/A     N/A   0
log(Likelihood)         -3.21

chitot           0.10
log(Likelihood)    -3.21
