#REFERENCE 3 262.9316810 22.8692980
6.1 0.784 -0.056 0.107 0.016 146.74 4.500 1.81 1.493 1.715 1.31 0.49
6.1 0.784 -0.056 0.107 0.016 146.74 4.500 1.81 1.687 -0.494 1.97 -0.16
6.1 0.784 -0.056 0.107 0.016 146.74 4.500 1.81 1.188 -1.646 1.81 0.00
6.2 0.834 -0.063 0.146 0.011 166.21 4.500 2.17 1.566 1.645 1.38 0.79
6.2 0.834 -0.063 0.146 0.011 166.21 4.500 2.17 1.293 -1.555 1.99 0.17
6.2 0.834 -0.063 0.146 0.011 166.21 4.500 2.17 1.715 -0.538 2.17 0.00
7.1 0.808 -0.017 0.112 0.003 153.34 4.500 3.48 1.493 1.809 1.21 2.27
7.1 0.808 -0.017 0.112 0.003 153.34 4.500 3.48 1.530 -1.006 3.50 -0.02
7.1 0.808 -0.017 0.112 0.003 153.34 4.500 3.48 1.421 -1.245 3.48 0.00
7.2 0.816 -0.028 0.105 0.005 160.33 4.500 2.75 1.513 1.770 1.24 1.51
7.2 0.816 -0.028 0.105 0.005 160.33 4.500 2.75 1.374 -1.358 2.69 0.06
7.2 0.816 -0.028 0.105 0.005 160.33 4.500 2.75 1.598 -0.856 2.75 -0.00
6.3 0.841 0.011 0.108 0.036 22.31 4.500 1.16 1.516 1.859 1.16 -0.00
7.3 0.961 0.143 0.083 0.034 21.17 4.500 0.96 1.586 2.112 0.96 0.00
8.3 0.493 -0.130 0.065 0.023 30.31 4.500 1.31 0.524 -2.191 1.03 0.28
8.3 0.493 -0.130 0.065 0.023 30.31 4.500 1.31 1.554 0.120 1.26 0.05
8.3 0.493 -0.130 0.065 0.023 30.31 4.500 1.31 -0.054 0.012 -4.46 5.77
8.3 0.493 -0.130 0.065 0.023 30.31 4.500 1.31 -0.737 0.124 -0.35 1.66
8.3 0.493 -0.130 0.065 0.023 30.31 4.500 1.31 1.133 1.759 1.31 0.00
8.2 0.570 -0.095 0.107 0.018 174.95 4.500 1.35 -0.066 0.008 -4.25 5.60
8.2 0.570 -0.095 0.107 0.018 174.95 4.500 1.35 0.691 -2.065 1.16 0.19
8.2 0.570 -0.095 0.107 0.018 174.95 4.500 1.35 -0.682 0.079 -0.46 1.81
8.2 0.570 -0.095 0.107 0.018 174.95 4.500 1.35 1.223 1.785 1.27 0.08
8.2 0.570 -0.095 0.107 0.018 174.95 4.500 1.35 1.602 -0.054 1.35 -0.00
8.1 0.480 -0.088 0.073 0.031 134.57 4.500 1.08 1.534 -0.042 1.17 -0.09
8.1 0.480 -0.088 0.073 0.031 134.57 4.500 1.08 1.081 1.868 1.19 -0.11
8.1 0.480 -0.088 0.073 0.031 134.57 4.500 1.08 -0.052 0.007 -4.51 5.59
8.1 0.480 -0.088 0.073 0.031 134.57 4.500 1.08 -0.758 0.093 -0.33 1.41
8.1 0.480 -0.088 0.073 0.031 134.57 4.500 1.08 0.531 -2.127 1.08 0.00
