#REFERENCE 0 262.9316810 22.8692980
6.1 262.9312309 22.8697743 0.309393 0.018110 123.20440 4.5000 0.49 
6.1 262.9311725 22.8691608 0.328976 0.031181 64.52631 4.5000 -0.16 
6.1 262.9313227 22.8688408 0.094000 0.093994 154.42324 4.5000 0.00 
6.2 262.9312089 22.8697550 0.330272 0.017717 130.97606 4.5000 0.79 
6.2 262.9312912 22.8688660 0.347744 0.029624 39.55093 4.5000 0.17 
6.2 262.9311639 22.8691486 0.110008 0.109976 16.95170 4.5000 0.00 
7.1 262.9312310 22.8698006 0.270831 0.003781 128.11709 4.5000 2.27 
7.1 262.9312198 22.8690186 0.291280 0.029054 50.94093 4.5000 -0.02 
7.1 262.9312527 22.8689522 0.091001 0.090827 148.23729 4.5000 0.00 
7.2 262.9312249 22.8697897 0.237652 0.006901 130.97589 4.5000 1.51 
7.2 262.9312669 22.8689207 0.254166 0.024438 42.63966 4.5000 0.06 
7.2 262.9311993 22.8690602 0.081013 0.080995 39.38178 4.5000 -0.00 
6.3 262.9312239 22.8698144 0.107002 0.107000 116.31176 4.5000 -0.00 
7.3 262.9312027 22.8698847 0.082001 0.081999 178.09923 4.5000 0.00 
8.3 262.9315229 22.8686894 0.153082 0.025340 39.12416 4.5000 0.28 
8.3 262.9312125 22.8693312 0.166522 0.028882 100.25291 4.5000 0.05 
8.3 262.9316972 22.8693013 0.008865 0.002797 22.62795 4.5000 5.77 
8.3 262.9319032 22.8693325 0.055247 0.019709 130.66643 4.5000 1.66 
8.3 262.9313393 22.8697866 0.071000 0.070999 11.29972 4.5000 0.00 
8.2 262.9317009 22.8693002 0.018071 0.002095 176.13203 4.5000 5.60 
8.2 262.9314727 22.8687244 0.207492 0.026484 23.78537 4.5000 0.19 
8.2 262.9318865 22.8693199 0.093556 0.013279 170.79905 4.5000 1.81 
8.2 262.9313122 22.8697938 0.204017 0.029902 144.86520 4.5000 0.08 
8.2 262.9311981 22.8692830 0.081010 0.080998 107.22335 4.5000 -0.00 
8.1 262.9312186 22.8692862 0.207604 0.031913 76.39095 4.5000 -0.09 
8.1 262.9313550 22.8698169 0.190951 0.035201 126.26538 4.5000 -0.11 
8.1 262.9316967 22.8693000 0.009254 0.003815 144.15366 4.5000 5.59 
8.1 262.9319095 22.8693240 0.062525 0.026551 31.44440 4.5000 1.41 
8.1 262.9315210 22.8687072 0.078000 0.077999 125.20141 4.5000 0.00 
