#REFERENCE 3 262.9316810 22.8692980
6.1 0.7842720 -0.0555276 0.107362 0.015605 146.74179 4.5000 1.81 
6.2 0.8343345 -0.0633862 0.145917 0.011282 166.21332 4.5000 2.17 
7.1 0.8076694 -0.0166015 0.112051 0.003005 153.34388 4.5000 3.48 
7.2 0.8162988 -0.0281491 0.104990 0.004965 160.32742 4.5000 2.75 
6.3 0.8409561 0.0105572 0.108179 0.036498 22.30821 4.5000 1.16 
7.3 0.9607522 0.1434341 0.082520 0.033762 21.16675 4.5000 0.96 
8.3 0.4931969 -0.1297904 0.064943 0.023162 30.30533 4.5000 1.31 
8.2 0.5703910 -0.0946831 0.106776 0.017704 174.94983 4.5000 1.35 
8.1 0.4803240 -0.0883190 0.073033 0.030784 134.56691 4.5000 1.08 
