#REFERENCE 3 203.8579330 40.9978300
   #ID       X         Y         R       EPS       TAU       AMP       E_AMP      DMAG  TIME[days]  DTIME    PARITY
   1.1    -0.028    -1.417     1.418     0.766     1.190    36.526   408.491      3.91     -13.3       0.0    ++
   1.1     0.399     0.292     0.494     0.093     0.093   273.659  10294.608      6.09      -0.2      13.2    +-
   1.1     0.313     0.561     0.642     0.000     0.000   121.557  2486.854      5.21      -0.3      13.1    ++
   1.2     0.078    -1.299     1.301     0.657     0.872    25.595   358.867      3.52     -11.0       2.3    ++
   1.2     0.406     0.685     0.796     0.131     0.132    54.582   701.762      4.34      -2.1      11.3    ++
   1.2     0.515     0.228     0.564     0.000     0.000    71.296   617.671      4.63      -1.6      11.7    +-
   1.3     0.422     1.168     1.242     0.639     0.831    30.748   264.304      3.72      -9.2       4.1    ++
   1.3     0.516    -0.161     0.541     0.458     0.516    54.669   544.355      4.34      -2.5      10.8    +-
   1.3     0.208    -0.841     0.866     0.000     0.000    55.448   931.759      4.36      -3.8       9.5    ++
