chi multiples
 N    ID    z   Narcs    chip    chix    chiy    chia   rmss     rmsi    dx      dy    nwarn
 0    1.4 1.045   1      0.01    0.00    0.00    0.00   0.009    0.04   -0.04   -0.01  0
 0    1.3 1.045   1      0.03    0.00    0.00    0.00   0.017    0.08    0.07   -0.04  0
 0    1.2 1.045   1      0.03    0.00    0.00    0.00   0.023    0.09   -0.02   -0.09  0
 0    1.1 1.045   1      0.00    0.00    0.00    0.00   0.016    0.03   -0.01   -0.03  0
 0    1.4 1.045   4      0.07    0.00    0.00    0.00   0.017    0.07    N/A     N/A   0
chimul                   0.07    0.00    0.00    0.00   0.017    0.07    N/A     N/A   0
log(Likelihood)         -1.84

chitot           0.07
log(Likelihood)    -1.84
