#REFERENCE 3 245.3426620 38.1684740
1	-0.423114	-0.439453	0.241580	0.385791	
1	-0.390625	-0.470397	0.218654	0.410288	
1	-0.390625	-0.470397	0.218654	0.410288	
1	-0.367310	-0.488281	0.203277	0.424799	
1	-0.367310	-0.488281	0.203277	0.424799	
1	-0.341797	-0.508077	0.186003	0.439458	
1	-0.341797	-0.508077	0.186003	0.439458	
1	-0.292969	-0.536573	0.155285	0.461680	
1	-0.292969	-0.536573	0.155285	0.461680	
1	-0.291800	-0.537109	0.154584	0.462134	
1	-0.291800	-0.537109	0.154584	0.462134	
1	-0.244141	-0.561656	0.124890	0.479307	
1	-0.244141	-0.561656	0.124890	0.479307	
1	-0.195312	-0.578797	0.096099	0.492377	
1	-0.195312	-0.578797	0.096099	0.492377	
1	-0.165377	-0.585938	0.078939	0.498587	
1	-0.165377	-0.585938	0.078939	0.498587	
1	-0.146484	-0.591505	0.067878	0.501986	
1	-0.146484	-0.591505	0.067878	0.501986	
1	-0.097656	-0.600621	0.040063	0.508498	
1	-0.097656	-0.600621	0.040063	0.508498	
1	-0.048828	-0.604735	0.012707	0.512125	
1	-0.048828	-0.604735	0.012707	0.512125	
1	0.000000	-0.604337	-0.014466	0.513041	
1	0.000000	-0.604337	-0.014466	0.513041	
1	0.048828	-0.599445	-0.041672	0.511280	
1	0.048828	-0.599445	-0.041672	0.511280	
1	0.097656	-0.589609	-0.069171	0.506742	
1	0.097656	-0.589609	-0.069171	0.506742	
1	0.109768	-0.585938	-0.076127	0.505146	
1	0.109768	-0.585938	-0.076127	0.505146	
1	0.146484	-0.577019	-0.096838	0.499294	
1	0.146484	-0.577019	-0.096838	0.499294	
1	0.195312	-0.559823	-0.124933	0.488639	
1	0.195312	-0.559823	-0.124933	0.488639	
1	0.240601	-0.537109	-0.152116	0.475177	
1	0.240601	-0.537109	-0.152116	0.475177	
1	0.244141	-0.535558	-0.154164	0.474029	
1	0.244141	-0.535558	-0.154164	0.474029	
1	0.292969	-0.508643	-0.183433	0.455442	
1	0.292969	-0.508643	-0.183433	0.455442	
1	0.321004	-0.488281	-0.201274	0.441965	
1	0.321004	-0.488281	-0.201274	0.441965	
1	0.341797	-0.473847	-0.214032	0.431222	
1	0.341797	-0.473847	-0.214032	0.431222	
1	0.381432	-0.439453	-0.239842	0.406335	
1	0.381432	-0.439453	-0.239842	0.406335	
1	0.390625	-0.431312	-0.245701	0.400033	
1	0.390625	-0.431312	-0.245701	0.400033	
1	0.429723	-0.390625	-0.271743	0.368580	
1	0.429723	-0.390625	-0.271743	0.368580	
1	0.439453	-0.379545	-0.278256	0.359717	
1	0.439453	-0.379545	-0.278256	0.359717	
1	0.469445	-0.341797	-0.298598	0.328881	
1	0.469445	-0.341797	-0.298598	0.328881	
1	0.488281	-0.313829	-0.311874	0.305626	
1	0.488281	-0.313829	-0.311874	0.305626	
1	0.501790	-0.292969	-0.321067	0.287681	
1	0.501790	-0.292969	-0.321067	0.287681	
1	0.528163	-0.244141	-0.339689	0.245065	
1	0.528163	-0.244141	-0.339689	0.245065	
1	0.537109	-0.223343	-0.346461	0.226708	
1	0.537109	-0.223343	-0.346461	0.226708	
1	0.549785	-0.195312	-0.354771	0.201094	
1	0.549785	-0.195312	-0.354771	0.201094	
1	0.566830	-0.146484	-0.366411	0.156086	
1	0.566830	-0.146484	-0.366411	0.156086	
1	0.578671	-0.097656	-0.374685	0.110394	
1	0.578671	-0.097656	-0.374685	0.110394	
1	0.585938	-0.050623	-0.379563	0.065738	
1	0.585938	-0.050623	-0.379563	0.065738	
1	0.586266	-0.048828	-0.379690	0.064015	
1	0.586266	-0.048828	-0.379690	0.064015	
1	0.591010	0.000000	-0.381434	0.017136	
1	0.591010	0.000000	-0.381434	0.017136	
1	0.591340	0.048828	-0.379913	-0.029890	
1	0.591340	0.048828	-0.379913	-0.029890	
1	0.587245	0.097656	-0.375109	-0.076923	
1	0.587245	0.097656	-0.375109	-0.076923	
1	0.585938	0.105254	-0.374057	-0.084269	
1	0.585938	0.105254	-0.374057	-0.084269	
1	0.579884	0.146484	-0.367015	-0.123566	
1	0.579884	0.146484	-0.367015	-0.123566	
1	0.568325	0.195312	-0.355598	-0.169621	
1	0.568325	0.195312	-0.355598	-0.169621	
1	0.551339	0.244141	-0.340694	-0.215129	
1	0.551339	0.244141	-0.340694	-0.215129	
1	0.537109	0.275084	-0.329276	-0.243782	
1	0.537109	0.275084	-0.329276	-0.243782	
1	0.529074	0.292969	-0.322158	-0.259770	
1	0.529074	0.292969	-0.322158	-0.259770	
1	0.501495	0.341797	-0.299858	-0.303098	
1	0.501495	0.341797	-0.299858	-0.303098	
1	0.488281	0.361300	-0.289720	-0.320165	
1	0.488281	0.361300	-0.289720	-0.320165	
1	0.466821	0.390625	-0.273277	-0.345143	
1	0.466821	0.390625	-0.273277	-0.345143	
1	0.439453	0.422838	-0.253104	-0.372014	
1	0.439453	0.422838	-0.253104	-0.372014	
1	0.423114	0.439453	-0.241580	-0.385791	
1	0.423114	0.439453	-0.241580	-0.385791	
1	0.390625	0.470397	-0.218654	-0.410288	
1	0.390625	0.470397	-0.218654	-0.410288	
1	0.367310	0.488281	-0.203277	-0.424799	
1	0.367310	0.488281	-0.203277	-0.424799	
1	0.341797	0.508077	-0.186003	-0.439458	
1	0.341797	0.508077	-0.186003	-0.439458	
1	0.292969	0.536573	-0.155285	-0.461680	
1	0.292969	0.536573	-0.155285	-0.461680	
1	0.291800	0.537109	-0.154584	-0.462134	
1	0.291800	0.537109	-0.154584	-0.462134	
1	0.244141	0.561656	-0.124890	-0.479307	
1	0.244141	0.561656	-0.124890	-0.479307	
1	0.195312	0.578797	-0.096099	-0.492377	
1	0.195312	0.578797	-0.096099	-0.492377	
1	0.165377	0.585938	-0.078939	-0.498587	
1	0.165377	0.585938	-0.078939	-0.498587	
1	0.146484	0.591505	-0.067878	-0.501986	
1	0.146484	0.591505	-0.067878	-0.501986	
1	0.097656	0.600621	-0.040063	-0.508498	
1	0.097656	0.600621	-0.040063	-0.508498	
1	0.048828	0.604735	-0.012707	-0.512125	
1	0.048828	0.604735	-0.012707	-0.512125	
1	0.000000	0.604337	0.014466	-0.513041	
1	0.000000	0.604337	0.014466	-0.513041	
1	-0.048828	0.599445	0.041672	-0.511280	
1	-0.048828	0.599445	0.041672	-0.511280	
1	-0.097656	0.589609	0.069171	-0.506742	
1	-0.097656	0.589609	0.069171	-0.506742	
1	-0.109768	0.585938	0.076127	-0.505146	
1	-0.109768	0.585938	0.076127	-0.505146	
1	-0.146484	0.577019	0.096838	-0.499294	
1	-0.146484	0.577019	0.096838	-0.499294	
1	-0.195312	0.559823	0.124933	-0.488639	
1	-0.195312	0.559823	0.124933	-0.488639	
1	-0.240601	0.537109	0.152116	-0.475177	
1	-0.240601	0.537109	0.152116	-0.475177	
1	-0.244141	0.535558	0.154164	-0.474029	
1	-0.244141	0.535558	0.154164	-0.474029	
1	-0.292969	0.508643	0.183433	-0.455442	
1	-0.292969	0.508643	0.183433	-0.455442	
1	-0.321004	0.488281	0.201274	-0.441965	
1	-0.321004	0.488281	0.201274	-0.441965	
1	-0.341797	0.473847	0.214032	-0.431222	
1	-0.341797	0.473847	0.214032	-0.431222	
1	-0.381432	0.439453	0.239842	-0.406335	
1	-0.381432	0.439453	0.239842	-0.406335	
1	-0.390625	0.431312	0.245701	-0.400033	
1	-0.390625	0.431312	0.245701	-0.400033	
1	-0.429723	0.390625	0.271743	-0.368580	
1	-0.429723	0.390625	0.271743	-0.368580	
1	-0.439453	0.379545	0.278256	-0.359717	
1	-0.439453	0.379545	0.278256	-0.359717	
1	-0.469445	0.341797	0.298598	-0.328881	
1	-0.469445	0.341797	0.298598	-0.328881	
1	-0.488281	0.313829	0.311874	-0.305626	
1	-0.488281	0.313829	0.311874	-0.305626	
1	-0.501790	0.292969	0.321067	-0.287681	
1	-0.501790	0.292969	0.321067	-0.287681	
1	-0.528163	0.244141	0.339689	-0.245065	
1	-0.528163	0.244141	0.339689	-0.245065	
1	-0.537109	0.223343	0.346461	-0.226708	
1	-0.537109	0.223343	0.346461	-0.226708	
1	-0.549785	0.195312	0.354771	-0.201094	
1	-0.549785	0.195312	0.354771	-0.201094	
1	-0.566830	0.146484	0.366411	-0.156086	
1	-0.566830	0.146484	0.366411	-0.156086	
1	-0.578671	0.097656	0.374685	-0.110394	
1	-0.578671	0.097656	0.374685	-0.110394	
1	-0.585938	0.050623	0.379563	-0.065738	
1	-0.585938	0.050623	0.379563	-0.065738	
1	-0.586266	0.048828	0.379690	-0.064015	
1	-0.586266	0.048828	0.379690	-0.064015	
1	-0.591010	0.000000	0.381434	-0.017136	
1	-0.591010	0.000000	0.381434	-0.017136	
1	-0.591340	-0.048828	0.379913	0.029890	
1	-0.591340	-0.048828	0.379913	0.029890	
1	-0.587245	-0.097656	0.375109	0.076923	
1	-0.587245	-0.097656	0.375109	0.076923	
1	-0.585938	-0.105254	0.374057	0.084269	
1	-0.585938	-0.105254	0.374057	0.084269	
1	-0.579884	-0.146484	0.367015	0.123566	
1	-0.579884	-0.146484	0.367015	0.123566	
1	-0.568325	-0.195312	0.355598	0.169621	
1	-0.568325	-0.195312	0.355598	0.169621	
1	-0.551339	-0.244141	0.340694	0.215129	
1	-0.551339	-0.244141	0.340694	0.215129	
1	-0.537109	-0.275084	0.329276	0.243782	
1	-0.537109	-0.275084	0.329276	0.243782	
1	-0.529074	-0.292969	0.322158	0.259770	
1	-0.529074	-0.292969	0.322158	0.259770	
1	-0.501495	-0.341797	0.299858	0.303098	
1	-0.501495	-0.341797	0.299858	0.303098	
1	-0.488281	-0.361300	0.289720	0.320165	
1	-0.488281	-0.361300	0.289720	0.320165	
1	-0.466821	-0.390625	0.273277	0.345143	
1	-0.466821	-0.390625	0.273277	0.345143	
1	-0.439453	-0.422838	0.253104	0.372014	
1	-0.439453	-0.422838	0.253104	0.372014	
1	-0.423114	-0.439453	0.241580	0.385791	
