#REFERENCE 3 10.8527080 -20.6282150
1	-4.687500	-27.161241	-3.555283	1.278438	
1	-5.221402	-26.562500	-3.537871	1.713873	
2	-4.687500	-27.161241	-3.555283	1.278438	
2	-4.145171	-26.562500	-3.504857	1.792282	
3	-4.687500	-25.865697	-3.465016	2.259554	
3	-4.145171	-26.562500	-3.504857	1.792282	
4	-5.221402	-26.562500	-3.537871	1.713873	
4	-4.687500	-25.865697	-3.465016	2.259554	
5	0.000000	-19.567470	-2.898140	7.882479	
5	-0.092400	-19.531250	-2.898594	7.914033	
6	-0.781250	-19.263038	-2.899517	8.141387	
6	-0.092400	-19.531250	-2.898594	7.914033	
7	-1.562500	-18.897762	-2.895037	8.436414	
7	-0.781250	-19.263038	-2.899517	8.141387	
8	-1.562500	-18.897762	-2.895037	8.436414	
8	-1.830409	-18.750000	-2.891656	8.552786	
9	-3.906250	-17.317433	-2.824543	9.624195	
9	-3.125000	-17.935875	-2.860285	9.170766	
10	-3.906250	-17.317433	-2.824543	9.624195	
10	-4.050997	-17.187500	-2.815878	9.718463	
11	-4.687500	-16.596548	-2.772213	10.139863	
11	-4.050997	-17.187500	-2.815878	9.718463	
12	-4.687500	-16.596548	-2.772213	10.139863	
12	-4.872211	-16.406250	-2.756627	10.274325	
13	-5.468750	-15.768206	-2.699752	10.717534	
13	-4.872211	-16.406250	-2.756627	10.274325	
14	-5.468750	-15.768206	-2.699752	10.717534	
14	-5.592331	-15.625000	-2.685975	10.816084	
15	-2.343750	-18.460150	-2.882819	8.776108	
15	-3.077166	-17.968750	-2.861912	9.146466	
16	-2.343750	-18.460150	-2.882819	8.776108	
16	-1.830409	-18.750000	-2.891656	8.552786	
17	-3.125000	-17.935875	-2.860285	9.170766	
17	-3.077166	-17.968750	-2.861912	9.146466	
18	-5.592331	-15.625000	-2.685975	10.816084	
18	-6.241220	-14.843750	-2.605178	11.344449	
19	-6.250000	-14.832748	-2.603974	11.351789	
19	-6.241220	-14.843750	-2.605178	11.344449	
20	-6.250000	-14.832748	-2.603974	11.351789	
20	-6.837439	-14.062500	-2.515208	11.859760	
21	-7.031250	-13.793287	-2.482192	12.034624	
21	-7.392995	-13.281250	-2.416967	12.362386	
22	-7.031250	-13.793287	-2.482192	12.034624	
22	-6.837439	-14.062500	-2.515208	11.859760	
23	-7.812500	-12.636599	-2.329893	12.770172	
23	-7.392995	-13.281250	-2.416967	12.362386	
24	-7.812500	-12.636599	-2.329893	12.770172	
24	-7.901005	-12.500000	-2.310932	12.855216	
25	-9.375000	-9.606950	-1.861327	14.618663	
25	-9.474737	-9.375000	-1.822367	14.755044	
26	-7.901005	-12.500000	-2.310932	12.855216	
26	-8.361330	-11.718750	-2.197792	13.340047	
27	-8.593750	-11.277240	-2.130667	13.612212	
27	-8.361330	-11.718750	-2.197792	13.340047	
28	-8.593750	-11.277240	-2.130667	13.612212	
28	-8.771695	-10.937500	-2.078088	13.818660	
29	-8.771695	-10.937500	-2.078088	13.818660	
29	-9.141353	-10.156250	-1.952733	14.290387	
30	-9.375000	-9.606950	-1.861327	14.618663	
30	-9.141353	-10.156250	-1.952733	14.290387	
31	-9.474737	-9.375000	-1.822367	14.755044	
31	-9.781855	-8.593750	-1.687937	15.211161	
32	-9.781855	-8.593750	-1.687937	15.211161	
32	-10.058460	-7.812500	-1.549596	15.659892	
33	-10.156250	-7.507865	-1.494551	15.833296	
33	-10.314432	-7.031250	-1.408345	16.099529	
34	-10.156250	-7.507865	-1.494551	15.833296	
34	-10.058460	-7.812500	-1.549596	15.659892	
35	-10.314432	-7.031250	-1.408345	16.099529	
35	-10.549959	-6.250000	-1.264624	16.530201	
36	-10.937500	-4.772905	-0.987394	17.320844	
36	-10.959854	-4.687500	-0.971355	17.365157	
37	-10.549959	-6.250000	-1.264624	16.530201	
37	-10.763851	-5.468750	-1.118743	16.952298	
38	-10.937500	-4.772905	-0.987394	17.320844	
38	-10.763851	-5.468750	-1.118743	16.952298	
39	-10.959854	-4.687500	-0.971355	17.365157	
39	-11.146501	-3.906250	-0.823505	17.767085	
40	-11.146501	-3.906250	-0.823505	17.767085	
40	-11.317852	-3.125000	-0.675141	18.159366	
41	-11.317852	-3.125000	-0.675141	18.159366	
41	-11.475277	-2.343750	-0.526748	18.541735	
42	-11.475277	-2.343750	-0.526748	18.541735	
42	-11.619369	-1.562500	-0.378763	18.914040	
43	-11.718750	-0.965095	-0.265985	19.192258	
43	-11.751272	-0.781250	-0.231695	19.275969	
44	-11.718750	-0.965095	-0.265985	19.192258	
44	-11.619369	-1.562500	-0.378763	18.914040	
45	-11.751272	-0.781250	-0.231695	19.275969	
45	-11.872557	0.000000	-0.086146	19.627094	
46	-60.937500	-30.514198	-34.928351	-12.320402	
46	-60.983117	-30.468750	-34.919965	-12.296433	
47	-60.983117	-30.468750	-34.919965	-12.296433	
47	-61.501727	-29.687500	-34.901954	-12.133781	
48	-60.937500	-30.514198	-34.928351	-12.320402	
48	-60.901636	-30.468750	-34.916035	-12.276525	
49	-60.901636	-30.468750	-34.916035	-12.276525	
49	-60.341060	-29.687500	-34.608238	-11.885432	
50	-60.937500	-29.051545	-34.610974	-11.716488	
50	-60.341060	-29.687500	-34.608238	-11.885432	
51	-61.501727	-29.687500	-34.901954	-12.133781	
51	-60.937500	-29.051545	-34.610974	-11.716488	
52	10.156250	-28.025377	-1.017590	-0.246223	
52	9.603195	-27.343750	-1.099786	0.417795	
53	10.156250	-28.025377	-1.017590	-0.246223	
53	10.707761	-27.343750	-1.147816	0.145442	
54	10.707761	-27.343750	-1.147816	0.145442	
54	10.318187	-26.562500	-1.343981	0.682154	
55	9.375000	-26.734336	-1.212776	0.773636	
55	9.603195	-27.343750	-1.099786	0.417795	
56	9.375000	-26.070730	-1.412780	1.265484	
56	10.156250	-26.220374	-1.371040	0.975736	
57	10.156250	-26.220374	-1.371040	0.975736	
57	10.318187	-26.562500	-1.343981	0.682154	
58	9.375000	-26.734336	-1.212776	0.773636	
58	9.205988	-26.562500	-1.290701	0.934065	
59	9.205988	-26.562500	-1.290701	0.934065	
59	9.375000	-26.070730	-1.412780	1.265484	
60	37.500000	-8.221707	8.456741	7.998410	
60	37.784312	-7.812500	8.343156	7.722963	
61	37.500000	-7.561801	8.262878	7.873162	
61	37.784312	-7.812500	8.343156	7.722963	
62	37.500000	-8.221707	8.456741	7.998410	
62	37.155316	-7.812500	8.231076	7.880370	
63	37.155316	-7.812500	8.231076	7.880370	
63	37.500000	-7.561801	8.262878	7.873162	
64	4.687500	-19.923839	-2.867184	7.284121	
64	5.468750	-19.764963	-2.872491	7.318974	
65	5.468750	-19.764963	-2.872491	7.318974	
65	6.109032	-19.531250	-2.890373	7.422888	
66	6.109032	-19.531250	-2.890373	7.422888	
66	6.250000	-19.477453	-2.894652	7.446318	
67	3.125000	-20.023277	-2.874933	7.353913	
67	3.906250	-19.996887	-2.870001	7.306604	
68	3.906250	-19.996887	-2.870001	7.306604	
68	4.687500	-19.923839	-2.867184	7.284121	
69	1.562500	-19.962852	-2.885525	7.502889	
69	2.343750	-20.019231	-2.879837	7.412936	
70	2.343750	-20.019231	-2.879837	7.412936	
70	3.125000	-20.023277	-2.874933	7.353913	
71	0.000000	-19.567470	-2.898140	7.882479	
71	0.781250	-19.810899	-2.892533	7.660742	
72	0.781250	-19.810899	-2.892533	7.660742	
72	1.562500	-19.962852	-2.885525	7.502889	
73	7.031250	-19.031256	-2.942380	7.689334	
73	7.402555	-18.750000	-2.977741	7.855505	
74	6.250000	-19.477453	-2.894652	7.446318	
74	7.031250	-19.031256	-2.942380	7.689334	
75	7.402555	-18.750000	-2.977741	7.855505	
75	7.812500	-18.422099	-3.020934	8.047880	
76	7.812500	-18.422099	-3.020934	8.047880	
76	8.292765	-17.968750	-3.086224	8.321645	
77	8.593750	-17.692651	-3.126549	8.482180	
77	9.047847	-17.187500	-3.207375	8.787362	
78	8.292765	-17.968750	-3.086224	8.321645	
78	8.593750	-17.692651	-3.126549	8.482180	
79	9.047847	-17.187500	-3.207375	8.787362	
79	9.375000	-16.822841	-3.267328	9.001326	
80	9.375000	-16.822841	-3.267328	9.001326	
80	9.679969	-16.406250	-3.341785	9.254686	
81	10.156250	-15.639547	-3.489274	9.724244	
81	10.164419	-15.625000	-3.492186	9.733161	
82	9.679969	-16.406250	-3.341785	9.254686	
82	10.156250	-15.639547	-3.489274	9.724244	
83	10.164419	-15.625000	-3.492186	9.733161	
83	10.519041	-14.843750	-3.657794	10.222589	
84	10.519041	-14.843750	-3.657794	10.222589	
84	10.763169	-14.062500	-3.836334	10.721609	
85	10.937500	-13.457692	-3.976749	11.100755	
85	10.994118	-13.281250	-4.017185	11.208310	
86	10.994118	-13.281250	-4.017185	11.208310	
86	11.303411	-12.500000	-4.190828	11.661870	
87	10.763169	-14.062500	-3.836334	10.721609	
87	10.937500	-13.457692	-3.976749	11.100755	
88	12.500000	-9.625759	-4.844092	13.207376	
88	12.583553	-9.375000	-4.905185	13.339106	
89	12.583553	-9.375000	-4.905185	13.339106	
89	12.814731	-8.593750	-5.100754	13.748453	
90	12.814731	-8.593750	-5.100754	13.748453	
90	13.013522	-7.812500	-5.302575	14.152908	
91	13.013522	-7.812500	-5.302575	14.152908	
91	13.183664	-7.031250	-5.509914	14.551486	
92	13.281250	-6.506818	-5.652180	14.815969	
92	13.329289	-6.250000	-5.721879	14.943049	
93	13.183664	-7.031250	-5.509914	14.551486	
93	13.281250	-6.506818	-5.652180	14.815969	
94	13.329289	-6.250000	-5.721879	14.943049	
94	13.453715	-5.468750	-5.937632	15.326671	
95	13.453715	-5.468750	-5.937632	15.326671	
95	13.558503	-4.687500	-6.156600	15.701951	
96	13.558503	-4.687500	-6.156600	15.701951	
96	13.648136	-3.906250	-6.377702	16.067604	
97	13.648136	-3.906250	-6.377702	16.067604	
97	13.730085	-3.125000	-6.599339	16.421425	
98	13.730085	-3.125000	-6.599339	16.421425	
98	13.816903	-2.343750	-6.819071	16.759467	
99	13.816903	-2.343750	-6.819071	16.759467	
99	13.912105	-1.562500	-7.036395	17.079342	
100	13.912105	-1.562500	-7.036395	17.079342	
100	13.929099	-0.781250	-7.268822	17.402596	
101	13.929099	-0.781250	-7.268822	17.402596	
101	13.358214	0.000000	-7.616000	17.864466	
102	11.303411	-12.500000	-4.190828	11.661870	
102	11.670257	-11.718750	-4.360240	12.088412	
103	11.718750	-11.616052	-4.382647	12.143468	
103	12.012920	-10.937500	-4.534750	12.508564	
104	11.670257	-11.718750	-4.360240	12.088412	
104	11.718750	-11.616052	-4.382647	12.143468	
105	12.012920	-10.937500	-4.534750	12.508564	
105	12.318403	-10.156250	-4.716228	12.925221	
106	12.318403	-10.156250	-4.716228	12.925221	
106	12.500000	-9.625759	-4.844092	13.207376	
107	11.439540	9.375000	-9.909665	20.979745	
107	11.676861	10.156250	-9.957289	21.047140	
108	12.445998	9.375000	-9.842767	20.892324	
108	11.817827	10.156250	-9.939935	21.035097	
109	11.718750	10.170306	-9.953473	21.044330	
109	11.817827	10.156250	-9.939935	21.035097	
110	11.676861	10.156250	-9.957289	21.047140	
110	11.718750	10.170306	-9.953473	21.044330	
111	11.969350	12.500000	-10.293111	21.272843	
111	12.500000	12.200351	-10.214711	21.142188	
112	13.358214	0.000000	-7.616000	17.864466	
112	13.487936	0.781250	-7.798140	18.124410	
113	13.487936	0.781250	-7.798140	18.124410	
113	13.519953	1.562500	-8.001085	18.407667	
114	13.519953	1.562500	-8.001085	18.407667	
114	13.478287	2.343750	-8.216446	18.697930	
115	13.478287	2.343750	-8.216446	18.697930	
115	13.402167	3.125000	-8.433799	18.983271	
116	13.402167	3.125000	-8.433799	18.983271	
116	13.303907	3.906250	-8.648880	19.260370	
117	13.281250	4.066976	-8.692647	19.316292	
117	13.303907	3.906250	-8.648880	19.260370	
118	13.187873	4.687500	-8.859314	19.528311	
118	13.281250	4.066976	-8.692647	19.316292	
119	13.187873	4.687500	-8.859314	19.528311	
119	13.055666	5.468750	-9.063220	19.786943	
120	13.055666	5.468750	-9.063220	19.786943	
120	12.908812	6.250000	-9.258396	20.036135	
121	12.908812	6.250000	-9.258396	20.036135	
121	12.749245	7.031250	-9.441840	20.275624	
122	12.749245	7.031250	-9.441840	20.275624	
122	12.580302	7.812500	-9.608873	20.504595	
123	12.500000	8.272279	-9.694249	20.630154	
123	12.580302	7.812500	-9.608873	20.504595	
124	13.281250	8.665112	-9.666848	20.595676	
124	13.997778	9.375000	-9.686249	20.613157	
125	12.500000	9.139470	-9.815178	20.834341	
125	13.281250	8.665112	-9.666848	20.595676	
126	13.997778	9.375000	-9.686249	20.613157	
126	14.062500	9.773562	-9.756299	20.670398	
127	13.281250	10.925838	-10.096493	20.806352	
127	14.062500	10.201182	-9.840476	20.725026	
128	13.267753	10.937500	-10.096594	20.806424	
128	13.281250	10.925838	-10.096493	20.806352	
129	13.267753	10.937500	-10.096594	20.806424	
129	12.825216	11.718750	-10.136181	20.991803	
130	12.500000	12.200351	-10.214711	21.142188	
130	12.825216	11.718750	-10.136181	20.991803	
131	11.373792	13.281250	-10.420064	21.494951	
131	11.718750	12.867221	-10.354923	21.376615	
132	11.718750	12.867221	-10.354923	21.376615	
132	11.969350	12.500000	-10.293111	21.272843	
133	11.373792	13.281250	-10.420064	21.494951	
133	11.059411	14.062500	-10.503556	21.675308	
134	10.937500	14.577237	-10.544688	21.785697	
134	11.059411	14.062500	-10.503556	21.675308	
135	10.872244	14.843750	-10.563251	21.843087	
135	10.937500	14.577237	-10.544688	21.785697	
136	10.872244	14.843750	-10.563251	21.843087	
136	10.753431	15.625000	-10.607168	22.008609	
137	10.753431	15.625000	-10.607168	22.008609	
137	10.679503	16.406250	-10.639544	22.176131	
138	10.679503	16.406250	-10.639544	22.176131	
138	10.623352	17.187500	-10.663302	22.347795	
139	10.623352	17.187500	-10.663302	22.347795	
139	10.564434	17.968750	-10.680494	22.523585	
140	10.564434	17.968750	-10.680494	22.523585	
140	10.484758	18.750000	-10.692400	22.701786	
141	10.484758	18.750000	-10.692400	22.701786	
141	10.370774	19.531250	-10.699049	22.878875	
142	10.370774	19.531250	-10.699049	22.878875	
142	10.237159	20.312500	-10.698123	23.049400	
143	10.237159	20.312500	-10.698123	23.049400	
143	10.168757	21.093750	-10.684057	23.210430	
144	10.168757	21.093750	-10.684057	23.210430	
144	10.183525	21.875000	-10.652482	23.368285	
145	10.136389	22.656250	-10.611634	23.523175	
145	10.156250	22.254228	-10.633093	23.442907	
146	10.156250	22.254228	-10.633093	23.442907	
146	10.183525	21.875000	-10.652482	23.368285	
147	10.136389	22.656250	-10.611634	23.523175	
147	10.119676	23.437500	-10.571997	23.688462	
148	10.119676	23.437500	-10.571997	23.688462	
148	10.122608	24.218750	-10.534202	23.870621	
149	10.122608	24.218750	-10.534202	23.870621	
149	10.069005	25.000000	-10.493651	24.061221	
150	26.562500	3.067294	-1.694610	16.050305	
150	26.661740	3.125000	-1.650615	16.020903	
151	26.562500	3.067294	-1.694610	16.050305	
151	26.492382	3.125000	-1.759412	16.079159	
152	26.492382	3.125000	-1.759412	16.079159	
152	26.562500	3.192919	-1.736189	16.068324	
153	26.562500	3.192919	-1.736189	16.068324	
153	26.661740	3.125000	-1.650615	16.020903	
154	39.843750	9.022686	7.944225	17.573356	
154	40.355940	9.375000	8.228718	17.557068	
155	39.062500	9.370538	7.485389	17.589772	
155	39.843750	9.022686	7.944225	17.573356	
156	39.062500	9.370538	7.485389	17.589772	
156	39.056108	9.375000	7.479882	17.589562	
157	39.056108	9.375000	7.479882	17.589562	
157	39.062500	9.380329	7.485718	17.589760	
158	39.062500	9.380329	7.485718	17.589760	
158	39.843750	9.754360	7.893467	17.419151	
159	39.843750	9.754360	7.893467	17.419151	
159	40.355940	9.375000	8.228718	17.557068	
160	50.000000	16.785983	16.286064	20.928452	
160	49.511768	17.187500	15.949216	21.108889	
161	49.511768	17.187500	15.949216	21.108889	
161	50.000000	17.601946	16.215476	21.140900	
162	29.687500	49.834447	2.313689	37.673221	
162	29.876853	50.000000	2.400294	37.816632	
163	29.687500	49.834447	2.313689	37.673221	
163	29.455499	50.000000	2.284760	37.655526	
164	10.069005	25.000000	-10.493651	24.061221	
164	10.026209	25.781250	-10.444972	24.259143	
165	10.026209	25.781250	-10.444972	24.259143	
165	10.053626	26.562500	-10.384375	24.472921	
166	10.053626	26.562500	-10.384375	24.472921	
166	10.051935	27.343750	-10.317204	24.699523	
167	10.051935	27.343750	-10.317204	24.699523	
167	9.991017	28.125000	-10.249048	24.934639	
168	9.991017	28.125000	-10.249048	24.934639	
168	9.886242	28.906250	-10.181787	25.176303	
169	9.886242	28.906250	-10.181787	25.176303	
169	9.763421	29.687500	-10.115085	25.423852	
170	9.763421	29.687500	-10.115085	25.423852	
170	9.640817	30.468750	-10.048002	25.676788	
171	9.640817	30.468750	-10.048002	25.676788	
171	9.523972	31.250000	-9.979824	25.934228	
172	9.305575	32.812500	-9.838609	26.458504	
172	9.375000	32.309091	-9.884901	26.288658	
173	9.305575	32.812500	-9.838609	26.458504	
173	9.207153	33.593750	-9.764710	26.723881	
174	9.207153	33.593750	-9.764710	26.723881	
174	9.123861	34.375000	-9.687657	26.991280	
175	9.523972	31.250000	-9.979824	25.934228	
175	9.412287	32.031250	-9.910141	26.195111	
176	9.375000	32.309091	-9.884901	26.288658	
176	9.412287	32.031250	-9.910141	26.195111	
177	9.123861	34.375000	-9.687657	26.991280	
177	9.062829	35.156250	-9.606499	27.261143	
178	9.062829	35.156250	-9.606499	27.261143	
178	9.028888	35.937500	-9.520291	27.534102	
179	9.028888	35.937500	-9.520291	27.534102	
179	9.023785	36.718750	-9.428248	27.810793	
180	9.023785	36.718750	-9.428248	27.810793	
180	9.047030	37.500000	-9.329811	28.091776	
181	12.500000	49.689111	-6.271750	32.949407	
181	12.554707	50.000000	-6.158014	33.096366	
182	9.047030	37.500000	-9.329811	28.091776	
182	9.096990	38.281250	-9.224672	28.377505	
183	9.096990	38.281250	-9.224672	28.377505	
183	9.171277	39.062500	-9.112812	28.668232	
184	9.171277	39.062500	-9.112812	28.668232	
184	9.266550	39.843750	-8.994591	28.963837	
185	9.266550	39.843750	-8.994591	28.963837	
185	9.375000	40.596618	-8.875380	29.252793	
186	9.375000	40.596618	-8.875380	29.252793	
186	9.378826	40.625000	-8.870833	29.263670	
187	9.378826	40.625000	-8.870833	29.263670	
187	9.506076	41.406250	-8.742788	29.566657	
188	9.506076	41.406250	-8.742788	29.566657	
188	9.646697	42.187500	-8.612499	29.870594	
189	9.646697	42.187500	-8.612499	29.870594	
189	9.795444	42.968750	-8.484125	30.170338	
190	9.795444	42.968750	-8.484125	30.170338	
190	9.918509	43.750000	-8.369014	30.449821	
191	9.918509	43.750000	-8.369014	30.449821	
191	10.023207	44.531250	-8.284173	30.666856	
192	10.156250	44.700143	-8.249935	30.706796	
192	10.937500	45.167057	-7.995811	30.935876	
193	10.023207	44.531250	-8.284173	30.666856	
193	10.156250	44.700143	-8.249935	30.706796	
194	10.937500	45.167057	-7.995811	30.935876	
194	11.113353	45.312500	-7.918582	31.011767	
195	11.113353	45.312500	-7.918582	31.011767	
195	11.648341	46.093750	-7.578525	31.368826	
196	11.718750	46.322878	-7.496307	31.459730	
196	11.941948	46.875000	-7.280226	31.705732	
197	11.648341	46.093750	-7.578525	31.368826	
197	11.718750	46.322878	-7.496307	31.459730	
198	11.941948	46.875000	-7.280226	31.705732	
198	12.133895	47.656250	-6.998484	32.039613	
199	12.133895	47.656250	-6.998484	32.039613	
199	12.285086	48.437500	-6.720695	32.380435	
200	12.285086	48.437500	-6.720695	32.380435	
200	12.422868	49.218750	-6.441019	32.732646	
201	12.422868	49.218750	-6.441019	32.732646	
201	12.500000	49.689111	-6.271750	32.949407	
202	50.000000	16.785983	16.286064	20.928452	
202	50.415992	17.187500	16.532453	21.024905	
203	50.000000	17.601946	16.215476	21.140900	
203	50.415992	17.187500	16.532453	21.024905	
204	12.416460	54.687500	-4.620489	35.175447	
204	12.500000	54.380720	-4.704110	35.055909	
205	12.416460	54.687500	-4.620489	35.175447	
205	12.277228	55.468750	-4.390155	35.508494	
206	12.277228	55.468750	-4.390155	35.508494	
206	12.401686	56.250000	-4.094620	35.939625	
207	12.401686	56.250000	-4.094620	35.939625	
207	12.395882	57.031250	-3.826886	36.343070	
208	12.395882	57.031250	-3.826886	36.343070	
208	12.275217	57.812500	-3.585271	36.726102	
209	12.275217	57.812500	-3.585271	36.726102	
209	12.106886	58.593750	-3.354761	37.110882	
210	12.106886	58.593750	-3.354761	37.110882	
210	11.931933	59.375000	-3.126647	37.509466	
211	11.931933	59.375000	-3.126647	37.509466	
211	11.752197	60.156250	-2.900381	37.921035	
212	11.718750	60.296488	-2.860072	37.995995	
212	11.752197	60.156250	-2.900381	37.921035	
213	11.553671	60.937500	-2.678287	38.340172	
213	11.718750	60.296488	-2.860072	37.995995	
214	11.553671	60.937500	-2.678287	38.340172	
214	11.330033	61.718750	-2.461269	38.764424	
215	11.330033	61.718750	-2.461269	38.764424	
215	11.072813	62.500000	-2.250597	39.190875	
216	12.554707	50.000000	-6.158014	33.096366	
216	12.676845	50.781250	-5.872887	33.468868	
217	12.676845	50.781250	-5.872887	33.468868	
217	12.776515	51.562500	-5.589218	33.844641	
218	12.776515	51.562500	-5.589218	33.844641	
218	12.828038	52.343750	-5.314154	34.213695	
219	12.828038	52.343750	-5.314154	34.213695	
219	12.793169	53.125000	-5.058393	34.561652	
220	12.793169	53.125000	-5.058393	34.561652	
220	12.641135	53.906250	-4.830668	34.877203	
221	12.500000	54.380720	-4.704110	35.055909	
221	12.641135	53.906250	-4.830668	34.877203	
222	15.625000	71.939771	1.432279	47.312467	
222	16.306037	72.656250	1.779591	47.751353	
223	16.306037	72.656250	1.779591	47.751353	
223	16.195594	73.437500	2.064916	48.137477	
224	15.625000	73.773110	2.083383	48.163443	
224	16.195594	73.437500	2.064916	48.137477	
225	14.121645	71.875000	1.349613	46.707500	
225	14.843750	72.470995	1.783916	47.178543	
226	14.843750	72.470995	1.783916	47.178543	
226	14.957461	72.656250	1.823210	47.215910	
227	15.514374	71.875000	1.423001	47.259731	
227	15.625000	71.939771	1.432279	47.312467	
228	14.957461	72.656250	1.823210	47.215910	
228	15.309493	73.437500	1.939097	47.806365	
229	15.309493	73.437500	1.939097	47.806365	
229	15.625000	73.773110	2.083383	48.163443	
230	5.468750	67.187371	-1.414189	40.882540	
230	6.250000	66.925315	-1.413792	40.878334	
231	5.468389	67.187500	-1.414185	40.882552	
231	5.468750	67.187371	-1.414189	40.882540	
232	4.687500	67.564049	-1.381890	40.990078	
232	5.468389	67.187500	-1.414185	40.882552	
233	3.125000	67.927548	-1.391897	40.949397	
233	3.906250	67.801890	-1.377255	41.006994	
234	3.906250	67.801890	-1.377255	41.006994	
234	4.687500	67.564049	-1.381890	40.990078	
235	1.562500	67.852995	-1.467445	40.612285	
235	2.343750	67.939443	-1.423762	40.813961	
236	2.343750	67.939443	-1.423762	40.813961	
236	3.125000	67.927548	-1.391897	40.949397	
237	0.000000	67.489193	-1.563415	40.095709	
237	0.781250	67.695066	-1.515896	40.366244	
238	0.781250	67.695066	-1.515896	40.366244	
238	1.562500	67.852995	-1.467445	40.612285	
239	9.013139	65.625000	-1.562474	40.711174	
239	9.375000	65.340049	-1.602289	40.614303	
240	10.765026	63.281250	-2.048744	39.614098	
240	10.937500	62.864313	-2.155098	39.389236	
241	10.765026	63.281250	-2.048744	39.614098	
241	10.383995	64.062500	-1.858720	40.027191	
242	10.937500	62.864313	-2.155098	39.389236	
242	11.072813	62.500000	-2.250597	39.190875	
243	9.870473	64.843750	-1.688175	40.412641	
243	10.156250	64.448252	-1.770883	40.223701	
244	10.156250	64.448252	-1.770883	40.223701	
244	10.383995	64.062500	-1.858720	40.027191	
245	9.375000	65.340049	-1.602289	40.614303	
245	9.870473	64.843750	-1.688175	40.412641	
246	7.031250	67.110756	-1.293650	41.195474	
246	7.136376	67.187500	-1.270917	41.271181	
247	6.250000	66.925315	-1.413792	40.878334	
247	7.031250	67.110756	-1.293650	41.195474	
248	7.921386	66.406250	-1.467294	40.973448	
248	8.593750	65.833453	-1.550734	40.740951	
249	8.593750	65.833453	-1.550734	40.740951	
249	9.013139	65.625000	-1.562474	40.711174	
250	7.921386	66.406250	-1.467294	40.973448	
250	8.462697	67.187500	-1.186851	41.664432	
251	8.462697	67.187500	-1.186851	41.664432	
251	8.075492	67.968750	-1.000047	42.116086	
252	7.812500	68.122887	-0.984367	42.157349	
252	8.075492	67.968750	-1.000047	42.116086	
253	7.136376	67.187500	-1.270917	41.271181	
253	7.462344	67.968750	-1.059522	41.944711	
254	7.462344	67.968750	-1.059522	41.944711	
254	7.812500	68.122887	-0.984367	42.157349	
255	10.937500	72.733445	0.808551	46.475349	
255	10.360968	73.437500	0.934259	46.792716	
256	10.937500	72.733445	0.808551	46.475349	
256	11.469486	73.437500	0.959252	47.063159	
257	11.469486	73.437500	0.959252	47.063159	
257	11.269549	74.218750	1.141651	47.398143	
258	10.937500	74.493716	1.193824	47.534253	
258	11.269549	74.218750	1.141651	47.398143	
259	10.360968	73.437500	0.934259	46.792716	
259	10.739745	74.218750	1.144920	47.296961	
260	10.739745	74.218750	1.144920	47.296961	
260	10.937500	74.493716	1.193824	47.534253	
261	29.455499	50.000000	2.284760	37.655526	
261	29.687500	50.244967	2.522570	37.823497	
262	29.687500	50.244967	2.522570	37.823497	
262	29.876853	50.000000	2.400294	37.816632	
263	31.250000	71.692877	8.982662	51.544071	
263	31.426760	71.875000	9.077541	51.715028	
264	31.250000	72.062131	9.122187	51.693836	
264	31.426760	71.875000	9.077541	51.715028	
265	31.250000	71.692877	8.982662	51.544071	
265	31.064450	71.875000	8.964141	51.585077	
266	31.064450	71.875000	8.964141	51.585077	
266	31.250000	72.062131	9.122187	51.693836	
267	26.562500	85.361637	10.030445	60.521287	
267	26.004375	85.937500	10.047489	60.721821	
268	26.562500	85.361637	10.030445	60.521287	
268	27.096963	85.937500	10.224700	60.985189	
269	26.562500	86.598684	10.316624	61.106135	
269	27.096963	85.937500	10.224700	60.985189	
270	26.004375	85.937500	10.047489	60.721821	
270	26.562500	86.598684	10.316624	61.106135	
271	-65.625000	36.961137	-31.715293	30.597225	
271	-65.084545	37.500000	-31.249471	30.871874	
272	-65.625000	36.961137	-31.715293	30.597225	
272	-66.162562	37.500000	-32.249077	30.942814	
273	-66.162562	37.500000	-32.249077	30.942814	
273	-65.625000	38.037955	-31.789422	31.217871	
274	-65.625000	38.037955	-31.789422	31.217871	
274	-65.084545	37.500000	-31.249471	30.871874	
275	-39.843750	13.619807	-9.039146	19.696483	
275	-39.062500	13.389476	-8.780611	19.854764	
276	-39.843750	13.619807	-9.039146	19.696483	
276	-40.247813	14.062500	-9.204909	19.634444	
277	-38.281250	14.002757	-8.398605	19.947618	
277	-38.199953	14.062500	-8.330694	19.959005	
278	-39.062500	13.389476	-8.780611	19.854764	
278	-38.281250	14.002757	-8.398605	19.947618	
279	-39.062500	14.787788	-8.580027	19.742733	
279	-38.281250	14.222869	-8.364532	19.948701	
280	-38.281250	14.222869	-8.364532	19.948701	
280	-38.199953	14.062500	-8.330694	19.959005	
281	-40.247813	14.062500	-9.204909	19.634444	
281	-39.843750	14.432145	-8.851355	19.689168	
282	-39.843750	14.432145	-8.851355	19.689168	
282	-39.062500	14.787788	-8.580027	19.742733	
283	-12.500000	5.730046	0.868727	21.872519	
283	-12.612025	6.250000	0.937486	22.040907	
284	-12.612025	6.250000	0.937486	22.040907	
284	-12.807357	7.031250	1.036408	22.283744	
285	-12.807357	7.031250	1.036408	22.283744	
285	-12.996777	7.812500	1.132879	22.518920	
286	-12.996777	7.812500	1.132879	22.518920	
286	-13.146649	8.593750	1.228624	22.749340	
287	-13.146649	8.593750	1.228624	22.749340	
287	-13.235320	9.375000	1.323631	22.975770	
288	-13.235320	9.375000	1.323631	22.975770	
288	-13.257107	10.156250	1.415792	23.196571	
289	-13.257107	10.156250	1.415792	23.196571	
289	-13.224134	10.937500	1.500898	23.408124	
290	-13.224134	10.937500	1.500898	23.408124	
290	-13.197131	11.718750	1.572754	23.604067	
291	-13.281250	12.337364	1.617111	23.743372	
291	-13.197131	11.718750	1.572754	23.604067	
292	-13.281250	12.337364	1.617111	23.743372	
292	-13.304368	12.500000	1.627558	23.779358	
293	-11.872557	0.000000	-0.086146	19.627094	
293	-11.976805	0.781250	0.057858	19.968535	
294	-11.976805	0.781250	0.057858	19.968535	
294	-12.062592	1.562500	0.199746	20.300393	
295	-12.062592	1.562500	0.199746	20.300393	
295	-12.130596	2.343750	0.338628	20.622457	
296	-12.130596	2.343750	0.338628	20.622457	
296	-12.186359	3.125000	0.473140	20.933885	
297	-12.186359	3.125000	0.473140	20.933885	
297	-12.243245	3.906250	0.601469	21.233006	
298	-12.243245	3.906250	0.601469	21.233006	
298	-12.322430	4.687500	0.721823	21.517671	
299	-12.322430	4.687500	0.721823	21.517671	
299	-12.444183	5.468750	0.833452	21.786597	
300	-12.500000	5.730046	0.868727	21.872519	
300	-12.444183	5.468750	0.833452	21.786597	
301	-13.304368	12.500000	1.627558	23.779358	
301	-13.542783	13.281250	1.670488	23.942677	
302	-13.542783	13.281250	1.670488	23.942677	
302	-13.801229	14.062500	1.706720	24.102661	
303	-13.801229	14.062500	1.706720	24.102661	
303	-14.057052	14.843750	1.736430	24.260003	
304	-14.062500	14.856091	1.736833	24.262424	
304	-14.057052	14.843750	1.736430	24.260003	
305	-14.062500	14.856091	1.736833	24.262424	
305	-14.442927	15.625000	1.758796	24.413253	
306	-14.843750	16.251243	1.774315	24.536596	
306	-14.942888	16.406250	1.778207	24.567376	
307	-14.843750	16.251243	1.774315	24.536596	
307	-14.442927	15.625000	1.758796	24.413253	
308	-14.942888	16.406250	1.778207	24.567376	
308	-15.382739	17.187500	1.797495	24.723914	
309	-15.625000	17.477830	1.803614	24.780669	
309	-15.382739	17.187500	1.797495	24.723914	
310	-15.625000	17.477830	1.803614	24.780669	
310	-16.186045	17.968750	1.814808	24.874376	
311	-16.406250	18.101289	1.818279	24.896914	
311	-16.186045	17.968750	1.814808	24.874376	
312	-17.187500	18.593596	1.834196	24.973014	
312	-16.406250	18.101289	1.818279	24.896914	
313	-17.187500	18.593596	1.834196	24.973014	
313	-17.430736	18.750000	1.840103	24.993804	
314	-17.968750	19.040522	1.848507	25.018802	
314	-18.746933	19.531250	1.862659	25.050651	
315	-17.968750	19.040522	1.848507	25.018802	
315	-17.430736	18.750000	1.840103	24.993804	
316	-18.750000	19.533005	1.862675	25.050681	
316	-18.746933	19.531250	1.862659	25.050651	
317	-19.531250	20.128845	1.879146	25.077547	
317	-18.750000	19.533005	1.862675	25.050681	
318	-19.531250	20.128845	1.879146	25.077547	
318	-19.713325	20.312500	1.887218	25.088864	
319	-19.713325	20.312500	1.887218	25.088864	
319	-20.284032	21.093750	1.937674	25.149962	
320	-20.312500	21.171408	1.946043	25.159207	
320	-20.284032	21.093750	1.937674	25.149962	
321	-20.312500	21.171408	1.946043	25.159207	
321	-20.552763	21.875000	2.021421	25.236369	
322	-20.552763	21.875000	2.021421	25.236369	
322	-20.568983	22.656250	2.137016	25.341482	
323	-20.568983	22.656250	2.137016	25.341482	
323	-20.312500	23.430519	2.281619	25.460320	
324	-20.312500	23.430519	2.281619	25.460320	
324	-20.309227	23.437500	2.282963	25.461386	
325	-20.309227	23.437500	2.282963	25.461386	
325	-19.531250	24.179963	2.454041	25.598744	
326	-19.531250	24.179963	2.454041	25.598744	
326	-19.217450	24.218750	2.480241	25.622987	
327	-19.217450	24.218750	2.480241	25.622987	
327	-19.337288	25.000000	2.519075	25.677772	
328	-19.531250	25.723424	2.557206	25.742053	
328	-19.548085	25.781250	2.560515	25.747383	
329	-19.531250	25.723424	2.557206	25.742053	
329	-19.337288	25.000000	2.519075	25.677772	
330	-19.548085	25.781250	2.560515	25.747383	
330	-19.765479	26.562500	2.608815	25.820273	
331	-19.765479	26.562500	2.608815	25.820273	
331	-19.899085	27.343750	2.666140	25.897182	
332	-19.899085	27.343750	2.666140	25.897182	
332	-19.971663	28.125000	2.730258	25.974602	
333	-19.971663	28.125000	2.730258	25.974602	
333	-19.985514	28.906250	2.799873	26.051649	
334	-19.985514	28.906250	2.799873	26.051649	
334	-19.936599	29.687500	2.873932	26.128305	
335	-19.936599	29.687500	2.873932	26.128305	
335	-19.823594	30.468750	2.950672	26.204054	
336	-19.823594	30.468750	2.950672	26.204054	
336	-19.653049	31.250000	3.027098	26.277222	
337	-18.750000	33.899840	3.240412	26.475721	
337	-18.496115	34.375000	3.267728	26.501000	
338	-18.496115	34.375000	3.267728	26.501000	
338	-18.146087	35.156250	3.297726	26.530657	
339	-17.968750	35.767152	3.309572	26.546316	
339	-17.744220	35.937500	3.310889	26.551714	
340	-18.146087	35.156250	3.297726	26.530657	
340	-17.968750	35.767152	3.309572	26.546316	
341	-17.744220	35.937500	3.310889	26.551714	
341	-17.650301	36.718750	3.310160	26.567510	
342	-17.650301	36.718750	3.310160	26.567510	
342	-17.842466	37.500000	3.294116	26.597734	
343	-19.653049	31.250000	3.027098	26.277222	
343	-19.531250	31.701539	3.069799	26.317489	
344	-19.531250	31.701539	3.069799	26.317489	
344	-19.425276	32.031250	3.100347	26.346114	
345	-19.425276	32.031250	3.100347	26.346114	
345	-19.138823	32.812500	3.167448	26.408574	
346	-19.138823	32.812500	3.167448	26.408574	
346	-18.847667	33.593750	3.222841	26.459612	
347	-18.847667	33.593750	3.222841	26.459612	
347	-18.750000	33.899840	3.240412	26.475721	
348	-21.875000	35.398087	2.708301	26.620110	
348	-21.217054	35.937500	2.835605	26.601233	
349	-21.875000	36.442087	2.666484	26.619105	
349	-21.217054	35.937500	2.835605	26.601233	
350	-22.656250	35.828481	2.559492	26.654906	
350	-21.875000	35.398087	2.708301	26.620110	
351	-22.656250	35.828481	2.559492	26.654906	
351	-22.751338	35.937500	2.523343	26.657672	
352	-22.751338	35.937500	2.523343	26.657672	
352	-22.656250	36.054494	2.550625	26.653066	
353	-22.656250	36.054494	2.550625	26.653066	
353	-21.875000	36.442087	2.666484	26.619105	
354	-17.968750	38.009301	3.271930	26.628288	
354	-17.995984	38.281250	3.257955	26.646236	
355	-17.968750	38.009301	3.271930	26.628288	
355	-17.842466	37.500000	3.294116	26.597734	
356	-17.995984	38.281250	3.257955	26.646236	
356	-18.119497	39.062500	3.203280	26.712466	
357	-18.119497	39.062500	3.203280	26.712466	
357	-18.307128	39.843750	3.122749	26.804520	
358	-18.307128	39.843750	3.122749	26.804520	
358	-18.518343	40.625000	3.015754	26.924639	
359	-18.518343	40.625000	3.015754	26.924639	
359	-18.642726	41.406250	2.897139	27.061136	
360	-18.642726	41.406250	2.897139	27.061136	
360	-18.661092	42.187500	2.776765	27.206608	
361	-18.661092	42.187500	2.776765	27.206608	
361	-18.602381	42.968750	2.656220	27.360375	
362	-18.602381	42.968750	2.656220	27.360375	
362	-18.499394	43.750000	2.534003	27.523624	
363	-18.499394	43.750000	2.534003	27.523624	
363	-18.393083	44.531250	2.405624	27.699922	
364	-18.393083	44.531250	2.405624	27.699922	
364	-18.368291	45.312500	2.257408	27.903436	
365	-18.368291	45.312500	2.257408	27.903436	
365	-18.491421	46.093750	2.071974	28.153163	
366	-18.491421	46.093750	2.071974	28.153163	
366	-18.638309	46.875000	1.863674	28.432779	
367	-18.638309	46.875000	1.863674	28.432779	
367	-18.697422	47.656250	1.656146	28.718813	
368	-18.697422	47.656250	1.656146	28.718813	
368	-18.658083	48.437500	1.457050	29.006341	
369	-18.658083	48.437500	1.457050	29.006341	
369	-18.523553	49.218750	1.269222	29.293822	
370	-18.523553	49.218750	1.269222	29.293822	
370	-18.302013	50.000000	1.092825	29.581588	
371	-28.906250	27.407685	-0.257691	25.431361	
371	-28.125000	27.502659	-0.080173	25.452322	
372	-29.687500	27.998073	-0.513008	25.330374	
372	-28.906250	27.407685	-0.257691	25.431361	
373	-29.687500	27.998073	-0.513008	25.330374	
373	-29.781574	28.125000	-0.561056	25.324179	
374	-28.125000	27.502659	-0.080173	25.452322	
374	-27.350344	28.125000	0.263656	25.417032	
375	-28.125000	28.842224	-0.027640	25.317825	
375	-27.350344	28.125000	0.263656	25.417032	
376	-29.781574	28.125000	-0.561056	25.324179	
376	-29.687500	28.273236	-0.496115	25.328054	
377	-29.687500	28.273236	-0.496115	25.328054	
377	-28.906250	28.848029	-0.200134	25.243622	
378	-28.906250	28.848029	-0.200134	25.243622	
378	-28.125000	28.842224	-0.027640	25.317825	
379	-39.062500	58.891728	-11.772670	40.467014	
379	-38.622108	59.375000	-11.769416	40.521132	
380	-39.062500	58.891728	-11.772670	40.467014	
380	-39.488254	59.375000	-12.068304	40.723431	
381	-39.488254	59.375000	-12.068304	40.723431	
381	-39.062500	59.828251	-11.990370	40.838422	
382	-39.062500	59.828251	-11.990370	40.838422	
382	-38.622108	59.375000	-11.769416	40.521132	
383	-39.062500	67.102708	-13.687509	45.700401	
383	-39.070043	67.187500	-13.717845	45.767828	
384	-39.062500	67.102708	-13.687509	45.700401	
384	-39.054759	67.187500	-13.715791	45.762852	
385	-39.062500	67.193538	-13.718761	45.769987	
385	-39.054759	67.187500	-13.715791	45.762852	
386	-39.070043	67.187500	-13.717845	45.767828	
386	-39.062500	67.193538	-13.718761	45.769987	
387	-18.302013	50.000000	1.092825	29.581588	
387	-18.015191	50.781250	0.924877	29.874059	
388	-17.968750	50.901216	0.899338	29.920206	
388	-17.691842	51.562500	0.761181	30.177404	
389	-18.015191	50.781250	0.924877	29.874059	
389	-17.968750	50.901216	0.899338	29.920206	
390	-17.187500	53.080764	0.422669	30.854220	
390	-17.176313	53.125000	0.412281	30.875985	
391	-17.691842	51.562500	0.761181	30.177404	
391	-17.411360	52.343750	0.590456	30.511155	
392	-17.411360	52.343750	0.590456	30.511155	
392	-17.187500	53.080764	0.422669	30.854220	
393	-17.176313	53.125000	0.412281	30.875985	
393	-16.907972	53.906250	0.237886	31.252911	
394	-16.907972	53.906250	0.237886	31.252911	
394	-16.538665	54.687500	0.076754	31.625719	
395	-16.538665	54.687500	0.076754	31.625719	
395	-16.406250	54.931932	0.028641	31.742727	
396	-16.406250	54.931932	0.028641	31.742727	
396	-16.103769	55.468750	-0.074834	32.004567	
397	-16.103769	55.468750	-0.074834	32.004567	
397	-15.631780	56.250000	-0.219499	32.396701	
398	-15.631780	56.250000	-0.219499	32.396701	
398	-15.625000	56.260773	-0.221444	32.402199	
399	-15.625000	56.260773	-0.221444	32.402199	
399	-15.135142	57.031250	-0.357989	32.805096	
400	-14.843750	57.467144	-0.432154	33.039350	
400	-14.612433	57.812500	-0.489700	33.229716	
401	-15.135142	57.031250	-0.357989	32.805096	
401	-14.843750	57.467144	-0.432154	33.039350	
402	-14.062500	58.592797	-0.613795	33.670193	
402	-14.061828	58.593750	-0.613943	33.670745	
403	-14.061828	58.593750	-0.613943	33.670745	
403	-13.489393	59.375000	-0.730340	34.129946	
404	-14.612433	57.812500	-0.489700	33.229716	
404	-14.062500	58.592797	-0.613795	33.670193	
405	-13.489393	59.375000	-0.730340	34.129946	
405	-13.281250	59.647310	-0.768780	34.293768	
406	-13.281250	59.647310	-0.768780	34.293768	
406	-12.895010	60.156250	-0.838073	34.607758	
407	-12.895010	60.156250	-0.838073	34.607758	
407	-12.500000	60.660144	-0.902608	34.926044	
408	-12.500000	60.660144	-0.902608	34.926044	
408	-12.286655	60.937500	-0.936598	35.105801	
409	-12.286655	60.937500	-0.936598	35.105801	
409	-11.718750	61.662510	-1.019281	35.587336	
410	-11.718750	61.662510	-1.019281	35.587336	
410	-11.676375	61.718750	-1.025358	35.625680	
411	-11.676375	61.718750	-1.025358	35.625680	
411	-11.088507	62.500000	-1.103917	36.169444	
412	-11.088507	62.500000	-1.103917	36.169444	
412	-10.937500	62.700421	-1.122274	36.312198	
413	-10.937500	62.700421	-1.122274	36.312198	
413	-10.543580	63.281250	-1.171694	36.737092	
414	-10.156250	63.883634	-1.216227	37.189563	
414	-10.059118	64.062500	-1.228193	37.327003	
415	-10.543580	63.281250	-1.171694	36.737092	
415	-10.156250	63.883634	-1.216227	37.189563	
416	-10.059118	64.062500	-1.228193	37.327003	
416	-9.675984	64.843750	-1.272928	37.937452	
417	-9.675984	64.843750	-1.272928	37.937452	
417	-9.375000	65.556010	-1.302101	38.504891	
418	-9.375000	65.556010	-1.302101	38.504891	
418	-9.355267	65.625000	-1.304272	38.560456	
419	-9.355267	65.625000	-1.304272	38.560456	
419	-9.137797	66.406250	-1.318801	39.188796	
420	-9.137797	66.406250	-1.318801	39.188796	
420	-8.909056	67.187500	-1.308776	39.804159	
421	-6.347348	67.968750	-1.794954	40.210951	
421	-6.250000	67.711338	-1.761675	40.035843	
422	-6.347348	67.968750	-1.794954	40.210951	
422	-6.636177	68.750000	-1.840337	40.655627	
423	-8.909056	67.187500	-1.308776	39.804159	
423	-8.593750	67.563486	-1.289165	40.097109	
424	-8.593750	67.563486	-1.289165	40.097109	
424	-8.537435	67.968750	-1.257347	40.368978	
425	-8.537435	67.968750	-1.257347	40.368978	
425	-8.568172	68.750000	-1.293773	40.779225	
426	-2.343750	66.796887	-1.662538	39.321368	
426	-1.562500	67.012930	-1.639818	39.550120	
427	-3.125000	66.640371	-1.673701	39.159449	
427	-2.343750	66.796887	-1.662538	39.321368	
428	-1.562500	67.012930	-1.639818	39.550120	
428	-0.972720	67.187500	-1.615864	39.744108	
429	-0.972720	67.187500	-1.615864	39.744108	
429	-0.781250	67.251413	-1.606197	39.814898	
430	-0.781250	67.251413	-1.606197	39.814898	
430	0.000000	67.489193	-1.563415	40.095709	
431	-5.468750	67.112757	-1.697734	39.539818	
431	-4.687500	66.731760	-1.677685	39.217602	
432	-5.519559	67.187500	-1.703127	39.598455	
432	-5.468750	67.112757	-1.697734	39.539818	
433	-3.906250	66.599422	-1.675809	39.109575	
433	-3.125000	66.640371	-1.673701	39.159449	
434	-4.687500	66.731760	-1.677685	39.217602	
434	-3.906250	66.599422	-1.675809	39.109575	
435	-6.250000	67.711338	-1.761675	40.035843	
435	-5.519559	67.187500	-1.703127	39.598455	
436	-8.593750	68.986026	-1.342593	40.919327	
436	-8.993584	69.531250	-1.473172	41.372189	
437	-8.593750	68.986026	-1.342593	40.919327	
437	-8.568172	68.750000	-1.293773	40.779225	
438	-8.993584	69.531250	-1.473172	41.372189	
438	-8.865448	70.312500	-1.603901	41.965039	
439	-6.636177	68.750000	-1.840337	40.655627	
439	-6.361046	69.531250	-1.754377	41.215818	
440	-6.361046	69.531250	-1.754377	41.215818	
440	-6.486927	70.312500	-1.698277	41.838994	
441	-7.812500	71.086739	-1.684964	42.521958	
441	-7.031250	70.918996	-1.680986	42.349930	
442	-7.031250	70.918996	-1.680986	42.349930	
442	-6.486927	70.312500	-1.698277	41.838994	
443	-8.865448	70.312500	-1.603901	41.965039	
443	-8.593750	70.725764	-1.656122	42.276639	
444	-8.593750	70.725764	-1.656122	42.276639	
444	-7.812500	71.086739	-1.684964	42.521958	
445	-37.500000	89.007841	-17.511014	63.619681	
445	-37.423451	89.062500	-17.517876	63.632555	
446	-37.500000	89.182846	-17.585995	63.757830	
446	-37.423451	89.062500	-17.517876	63.632555	
447	-37.500000	89.007841	-17.511014	63.619681	
447	-37.550225	89.062500	-17.538882	63.683629	
448	-37.550225	89.062500	-17.538882	63.683629	
448	-37.500000	89.182846	-17.585995	63.757830	
