1 -3934.281239 0.624022 62.594973 1.431928 273.554529 0.265045 -42.278294 1.603634 425.487164 0.416447 41.374068 4.734404 200.804316 0.000000
1 -5419.081361 0.112153 61.145997 1.374790 409.392556 0.723489 -84.512856 1.802727 418.441010 0.232147 -24.218609 7.046733 301.595813 0.000000
1 -5420.749834 0.468215 26.760718 5.777385 396.655023 0.367008 65.113656 3.890134 416.265820 0.455395 9.754994 2.856576 88.968153 0.000000
1 -3613.820642 0.242227 -14.660177 9.291145 155.968164 0.416102 -9.329840 1.511027 234.495349 0.477084 -26.258241 1.677702 243.780375 0.000000
1 -5433.042653 0.340807 -25.841226 8.844521 130.425462 0.697540 51.910058 7.953089 289.027885 0.322641 -27.643100 0.323680 201.432540 0.000000
1 -5418.707871 0.516182 15.472760 2.745952 236.829766 0.053557 -25.111836 1.398539 101.545176 0.627270 25.914974 2.898059 259.912182 0.000000
1 -5692.711823 0.528148 52.846841 9.410798 327.655245 0.160809 12.049166 0.566972 111.101541 0.704545 -41.178579 0.596846 436.993617 0.000000
1 -5779.920273 0.780628 -35.268634 8.526486 93.676795 0.148632 80.533870 5.554037 203.510575 0.216850 80.383170 0.657652 414.218681 0.000000
1 -5419.817456 0.084626 -26.752328 0.644810 268.682529 0.206834 -68.304127 9.328764 43.012732 0.443553 49.735160 8.200387 19.564025 0.000000
1 -5421.149646 0.076048 28.318677 6.637431 225.793180 0.264469 70.368413 3.806698 402.402427 0.122622 -31.391731 7.321296 181.078354 0.000000
1 -5419.395997 0.639283 64.146632 0.161891 264.943045 0.281637 -50.925869 1.768644 475.529509 0.370589 54.514389 5.393000 163.208874 -1.726246
1 -5418.780563 0.598315 26.093664 5.014281 376.009689 0.567836 -72.324357 6.384083 340.801031 0.510663 -18.876526 8.281511 163.433340 -1.726246
1 -5418.688501 0.119660 27.518445 5.305784 302.156517 0.456266 -27.935957 6.010158 367.495168 0.051001 52.830847 7.401942 109.823705 -1.726246
1 -3839.516109 0.328709 -7.951785 0.184071 171.512152 0.437166 -0.951675 0.895192 247.008547 0.410852 -21.522928 1.028439 266.559329 -1.726246
1 -5418.789689 0.564438 37.550166 3.475458 396.459611 0.279799 -41.806547 5.701625 125.762224 0.775934 89.176326 4.907786 93.737477 -1.726246
1 -5431.694880 0.107820 34.472989 1.704593 229.178946 0.745741 -4.259022 2.079948 128.644709 0.775813 -74.878573 6.924225 420.788082 -1.726246
1 -5424.224478 0.728745 -61.457955 7.028877 249.660622 0.757912 12.383119 6.214108 311.620965 0.771977 -59.225424 6.185886 386.056762 -1.726246
1 -5419.365575 0.240722 -15.143542 6.613219 496.641511 0.330728 82.625348 5.300033 268.045182 0.102635 7.886739 9.392091 497.178708 -1.726246
1 -5419.817456 0.084626 -26.752328 0.644810 268.682529 0.206834 -68.304127 9.328764 43.012732 0.443553 49.735160 8.200387 19.564025 -1.726246
1 -5421.149646 0.076048 28.318677 6.637431 225.793180 0.264469 70.368413 3.806698 402.402427 0.122622 -31.391731 7.321296 181.078354 -1.726246
1 -3618.972867 0.133978 44.935820 3.951432 425.966385 0.729625 80.001455 0.817819 215.342439 0.146633 33.154921 5.653749 295.164324 -3.197456
1 -2074.852560 0.332749 49.098462 7.743156 165.763983 0.162905 59.199268 0.680154 453.043233 0.439760 71.082244 3.658971 265.386089 -3.197456
1 -5421.055966 0.129563 54.189627 4.165610 197.451179 0.536671 46.891292 0.286248 27.566992 0.669416 44.976292 1.728507 360.771700 -3.197456
1 -3690.682882 0.310805 -19.725533 3.846079 311.460264 0.301967 -20.352462 2.332933 409.108267 0.015743 -6.492426 8.246326 57.791583 -3.197456
1 -3829.525159 0.767717 3.670776 4.679923 61.782441 0.256987 57.837687 6.438803 20.912864 0.411581 -58.646784 1.948146 483.395458 -3.197456
1 -6123.115318 0.303425 19.413305 3.470380 259.309132 0.516547 86.206310 0.191259 388.584336 0.031823 -32.632117 1.700016 195.065461 -3.197456
1 -3758.122704 0.755674 -45.882091 8.686384 462.715517 0.445392 -6.005845 2.935230 57.840391 0.485069 -85.612102 4.118117 474.538633 -3.197456
1 -5418.677332 0.375414 -26.614354 8.635676 74.543171 0.026759 -30.099215 5.382297 164.615167 0.242457 -36.520008 8.919751 94.081462 -3.197456
1 -5419.477172 0.605146 10.037777 1.758453 487.708097 0.456631 -20.174145 5.096537 449.171393 0.541576 40.656744 5.216147 371.544886 -3.197456
1 -3604.638447 0.515493 68.031315 2.539655 216.374564 0.015463 -37.591858 7.133037 125.093795 0.491953 -26.968331 2.100912 322.263298 -3.197456
1 -3611.687390 0.403839 51.698115 6.943548 380.863734 0.098149 74.526088 7.966814 290.332020 0.625407 -70.500983 4.358923 324.589231 -4.043662
1 -1927.213928 0.383075 40.205949 8.083332 165.782203 0.313318 -45.749643 4.553833 492.098266 0.552980 30.784727 9.019077 360.592815 -4.043662
1 -1963.883936 0.069278 -15.039004 2.989370 227.067873 0.665282 -88.428851 3.101178 483.314919 0.514785 66.792962 4.903404 47.651842 -4.043662
1 -1979.075496 0.337188 -11.674785 0.946163 340.946291 0.027849 -81.094600 4.290068 35.107421 0.339331 83.417457 1.377547 234.909964 -4.043662
1 -218.074799 0.089228 64.588363 6.414655 85.043673 0.637730 78.769846 6.289451 471.051179 0.342671 3.167345 1.592921 342.330815 -4.043662
1 -1816.536866 0.698271 2.973642 3.289240 402.758333 0.032665 13.444011 3.599974 220.981448 0.567964 8.683668 1.215955 270.044390 -4.043662
1 -5418.687057 0.562145 41.685842 7.641468 49.089317 0.242803 -4.829581 2.964746 202.215024 0.735112 45.052773 4.829952 19.281387 -4.043662
1 -3619.286215 0.360347 48.286693 7.236603 175.380679 0.523064 33.915603 0.722904 138.645896 0.364015 24.665242 1.153701 231.759280 -4.043662
1 -1817.302921 0.633842 46.439814 6.860746 394.028117 0.267315 84.440382 1.507838 163.887477 0.352193 36.412902 0.336091 149.298795 -4.043662
1 -5418.767426 0.059283 5.604739 9.533620 402.281405 0.006367 10.894049 7.907338 289.422670 0.335542 -63.995714 7.704364 383.777628 -4.043662
1 -3608.691860 0.239935 81.489287 1.289741 442.042423 0.614348 0.048290 7.425783 320.250932 0.797636 44.011269 6.661072 346.872513 -4.418104
1 -1846.270112 0.428275 37.344824 8.296692 165.302605 0.300394 -36.917602 3.885312 466.629789 0.570617 36.761600 8.817418 353.096443 -4.418104
1 -1934.724791 0.572083 -72.065102 5.814851 385.548733 0.176806 62.564724 5.132707 362.353881 0.191311 23.214747 5.753730 376.876507 -4.418104
1 -86.937412 0.206292 0.402293 4.490114 226.067805 0.390994 -82.360388 0.703271 200.455717 0.509710 -54.827726 1.884920 375.566189 -4.418104
1 -1856.527307 0.696360 75.052822 6.488719 112.547000 0.425530 -88.552435 6.712631 495.308422 0.475015 11.776843 2.599128 322.988084 -4.418104
1 -1817.466369 0.687611 3.276422 3.343079 394.974608 0.036500 13.682278 3.757153 236.400021 0.565016 7.746121 1.282811 272.361812 -4.418104
1 -94.378801 0.080008 69.605158 6.453701 79.749960 0.643445 74.441424 6.316823 475.618006 0.353225 2.716757 1.648384 339.387899 -4.418104
1 -1927.138748 0.589428 -49.188079 7.554985 243.044762 0.273357 -56.143759 3.297610 473.008553 0.238882 -56.610927 8.542333 155.066449 -4.418104
1 -3882.171635 0.460384 -78.346787 1.058174 296.280489 0.088397 59.984215 7.252990 438.596864 0.597366 -85.568965 0.103436 255.673540 -4.418104
1 -2000.010600 0.216742 63.711195 3.860400 435.840073 0.333422 -45.189195 9.280030 477.309442 0.201507 -32.151677 3.830224 222.606511 -4.418104
1 -130.906298 0.028669 71.442684 6.379600 107.269890 0.661376 70.690587 6.754553 485.153876 0.245567 -16.148570 1.866306 292.049460 -4.683390
1 -2069.892064 0.355214 76.665151 2.517361 491.502261 0.473795 3.274811 0.287118 210.089373 0.124448 67.280831 4.526462 308.980993 -4.683390
1 -3603.247618 0.705442 -36.535328 3.697425 491.858483 0.414692 -5.594224 7.125890 240.308087 0.447457 -55.949971 2.572948 79.363052 -4.683390
1 -78.413169 0.210457 1.765810 4.524801 230.625229 0.402521 -85.590930 0.532286 197.643891 0.501237 -53.390432 1.861987 375.387222 -4.683390
1 -1847.284202 0.034876 -10.381675 4.366859 231.577470 0.798804 -63.679121 1.573185 485.009795 0.661207 39.180405 5.871771 159.822248 -4.683390
1 -1907.538321 0.063971 -66.111607 4.434793 451.470548 0.485608 -56.876170 4.300534 304.381702 0.078479 -12.323380 0.857240 132.210014 -4.683390
1 -238.018806 0.056936 64.934943 6.585590 80.028197 0.624961 71.508379 7.584756 497.564942 0.391768 -11.688607 1.661414 328.756863 -4.683390
1 -1905.808697 0.525481 -59.624966 7.083758 390.777293 0.431904 0.984648 5.274471 364.759886 0.476348 81.526794 6.453332 361.157182 -4.683390
1 -2040.787268 0.657284 -6.421057 1.552787 35.066422 0.263748 37.109193 3.493245 470.929022 0.695864 -1.102698 7.970540 466.906152 -4.683390
1 -2180.814809 0.214802 63.922891 3.858327 436.713935 0.334275 -45.466475 9.290061 478.129953 0.195677 -32.844850 3.835490 220.616805 -4.683390
1 -132.482940 0.027929 70.894145 6.318572 110.839386 0.657311 71.805702 6.719542 485.504587 0.241274 -14.969449 1.938620 292.506883 -4.972197
1 -1803.443468 0.140308 -67.509739 0.941953 189.079480 0.564152 54.377360 4.449793 198.480345 0.592941 -48.664553 0.036968 170.039648 -4.972197
1 -3604.211215 0.646461 -28.086336 2.958088 419.363504 0.572971 -46.893357 7.785577 247.354495 0.334626 -33.015723 2.960645 183.124702 -4.972197
1 -176.982367 0.299376 18.461769 6.066487 280.187072 0.421930 -84.080177 2.498115 239.855687 0.449299 -82.959730 2.160484 358.386756 -4.972197
1 -1811.515149 0.726953 -14.704864 6.344571 237.838250 0.616922 82.867508 1.802430 424.492136 0.636958 45.437730 7.448696 167.967069 -4.972197
1 -1935.765342 0.299575 54.079226 0.779977 323.222454 0.485937 16.648174 1.551090 122.335319 0.050408 8.979631 4.776323 421.988067 -4.972197
1 -1877.526543 0.025534 71.747136 5.810664 185.411549 0.166687 -52.521612 0.914765 11.975963 0.206304 -52.153004 2.947854 449.919683 -4.972197
1 -1980.426412 0.577815 86.884139 1.115323 225.183755 0.590611 -16.843964 7.348441 450.215020 0.511096 43.640956 5.273203 429.916773 -4.972197
1 -1981.624147 0.607238 9.490426 1.387714 34.788461 0.272332 38.163129 2.521402 466.394039 0.649925 16.247684 8.243668 499.573544 -4.972197
1 -1827.920989 0.722986 62.115013 3.265465 426.057110 0.198096 85.792295 5.815142 427.394978 0.787964 -11.160801 4.204527 160.652244 -4.972197
1 -1938.516181 0.236662 73.876570 9.111134 429.926923 0.427099 -3.340044 3.501023 134.788770 0.271982 -64.125175 1.994609 387.647540 -5.335099
1 -1804.319427 0.194566 -61.763642 1.012239 204.152631 0.574447 50.433831 4.524368 204.963196 0.604403 -51.996845 0.081732 170.249478 -5.335099
1 -3611.417342 0.654043 -38.302787 4.564200 460.646041 0.700148 -37.266816 7.722849 256.102087 0.274747 -18.619840 2.514312 65.561645 -5.335099
1 -1962.347910 0.188683 -31.317032 6.764908 270.641675 0.539536 35.418061 0.578558 111.354842 0.666851 33.319883 1.196464 461.876742 -5.335099
1 -2095.252235 0.739560 23.171388 2.232074 69.776878 0.422068 -73.822682 0.589581 430.489012 0.734291 75.980030 7.795381 191.668028 -5.335099
1 -2201.657218 0.422796 -76.058694 9.515338 335.968809 0.012565 57.159435 0.356046 286.735045 0.525926 -41.878617 2.803050 438.991207 -5.335099
1 -2002.046457 0.026479 37.738358 4.370281 160.238180 0.296470 4.451405 1.802166 380.603348 0.163014 3.176955 4.211118 337.165076 -5.335099
1 -1869.159575 0.082279 -52.939461 5.459664 101.099908 0.042241 83.581054 1.378375 81.721227 0.290824 -84.755047 3.427775 463.777122 -5.335099
1 -247.028097 0.361805 70.508822 3.861388 396.255797 0.123845 55.964043 0.176585 156.968701 0.769233 -47.802233 6.404764 475.882737 -5.335099
1 -1948.261026 0.696421 -69.892780 5.969919 79.397918 0.591534 69.931787 6.907765 499.739946 0.321063 -11.409381 2.497170 315.266750 -5.335099
1 -41.304042 0.710554 4.629304 2.997429 102.404883 0.031938 84.592996 2.813181 264.793918 0.477222 85.599269 2.231301 353.122074 -5.746014
1 -1873.766543 0.123759 20.495745 6.493391 299.559438 0.214181 18.356369 8.901939 131.158566 0.518007 -69.220128 4.018690 437.732658 -5.746014
1 -3606.936677 0.605908 44.775908 4.043335 92.176552 0.466131 -33.592296 2.910302 352.319166 0.232505 -45.633963 6.173130 296.256891 -5.746014
1 -2068.055340 0.129473 -26.001292 5.986987 202.939439 0.575569 15.332465 7.789515 226.933035 0.579315 81.771210 1.044523 489.551866 -5.746014
1 -2049.298063 0.339075 -86.131102 3.044096 399.871267 0.509785 72.975879 7.288567 318.750901 0.270357 -71.595148 2.897790 333.704458 -5.746014
1 -3608.365596 0.441906 -38.399547 3.957804 419.532840 0.085618 24.741937 5.575630 256.038566 0.036705 -85.229172 7.817460 260.472558 -5.746014
1 -1909.699958 0.082845 -52.206733 6.017759 421.321930 0.586849 1.677595 9.610727 177.501817 0.284120 -77.305096 2.266812 344.460572 -5.746014
1 -1867.277954 0.485239 -61.729967 6.076255 473.124333 0.122190 -72.373671 1.662936 83.446182 0.435812 40.233452 3.503557 316.482613 -5.746014
1 -153.147436 0.354075 67.558636 3.720227 396.228802 0.110017 55.039701 0.164041 165.333489 0.776362 -45.760483 6.483900 479.551671 -5.746014
1 -1857.644875 0.575410 24.064881 6.512889 115.808634 0.742857 -1.450435 1.468673 345.474779 0.321134 22.390008 7.582024 264.463132 -5.746014
1 -1906.890481 0.107273 -18.466871 4.248282 193.209936 0.552458 -46.595236 1.410501 322.497256 0.082280 -56.391939 6.917939 396.841682 -6.100102
1 -1846.647951 0.150775 30.315372 7.255222 316.625256 0.206007 16.448279 8.110347 116.951364 0.541987 -74.210919 3.030893 470.074689 -6.100102
1 -652.305804 0.523931 22.844057 3.823731 333.457616 0.393435 49.058984 1.251217 453.634504 0.634923 87.359963 0.052201 332.453448 -6.100102
1 -3666.701100 0.709765 -44.014468 2.742466 295.365578 0.630158 8.104367 3.990349 19.477567 0.539385 53.457316 0.671788 336.749819 -6.100102
1 -756.736830 0.683245 48.021503 5.490234 498.876820 0.573214 23.572509 5.430977 328.917533 0.683873 -41.339279 1.189078 462.214211 -6.100102
1 -3712.106690 0.263585 -11.780770 8.290248 266.296655 0.364840 -66.220424 6.482754 96.499441 0.730992 -48.945194 0.123104 386.974497 -6.100102
1 -1847.110912 0.259295 -36.162651 3.127795 367.261781 0.107248 -25.458266 1.659043 182.703816 0.421332 73.458578 9.433046 393.263515 -6.100102
1 -1945.168906 0.368765 5.921120 3.323923 187.338850 0.083545 73.166351 0.789271 163.912568 0.361828 -88.101724 2.841089 427.348030 -6.100102
1 -306.393971 0.167756 -20.019975 7.815234 440.278983 0.799043 77.076077 0.438803 287.608374 0.694870 -53.620851 4.955030 462.249403 -6.100102
1 -1833.389118 0.062749 -46.926332 6.258921 130.666019 0.480368 -1.241055 2.360367 255.052766 0.119539 -35.017723 5.703363 496.151101 -6.100102
1 -177.063339 0.061003 -27.898208 5.514425 103.650853 0.685165 -28.817898 1.822852 369.853055 0.740356 -66.968960 5.561581 420.349126 -6.278173
1 -204.409114 0.138845 28.635029 7.321847 333.075368 0.183870 9.833872 7.908705 121.365931 0.585281 -73.358303 3.083585 462.732210 -6.278173
1 -450.680509 0.536202 22.326772 3.619197 329.357805 0.393412 47.539702 1.238473 453.479509 0.629792 89.814586 0.149855 334.971135 -6.278173
1 -233.506474 0.731721 -84.385758 8.384026 338.814720 0.781162 56.067353 5.430588 54.655472 0.635677 -34.474383 2.783459 471.504761 -6.278173
1 -747.526166 0.686827 47.286665 5.518362 498.051132 0.575978 24.388732 5.456547 326.018243 0.683694 -42.168546 1.182795 465.794344 -6.278173
1 -596.296471 0.781361 19.700890 6.525289 451.006395 0.609649 70.103343 6.293665 435.259030 0.492182 81.064901 0.704555 412.918000 -6.278173
1 -1992.588690 0.266268 13.889101 5.511096 438.526184 0.460006 -33.683909 2.593516 390.505105 0.596452 65.481350 3.761865 70.813242 -6.278173
1 -1855.631939 0.389476 -9.530418 3.914767 78.483390 0.298857 51.377183 3.065061 490.308999 0.382492 -22.661701 3.282079 188.449006 -6.278173
1 -303.031981 0.172631 -20.157628 7.848129 437.706845 0.799724 79.804587 0.446337 288.497852 0.691238 -53.440472 4.995742 463.749502 -6.278173
1 -1952.190578 0.744688 -84.833781 3.866962 177.061042 0.687280 -79.586051 7.262084 260.274278 0.741732 -11.249485 1.809503 404.821969 -6.278173
1 -134.876405 0.080836 -35.475885 5.456684 119.376153 0.758860 -26.224389 1.185126 357.937663 0.731290 -51.899930 5.415844 445.356726 -6.416152
1 -204.801326 0.139630 28.533962 7.313522 332.704742 0.152686 9.915914 7.910480 121.695018 0.585367 -73.675737 3.088945 463.292001 -6.416152
1 -455.173465 0.521496 21.679000 3.608828 330.241227 0.383634 45.454018 1.179166 450.434058 0.625860 84.012841 0.275035 329.518377 -6.416152
1 -161.580386 0.738343 -83.448834 8.283879 334.447888 0.770745 54.616854 5.473268 58.034470 0.634450 -31.707444 2.683971 468.651432 -6.416152
1 -519.108069 0.711172 47.449252 6.722507 437.936483 0.498388 -10.499498 5.943396 351.516434 0.696119 -44.565274 1.307912 473.739953 -6.416152
1 -807.501314 0.030434 34.337345 5.952982 469.986978 0.485521 88.414692 6.162984 436.958102 0.508099 67.586261 0.588741 453.449993 -6.416152
1 -541.355916 0.176226 -21.733098 7.680127 427.992832 0.015995 81.673612 0.534026 297.937891 0.686377 -61.675262 5.126904 477.028086 -6.416152
1 -1924.285955 0.117867 -43.906120 8.775920 297.489693 0.417348 40.048730 4.192997 169.831590 0.450060 -32.168987 2.182413 421.260408 -6.416152
1 -305.584274 0.167552 -20.037130 7.603936 433.425983 0.775395 83.146983 0.447779 292.908463 0.688739 -59.469041 5.516810 469.766254 -6.416152
1 -2020.199194 0.024845 84.337542 4.450741 205.214237 0.709618 -69.770482 7.940693 202.687983 0.729261 -14.943911 1.639748 418.293952 -6.416152
1 -217.987829 0.101072 -32.625654 5.700805 135.511807 0.752163 -7.562142 1.458810 356.287907 0.729883 -48.891285 5.104687 475.372878 -6.588062
1 -113.583553 0.742654 43.604160 5.980628 409.344904 0.119296 -18.242365 9.532438 464.213183 0.567820 88.757894 1.514753 255.863939 -6.588062
1 -590.730359 0.563961 22.744316 3.915034 303.109831 0.355027 43.081750 1.411964 452.472662 0.624675 86.874564 0.268824 335.204344 -6.588062
1 -166.630042 0.736215 -80.691077 8.268585 328.738356 0.736348 50.739613 5.902993 49.043169 0.627853 -32.558341 2.551610 468.590609 -6.588062
1 -471.368423 0.738389 53.991098 6.972154 395.838411 0.405283 -26.596392 5.435540 396.772818 0.667975 -44.874630 1.203830 442.934127 -6.588062
1 -890.638434 0.034506 35.484153 5.953307 463.637860 0.482092 87.039599 6.286335 439.122403 0.505377 66.326717 0.581557 454.787319 -6.588062
1 -1828.776615 0.310552 55.763419 0.063468 175.243739 0.028198 45.309612 7.463635 29.136379 0.594655 22.483946 0.299733 314.117579 -6.588062
1 -134.958021 0.357946 22.369070 5.083339 48.798629 0.536937 38.032648 8.042200 431.788980 0.372924 -79.012596 5.016774 477.165279 -6.588062
1 -2044.895714 0.494694 12.706753 1.845350 496.595046 0.312292 -50.773198 2.297722 27.670695 0.656373 -84.177986 9.598128 336.134145 -6.588062
1 -1973.902140 0.015269 84.621653 4.477830 206.210186 0.708220 -69.516082 7.969422 203.100209 0.726692 -15.278931 1.642145 418.984048 -6.588062
1 -191.806033 0.201687 -20.990631 5.207681 86.740160 0.791055 0.383959 0.989537 378.627276 0.791211 -54.705699 4.604110 474.855350 -6.696777
1 -101.337625 0.731275 43.332314 6.258155 421.653651 0.193659 -15.521878 9.446613 404.649593 0.555773 -79.303306 1.783217 282.130974 -6.696777
1 -691.886846 0.561228 16.820952 4.092255 327.432545 0.334035 55.479831 1.397411 460.178523 0.626004 -87.316851 0.283747 357.826794 -6.696777
1 -113.558718 0.012152 -37.830050 0.050466 234.991288 0.162245 51.018892 6.574618 152.152459 0.673266 -67.630544 1.989141 429.298408 -6.696777
1 -552.320032 0.734178 53.845694 7.031072 400.532329 0.401483 -24.253325 5.438199 395.430722 0.664423 -44.198869 1.170523 445.364299 -6.696777
1 -815.896993 0.029547 35.634861 5.953668 466.156061 0.483034 88.562402 6.090381 440.056725 0.501951 67.043533 0.567008 455.743913 -6.696777
1 -509.072962 0.639382 25.548713 3.930727 456.122655 0.634708 51.087167 7.514140 455.683603 0.638776 -36.756634 1.106961 423.777088 -6.696777
1 -53.076880 0.692832 14.653331 4.511556 24.231342 0.478499 64.144395 1.025046 165.658246 0.314397 -34.184314 2.298680 399.267998 -6.696777
1 -1907.735686 0.139556 60.425056 2.134061 11.780337 0.736528 -60.236801 5.719206 491.503115 0.630202 24.964472 2.980078 314.968889 -6.696777
1 -61.321817 0.359265 26.482220 5.434233 31.083804 0.540999 36.329893 8.494224 449.600110 0.376227 -83.505958 5.171745 484.834133 -6.696777
1 -145.008640 0.162797 -29.619117 6.522175 487.880294 0.745510 23.324997 1.123642 350.740032 0.050435 -34.264156 5.092618 44.852688 -6.794846
1 -225.446084 0.772350 32.711725 6.350083 455.729533 0.163728 -3.367616 9.642774 426.599525 0.624998 -78.609070 1.260859 285.804732 -6.794846
1 -564.920184 0.564913 16.000948 4.093780 330.220107 0.324282 56.556194 1.538982 461.351733 0.625544 -89.193662 0.279986 352.412167 -6.794846
1 -134.175250 0.039594 -38.408677 0.210924 173.555289 0.211892 54.950723 6.396398 85.705577 0.604508 -53.810279 2.485005 433.661554 -6.794846
1 -545.608184 0.731665 53.276128 7.041637 402.826358 0.404508 -24.414951 5.484669 393.820927 0.669795 -43.992574 1.182635 447.243054 -6.794846
1 -167.303653 0.622057 27.203540 6.208750 452.228664 0.155344 -38.030102 6.465467 484.384366 0.510699 47.739223 6.807871 216.858060 -6.794846
1 -323.616057 0.683147 28.335439 4.762429 413.200129 0.722604 48.934878 6.082650 21.777631 0.662700 -36.909757 1.502633 435.950484 -6.794846
1 -53.219401 0.697509 14.371360 4.494946 29.668436 0.477295 65.229487 1.028172 167.210112 0.315910 -34.024453 2.236908 395.998125 -6.794846
1 -2223.695642 0.237287 -12.095548 6.607394 138.947399 0.382229 -7.264574 1.893514 498.781161 0.710392 21.886827 8.846494 482.877854 -6.794846
1 -105.230552 0.366912 25.475001 5.214717 26.304498 0.545102 36.762703 8.445938 443.254231 0.388898 -83.940379 4.996574 483.719333 -6.794846
1 -263.451342 0.176575 -28.509320 6.066636 493.550251 0.734282 28.493482 1.118629 342.027606 0.093758 -46.051026 4.935964 64.156615 -6.882500
1 -229.023782 0.791263 38.536160 6.247674 489.363767 0.097014 1.486259 9.620525 439.533160 0.693273 -81.331949 0.955662 337.047889 -6.882500
1 -647.444739 0.562033 15.788170 4.172082 323.127911 0.346453 54.901703 1.499384 457.169223 0.652250 -86.511799 0.327143 360.727319 -6.882500
1 -120.096682 0.041497 -38.510271 0.219709 169.441182 0.212449 54.904060 6.370859 81.998920 0.601904 -52.665812 2.526365 434.736369 -6.882500
1 -49.115977 0.486098 3.404585 5.607828 14.341896 0.707931 -59.108469 7.408439 80.966040 0.353312 -43.426434 2.978814 476.658215 -6.882500
1 -77.478917 0.613636 28.370177 6.342775 454.208549 0.154960 -42.218634 6.507217 485.301662 0.511095 46.015746 6.902454 216.197366 -6.882500
1 -334.492507 0.705000 26.474734 4.804885 418.883921 0.716448 47.825693 5.956862 23.578948 0.651014 -37.259719 1.447635 436.349409 -6.882500
1 -53.216785 0.697536 14.371331 4.500060 28.917283 0.478485 65.030520 1.026559 166.785902 0.315337 -33.946014 2.241431 396.306969 -6.882500
1 -57.795430 0.472188 -35.117364 3.346890 148.323064 0.438359 -48.030972 1.163578 332.830435 0.193391 51.263813 7.350625 320.242470 -6.882500
1 -1921.819445 0.370279 69.594412 7.281615 472.400020 0.478720 28.598121 0.159563 77.265249 0.642483 -39.551725 3.477446 393.310963 -6.882500
1 -156.136153 0.179017 -28.562897 6.114374 495.346507 0.732821 25.825748 1.062496 336.350063 0.087602 -45.752430 4.945109 64.574104 -6.984233
1 -235.531479 0.753196 37.151476 6.149126 493.591324 0.132509 5.416065 9.660936 445.971282 0.659521 -84.064599 0.879121 328.941398 -6.984233
1 -561.514640 0.616201 19.529538 4.012873 321.030521 0.379864 38.270057 1.763643 464.774022 0.683786 -87.595187 0.416234 362.146758 -6.984233
1 -136.478320 0.081907 -37.091087 0.989409 123.465853 0.235148 43.944337 7.499616 99.512541 0.567418 -41.983800 1.925075 449.958721 -6.984233
1 -115.972787 0.516035 3.499500 5.988123 12.733412 0.728177 -63.097021 7.317064 86.028428 0.336656 -50.189233 2.924304 479.560049 -6.984233
1 -76.220527 0.634598 28.207288 6.555163 452.169360 0.157054 -45.963513 6.608624 489.793174 0.505108 45.884808 6.822260 223.718743 -6.984233
1 -644.135096 0.717338 30.274197 5.209332 416.895450 0.708295 42.405604 5.778247 489.514848 0.715601 -38.447262 1.263913 427.326775 -6.984233
1 -104.013939 0.673530 19.895857 3.007080 30.944476 0.170075 49.161296 1.750286 220.491140 0.257624 71.213976 2.860545 398.366482 -6.984233
1 -59.616022 0.438786 -42.764293 3.405366 97.789454 0.427573 -48.646654 1.097461 340.863016 0.148772 59.048363 7.886501 321.929397 -6.984233
1 -2166.964553 0.577728 82.915966 0.912217 329.828257 0.023919 45.804556 4.247175 372.397021 0.247847 -63.233766 2.708424 294.457841 -6.984233
1 -146.711572 0.142784 -28.525203 6.315590 497.441241 0.752752 29.556351 1.195894 338.248158 0.079421 -51.059851 5.756643 78.447183 -7.055439
1 -42.324727 0.749867 37.128478 5.998019 423.880064 0.011891 8.121232 7.636760 386.583517 0.484316 -51.328870 1.688769 282.412995 -7.055439
1 -55.928346 0.395747 -45.665460 3.660746 81.449096 0.421910 -41.460192 1.191300 343.288513 0.128268 58.385256 7.554113 337.108330 -7.055439
1 -207.896387 0.159453 -42.345737 1.449261 92.363979 0.274243 33.540895 7.201530 71.550971 0.642027 -47.594037 1.885319 461.618410 -7.055439
1 -81.946794 0.694237 58.997676 6.880874 16.158530 0.041540 62.718254 3.756651 431.546798 0.525761 -77.232080 6.476177 343.348880 -7.055439
1 -73.755398 0.605585 26.073716 6.519515 451.266129 0.153925 -46.893197 6.451728 484.573060 0.493284 44.154640 6.895975 215.814764 -7.055439
1 -84.120226 0.131623 -1.159743 5.070234 410.593245 0.611005 -14.233311 3.232369 314.373785 0.697662 -30.830825 4.493725 327.099275 -7.055439
1 -129.393640 0.610508 38.424468 1.564358 117.888485 0.255197 72.953173 2.040320 262.479314 0.269580 70.673266 1.875302 335.064865 -7.055439
1 -75.286305 0.449926 -44.325156 3.443099 96.295918 0.419361 -52.953399 1.139975 349.971020 0.132387 61.956806 8.160156 316.259710 -7.055439
1 -1947.884542 0.345185 16.724457 2.877260 134.795949 0.467796 -10.667338 3.207748 477.105514 0.655699 -69.608660 5.661243 255.028514 -7.055439
1 -156.110081 0.230371 1.796296 5.077919 472.780991 0.684246 20.442761 2.075819 345.699118 0.183476 -38.737410 6.810683 84.566836 -7.099416
1 -154.448852 0.763357 44.352155 6.209115 327.748476 0.762722 8.473417 9.477139 388.959057 0.419509 -39.607359 2.088084 342.764462 -7.099416
1 -68.510830 0.310775 -44.748469 3.870559 108.319647 0.427156 -49.673050 1.000142 341.313754 0.129397 49.693733 7.361270 326.554604 -7.099416
1 -216.326483 0.190757 -54.753204 1.242464 85.365099 0.265708 32.039389 7.318424 62.447809 0.652455 -50.931700 1.789221 463.281260 -7.099416
1 -100.684454 0.711606 25.529085 8.627683 48.755727 0.064091 64.417684 3.445884 419.071611 0.585245 -70.159755 5.574315 315.589854 -7.099416
1 -218.467502 0.608467 26.883982 6.458388 450.785558 0.160694 -47.364220 6.445908 483.158365 0.501655 44.390998 6.821922 216.579201 -7.099416
1 -138.681724 0.107011 -6.980766 4.586357 383.674199 0.584736 -13.485740 2.644171 302.899025 0.677841 -17.940296 4.473564 328.741791 -7.099416
1 -119.591019 0.533628 51.044277 0.569148 212.346815 0.436218 72.889967 1.681575 304.569359 0.287222 86.241031 1.628220 274.538688 -7.099416
1 -63.586144 0.450517 -43.141818 3.341193 106.335302 0.441326 -54.005238 1.170111 351.207818 0.119563 65.873635 8.029765 313.895613 -7.099416
1 -173.089464 0.122369 -82.206851 0.059102 60.829999 0.692494 31.163670 3.361822 415.060934 0.488585 -61.801130 5.541119 388.433973 -7.099416
1 -269.404248 0.250065 3.325301 4.688539 477.687842 0.694538 30.319271 1.842489 348.049352 0.160191 -37.980988 7.108551 69.057594 -7.166131
1 -216.190493 0.755742 39.903329 6.239861 385.615620 0.751391 23.879924 0.793085 328.350898 0.418294 -23.664278 2.821875 282.589648 -7.166131
1 -115.076726 0.323867 -42.041319 4.280624 94.038602 0.487200 -41.138067 0.585434 339.121820 0.075304 58.187042 7.459813 297.990289 -7.166131
1 -215.795750 0.187484 -54.823098 1.206298 85.571390 0.268088 33.094560 7.324879 62.520875 0.651782 -51.792359 1.776458 461.967423 -7.166131
1 -78.933111 0.712968 25.386868 8.667812 51.842610 0.053142 64.316171 3.371443 418.127873 0.583749 -70.116486 5.672085 313.933437 -7.166131
1 -244.707104 0.604077 25.417751 6.413486 448.386634 0.159309 -47.708953 6.452798 481.899438 0.501446 44.180203 6.802533 219.205746 -7.166131
1 -187.125287 0.216393 -0.065125 4.454690 450.926268 0.728183 -52.492111 2.373844 320.610773 0.666816 -22.346697 6.685512 242.387904 -7.166131
1 -145.138012 0.553409 72.616978 0.225986 188.533277 0.401051 71.915105 1.968870 275.928119 0.325754 84.707923 0.979836 258.884548 -7.166131
1 -93.989666 0.426666 -50.736273 3.046552 97.372236 0.414365 -56.138856 1.150530 332.753142 0.131655 60.475808 8.446592 353.751766 -7.166131
1 -148.044586 0.104604 -84.244020 0.160173 70.417157 0.700365 30.242023 3.345940 415.814122 0.494214 -64.551168 5.582636 388.022557 -7.166131
1 -102.110819 0.258339 4.973191 4.725262 478.369781 0.694590 29.710392 1.723591 350.384156 0.151386 -35.359281 7.139869 65.681417 -7.231610
1 -219.826723 0.754764 40.748436 5.700834 395.007493 0.777623 20.960913 1.031464 315.887169 0.462628 -36.099212 2.425242 281.518003 -7.231610
1 -110.506710 0.455186 -31.958528 6.011306 205.661838 0.338006 -53.739539 2.160130 381.814837 0.245680 31.182656 7.228924 235.787574 -7.231610
1 -191.107064 0.132237 -51.252899 1.693964 151.619784 0.246416 29.191220 8.198990 67.517134 0.626544 -38.493135 2.016534 443.713697 -7.231610
1 -107.935558 0.686326 22.215151 8.264463 47.000425 0.085142 67.021743 3.487630 419.208370 0.618488 -73.553993 5.542882 324.642811 -7.231610
1 -41.295767 0.599048 24.606401 6.475551 446.561886 0.161383 -47.056402 6.389464 482.083424 0.507701 44.661271 6.878877 217.458259 -7.231610
1 -124.602474 0.104983 -1.991254 3.684328 398.256071 0.708634 -39.443538 2.544292 343.182962 0.701821 -14.381812 7.517434 231.898386 -7.231610
1 -145.049018 0.553752 66.528704 9.230900 204.675107 0.408904 80.197620 1.331795 238.188227 0.311900 74.412632 1.004258 319.250218 -7.231610
1 -165.114428 0.425934 -42.420828 3.250274 115.804921 0.453293 -60.106749 1.097114 335.526202 0.093285 61.870096 8.934202 362.768496 -7.231610
1 -132.666995 0.122901 -81.885935 0.668711 73.733635 0.654087 16.963773 3.275640 415.489256 0.543992 -66.848562 5.970465 381.553450 -7.231610
1 -33.226721 0.302893 26.143471 4.845867 481.701904 0.695945 40.901026 1.621085 344.864235 0.135814 -35.183782 6.627118 62.894733 -7.320252
1 -144.526767 0.798341 37.037285 5.933357 401.118303 0.761910 20.279855 1.304786 304.746383 0.453574 -32.330896 2.424365 276.461263 -7.320252
1 -130.146823 0.437505 -29.766795 5.701843 256.514030 0.389923 -62.659679 1.730258 365.623749 0.146153 44.128881 7.429861 212.571005 -7.320252
1 -77.603186 0.062541 -33.541973 1.642134 142.278640 0.201532 17.666074 8.489578 62.764066 0.611188 -39.173454 1.937971 438.807605 -7.320252
1 -214.253553 0.597744 64.440876 0.055011 287.201857 0.679787 -72.072938 3.692153 428.764781 0.656988 36.249074 2.734420 298.285471 -7.320252
1 -37.479759 0.599742 24.358196 6.398041 443.662671 0.160167 -47.989954 6.427310 482.473865 0.512869 41.975768 6.925054 220.545730 -7.320252
1 -100.856683 0.131742 -8.124454 3.295125 378.285715 0.762437 -32.723698 2.463345 326.313664 0.663958 -4.997491 6.334754 277.588523 -7.320252
1 -148.989545 0.549380 65.533331 8.558980 208.753312 0.446536 56.676908 1.162079 246.638637 0.320385 84.248918 1.055053 313.246332 -7.320252
1 -153.989640 0.446329 -40.447079 3.229024 130.618075 0.451804 -60.641112 1.101981 334.530633 0.073636 63.428684 8.953509 365.273995 -7.320252
1 -64.127188 0.142533 88.800812 0.673942 46.629416 0.638931 19.474360 3.134950 409.143571 0.475852 -62.192698 6.127517 393.311500 -7.320252
1 -66.392807 0.299750 36.936427 4.961400 483.752370 0.677108 47.519119 1.885203 353.464472 0.140243 -38.241676 6.249021 62.284113 -7.499853
1 -133.387953 0.206526 35.810246 5.306811 326.923941 0.733434 1.402462 1.116568 253.448558 0.560410 -17.656554 2.051151 297.295642 -7.499853
1 -93.671166 0.428718 -26.775740 5.838409 248.551230 0.401139 -57.553695 1.574359 358.185025 0.151046 43.201860 7.304544 214.033424 -7.499853
1 -69.708265 0.053569 -33.797181 1.614498 153.050369 0.231901 22.464223 8.016578 59.785665 0.607236 -39.174991 1.832764 423.692631 -7.499853
1 -221.443613 0.619093 69.972400 0.167660 271.066582 0.690356 -75.089742 3.859046 403.602002 0.620123 34.142733 2.210633 302.010345 -7.499853
1 -73.491815 0.600917 25.178483 6.517501 454.360880 0.165985 -47.106854 6.389344 478.763501 0.524515 41.301934 6.717225 217.926657 -7.499853
1 -130.473012 0.196958 -13.698968 5.399681 476.143394 0.603686 -40.495091 4.355070 357.884425 0.111518 11.161555 3.595718 176.356461 -7.499853
1 -109.423752 0.565726 84.014386 7.792197 162.499358 0.477670 19.310599 3.358506 304.601621 0.387271 63.461779 1.268390 338.525522 -7.499853
1 -133.962282 0.494363 -37.931436 3.437732 122.291847 0.413554 -60.894594 0.849624 339.032040 0.073793 68.438162 9.563231 356.214653 -7.499853
1 -92.506732 0.126971 -83.860017 0.579375 74.001640 0.677960 21.651834 3.270725 408.374407 0.473251 -67.457397 5.622547 390.252200 -7.499853
1 -26.538267 0.421836 56.483271 3.521920 416.913657 0.564707 46.449481 1.294892 317.628297 0.753063 14.881400 8.089546 150.968773 -7.651727
1 -96.661424 0.158945 45.463464 6.019465 374.591708 0.733339 -18.067862 1.160916 293.177753 0.505945 -4.418239 2.683819 262.020430 -7.651727
1 -58.806960 0.425690 -20.848035 5.339090 249.116331 0.401829 -51.323073 1.273553 347.574820 0.105615 39.496226 7.479347 206.593798 -7.651727
1 -171.352145 0.028943 -31.764146 1.137877 211.308361 0.163459 15.218748 8.822448 124.080586 0.620734 -26.702832 1.704417 426.972800 -7.651727
1 -107.056083 0.625520 67.091368 0.243343 272.617137 0.692386 -71.553850 4.124132 403.410119 0.645004 29.756435 2.146122 289.033662 -7.651727
1 -77.328737 0.604092 27.121475 6.307796 450.396738 0.163430 -45.971921 6.368476 473.246975 0.538294 41.261437 6.820298 237.357660 -7.651727
1 -118.777543 0.159048 -8.279597 5.669831 469.780139 0.666508 -30.179021 3.548827 351.996858 0.102931 4.373831 3.284699 167.090928 -7.651727
1 -123.680312 0.515248 71.347848 8.273877 147.466138 0.527532 -11.111963 2.849365 317.818746 0.403187 33.815138 1.670008 326.415333 -7.651727
1 -43.583916 0.464325 -46.640615 4.812073 149.639743 0.444708 -49.062325 1.244702 332.416580 0.751668 65.808028 8.951287 351.346798 -7.651727
1 -80.772884 0.156641 -84.213161 0.064866 68.983711 0.663295 15.570643 3.619539 417.464904 0.481250 -64.940541 5.720655 391.093195 -7.651727
1 -163.005179 0.405553 57.749046 3.285460 405.502549 0.575145 44.575846 1.207391 319.907299 0.760691 13.109883 7.849005 150.696386 -7.830970
1 -106.788476 0.109897 54.752560 5.183746 363.892192 0.656038 -25.738350 1.514600 197.870303 0.524339 13.021465 2.690079 343.418239 -7.830970
1 -59.894037 0.342582 -27.828501 5.882351 223.577798 0.457076 -48.372020 1.139374 344.583159 0.109593 32.298253 6.308609 238.805152 -7.830970
1 -158.368873 0.035247 -36.794802 1.197107 209.164164 0.157934 14.019768 8.739037 126.206605 0.624505 -26.982378 1.725064 420.125881 -7.830970
1 -186.842671 0.620361 65.890082 0.067297 276.315114 0.687824 -73.794368 3.799618 388.828286 0.662836 28.724837 2.117121 294.612320 -7.830970
1 -46.523898 0.590079 29.037233 6.271407 453.819224 0.172663 -45.077190 6.402624 468.894874 0.544160 38.890578 6.633699 242.237474 -7.830970
1 -153.815738 0.103742 -10.637085 5.461570 444.906600 0.677807 -28.909303 3.879446 358.421005 0.166475 15.553206 2.622053 165.295713 -7.830970
1 -97.730151 0.571544 83.372184 0.514883 138.651934 0.529175 -13.650667 2.434808 339.549708 0.328951 51.655605 3.071289 282.629041 -7.830970
1 -39.948364 0.456963 -44.720148 4.407072 128.545162 0.452574 -49.263601 1.228385 328.430588 0.749553 66.417040 8.774894 366.399565 -7.830970
1 -94.971219 0.115637 -82.812804 0.023050 62.992848 0.712280 14.701447 3.176859 397.790498 0.464431 -67.099335 5.314967 397.846628 -7.830970
1 -82.392811 0.588619 31.022332 6.281671 452.185210 0.178669 -46.356534 6.380288 465.967688 0.568451 40.335797 6.731385 249.155601 -8.080789
1 -106.718965 0.109800 54.652397 5.189500 363.793282 0.656166 -25.701559 1.514008 197.696591 0.522859 12.924359 2.679123 343.274102 -8.080789
1 -110.060142 0.339329 -31.905380 5.573491 213.946458 0.436763 -45.549846 1.333267 332.508258 0.130309 31.680377 6.351272 253.483595 -8.080789
1 -70.563031 0.760183 -50.438837 1.386147 184.578112 0.147746 16.191434 8.672953 127.398044 0.621998 -24.637263 1.927747 433.635414 -8.080789
1 -123.605739 0.600776 67.087479 0.108343 271.023216 0.696642 -68.820968 3.735128 353.570765 0.716013 19.810599 1.870929 296.948003 -8.080789
1 -129.749136 0.417048 -15.665748 6.586394 273.073220 0.387327 -58.126673 1.698005 353.781727 0.108626 48.148413 6.738085 232.323459 -8.080789
1 -65.569706 0.115493 -9.945725 5.684542 440.536398 0.660466 -26.858608 4.097538 362.550029 0.161620 12.952028 2.556230 176.479455 -8.080789
1 -23.143283 0.625523 -86.948547 9.151391 130.281314 0.565323 -17.530315 2.804429 354.092820 0.422959 49.140975 2.641657 291.608532 -8.080789
1 -34.043560 0.431680 -35.732340 4.065137 186.430861 0.429786 -51.620014 1.607811 342.601607 0.757301 65.257601 9.489450 343.817539 -8.080789
1 -126.772907 0.138307 -88.445980 0.008616 41.356842 0.696420 14.034752 3.134393 409.270301 0.479026 -62.776900 5.779551 400.644418 -8.080789
1 -70.625592 0.614976 15.821055 6.220586 431.010213 0.156708 -46.814424 6.551290 491.125835 0.520188 40.115541 7.300229 240.698657 -8.288496
1 -58.076328 0.136112 74.368692 5.543257 366.894201 0.670114 -40.488511 1.018303 166.126356 0.531520 25.784985 2.582331 346.311389 -8.288496
1 -116.025883 0.303039 -64.182853 4.014605 88.495199 0.387979 -36.894901 1.041173 356.210299 0.190969 10.604099 8.505470 296.070240 -8.288496
1 -157.075532 0.029628 -55.724940 0.816992 169.148475 0.152721 25.389358 8.523937 111.819667 0.657912 -22.835460 2.450042 470.776195 -8.288496
1 -14.986014 0.534168 62.551923 9.341371 250.336673 0.729908 -68.067902 3.294480 309.595716 0.768066 16.984354 1.007285 275.276022 -8.288496
1 -84.995097 0.059080 1.361726 6.123380 457.367191 0.677831 -40.513106 4.049706 345.503511 0.187944 6.039738 1.086531 125.836851 -8.288496
1 -41.916792 0.258353 -11.162094 4.628651 361.701809 0.575230 -4.388098 3.861507 441.129041 0.188145 54.205558 1.365397 131.559114 -8.288496
1 -39.873108 0.598737 -88.693801 9.092849 135.023092 0.591170 -14.599646 2.874168 347.194431 0.387906 44.481587 2.150498 286.164531 -8.288496
1 -34.044636 0.442616 -35.042460 3.563246 166.941087 0.416503 -48.819028 1.719922 346.979416 0.760432 66.281214 9.619041 352.685861 -8.288496
1 -127.166480 0.144390 -86.977652 0.215140 46.130649 0.690481 11.971891 3.199119 411.061002 0.484948 -63.678267 5.792179 399.619842 -8.288496
1 -49.688576 0.599859 13.429305 6.000032 429.828849 0.122657 -49.374884 6.024909 476.646594 0.461354 30.344391 6.732979 216.182946 -8.513366
1 -47.901528 0.119079 69.557319 5.322351 347.370367 0.718764 -38.310130 0.805612 153.534275 0.550214 23.750347 2.697237 374.899802 -8.513366
1 -50.026291 0.284076 -48.366846 5.090450 132.197744 0.397828 -36.736973 1.328166 348.509523 0.121447 7.309197 7.894742 298.341740 -8.513366
1 -88.722857 0.057660 -69.484109 0.152131 153.428362 0.137448 28.376838 8.613639 120.216279 0.633030 -20.123460 2.416921 459.449049 -8.513366
1 -35.019056 0.537981 63.238248 9.443554 251.711274 0.732804 -66.456804 3.289151 312.567317 0.764792 17.220614 0.952938 272.983923 -8.513366
1 -91.533843 0.084385 7.579058 6.276057 461.419216 0.689332 -40.304566 4.011764 351.107625 0.212251 9.778551 0.940746 121.022418 -8.513366
1 -41.422404 0.258144 -10.840257 4.701827 367.419374 0.575844 -5.060350 3.950274 443.798298 0.185779 54.428176 1.271442 125.495440 -8.513366
1 -29.073015 0.478202 -72.878079 0.072973 167.288257 0.595357 -15.141897 2.186039 299.147528 0.388351 50.362858 2.036895 235.626151 -8.513366
1 -62.266804 0.416099 -32.559885 3.502811 178.964754 0.444067 -47.977158 1.455005 327.099542 0.752651 64.980460 9.311957 355.966912 -8.513366
1 -123.306451 0.182388 -82.547796 0.154426 42.055835 0.686830 11.044972 2.918147 378.609936 0.579735 -57.972825 5.969148 425.153854 -8.513366
1 -48.765750 0.605113 13.982691 6.011108 431.147795 0.122053 -49.674918 6.067993 477.704114 0.465051 31.265239 6.697328 216.466035 -8.787702
1 -107.591260 0.092462 52.578955 4.405684 318.581926 0.714806 -48.904436 0.580244 143.673451 0.587149 15.674225 3.213177 414.986665 -8.787702
1 -53.167448 0.307050 -52.995352 5.338798 139.090876 0.374582 -41.925576 1.361942 354.202745 0.088913 19.798385 7.803882 283.178140 -8.787702
1 -94.648810 0.495409 -69.433447 0.186911 160.441351 0.565980 -20.263179 1.860334 307.824817 0.359889 58.973425 2.669873 232.839954 -8.787702
1 -84.483693 0.507321 61.203143 0.111885 235.047119 0.691839 -58.797698 2.631919 260.946270 0.776553 23.267091 0.685866 276.005690 -8.787702
1 -98.296593 0.089814 15.261710 6.365948 481.578107 0.670078 -39.403921 3.661054 343.682738 0.227163 10.711101 1.122506 119.363757 -8.787702
1 -48.257024 0.235280 0.219160 4.761122 406.617561 0.611082 -5.722187 4.177040 434.878950 0.223094 54.248146 0.517529 117.606778 -8.787702
1 -62.850308 0.546367 -86.310541 0.334503 190.420702 0.564887 -21.343496 2.323230 325.034357 0.382508 49.923670 2.184731 200.790864 -8.787702
1 -30.648860 0.435019 -35.914010 3.588654 177.279044 0.423609 -49.519705 1.575406 333.289009 0.780299 64.822460 9.536298 362.297748 -8.787702
1 -101.962582 0.218812 -81.237523 0.685955 38.897912 0.652217 14.871538 3.439434 398.310958 0.570549 -61.413764 5.530381 399.119308 -8.787702
1 -48.572352 0.605206 14.818424 6.046902 432.186004 0.119106 -49.887088 6.078906 478.141891 0.462676 30.740989 6.711890 216.926496 -9.140573
1 -161.318530 0.594566 13.390516 5.692022 423.961172 0.141338 -44.170894 6.310634 484.437702 0.504989 22.554196 6.439347 224.197807 -9.140573
1 -56.021392 0.346786 -60.166814 4.775330 112.454525 0.374742 -43.403257 1.115224 342.194969 0.119079 21.614305 7.907305 295.319411 -9.140573
1 -56.914760 0.485192 -35.410574 0.969202 223.624596 0.534838 -31.607270 2.125193 274.740248 0.279574 60.233643 0.564021 180.525914 -9.140573
1 -123.059695 0.364366 72.838630 1.817761 316.512294 0.698215 -68.051032 2.480991 265.424321 0.794559 32.828927 1.173034 259.606174 -9.140573
1 -161.092858 0.125849 13.900159 4.927976 466.033670 0.598786 -41.741479 4.753579 351.250900 0.226328 10.465062 1.025450 87.508683 -9.140573
1 -56.158500 0.229336 2.205634 4.678477 405.140107 0.610224 -4.302648 4.076809 439.610942 0.221402 54.790092 0.462689 113.973302 -9.140573
1 -92.504685 0.550086 -89.790457 0.105012 184.525320 0.586976 -18.331124 2.207899 323.753960 0.378607 53.815727 1.945074 200.853723 -9.140573
1 -31.177770 0.435345 -37.712603 3.565965 173.309622 0.424869 -49.517384 1.524216 332.409478 0.776539 64.704442 9.581787 363.133980 -9.140573
1 -90.671695 0.229353 -73.924803 0.581631 13.309441 0.638502 16.105957 3.181279 382.591206 0.599540 -63.027925 5.501450 409.493350 -9.140573
1 -47.005980 0.608070 16.147903 6.013495 430.594551 0.119838 -50.536867 6.033971 477.017672 0.468877 30.754099 6.732573 217.573487 -9.369685
1 -70.921834 0.594700 12.164415 5.757890 427.454541 0.144903 -41.738774 6.329582 483.670609 0.507152 23.002080 6.497614 226.216255 -9.369685
1 -53.051867 0.349465 -63.007425 4.604034 99.129411 0.372587 -40.240286 1.169367 341.965433 0.152024 20.736209 8.104690 306.970000 -9.369685
1 -104.031752 0.052606 21.351387 7.062443 435.234587 0.475018 -57.105218 4.219558 409.022621 0.677987 14.818770 9.358459 229.519460 -9.369685
1 -106.063874 0.380905 61.324031 1.414012 308.917682 0.663176 -52.936333 2.741873 283.554366 0.722622 35.227831 1.115898 250.988093 -9.369685
1 -64.577278 0.164879 15.937316 5.096974 471.555354 0.549338 -46.933844 4.969105 354.229814 0.254736 6.681307 1.676451 97.210045 -9.369685
1 -55.576949 0.241831 -8.721927 4.064085 375.361557 0.605338 4.731131 4.181790 451.342908 0.244479 63.564261 0.463670 131.090678 -9.369685
1 -63.053827 0.511117 -83.505114 0.440609 211.708057 0.592425 -11.559158 2.629980 343.270285 0.365861 58.676187 2.418317 179.650068 -9.369685
1 -31.219297 0.423749 -36.667905 3.574940 175.162395 0.439143 -50.689963 1.479431 333.210019 0.791835 65.392412 9.529199 358.427275 -9.369685
1 -47.956310 0.410025 -26.544279 3.164889 192.381658 0.408868 -45.529218 1.603628 333.868607 0.727394 62.827468 8.844184 328.560711 -9.369685
1 -46.702937 0.602920 15.392335 5.952431 430.856746 0.120646 -50.974437 6.006726 475.718033 0.464921 29.838661 6.675916 212.504037 -9.651237
1 -62.250817 0.598984 10.361414 5.742402 426.992127 0.148168 -41.312806 6.331036 485.472929 0.514230 24.539002 6.532681 226.639118 -9.651237
1 -181.163978 0.329871 -71.641778 3.966295 81.984396 0.428685 -37.340524 0.732107 336.153058 0.136538 25.107203 7.674032 299.182580 -9.651237
1 -69.219019 0.625530 11.427737 5.824411 430.565296 0.141282 -54.113487 5.957847 466.940867 0.463632 32.220727 5.609188 217.607158 -9.651237
1 -56.913807 0.381989 75.165135 1.991379 337.313275 0.716749 -54.045535 3.166932 309.739887 0.687553 22.739114 1.887315 184.305792 -9.651237
1 -67.262193 0.178624 16.205834 5.036424 466.742774 0.547118 -48.582836 4.882274 353.699617 0.243985 7.822220 1.729534 100.788887 -9.651237
1 -66.901128 0.492804 -19.776574 3.820147 339.223692 0.759344 -30.205279 3.974284 473.814641 0.350550 67.633143 0.493394 153.145646 -9.651237
1 -64.458163 0.502266 -86.569413 0.341681 205.952897 0.623595 -12.135087 2.440773 335.924252 0.349050 55.689521 2.335941 187.611985 -9.651237
1 -73.916392 0.441177 -33.418231 3.801541 198.958125 0.409243 -48.224692 1.986444 348.895620 0.772363 62.392928 9.183809 344.220708 -9.651237
1 -49.710870 0.404790 -27.608118 3.102193 193.663216 0.422109 -44.831876 1.649047 340.665672 0.735987 63.945076 8.523742 322.544311 -9.651237
1 -71.431779 0.606377 13.768146 5.953445 441.133176 0.098038 -46.048033 6.064427 475.977240 0.458432 24.048116 6.677976 215.072887 -9.852289
1 -37.224548 0.426299 -19.236026 3.217184 198.451520 0.389616 -54.448638 1.486177 338.827044 0.709890 71.313673 8.543181 311.777620 -9.852289
1 -54.125799 0.355047 -66.170788 4.468245 102.546503 0.286070 -44.171670 1.176849 334.177229 0.154903 18.205609 8.820369 315.241972 -9.852289
1 -67.527756 0.625741 11.388108 5.590256 413.393879 0.156553 -55.780150 5.751207 461.852639 0.483725 35.280104 5.771116 227.803010 -9.852289
1 -46.365112 0.441971 47.669384 2.180253 295.952240 0.761543 -39.376050 2.480506 290.336026 0.716351 28.632141 1.514762 179.308720 -9.852289
1 -72.697588 0.182621 18.641557 5.263410 464.808680 0.533839 -48.427772 4.798304 357.169536 0.240466 6.419562 2.118204 122.056164 -9.852289
1 -67.450907 0.534156 -14.378999 3.590044 347.407512 0.737748 -30.600445 4.195181 488.689955 0.423569 71.225178 0.563382 137.383876 -9.852289
1 -25.104074 0.493554 89.918107 0.405206 202.668164 0.606466 -15.039283 2.572833 338.905636 0.316047 56.493735 2.522611 191.179671 -9.852289
1 -99.942605 0.447841 -42.069415 3.728510 202.454923 0.420726 -49.107811 1.648029 336.589873 0.013275 65.415408 9.293081 371.861449 -9.852289
1 -48.317936 0.400538 -25.761040 2.991921 189.170765 0.459962 -43.167594 1.539456 340.592291 0.733016 67.141484 8.608118 319.521152 -9.852289
1 -70.077416 0.623377 9.311116 5.824636 433.537602 0.117873 -48.736674 5.857141 465.894392 0.458036 26.221500 6.869244 234.302148 -10.108429
1 -67.468012 0.430495 -15.222404 3.093814 196.144531 0.387791 -53.879905 1.460901 337.917252 0.700808 75.881668 8.569965 317.135398 -10.108429
1 -52.592218 0.356267 -72.106050 4.921617 129.310828 0.267323 -44.032688 1.375879 343.288923 0.162124 16.263360 9.204420 310.140170 -10.108429
1 -67.829794 0.630207 15.025719 5.480209 413.694192 0.169144 -56.125831 5.776772 460.371896 0.509439 36.415193 5.677399 228.624811 -10.108429
1 -51.769484 0.433115 56.015959 1.939718 301.832428 0.792904 -44.898641 2.484878 284.997105 0.686671 30.966233 1.574555 177.110232 -10.108429
1 -70.866492 0.185330 24.673942 4.855983 425.788441 0.625923 -42.099035 4.252391 342.627066 0.156776 24.604723 1.779691 142.673818 -10.108429
1 -62.113145 0.478021 -3.705927 3.600981 331.569531 0.778659 -15.760897 3.689797 481.626719 0.371969 53.884947 0.554529 151.370576 -10.108429
1 -83.895711 0.477103 -81.028522 0.056864 88.235013 0.731324 -27.908672 1.751292 357.765069 0.251181 85.878614 2.543653 238.971300 -10.108429
1 -65.656976 0.450428 -39.165447 3.887099 211.951018 0.412986 -49.313276 1.738855 340.781236 0.018683 64.242769 9.328889 370.867940 -10.108429
1 -52.570668 0.405175 -25.078431 3.175447 192.755107 0.415657 -45.093614 1.539561 337.930529 0.705286 67.861050 9.385712 339.113307 -10.108429
1 -55.360682 0.627343 8.976685 5.630177 430.861045 0.133311 -48.258020 5.949006 469.241983 0.480347 26.980600 6.425026 224.673315 -10.354190
1 -37.619717 0.431775 -15.133197 3.118637 197.641873 0.384210 -53.874661 1.495693 340.923170 0.711642 76.192166 8.573789 316.486189 -10.354190
1 -52.703035 0.376779 -76.460996 5.040679 117.796482 0.249373 -43.695282 1.348037 338.831316 0.133243 18.344746 9.126856 318.538064 -10.354190
1 -39.907091 0.628393 15.913273 5.487525 412.287511 0.172094 -55.792802 5.788658 461.591845 0.512241 36.665328 5.631049 228.125957 -10.354190
1 -57.711361 0.437531 57.385730 1.902620 304.814995 0.796057 -45.216187 2.518879 283.823260 0.684309 32.399870 1.656196 182.555367 -10.354190
1 -61.755028 0.168568 28.154348 4.710953 431.233351 0.637465 -45.943477 4.123661 343.119156 0.154663 15.516086 1.633484 133.114829 -10.354190
1 -135.276904 0.473213 -5.083023 3.599791 329.034796 0.777677 -17.959384 3.569375 484.793202 0.370122 56.191030 0.660777 142.106223 -10.354190
1 -65.864316 0.478795 89.712911 0.194543 93.861093 0.771135 -26.496378 1.351432 363.275871 0.241582 81.543644 2.652835 250.549349 -10.354190
1 -49.682229 0.495394 -40.577317 3.753668 218.899999 0.399842 -41.925028 1.730596 333.996046 0.095076 60.607252 8.967063 359.745337 -10.354190
1 -43.628439 0.450942 -24.535597 3.248969 198.315648 0.370653 -46.484959 1.965679 354.105981 0.714261 69.389007 9.571322 336.357180 -10.354190
1 -48.186115 0.565164 4.003100 6.010716 331.431057 0.233899 -59.555968 5.498483 406.918355 0.492716 28.524920 0.373687 146.093086 -10.565996
1 -77.203765 0.448380 80.439571 5.640832 156.337357 0.262357 -35.166800 1.816627 336.556010 0.375954 0.306474 9.444405 367.283773 -10.565996
1 -53.904015 0.372102 -76.146280 4.868769 118.261532 0.265749 -45.802504 1.310164 335.412142 0.128556 15.561589 9.072354 331.766306 -10.565996
1 -43.447493 0.633276 12.206405 5.526895 417.394575 0.167600 -56.222907 5.892846 463.741874 0.493322 34.713812 5.559434 225.852009 -10.565996
1 -51.800455 0.429983 57.158204 1.976998 298.109686 0.787101 -44.941528 2.370229 286.108441 0.687458 33.915847 1.798963 185.674197 -10.565996
1 -64.739422 0.212272 21.683557 4.434633 425.755217 0.604398 -47.539493 4.346674 346.827908 0.145232 15.863765 1.651529 131.012683 -10.565996
1 -49.996685 0.443981 -20.351487 3.060845 181.785326 0.409097 -44.814004 1.776488 355.091481 0.705939 76.365321 9.395312 339.396597 -10.565996
1 -66.694394 0.474152 87.940314 0.276923 86.357663 0.751934 -28.395632 1.316957 360.952833 0.233028 77.627187 2.770873 251.998566 -10.565996
1 -54.159975 0.503762 -38.685485 3.938772 210.964849 0.400907 -49.044988 1.343427 329.105817 0.094778 58.617120 8.975465 333.995808 -10.565996
1 -61.376420 0.438687 -24.203270 3.051265 178.312505 0.395198 -45.033081 1.687192 347.219320 0.681026 69.602828 9.489905 338.955133 -10.565996
1 -19.108281 0.555123 1.188341 5.732030 351.514678 0.225393 -51.826510 5.863357 360.289078 0.467057 28.834155 0.025441 147.144335 -10.872649
1 -47.404340 0.447869 -20.619868 3.057531 178.910489 0.400267 -45.034464 1.774806 355.296286 0.725128 77.920158 9.549065 344.792800 -10.872649
1 -46.944755 0.418391 -78.515662 5.372772 106.266162 0.358363 -32.694555 1.331262 342.485505 0.084998 16.166121 8.517379 320.924213 -10.872649
1 -66.328927 0.636041 13.551782 5.496828 419.502410 0.181529 -55.910540 5.889324 460.031296 0.477235 31.164174 5.227991 221.111841 -10.872649
1 -21.500953 0.489698 47.806220 2.590616 269.689121 0.735011 -36.023758 2.559464 288.190676 0.768849 29.805583 2.035518 231.467447 -10.872649
1 -70.642639 0.212807 20.729128 4.520054 431.866613 0.594918 -48.198505 4.424473 346.905472 0.140937 12.371859 1.615713 127.365067 -10.872649
1 -68.044822 0.433330 -13.345474 3.356769 213.300924 0.423975 -47.088022 2.365619 367.370681 0.642659 67.654994 8.341591 315.762261 -10.872649
1 -100.439188 0.470707 81.136034 0.036105 64.245790 0.787510 -11.871626 1.074982 388.100442 0.219241 74.361272 2.601905 235.413575 -10.872649
1 -59.620483 0.457427 -54.923083 2.493618 216.828969 0.317473 -43.042000 1.232373 320.399219 0.021412 67.008891 9.322165 322.562696 -10.872649
1 -45.000511 0.443377 -37.610521 3.355225 172.017800 0.345451 -43.904999 1.776726 341.852234 0.666930 67.389132 9.500295 343.194777 -10.872649
1 -17.527508 0.551485 5.022027 5.812071 345.779637 0.233806 -48.667761 5.782255 359.431981 0.506132 29.032773 0.063247 150.657264 -11.289234
1 -51.318598 0.449162 -19.876101 2.997559 179.200162 0.405042 -43.847764 1.744679 353.766439 0.729064 75.871086 9.580027 341.945195 -11.289234
1 -45.884168 0.439613 -73.863563 5.137256 95.395291 0.347328 -23.262150 1.607945 356.908417 0.066460 11.213219 9.030008 328.862630 -11.289234
1 -31.678790 0.563544 14.764356 6.168714 367.042971 0.202120 -53.599645 5.582210 343.984759 0.388406 29.901082 0.143993 142.943822 -11.289234
1 -22.612607 0.491721 48.091650 2.607227 274.231014 0.733475 -36.684116 2.629441 290.121425 0.774471 29.532349 2.043726 230.297089 -11.289234
1 -75.652747 0.209650 16.846145 4.674863 440.226745 0.574045 -48.993406 4.449046 345.264580 0.146959 11.913057 1.857113 133.035837 -11.289234
1 -77.525844 0.427412 -8.631548 3.323465 219.620928 0.440917 -47.612474 2.429828 372.519871 0.652179 70.053313 8.312055 313.446554 -11.289234
1 -65.243048 0.472711 77.520569 0.058508 59.465454 0.779638 -11.205770 1.050852 389.937783 0.199273 73.580068 2.743417 237.631421 -11.289234
1 -65.913743 0.474605 -30.097212 2.178626 243.646723 0.320306 -45.276966 1.960151 340.274910 0.069251 77.775621 7.662572 291.450078 -11.289234
1 -57.499600 0.442494 -33.893125 3.311941 179.816415 0.344557 -45.210396 1.808198 341.455439 0.690100 68.879379 9.352524 339.508675 -11.289234
1 -34.616824 0.559700 4.246320 6.083297 347.689740 0.247760 -46.256137 5.479627 355.881455 0.504831 35.800702 0.302747 149.404075 -11.871869
1 -44.065104 0.461336 -19.202989 3.189123 183.545089 0.398139 -43.316264 1.919951 354.807497 0.724943 74.561188 9.428454 336.941775 -11.871869
1 -57.374630 0.437579 -74.845099 5.125345 93.949257 0.345097 -23.253557 1.580055 355.990936 0.061208 10.753388 9.024284 329.196427 -11.871869
1 -29.039166 0.552131 17.479867 6.198278 361.280033 0.204863 -53.119228 5.354681 334.628379 0.403717 29.569107 0.032960 138.957210 -11.871869
1 -31.337226 0.474919 47.256492 2.637882 277.159669 0.740157 -36.699029 2.618731 288.602429 0.776174 27.255861 1.982286 228.116550 -11.871869
1 -58.557548 0.173066 2.632319 4.704171 441.073663 0.523732 -46.140504 4.597368 353.608394 0.108571 5.577469 1.811001 126.425564 -11.871869
1 -30.262093 0.536737 14.479304 6.084532 322.372938 0.281937 -43.960469 5.925536 350.612493 0.558735 34.634627 0.265763 164.122403 -11.871869
1 -64.814143 0.473388 77.942506 0.058102 59.911663 0.780964 -11.192836 1.054504 389.501559 0.199453 73.370183 2.702576 237.069298 -11.871869
1 -73.106219 0.462360 -31.736440 1.898308 239.148957 0.355941 -48.158372 1.971590 345.632272 0.076020 73.257740 7.690192 296.061263 -11.871869
1 -38.847621 0.438586 -36.307987 3.331166 176.062258 0.342157 -45.219453 1.733317 342.520961 0.695890 68.753487 9.631723 343.972307 -11.871869
1 -21.017755 0.608744 17.482345 5.366735 323.070895 0.315451 -39.343785 5.822185 337.186275 0.594259 47.701246 0.356116 160.874667 -12.357315
1 -47.668083 0.459701 -18.930797 3.377005 184.871229 0.401069 -44.498368 1.898586 357.075005 0.733543 73.617300 9.420214 333.067485 -12.357315
1 -46.029507 0.442942 -75.481223 5.174055 110.672258 0.343686 -23.021518 1.499863 347.618719 0.071284 12.444784 9.012318 335.243632 -12.357315
1 -29.685921 0.545827 17.324731 6.118000 358.599148 0.203645 -52.046984 5.225597 328.930127 0.386320 28.253380 0.052090 140.468502 -12.357315
1 -9.845833 0.496369 56.137845 2.857728 271.747331 0.749905 -40.196714 2.623395 279.593338 0.789114 29.527079 1.857411 229.060467 -12.357315
1 -51.053673 0.207247 -0.301879 4.671757 435.007567 0.554310 -43.748796 4.456953 352.872299 0.091232 2.725996 1.670483 133.114111 -12.357315
1 -28.230387 0.545202 8.623901 6.509204 325.985883 0.217352 -44.909435 6.157085 356.201913 0.533216 34.465951 0.224979 157.982368 -12.357315
1 -30.473984 0.521575 16.182709 6.132002 327.307671 0.219156 -40.561030 5.801322 337.720690 0.464913 31.632106 0.131345 157.490011 -12.357315
1 -63.537695 0.456141 -34.891505 2.160209 237.641387 0.335023 -46.958298 2.103229 349.511786 0.060529 71.966588 7.535074 290.601576 -12.357315
1 -49.807251 0.449593 -32.455757 3.220155 161.987304 0.354030 -41.682142 1.365559 328.772574 0.715672 70.427930 9.593697 346.520622 -12.357315
1 -20.797172 0.609212 25.166760 4.973509 282.583349 0.271286 -38.063043 5.971441 373.371306 0.625672 43.332591 0.198041 144.515939 -12.736350
1 -48.411448 0.425119 48.642962 7.074608 46.047337 0.253447 -3.828053 1.249085 334.822115 0.179167 -48.108090 8.371449 333.387586 -12.736350
1 -43.817563 0.458298 -74.440551 4.861854 111.316913 0.374239 -20.985817 1.491003 345.855341 0.082764 16.394048 9.033544 334.093068 -12.736350
1 -21.767370 0.591824 -1.643005 7.417027 270.337150 0.128634 -31.566768 7.199521 366.822326 0.718702 45.695839 0.189456 172.320852 -12.736350
1 -13.789927 0.656277 67.808518 2.780511 325.120650 0.734779 -39.845611 2.285485 265.239040 0.752971 17.487155 1.962676 221.932767 -12.736350
1 -60.044450 0.211845 4.695049 4.552805 437.816718 0.582270 -45.781639 4.292067 344.404643 0.093908 1.912917 1.917848 135.690419 -12.736350
1 -19.385353 0.572318 11.879597 6.134599 371.601681 0.152669 -57.161212 6.138895 330.813966 0.526793 47.306379 0.220918 138.926832 -12.736350
1 -27.019368 0.523776 21.376211 5.732629 327.843926 0.252317 -41.189235 5.639302 333.942946 0.557218 37.688576 0.354651 165.755706 -12.736350
1 -19.163651 0.632101 21.105262 5.171546 359.246401 0.311051 -51.683599 5.255020 331.484599 0.514336 45.726307 0.192456 135.100476 -12.736350
1 -67.847773 0.460991 -31.009748 3.207934 169.427186 0.363829 -43.474357 1.426124 329.673895 0.755091 70.803881 9.441338 344.944768 -12.736350
1 -21.286392 0.595305 23.751325 5.375016 267.193376 0.277032 -33.791856 6.230506 377.119930 0.661212 44.426125 0.144843 150.062177 -13.100027
1 -18.812245 0.621919 21.883290 5.159605 359.467851 0.305516 -52.065146 5.227343 333.026592 0.507838 44.600773 0.300249 138.748781 -13.100027
1 -46.232234 0.417066 -78.126640 4.752270 134.272001 0.392820 -20.906115 1.386711 342.910051 0.020789 13.184555 9.435730 333.442956 -13.100027
1 -22.423522 0.562136 0.704747 7.376153 228.448541 0.115308 -22.465688 7.547260 383.563885 0.798192 44.770341 0.109155 175.552712 -13.100027
1 -15.857969 0.663597 69.392951 2.776093 323.475817 0.734782 -39.769984 2.344820 268.483595 0.760831 17.293684 1.805397 219.314346 -13.100027
1 -68.564722 0.247330 4.841705 4.484210 441.817105 0.534595 -40.091039 4.144176 354.105499 0.098761 7.912161 2.260473 120.189555 -13.100027
1 -19.765228 0.573758 14.592050 6.143887 389.777754 0.154624 -60.886178 5.853662 338.263284 0.506554 46.453302 0.129943 131.434012 -13.100027
1 -27.915382 0.655886 10.077304 5.817257 208.537299 0.230391 -42.995474 5.274760 368.635530 0.559720 37.488970 0.383864 175.543349 -13.100027
1 -17.774621 0.629792 17.727040 5.186777 335.569175 0.275100 -47.079387 5.578124 346.261990 0.535628 46.440755 0.169543 136.781280 -13.100027
1 -36.202165 0.435188 -28.913246 3.424885 160.110655 0.350194 -46.412173 1.493074 332.250913 0.753337 66.812767 9.370858 346.893566 -13.100027
1 -19.147623 0.563164 20.498580 5.663832 312.041689 0.243774 -45.651321 6.364166 369.204361 0.636704 45.684333 0.059301 141.861379 -13.419035
1 -17.546323 0.642369 22.191075 4.391711 351.982824 0.349274 -59.867451 4.654788 333.207866 0.531130 38.694731 0.268547 130.363652 -13.419035
1 -45.047905 0.400206 -81.436100 5.061041 121.421700 0.360482 -20.097947 1.440683 348.335084 0.021362 15.642411 9.445495 316.590138 -13.419035
1 -21.578054 0.550269 -1.391747 7.588450 207.520822 0.081964 -22.913175 7.363411 367.272033 0.784479 43.736565 0.055365 174.163602 -13.419035
1 -12.824832 0.650749 68.923691 2.872001 321.920346 0.718569 -39.842545 2.455391 271.069471 0.773630 17.894479 1.832009 222.261713 -13.419035
1 -74.958313 0.242410 1.877250 4.423812 444.859468 0.539174 -38.891870 3.958829 348.217351 0.096942 7.703121 2.425078 128.910086 -13.419035
1 -23.106428 0.579247 24.329844 6.059949 374.707660 0.182926 -58.935523 5.253210 331.091985 0.506257 37.705253 0.223554 135.278159 -13.419035
1 -18.829099 0.718154 24.635143 5.507241 160.307218 0.364646 -21.969384 5.234245 390.910979 0.638108 42.975015 0.335434 177.805071 -13.419035
1 -20.815579 0.630969 19.560045 5.146198 335.109310 0.264133 -47.257635 5.720107 352.526118 0.553684 46.361460 0.124072 137.447348 -13.419035
1 -10.584104 0.663887 63.083668 2.743410 327.249429 0.727093 -38.092766 2.346054 270.717921 0.753824 16.467452 1.845757 212.402553 -13.419035
1 -18.844770 0.563404 20.114685 5.710599 311.913532 0.235956 -45.804817 6.423539 370.675180 0.634311 46.148990 0.009098 140.407769 -13.648018
1 -14.552714 0.622143 20.165921 4.306114 357.786158 0.389510 -58.221890 4.115222 323.791989 0.523833 38.957669 0.338735 122.071226 -13.648018
1 -44.705842 0.398273 -80.159923 5.155290 127.787564 0.365997 -19.844357 1.437958 347.675578 0.014200 12.760339 9.535987 316.736451 -13.648018
1 -23.326664 0.594895 2.176408 7.144480 213.290285 0.115332 -19.964191 6.913840 365.642808 0.758092 43.127942 0.118315 179.167807 -13.648018
1 -23.839559 0.673757 69.383846 2.796246 351.141865 0.716018 -36.381736 1.925214 247.789484 0.743172 19.642054 1.965421 230.155159 -13.648018
1 -23.038766 0.603834 0.193765 7.221686 214.199447 0.088988 -19.353805 7.057602 365.222880 0.763110 42.842757 0.093816 178.654062 -13.648018
1 -18.912319 0.501205 19.850601 6.398680 372.576048 0.112656 -46.922080 5.761950 345.618592 0.522651 46.459181 0.046796 127.979119 -13.648018
1 -15.797585 0.725604 28.048485 4.470178 196.300081 0.447064 -29.467711 4.339789 371.017643 0.535853 40.988043 0.200568 163.457321 -13.648018
1 -16.824521 0.628386 19.069361 5.020837 336.462044 0.271270 -51.982652 5.638210 350.005275 0.553628 47.903714 0.099695 135.891313 -13.648018
1 -14.050628 0.641878 64.119270 2.831950 309.785042 0.746097 -45.886464 2.719695 265.536874 0.779647 12.676459 1.889435 231.109196 -13.648018
1 -19.429640 0.574637 20.470781 5.670493 293.015894 0.256365 -43.353521 6.410541 373.756112 0.647834 45.056842 0.052018 146.230962 -13.882053
1 -14.521970 0.621184 21.400931 4.347103 357.972989 0.379083 -57.611949 4.231631 326.904948 0.523672 40.235454 0.283995 122.351995 -13.882053
1 -44.163697 0.415889 -81.476663 5.099361 137.116028 0.358105 -18.984887 1.404713 342.802992 0.022777 16.075649 9.493409 316.682777 -13.882053
1 -21.573081 0.568595 4.772303 7.141943 222.697001 0.142198 -33.770707 6.974551 380.407181 0.667074 42.597845 0.126327 166.015282 -13.882053
1 -28.079762 0.672507 71.678663 2.805079 361.935418 0.717833 -38.605588 1.718569 227.409635 0.784435 19.049439 1.708949 236.271182 -13.882053
1 -20.121314 0.627344 10.906342 6.259418 206.146646 0.220651 -22.449224 6.507977 377.653514 0.696051 37.848015 0.243356 177.310525 -13.882053
1 -20.178940 0.540614 23.719570 6.270745 342.057430 0.128901 -44.194727 5.460115 358.433590 0.507474 48.995035 0.098817 128.155795 -13.882053
1 -17.848662 0.719958 24.944291 4.996045 166.967943 0.422201 -22.090329 4.746692 371.947088 0.535395 42.685165 0.264824 175.471433 -13.882053
1 -17.112082 0.619990 19.915808 5.103243 338.691629 0.274238 -49.181139 5.452339 346.189704 0.561110 48.842067 0.132967 135.594681 -13.882053
1 -15.428845 0.608651 70.876815 3.227988 308.687866 0.761288 -43.357221 2.567345 267.991042 0.797987 14.005872 1.726919 230.689569 -13.882053
1 -25.499137 0.611281 24.222874 5.261381 285.472514 0.340604 -42.993079 5.821364 354.743352 0.641832 34.925315 0.161134 157.783487 -14.141997
1 -13.402947 0.625615 19.981044 4.303513 354.657083 0.386760 -57.521753 4.124958 327.223931 0.514598 40.342741 0.334068 121.905878 -14.141997
1 -41.444744 0.413867 -82.828247 5.330579 133.463959 0.353797 -17.999898 1.573297 347.205670 0.036784 15.000525 9.358849 321.759837 -14.141997
1 -21.173749 0.547988 15.301303 6.603544 264.662951 0.184955 -38.040491 6.946793 362.216362 0.719200 39.250304 0.214414 171.479045 -14.141997
1 -34.345557 0.680358 77.692327 2.917412 376.071432 0.729412 -40.620431 1.753135 227.353928 0.794036 22.319821 1.550082 233.496322 -14.141997
1 -24.319213 0.671671 9.964373 6.447785 174.365622 0.184793 -18.587051 6.768668 382.497659 0.698942 41.543962 0.155496 175.861438 -14.141997
1 -20.101776 0.555702 21.938849 6.368121 323.263174 0.116081 -37.200047 5.491971 358.511723 0.524394 51.211332 0.064400 135.847437 -14.141997
1 -18.048880 0.709091 23.429016 5.200179 158.924940 0.384740 -20.729845 4.810655 373.015279 0.537105 41.394164 0.312195 178.006536 -14.141997
1 -17.064122 0.630205 15.947216 5.187703 343.664684 0.260110 -48.739798 5.216707 343.627584 0.535283 49.059386 0.202642 131.042563 -14.141997
1 -14.435003 0.602312 73.604669 3.287130 321.208099 0.764685 -40.017626 2.484161 270.488139 0.791442 11.163409 1.864749 219.453746 -14.141997
1 -23.225716 0.556234 30.663625 5.798322 231.573733 0.185694 -34.976319 6.975065 395.350252 0.742253 38.509433 0.045321 160.263124 -14.411183
1 -15.150675 0.616440 22.435943 4.308464 352.046491 0.379957 -55.151147 4.031742 322.132076 0.521977 35.302286 0.491879 128.721499 -14.411183
1 -44.133647 0.353234 -78.850568 5.080988 246.374173 0.298432 -31.038269 1.492589 321.369625 0.049901 19.343871 9.142983 303.391633 -14.411183
1 -24.291660 0.611621 -9.652623 6.176004 216.101432 0.196204 -35.662994 7.769830 375.774619 0.673151 39.108085 0.190667 186.419974 -14.411183
1 -26.159667 0.674323 86.474846 3.937252 351.880753 0.660628 -37.881630 1.613048 236.011996 0.782381 16.705120 1.155203 212.418445 -14.411183
1 -23.793483 0.676976 6.385203 6.131805 180.458937 0.219825 -25.632462 6.955776 380.145120 0.716297 40.317139 0.038062 173.202405 -14.411183
1 -22.077984 0.567971 40.303876 6.321086 334.325252 0.093710 -25.023386 4.567903 357.129731 0.507698 46.454049 0.051184 116.121824 -14.411183
1 -17.238595 0.717199 23.666196 5.022129 172.185204 0.398399 -23.119072 4.618838 371.522596 0.505960 42.359750 0.297803 173.723303 -14.411183
1 -16.949309 0.646155 18.495922 5.128838 331.761754 0.274787 -45.572964 5.069828 343.860492 0.522052 49.596680 0.181409 132.223807 -14.411183
1 -20.297868 0.585155 71.234483 3.333144 323.135551 0.767236 -35.625688 2.620672 277.703567 0.796285 7.362465 2.411067 220.620617 -14.411183
1 -24.858173 0.562949 29.816502 5.801528 215.428684 0.196615 -30.688049 6.980896 399.028086 0.743208 39.236777 0.021781 167.725550 -14.686077
1 -16.238900 0.611862 23.834389 4.284144 350.033658 0.374618 -55.416212 4.153489 320.271156 0.538366 35.140455 0.408413 128.287851 -14.686077
1 -44.007176 0.332454 73.296677 6.638682 210.199001 0.204084 -9.172402 1.875999 326.324074 0.031223 27.238087 9.581426 317.732104 -14.686077
1 -21.811977 0.602751 -19.370418 5.950460 246.887335 0.187786 -41.689907 8.394337 355.002416 0.730851 41.051621 0.200090 186.614648 -14.686077
1 -5.995093 0.688569 67.212722 3.158118 313.834382 0.679861 -55.289395 1.508206 212.695656 0.754276 7.426659 1.307513 215.370965 -14.686077
1 -23.843894 0.692986 8.880131 6.123138 165.402519 0.232035 -27.841540 6.741013 382.267693 0.692219 41.091178 0.182700 177.074707 -14.686077
1 -24.429986 0.524256 39.701130 6.278049 342.678549 0.115013 -26.803683 4.241880 363.676349 0.492646 44.868095 0.116317 104.754091 -14.686077
1 -16.894906 0.715511 24.694519 4.994574 186.842237 0.399249 -24.098037 4.430296 365.010773 0.493248 42.170978 0.267347 170.176124 -14.686077
1 -21.436663 0.623805 26.478606 4.891655 353.668077 0.314729 -53.615558 4.903581 314.635942 0.607850 40.825656 0.334689 145.648719 -14.686077
1 -12.193034 0.595700 70.229676 3.227107 339.631178 0.798945 -37.484095 2.348367 264.310582 0.780953 6.159726 2.609321 226.492578 -14.686077
1 -20.722882 0.586201 39.375137 5.672584 217.783483 0.232938 -37.944933 6.954532 383.165622 0.760718 41.765079 0.015819 159.982152 -14.965238
1 -18.835554 0.627658 23.831202 4.259212 353.239627 0.366541 -58.974896 4.146827 316.378711 0.544007 35.665351 0.251042 127.176413 -14.965238
1 -42.285254 0.338188 70.732897 6.340592 234.653243 0.229350 -14.705941 1.474326 314.342560 0.009457 26.555738 9.652223 312.869693 -14.965238
1 -23.222116 0.563490 -17.003154 6.259930 258.459681 0.147911 -33.976094 7.479529 344.141674 0.678512 39.822260 0.319631 185.746397 -14.965238
1 -24.383493 0.674981 66.559973 3.145975 323.918863 0.663422 -57.490237 1.718292 206.027680 0.719874 3.495121 1.339400 219.018982 -14.965238
1 -17.841604 0.734510 22.848747 5.823486 162.190203 0.311532 -25.685490 5.546212 380.432023 0.660935 35.813442 0.252733 176.853155 -14.965238
1 -20.784209 0.525373 42.286560 5.981811 329.400027 0.180730 -35.141318 4.743902 346.511555 0.513424 41.230724 0.119689 125.327173 -14.965238
1 -26.959623 0.681697 29.598770 5.792147 161.246303 0.308381 -14.919658 6.479000 383.356121 0.616363 43.732989 0.076476 175.366668 -14.965238
1 -20.697008 0.690544 19.083005 4.529020 244.276927 0.346106 -49.199472 5.813853 336.223718 0.670333 40.773779 0.298279 174.028115 -14.965238
1 -11.424328 0.592537 70.121900 3.234463 343.901953 0.796281 -37.599916 2.400664 260.074217 0.785189 5.726858 2.643603 227.454724 -14.965238
1 -21.237894 0.616326 55.520376 6.339867 189.827959 0.217560 -38.824040 6.967033 394.969298 0.736527 39.018694 0.036699 163.497601 -15.266461
1 -20.477970 0.619339 28.172230 4.551864 351.717153 0.359301 -53.012146 4.169280 322.010086 0.540767 37.398887 0.324690 124.631951 -15.266461
1 -41.384860 0.316187 78.319596 6.492704 233.843385 0.212439 -14.294176 1.638288 321.399952 0.020947 25.972050 9.646931 309.467554 -15.266461
1 -21.400014 0.561493 -23.724575 5.902151 276.044651 0.132958 -38.897257 7.437653 336.473808 0.689248 41.265240 0.244302 183.770982 -15.266461
1 -19.971968 0.675732 64.045754 3.225598 322.311878 0.650304 -57.084331 1.840436 205.602420 0.729028 4.474804 1.282137 221.858349 -15.266461
1 -17.970552 0.732348 21.560694 5.961447 167.279092 0.329937 -26.577696 5.686444 380.004351 0.656662 35.387462 0.193812 176.954571 -15.266461
1 -21.514545 0.535927 29.073450 6.433879 335.040382 0.083225 -35.106636 5.603459 329.069307 0.531935 40.875151 0.092233 140.066284 -15.266461
1 -26.010166 0.636002 44.347897 6.784828 153.924798 0.260970 -4.072639 6.224287 405.499332 0.604229 42.129441 0.089331 157.108971 -15.266461
1 -21.442078 0.711531 -15.042814 4.592116 227.399538 0.320245 -43.048897 6.532698 329.903414 0.745450 44.673825 0.345098 198.741428 -15.266461
1 -8.643893 0.609554 70.181590 3.214860 324.935045 0.790982 -36.824675 1.948809 253.743003 0.799084 7.358847 2.795196 223.963519 -15.266461
1 -21.866619 0.637282 39.695788 5.904758 159.431100 0.248962 -44.008733 7.902544 397.012216 0.779391 41.140428 0.166346 181.630048 -15.609541
1 -18.557140 0.663103 42.480968 4.337653 307.901277 0.355002 -49.426558 4.665761 319.518862 0.596272 35.681903 0.150885 137.335373 -15.609541
1 -38.203953 0.348051 -88.479321 6.364090 214.740232 0.251410 -11.948200 1.612867 332.091263 0.037722 22.065091 9.493503 304.149002 -15.609541
1 -21.161320 0.556176 -24.686321 5.953522 280.345408 0.113088 -37.446982 7.757512 343.227006 0.684917 42.872679 0.317730 184.066274 -15.609541
1 -34.462287 0.640680 66.436623 3.235154 311.676387 0.698272 -49.992593 1.481717 201.559911 0.745233 15.065823 1.150564 260.836540 -15.609541
1 -32.980138 0.739555 17.549344 6.323316 138.046739 0.322047 -19.778673 5.735110 395.200113 0.626621 38.238058 0.172133 170.557232 -15.609541
1 -25.623769 0.546377 23.624523 5.963491 370.393377 0.107566 -44.041065 5.007051 305.253613 0.526749 34.904541 0.277982 144.495227 -15.609541
1 -31.673950 0.680652 43.992795 6.713095 97.008140 0.372529 6.798170 5.972015 421.187463 0.600047 42.920866 0.049474 156.564186 -15.609541
1 -20.526420 0.750290 -0.527870 4.112399 232.599532 0.395305 -43.683013 5.526788 319.867280 0.712548 43.304048 0.353672 187.784865 -15.609541
1 -8.233707 0.628927 70.012888 3.327006 332.401276 0.795717 -35.826725 1.937187 252.982404 0.798225 6.499412 2.799490 221.630420 -15.609541
1 -22.570105 0.490920 29.764323 6.032801 123.461243 0.262583 -44.533133 7.366987 408.290560 0.759452 40.113085 0.157289 182.564686 -15.938864
1 -19.642078 0.668893 34.094291 3.988179 340.399635 0.308490 -51.614086 4.383993 298.967172 0.576326 37.242491 0.238099 133.047744 -15.938864
1 -21.028295 0.620599 52.509531 5.876052 148.218465 0.211428 -46.215046 8.294184 428.112167 0.776234 43.883993 0.251052 179.970383 -15.938864
1 -21.123845 0.565481 -22.905510 6.314854 259.212805 0.076841 -35.738836 8.354374 362.129315 0.686229 41.830888 0.231178 179.035296 -15.938864
1 -29.332061 0.658220 67.948306 3.509413 293.800750 0.679302 -48.008936 1.387463 210.352996 0.726423 16.726764 1.220077 248.786180 -15.938864
1 -16.809891 0.637757 -88.769080 7.450197 432.271390 0.482046 -9.464812 4.882280 82.152293 0.705979 22.692825 0.196145 171.576746 -15.938864
1 -24.743937 0.484506 25.984629 6.075142 358.558962 0.120675 -43.103415 4.875951 310.087744 0.523510 34.177943 0.279084 144.634612 -15.938864
1 -18.084241 0.779587 -7.984557 5.238358 188.725642 0.277681 -52.927251 4.856773 344.655367 0.667147 30.004726 0.225671 184.692456 -15.938864
1 -28.604367 0.680562 56.710416 8.082045 36.490710 0.198445 -21.849225 8.311943 483.988882 0.722640 35.860999 0.012710 167.430465 -15.938864
1 -8.567174 0.636537 71.061325 3.391324 339.123549 0.773350 -36.274407 2.006059 251.437063 0.794705 6.159201 2.781340 224.440226 -15.938864
1 -20.582887 0.657864 73.131166 3.084240 339.059003 0.778385 -38.239873 1.698249 251.577982 0.760709 1.414215 3.020889 231.454970 -16.322448
1 -18.652209 0.623645 38.757570 3.848605 337.500923 0.275258 -52.823573 4.906577 307.201396 0.580338 32.712159 0.042993 124.407008 -16.322448
1 -22.265064 0.603804 58.856101 6.227027 136.953064 0.227944 -42.452708 8.449001 428.022175 0.788880 42.402018 0.292521 185.479656 -16.322448
1 -18.174616 0.614874 -64.268281 6.928660 322.768403 0.042067 -36.122145 6.788593 241.830739 0.551657 33.349957 0.073025 174.438835 -16.322448
1 -27.053444 0.634528 64.133982 3.511201 322.477720 0.691627 -47.688358 0.910820 188.781828 0.694976 16.046395 1.265894 245.152733 -16.322448
1 -17.014202 0.670961 -84.551581 7.158823 420.129203 0.517756 -12.855099 4.386404 71.501558 0.733362 19.965073 0.093786 176.000781 -16.322448
1 -20.520671 0.481131 36.655549 6.506145 345.040302 0.113797 -45.913869 4.981967 314.084480 0.533311 40.471726 0.101499 137.467512 -16.322448
1 -17.643177 0.787797 -5.261241 5.276414 189.397521 0.280517 -50.794112 4.811357 343.231351 0.653681 29.714165 0.233470 184.721916 -16.322448
1 -20.377998 0.683503 57.826419 8.035269 56.971379 0.145690 -24.036524 8.204199 470.422676 0.735213 38.863813 0.045757 163.492715 -16.322448
1 -10.397632 0.633074 72.898061 3.419253 340.011593 0.770663 -36.514117 2.015857 252.550909 0.792916 5.166880 2.745488 222.367024 -16.322448
1 -15.962081 0.654761 73.457847 3.254731 337.871651 0.769394 -36.757642 1.761275 252.518062 0.757662 1.754300 2.961426 228.006150 -16.813182
1 -18.812772 0.640623 35.012540 3.678474 327.664272 0.281361 -54.170142 4.556816 314.180434 0.561810 30.794644 0.086787 124.611149 -16.813182
1 -21.630343 0.599330 58.579618 6.378493 114.710672 0.168792 -48.484465 8.655104 445.637358 0.779693 43.296419 0.252125 183.149622 -16.813182
1 -18.461003 0.618517 -67.442006 7.144554 315.301674 0.047824 -32.041492 7.045550 240.137343 0.574435 31.761012 0.101837 177.120197 -16.813182
1 -10.203342 0.632348 72.624623 3.444615 340.107783 0.770402 -36.580129 1.994773 252.196910 0.792930 5.263320 2.743408 222.766742 -16.813182
1 -17.004104 0.677097 -85.165313 7.078572 426.671376 0.528409 -13.628127 4.270484 67.387536 0.735438 18.830441 0.221033 179.748096 -16.813182
1 -20.279868 0.481497 34.797170 6.421589 341.194389 0.128739 -54.120023 5.078166 331.961762 0.532804 40.639311 0.168220 135.801200 -16.813182
1 -17.652276 0.794369 -5.540787 5.146561 189.406081 0.268966 -49.102115 4.674141 345.488693 0.638455 31.011470 0.313948 186.076751 -16.813182
1 -24.351694 0.694431 60.974480 7.980739 35.077889 0.106728 -27.201906 8.367242 494.301235 0.721118 39.911986 0.055704 165.488408 -16.813182
1 -14.037620 0.646836 73.676954 3.224247 335.881263 0.766845 -34.029788 1.752583 249.842121 0.772810 3.399967 2.633576 220.443638 -16.813182
1 -22.745774 0.669953 71.186957 7.780771 26.182817 0.133985 -25.892303 8.074839 499.180522 0.743175 44.284429 0.098761 161.498543 -17.546975
1 -18.413776 0.650019 39.099299 3.724293 306.783007 0.253547 -53.765463 4.670909 333.085395 0.559853 32.167566 0.045510 124.689393 -17.546975
1 -11.690065 0.743489 63.982512 5.618801 183.167010 0.129450 -81.390558 0.889372 252.868718 0.740594 40.230436 0.883358 178.408084 -17.546975
1 -20.116481 0.501687 -82.855575 7.723034 335.060554 0.129214 -13.245549 6.891515 230.970328 0.584409 28.945262 0.281623 185.311039 -17.546975
1 -12.663385 0.720379 63.094914 5.571731 180.848321 0.139230 -83.036320 0.808889 250.121193 0.732037 39.760962 0.802700 179.679107 -17.546975
1 -16.817016 0.661320 -84.514301 6.955788 433.241774 0.547833 -15.599501 4.184871 67.406845 0.743018 18.890147 0.273693 180.192694 -17.546975
1 -11.705748 0.616709 72.348409 3.394968 340.665777 0.781422 -38.506976 1.729643 244.580031 0.790506 4.675149 2.743133 224.522915 -17.546975
1 -19.272428 0.032477 -13.562752 4.210993 270.522048 0.396450 -60.016824 5.085006 254.480282 0.592413 29.566052 0.189585 174.839120 -17.546975
1 -22.637655 0.703656 60.694294 7.896000 28.303036 0.096073 -25.598136 8.012042 487.061063 0.701416 42.706345 0.086176 162.025917 -17.546975
1 -10.142287 0.635439 71.603695 3.515112 338.642230 0.705253 -34.631577 2.318101 271.889232 0.777381 8.403941 2.697423 205.164568 -17.546975
1 -23.058681 0.562577 58.355275 7.873798 28.704012 0.138335 -42.680317 5.965773 413.915497 0.766941 42.675258 0.297274 178.509293 -18.212604
1 -18.691203 0.612310 35.132026 3.511071 321.410756 0.272545 -54.224881 4.705131 322.065471 0.569006 30.909739 0.205015 128.628275 -18.212604
1 -13.665819 0.798080 72.247907 5.181139 179.986640 0.113242 -74.536741 0.732149 259.788121 0.734794 39.067151 0.949460 185.319980 -18.212604
1 -21.153903 0.671370 73.516646 7.165226 36.177896 0.133801 -32.050658 6.665573 456.009137 0.771931 40.608318 0.189695 166.169501 -18.212604
1 -12.840037 0.696757 63.777867 5.720470 179.865448 0.169118 -78.379450 0.806574 255.139612 0.748402 34.260343 0.834916 166.354102 -18.212604
1 -16.880075 0.658468 -85.871229 6.833198 440.313810 0.578351 -13.203694 4.260945 66.668636 0.745981 17.136394 0.414321 182.842450 -18.212604
1 -10.330112 0.620402 70.244040 3.437561 340.425617 0.777317 -39.874841 1.668935 237.662082 0.790459 3.121008 2.665854 227.831638 -18.212604
1 -18.890895 0.018174 -29.442261 3.976287 318.911191 0.449587 -58.504156 4.891422 217.202957 0.581391 26.335316 0.196852 173.460628 -18.212604
1 -25.383823 0.665625 59.771948 7.446917 53.108731 0.151991 -24.204780 8.150293 477.876056 0.685627 39.851706 0.168478 171.220081 -18.212604
1 -10.067056 0.629351 71.460446 3.590838 337.935399 0.709035 -33.616323 2.381497 275.472961 0.772423 8.158049 2.684240 204.989770 -18.212604
1 -6.888892 0.599606 67.982827 3.437994 344.473967 0.794022 -40.253654 1.907539 235.220743 0.791368 5.528308 2.600317 228.494605 -18.885264
1 -18.984101 0.627511 34.426444 3.448871 301.248582 0.275130 -55.339326 4.434453 318.677922 0.561105 30.633971 0.147186 136.383119 -18.885264
1 -11.298968 0.781780 70.919903 5.093044 171.891183 0.116977 -73.138686 0.966352 260.843410 0.738834 39.833291 0.930977 176.443398 -18.885264
1 -22.088418 0.617874 66.066055 7.352294 66.904648 0.142224 -30.486173 7.018737 437.648839 0.766492 42.723294 0.094018 167.272092 -18.885264
1 -12.645427 0.696466 62.577926 5.615294 183.652117 0.179274 -78.728729 0.935183 252.796487 0.745200 33.528218 0.671039 166.806000 -18.885264
1 -17.122402 0.664808 -86.048577 6.673521 439.123126 0.578878 -12.349364 4.247319 65.053933 0.742746 12.463380 0.347410 182.514886 -18.885264
1 -9.295635 0.616464 70.363079 3.513736 334.156299 0.773602 -38.037841 2.173836 250.432662 0.784797 5.712703 2.556325 228.071074 -18.885264
1 -6.176566 0.044895 -39.564685 4.116375 355.854345 0.490282 -59.642684 4.703503 217.005254 0.612360 24.022025 0.323657 169.047022 -18.885264
1 -23.261300 0.686260 56.588720 7.671523 60.215847 0.120710 -18.158385 8.126466 494.290081 0.672335 41.055021 0.043800 153.927023 -18.885264
1 -9.887927 0.627519 72.479974 3.611894 340.992644 0.706327 -33.305442 2.336242 273.595681 0.753790 8.194100 2.756060 202.604855 -18.885264
1 -8.739493 0.604192 70.070887 3.551210 338.118098 0.783867 -40.783070 1.792013 236.300254 0.792385 4.746511 2.564583 231.027524 -19.409815
1 -19.592986 0.631377 28.401523 3.233490 329.612112 0.312929 -57.031530 4.219992 301.470174 0.562974 29.016253 0.319229 136.767031 -19.409815
1 -10.816791 0.752736 71.644103 4.955981 175.026212 0.153737 -70.796596 0.891762 255.615181 0.748532 38.810228 1.068144 182.853985 -19.409815
1 -22.320479 0.554434 65.151938 7.218482 72.232490 0.164794 -35.288987 7.127656 438.648102 0.754501 41.545590 0.052628 168.976259 -19.409815
1 -12.817872 0.739281 66.395542 5.664606 188.490860 0.183098 -78.099637 0.758556 251.151724 0.733569 33.451587 0.797973 166.613243 -19.409815
1 -17.271278 0.666771 -86.170700 6.726050 436.795127 0.570350 -13.022946 4.245002 65.625366 0.741938 12.671456 0.309876 181.501535 -19.409815
1 -9.017092 0.620878 70.433807 3.455461 333.297268 0.761376 -39.097896 2.066393 248.115089 0.782199 6.550746 2.543174 227.302690 -19.409815
1 -6.176593 0.044895 -39.564666 4.116377 355.853283 0.490279 -59.642914 4.703497 217.005166 0.612360 24.022094 0.323649 169.047094 -19.409815
1 -10.487682 0.611526 71.186145 3.550745 349.448509 0.743759 -33.188839 2.256017 269.096244 0.766808 7.797635 2.875050 206.687767 -19.409815
1 -10.692768 0.738671 71.227315 4.762868 176.031967 0.156601 -70.884253 1.140391 267.896777 0.735064 40.266808 0.871337 171.940949 -19.409815
1 -8.010723 0.602273 69.445191 3.603518 342.788778 0.782317 -40.358868 1.722379 229.965138 0.783672 3.223593 2.540439 229.402539 -19.883719
1 -20.033942 0.622992 26.343646 3.325818 330.148057 0.371236 -53.057318 4.145290 279.257717 0.565339 30.590158 0.378427 149.741153 -19.883719
1 -11.571226 0.772101 72.142567 4.471154 169.953702 0.150721 -74.045473 0.783158 257.090199 0.764894 40.263534 0.941262 181.452915 -19.883719
1 -8.274017 0.633272 70.962095 3.434787 331.577533 0.749554 -39.376699 2.126908 249.139029 0.779956 6.106387 2.568161 228.819679 -19.883719
1 -11.036675 0.731226 61.575736 5.633117 195.964277 0.203000 -76.196760 0.890081 252.585910 0.723201 35.830126 0.680073 162.424295 -19.883719
1 -17.290920 0.680461 -86.958779 6.916335 415.277273 0.489802 -17.784962 4.125873 66.725446 0.735831 16.985556 0.059495 175.373347 -19.883719
1 -10.466576 0.633531 70.792251 3.360788 330.947710 0.775868 -38.138647 2.152355 253.002227 0.779500 5.538103 2.600771 231.844934 -19.883719
1 -6.176596 0.044895 -39.564554 4.116377 355.852829 0.490278 -59.643007 4.703493 217.005258 0.612360 24.022156 0.323646 169.047092 -19.883719
1 -7.901949 0.628962 72.038971 3.612339 332.419310 0.702243 -35.115405 2.224876 269.911714 0.770025 12.741303 2.796185 207.036695 -19.883719
1 -11.034047 0.747285 77.073595 5.272579 175.230525 0.103147 -72.477867 0.906010 282.009616 0.754242 43.342794 0.618314 153.499351 -19.883719
1 -10.146579 0.597246 69.380594 3.544881 342.287102 0.777304 -40.583692 1.820140 231.396319 0.781455 1.179938 2.515695 237.338274 -20.349632
1 -17.856196 0.617848 27.602944 3.373594 318.209096 0.325826 -61.019304 4.086045 285.344800 0.563787 32.433124 0.234272 141.778549 -20.349632
1 -13.000104 0.012405 75.550463 4.424087 169.369195 0.144921 -73.087468 0.811145 258.455792 0.762134 40.529894 0.903829 179.523135 -20.349632
1 -7.175724 0.636390 69.614095 3.465920 328.504376 0.734007 -40.411333 2.041405 247.049886 0.785792 7.207549 2.449747 224.148891 -20.349632
1 -12.998832 0.712328 62.894692 5.732425 185.313742 0.167301 -78.710308 0.852785 260.162000 0.721792 38.391106 0.597609 156.861779 -20.349632
1 -17.171062 0.674444 -86.253321 6.905371 413.521767 0.473078 -17.231721 4.291006 78.082738 0.728656 19.656195 0.154817 177.693922 -20.349632
1 -6.752568 0.622706 69.416810 3.573424 330.547913 0.703204 -40.554948 2.258868 253.222330 0.777571 7.522571 2.480750 220.963462 -20.349632
1 -6.176600 0.044895 -39.564750 4.116390 355.853091 0.490277 -59.642984 4.703489 217.005273 0.612360 24.022134 0.323639 169.046759 -20.349632
1 -12.938077 0.638629 77.334708 3.420998 333.959206 0.743572 -33.997513 2.079068 269.119072 0.788361 10.708190 2.886766 215.215341 -20.349632
1 -13.488910 0.739467 76.653294 5.350338 181.380118 0.132420 -74.961714 0.797368 269.570935 0.766574 39.811172 0.463774 160.198076 -20.349632
1 -11.062738 0.596196 71.129739 3.601154 340.623607 0.796798 -39.517076 1.749276 229.682237 0.790402 0.773282 2.600559 240.209634 -20.890101
1 -19.360081 0.649881 31.422176 3.302276 322.092074 0.349056 -58.137813 4.026509 279.675012 0.566348 30.248753 0.371985 145.980983 -20.890101
1 -7.160789 0.754979 68.599949 4.339799 175.839265 0.159885 -74.599102 0.964831 251.918417 0.752914 39.138263 0.777286 182.463546 -20.890101
1 -9.948458 0.622801 72.006066 3.450691 331.655055 0.770546 -39.717526 1.800582 240.172577 0.794706 4.694639 2.553309 232.566582 -20.890101
1 -11.173127 0.711073 62.465350 5.691672 202.076259 0.215080 -76.142513 0.952128 254.736029 0.724603 35.992879 0.623466 162.430313 -20.890101
1 -16.603230 0.720411 -82.459215 7.093646 389.262737 0.402946 -19.122174 4.011452 80.423881 0.736181 25.522897 0.056411 174.972602 -20.890101
1 -5.809153 0.627618 68.522794 3.554962 331.011440 0.694885 -40.505364 2.352209 256.403185 0.772203 8.502833 2.440984 217.440609 -20.890101
1 -6.176590 0.044895 -39.564781 4.116387 355.853081 0.490276 -59.643133 4.703487 217.004868 0.612359 24.022086 0.323632 169.046379 -20.890101
1 -8.080919 0.746072 66.032347 4.413038 167.105383 0.162671 -80.849935 0.763871 229.655885 0.760871 35.626584 0.381137 197.687976 -20.890101
1 -6.176407 0.044896 -39.561974 4.116337 355.850097 0.490274 -59.643563 4.703435 217.008052 0.612358 24.023509 0.323662 169.046152 -20.890101
1 -10.963246 0.597531 71.441744 3.561662 340.208083 0.796392 -39.598332 1.742784 227.937062 0.791687 0.421978 2.615478 242.303505 -21.289843
1 -18.386389 0.686340 35.494910 3.500548 307.815370 0.280876 -63.182477 3.635306 278.036217 0.558186 33.735939 0.070849 136.063807 -21.289843
1 -12.157289 0.784711 67.917047 4.660898 167.261110 0.112146 -75.954244 0.812885 252.504661 0.731286 40.310917 0.393747 174.945367 -21.289843
1 -7.918236 0.625171 68.975771 3.466849 340.710791 0.774105 -38.880380 1.948308 242.017831 0.792303 5.106292 2.569716 226.029635 -21.289843
1 -4.698554 0.767879 65.953344 6.220687 187.230782 0.193326 -81.075901 1.132827 267.158963 0.708970 37.901908 0.229699 156.359562 -21.289843
1 -6.176399 0.044896 -39.562021 4.116340 355.849971 0.490273 -59.643569 4.703437 217.008154 0.612357 24.023573 0.323658 169.045947 -21.289843
1 -4.857612 0.630283 68.340208 3.605325 329.859239 0.682082 -40.970717 2.367289 255.659376 0.772343 9.636240 2.414406 215.929197 -21.289843
1 -6.297766 0.734467 62.812056 5.251166 199.329100 0.173129 -77.955259 1.003885 256.808709 0.741369 37.800794 0.643184 166.531310 -21.289843
1 -7.509679 0.734254 64.140926 4.476633 161.454634 0.172772 -81.657196 0.749202 227.624517 0.751465 36.723485 0.395784 197.543868 -21.289843
1 -6.045338 0.732347 62.498374 5.249284 199.904100 0.174084 -77.888392 1.015671 256.760454 0.740963 37.762305 0.643012 166.464659 -21.289843
1 -10.663873 0.602755 70.425035 3.731928 348.713212 0.797653 -39.843986 1.751464 230.628381 0.790398 0.237901 2.622276 237.335664 -21.685056
1 -19.271933 0.650851 33.737822 3.958282 323.438014 0.332736 -65.399429 3.740996 271.353500 0.558834 28.278998 0.002695 135.450482 -21.685056
1 -7.966642 0.760636 63.066245 4.825609 168.104977 0.121647 -77.335997 0.907878 251.678215 0.731862 40.474855 0.265816 168.910201 -21.685056
1 -5.923657 0.624997 66.841467 3.422574 334.599204 0.749903 -41.043453 2.120148 247.077865 0.778440 8.672734 2.376280 220.307662 -21.685056
1 -3.727606 0.761771 66.981105 6.313176 172.572360 0.228503 -78.792226 1.191048 270.954479 0.694478 39.047378 0.326419 156.022889 -21.685056
1 -6.176384 0.044896 -39.561907 4.116352 355.848802 0.490271 -59.643460 4.703438 217.008068 0.612357 24.023916 0.323640 169.045515 -21.685056
1 -4.941692 0.626908 68.413625 3.556702 331.874220 0.691409 -40.744856 2.363289 254.254716 0.775488 9.079371 2.459165 217.913390 -21.685056
1 -7.962777 0.741316 63.834266 5.276218 194.025549 0.172490 -78.768014 0.907823 255.367686 0.746551 37.686031 0.658956 167.424034 -21.685056
1 -8.137750 0.739658 67.724914 4.449344 152.366491 0.153301 -84.382689 0.714218 227.661287 0.760791 36.906866 0.487298 201.737789 -21.685056
1 -5.801365 0.729309 62.833698 5.223091 200.880226 0.186298 -76.937206 0.993515 255.400880 0.745080 36.940499 0.682788 167.801439 -21.685056
1 -9.895251 0.602185 68.793015 3.756887 347.686985 0.789301 -40.205086 1.780188 230.496149 0.791139 0.323760 2.617546 235.287182 -22.011652
1 -4.577348 0.639584 65.972794 3.365643 334.410750 0.737549 -42.795258 1.967889 240.894158 0.776765 11.655509 2.256569 217.610012 -22.011652
1 -8.743450 0.762887 63.846551 4.681400 162.488598 0.109219 -77.867336 0.850373 248.467599 0.736294 40.858305 0.263199 171.974361 -22.011652
1 -5.191374 0.631598 67.075712 3.349186 325.759573 0.721647 -42.176510 2.070257 245.790770 0.780895 9.619627 2.339236 219.972077 -22.011652
1 -3.215927 0.745278 59.237514 6.302054 204.757355 0.247427 -79.771392 1.286984 272.460525 0.701482 36.610282 0.360216 155.084122 -22.011652
1 -6.176369 0.044896 -39.561958 4.116355 355.849052 0.490273 -59.643549 4.703434 217.008377 0.612356 24.023868 0.323637 169.045176 -22.011652
1 -7.056346 0.624263 70.468523 3.300412 318.265980 0.680545 -41.543065 2.241855 246.442124 0.784249 7.439417 2.541562 230.280794 -22.011652
1 -5.844658 0.734666 63.871174 5.162949 200.161018 0.209404 -77.975382 0.942567 253.959149 0.750170 36.760273 0.743690 170.535833 -22.011652
1 -7.666834 0.747275 68.054550 4.051604 143.981477 0.148709 -82.564507 0.721597 225.340583 0.762991 38.152379 0.506839 204.949576 -22.011652
1 -4.204632 0.730027 64.494994 5.606130 207.151226 0.207049 -77.011106 1.104645 260.802438 0.727110 37.112518 0.542350 163.434603 -22.011652
1 -13.967256 0.622628 79.018261 3.304455 352.089360 0.779176 -47.179878 1.768033 232.778246 0.784634 12.841558 2.808103 235.666670 -22.355753
1 -5.335200 0.641766 67.842321 3.159936 329.154906 0.734045 -41.677853 1.979652 239.975772 0.782147 11.224034 2.375831 219.333440 -22.355753
1 -3.735914 0.757823 54.485886 7.046780 234.802849 0.245722 -79.670297 1.363812 284.763711 0.686290 38.781356 0.123185 139.092373 -22.355753
1 -6.093556 0.621471 70.242158 2.737802 312.249044 0.717731 -40.329379 1.992594 237.038476 0.798180 7.678742 2.507504 232.121522 -22.355753
1 -2.938841 0.741938 59.059490 6.807875 221.653041 0.261882 -80.364020 1.294018 278.377856 0.683567 38.974768 0.270711 144.978587 -22.355753
1 -6.180217 0.044736 -39.582295 4.117752 355.787225 0.490292 -59.681666 4.703607 216.993364 0.612395 24.029992 0.322421 168.871490 -22.355753
1 -4.857309 0.728021 58.151927 6.354899 264.807887 0.363911 -77.709594 0.773207 253.750292 0.690012 39.715867 0.094730 138.389342 -22.355753
1 -6.093690 0.738147 65.679467 5.161812 191.941437 0.186863 -79.015892 0.974314 256.147751 0.750146 37.921714 0.792419 172.540024 -22.355753
1 -5.369775 0.730542 63.234262 4.729205 136.601448 0.228162 -83.240479 0.893959 238.495826 0.732842 39.310581 0.419533 193.535557 -22.355753
1 -5.932858 0.762388 62.936312 5.628740 195.984040 0.201018 -73.005732 0.904671 249.960691 0.735982 38.847365 0.861582 176.541612 -22.355753
1 -4.049576 0.751242 51.539328 5.898965 160.856590 0.265441 -78.647870 1.161214 266.560185 0.692124 40.180897 0.353172 165.322373 -22.551025
1 -2.373236 0.607632 64.164609 3.159737 327.380210 0.785938 -44.138271 1.852577 230.612693 0.778714 15.061669 2.752678 233.942917 -22.551025
1 -3.174280 0.745125 58.402622 6.452735 230.958454 0.255634 -78.705307 1.362066 278.462566 0.705044 37.035944 0.246907 148.543946 -22.551025
1 -6.351120 0.615657 69.299846 2.704715 309.948081 0.706068 -40.770652 2.040647 236.406161 0.797612 7.984598 2.491692 232.927985 -22.551025
1 -3.147620 0.752325 58.657731 6.572866 206.129366 0.243867 -79.718039 1.377879 279.616871 0.695675 38.076339 0.324593 153.993751 -22.551025
1 -6.180641 0.048107 -39.540456 4.161398 352.788254 0.476855 -60.450440 4.682414 217.482154 0.611625 24.621270 0.272224 167.442391 -22.551025
1 -2.437010 0.681890 55.206737 5.833398 251.891078 0.408566 -74.151213 0.990960 245.354916 0.709067 39.221223 0.258468 152.415674 -22.551025
1 -4.029147 0.733927 65.924167 4.755178 220.794611 0.281465 -73.609004 0.877099 244.763440 0.753442 38.858598 0.768078 175.627096 -22.551025
1 -4.209992 0.731562 65.837644 4.708416 129.917731 0.259759 -80.498487 1.002791 244.212196 0.741206 39.069260 0.512959 194.836364 -22.551025
1 -2.562427 0.720230 65.458640 5.874418 232.275127 0.366819 -73.055494 1.011987 252.035815 0.704233 37.587398 0.504388 161.252362 -22.551025
1 -5.603760 0.793366 51.573105 6.459066 145.109763 0.233397 87.812679 1.046436 271.047103 0.684827 40.920274 0.281423 156.128245 -22.745947
1 -2.573021 0.618919 66.016968 2.849454 309.270041 0.773736 -43.450386 1.716569 232.394669 0.794664 18.140418 2.946018 239.231088 -22.745947
1 -4.896745 0.746598 49.183306 4.928158 160.553177 0.237057 -72.053046 1.113867 258.379975 0.725059 38.861995 0.428705 173.157547 -22.745947
1 -4.677662 0.599830 75.852931 2.282269 298.741164 0.772075 -37.731625 1.963057 221.170291 0.772663 8.834887 2.532744 241.454762 -22.745947
1 -2.346953 0.736959 63.905981 7.018621 256.982744 0.280069 -80.345643 1.374074 275.554939 0.690080 34.182313 0.307163 147.784714 -22.745947
1 -6.180611 0.048116 -39.541976 4.161565 352.778177 0.476819 -60.453073 4.682370 217.484341 0.611620 24.623077 0.272059 167.438033 -22.745947
1 -2.648134 0.666939 48.319301 6.005320 262.965960 0.408472 -72.785220 1.084096 252.046456 0.695593 40.763283 0.346744 154.545296 -22.745947
1 -3.581000 0.723712 61.744843 4.995759 245.407915 0.322739 -62.473525 1.016496 247.554610 0.722659 35.871438 0.810659 167.830584 -22.745947
1 -4.469063 0.741772 74.357143 4.453538 123.805475 0.258633 -78.240960 0.879605 243.733950 0.754759 39.944126 0.460262 186.357537 -22.745947
1 -2.162683 0.705027 64.504815 6.315196 246.662991 0.391848 -72.837038 1.158617 257.721314 0.687417 36.600772 0.449374 157.943573 -22.745947
