#REFERENCE 0 87.3042530 -62.0775650
3.6 87.3049535 -62.0764557 0.065254 0.003631 57.94212 4.5000 3.35 
3.3 87.3049454 -62.0764546 0.097787 0.007669 55.62641 4.5000 2.19 
3.3 87.3044500 -62.0769701 0.154653 0.038640 5.47583 4.5000 -0.07 
3.3 87.3033174 -62.0764080 0.160186 0.057417 89.90061 4.5000 -0.53 
3.3 87.3031287 -62.0764492 0.091047 0.060701 50.04153 4.5000 0.02 
3.3 87.3046222 -62.0769327 0.075033 0.074997 130.06978 4.5000 -0.00 
3.4 87.3049533 -62.0764586 0.102541 0.004924 61.14676 4.5000 2.62 
3.4 87.3033031 -62.0764189 0.184119 0.045485 66.86952 4.5000 -0.43 
3.4 87.3031488 -62.0764497 0.126282 0.039862 95.15608 4.5000 0.12 
3.5 87.3049541 -62.0764599 0.036350 0.008001 59.06576 4.5000 3.07 
3.5 87.3031439 -62.0764525 0.072592 0.037144 144.96001 4.5000 0.65 
3.5 87.3033102 -62.0764207 0.070011 0.069992 163.12011 4.5000 -0.00 
